 # rho, F_z,dF_z, z(rho), E2 (=>sigma2=e0^2*E2), Er, Ez, Ui,j , Ui+1,j , Ui,j-1
    2.50000E-01    8.66735E-05    8.66735E-05    0.00000E+00    6.93388E-04    6.65214E-03   -2.54782E-02    9.83935E-01    9.80609E-01    9.71196E-01
    7.40216E-01    2.48754E-04    1.62080E-04    5.00000E-01    4.55765E-04    2.44342E-03   -2.12084E-02    9.91213E-01    9.90039E-01    9.80609E-01
    1.22396E+00    5.03949E-04    2.55196E-04    5.00000E-01    4.28077E-04    7.42416E-04   -2.06767E-02    9.90039E-01    9.89677E-01    9.79701E-01
    1.71438E+00    8.70731E-04    3.66782E-04    5.00000E-01    4.33276E-04    3.65124E-04   -2.08121E-02    9.89677E-01    9.89497E-01    9.79271E-01
    2.21157E+00    1.35967E-03    4.88935E-04    5.00000E-01    4.41633E-04    2.75426E-04   -2.10133E-02    9.89497E-01    9.89359E-01    9.78991E-01
    2.71562E+00    1.98096E-03    6.21294E-04    5.00000E-01    4.50804E-04    2.76144E-04   -2.12303E-02    9.89359E-01    9.89219E-01    9.78744E-01
    3.22663E+00    2.74681E-03    7.65847E-04    5.00000E-01    4.61318E-04    3.20692E-04   -2.14759E-02    9.89219E-01    9.89054E-01    9.78481E-01
    3.74469E+00    3.67283E-03    9.26018E-04    5.00000E-01    4.74088E-04    4.03472E-04   -2.17698E-02    9.89054E-01    9.88844E-01    9.78169E-01
    4.26990E+00    4.77979E-03    1.10697E-03    5.00000E-01    4.90254E-04    5.41640E-04   -2.21350E-02    9.88844E-01    9.88557E-01    9.77776E-01
    4.80235E+00    6.09632E-03    1.31652E-03    5.00000E-01    5.11358E-04    7.88198E-04   -2.25995E-02    9.88557E-01    9.88135E-01    9.77258E-01
    5.34216E+00    7.66275E-03    1.56643E-03    5.00000E-01    5.39501E-04    1.29504E-03   -2.31910E-02    9.88135E-01    9.87431E-01    9.76539E-01
    5.88941E+00    9.53555E-03    1.87280E-03    5.00000E-01    5.77121E-04    2.55333E-03   -2.38873E-02    9.87431E-01    9.86024E-01    9.75487E-01
    6.44421E+00    1.18113E-02    2.27576E-03    5.00000E-01    6.32193E-04    6.39515E-03   -2.43166E-02    9.86024E-01    9.82452E-01    9.73866E-01
    7.00668E+00    1.36390E-02    1.82768E-03    9.80431E-01    4.60606E-04    4.45354E-03   -2.09946E-02    9.92949E-01    9.90427E-01    9.82452E-01
    7.57690E+00    1.56242E-02    1.98521E-03    9.80431E-01    4.56356E-04    2.66023E-03   -2.11962E-02    9.90427E-01    9.88899E-01    9.79829E-01
    8.15499E+00    1.80694E-02    2.44523E-03    9.80431E-01    5.15148E-04    3.21337E-03   -2.24683E-02    9.88899E-01    9.87029E-01    9.77665E-01
    8.74106E+00    2.11819E-02    3.11247E-03    9.80431E-01    6.03428E-04    7.11155E-03   -2.35129E-02    9.87029E-01    9.82833E-01    9.75273E-01
    9.33522E+00    2.36580E-02    2.47607E-03    1.46749E+00    4.43374E-04    4.75934E-03   -2.05115E-02    9.92687E-01    9.89840E-01    9.82833E-01
    9.93758E+00    2.64886E-02    2.83062E-03    1.46749E+00    4.69657E-04    3.89102E-03   -2.13194E-02    9.89840E-01    9.87480E-01    9.79597E-01
    1.05482E+01    3.02038E-02    3.71524E-03    1.46749E+00    5.72841E-04    7.45695E-03   -2.27428E-02    9.87480E-01    9.82895E-01    9.76554E-01
    1.11673E+01    3.31492E-02    2.94541E-03    1.96127E+00    4.23128E-04    4.77461E-03   -2.00083E-02    9.92640E-01    9.89664E-01    9.82895E-01
    1.17950E+01    3.66319E-02    3.48270E-03    1.96127E+00    4.67242E-04    4.15688E-03   -2.12123E-02    9.89664E-01    9.87037E-01    9.79332E-01
    1.24313E+01    4.13729E-02    4.74096E-03    1.96127E+00    5.95280E-04    8.29311E-03   -2.29457E-02    9.87037E-01    9.81724E-01    9.75861E-01
    1.30764E+01    4.53059E-02    3.93299E-03    2.46187E+00    4.63079E-04    6.13365E-03   -2.06266E-02    9.91909E-01    9.87925E-01    9.81724E-01
    1.37304E+01    5.03391E-02    5.03320E-03    2.46187E+00    5.56710E-04    8.82788E-03   -2.18810E-02    9.87925E-01    9.82113E-01    9.77121E-01
    1.43934E+01    5.44647E-02    4.12557E-03    2.96938E+00    4.29374E-04    6.16106E-03   -1.97842E-02    9.92016E-01    9.87904E-01    9.82113E-01
    1.50655E+01    6.00072E-02    5.54255E-03    2.96938E+00    5.43610E-04    9.07346E-03   -2.14775E-02    9.87904E-01    9.81763E-01    9.77152E-01
    1.57470E+01    6.46771E-02    4.66988E-03    3.48388E+00    4.32234E-04    6.49536E-03   -1.97495E-02    9.91786E-01    9.87329E-01    9.81763E-01
    1.64378E+01    7.12520E-02    6.57489E-03    3.48388E+00    5.75045E-04    1.02843E-02   -2.16628E-02    9.87329E-01    9.80176E-01    9.76335E-01
    1.71382E+01    7.74747E-02    6.22271E-03    4.00549E+00    5.14896E-04    1.06384E-02   -2.00430E-02    9.90488E-01    9.82986E-01    9.80176E-01
    1.78482E+01    8.20116E-02    4.53688E-03    4.53430E+00    3.55562E-04    6.49447E-03   -1.77027E-02    9.92220E-01    9.87577E-01    9.82986E-01
    1.85680E+01    8.91240E-02    7.11244E-03    4.53430E+00    5.28509E-04    1.03882E-02   -2.05084E-02    9.87577E-01    9.80048E-01    9.76880E-01
    1.92978E+01    9.61438E-02    7.01977E-03    5.07040E+00    4.95066E-04    1.07454E-02   -1.94834E-02    9.90351E-01    9.82456E-01    9.80048E-01
    2.00377E+01    1.01471E-01    5.32728E-03    5.61391E+00    3.56906E-04    6.75598E-03   -1.76426E-02    9.91914E-01    9.86882E-01    9.82456E-01
    2.07877E+01    1.10224E-01    8.75297E-03    5.61391E+00    5.57561E-04    1.13292E-02   -2.07174E-02    9.86882E-01    9.78326E-01    9.75775E-01
    2.15481E+01    1.19614E-01    9.39004E-03    6.16491E+00    5.69180E-04    1.28123E-02   -2.01252E-02    9.89264E-01    9.79455E-01    9.78326E-01
    2.23190E+01    1.28425E-01    8.81045E-03    6.72352E+00    5.08584E-04    1.27549E-02   -1.85983E-02    9.89702E-01    9.79802E-01    9.79455E-01
    2.31005E+01    1.37209E-01    8.78478E-03    7.28983E+00    4.83276E-04    1.27036E-02   -1.79414E-02    9.89824E-01    9.79828E-01    9.79802E-01
    2.38929E+01    1.46221E-01    9.01193E-03    7.86396E+00    4.72807E-04    1.27594E-02   -1.76069E-02    9.89799E-01    9.79620E-01    9.79828E-01
    2.46961E+01    1.55690E-01    9.46850E-03    8.44602E+00    4.74061E-04    1.29978E-02   -1.74676E-02    9.89649E-01    9.79137E-01    9.79620E-01
    2.55104E+01    1.65982E-01    1.02925E-02    9.03610E+00    4.92077E-04    1.36404E-02   -1.74933E-02    9.89319E-01    9.78135E-01    9.79137E-01
    2.63360E+01    1.78210E-01    1.22273E-02    9.63433E+00    5.58545E-04    1.57602E-02   -1.76114E-02    9.88527E-01    9.75427E-01    9.78135E-01
    2.71730E+01    1.85143E-01    6.93360E-03    1.08557E+01    3.02793E-04    1.26940E-02   -1.19019E-02    9.91467E-01    9.80770E-01    9.84249E-01
    2.80215E+01    1.94672E-01    9.52868E-03    1.14790E+01    3.98029E-04    1.32386E-02   -1.49254E-02    9.89947E-01    9.78637E-01    9.80770E-01
    2.88817E+01    2.07187E-01    1.25153E-02    1.21110E+01    5.00307E-04    1.55817E-02   -1.60474E-02    9.88640E-01    9.75144E-01    9.78637E-01
    2.97538E+01    2.15105E-01    7.91752E-03    1.34011E+01    3.03050E-04    1.32186E-02   -1.13277E-02    9.91103E-01    9.79496E-01    9.83846E-01
    3.06380E+01    2.27320E-01    1.22156E-02    1.40596E+01    4.47889E-04    1.53980E-02   -1.45186E-02    9.88926E-01    9.75219E-01    9.79496E-01
    3.15343E+01    2.35721E-01    8.40117E-03    1.54039E+01    2.95203E-04    1.33633E-02   -1.07993E-02    9.90948E-01    9.78888E-01    9.83739E-01
    3.24430E+01    2.49302E-01    1.35810E-02    1.60900E+01    4.57531E-04    1.60459E-02   -1.41443E-02    9.88460E-01    9.73779E-01    9.78888E-01
    3.33642E+01    2.60707E-01    1.14045E-02    1.74908E+01    3.68514E-04    1.59568E-02   -1.06722E-02    9.89780E-01    9.74979E-01    9.82357E-01
    3.42982E+01    2.71949E-01    1.12420E-02    1.89304E+01    3.48562E-04    1.58495E-02   -9.86685E-03    9.89933E-01    9.75029E-01    9.82879E-01
    3.52451E+01    2.84156E-01    1.22073E-02    2.04101E+01    3.63308E-04    1.65552E-02   -9.44638E-03    9.89624E-01    9.73841E-01    9.82683E-01
    3.62050E+01    2.93453E-01    9.29703E-03    2.27071E+01    2.65692E-04    1.46664E-02   -7.11251E-03    9.91069E-01    9.76894E-01    9.85624E-01
    3.71781E+01    3.04929E-01    1.14754E-02    2.42917E+01    3.15013E-04    1.58277E-02   -8.03095E-03    9.89944E-01    9.74436E-01    9.83625E-01
    3.81647E+01    3.15552E-01    1.06239E-02    2.67516E+01    2.80235E-04    1.54811E-02   -6.36943E-03    9.90538E-01    9.75160E-01    9.85316E-01
    3.91649E+01    3.24282E-01    8.72921E-03    3.01929E+01    2.21321E-04    1.40362E-02   -4.93006E-03    9.91424E-01    9.77289E-01    9.87154E-01
    4.01789E+01    3.32024E-01    7.74259E-03    3.38280E+01    1.88747E-04    1.30515E-02   -4.29029E-03    9.91783E-01    9.78458E-01    9.87858E-01
    4.12069E+01    3.39046E-01    7.02132E-03    3.76680E+01    1.64623E-04    1.22512E-02   -3.81179E-03    9.92025E-01    9.79344E-01    9.88341E-01
    4.22491E+01    3.45441E-01    6.39570E-03    4.17244E+01    1.44264E-04    1.15169E-02   -3.40963E-03    9.92238E-01    9.80153E-01    9.88757E-01
    4.33057E+01    3.51098E-01    5.65704E-03    4.60094E+01    1.22795E-04    1.06499E-02   -3.06179E-03    9.92538E-01    9.81208E-01    9.89236E-01
    4.43768E+01    3.57152E-01    6.05338E-03    4.93809E+01    1.26481E-04    1.07882E-02   -3.17744E-03    9.92136E-01    9.80502E-01    9.88566E-01
    4.54628E+01    3.62286E-01    5.13442E-03    5.40974E+01    1.03292E-04    9.81987E-03   -2.61957E-03    9.92677E-01    9.81940E-01    9.89567E-01
    4.65637E+01    3.67530E-01    5.24408E-03    5.78084E+01    1.01602E-04    9.71255E-03   -2.69594E-03    9.92456E-01    9.81690E-01    9.89121E-01
    4.76798E+01    3.72722E-01    5.19167E-03    6.16751E+01    9.68947E-05    9.50197E-03   -2.57046E-03    9.92416E-01    9.81738E-01    9.89103E-01
    4.88113E+01    3.77813E-01    5.09130E-03    6.57041E+01    9.15553E-05    9.25675E-03   -2.42236E-03    9.92420E-01    9.81874E-01    9.89167E-01
    4.99584E+01    3.82782E-01    4.96842E-03    6.99023E+01    8.61057E-05    8.99666E-03   -2.27285E-03    9.92447E-01    9.82056E-01    9.89266E-01
    5.11214E+01    3.87611E-01    4.82944E-03    7.42767E+01    8.06797E-05    8.72669E-03   -2.12711E-03    9.92490E-01    9.82271E-01    9.89388E-01
    5.23004E+01    3.92282E-01    4.67130E-03    7.88346E+01    7.52403E-05    8.44354E-03   -1.98670E-03    9.92552E-01    9.82529E-01    9.89534E-01
    5.34957E+01    3.96755E-01    4.47292E-03    8.35839E+01    6.94765E-05    8.12675E-03   -1.85270E-03    9.92650E-01    9.82870E-01    9.89717E-01
    5.47074E+01    4.00849E-01    4.09385E-03    8.85325E+01    6.13336E-05    7.63573E-03   -1.74047E-03    9.92889E-01    9.83573E-01    9.90018E-01
    5.59359E+01    4.05655E-01    4.80571E-03    9.19465E+01    6.94588E-05    8.05883E-03   -2.12464E-03    9.92163E-01    9.82195E-01    9.88561E-01
    5.71814E+01    4.09974E-01    4.31935E-03    9.72461E+01    6.02383E-05    7.59367E-03   -1.60454E-03    9.92645E-01    9.83122E-01    9.89810E-01
    5.84440E+01    4.13853E-01    3.87856E-03    1.02768E+02    5.22020E-05    7.07304E-03   -1.47446E-03    9.92966E-01    9.83974E-01    9.90252E-01
    5.97241E+01    4.18294E-01    4.44161E-03    1.06578E+02    5.77025E-05    7.38011E-03   -1.79903E-03    9.92350E-01    9.82839E-01    9.88947E-01
    6.10218E+01    4.22058E-01    3.76322E-03    1.12492E+02    4.71984E-05    6.73552E-03   -1.35320E-03    9.93005E-01    9.84204E-01    9.90337E-01
    6.23374E+01    4.26175E-01    4.11751E-03    1.16571E+02    4.98639E-05    6.86725E-03   -1.64459E-03    9.92560E-01    9.83463E-01    9.89228E-01
    6.36712E+01    4.30613E-01    4.43771E-03    1.20765E+02    5.18995E-05    7.01439E-03   -1.64251E-03    9.92271E-01    9.82851E-01    9.88851E-01
    6.50234E+01    4.34287E-01    3.67470E-03    1.27274E+02    4.15095E-05    6.33287E-03   -1.18501E-03    9.93024E-01    9.84402E-01    9.90453E-01
    6.63943E+01    4.38231E-01    3.94398E-03    1.31764E+02    4.30375E-05    6.40096E-03   -1.43709E-03    9.92659E-01    9.83824E-01    9.89455E-01
    6.77840E+01    4.42319E-01    4.08706E-03    1.36380E+02    4.30897E-05    6.40515E-03   -1.43659E-03    9.92511E-01    9.83549E-01    9.89219E-01
    6.91930E+01    4.46617E-01    4.29845E-03    1.41123E+02    4.37913E-05    6.46912E-03   -1.39348E-03    9.92325E-01    9.83148E-01    9.89043E-01
    7.06214E+01    4.50143E-01    3.52580E-03    1.48487E+02    3.47142E-05    5.80889E-03   -9.85406E-04    9.93104E-01    9.84750E-01    9.90686E-01
    7.20695E+01    4.53871E-01    3.72856E-03    1.53567E+02    3.54833E-05    5.83520E-03   -1.19736E-03    9.92806E-01    9.84298E-01    9.89786E-01
    7.35376E+01    4.57658E-01    3.78630E-03    1.58789E+02    3.48327E-05    5.78037E-03   -1.19164E-03    9.92734E-01    9.84190E-01    9.89645E-01
    7.50259E+01    4.61458E-01    3.80038E-03    1.64155E+02    3.38022E-05    5.69717E-03   -1.15952E-03    9.92713E-01    9.84175E-01    9.89623E-01
    7.65348E+01    4.65253E-01    3.79451E-03    1.69671E+02    3.26342E-05    5.60157E-03   -1.12099E-03    9.92712E-01    9.84202E-01    9.89642E-01
    7.80645E+01    4.69029E-01    3.77634E-03    1.75339E+02    3.14081E-05    5.49913E-03   -1.08059E-03    9.92724E-01    9.84254E-01    9.89682E-01
    7.96153E+01    4.72777E-01    3.74860E-03    1.81166E+02    3.01540E-05    5.39191E-03   -1.03986E-03    9.92746E-01    9.84326E-01    9.89737E-01
    8.11876E+01    4.76489E-01    3.71154E-03    1.87154E+02    2.88791E-05    5.28017E-03   -9.99455E-04    9.92776E-01    9.84418E-01    9.89804E-01
    8.27815E+01    4.80152E-01    3.66297E-03    1.93309E+02    2.75720E-05    5.16246E-03   -9.59703E-04    9.92818E-01    9.84534E-01    9.89885E-01
    8.43974E+01    4.83748E-01    3.59561E-03    1.99634E+02    2.61853E-05    5.03360E-03   -9.21008E-04    9.92879E-01    9.84689E-01    9.89986E-01
    8.60356E+01    4.87231E-01    3.48345E-03    2.06136E+02    2.45467E-05    4.87475E-03   -8.85185E-04    9.92982E-01    9.84941E-01    9.90124E-01
    8.76964E+01    4.90399E-01    3.16761E-03    2.12818E+02    2.16003E-05    4.56501E-03   -8.72365E-04    9.93279E-01    9.85645E-01    9.90384E-01
    8.93802E+01    4.94788E-01    4.38945E-03    2.16229E+02    2.89686E-05    5.05625E-03   -1.84469E-03    9.91851E-01    9.83279E-01    9.85645E-01
    9.10872E+01    4.98556E-01    3.76783E-03    2.23191E+02    2.40680E-05    4.82610E-03   -8.81357E-04    9.92695E-01    9.84401E-01    9.89648E-01
    9.28177E+01    5.02149E-01    3.59351E-03    2.30347E+02    2.22199E-05    4.64592E-03   -7.97079E-04    9.92877E-01    9.84782E-01    9.90044E-01
    9.45721E+01    5.05582E-01    3.43256E-03    2.37703E+02    2.05474E-05    4.46977E-03   -7.54016E-04    9.93033E-01    9.85137E-01    9.90279E-01
    9.63507E+01    5.08678E-01    3.09632E-03    2.45262E+02    1.79449E-05    4.17137E-03   -7.37907E-04    9.93358E-01    9.85888E-01    9.90588E-01
    9.81539E+01    5.12898E-01    4.21930E-03    2.49120E+02    2.36772E-05    4.59126E-03   -1.61169E-03    9.92021E-01    9.83686E-01    9.85888E-01
    9.99820E+01    5.16442E-01    3.54448E-03    2.56997E+02    1.92608E-05    4.32566E-03   -7.41315E-04    9.92911E-01    9.84949E-01    9.90011E-01
    1.01835E+02    5.19577E-01    3.13473E-03    2.65093E+02    1.64966E-05    4.00301E-03   -6.87409E-04    9.93323E-01    9.85853E-01    9.90560E-01
    1.03714E+02    5.23806E-01    4.22875E-03    2.69224E+02    2.15533E-05    4.38855E-03   -1.51459E-03    9.92026E-01    9.83724E-01    9.85853E-01
    1.05619E+02    5.27335E-01    3.52959E-03    2.77660E+02    1.74249E-05    4.11862E-03   -6.79624E-04    9.92934E-01    9.85035E-01    9.90087E-01
    1.07550E+02    5.30449E-01    3.11387E-03    2.86330E+02    1.48911E-05    3.80746E-03   -6.27913E-04    9.93354E-01    9.85951E-01    9.90650E-01
    1.09508E+02    5.34621E-01    4.17154E-03    2.90755E+02    1.93257E-05    4.16467E-03   -1.40754E-03    9.92094E-01    9.83885E-01    9.85951E-01
    1.11492E+02    5.38088E-01    3.46777E-03    2.99788E+02    1.55645E-05    3.89642E-03   -6.18457E-04    9.93003E-01    9.85217E-01    9.90229E-01
    1.13505E+02    5.41131E-01    3.04262E-03    3.09073E+02    1.32316E-05    3.59245E-03   -5.70920E-04    9.93436E-01    9.86158E-01    9.90804E-01
    1.15544E+02    5.45160E-01    4.02901E-03    3.13812E+02    1.69776E-05    3.90945E-03   -1.30145E-03    9.92242E-01    9.84212E-01    9.86158E-01
    1.17612E+02    5.48329E-01    3.16864E-03    3.23487E+02    1.29388E-05    3.55058E-03   -5.76320E-04    9.93301E-01    9.85908E-01    9.90532E-01
    1.19709E+02    5.52494E-01    4.16533E-03    3.28424E+02    1.64833E-05    3.85411E-03   -1.27637E-03    9.92125E-01    9.83989E-01    9.85908E-01
    1.21835E+02    5.55915E-01    3.42142E-03    3.38505E+02    1.31222E-05    3.58235E-03   -5.37523E-04    9.93065E-01    9.85398E-01    9.90374E-01
    1.23989E+02    5.58904E-01    2.98845E-03    3.48866E+02    1.11091E-05    3.29636E-03   -4.93095E-04    9.93511E-01    9.86359E-01    9.90974E-01
    1.26174E+02    5.62819E-01    3.91533E-03    3.54153E+02    1.41079E-05    3.57448E-03   -1.15369E-03    9.92376E-01    9.84514E-01    9.86359E-01
    1.28389E+02    5.65876E-01    3.05723E-03    3.64949E+02    1.06786E-05    3.23005E-03   -4.95361E-04    9.93434E-01    9.86231E-01    9.90779E-01
    1.30634E+02    5.69834E-01    3.95741E-03    3.70459E+02    1.34003E-05    3.48349E-03   -1.12500E-03    9.92346E-01    9.84471E-01    9.86231E-01
    1.32910E+02    5.72897E-01    3.06354E-03    3.81708E+02    1.00571E-05    3.13580E-03   -4.73123E-04    9.93435E-01    9.86248E-01    9.90792E-01
    1.35218E+02    5.76845E-01    3.94771E-03    3.87449E+02    1.25651E-05    3.37606E-03   -1.08043E-03    9.92367E-01    9.84522E-01    9.86248E-01
    1.37558E+02    5.79893E-01    3.04826E-03    3.99170E+02    9.40744E-06    3.03412E-03   -4.48973E-04    9.93459E-01    9.86312E-01    9.90846E-01
    1.39929E+02    5.83806E-01    3.91292E-03    4.05152E+02    1.17096E-05    3.26209E-03   -1.03365E-03    9.92411E-01    9.84621E-01    9.86312E-01
    1.42334E+02    5.86817E-01    3.01125E-03    4.17365E+02    8.73851E-06    2.92537E-03   -4.25103E-04    9.93506E-01    9.86424E-01    9.90928E-01
    1.44772E+02    5.90661E-01    3.84361E-03    4.23598E+02    1.08169E-05    3.13747E-03   -9.86495E-04    9.92489E-01    9.84788E-01    9.86424E-01
    1.47243E+02    5.93566E-01    2.90494E-03    4.36324E+02    7.92860E-06    2.78660E-03   -4.04333E-04    9.93624E-01    9.86691E-01    9.91069E-01
    1.49749E+02    5.97152E-01    3.58637E-03    4.42818E+02    9.49368E-06    2.93246E-03   -9.45698E-04    9.92749E-01    9.85351E-01    9.86691E-01
    1.52289E+02    6.01312E-01    4.15993E-03    4.49403E+02    1.06809E-05    3.09358E-03   -1.05388E-03    9.92196E-01    9.84284E-01    9.85351E-01
    1.54864E+02    6.04379E-01    3.06706E-03    4.62846E+02    7.63853E-06    2.73634E-03   -3.88530E-04    9.93466E-01    9.86372E-01    9.90873E-01
    1.57474E+02    6.08253E-01    3.87360E-03    4.69706E+02    9.35816E-06    2.92246E-03   -9.04105E-04    9.92490E-01    9.84808E-01    9.86372E-01
    1.60121E+02    6.11167E-01    2.91369E-03    4.83713E+02    6.82854E-06    2.58812E-03   -3.60827E-04    9.93637E-01    9.86740E-01    9.91127E-01
    1.62804E+02    6.14743E-01    3.57644E-03    4.90862E+02    8.13141E-06    2.71951E-03   -8.57702E-04    9.92788E-01    9.85441E-01    9.86740E-01
    1.65524E+02    6.18868E-01    4.12469E-03    4.98110E+02    9.09825E-06    2.86154E-03   -9.53841E-04    9.92260E-01    9.84423E-01    9.85441E-01
    1.68282E+02    6.21908E-01    3.04006E-03    5.12906E+02    6.50609E-06    2.52740E-03   -3.43987E-04    9.93516E-01    9.86499E-01    9.90989E-01
    1.71078E+02    6.25725E-01    3.81743E-03    5.20457E+02    7.92684E-06    2.69480E-03   -8.15409E-04    9.92572E-01    9.84987E-01    9.86499E-01
    1.73912E+02    6.28594E-01    2.86906E-03    5.35875E+02    5.78069E-06    2.38310E-03   -3.18638E-04    9.93706E-01    9.86905E-01    9.91266E-01
    1.76786E+02    6.32095E-01    3.50031E-03    5.43743E+02    6.84350E-06    2.49972E-03   -7.71314E-04    9.92891E-01    9.85659E-01    9.86905E-01
    1.79699E+02    6.36101E-01    4.00628E-03    5.51721E+02    7.60085E-06    2.62053E-03   -8.56551E-04    9.92399E-01    9.84713E-01    9.85659E-01
    1.82653E+02    6.39004E-01    2.90280E-03    5.68007E+02    5.34449E-06    2.29164E-03   -3.04745E-04    9.93679E-01    9.86864E-01    9.91214E-01
    1.85647E+02    6.42523E-01    3.51955E-03    5.76319E+02    6.28871E-06    2.39771E-03   -7.34649E-04    9.92888E-01    9.85659E-01    9.86864E-01
    1.88682E+02    6.46532E-01    4.00832E-03    5.84745E+02    6.95090E-06    2.50810E-03   -8.12624E-04    9.92414E-01    9.84749E-01    9.85659E-01
    1.91760E+02    6.49430E-01    2.89875E-03    6.01949E+02    4.87878E-06    2.19028E-03   -2.85429E-04    9.93695E-01    9.86909E-01    9.91257E-01
    1.94879E+02    6.52935E-01    3.50467E-03    6.10730E+02    5.72516E-06    2.28992E-03   -6.93836E-04    9.92918E-01    9.85725E-01    9.86909E-01
    1.98042E+02    6.56915E-01    3.98000E-03    6.19631E+02    6.31072E-06    2.39226E-03   -7.66692E-04    9.92457E-01    9.84839E-01    9.85725E-01
    2.01249E+02    6.59792E-01    2.87671E-03    6.37805E+02    4.42756E-06    2.08724E-03   -2.66407E-04    9.93730E-01    9.86992E-01    9.91326E-01
    2.04499E+02    6.63259E-01    3.46742E-03    6.47080E+02    5.18039E-06    2.18023E-03   -6.53440E-04    9.92970E-01    9.85834E-01    9.86992E-01
    2.07795E+02    6.67182E-01    3.92312E-03    6.56483E+02    5.68974E-06    2.27360E-03   -7.21462E-04    9.92526E-01    9.84982E-01    9.85834E-01
    2.11136E+02    6.69999E-01    2.81657E-03    6.75681E+02    3.96553E-06    1.97577E-03   -2.48709E-04    9.93805E-01    9.87159E-01    9.91434E-01
    2.14523E+02    6.73356E-01    3.35676E-03    6.85479E+02    4.58815E-06    2.05203E-03   -6.14260E-04    9.93095E-01    9.86097E-01    9.87159E-01
    2.17957E+02    6.77041E-01    3.68587E-03    6.95412E+02    4.89111E-06    2.10421E-03   -6.80742E-04    9.92767E-01    9.85492E-01    9.86097E-01
    2.21439E+02    6.81090E-01    4.04855E-03    7.05482E+02    5.21595E-06    2.17446E-03   -6.98324E-04    9.92428E-01    9.84806E-01    9.85492E-01
    2.24968E+02    6.83975E-01    2.88462E-03    7.26041E+02    3.60830E-06    1.88531E-03   -2.32211E-04    9.93747E-01    9.87048E-01    9.91377E-01
    2.28546E+02    6.87428E-01    3.45364E-03    7.36534E+02    4.19456E-06    1.96518E-03   -5.76743E-04    9.93017E-01    9.85937E-01    9.87048E-01
    2.32174E+02    6.91312E-01    3.88357E-03    7.47172E+02    4.57982E-06    2.04374E-03   -6.34792E-04    9.92598E-01    9.85134E-01    9.85937E-01
    2.35851E+02    6.94099E-01    2.78693E-03    7.68890E+02    3.19129E-06    1.77356E-03   -2.13949E-04    9.93862E-01    9.87295E-01    9.91555E-01
    2.39579E+02    6.97404E-01    3.30494E-03    7.79974E+02    3.67485E-06    1.83990E-03   -5.38172E-04    9.93179E-01    9.86273E-01    9.87295E-01
    2.43359E+02    7.01015E-01    3.61138E-03    7.91211E+02    3.89941E-06    1.88281E-03   -5.95362E-04    9.92872E-01    9.85707E-01    9.86273E-01
    2.47191E+02    7.04959E-01    3.94400E-03    8.02604E+02    4.13548E-06    1.94002E-03   -6.09752E-04    9.92558E-01    9.85074E-01    9.85707E-01
    2.51076E+02    7.07751E-01    2.79187E-03    8.25862E+02    2.84288E-06    1.67429E-03   -1.99100E-04    9.93869E-01    9.87321E-01    9.91570E-01
    2.55014E+02    7.11047E-01    3.29633E-03    8.37732E+02    3.25974E-06    1.73413E-03   -5.02539E-04    9.93205E-01    9.86328E-01    9.87321E-01
    2.59007E+02    7.14636E-01    3.58834E-03    8.49766E+02    3.44625E-06    1.77163E-03   -5.54605E-04    9.92912E-01    9.85790E-01    9.86328E-01
    2.63055E+02    7.18540E-01    3.90402E-03    8.61967E+02    3.64148E-06    1.82207E-03   -5.67051E-04    9.92614E-01    9.85188E-01    9.85790E-01
    2.67158E+02    7.21292E-01    2.75228E-03    8.86875E+02    2.49335E-06    1.56836E-03   -1.83329E-04    9.93925E-01    9.87445E-01    9.91657E-01
    2.71319E+02    7.24521E-01    3.22907E-03    8.99587E+02    2.84123E-06    1.61987E-03   -4.66113E-04    9.93289E-01    9.86504E-01    9.87445E-01
    2.75536E+02    7.27997E-01    3.47608E-03    9.12475E+02    2.97075E-06    1.64515E-03   -5.14040E-04    9.93039E-01    9.86052E-01    9.86504E-01
    2.79812E+02    7.31671E-01    3.67432E-03    9.25541E+02    3.05009E-06    1.66493E-03   -5.27345E-04    9.92849E-01    9.85681E-01    9.86052E-01
    2.84147E+02    7.35620E-01    3.94811E-03    9.38787E+02    3.18344E-06    1.70396E-03   -5.29126E-04    9.92594E-01    9.85157E-01    9.85681E-01
    2.88542E+02    7.38385E-01    2.76552E-03    9.65830E+02    2.16604E-06    1.46214E-03   -1.67883E-04    9.93926E-01    9.87456E-01    9.91672E-01
    2.92998E+02    7.41619E-01    3.23403E-03    9.79632E+02    2.46052E-06    1.50865E-03   -4.29520E-04    9.93304E-01    9.86536E-01    9.87456E-01
    2.97514E+02    7.45091E-01    3.47232E-03    9.93624E+02    2.56629E-06    1.53058E-03   -4.72866E-04    9.93062E-01    9.86102E-01    9.86536E-01
    3.02094E+02    7.48754E-01    3.66228E-03    1.00781E+03    2.62937E-06    1.54747E-03   -4.84470E-04    9.92881E-01    9.85746E-01    9.86102E-01
    3.06736E+02    7.52680E-01    3.92648E-03    1.02219E+03    2.73859E-06    1.58201E-03   -4.85637E-04    9.92635E-01    9.85240E-01    9.85746E-01
    3.11443E+02    7.55432E-01    2.75226E-03    1.05155E+03    1.86487E-06    1.35707E-03   -1.52429E-04    9.93955E-01    9.87524E-01    9.91733E-01
    3.16214E+02    7.58644E-01    3.21174E-03    1.06654E+03    2.11419E-06    1.39970E-03   -3.93754E-04    9.93344E-01    9.86620E-01    9.87524E-01
    3.21051E+02    7.62086E-01    3.44202E-03    1.08173E+03    2.20126E-06    1.41903E-03   -4.33147E-04    9.93111E-01    9.86199E-01    9.86620E-01
    3.25955E+02    7.65710E-01    3.62367E-03    1.09713E+03    2.25149E-06    1.43347E-03   -4.43445E-04    9.92936E-01    9.85858E-01    9.86199E-01
    3.30927E+02    7.69586E-01    3.87635E-03    1.11274E+03    2.34001E-06    1.46378E-03   -4.44239E-04    9.92700E-01    9.85373E-01    9.85858E-01
    3.35967E+02    7.72301E-01    2.71457E-03    1.14462E+03    1.59213E-06    1.25422E-03   -1.38076E-04    9.94009E-01    9.87644E-01    9.91824E-01
    3.41077E+02    7.75456E-01    3.15540E-03    1.16089E+03    1.79815E-06    1.29177E-03   -3.59817E-04    9.93419E-01    9.86773E-01    9.87644E-01
    3.46258E+02    7.78819E-01    3.36294E-03    1.17738E+03    1.86205E-06    1.30601E-03   -3.95449E-04    9.93206E-01    9.86394E-01    9.86773E-01
    3.51510E+02    7.82323E-01    3.50442E-03    1.19411E+03    1.88537E-06    1.31210E-03   -4.04691E-04    9.93069E-01    9.86131E-01    9.86394E-01
    3.56834E+02    7.85971E-01    3.64784E-03    1.21106E+03    1.90694E-06    1.31963E-03   -4.06822E-04    9.92933E-01    9.85859E-01    9.86131E-01
    3.62232E+02    7.89849E-01    3.87759E-03    1.22824E+03    1.96965E-06    1.34382E-03   -4.04715E-04    9.92720E-01    9.85417E-01    9.85859E-01
    3.67704E+02    7.92557E-01    2.70844E-03    1.26333E+03    1.33685E-06    1.14955E-03   -1.24040E-04    9.94031E-01    9.87697E-01    9.91870E-01
    3.73252E+02    7.95697E-01    3.13996E-03    1.28124E+03    1.50602E-06    1.18315E-03   -3.25847E-04    9.93453E-01    9.86844E-01    9.87697E-01
    3.78876E+02    7.99037E-01    3.33925E-03    1.29939E+03    1.55635E-06    1.19517E-03   -3.57657E-04    9.93249E-01    9.86481E-01    9.86844E-01
    3.84578E+02    8.02510E-01    3.47322E-03    1.31780E+03    1.57309E-06    1.19975E-03   -3.65637E-04    9.93119E-01    9.86231E-01    9.86481E-01
    3.90359E+02    8.06118E-01    3.60868E-03    1.33646E+03    1.58832E-06    1.20559E-03   -3.67253E-04    9.92990E-01    9.85973E-01    9.86231E-01
    3.96220E+02    8.09946E-01    3.82766E-03    1.35537E+03    1.63719E-06    1.22633E-03   -3.65098E-04    9.92786E-01    9.85549E-01    9.85973E-01
    4.02161E+02    8.12619E-01    2.67286E-03    1.39399E+03    1.11103E-06    1.04822E-03   -1.10766E-04    9.94084E-01    9.87813E-01    9.91959E-01
    4.08184E+02    8.15708E-01    3.08917E-03    1.41370E+03    1.24790E-06    1.07781E-03   -2.93639E-04    9.93522E-01    9.86986E-01    9.87813E-01
    4.14291E+02    8.18981E-01    3.27323E-03    1.43369E+03    1.28503E-06    1.08690E-03   -3.21985E-04    9.93332E-01    9.86650E-01    9.86986E-01
    4.20481E+02    8.22368E-01    3.38641E-03    1.45395E+03    1.29206E-06    1.08807E-03   -3.28876E-04    9.93221E-01    9.86439E-01    9.86650E-01
    4.26758E+02    8.25851E-01    3.48347E-03    1.47448E+03    1.29173E-06    1.08751E-03   -3.30210E-04    9.93129E-01    9.86257E-01    9.86439E-01
    4.33120E+02    8.29449E-01    3.59751E-03    1.49530E+03    1.29652E-06    1.08997E-03   -3.29372E-04    9.93021E-01    9.86038E-01    9.86257E-01
    4.39571E+02    8.33248E-01    3.79925E-03    1.51641E+03    1.33077E-06    1.10648E-03   -3.26315E-04    9.92833E-01    9.85646E-01    9.86038E-01
    4.46111E+02    8.35896E-01    2.64779E-03    1.55951E+03    9.01412E-07    9.44375E-04   -9.78186E-05    9.94126E-01    9.87908E-01    9.92033E-01
    4.52741E+02    8.38947E-01    3.05072E-03    1.58150E+03    1.00944E-06    9.70096E-04   -2.61454E-04    9.93580E-01    9.87104E-01    9.87908E-01
    4.59462E+02    8.42169E-01    3.22233E-03    1.60380E+03    1.03633E-06    9.76909E-04   -2.86321E-04    9.93402E-01    9.86791E-01    9.87104E-01
    4.66276E+02    8.45490E-01    3.32136E-03    1.62641E+03    1.03824E-06    9.76171E-04   -2.92113E-04    9.93304E-01    9.86607E-01    9.86791E-01
    4.73184E+02    8.48888E-01    3.39809E-03    1.64933E+03    1.03247E-06    9.72941E-04   -2.93011E-04    9.93231E-01    9.86464E-01    9.86607E-01
    4.80188E+02    8.52363E-01    3.47442E-03    1.67256E+03    1.02610E-06    9.69929E-04   -2.92135E-04    9.93159E-01    9.86319E-01    9.86464E-01
    4.87288E+02    8.55936E-01    3.57349E-03    1.69612E+03    1.02583E-06    9.70322E-04   -2.90353E-04    9.93066E-01    9.86129E-01    9.86319E-01
    4.94486E+02    8.59697E-01    3.76079E-03    1.72000E+03    1.04940E-06    9.83365E-04   -2.87042E-04    9.92890E-01    9.85763E-01    9.86129E-01
    5.01783E+02    8.62314E-01    2.61736E-03    1.76875E+03    7.09923E-07    8.38263E-04   -8.50814E-05    9.94175E-01    9.88016E-01    9.92115E-01
    5.09181E+02    8.65321E-01    3.00659E-03    1.79363E+03    7.92708E-07    8.60295E-04   -2.29346E-04    9.93645E-01    9.87237E-01    9.88016E-01
    5.16682E+02    8.68487E-01    3.16611E-03    1.81886E+03    8.11452E-07    8.65176E-04   -2.50844E-04    9.93478E-01    9.86945E-01    9.87237E-01
    5.24285E+02    8.71739E-01    3.25213E-03    1.84443E+03    8.10229E-07    8.63068E-04   -2.55620E-04    9.93393E-01    9.86785E-01    9.86945E-01
    5.31994E+02    8.75051E-01    3.31197E-03    1.87036E+03    8.02110E-07    8.58203E-04   -2.56121E-04    9.93335E-01    9.86674E-01    9.86785E-01
    5.39809E+02    8.78413E-01    3.36227E-03    1.89664E+03    7.91579E-07    8.52356E-04   -2.55086E-04    9.93288E-01    9.86581E-01    9.86674E-01
    5.47732E+02    8.81826E-01    3.41217E-03    1.92329E+03    7.80932E-07    8.46596E-04   -2.53390E-04    9.93241E-01    9.86488E-01    9.86581E-01
    5.55764E+02    8.85297E-01    3.47099E-03    1.95030E+03    7.72254E-07    8.42060E-04   -2.51376E-04    9.93186E-01    9.86376E-01    9.86488E-01
    5.63907E+02    8.88853E-01    3.55673E-03    1.97769E+03    7.69288E-07    8.40974E-04   -2.49099E-04    9.93106E-01    9.86211E-01    9.86376E-01
    5.72163E+02    8.92585E-01    3.73131E-03    2.00546E+03    7.84577E-07    8.50981E-04   -2.45780E-04    9.92942E-01    9.85869E-01    9.86211E-01
    5.80532E+02    8.95180E-01    2.59573E-03    2.06214E+03    5.30608E-07    7.24860E-04   -7.20178E-05    9.94217E-01    9.88108E-01    9.92189E-01
    5.89017E+02    8.98155E-01    2.97498E-03    2.09107E+03    5.91215E-07    7.43531E-04   -1.95901E-04    9.93699E-01    9.87347E-01    9.88108E-01
    5.97619E+02    9.01283E-01    3.12713E-03    2.12040E+03    6.04169E-07    7.47232E-04   -2.14039E-04    9.93539E-01    9.87068E-01    9.87347E-01
    6.06340E+02    9.04490E-01    3.20719E-03    2.15014E+03    6.02412E-07    7.44930E-04   -2.17925E-04    9.93459E-01    9.86919E-01    9.87068E-01
    6.15181E+02    9.07751E-01    3.26167E-03    2.18028E+03    5.95621E-07    7.40278E-04   -2.18194E-04    9.93407E-01    9.86817E-01    9.86919E-01
    6.24144E+02    9.11058E-01    3.30683E-03    2.21085E+03    5.87092E-07    7.34798E-04   -2.17172E-04    9.93364E-01    9.86733E-01    9.86817E-01
    6.33230E+02    9.14410E-01    3.35150E-03    2.24183E+03    5.78503E-07    7.29397E-04   -2.15599E-04    9.93322E-01    9.86648E-01    9.86733E-01
    6.42442E+02    9.17814E-01    3.40466E-03    2.27324E+03    5.71366E-07    7.25032E-04   -2.13763E-04    9.93271E-01    9.86547E-01    9.86648E-01
    6.51782E+02    9.21298E-01    3.48361E-03    2.30508E+03    5.68395E-07    7.23585E-04   -2.11707E-04    9.93196E-01    9.86392E-01    9.86547E-01
    6.61250E+02    9.24946E-01    3.64796E-03    2.33737E+03    5.78702E-07    7.31514E-04   -2.08779E-04    9.93041E-01    9.86067E-01    9.86392E-01
    6.70849E+02    9.27485E-01    2.53914E-03    2.40328E+03    3.91634E-07    6.22870E-04   -6.05503E-05    9.94294E-01    9.88274E-01    9.92312E-01
    6.80580E+02    9.30388E-01    2.90326E-03    2.43692E+03    4.35384E-07    6.38538E-04   -1.66293E-04    9.93792E-01    9.87536E-01    9.88274E-01
    6.90445E+02    9.33433E-01    3.04492E-03    2.47102E+03    4.43977E-07    6.41115E-04   -1.81517E-04    9.93642E-01    9.87274E-01    9.87536E-01
    7.00447E+02    9.36549E-01    3.11549E-03    2.50559E+03    4.41685E-07    6.38429E-04   -1.84645E-04    9.93570E-01    9.87141E-01    9.87274E-01
    7.10587E+02    9.39708E-01    3.15953E-03    2.54064E+03    4.35526E-07    6.33568E-04   -1.84707E-04    9.93527E-01    9.87059E-01    9.87141E-01
    7.20866E+02    9.42900E-01    3.19165E-03    2.57618E+03    4.27777E-07    6.27730E-04   -1.83664E-04    9.93497E-01    9.87000E-01    9.87059E-01
    7.31288E+02    9.46118E-01    3.21823E-03    2.61220E+03    4.19404E-07    6.21474E-04   -1.82139E-04    9.93472E-01    9.86951E-01    9.87000E-01
    7.41853E+02    9.49361E-01    3.24289E-03    2.64873E+03    4.10929E-07    6.15135E-04   -1.80383E-04    9.93449E-01    9.86905E-01    9.86951E-01
    7.52564E+02    9.52630E-01    3.26860E-03    2.68575E+03    4.02733E-07    6.08986E-04   -1.78518E-04    9.93425E-01    9.86858E-01    9.86905E-01
    7.63423E+02    9.55929E-01    3.29894E-03    2.72329E+03    3.95236E-07    6.03360E-04   -1.76614E-04    9.93397E-01    9.86800E-01    9.86858E-01
    7.74432E+02    9.59269E-01    3.34027E-03    2.76134E+03    3.89129E-07    5.98840E-04   -1.74697E-04    9.93358E-01    9.86720E-01    9.86800E-01
    7.85593E+02    9.62677E-01    3.40809E-03    2.79992E+03    3.86062E-07    5.96851E-04   -1.72717E-04    9.93293E-01    9.86586E-01    9.86720E-01
    7.96907E+02    9.66236E-01    3.55898E-03    2.83904E+03    3.92020E-07    6.02566E-04   -1.70102E-04    9.93148E-01    9.86284E-01    9.86586E-01
    8.08378E+02    9.68712E-01    2.47592E-03    2.91889E+03    2.65192E-07    5.12651E-04   -4.87950E-05    9.94382E-01    9.88461E-01    9.92447E-01
    8.20007E+02    9.71536E-01    2.82391E-03    2.95964E+03    2.94116E-07    5.25198E-04   -1.35216E-04    9.93897E-01    9.87747E-01    9.88461E-01
    8.31797E+02    9.74491E-01    2.95528E-03    3.00096E+03    2.99306E-07    5.26850E-04   -1.47425E-04    9.93755E-01    9.87501E-01    9.87747E-01
    8.43749E+02    9.77509E-01    3.01773E-03    3.04284E+03    2.97199E-07    5.24171E-04   -1.49815E-04    9.93691E-01    9.87383E-01    9.87501E-01
    8.55867E+02    9.80563E-01    3.05426E-03    3.08531E+03    2.92502E-07    5.19695E-04   -1.49729E-04    9.93655E-01    9.87314E-01    9.87383E-01
    8.68151E+02    9.83642E-01    3.07881E-03    3.12836E+03    2.86724E-07    5.14389E-04   -1.48753E-04    9.93631E-01    9.87269E-01    9.87314E-01
    8.80605E+02    9.86739E-01    3.09718E-03    3.17200E+03    2.80485E-07    5.08687E-04   -1.47386E-04    9.93614E-01    9.87235E-01    9.87269E-01
    8.93231E+02    9.89851E-01    3.11239E-03    3.21625E+03    2.74096E-07    5.02822E-04   -1.45829E-04    9.93600E-01    9.87208E-01    9.87235E-01
    9.06031E+02    9.92978E-01    3.12636E-03    3.26111E+03    2.67742E-07    4.96945E-04   -1.44178E-04    9.93588E-01    9.87183E-01    9.87208E-01
    9.19008E+02    9.96118E-01    3.14071E-03    3.30659E+03    2.61563E-07    4.91184E-04   -1.42485E-04    9.93574E-01    9.87157E-01    9.87183E-01
    9.32164E+02    9.99276E-01    3.15732E-03    3.35269E+03    2.55707E-07    4.85682E-04   -1.40783E-04    9.93559E-01    9.87126E-01    9.87157E-01
    9.45501E+02    1.00245E+00    3.17908E-03    3.39943E+03    2.50382E-07    4.80661E-04   -1.39094E-04    9.93539E-01    9.87084E-01    9.87126E-01
    9.59023E+02    1.00567E+00    3.21167E-03    3.44682E+03    2.45988E-07    4.76552E-04   -1.37425E-04    9.93507E-01    9.87020E-01    9.87084E-01
    9.72731E+02    1.00894E+00    3.26951E-03    3.49486E+03    2.43528E-07    4.74454E-04   -1.35723E-04    9.93451E-01    9.86902E-01    9.87020E-01
    9.86628E+02    1.01234E+00    3.40574E-03    3.54356E+03    2.46697E-07    4.78397E-04   -1.33543E-04    9.93318E-01    9.86624E-01    9.86902E-01
    1.00072E+03    1.01471E+00    2.36803E-03    3.64299E+03    1.66813E-07    4.06665E-04   -3.79044E-05    9.94520E-01    9.88752E-01    9.92649E-01
    1.01500E+03    1.01740E+00    2.69371E-03    3.69374E+03    1.84538E-07    4.16302E-04   -1.05976E-04    9.94056E-01    9.88069E-01    9.88752E-01
    1.02948E+03    1.02022E+00    2.81230E-03    3.74518E+03    1.87367E-07    4.17191E-04   -1.15405E-04    9.93926E-01    9.87843E-01    9.88069E-01
    1.04416E+03    1.02308E+00    2.86521E-03    3.79734E+03    1.85646E-07    4.14636E-04   -1.17147E-04    9.93870E-01    9.87741E-01    9.87843E-01
    1.05904E+03    1.02597E+00    2.89322E-03    3.85022E+03    1.82311E-07    4.10648E-04   -1.16958E-04    9.93842E-01    9.87688E-01    9.87741E-01
    1.07413E+03    1.02888E+00    2.90941E-03    3.90382E+03    1.78295E-07    4.05982E-04   -1.16076E-04    9.93826E-01    9.87658E-01    9.87688E-01
    1.08943E+03    1.03180E+00    2.91911E-03    3.95817E+03    1.73977E-07    4.00971E-04   -1.14887E-04    9.93817E-01    9.87641E-01    9.87658E-01
    1.10494E+03    1.03473E+00    2.92490E-03    4.01327E+03    1.69536E-07    3.95782E-04   -1.13545E-04    9.93812E-01    9.87632E-01    9.87641E-01
    1.12066E+03    1.03766E+00    2.92823E-03    4.06912E+03    1.65070E-07    3.90510E-04   -1.12123E-04    9.93810E-01    9.87628E-01    9.87632E-01
    1.13660E+03    1.04059E+00    2.92996E-03    4.12575E+03    1.60635E-07    3.85213E-04   -1.10659E-04    9.93809E-01    9.87628E-01    9.87628E-01
    1.15276E+03    1.04352E+00    2.93075E-03    4.18316E+03    1.56269E-07    3.79934E-04   -1.09175E-04    9.93810E-01    9.87629E-01    9.87628E-01
    1.16914E+03    1.04645E+00    2.93109E-03    4.24136E+03    1.52000E-07    3.74704E-04   -1.07687E-04    9.93811E-01    9.87631E-01    9.87629E-01
    1.18574E+03    1.04938E+00    2.93150E-03    4.30037E+03    1.47851E-07    3.69557E-04   -1.06203E-04    9.93812E-01    9.87632E-01    9.87631E-01
    1.20258E+03    1.05231E+00    2.93256E-03    4.36018E+03    1.43849E-07    3.64527E-04   -1.04732E-04    9.93812E-01    9.87632E-01    9.87632E-01
    1.21965E+03    1.05525E+00    2.93508E-03    4.42083E+03    1.40026E-07    3.59665E-04   -1.03281E-04    9.93810E-01    9.87629E-01    9.87632E-01
    1.23696E+03    1.05819E+00    2.94037E-03    4.48231E+03    1.36432E-07    3.55046E-04   -1.01855E-04    9.93806E-01    9.87620E-01    9.87629E-01
    1.25450E+03    1.06114E+00    2.95075E-03    4.54464E+03    1.33162E-07    3.50813E-04   -1.00460E-04    9.93796E-01    9.87600E-01    9.87620E-01
    1.27228E+03    1.06411E+00    2.97120E-03    4.60783E+03    1.30411E-07    3.47263E-04   -9.90930E-05    9.93776E-01    9.87557E-01    9.87600E-01
    1.29032E+03    1.06712E+00    3.01459E-03    4.67189E+03    1.28690E-07    3.45170E-04   -9.77146E-05    9.93732E-01    9.87466E-01    9.87557E-01
    1.30860E+03    1.07025E+00    3.12879E-03    4.73684E+03    1.29907E-07    3.47404E-04   -9.60056E-05    9.93616E-01    9.87222E-01    9.87466E-01
    1.32713E+03    1.07242E+00    2.16914E-03    4.86943E+03    8.75959E-08    2.94736E-04   -2.69599E-05    9.94770E-01    9.89271E-01    9.92995E-01
    1.34592E+03    1.07488E+00    2.45848E-03    4.93710E+03    9.65615E-08    3.01323E-04   -7.59323E-05    9.94339E-01    9.88639E-01    9.89271E-01
    1.36496E+03    1.07744E+00    2.55781E-03    5.00571E+03    9.77128E-08    3.01496E-04   -8.25394E-05    9.94225E-01    9.88443E-01    9.88639E-01
    1.38427E+03    1.08004E+00    2.59718E-03    5.07526E+03    9.65008E-08    2.99173E-04   -8.36458E-05    9.94181E-01    9.88365E-01    9.88443E-01
    1.40385E+03    1.08265E+00    2.61371E-03    5.14577E+03    9.44574E-08    2.95813E-04   -8.33776E-05    9.94164E-01    9.88333E-01    9.88365E-01
    1.42370E+03    1.08527E+00    2.61927E-03    5.21725E+03    9.20682E-08    2.91963E-04   -8.26165E-05    9.94159E-01    9.88325E-01    9.88333E-01
    1.44382E+03    1.08789E+00    2.61865E-03    5.28973E+03    8.95283E-08    2.87860E-04   -8.16376E-05    9.94160E-01    9.88329E-01    9.88325E-01
    1.46421E+03    1.09050E+00    2.61416E-03    5.36320E+03    8.69300E-08    2.83623E-04   -8.05498E-05    9.94166E-01    9.88341E-01    9.88329E-01
    1.48489E+03    1.09311E+00    2.60702E-03    5.43768E+03    8.43217E-08    2.79315E-04   -7.94041E-05    9.94175E-01    9.88360E-01    9.88341E-01
    1.50586E+03    1.09571E+00    2.59796E-03    5.51320E+03    8.17308E-08    2.74975E-04   -7.82271E-05    9.94186E-01    9.88382E-01    9.88360E-01
    1.52711E+03    1.09829E+00    2.58742E-03    5.58975E+03    7.91738E-08    2.70628E-04   -7.70339E-05    9.94199E-01    9.88408E-01    9.88382E-01
    1.54866E+03    1.10087E+00    2.57571E-03    5.66736E+03    7.66610E-08    2.66290E-04   -7.58337E-05    9.94213E-01    9.88436E-01    9.88408E-01
    1.57051E+03    1.10343E+00    2.56305E-03    5.74605E+03    7.41990E-08    2.61971E-04   -7.46326E-05    9.94228E-01    9.88466E-01    9.88436E-01
    1.59265E+03    1.10598E+00    2.54958E-03    5.82582E+03    7.17920E-08    2.57681E-04   -7.34345E-05    9.94244E-01    9.88499E-01    9.88466E-01
    1.61511E+03    1.10852E+00    2.53544E-03    5.90669E+03    6.94430E-08    2.53425E-04   -7.22422E-05    9.94261E-01    9.88532E-01    9.88499E-01
    1.63787E+03    1.11104E+00    2.52073E-03    5.98867E+03    6.71541E-08    2.49208E-04   -7.10578E-05    9.94279E-01    9.88567E-01    9.88532E-01
    1.66094E+03    1.11354E+00    2.50557E-03    6.07179E+03    6.49268E-08    2.45037E-04   -6.98830E-05    9.94297E-01    9.88604E-01    9.88567E-01
    1.68434E+03    1.11603E+00    2.49007E-03    6.15605E+03    6.27627E-08    2.40916E-04   -6.87191E-05    9.94315E-01    9.88641E-01    9.88604E-01
    1.70806E+03    1.11851E+00    2.47435E-03    6.24148E+03    6.06634E-08    2.36850E-04   -6.75674E-05    9.94334E-01    9.88678E-01    9.88641E-01
    1.73210E+03    1.12097E+00    2.45859E-03    6.32809E+03    5.86311E-08    2.32848E-04   -6.64290E-05    9.94353E-01    9.88716E-01    9.88678E-01
    1.75648E+03    1.12341E+00    2.44301E-03    6.41589E+03    5.66690E-08    2.28920E-04   -6.53052E-05    9.94372E-01    9.88753E-01    9.88716E-01
    1.78119E+03    1.12584E+00    2.42796E-03    6.50490E+03    5.47825E-08    2.25080E-04   -6.41977E-05    9.94390E-01    9.88789E-01    9.88753E-01
    1.80624E+03    1.12825E+00    2.41399E-03    6.59514E+03    5.29806E-08    2.21355E-04   -6.31081E-05    9.94407E-01    9.88823E-01    9.88789E-01
    1.83164E+03    1.13065E+00    2.40202E-03    6.68663E+03    5.12792E-08    2.17785E-04   -6.20386E-05    9.94421E-01    9.88852E-01    9.88823E-01
    1.85739E+03    1.13305E+00    2.39382E-03    6.77938E+03    4.97097E-08    2.14452E-04   -6.09909E-05    9.94432E-01    9.88872E-01    9.88852E-01
    1.88350E+03    1.13544E+00    2.39317E-03    6.87341E+03    4.83402E-08    2.11529E-04   -5.99630E-05    9.94433E-01    9.88873E-01    9.88872E-01
    1.90996E+03    1.13785E+00    2.40995E-03    6.96873E+03    4.73513E-08    2.09472E-04   -5.89304E-05    9.94414E-01    9.88832E-01    9.88873E-01
    1.93680E+03    1.14033E+00    2.48107E-03    7.06538E+03    4.74189E-08    2.09974E-04   -5.77059E-05    9.94333E-01    9.88661E-01    9.88832E-01
    1.96400E+03    1.14203E+00    1.69874E-03    7.26268E+03    3.15814E-08    1.76987E-04   -1.60296E-05    9.95385E-01    9.90537E-01    9.93814E-01
    1.99157E+03    1.14394E+00    1.91006E-03    7.36338E+03    3.45417E-08    1.80276E-04   -4.51898E-05    9.95026E-01    9.90020E-01    9.90537E-01
    2.01953E+03    1.14591E+00    1.97076E-03    7.46547E+03    3.46676E-08    1.79651E-04   -4.89180E-05    9.94946E-01    9.89889E-01    9.90020E-01
    2.04787E+03    1.14790E+00    1.98410E-03    7.56896E+03    3.39506E-08    1.77519E-04   -4.93729E-05    9.94930E-01    9.89864E-01    9.89889E-01
    2.07661E+03    1.14987E+00    1.97924E-03    7.67389E+03    3.29443E-08    1.74763E-04   -4.90131E-05    9.94937E-01    9.89881E-01    9.89864E-01
    2.10574E+03    1.15184E+00    1.96546E-03    7.78026E+03    3.18232E-08    1.71710E-04   -4.83613E-05    9.94955E-01    9.89919E-01    9.89881E-01
    2.13527E+03    1.15379E+00    1.94651E-03    7.88810E+03    3.06573E-08    1.68503E-04   -4.75804E-05    9.94980E-01    9.89969E-01    9.89919E-01
    2.16521E+03    1.15571E+00    1.92417E-03    7.99743E+03    2.94796E-08    1.65213E-04   -4.67347E-05    9.95009E-01    9.90029E-01    9.89969E-01
    2.19557E+03    1.15761E+00    1.89939E-03    8.10827E+03    2.83071E-08    1.61878E-04   -4.58543E-05    9.95042E-01    9.90095E-01    9.90029E-01
    2.22634E+03    1.15948E+00    1.87274E-03    8.22064E+03    2.71494E-08    1.58520E-04   -4.49546E-05    9.95078E-01    9.90166E-01    9.90095E-01
    2.25753E+03    1.16133E+00    1.84454E-03    8.33456E+03    2.60121E-08    1.55152E-04   -4.40445E-05    9.95115E-01    9.90242E-01    9.90166E-01
    2.28916E+03    1.16314E+00    1.81503E-03    8.45005E+03    2.48986E-08    1.51784E-04   -4.31292E-05    9.95155E-01    9.90322E-01    9.90242E-01
    2.32123E+03    1.16493E+00    1.78434E-03    8.56713E+03    2.38110E-08    1.48422E-04   -4.22121E-05    9.95197E-01    9.90405E-01    9.90322E-01
    2.35373E+03    1.16668E+00    1.75259E-03    8.68583E+03    2.27503E-08    1.45069E-04   -4.12954E-05    9.95240E-01    9.90492E-01    9.90405E-01
    2.38669E+03    1.16840E+00    1.71984E-03    8.80617E+03    2.17173E-08    1.41728E-04   -4.03804E-05    9.95285E-01    9.90583E-01    9.90492E-01
    2.42010E+03    1.17009E+00    1.68616E-03    8.92817E+03    2.07122E-08    1.38400E-04   -3.94681E-05    9.95332E-01    9.90677E-01    9.90583E-01
    2.45397E+03    1.17174E+00    1.65158E-03    9.05185E+03    1.97350E-08    1.35086E-04   -3.85592E-05    9.95381E-01    9.90774E-01    9.90677E-01
    2.48831E+03    1.17335E+00    1.61613E-03    9.17724E+03    1.87857E-08    1.31787E-04   -3.76540E-05    9.95431E-01    9.90875E-01    9.90774E-01
    2.52312E+03    1.17493E+00    1.57984E-03    9.30436E+03    1.78640E-08    1.28504E-04   -3.67528E-05    9.95483E-01    9.90979E-01    9.90875E-01
    2.55841E+03    1.17648E+00    1.54273E-03    9.43323E+03    1.69695E-08    1.25235E-04   -3.58557E-05    9.95537E-01    9.91087E-01    9.90979E-01
    2.59419E+03    1.17798E+00    1.50481E-03    9.56388E+03    1.61019E-08    1.21982E-04   -3.49627E-05    9.95592E-01    9.91198E-01    9.91087E-01
    2.63046E+03    1.17945E+00    1.46610E-03    9.69634E+03    1.52608E-08    1.18742E-04   -3.40740E-05    9.95650E-01    9.91313E-01    9.91198E-01
    2.66724E+03    1.18087E+00    1.42661E-03    9.83062E+03    1.44456E-08    1.15517E-04   -3.31892E-05    9.95709E-01    9.91432E-01    9.91313E-01
    2.70452E+03    1.18226E+00    1.38635E-03    9.96676E+03    1.36560E-08    1.12304E-04   -3.23084E-05    9.95771E-01    9.91555E-01    9.91432E-01
    2.74232E+03    1.18360E+00    1.34534E-03    1.01048E+04    1.28915E-08    1.09103E-04   -3.14314E-05    9.95834E-01    9.91682E-01    9.91555E-01
    2.78063E+03    1.18491E+00    1.30358E-03    1.02447E+04    1.21516E-08    1.05914E-04   -3.05580E-05    9.95900E-01    9.91813E-01    9.91682E-01
    2.81948E+03    1.18617E+00    1.26110E-03    1.03865E+04    1.14358E-08    1.02735E-04   -2.96878E-05    9.95967E-01    9.91949E-01    9.91813E-01
    2.85886E+03    1.18739E+00    1.21791E-03    1.05303E+04    1.07437E-08    9.95643E-05   -2.88207E-05    9.96037E-01    9.92089E-01    9.91949E-01
    2.89879E+03    1.18856E+00    1.17401E-03    1.06761E+04    1.00748E-08    9.64014E-05   -2.79564E-05    9.96110E-01    9.92234E-01    9.92089E-01
    2.93926E+03    1.18969E+00    1.12944E-03    1.08239E+04    9.42868E-09    9.32447E-05   -2.70946E-05    9.96185E-01    9.92385E-01    9.92234E-01
    2.98030E+03    1.19077E+00    1.08420E-03    1.09738E+04    8.80494E-09    9.00926E-05   -2.62348E-05    9.96262E-01    9.92540E-01    9.92385E-01
    3.02190E+03    1.19181E+00    1.03833E-03    1.11257E+04    8.20315E-09    8.69435E-05   -2.53768E-05    9.96342E-01    9.92701E-01    9.92540E-01
    3.06408E+03    1.19281E+00    9.91859E-04    1.12797E+04    7.62292E-09    8.37955E-05   -2.45200E-05    9.96426E-01    9.92867E-01    9.92701E-01
    3.10683E+03    1.19375E+00    9.44807E-04    1.14358E+04    7.06389E-09    8.06467E-05   -2.36642E-05    9.96512E-01    9.93040E-01    9.92867E-01
    3.15018E+03    1.19465E+00    8.97217E-04    1.15941E+04    6.52571E-09    7.74950E-05   -2.28087E-05    9.96601E-01    9.93219E-01    9.93040E-01
    3.19413E+03    1.19550E+00    8.49129E-04    1.17546E+04    6.00808E-09    7.43381E-05   -2.19530E-05    9.96694E-01    9.93404E-01    9.93219E-01
    3.23868E+03    1.19630E+00    8.00596E-04    1.19173E+04    5.51070E-09    7.11733E-05   -2.10966E-05    9.96790E-01    9.93597E-01    9.93404E-01
    3.28385E+03    1.19705E+00    7.51675E-04    1.20822E+04    5.03335E-09    6.79981E-05   -2.02388E-05    9.96890E-01    9.93797E-01    9.93597E-01
    3.32964E+03    1.19775E+00    7.02437E-04    1.22494E+04    4.57581E-09    6.48094E-05   -1.93790E-05    9.96994E-01    9.94006E-01    9.93797E-01
    3.37606E+03    1.19840E+00    6.52967E-04    1.24189E+04    4.13795E-09    6.16044E-05   -1.85164E-05    9.97102E-01    9.94222E-01    9.94006E-01
    3.42312E+03    1.19901E+00    6.03368E-04    1.25908E+04    3.71974E-09    5.83799E-05   -1.76501E-05    9.97214E-01    9.94448E-01    9.94222E-01
    3.47084E+03    1.19956E+00    5.53777E-04    1.27650E+04    3.32124E-09    5.51335E-05   -1.67793E-05    9.97331E-01    9.94683E-01    9.94448E-01
    3.51921E+03    1.20007E+00    5.04373E-04    1.29417E+04    2.94276E-09    5.18638E-05   -1.59029E-05    9.97454E-01    9.94928E-01    9.94683E-01
    3.56825E+03    1.20052E+00    4.55427E-04    1.31207E+04    2.58499E-09    4.85737E-05   -1.50196E-05    9.97581E-01    9.95182E-01    9.94928E-01
    3.61796E+03    1.20093E+00    4.07402E-04    1.33023E+04    2.24959E-09    4.52770E-05   -1.41273E-05    9.97712E-01    9.95446E-01    9.95182E-01
    3.66836E+03    1.20129E+00    3.61324E-04    1.34863E+04    1.94096E-09    4.20260E-05   -1.32200E-05    9.97846E-01    9.95713E-01    9.95446E-01
    3.71946E+03    1.20161E+00    3.20634E-04    1.36729E+04    1.67559E-09    3.90526E-05   -1.22673E-05    9.97971E-01    9.95961E-01    9.95713E-01
    3.77126E+03    1.20176E+00    1.50718E-04    1.40538E+04    7.66242E-10    2.74723E-05   -3.39304E-06    9.98622E-01    9.97189E-01    9.97980E-01
    3.82378E+03    1.20190E+00    1.37415E-04    1.42482E+04    6.79637E-10    2.48986E-05   -7.72639E-06    9.98670E-01    9.97354E-01    9.97189E-01
    3.87702E+03    1.20201E+00    1.07062E-04    1.44453E+04    5.15135E-10    2.13909E-05   -7.58715E-06    9.98829E-01    9.97682E-01    9.97354E-01
    3.93100E+03    1.20208E+00    7.40191E-05    1.46452E+04    3.46474E-10    1.73135E-05   -6.83500E-06    9.99029E-01    9.98088E-01    9.97682E-01
    3.98572E+03    1.20212E+00    4.29272E-05    1.48477E+04    1.95481E-10    1.26767E-05   -5.89760E-06    9.99267E-01    9.98568E-01    9.98088E-01
    4.04120E+03    1.20214E+00    1.69850E-05    1.50531E+04    7.52457E-11    7.17003E-06   -4.88225E-06    9.99557E-01    9.99157E-01    9.98568E-01
    4.09744E+03    1.20216E+00    1.86636E-05    1.50531E+04    8.04372E-11    6.48823E-06   -6.19193E-06    9.99157E-01    9.98790E-01    9.97903E-01
    4.15446E+03    1.20218E+00    2.18881E-05    1.50531E+04    9.17731E-11    5.93939E-06   -7.51643E-06    9.98790E-01    9.98449E-01    9.97267E-01
    4.21226E+03    1.20221E+00    2.65293E-05    1.50531E+04    1.08213E-10    5.48958E-06   -8.83615E-06    9.98449E-01    9.98129E-01    9.96659E-01
    4.27086E+03    1.20224E+00    3.24986E-05    1.50531E+04    1.28963E-10    5.11444E-06   -1.01393E-05    9.98129E-01    9.97827E-01    9.96075E-01
    4.33028E+03    1.20228E+00    3.97356E-05    1.50531E+04    1.53401E-10    4.79629E-06   -1.14191E-05    9.97827E-01    9.97540E-01    9.95514E-01
    4.39051E+03    1.20233E+00    4.82012E-05    1.50531E+04    1.81032E-10    4.52222E-06   -1.26721E-05    9.97540E-01    9.97266E-01    9.94973E-01
    4.45157E+03    1.20238E+00    5.78724E-05    1.50531E+04    2.11455E-10    4.28270E-06   -1.38965E-05    9.97266E-01    9.97003E-01    9.94451E-01
    4.51347E+03    1.20245E+00    6.87389E-05    1.50531E+04    2.44342E-10    4.07063E-06   -1.50921E-05    9.97003E-01    9.96749E-01    9.93946E-01
    4.57623E+03    1.20253E+00    8.08007E-05    1.50531E+04    2.79423E-10    3.88066E-06   -1.62592E-05    9.96749E-01    9.96504E-01    9.93455E-01
    4.63986E+03    1.20263E+00    9.40656E-05    1.50531E+04    3.16467E-10    3.70873E-06   -1.73986E-05    9.96504E-01    9.96266E-01    9.92979E-01
    4.70436E+03    1.20274E+00    1.08548E-04    1.50531E+04    3.55281E-10    3.55172E-06   -1.85112E-05    9.96266E-01    9.96036E-01    9.92516E-01
    4.76976E+03    1.20286E+00    1.24268E-04    1.50531E+04    3.95695E-10    3.40718E-06   -1.95981E-05    9.96036E-01    9.95811E-01    9.92066E-01
    4.83605E+03    1.20300E+00    1.41250E-04    1.50531E+04    4.37564E-10    3.27323E-06   -2.06604E-05    9.95811E-01    9.95593E-01    9.91626E-01
    4.90326E+03    1.20316E+00    1.59521E-04    1.50531E+04    4.80757E-10    3.14836E-06   -2.16990E-05    9.95593E-01    9.95380E-01    9.91197E-01
    4.97140E+03    1.20334E+00    1.79113E-04    1.50531E+04    5.25158E-10    3.03135E-06   -2.27149E-05    9.95380E-01    9.95172E-01    9.90778E-01
    5.04048E+03    1.20354E+00    2.00060E-04    1.50531E+04    5.70661E-10    2.92124E-06   -2.37092E-05    9.95172E-01    9.94969E-01    9.90369E-01
    5.11051E+03    1.20376E+00    2.22399E-04    1.50531E+04    6.17170E-10    2.81722E-06   -2.46827E-05    9.94969E-01    9.94770E-01    9.89968E-01
    5.18151E+03    1.20401E+00    2.46168E-04    1.50531E+04    6.64598E-10    2.71863E-06   -2.56361E-05    9.94770E-01    9.94576E-01    9.89577E-01
    5.25349E+03    1.20428E+00    2.71408E-04    1.50531E+04    7.12863E-10    2.62494E-06   -2.65702E-05    9.94576E-01    9.94385E-01    9.89193E-01
    5.32646E+03    1.20458E+00    2.98161E-04    1.50531E+04    7.61889E-10    2.53567E-06   -2.74856E-05    9.94385E-01    9.94199E-01    9.88817E-01
    5.40044E+03    1.20491E+00    3.26473E-04    1.50531E+04    8.11606E-10    2.45045E-06   -2.83831E-05    9.94199E-01    9.94017E-01    9.88449E-01
    5.47544E+03    1.20526E+00    3.56389E-04    1.50531E+04    8.61946E-10    2.36892E-06   -2.92632E-05    9.94017E-01    9.93838E-01    9.88089E-01
    5.55147E+03    1.20565E+00    3.87957E-04    1.50531E+04    9.12847E-10    2.29081E-06   -3.01264E-05    9.93838E-01    9.93662E-01    9.87735E-01
    5.62856E+03    1.20607E+00    4.21228E-04    1.50531E+04    9.64251E-10    2.21587E-06   -3.09732E-05    9.93662E-01    9.93490E-01    9.87388E-01
    5.70671E+03    1.20653E+00    4.56251E-04    1.50531E+04    1.01610E-09    2.14387E-06   -3.18041E-05    9.93490E-01    9.93322E-01    9.87048E-01
    5.78593E+03    1.20702E+00    4.93080E-04    1.50531E+04    1.06834E-09    2.07462E-06   -3.26196E-05    9.93322E-01    9.93156E-01    9.86714E-01
    5.86625E+03    1.20755E+00    5.31770E-04    1.50531E+04    1.12092E-09    2.00794E-06   -3.34199E-05    9.93156E-01    9.92994E-01    9.86386E-01
    5.94768E+03    1.20812E+00    5.72375E-04    1.50531E+04    1.17380E-09    1.94368E-06   -3.42056E-05    9.92994E-01    9.92834E-01    9.86065E-01
    6.03023E+03    1.20874E+00    6.14953E-04    1.50531E+04    1.22692E-09    1.88170E-06   -3.49769E-05    9.92834E-01    9.92678E-01    9.85749E-01
    6.11392E+03    1.20940E+00    6.59564E-04    1.50531E+04    1.28025E-09    1.82188E-06   -3.57341E-05    9.92678E-01    9.92525E-01    9.85439E-01
    6.19877E+03    1.21011E+00    7.06267E-04    1.50531E+04    1.33373E-09    1.76409E-06   -3.64776E-05    9.92525E-01    9.92374E-01    9.85135E-01
    6.28478E+03    1.21086E+00    7.55124E-04    1.50531E+04    1.38733E-09    1.70824E-06   -3.72077E-05    9.92374E-01    9.92226E-01    9.84836E-01
    6.37199E+03    1.21167E+00    8.06199E-04    1.50531E+04    1.44101E-09    1.65423E-06   -3.79246E-05    9.92226E-01    9.92081E-01    9.84543E-01
    6.46039E+03    1.21253E+00    8.59557E-04    1.50531E+04    1.49473E-09    1.60197E-06   -3.86285E-05    9.92081E-01    9.91938E-01    9.84255E-01
    6.55002E+03    1.21344E+00    9.15263E-04    1.50531E+04    1.54845E-09    1.55137E-06   -3.93198E-05    9.91938E-01    9.91798E-01    9.83973E-01
    6.64089E+03    1.21442E+00    9.73387E-04    1.50531E+04    1.60215E-09    1.50237E-06   -3.99986E-05    9.91798E-01    9.91661E-01    9.83695E-01
    6.73300E+03    1.21545E+00    1.03400E-03    1.50531E+04    1.65577E-09    1.45489E-06   -4.06652E-05    9.91661E-01    9.91526E-01    9.83423E-01
    6.82639E+03    1.21655E+00    1.09716E-03    1.50531E+04    1.70930E-09    1.40887E-06   -4.13197E-05    9.91526E-01    9.91393E-01    9.83155E-01
    6.92107E+03    1.21771E+00    1.16296E-03    1.50531E+04    1.76270E-09    1.36425E-06   -4.19624E-05    9.91393E-01    9.91263E-01    9.82893E-01
    7.01705E+03    1.21894E+00    1.23146E-03    1.50531E+04    1.81594E-09    1.32097E-06   -4.25933E-05    9.91263E-01    9.91135E-01    9.82635E-01
    7.11436E+03    1.22024E+00    1.30275E-03    1.50531E+04    1.86898E-09    1.27898E-06   -4.32128E-05    9.91135E-01    9.91010E-01    9.82382E-01
    7.21301E+03    1.22162E+00    1.37688E-03    1.50531E+04    1.92181E-09    1.23823E-06   -4.38209E-05    9.91010E-01    9.90887E-01    9.82133E-01
    7.31303E+03    1.22307E+00    1.45396E-03    1.50531E+04    1.97438E-09    1.19867E-06   -4.44179E-05    9.90887E-01    9.90766E-01    9.81889E-01
    7.41442E+03    1.22461E+00    1.53405E-03    1.50531E+04    2.02669E-09    1.16026E-06   -4.50038E-05    9.90766E-01    9.90648E-01    9.81650E-01
    7.51721E+03    1.22623E+00    1.61724E-03    1.50531E+04    2.07869E-09    1.12296E-06   -4.55788E-05    9.90648E-01    9.90532E-01    9.81415E-01
    7.62143E+03    1.22793E+00    1.70361E-03    1.50531E+04    2.13036E-09    1.08673E-06   -4.61431E-05    9.90532E-01    9.90418E-01    9.81184E-01
    7.72707E+03    1.22972E+00    1.79325E-03    1.50531E+04    2.18169E-09    1.05153E-06   -4.66967E-05    9.90418E-01    9.90306E-01    9.80958E-01
    7.83418E+03    1.23161E+00    1.88624E-03    1.50531E+04    2.23264E-09    1.01734E-06   -4.72398E-05    9.90306E-01    9.90196E-01    9.80736E-01
    7.94277E+03    1.23359E+00    1.98267E-03    1.50531E+04    2.28319E-09    9.84107E-07   -4.77726E-05    9.90196E-01    9.90089E-01    9.80519E-01
    8.05285E+03    1.23567E+00    2.08264E-03    1.50531E+04    2.33333E-09    9.51814E-07   -4.82951E-05    9.90089E-01    9.89983E-01    9.80305E-01
    8.16445E+03    1.23786E+00    2.18623E-03    1.50531E+04    2.38302E-09    9.20428E-07   -4.88075E-05    9.89983E-01    9.89880E-01    9.80096E-01
    8.27760E+03    1.24015E+00    2.29354E-03    1.50531E+04    2.43226E-09    8.89922E-07   -4.93099E-05    9.89880E-01    9.89778E-01    9.79891E-01
    8.39230E+03    1.24256E+00    2.40467E-03    1.50531E+04    2.48101E-09    8.60270E-07   -4.98023E-05    9.89778E-01    9.89679E-01    9.79689E-01
    8.50859E+03    1.24508E+00    2.51971E-03    1.50531E+04    2.52926E-09    8.31446E-07   -5.02849E-05    9.89679E-01    9.89582E-01    9.79492E-01
    8.62648E+03    1.24772E+00    2.63875E-03    1.50531E+04    2.57700E-09    8.03429E-07   -5.07578E-05    9.89582E-01    9.89486E-01    9.79299E-01
    8.74600E+03    1.25048E+00    2.76191E-03    1.50531E+04    2.62421E-09    7.76194E-07   -5.12211E-05    9.89486E-01    9.89393E-01    9.79110E-01
    8.86717E+03    1.25337E+00    2.88929E-03    1.50531E+04    2.67086E-09    7.49720E-07   -5.16749E-05    9.89393E-01    9.89301E-01    9.78925E-01
    8.99001E+03    1.25639E+00    3.02098E-03    1.50531E+04    2.71695E-09    7.23988E-07   -5.21193E-05    9.89301E-01    9.89212E-01    9.78743E-01
    9.11454E+03    1.25955E+00    3.15711E-03    1.50531E+04    2.76245E-09    6.98977E-07   -5.25544E-05    9.89212E-01    9.89124E-01    9.78566E-01
    9.24080E+03    1.26284E+00    3.29776E-03    1.50531E+04    2.80736E-09    6.74669E-07   -5.29802E-05    9.89124E-01    9.89038E-01    9.78392E-01
    9.36879E+03    1.26629E+00    3.44307E-03    1.50531E+04    2.85166E-09    6.51046E-07   -5.33970E-05    9.89038E-01    9.88954E-01    9.78221E-01
    9.49856E+03    1.26988E+00    3.59313E-03    1.50531E+04    2.89533E-09    6.28092E-07   -5.38046E-05    9.88954E-01    9.88872E-01    9.78055E-01
    9.63011E+03    1.27363E+00    3.74807E-03    1.50531E+04    2.93838E-09    6.05789E-07   -5.42034E-05    9.88872E-01    9.88792E-01    9.77892E-01
    9.76348E+03    1.27754E+00    3.90800E-03    1.50531E+04    2.98077E-09    5.84122E-07   -5.45933E-05    9.88792E-01    9.88714E-01    9.77733E-01
    9.89869E+03    1.28161E+00    4.07304E-03    1.50531E+04    3.02251E-09    5.63076E-07   -5.49745E-05    9.88714E-01    9.88637E-01    9.77577E-01
    1.00358E+04    1.28585E+00    4.24332E-03    1.50531E+04    3.06359E-09    5.42636E-07   -5.53470E-05    9.88637E-01    9.88562E-01    9.77425E-01
    1.01747E+04    1.29027E+00    4.41897E-03    1.50531E+04    3.10399E-09    5.22789E-07   -5.57110E-05    9.88562E-01    9.88489E-01    9.77276E-01
    1.03156E+04    1.29487E+00    4.60009E-03    1.50531E+04    3.14370E-09    5.03521E-07   -5.60665E-05    9.88489E-01    9.88418E-01    9.77131E-01
    1.04584E+04    1.29966E+00    4.78684E-03    1.50531E+04    3.18273E-09    4.84819E-07   -5.64136E-05    9.88418E-01    9.88348E-01    9.76990E-01
    1.06032E+04    1.30464E+00    4.97934E-03    1.50531E+04    3.22106E-09    4.66670E-07   -5.67524E-05    9.88348E-01    9.88280E-01    9.76851E-01
    1.07500E+04    1.30982E+00    5.17773E-03    1.50531E+04    3.25868E-09    4.49062E-07   -5.70831E-05    9.88280E-01    9.88214E-01    9.76716E-01
    1.08989E+04    1.31520E+00    5.38214E-03    1.50531E+04    3.29560E-09    4.31984E-07   -5.74057E-05    9.88214E-01    9.88149E-01    9.76584E-01
    1.10497E+04    1.32079E+00    5.59272E-03    1.50531E+04    3.33180E-09    4.15424E-07   -5.77203E-05    9.88149E-01    9.88086E-01    9.76456E-01
    1.12027E+04    1.32660E+00    5.80962E-03    1.50531E+04    3.36729E-09    3.99372E-07   -5.80270E-05    9.88086E-01    9.88024E-01    9.76331E-01
    1.13578E+04    1.33263E+00    6.03298E-03    1.50531E+04    3.40206E-09    3.83816E-07   -5.83259E-05    9.88024E-01    9.87964E-01    9.76209E-01
    1.15150E+04    1.33890E+00    6.26296E-03    1.50531E+04    3.43611E-09    3.68746E-07   -5.86172E-05    9.87964E-01    9.87906E-01    9.76090E-01
    1.16744E+04    1.34540E+00    6.49971E-03    1.50531E+04    3.46944E-09    3.54151E-07   -5.89009E-05    9.87906E-01    9.87849E-01    9.75974E-01
    1.18359E+04    1.35214E+00    6.74339E-03    1.50531E+04    3.50205E-09    3.40023E-07   -5.91771E-05    9.87849E-01    9.87794E-01    9.75861E-01
    1.19998E+04    1.35913E+00    6.99417E-03    1.50531E+04    3.53393E-09    3.26351E-07   -5.94460E-05    9.87794E-01    9.87740E-01    9.75751E-01
    1.21658E+04    1.36639E+00    7.25222E-03    1.50531E+04    3.56510E-09    3.13127E-07   -5.97076E-05    9.87740E-01    9.87688E-01    9.75645E-01
    1.23342E+04    1.37390E+00    7.51770E-03    1.50531E+04    3.59555E-09    3.00340E-07   -5.99621E-05    9.87688E-01    9.87637E-01    9.75541E-01
    1.25049E+04    1.38169E+00    7.79081E-03    1.50531E+04    3.62528E-09    2.87982E-07   -6.02096E-05    9.87637E-01    9.87587E-01    9.75440E-01
    1.26779E+04    1.38977E+00    8.07172E-03    1.50531E+04    3.65430E-09    2.76044E-07   -6.04501E-05    9.87587E-01    9.87539E-01    9.75341E-01
    1.28533E+04    1.39813E+00    8.36061E-03    1.50531E+04    3.68261E-09    2.64518E-07   -6.06839E-05    9.87539E-01    9.87492E-01    9.75246E-01
    1.30312E+04    1.40678E+00    8.65770E-03    1.50531E+04    3.71021E-09    2.53395E-07   -6.09110E-05    9.87492E-01    9.87447E-01    9.75153E-01
    1.32115E+04    1.41575E+00    8.96316E-03    1.50531E+04    3.73713E-09    2.42667E-07   -6.11316E-05    9.87447E-01    9.87403E-01    9.75063E-01
    1.33943E+04    1.42502E+00    9.27722E-03    1.50531E+04    3.76335E-09    2.32326E-07   -6.13457E-05    9.87403E-01    9.87360E-01    9.74976E-01
    1.35796E+04    1.43462E+00    9.60007E-03    1.50531E+04    3.78889E-09    2.22364E-07   -6.15535E-05    9.87360E-01    9.87319E-01    9.74891E-01
    1.37675E+04    1.44456E+00    9.93195E-03    1.50531E+04    3.81375E-09    2.12773E-07   -6.17552E-05    9.87319E-01    9.87278E-01    9.74808E-01
    1.39579E+04    1.45483E+00    1.02731E-02    1.50531E+04    3.83795E-09    2.03547E-07   -6.19508E-05    9.87278E-01    9.87239E-01    9.74729E-01
    1.41510E+04    1.46545E+00    1.06237E-02    1.50531E+04    3.86149E-09    1.94677E-07   -6.21406E-05    9.87239E-01    9.87202E-01    9.74651E-01
    1.43468E+04    1.47644E+00    1.09840E-02    1.50531E+04    3.88438E-09    1.86156E-07   -6.23245E-05    9.87202E-01    9.87165E-01    9.74576E-01
    1.45453E+04    1.48779E+00    1.13543E-02    1.50531E+04    3.90664E-09    1.77978E-07   -6.25029E-05    9.87165E-01    9.87129E-01    9.74503E-01
    1.47465E+04    1.49953E+00    1.17349E-02    1.50531E+04    3.92828E-09    1.70135E-07   -6.26757E-05    9.87129E-01    9.87095E-01    9.74433E-01
    1.49504E+04    1.51165E+00    1.21260E-02    1.50531E+04    3.94930E-09    1.62620E-07   -6.28433E-05    9.87095E-01    9.87061E-01    9.74364E-01
    1.51572E+04    1.52418E+00    1.25278E-02    1.50531E+04    3.96973E-09    1.55428E-07   -6.30056E-05    9.87061E-01    9.87029E-01    9.74298E-01
    1.53669E+04    1.53712E+00    1.29407E-02    1.50531E+04    3.98957E-09    1.48551E-07   -6.31629E-05    9.87029E-01    9.86998E-01    9.74234E-01
    1.55794E+04    1.55049E+00    1.33650E-02    1.50531E+04    4.00885E-09    1.41983E-07   -6.33153E-05    9.86998E-01    9.86967E-01    9.74171E-01
    1.57949E+04    1.56429E+00    1.38010E-02    1.50531E+04    4.02757E-09    1.35719E-07   -6.34630E-05    9.86967E-01    9.86938E-01    9.74111E-01
    1.60133E+04    1.57854E+00    1.42490E-02    1.50531E+04    4.04576E-09    1.29752E-07   -6.36061E-05    9.86938E-01    9.86909E-01    9.74053E-01
    1.62348E+04    1.59325E+00    1.47093E-02    1.50531E+04    4.06342E-09    1.24077E-07   -6.37448E-05    9.86909E-01    9.86882E-01    9.73996E-01
    1.64593E+04    1.60843E+00    1.51824E-02    1.50531E+04    4.08058E-09    1.18689E-07   -6.38793E-05    9.86882E-01    9.86855E-01    9.73941E-01
    1.66869E+04    1.62410E+00    1.56685E-02    1.50531E+04    4.09726E-09    1.13582E-07   -6.40097E-05    9.86855E-01    9.86829E-01    9.73888E-01
    1.69176E+04    1.64026E+00    1.61682E-02    1.50531E+04    4.11347E-09    1.08752E-07   -6.41362E-05    9.86829E-01    9.86804E-01    9.73836E-01
    1.71516E+04    1.65695E+00    1.66816E-02    1.50531E+04    4.12924E-09    1.04194E-07   -6.42591E-05    9.86804E-01    9.86779E-01    9.73786E-01
    1.73887E+04    1.67416E+00    1.72094E-02    1.50531E+04    4.14458E-09    9.99027E-08   -6.43783E-05    9.86779E-01    9.86755E-01    9.73737E-01
    1.76292E+04    1.69191E+00    1.77519E-02    1.50531E+04    4.15952E-09    9.58755E-08   -6.44943E-05    9.86755E-01    9.86732E-01    9.73690E-01
    1.78729E+04    1.71022E+00    1.83096E-02    1.50531E+04    4.17409E-09    9.21082E-08   -6.46071E-05    9.86732E-01    9.86709E-01    9.73644E-01
    1.81201E+04    1.72910E+00    1.88830E-02    1.50531E+04    4.18830E-09    8.85975E-08   -6.47170E-05    9.86709E-01    9.86687E-01    9.73599E-01
    1.83706E+04    1.74857E+00    1.94726E-02    1.50531E+04    4.20218E-09    8.53406E-08   -6.48241E-05    9.86687E-01    9.86666E-01    9.73555E-01
    1.86246E+04    1.76865E+00    2.00789E-02    1.50531E+04    4.21575E-09    8.23351E-08   -6.49288E-05    9.86666E-01    9.86645E-01    9.73513E-01
    1.88821E+04    1.78935E+00    2.07025E-02    1.50531E+04    4.22905E-09    7.95790E-08   -6.50311E-05    9.86645E-01    9.86624E-01    9.73471E-01
    1.91431E+04    1.81070E+00    2.13441E-02    1.50531E+04    4.24210E-09    7.70710E-08   -6.51314E-05    9.86624E-01    9.86604E-01    9.73430E-01
    1.94078E+04    1.83270E+00    2.20041E-02    1.50531E+04    4.25494E-09    7.48101E-08   -6.52298E-05    9.86604E-01    9.86584E-01    9.73390E-01
    1.96761E+04    1.85539E+00    2.26834E-02    1.50531E+04    4.26759E-09    7.27962E-08   -6.53267E-05    9.86584E-01    9.86564E-01    9.73350E-01
    1.99481E+04    1.87877E+00    2.33826E-02    1.50531E+04    4.28008E-09    7.10298E-08   -6.54223E-05    9.86564E-01    9.86545E-01    9.73311E-01
    2.02238E+04    1.90287E+00    2.41025E-02    1.50531E+04    4.29246E-09    6.95122E-08   -6.55169E-05    9.86545E-01    9.86525E-01    9.73273E-01
    2.05034E+04    1.92771E+00    2.48439E-02    1.50531E+04    4.30476E-09    6.82454E-08   -6.56107E-05    9.86525E-01    9.86506E-01    9.73234E-01
    2.07868E+04    1.95332E+00    2.56076E-02    1.50531E+04    4.31702E-09    6.72326E-08   -6.57040E-05    9.86506E-01    9.86487E-01    9.73196E-01
    2.10741E+04    1.97972E+00    2.63946E-02    1.50531E+04    4.32929E-09    6.64779E-08   -6.57973E-05    9.86487E-01    9.86468E-01    9.73158E-01
    2.13654E+04    2.00692E+00    2.72059E-02    1.50531E+04    4.34160E-09    6.59864E-08   -6.58908E-05    9.86468E-01    9.86448E-01    9.73120E-01
    2.16607E+04    2.03496E+00    2.80424E-02    1.50531E+04    4.35400E-09    6.57647E-08   -6.59848E-05    9.86448E-01    9.86429E-01    9.73081E-01
    2.19601E+04    2.06387E+00    2.89054E-02    1.50531E+04    4.36655E-09    6.58209E-08   -6.60798E-05    9.86429E-01    9.86409E-01    9.73043E-01
    2.22637E+04    2.09367E+00    2.97961E-02    1.50531E+04    4.37930E-09    6.61646E-08   -6.61763E-05    9.86409E-01    9.86389E-01    9.73003E-01
    2.25714E+04    2.12438E+00    3.07158E-02    1.50531E+04    4.39232E-09    6.68071E-08   -6.62745E-05    9.86389E-01    9.86368E-01    9.72963E-01
    2.28833E+04    2.15605E+00    3.16660E-02    1.50531E+04    4.40566E-09    6.77619E-08   -6.63751E-05    9.86368E-01    9.86347E-01    9.72922E-01
    2.31996E+04    2.18870E+00    3.26482E-02    1.50531E+04    4.41941E-09    6.90450E-08   -6.64786E-05    9.86347E-01    9.86325E-01    9.72880E-01
    2.35202E+04    2.22236E+00    3.36641E-02    1.50531E+04    4.43362E-09    7.06746E-08   -6.65854E-05    9.86325E-01    9.86302E-01    9.72836E-01
    2.38453E+04    2.25708E+00    3.47157E-02    1.50531E+04    4.44840E-09    7.26722E-08   -6.66963E-05    9.86302E-01    9.86278E-01    9.72791E-01
    2.41748E+04    2.29288E+00    3.58049E-02    1.50531E+04    4.46383E-09    7.50628E-08   -6.68119E-05    9.86278E-01    9.86253E-01    9.72744E-01
    2.45089E+04    2.32982E+00    3.69341E-02    1.50531E+04    4.48002E-09    7.78751E-08   -6.69329E-05    9.86253E-01    9.86227E-01    9.72694E-01
    2.48476E+04    2.36792E+00    3.81058E-02    1.50531E+04    4.49707E-09    8.11424E-08   -6.70602E-05    9.86227E-01    9.86199E-01    9.72642E-01
    2.51910E+04    2.40724E+00    3.93227E-02    1.50531E+04    4.51513E-09    8.49035E-08   -6.71946E-05    9.86199E-01    9.86170E-01    9.72587E-01
    2.55391E+04    2.44783E+00    4.05880E-02    1.50531E+04    4.53431E-09    8.92031E-08   -6.73373E-05    9.86170E-01    9.86139E-01    9.72529E-01
    2.58920E+04    2.48974E+00    4.19052E-02    1.50531E+04    4.55480E-09    9.40930E-08   -6.74892E-05    9.86139E-01    9.86105E-01    9.72467E-01
    2.62498E+04    2.53302E+00    4.32781E-02    1.50531E+04    4.57675E-09    9.96336E-08   -6.76516E-05    9.86105E-01    9.86070E-01    9.72401E-01
    2.66125E+04    2.57773E+00    4.47113E-02    1.50531E+04    4.60038E-09    1.05895E-07   -6.78260E-05    9.86070E-01    9.86031E-01    9.72330E-01
    2.69802E+04    2.62394E+00    4.62096E-02    1.50531E+04    4.62590E-09    1.12959E-07   -6.80139E-05    9.86031E-01    9.85989E-01    9.72253E-01
    2.73530E+04    2.67171E+00    4.77788E-02    1.50531E+04    4.65358E-09    1.20923E-07   -6.82170E-05    9.85989E-01    9.85944E-01    9.72170E-01
    2.77310E+04    2.72114E+00    4.94254E-02    1.50531E+04    4.68371E-09    1.29898E-07   -6.84375E-05    9.85944E-01    9.85894E-01    9.72080E-01
    2.81141E+04    2.77230E+00    5.11569E-02    1.50531E+04    4.71663E-09    1.40019E-07   -6.86776E-05    9.85894E-01    9.85840E-01    9.71982E-01
    2.85026E+04    2.82528E+00    5.29819E-02    1.50531E+04    4.75274E-09    1.51443E-07   -6.89400E-05    9.85840E-01    9.85781E-01    9.71875E-01
    2.88964E+04    2.88019E+00    5.49107E-02    1.50531E+04    4.79249E-09    1.64361E-07   -6.92276E-05    9.85781E-01    9.85716E-01    9.71757E-01
    2.92956E+04    2.93714E+00    5.69548E-02    1.50531E+04    4.83642E-09    1.79000E-07   -6.95441E-05    9.85716E-01    9.85644E-01    9.71628E-01
    2.97004E+04    2.99627E+00    5.91283E-02    1.50531E+04    4.88514E-09    1.95633E-07   -6.98935E-05    9.85644E-01    9.85564E-01    9.71485E-01
    3.01107E+04    3.05772E+00    6.14475E-02    1.50531E+04    4.93941E-09    2.14598E-07   -7.02806E-05    9.85564E-01    9.85475E-01    9.71327E-01
    3.05267E+04    3.12165E+00    6.39322E-02    1.50531E+04    5.00010E-09    2.36305E-07   -7.07110E-05    9.85475E-01    9.85376E-01    9.71151E-01
    3.09485E+04    3.18826E+00    6.66059E-02    1.50531E+04    5.06828E-09    2.61267E-07   -7.11914E-05    9.85376E-01    9.85266E-01    9.70955E-01
    3.13760E+04    3.25776E+00    6.94975E-02    1.50531E+04    5.14525E-09    2.90126E-07   -7.17298E-05    9.85266E-01    9.85141E-01    9.70735E-01
    3.18095E+04    3.33040E+00    7.26422E-02    1.50531E+04    5.23257E-09    3.23696E-07   -7.23358E-05    9.85141E-01    9.84999E-01    9.70487E-01
    3.22489E+04    3.40648E+00    7.60838E-02    1.50531E+04    5.33220E-09    3.63028E-07   -7.30210E-05    9.84999E-01    9.84839E-01    9.70207E-01
    3.26944E+04    3.48636E+00    7.98770E-02    1.50531E+04    5.44660E-09    4.09490E-07   -7.38000E-05    9.84839E-01    9.84655E-01    9.69889E-01
    3.31461E+04    3.57045E+00    8.40917E-02    1.50531E+04    5.57887E-09    4.64905E-07   -7.46904E-05    9.84655E-01    9.84444E-01    9.69525E-01
    3.36040E+04    3.65927E+00    8.88180E-02    1.50531E+04    5.73302E-09    5.31739E-07   -7.57148E-05    9.84444E-01    9.84199E-01    9.69106E-01
    3.40682E+04    3.75344E+00    9.41743E-02    1.50531E+04    5.91431E-09    6.13408E-07   -7.69021E-05    9.84199E-01    9.83912E-01    9.68620E-01
    3.45388E+04    3.85376E+00    1.00319E-01    1.50531E+04    6.12980E-09    7.14772E-07   -7.82897E-05    9.83912E-01    9.83573E-01    9.68052E-01
    3.50159E+04    3.96123E+00    1.07471E-01    1.50531E+04    6.38914E-09    8.42954E-07   -7.99276E-05    9.83573E-01    9.83168E-01    9.67382E-01
    3.54996E+04    4.07717E+00    1.15937E-01    1.50531E+04    6.70597E-09    1.00878E-06   -8.18838E-05    9.83168E-01    9.82677E-01    9.66580E-01
    3.59900E+04    4.20334E+00    1.26165E-01    1.50531E+04    7.10016E-09    1.22945E-06   -8.42535E-05    9.82677E-01    9.82070E-01    9.65609E-01
    3.64871E+04    4.34217E+00    1.38836E-01    1.50531E+04    7.60190E-09    1.53384E-06   -8.71754E-05    9.82070E-01    9.81302E-01    9.64410E-01
    3.69911E+04    4.49721E+00    1.55038E-01    1.50531E+04    8.25938E-09    1.97390E-06   -9.08597E-05    9.81302E-01    9.80300E-01    9.62896E-01
    3.75021E+04    4.67383E+00    1.76621E-01    1.50531E+04    9.15467E-09    2.65214E-06   -9.56433E-05    9.80300E-01    9.78936E-01    9.60925E-01
    3.80201E+04    4.88085E+00    2.07018E-01    1.50531E+04    1.04399E-08    3.79837E-06   -1.02105E-04    9.78936E-01    9.76955E-01    9.58252E-01
    3.85452E+04    5.13422E+00    2.53369E-01    1.50531E+04    1.24318E-08    6.03320E-06   -1.11335E-04    9.76955E-01    9.73765E-01    9.54401E-01
    3.90776E+04    5.46756E+00    3.33341E-01    1.50531E+04    1.59132E-08    1.15849E-05   -1.25615E-04    9.73765E-01    9.67555E-01    9.48318E-01
    3.96174E+04    5.97544E+00    5.07882E-01    1.50531E+04    2.35897E-08    3.25943E-05   -1.50091E-04    9.67555E-01    9.49842E-01    9.37150E-01
    4.01646E+04    7.47810E+00    1.50266E+00    1.50531E+04    6.79065E-08    1.77503E-04   -1.90786E-04    9.49842E-01    8.52048E-01    9.11193E-01
