 # rho, F_z,dF_z, z(rho), E2 (=>sigma2=e0^2*E2), Er, Ez, Ui,j , Ui+1,j , Ui,j-1
    2.50000E-01    8.35920E-05    8.35920E-05    0.00000E+00    6.68736E-04    6.60115E-03   -2.50032E-02    9.84198E-01    9.80897E-01    9.71696E-01
    7.41583E-01    2.41768E-04    1.58176E-04    5.00000E-01    4.41454E-04    2.42870E-03   -2.08700E-02    9.91332E-01    9.90159E-01    9.80897E-01
    1.22999E+00    4.94371E-04    2.52603E-04    5.00000E-01    4.16023E-04    7.73710E-04   -2.03820E-02    9.90159E-01    9.89777E-01    9.79968E-01
    1.72900E+00    8.63383E-04    3.69012E-04    5.00000E-01    4.23159E-04    4.29375E-04   -2.05664E-02    9.89777E-01    9.89560E-01    9.79494E-01
    2.23883E+00    1.36440E-03    5.01013E-04    5.00000E-01    4.34272E-04    3.76641E-04   -2.08358E-02    9.89560E-01    9.89366E-01    9.79142E-01
    2.75973E+00    2.01460E-03    6.50206E-04    5.00000E-01    4.47502E-04    4.29565E-04   -2.11499E-02    9.89366E-01    9.89140E-01    9.78791E-01
    3.29193E+00    2.83626E-03    8.21661E-04    5.00000E-01    4.64012E-04    5.60586E-04   -2.15336E-02    9.89140E-01    9.88838E-01    9.78373E-01
    3.83568E+00    3.86016E-03    1.02389E-03    5.00000E-01    4.85709E-04    8.09934E-04   -2.20239E-02    9.88838E-01    9.88393E-01    9.77826E-01
    4.39123E+00    5.13063E-03    1.27047E-03    5.00000E-01    5.15252E-04    1.32860E-03   -2.26602E-02    9.88393E-01    9.87647E-01    9.77063E-01
    4.95884E+00    6.71310E-03    1.58247E-03    5.00000E-01    5.56253E-04    2.63091E-03   -2.34378E-02    9.87647E-01    9.86138E-01    9.75928E-01
    5.53876E+00    8.72927E-03    2.01617E-03    5.00000E-01    6.21024E-04    6.72662E-03   -2.39954E-02    9.86138E-01    9.82195E-01    9.74140E-01
    6.13127E+00    1.04074E-02    1.67811E-03    9.83165E-01    4.57025E-04    4.62475E-03   -2.08719E-02    9.92631E-01    9.89862E-01    9.82195E-01
    6.73663E+00    1.23502E-02    1.94281E-03    9.83165E-01    4.71340E-04    3.71052E-03   -2.13909E-02    9.89862E-01    9.87591E-01    9.79166E-01
    7.35513E+00    1.49399E-02    2.58971E-03    9.83165E-01    5.63228E-04    7.25811E-03   -2.25953E-02    9.87591E-01    9.83054E-01    9.76294E-01
    7.98705E+00    1.70404E-02    2.10051E-03    1.47682E+00    4.11754E-04    4.51092E-03   -1.97840E-02    9.92613E-01    9.89732E-01    9.83054E-01
    8.63269E+00    1.96082E-02    2.56778E-03    1.47682E+00    4.55815E-04    3.92310E-03   -2.09863E-02    9.89732E-01    9.87172E-01    9.79592E-01
    9.29233E+00    2.32191E-02    3.61094E-03    1.47682E+00    5.82839E-04    8.14199E-03   -2.27277E-02    9.87172E-01    9.81743E-01    9.76190E-01
    9.96629E+00    2.62643E-02    3.04517E-03    1.98118E+00    4.48547E-04    5.83754E-03   -2.03585E-02    9.91793E-01    9.87817E-01    9.81743E-01
    1.06549E+01    3.03561E-02    4.09178E-03    1.98118E+00    5.51785E-04    8.82531E-03   -2.17692E-02    9.87817E-01    9.81674E-01    9.77070E-01
    1.13584E+01    3.38272E-02    3.47112E-03    2.49649E+00    4.29770E-04    6.16842E-03   -1.97919E-02    9.91657E-01    9.87271E-01    9.81674E-01
    1.20772E+01    3.88603E-02    5.03313E-03    2.49649E+00    5.73629E-04    1.01073E-02   -2.17134E-02    9.87271E-01    9.79927E-01    9.76319E-01
    1.28116E+01    4.37186E-02    4.85827E-03    3.02297E+00    5.10875E-04    1.04660E-02   -2.00335E-02    9.90251E-01    9.82482E-01    9.79927E-01
    1.35619E+01    4.74128E-02    3.69417E-03    3.56089E+00    3.59177E-04    6.37752E-03   -1.78467E-02    9.91878E-01    9.87042E-01    9.82482E-01
    1.43285E+01    5.35295E-02    6.11678E-03    3.56089E+00    5.50949E-04    1.08810E-02   -2.07979E-02    9.87042E-01    9.78611E-01    9.76092E-01
    1.51118E+01    6.00784E-02    6.54886E-03    4.11047E+00    5.47415E-04    1.22249E-02   -1.99491E-02    9.89342E-01    9.79664E-01    9.78611E-01
    1.59120E+01    6.63065E-02    6.22806E-03    4.67199E+00    4.83917E-04    1.21117E-02   -1.83637E-02    9.89756E-01    9.79960E-01    9.79664E-01
    1.67296E+01    7.25934E-02    6.28698E-03    5.24569E+00    4.54753E-04    1.20010E-02   -1.76275E-02    9.89858E-01    9.79941E-01    9.79960E-01
    1.75650E+01    7.91151E-02    6.52168E-03    5.83183E+00    4.39752E-04    1.19786E-02   -1.72124E-02    9.89815E-01    9.79702E-01    9.79941E-01
    1.84184E+01    8.60215E-02    6.90636E-03    6.43070E+00    4.34680E-04    1.20835E-02   -1.69903E-02    9.89660E-01    9.79237E-01    9.79702E-01
    1.92904E+01    9.35081E-02    7.48660E-03    7.04256E+00    4.40344E-04    1.23983E-02   -1.69301E-02    9.89376E-01    9.78448E-01    9.79237E-01
    2.01813E+01    1.01941E-01    8.43303E-03    7.66770E+00    4.64044E-04    1.31782E-02   -1.70405E-02    9.88875E-01    9.77008E-01    9.78448E-01
    2.10916E+01    1.12470E-01    1.05286E-02    8.30640E+00    5.42580E-04    1.56249E-02   -1.72754E-02    9.87808E-01    9.73432E-01    9.77008E-01
    2.20216E+01    1.19105E-01    6.63574E-03    9.62569E+00    3.20568E-04    1.32901E-02   -1.19976E-02    9.90451E-01    9.77958E-01    9.82622E-01
    2.29718E+01    1.29665E-01    1.05597E-02    1.03069E+01    4.78643E-04    1.58499E-02   -1.50806E-02    9.88013E-01    9.72791E-01    9.77958E-01
    2.39426E+01    1.38305E-01    8.63936E-03    1.17139E+01    3.67741E-04    1.55467E-02   -1.12268E-02    9.89478E-01    9.74223E-01    9.81664E-01
    2.49345E+01    1.46597E-01    8.29208E-03    1.31827E+01    3.31720E-04    1.51296E-02   -1.01399E-02    9.89737E-01    9.74570E-01    9.82371E-01
    2.59479E+01    1.55006E-01    8.40909E-03    1.47159E+01    3.16397E-04    1.50325E-02   -9.50893E-03    9.89682E-01    9.74285E-01    9.82471E-01
    2.69832E+01    1.64323E-01    9.31716E-03    1.63164E+01    3.29953E-04    1.57474E-02   -9.05388E-03    9.89229E-01    9.72749E-01    9.82062E-01
    2.80411E+01    1.71966E-01    7.64290E-03    1.88498E+01    2.54919E-04    1.45002E-02   -6.68294E-03    9.90382E-01    9.74878E-01    9.84740E-01
    2.91219E+01    1.78850E-01    6.88394E-03    2.15516E+01    2.16388E-04    1.35311E-02   -5.77041E-03    9.90748E-01    9.75967E-01    9.85552E-01
    3.02262E+01    1.85201E-01    6.35126E-03    2.44332E+01    1.88265E-04    1.27321E-02   -5.11455E-03    9.90962E-01    9.76751E-01    9.86050E-01
    3.13544E+01    1.91101E-01    5.89970E-03    2.75065E+01    1.65006E-04    1.20050E-02   -4.57017E-03    9.91132E-01    9.77443E-01    9.86451E-01
    3.25071E+01    1.96542E-01    5.44120E-03    3.07842E+01    1.43669E-04    1.12659E-02   -4.09253E-03    9.91323E-01    9.78197E-01    9.86852E-01
    3.36848E+01    2.01270E-01    4.72815E-03    3.42800E+01    1.17918E-04    1.02159E-02   -3.68135E-03    9.91713E-01    9.79552E-01    9.87424E-01
    3.48881E+01    2.06933E-01    5.66311E-03    3.67388E+01    1.33468E-04    1.07349E-02   -4.26966E-03    9.90714E-01    9.77659E-01    9.85522E-01
    3.61175E+01    2.11568E-01    4.63513E-03    4.06306E+01    1.03281E-04    9.62794E-03   -3.25324E-03    9.91600E-01    9.79636E-01    9.87380E-01
    3.73735E+01    2.16981E-01    5.41288E-03    4.33680E+01    1.14082E-04    1.00094E-02   -3.72751E-03    9.90722E-01    9.78015E-01    9.85675E-01
    3.86568E+01    2.21330E-01    4.34923E-03    4.77009E+01    8.67390E-05    8.88506E-03   -2.79188E-03    9.91686E-01    9.80161E-01    9.87654E-01
    3.99680E+01    2.26138E-01    4.80771E-03    5.07485E+01    9.07675E-05    8.96768E-03   -3.21687E-03    9.91040E-01    9.79156E-01    9.86191E-01
    4.13076E+01    2.31393E-01    5.25449E-03    5.39297E+01    9.39467E-05    9.15966E-03   -3.16975E-03    9.90605E-01    9.78203E-01    9.85618E-01
    4.26763E+01    2.35517E-01    4.12464E-03    5.89652E+01    6.98645E-05    8.04253E-03   -2.27647E-03    9.91704E-01    9.80578E-01    9.87883E-01
    4.40747E+01    2.39938E-01    4.42067E-03    6.25069E+01    7.09631E-05    8.00583E-03   -2.62101E-03    9.91205E-01    9.79889E-01    9.86613E-01
    4.55035E+01    2.44458E-01    4.51991E-03    6.62041E+01    6.87854E-05    7.88396E-03   -2.57462E-03    9.91049E-01    9.79664E-01    9.86341E-01
    4.69632E+01    2.49009E-01    4.55174E-03    7.00634E+01    6.56912E-05    7.71917E-03   -2.47096E-03    9.90978E-01    9.79589E-01    9.86261E-01
    4.84546E+01    2.53558E-01    4.54876E-03    7.40920E+01    6.22762E-05    7.53247E-03   -2.35332E-03    9.90945E-01    9.79591E-01    9.86256E-01
    4.99784E+01    2.58079E-01    4.52054E-03    7.82973E+01    5.87285E-05    7.33105E-03   -2.23253E-03    9.90939E-01    9.79649E-01    9.86295E-01
    5.15352E+01    2.62546E-01    4.46712E-03    8.26872E+01    5.50860E-05    7.11504E-03   -2.11239E-03    9.90959E-01    9.79763E-01    9.86373E-01
    5.31259E+01    2.66924E-01    4.37812E-03    8.72696E+01    5.12597E-05    6.87611E-03   -1.99469E-03    9.91015E-01    9.79960E-01    9.86494E-01
    5.47510E+01    2.71136E-01    4.21234E-03    9.20531E+01    4.68384E-05    6.57981E-03   -1.88269E-03    9.91146E-01    9.80338E-01    9.86691E-01
    5.64114E+01    2.74865E-01    3.72868E-03    9.70465E+01    3.93854E-05    6.00884E-03   -1.81087E-03    9.91584E-01    9.81499E-01    9.87111E-01
    5.81079E+01    2.80345E-01    5.47978E-03    9.96247E+01    5.49986E-05    6.70774E-03   -3.16306E-03    9.89481E-01    9.77980E-01    9.81499E-01
    5.98411E+01    2.84985E-01    4.64003E-03    1.04950E+02    4.42610E-05    6.40299E-03   -1.80628E-03    9.90652E-01    9.79434E-01    9.85893E-01
    6.16120E+01    2.89305E-01    4.32047E-03    1.10509E+02    3.91781E-05    6.04796E-03   -1.61253E-03    9.90971E-01    9.80146E-01    9.86537E-01
    6.34213E+01    2.93079E-01    3.77380E-03    1.16312E+02    3.25385E-05    5.49635E-03   -1.52599E-03    9.91489E-01    9.81438E-01    9.87109E-01
    6.52699E+01    2.98504E-01    5.42511E-03    1.19309E+02    4.44863E-05    6.08003E-03   -2.74218E-03    9.89479E-01    9.78119E-01    9.81438E-01
    6.71585E+01    3.02983E-01    4.47888E-03    1.25498E+02    3.49361E-05    5.71643E-03   -1.50284E-03    9.90753E-01    9.79841E-01    9.86152E-01
    6.90882E+01    3.06823E-01    3.83969E-03    1.31958E+02    2.84955E-05    5.16132E-03   -1.36246E-03    9.91391E-01    9.81325E-01    9.87038E-01
    7.10597E+01    3.12259E-01    5.43661E-03    1.35294E+02    3.83942E-05    5.67535E-03   -2.48687E-03    9.89445E-01    9.78135E-01    9.81325E-01
    7.30740E+01    3.16697E-01    4.43807E-03    1.42184E+02    2.98310E-05    5.29969E-03   -1.32071E-03    9.90769E-01    9.79979E-01    9.86267E-01
    7.51320E+01    3.20462E-01    3.76472E-03    1.49377E+02    2.40891E-05    4.76113E-03   -1.19195E-03    9.91453E-01    9.81549E-01    9.87212E-01
    7.72347E+01    3.25687E-01    5.22461E-03    1.53091E+02    3.18296E-05    5.18581E-03   -2.22194E-03    9.89626E-01    9.78604E-01    9.81549E-01
    7.93830E+01    3.29618E-01    3.93158E-03    1.60762E+02    2.28090E-05    4.62909E-03   -1.17495E-03    9.91243E-01    9.81192E-01    9.86785E-01
    8.15780E+01    3.34983E-01    5.36487E-03    1.64723E+02    2.96435E-05    5.00662E-03   -2.13947E-03    9.89486E-01    9.78379E-01    9.81192E-01
    8.38205E+01    3.38971E-01    3.98774E-03    1.72904E+02    2.09892E-05    4.44704E-03   -1.10138E-03    9.91180E-01    9.81101E-01    9.86723E-01
    8.61117E+01    3.44369E-01    5.39840E-03    1.77129E+02    2.70707E-05    4.79450E-03   -2.02074E-03    9.89456E-01    9.78352E-01    9.81101E-01
    8.84527E+01    3.48355E-01    3.98604E-03    1.85854E+02    1.90460E-05    4.24246E-03   -1.02349E-03    9.91181E-01    9.81143E-01    9.86764E-01
    9.08444E+01    3.53702E-01    5.34663E-03    1.90360E+02    2.43462E-05    4.55511E-03   -1.89662E-03    9.89507E-01    9.78495E-01    9.81143E-01
    9.32881E+01    3.57554E-01    3.85181E-03    1.99666E+02    1.67173E-05    3.97651E-03   -9.51106E-04    9.91320E-01    9.81499E-01    9.86942E-01
    9.57847E+01    3.62496E-01    4.94246E-03    2.04471E+02    2.04479E-05    4.15449E-03   -1.78555E-03    9.89896E-01    9.79412E-01    9.81499E-01
    9.83356E+01    3.68458E-01    5.96147E-03    2.09380E+02    2.35138E-05    4.42718E-03   -1.97834E-03    9.88918E-01    9.77504E-01    9.79412E-01
    1.00942E+02    3.72645E-01    4.18669E-03    2.19521E+02    1.57455E-05    3.86597E-03   -8.94290E-04    9.90974E-01    9.80790E-01    9.86488E-01
    1.03605E+02    3.78168E-01    5.52356E-03    2.24757E+02    1.98095E-05    4.12472E-03   -1.67218E-03    9.89359E-01    9.78258E-01    9.80790E-01
    1.06325E+02    3.82112E-01    3.94426E-03    2.35572E+02    1.34908E-05    3.58275E-03   -8.09172E-04    9.91233E-01    9.81381E-01    9.86904E-01
    1.09105E+02    3.87115E-01    5.00254E-03    2.41156E+02    1.63205E-05    3.73023E-03   -1.55108E-03    9.89859E-01    9.79379E-01    9.81381E-01
    1.11945E+02    3.93065E-01    5.95034E-03    2.46861E+02    1.85183E-05    3.94714E-03   -1.71419E-03    9.88952E-01    9.77622E-01    9.79379E-01
    1.14846E+02    3.97139E-01    4.07391E-03    2.58646E+02    1.20958E-05    3.39495E-03   -7.55033E-04    9.91098E-01    9.81142E-01    9.86697E-01
    1.17810E+02    4.02260E-01    5.12082E-03    2.64731E+02    1.45068E-05    3.52332E-03   -1.44672E-03    9.89758E-01    9.79201E-01    9.81142E-01
    1.20839E+02    4.08302E-01    6.04255E-03    2.70948E+02    1.63344E-05    3.71503E-03   -1.59153E-03    9.88886E-01    9.77513E-01    9.79201E-01
    1.23934E+02    4.12423E-01    4.12035E-03    2.83790E+02    1.06295E-05    3.18677E-03   -6.88476E-04    9.91060E-01    9.81092E-01    9.86687E-01
    1.27096E+02    4.17573E-01    5.14971E-03    2.90420E+02    1.26794E-05    3.30172E-03   -1.33344E-03    9.89746E-01    9.79195E-01    9.81092E-01
    1.30326E+02    4.23608E-01    6.03553E-03    2.97195E+02    1.41843E-05    3.46960E-03   -1.46497E-03    9.88909E-01    9.77581E-01    9.79195E-01
    1.33626E+02    4.27680E-01    4.07241E-03    3.11188E+02    9.13605E-06    2.95728E-03   -6.24918E-04    9.91118E-01    9.81253E-01    9.86793E-01
    1.36998E+02    4.32689E-01    5.00813E-03    3.18413E+02    1.07260E-05    3.03833E-03   -1.22251E-03    9.89898E-01    9.79543E-01    9.81253E-01
    1.40443E+02    4.38323E-01    5.63424E-03    3.25795E+02    1.15209E-05    3.11469E-03   -1.34893E-03    9.89289E-01    9.78444E-01    9.79543E-01
    1.43963E+02    4.44680E-01    6.35716E-03    3.33337E+02    1.24120E-05    3.24069E-03   -1.38198E-03    9.88645E-01    9.77116E-01    9.78444E-01
    1.47560E+02    4.48892E-01    4.21240E-03    3.48916E+02    7.85357E-06    2.74460E-03   -5.66348E-04    9.90987E-01    9.81010E-01    9.86623E-01
    1.51234E+02    4.54039E-01    5.14671E-03    3.56959E+02    9.16352E-06    2.81437E-03   -1.11483E-03    9.89787E-01    9.79335E-01    9.81010E-01
    1.54988E+02    4.59797E-01    5.75818E-03    3.65178E+02    9.79142E-06    2.87875E-03   -1.22647E-03    9.89201E-01    9.78278E-01    9.79335E-01
    1.58824E+02    4.66260E-01    6.46269E-03    3.73574E+02    1.04962E-05    2.98746E-03   -1.25351E-03    9.88579E-01    9.76998E-01    9.78278E-01
    1.62742E+02    4.70539E-01    4.27860E-03    3.90918E+02    6.63762E-06    2.52632E-03   -5.05310E-04    9.90935E-01    9.80928E-01    9.86600E-01
    1.66746E+02    4.75744E-01    5.20521E-03    3.99874E+02    7.71384E-06    2.58848E-03   -1.00679E-03    9.89753E-01    9.79278E-01    9.80928E-01
    1.70837E+02    4.81543E-01    5.79907E-03    4.09023E+02    8.20997E-06    2.64306E-03   -1.10643E-03    9.89186E-01    9.78258E-01    9.79278E-01
    1.75016E+02    4.88019E-01    6.47565E-03    4.18371E+02    8.75883E-06    2.73559E-03   -1.12933E-03    9.88591E-01    9.77035E-01    9.78258E-01
    1.79287E+02    4.92286E-01    4.26777E-03    4.37680E+02    5.51533E-06    2.30524E-03   -4.48572E-04    9.90959E-01    9.81010E-01    9.86675E-01
    1.83649E+02    4.97433E-01    5.14634E-03    4.47650E+02    6.35483E-06    2.35331E-03   -9.03758E-04    9.89829E-01    9.79451E-01    9.81010E-01
    1.88107E+02    5.03080E-01    5.64700E-03    4.57837E+02    6.66322E-06    2.38290E-03   -9.92468E-04    9.89346E-01    9.78610E-01    9.79451E-01
    1.92661E+02    5.09149E-01    6.06887E-03    4.68244E+02    6.84324E-06    2.41025E-03   -1.01683E-03    9.88968E-01    9.77873E-01    9.78610E-01
    1.97314E+02    5.15811E-01    6.66249E-03    4.78877E+02    7.17963E-06    2.47893E-03   -1.01712E-03    9.88459E-01    9.76801E-01    9.77873E-01
    2.02068E+02    5.20155E-01    4.34386E-03    5.00841E+02    4.47383E-06    2.07810E-03   -3.94139E-04    9.90898E-01    9.80913E-01    9.86616E-01
    2.06925E+02    5.25353E-01    5.19840E-03    5.12182E+02    5.11721E-06    2.11557E-03   -8.00988E-04    9.89804E-01    9.79418E-01    9.80913E-01
    2.11888E+02    5.31004E-01    5.65081E-03    5.23768E+02    5.31690E-06    2.13233E-03   -8.77536E-04    9.89369E-01    9.78674E-01    9.79418E-01
    2.16958E+02    5.36986E-01    5.98163E-03    5.35606E+02    5.37990E-06    2.13877E-03   -8.97533E-04    9.89073E-01    9.78113E-01    9.78674E-01
    2.22139E+02    5.43312E-01    6.32611E-03    5.47701E+02    5.43901E-06    2.15121E-03   -9.00733E-04    9.88776E-01    9.77512E-01    9.78113E-01
    2.27431E+02    5.50188E-01    6.87605E-03    5.60059E+02    5.65162E-06    2.20318E-03   -8.93089E-04    9.88314E-01    9.76528E-01    9.77512E-01
    2.32839E+02    5.54652E-01    4.46397E-03    5.85584E+02    3.50773E-06    1.84194E-03   -3.39087E-04    9.90799E-01    9.80732E-01    9.86518E-01
    2.38364E+02    5.59970E-01    5.31773E-03    5.98763E+02    3.99506E-06    1.87340E-03   -6.96735E-04    9.89720E-01    9.79258E-01    9.80732E-01
    2.44009E+02    5.65727E-01    5.75774E-03    6.12229E+02    4.13581E-06    1.88548E-03   -7.62080E-04    9.89302E-01    9.78544E-01    9.79258E-01
    2.49776E+02    5.71800E-01    6.07279E-03    6.25987E+02    4.17088E-06    1.88823E-03   -7.78130E-04    9.89022E-01    9.78015E-01    9.78544E-01
    2.55668E+02    5.78199E-01    6.39882E-03    6.40043E+02    4.20233E-06    1.89589E-03   -7.79710E-04    9.88742E-01    9.77451E-01    9.78015E-01
    2.61689E+02    5.85123E-01    6.92446E-03    6.54404E+02    4.34855E-06    1.93713E-03   -7.72050E-04    9.88303E-01    9.76516E-01    9.77451E-01
    2.67840E+02    5.89610E-01    4.48694E-03    6.84068E+02    2.69461E-06    1.61595E-03   -2.88658E-04    9.90795E-01    9.80748E-01    9.86559E-01
    2.74124E+02    5.94925E-01    5.31429E-03    6.99385E+02    3.05207E-06    1.64065E-03   -6.00272E-04    9.89747E-01    9.79326E-01    9.80748E-01
    2.80545E+02    6.00638E-01    5.71332E-03    7.15034E+02    3.13805E-06    1.64567E-03   -6.55615E-04    9.89368E-01    9.78688E-01    9.79326E-01
    2.87105E+02    6.06602E-01    5.96389E-03    7.31022E+02    3.13284E-06    1.63900E-03   -6.68225E-04    9.89145E-01    9.78277E-01    9.78688E-01
    2.93808E+02    6.12770E-01    6.16807E-03    7.47358E+02    3.09894E-06    1.62841E-03   -6.68735E-04    9.88969E-01    9.77938E-01    9.78277E-01
    3.00656E+02    6.19144E-01    6.37437E-03    7.64048E+02    3.06317E-06    1.61907E-03   -6.64676E-04    9.88796E-01    9.77589E-01    9.77938E-01
    3.07652E+02    6.25782E-01    6.63791E-03    7.81100E+02    3.05106E-06    1.61794E-03   -6.58275E-04    9.88576E-01    9.77134E-01    9.77589E-01
    3.14800E+02    6.32903E-01    7.12094E-03    7.98522E+02    3.13082E-06    1.64659E-03   -6.47728E-04    9.88180E-01    9.76283E-01    9.77134E-01
    3.22104E+02    6.37496E-01    4.59246E-03    8.34509E+02    1.93144E-06    1.36931E-03   -2.37565E-04    9.90714E-01    9.80606E-01    9.86485E-01
    3.29566E+02    6.42906E-01    5.41031E-03    8.53090E+02    2.17665E-06    1.38825E-03   -4.99412E-04    9.89689E-01    9.79218E-01    9.80606E-01
    3.37190E+02    6.48692E-01    5.78622E-03    8.72074E+02    2.22693E-06    1.38944E-03   -5.44408E-04    9.89334E-01    9.78627E-01    9.79218E-01
    3.44979E+02    6.54698E-01    6.00591E-03    8.91471E+02    2.21131E-06    1.38010E-03   -5.53741E-04    9.89140E-01    9.78274E-01    9.78627E-01
    3.52938E+02    6.60866E-01    6.16793E-03    9.11288E+02    2.17261E-06    1.36628E-03   -5.53057E-04    9.89002E-01    9.78012E-01    9.78274E-01
    3.61069E+02    6.67175E-01    6.30914E-03    9.31535E+02    2.12616E-06    1.35099E-03   -5.48632E-04    9.88884E-01    9.77781E-01    9.78012E-01
    3.69376E+02    6.73626E-01    6.45077E-03    9.52222E+02    2.07987E-06    1.33621E-03   -5.42605E-04    9.88767E-01    9.77548E-01    9.77781E-01
    3.77864E+02    6.80241E-01    6.61532E-03    9.73357E+02    2.04073E-06    1.32423E-03   -5.35845E-04    9.88632E-01    9.77272E-01    9.77548E-01
    3.86536E+02    6.87089E-01    6.84770E-03    9.94952E+02    2.02116E-06    1.31979E-03   -5.28508E-04    9.88442E-01    9.76874E-01    9.77272E-01
    3.95396E+02    6.94394E-01    7.30540E-03    1.01701E+03    2.06317E-06    1.33950E-03   -5.18560E-04    9.88072E-01    9.76077E-01    9.76874E-01
    4.04448E+02    6.99099E-01    4.70451E-03    1.06259E+03    1.27131E-06    1.11191E-03   -1.86979E-04    9.90632E-01    9.80458E-01    9.86417E-01
    4.13697E+02    7.04617E-01    5.51853E-03    1.08612E+03    1.42698E-06    1.12634E-03   -3.97916E-04    9.89623E-01    9.79093E-01    9.80458E-01
    4.23147E+02    7.10496E-01    5.87890E-03    1.11016E+03    1.45465E-06    1.12562E-03   -4.33155E-04    9.89286E-01    9.78535E-01    9.79093E-01
    4.32801E+02    7.16575E-01    6.07865E-03    1.13472E+03    1.43929E-06    1.11615E-03   -4.39881E-04    9.89110E-01    9.78219E-01    9.78535E-01
    4.42665E+02    7.22791E-01    6.21663E-03    1.15982E+03    1.40859E-06    1.10280E-03   -4.38655E-04    9.88993E-01    9.77998E-01    9.78219E-01
    4.52744E+02    7.29119E-01    6.32754E-03    1.18546E+03    1.37203E-06    1.08779E-03   -4.34459E-04    9.88901E-01    9.77821E-01    9.77998E-01
    4.63040E+02    7.35547E-01    6.42755E-03    1.21165E+03    1.33378E-06    1.07227E-03   -4.28976E-04    9.88820E-01    9.77660E-01    9.77821E-01
    4.73561E+02    7.42074E-01    6.52727E-03    1.23842E+03    1.29626E-06    1.05707E-03   -4.22914E-04    9.88739E-01    9.77499E-01    9.77660E-01
    4.84309E+02    7.48711E-01    6.63761E-03    1.26576E+03    1.26154E-06    1.04305E-03   -4.16626E-04    9.88650E-01    9.77319E-01    9.77499E-01
    4.95291E+02    7.55488E-01    6.77629E-03    1.29370E+03    1.23259E-06    1.03163E-03   -4.10281E-04    9.88538E-01    9.77087E-01    9.77319E-01
    5.06511E+02    7.62473E-01    6.98546E-03    1.32225E+03    1.21611E-06    1.02619E-03   -4.03776E-04    9.88369E-01    9.76731E-01    9.77087E-01
    5.17975E+02    7.69893E-01    7.41986E-03    1.35141E+03    1.23631E-06    1.03919E-03   -3.95481E-04    9.88020E-01    9.75980E-01    9.76731E-01
    5.29687E+02    7.74670E-01    4.77657E-03    1.41166E+03    7.61755E-07    8.61434E-04   -1.40312E-04    9.90588E-01    9.80390E-01    9.86407E-01
    5.41654E+02    7.80250E-01    5.58038E-03    1.44276E+03    8.51800E-07    8.71967E-04   -3.02447E-04    9.89598E-01    9.79052E-01    9.80390E-01
    5.53880E+02    7.86173E-01    5.92290E-03    1.47454E+03    8.65347E-07    8.70191E-04   -3.28809E-04    9.89279E-01    9.78526E-01    9.79052E-01
    5.66372E+02    7.92275E-01    6.10207E-03    1.50701E+03    8.53344E-07    8.61499E-04   -3.33414E-04    9.89122E-01    9.78245E-01    9.78526E-01
    5.79134E+02    7.98492E-01    6.21677E-03    1.54019E+03    8.32168E-07    8.49678E-04   -3.31986E-04    9.89025E-01    9.78064E-01    9.78245E-01
    5.92174E+02    8.04792E-01    6.30060E-03    1.57408E+03    8.07299E-07    8.36372E-04   -3.28301E-04    9.88955E-01    9.77932E-01    9.78064E-01
    6.05496E+02    8.11160E-01    6.36772E-03    1.60871E+03    7.80999E-07    8.22358E-04   -3.23616E-04    9.88901E-01    9.77828E-01    9.77932E-01
    6.19108E+02    8.17585E-01    6.42517E-03    1.64409E+03    7.54350E-07    8.08047E-04   -3.18450E-04    9.88856E-01    9.77739E-01    9.77828E-01
    6.33015E+02    8.24062E-01    6.47704E-03    1.68024E+03    7.27938E-07    7.93684E-04   -3.13054E-04    9.88815E-01    9.77659E-01    9.77739E-01
    6.47223E+02    8.30588E-01    6.52608E-03    1.71718E+03    7.02112E-07    7.79433E-04   -3.07564E-04    9.88777E-01    9.77583E-01    9.77659E-01
    6.61740E+02    8.37163E-01    6.57453E-03    1.75491E+03    6.77113E-07    7.65423E-04   -3.02062E-04    9.88740E-01    9.77509E-01    9.77583E-01
    6.76573E+02    8.43787E-01    6.62461E-03    1.79346E+03    6.53141E-07    7.51777E-04   -2.96601E-04    9.88701E-01    9.77431E-01    9.77509E-01
    6.91726E+02    8.50467E-01    6.67912E-03    1.83286E+03    6.30410E-07    7.38647E-04   -2.91222E-04    9.88659E-01    9.77345E-01    9.77431E-01
    7.07209E+02    8.57209E-01    6.74228E-03    1.87310E+03    6.09218E-07    7.26255E-04   -2.85958E-04    9.88609E-01    9.77244E-01    9.77345E-01
    7.23028E+02    8.64030E-01    6.82151E-03    1.91422E+03    5.90088E-07    7.14996E-04   -2.80836E-04    9.88546E-01    9.77115E-01    9.77244E-01
    7.39190E+02    8.70963E-01    6.93242E-03    1.95623E+03    5.74112E-07    7.05701E-04   -2.75859E-04    9.88457E-01    9.76929E-01    9.77115E-01
    7.55703E+02    8.78078E-01    7.11554E-03    1.99915E+03    5.64158E-07    7.00552E-04   -2.70897E-04    9.88310E-01    9.76618E-01    9.76929E-01
    7.72574E+02    8.85601E-01    7.52309E-03    2.04301E+03    5.71054E-07    7.07751E-04   -2.64845E-04    9.87986E-01    9.75917E-01    9.76618E-01
    7.89811E+02    8.90440E-01    4.83900E-03    2.13359E+03    3.51666E-07    5.85766E-04   -9.24361E-05    9.90560E-01    9.80355E-01    9.86418E-01
    8.07422E+02    8.96070E-01    5.62994E-03    2.18036E+03    3.91721E-07    5.92457E-04   -2.01782E-04    9.89592E-01    9.79046E-01    9.80355E-01
    8.25416E+02    9.02024E-01    5.95362E-03    2.22815E+03    3.96606E-07    5.90440E-04   -2.19058E-04    9.89291E-01    9.78553E-01    9.79046E-01
    8.43799E+02    9.08137E-01    6.11294E-03    2.27697E+03    3.89887E-07    5.83696E-04   -2.21777E-04    9.89151E-01    9.78306E-01    9.78553E-01
    8.62582E+02    9.14344E-01    6.20726E-03    2.32685E+03    3.79056E-07    5.74837E-04   -2.20496E-04    9.89071E-01    9.78158E-01    9.78306E-01
    8.81773E+02    9.20614E-01    6.27002E-03    2.37782E+03    3.66600E-07    5.64974E-04   -2.17727E-04    9.89019E-01    9.78060E-01    9.78158E-01
    9.01379E+02    9.26929E-01    6.31511E-03    2.42989E+03    3.53534E-07    5.54624E-04   -2.14303E-04    9.88982E-01    9.77991E-01    9.78060E-01
    9.21412E+02    9.33279E-01    6.34925E-03    2.48309E+03    3.40332E-07    5.44054E-04   -2.10565E-04    9.88955E-01    9.77940E-01    9.77991E-01
    9.41879E+02    9.39655E-01    6.37605E-03    2.53745E+03    3.27241E-07    5.33411E-04   -2.06673E-04    9.88935E-01    9.77901E-01    9.77940E-01
    9.62790E+02    9.46052E-01    6.39764E-03    2.59298E+03    3.14395E-07    5.22783E-04   -2.02714E-04    9.88919E-01    9.77870E-01    9.77901E-01
    9.84154E+02    9.52468E-01    6.41536E-03    2.64972E+03    3.01871E-07    5.12226E-04   -1.98735E-04    9.88907E-01    9.77845E-01    9.77870E-01
    1.00598E+03    9.58898E-01    6.43008E-03    2.70769E+03    2.89712E-07    5.01774E-04   -1.94767E-04    9.88897E-01    9.77826E-01    9.77845E-01
    1.02829E+03    9.65340E-01    6.44244E-03    2.76692E+03    2.77941E-07    4.91453E-04   -1.90828E-04    9.88889E-01    9.77810E-01    9.77826E-01
    1.05107E+03    9.71793E-01    6.45288E-03    2.82744E+03    2.66572E-07    4.81279E-04   -1.86930E-04    9.88882E-01    9.77798E-01    9.77810E-01
    1.07435E+03    9.78255E-01    6.46176E-03    2.88926E+03    2.55608E-07    4.71264E-04   -1.83081E-04    9.88877E-01    9.77788E-01    9.77798E-01
    1.09814E+03    9.84724E-01    6.46939E-03    2.95243E+03    2.45049E-07    4.61416E-04   -1.79288E-04    9.88873E-01    9.77780E-01    9.77788E-01
    1.12244E+03    9.91200E-01    6.47603E-03    3.01697E+03    2.34892E-07    4.51744E-04   -1.75555E-04    9.88870E-01    9.77774E-01    9.77780E-01
    1.14727E+03    9.97682E-01    6.48194E-03    3.08291E+03    2.25133E-07    4.42255E-04   -1.71884E-04    9.88867E-01    9.77768E-01    9.77774E-01
    1.17264E+03    1.00417E+00    6.48742E-03    3.15028E+03    2.15767E-07    4.32954E-04   -1.68278E-04    9.88865E-01    9.77763E-01    9.77768E-01
    1.19856E+03    1.01066E+00    6.49279E-03    3.21912E+03    2.06788E-07    4.23851E-04   -1.64740E-04    9.88862E-01    9.77759E-01    9.77763E-01
    1.22504E+03    1.01716E+00    6.49849E-03    3.28944E+03    1.98195E-07    4.14954E-04   -1.61271E-04    9.88860E-01    9.77753E-01    9.77759E-01
    1.25209E+03    1.02367E+00    6.50508E-03    3.36130E+03    1.89986E-07    4.06278E-04   -1.57874E-04    9.88856E-01    9.77746E-01    9.77753E-01
    1.27973E+03    1.03018E+00    6.51339E-03    3.43471E+03    1.82167E-07    3.97845E-04   -1.54553E-04    9.88851E-01    9.77736E-01    9.77746E-01
    1.30798E+03    1.03670E+00    6.52466E-03    3.50972E+03    1.74750E-07    3.89686E-04   -1.51309E-04    9.88844E-01    9.77720E-01    9.77736E-01
    1.33683E+03    1.04324E+00    6.54090E-03    3.58635E+03    1.67763E-07    3.81857E-04   -1.48150E-04    9.88832E-01    9.77695E-01    9.77720E-01
    1.36631E+03    1.04981E+00    6.56556E-03    3.66465E+03    1.61263E-07    3.74453E-04   -1.45079E-04    9.88813E-01    9.77655E-01    9.77695E-01
    1.39644E+03    1.05642E+00    6.60520E-03    3.74464E+03    1.55365E-07    3.67657E-04   -1.42104E-04    9.88781E-01    9.77588E-01    9.77655E-01
    1.42721E+03    1.06309E+00    6.67393E-03    3.82637E+03    1.50335E-07    3.61874E-04   -1.39220E-04    9.88725E-01    9.77469E-01    9.77588E-01
    1.45865E+03    1.06990E+00    6.80897E-03    3.90988E+03    1.46883E-07    3.58175E-04   -1.36360E-04    9.88613E-01    9.77231E-01    9.77469E-01
    1.49078E+03    1.07705E+00    7.15055E-03    3.99519E+03    1.47722E-07    3.60609E-04   -1.32977E-04    9.88335E-01    9.76626E-01    9.77231E-01
    1.52360E+03    1.08162E+00    4.57231E-03    4.17142E+03    9.04608E-08    2.97286E-04   -4.56269E-05    9.90855E-01    9.80993E-01    9.86878E-01
    1.55713E+03    1.08691E+00    5.28540E-03    4.26241E+03    1.00144E-07    3.00033E-04   -1.00617E-04    9.89954E-01    9.79784E-01    9.80993E-01
    1.59140E+03    1.09246E+00    5.55358E-03    4.35538E+03    1.00773E-07    2.98172E-04   -1.08932E-04    9.89696E-01    9.79371E-01    9.79784E-01
    1.62640E+03    1.09813E+00    5.66599E-03    4.45036E+03    9.84631E-08    2.93891E-04   -1.09961E-04    9.89593E-01    9.79195E-01    9.79371E-01
    1.66217E+03    1.10384E+00    5.71627E-03    4.54741E+03    9.51349E-08    2.88536E-04   -1.09003E-04    9.89549E-01    9.79118E-01    9.79195E-01
    1.69871E+03    1.10958E+00    5.73574E-03    4.64656E+03    9.14216E-08    2.82676E-04   -1.07311E-04    9.89532E-01    9.79092E-01    9.79118E-01
    1.73604E+03    1.11532E+00    5.73731E-03    4.74786E+03    8.75797E-08    2.76572E-04   -1.05297E-04    9.89532E-01    9.79096E-01    9.79092E-01
    1.77419E+03    1.12104E+00    5.72717E-03    4.85136E+03    8.37284E-08    2.70357E-04   -1.03128E-04    9.89543E-01    9.79120E-01    9.79096E-01
    1.81316E+03    1.12675E+00    5.70860E-03    4.95711E+03    7.99285E-08    2.64104E-04   -1.00885E-04    9.89562E-01    9.79158E-01    9.79120E-01
    1.85298E+03    1.13243E+00    5.68346E-03    5.06515E+03    7.62128E-08    2.57855E-04   -9.86087E-05    9.89586E-01    9.79208E-01    9.79158E-01
    1.89366E+03    1.13809E+00    5.65288E-03    5.17554E+03    7.25988E-08    2.51636E-04   -9.63226E-05    9.89615E-01    9.79268E-01    9.79208E-01
    1.93522E+03    1.14371E+00    5.61755E-03    5.28832E+03    6.90961E-08    2.45464E-04   -9.40404E-05    9.89649E-01    9.79337E-01    9.79268E-01
    1.97769E+03    1.14928E+00    5.57789E-03    5.40355E+03    6.57092E-08    2.39348E-04   -9.17707E-05    9.89687E-01    9.79414E-01    9.79337E-01
    2.02108E+03    1.15482E+00    5.53417E-03    5.52128E+03    6.24397E-08    2.33294E-04   -8.95189E-05    9.89729E-01    9.79498E-01    9.79414E-01
    2.06541E+03    1.16030E+00    5.48654E-03    5.64156E+03    5.92871E-08    2.27306E-04   -8.72882E-05    9.89774E-01    9.79590E-01    9.79498E-01
    2.11070E+03    1.16574E+00    5.43506E-03    5.76446E+03    5.62499E-08    2.21385E-04   -8.50806E-05    9.89824E-01    9.79689E-01    9.79590E-01
    2.15698E+03    1.17112E+00    5.37974E-03    5.89002E+03    5.33258E-08    2.15532E-04   -8.28973E-05    9.89877E-01    9.79796E-01    9.79689E-01
    2.20425E+03    1.17644E+00    5.32056E-03    6.01830E+03    5.05119E-08    2.09745E-04   -8.07388E-05    9.89934E-01    9.79911E-01    9.79796E-01
    2.25256E+03    1.18170E+00    5.25744E-03    6.14937E+03    4.78049E-08    2.04025E-04   -7.86051E-05    9.89995E-01    9.80033E-01    9.79911E-01
    2.30191E+03    1.18689E+00    5.19029E-03    6.28329E+03    4.52016E-08    1.98368E-04   -7.64961E-05    9.90060E-01    9.80165E-01    9.80033E-01
    2.35234E+03    1.19201E+00    5.11899E-03    6.42011E+03    4.26985E-08    1.92773E-04   -7.44112E-05    9.90129E-01    9.80305E-01    9.80165E-01
    2.40385E+03    1.19705E+00    5.04339E-03    6.55989E+03    4.02920E-08    1.87236E-04   -7.23497E-05    9.90204E-01    9.80454E-01    9.80305E-01
    2.45649E+03    1.20201E+00    4.96333E-03    6.70272E+03    3.79786E-08    1.81755E-04   -7.03107E-05    9.90283E-01    9.80613E-01    9.80454E-01
    2.51027E+03    1.20689E+00    4.87864E-03    6.84864E+03    3.57550E-08    1.76326E-04   -6.82933E-05    9.90367E-01    9.80783E-01    9.80613E-01
    2.56521E+03    1.21168E+00    4.78912E-03    6.99772E+03    3.36176E-08    1.70946E-04   -6.62962E-05    9.90457E-01    9.80963E-01    9.80783E-01
    2.62135E+03    1.21638E+00    4.69456E-03    7.15005E+03    3.15632E-08    1.65609E-04   -6.43182E-05    9.90552E-01    9.81155E-01    9.80963E-01
    2.67871E+03    1.22097E+00    4.59473E-03    7.30568E+03    2.95885E-08    1.60312E-04   -6.23579E-05    9.90654E-01    9.81361E-01    9.81155E-01
    2.73731E+03    1.22546E+00    4.48939E-03    7.46468E+03    2.76903E-08    1.55050E-04   -6.04139E-05    9.90763E-01    9.81579E-01    9.81361E-01
    2.79718E+03    1.22984E+00    4.37830E-03    7.62714E+03    2.58658E-08    1.49818E-04   -5.84845E-05    9.90878E-01    9.81812E-01    9.81579E-01
    2.85835E+03    1.23410E+00    4.26118E-03    7.79312E+03    2.41119E-08    1.44610E-04   -5.65680E-05    9.91002E-01    9.82061E-01    9.81812E-01
    2.92085E+03    1.23824E+00    4.13776E-03    7.96270E+03    2.24259E-08    1.39420E-04   -5.46626E-05    9.91134E-01    9.82327E-01    9.82061E-01
    2.98470E+03    1.24224E+00    4.00776E-03    8.13596E+03    2.08052E-08    1.34242E-04   -5.27662E-05    9.91275E-01    9.82611E-01    9.82327E-01
    3.04994E+03    1.24612E+00    3.87088E-03    8.31299E+03    1.92471E-08    1.29068E-04   -5.08767E-05    9.91426E-01    9.82916E-01    9.82611E-01
    3.11660E+03    1.24984E+00    3.72684E-03    8.49385E+03    1.77494E-08    1.23892E-04   -4.89918E-05    9.91588E-01    9.83241E-01    9.82916E-01
    3.18470E+03    1.25342E+00    3.57533E-03    8.67864E+03    1.63098E-08    1.18703E-04   -4.71089E-05    9.91762E-01    9.83591E-01    9.83241E-01
    3.25428E+03    1.25683E+00    3.41607E-03    8.86744E+03    1.49262E-08    1.13494E-04   -4.52252E-05    9.91948E-01    9.83966E-01    9.83591E-01
    3.32537E+03    1.26008E+00    3.24880E-03    9.06033E+03    1.35968E-08    1.08253E-04   -4.33377E-05    9.92149E-01    9.84370E-01    9.83966E-01
    3.39800E+03    1.26316E+00    3.07325E-03    9.25742E+03    1.23198E-08    1.02967E-04   -4.14430E-05    9.92364E-01    9.84805E-01    9.84370E-01
    3.47221E+03    1.26604E+00    2.88922E-03    9.45877E+03    1.10938E-08    9.76248E-05   -3.95373E-05    9.92597E-01    9.85275E-01    9.84805E-01
    3.54803E+03    1.26874E+00    2.69654E-03    9.66450E+03    9.91750E-09    9.22090E-05   -3.76165E-05    9.92849E-01    9.85783E-01    9.85275E-01
    3.62550E+03    1.27124E+00    2.49512E-03    9.87469E+03    8.78991E-09    8.67015E-05   -3.56757E-05    9.93123E-01    9.86334E-01    9.85783E-01
    3.70464E+03    1.27352E+00    2.28499E-03    1.00894E+04    7.71036E-09    8.10804E-05   -3.37095E-05    9.93420E-01    9.86934E-01    9.86334E-01
    3.78551E+03    1.27559E+00    2.06630E-03    1.03089E+04    6.67855E-09    7.53188E-05   -3.17116E-05    9.93744E-01    9.87588E-01    9.86934E-01
    3.86812E+03    1.27743E+00    1.83940E-03    1.05330E+04    5.69462E-09    6.93833E-05   -2.96746E-05    9.94099E-01    9.88305E-01    9.87588E-01
    3.95253E+03    1.27903E+00    1.60492E-03    1.07621E+04    4.75931E-09    6.32307E-05   -2.75895E-05    9.94490E-01    9.89095E-01    9.88305E-01
    4.03878E+03    1.28040E+00    1.36389E-03    1.09961E+04    3.87412E-09    5.68034E-05   -2.54459E-05    9.94923E-01    9.89972E-01    9.89095E-01
    4.12689E+03    1.28151E+00    1.11792E-03    1.12352E+04    3.04164E-09    5.00196E-05   -2.32309E-05    9.95408E-01    9.90954E-01    9.89972E-01
    4.21692E+03    1.28238E+00    8.69519E-04    1.14794E+04    2.26611E-09    4.27561E-05   -2.09289E-05    9.95957E-01    9.92067E-01    9.90954E-01
    4.30890E+03    1.28301E+00    6.22763E-04    1.17290E+04    1.55464E-09    3.48074E-05   -1.85226E-05    9.96592E-01    9.93356E-01    9.92067E-01
    4.40287E+03    1.28339E+00    3.84876E-04    1.19840E+04    9.20311E-10    2.57738E-05   -1.60007E-05    9.97349E-01    9.94901E-01    9.93356E-01
    4.49889E+03    1.28356E+00    1.72009E-04    1.22445E+04    3.93978E-10    1.46256E-05   -1.34190E-05    9.98323E-01    9.96903E-01    9.94901E-01
    4.59698E+03    1.28376E+00    1.97713E-04    1.22445E+04    4.33776E-10    1.24403E-05   -1.67037E-05    9.96903E-01    9.95670E-01    9.92644E-01
    4.69721E+03    1.28401E+00    2.46810E-04    1.22445E+04    5.18683E-10    1.08155E-05   -2.00426E-05    9.95670E-01    9.94574E-01    9.90559E-01
    4.79961E+03    1.28432E+00    3.15833E-04    1.22445E+04    6.35781E-10    9.56924E-06   -2.33283E-05    9.94574E-01    9.93584E-01    9.88626E-01
    4.90424E+03    1.28473E+00    4.02667E-04    1.22445E+04    7.76438E-10    8.58498E-06   -2.65092E-05    9.93584E-01    9.92676E-01    9.86824E-01
    5.01113E+03    1.28523E+00    5.06040E-04    1.22445E+04    9.34669E-10    7.78690E-06   -2.95641E-05    9.92676E-01    9.91835E-01    9.85137E-01
    5.12034E+03    1.28586E+00    6.25257E-04    1.22445E+04    1.10623E-09    7.12471E-06   -3.24880E-05    9.91835E-01    9.91048E-01    9.83550E-01
    5.23193E+03    1.28662E+00    7.60034E-04    1.22445E+04    1.28805E-09    6.56439E-06   -3.52840E-05    9.91048E-01    9.90308E-01    9.82051E-01
    5.34593E+03    1.28753E+00    9.10392E-04    1.22445E+04    1.47790E-09    6.08245E-06   -3.79592E-05    9.90308E-01    9.89607E-01    9.80629E-01
    5.46241E+03    1.28860E+00    1.07658E-03    1.22445E+04    1.67408E-09    5.66227E-06   -4.05218E-05    9.89607E-01    9.88940E-01    9.79274E-01
    5.58142E+03    1.28986E+00    1.25903E-03    1.22445E+04    1.87535E-09    5.29186E-06   -4.29807E-05    9.88940E-01    9.88304E-01    9.77981E-01
    5.70301E+03    1.29132E+00    1.45831E-03    1.22445E+04    2.08073E-09    4.96236E-06   -4.53442E-05    9.88304E-01    9.87694E-01    9.76741E-01
    5.82724E+03    1.29300E+00    1.67514E-03    1.22445E+04    2.28947E-09    4.66713E-06   -4.76202E-05    9.87694E-01    9.87108E-01    9.75551E-01
    5.95416E+03    1.29491E+00    1.91035E-03    1.22445E+04    2.50100E-09    4.40105E-06   -4.98160E-05    9.87108E-01    9.86543E-01    9.74405E-01
    6.08384E+03    1.29707E+00    2.16485E-03    1.22445E+04    2.71487E-09    4.16016E-06   -5.19381E-05    9.86543E-01    9.85998E-01    9.73300E-01
    6.21633E+03    1.29951E+00    2.43971E-03    1.22445E+04    2.93075E-09    3.94134E-06   -5.39928E-05    9.85998E-01    9.85470E-01    9.72230E-01
    6.35170E+03    1.30225E+00    2.73607E-03    1.22445E+04    3.14840E-09    3.74206E-06   -5.59857E-05    9.85470E-01    9.84958E-01    9.71194E-01
    6.49000E+03    1.30530E+00    3.05522E-03    1.22445E+04    3.36764E-09    3.56033E-06   -5.79221E-05    9.84958E-01    9.84461E-01    9.70189E-01
    6.63130E+03    1.30870E+00    3.39856E-03    1.22445E+04    3.58840E-09    3.39450E-06   -5.98070E-05    9.84461E-01    9.83976E-01    9.69210E-01
    6.77568E+03    1.31247E+00    3.76765E-03    1.22445E+04    3.81065E-09    3.24324E-06   -6.16452E-05    9.83976E-01    9.83503E-01    9.68257E-01
    6.92318E+03    1.31663E+00    4.16419E-03    1.22445E+04    4.03444E-09    3.10547E-06   -6.34413E-05    9.83503E-01    9.83040E-01    9.67326E-01
    7.07389E+03    1.32122E+00    4.59009E-03    1.22445E+04    4.25988E-09    2.98033E-06   -6.51997E-05    9.83040E-01    9.82586E-01    9.66414E-01
    7.22786E+03    1.32627E+00    5.04744E-03    1.22445E+04    4.48717E-09    2.86710E-06   -6.69250E-05    9.82586E-01    9.82139E-01    9.65520E-01
    7.38518E+03    1.33181E+00    5.53859E-03    1.22445E+04    4.71657E-09    2.76526E-06   -6.86216E-05    9.82139E-01    9.81700E-01    9.64641E-01
    7.54591E+03    1.33788E+00    6.06614E-03    1.22445E+04    4.94841E-09    2.67440E-06   -7.02940E-05    9.81700E-01    9.81265E-01    9.63775E-01
    7.71013E+03    1.34451E+00    6.63303E-03    1.22445E+04    5.18313E-09    2.59426E-06   -7.19472E-05    9.81265E-01    9.80835E-01    9.62919E-01
    7.87791E+03    1.35175E+00    7.24258E-03    1.22445E+04    5.42126E-09    2.52471E-06   -7.35859E-05    9.80835E-01    9.80406E-01    9.62071E-01
    8.04933E+03    1.35965E+00    7.89853E-03    1.22445E+04    5.66344E-09    2.46572E-06   -7.52155E-05    9.80406E-01    9.79979E-01    9.61227E-01
    8.22448E+03    1.36825E+00    8.60516E-03    1.22445E+04    5.91046E-09    2.41743E-06   -7.68415E-05    9.79979E-01    9.79551E-01    9.60385E-01
    8.40342E+03    1.37762E+00    9.36738E-03    1.22445E+04    6.16325E-09    2.38011E-06   -7.84703E-05    9.79551E-01    9.79121E-01    9.59542E-01
    8.58625E+03    1.38781E+00    1.01908E-02    1.22445E+04    6.42289E-09    2.35420E-06   -8.01084E-05    9.79121E-01    9.78686E-01    9.58694E-01
    8.77304E+03    1.39890E+00    1.10821E-02    1.22445E+04    6.69073E-09    2.34031E-06   -8.17634E-05    9.78686E-01    9.78244E-01    9.57837E-01
    8.96389E+03    1.41094E+00    1.20489E-02    1.22445E+04    6.96834E-09    2.33930E-06   -8.34438E-05    9.78244E-01    9.77793E-01    9.56966E-01
    9.15888E+03    1.42404E+00    1.31003E-02    1.22445E+04    7.25761E-09    2.35230E-06   -8.51591E-05    9.77793E-01    9.77329E-01    9.56078E-01
    9.35810E+03    1.43829E+00    1.42471E-02    1.22445E+04    7.56082E-09    2.38077E-06   -8.69204E-05    9.77329E-01    9.76850E-01    9.55165E-01
    9.56164E+03    1.45379E+00    1.55021E-02    1.22445E+04    7.88073E-09    2.42662E-06   -8.87403E-05    9.76850E-01    9.76351E-01    9.54222E-01
    9.76960E+03    1.47067E+00    1.68811E-02    1.22445E+04    8.22070E-09    2.49232E-06   -9.06338E-05    9.76351E-01    9.75827E-01    9.53240E-01
    9.98207E+03    1.48908E+00    1.84032E-02    1.22445E+04    8.58486E-09    2.58109E-06   -9.26186E-05    9.75827E-01    9.75272E-01    9.52210E-01
    1.01992E+04    1.50917E+00    2.00921E-02    1.22445E+04    8.97836E-09    2.69716E-06   -9.47158E-05    9.75272E-01    9.74681E-01    9.51121E-01
    1.04209E+04    1.53115E+00    2.19773E-02    1.22445E+04    9.40766E-09    2.84616E-06   -9.69513E-05    9.74681E-01    9.74043E-01    9.49959E-01
    1.06476E+04    1.55524E+00    2.40968E-02    1.22445E+04    9.88097E-09    3.03570E-06   -9.93567E-05    9.74043E-01    9.73347E-01    9.48707E-01
    1.08791E+04    1.58174E+00    2.64991E-02    1.22445E+04    1.04089E-08    3.27620E-06   -1.01971E-04    9.73347E-01    9.72581E-01    9.47345E-01
    1.11156E+04    1.61099E+00    2.92482E-02    1.22445E+04    1.10055E-08    3.58237E-06   -1.04846E-04    9.72581E-01    9.71724E-01    9.45846E-01
    1.13573E+04    1.64342E+00    3.24301E-02    1.22445E+04    1.16894E-08    3.97539E-06   -1.08044E-04    9.71724E-01    9.70753E-01    9.44174E-01
    1.16042E+04    1.67958E+00    3.61625E-02    1.22445E+04    1.24865E-08    4.48691E-06   -1.11653E-04    9.70753E-01    9.69633E-01    9.42282E-01
    1.18565E+04    1.72020E+00    4.06122E-02    1.22445E+04    1.34330E-08    5.16598E-06   -1.15786E-04    9.69633E-01    9.68316E-01    9.40109E-01
    1.21143E+04    1.76622E+00    4.60217E-02    1.22445E+04    1.45819E-08    6.09253E-06   -1.20602E-04    9.68316E-01    9.66729E-01    9.37563E-01
    1.23776E+04    1.81898E+00    5.27590E-02    1.22445E+04    1.60135E-08    7.40485E-06   -1.26328E-04    9.66729E-01    9.64758E-01    9.34516E-01
    1.26467E+04    1.88038E+00    6.14074E-02    1.22445E+04    1.78544E-08    9.36134E-06   -1.33292E-04    9.64758E-01    9.62212E-01    9.30769E-01
    1.29216E+04    1.95333E+00    7.29443E-02    1.22445E+04    2.03168E-08    1.24946E-05   -1.41988E-04    9.62212E-01    9.58740E-01    9.26006E-01
    1.32025E+04    2.04245E+00    8.91256E-02    1.22445E+04    2.37795E-08    1.80466E-05   -1.53147E-04    9.58740E-01    9.53617E-01    9.19689E-01
    1.34894E+04    2.15591E+00    1.13456E-01    1.22445E+04    2.89979E-08    2.93825E-05   -1.67733E-04    9.53617E-01    9.45095E-01    9.10846E-01
    1.37826E+04    2.31091E+00    1.54999E-01    1.22445E+04    3.79496E-08    5.72997E-05   -1.86189E-04    9.45095E-01    9.28114E-01    8.97618E-01
    1.40822E+04    2.57332E+00    2.62415E-01    1.22445E+04    6.15467E-08    1.42978E-04   -2.02741E-04    9.28114E-01    8.84825E-01    8.76417E-01
    1.43882E+04    3.01932E+00    4.46000E-01    1.25107E+04    1.00205E-07    2.44546E-04   -2.01003E-04    9.37191E-01    8.61543E-01    8.84825E-01
