 # rho, F_z,dF_z, z(rho), E2 (=>sigma2=e0^2*E2), Er, Ez, Ui,j , Ui+1,j , Ui,j-1
    2.50000E-01    1.95293E-01    1.95293E-01    0.00000E+00    1.56235E+00   -3.20233E-01    1.20822E+00    1.76423E+00    1.92434E+00    2.36834E+00
    7.50000E-01    5.80973E-01    3.85680E-01    5.00000E-01    1.02848E+00   -1.13443E-01    1.00777E+00    1.42046E+00    1.47718E+00    1.92434E+00
    1.25000E+00    1.18936E+00    6.08383E-01    5.00000E-01    9.73412E-01   -3.64797E-02    9.85942E-01    1.47718E+00    1.49542E+00    1.97015E+00
    1.75000E+00    2.05724E+00    8.67885E-01    5.00000E-01    9.91868E-01   -2.11922E-02    9.95700E-01    1.49542E+00    1.50601E+00    1.99327E+00
    2.25000E+00    3.20345E+00    1.14621E+00    5.00000E-01    1.01885E+00   -1.93141E-02    1.00920E+00    1.50601E+00    1.51567E+00    2.01061E+00
    2.75000E+00    4.64788E+00    1.44444E+00    5.00000E-01    1.05050E+00   -2.24514E-02    1.02469E+00    1.51567E+00    1.52690E+00    2.02802E+00
    3.25000E+00    6.41781E+00    1.76993E+00    5.00000E-01    1.08919E+00   -2.95684E-02    1.04322E+00    1.52690E+00    1.54168E+00    2.04851E+00
    3.75000E+00    8.55233E+00    2.13452E+00    5.00000E-01    1.13841E+00   -4.28879E-02    1.06610E+00    1.54168E+00    1.56312E+00    2.07473E+00
    4.25000E+00    1.11069E+01    2.55461E+00    5.00000E-01    1.20217E+00   -6.98860E-02    1.09421E+00    1.56312E+00    1.59807E+00    2.11023E+00
    4.75000E+00    1.41562E+01    3.04923E+00    5.00000E-01    1.28389E+00   -1.33466E-01    1.12520E+00    1.59807E+00    1.66480E+00    2.16067E+00
    5.25000E+00    1.78208E+01    3.66467E+00    5.00000E-01    1.39606E+00   -3.10271E-01    1.14009E+00    1.66480E+00    1.81994E+00    2.23484E+00
    5.75000E+00    2.08272E+01    3.00631E+00    1.00000E+00    1.04567E+00   -2.45299E-01    9.92724E-01    1.32357E+00    1.44622E+00    1.81994E+00
    6.25000E+00    2.38998E+01    3.07265E+00    1.00000E+00    9.83248E-01   -1.35889E-01    9.82233E-01    1.44622E+00    1.51417E+00    1.93734E+00
    6.75000E+00    2.75419E+01    3.64207E+00    1.00000E+00    1.07913E+00   -1.22608E-01    1.03155E+00    1.51417E+00    1.57547E+00    2.02994E+00
    7.25000E+00    3.19531E+01    4.41125E+00    1.00000E+00    1.21690E+00   -1.76116E-01    1.08898E+00    1.57547E+00    1.66353E+00    2.11996E+00
    7.75000E+00    3.73934E+01    5.44031E+00    1.00000E+00    1.40395E+00   -3.64336E-01    1.12748E+00    1.66353E+00    1.84570E+00    2.22727E+00
    8.25000E+00    4.20040E+01    4.61057E+00    1.50000E+00    1.11771E+00   -3.03543E-01    1.01271E+00    1.33935E+00    1.49112E+00    1.84570E+00
    8.75000E+00    4.68309E+01    4.82685E+00    1.50000E+00    1.10328E+00   -2.47681E-01    1.02075E+00    1.49112E+00    1.61496E+00    2.00149E+00
    9.25000E+00    5.28343E+01    6.00344E+00    1.50000E+00    1.29804E+00   -3.95884E-01    1.06832E+00    1.61496E+00    1.81290E+00    2.14912E+00
    9.75000E+00    5.78829E+01    5.04859E+00    2.00000E+00    1.03561E+00   -3.11585E-01    9.68774E-01    1.32851E+00    1.48431E+00    1.81290E+00
    1.02500E+01    6.33466E+01    5.46374E+00    2.00000E+00    1.06610E+00   -2.67816E-01    9.97181E-01    1.48431E+00    1.61821E+00    1.98290E+00
    1.07500E+01    7.03661E+01    7.01947E+00    2.00000E+00    1.30595E+00   -4.35061E-01    1.05673E+00    1.61821E+00    1.83574E+00    2.14658E+00
    1.12500E+01    7.65527E+01    6.18662E+00    2.50000E+00    1.09984E+00   -3.81788E-01    9.76771E-01    1.34736E+00    1.53825E+00    1.83574E+00
    1.17500E+01    8.35352E+01    6.98254E+00    2.50000E+00    1.18852E+00   -4.48289E-01    9.93757E-01    1.53825E+00    1.76240E+00    2.03513E+00
    1.22500E+01    8.91392E+01    5.60398E+00    3.00000E+00    9.14935E-01   -3.21468E-01    9.00885E-01    1.31195E+00    1.47269E+00    1.76240E+00
    1.27500E+01    9.55754E+01    6.43621E+00    3.00000E+00    1.00960E+00   -2.93170E-01    9.61068E-01    1.47269E+00    1.61927E+00    1.95322E+00
    1.32500E+01    1.04273E+02    8.69739E+00    3.00000E+00    1.31281E+00   -4.80490E-01    1.04016E+00    1.61927E+00    1.85952E+00    2.13936E+00
    1.37500E+01    1.12348E+02    8.07559E+00    3.50000E+00    1.17463E+00   -4.39457E-01    9.90711E-01    1.36416E+00    1.58389E+00    1.85952E+00
    1.42500E+01    1.22079E+02    9.73063E+00    3.50000E+00    1.36570E+00   -5.73698E-01    1.01812E+00    1.58389E+00    1.87074E+00    2.09295E+00
    1.47500E+01    1.31495E+02    9.41579E+00    4.00000E+00    1.27672E+00   -6.17797E-01    9.46068E-01    1.39771E+00    1.70661E+00    1.87074E+00
    1.52500E+01    1.37646E+02    6.15150E+00    4.50000E+00    8.06754E-01   -4.12249E-01    7.98001E-01    1.30761E+00    1.51373E+00    1.70661E+00
    1.57500E+01    1.46209E+02    8.56239E+00    4.50000E+00    1.08729E+00   -5.26675E-01    8.99945E-01    1.51373E+00    1.77707E+00    1.96370E+00
    1.62500E+01    1.54112E+02    7.90313E+00    5.00000E+00    9.72692E-01   -4.40786E-01    8.82270E-01    1.33593E+00    1.55633E+00    1.77707E+00
    1.67500E+01    1.64570E+02    1.04577E+01    5.00000E+00    1.24868E+00   -5.93436E-01    9.46843E-01    1.55633E+00    1.85304E+00    2.02975E+00
    1.72500E+01    1.75390E+02    1.08209E+01    5.50000E+00    1.25460E+00   -6.47676E-01    9.13845E-01    1.39612E+00    1.71996E+00    1.85304E+00
    1.77500E+01    1.82964E+02    7.57317E+00    6.00000E+00    8.53315E-01   -4.61929E-01    7.99960E-01    1.31998E+00    1.55094E+00    1.71996E+00
    1.82500E+01    1.94266E+02    1.13019E+01    6.00000E+00    1.23857E+00   -6.42316E-01    9.08845E-01    1.55094E+00    1.87210E+00    2.00537E+00
    1.87500E+01    2.07166E+02    1.29000E+01    6.50000E+00    1.37600E+00   -7.43038E-01    9.07687E-01    1.41826E+00    1.78978E+00    1.87210E+00
    1.92500E+01    2.18488E+02    1.13227E+01    7.00000E+00    1.17638E+00   -7.28594E-01    8.03452E-01    1.38805E+00    1.75235E+00    1.78978E+00
    1.97500E+01    2.29209E+02    1.07210E+01    7.50000E+00    1.08567E+00   -7.14042E-01    7.58823E-01    1.37294E+00    1.72996E+00    1.75235E+00
    2.02500E+01    2.39654E+02    1.04450E+01    8.00000E+00    1.03160E+00   -7.03176E-01    7.32902E-01    1.36351E+00    1.71510E+00    1.72996E+00
    2.07500E+01    2.49992E+02    1.03378E+01    8.50000E+00    9.96410E-01   -6.95710E-01    7.15819E-01    1.35719E+00    1.70504E+00    1.71510E+00
    2.12500E+01    2.60337E+02    1.03453E+01    9.00000E+00    9.73676E-01   -6.91351E-01    7.04067E-01    1.35301E+00    1.69868E+00    1.70504E+00
    2.17500E+01    2.70787E+02    1.04501E+01    9.50000E+00    9.60931E-01   -6.90143E-01    6.96156E-01    1.35060E+00    1.69568E+00    1.69868E+00
    2.22500E+01    2.81443E+02    1.06556E+01    1.00000E+01    9.57807E-01   -6.92596E-01    6.91460E-01    1.34995E+00    1.69624E+00    1.69568E+00
    2.27500E+01    2.92430E+02    1.09872E+01    1.05000E+01    9.65910E-01   -7.00025E-01    6.89836E-01    1.35133E+00    1.70134E+00    1.69624E+00
    2.32500E+01    3.03942E+02    1.15116E+01    1.10000E+01    9.90241E-01   -7.15604E-01    6.91486E-01    1.35560E+00    1.71340E+00    1.70134E+00
    2.37500E+01    3.16355E+02    1.24132E+01    1.15000E+01    1.04532E+00   -7.48358E-01    6.96620E-01    1.36509E+00    1.73927E+00    1.71340E+00
    2.42500E+01    3.30798E+02    1.44428E+01    1.20000E+01    1.19116E+00   -8.35923E-01    7.01709E-01    1.38841E+00    1.80637E+00    1.73927E+00
    2.47500E+01    3.39507E+02    8.70951E+00    1.30000E+01    7.03799E-01   -7.19886E-01    4.30770E-01    1.29060E+00    1.65054E+00    1.50598E+00
    2.52366E+01    3.51453E+02    1.19462E+01    1.35000E+01    1.00049E+00   -8.06253E-01    5.91984E-01    1.35455E+00    1.73602E+00    1.65054E+00
    2.57122E+01    3.59531E+02    8.07762E+00    1.45000E+01    6.57021E-01   -7.12461E-01    3.86550E-01    1.27141E+00    1.61207E+00    1.46468E+00
    2.61929E+01    3.71670E+02    1.21386E+01    1.50000E+01    9.59053E-01   -8.09772E-01    5.50748E-01    1.33670E+00    1.72799E+00    1.61207E+00
    2.66787E+01    3.81508E+02    9.83820E+00    1.60000E+01    7.55142E-01   -7.84460E-01    3.73850E-01    1.28847E+00    1.67155E+00    1.47540E+00
    2.71696E+01    3.90947E+02    9.43958E+00    1.70000E+01    7.03991E-01   -7.64288E-01    3.46200E-01    1.27755E+00    1.65474E+00    1.45065E+00
    2.76657E+01    4.00825E+02    9.87798E+00    1.80000E+01    7.15887E-01   -7.77079E-01    3.34715E-01    1.27879E+00    1.66636E+00    1.44615E+00
    2.81671E+01    4.08407E+02    7.58172E+00    1.95000E+01    5.34028E-01   -6.85147E-01    2.54168E-01    1.23620E+00    1.58154E+00    1.36328E+00
    2.86738E+01    4.17343E+02    8.93616E+00    2.05000E+01    6.11822E-01   -7.23004E-01    2.98473E-01    1.25764E+00    1.62592E+00    1.40688E+00
    2.91859E+01    4.25146E+02    7.80280E+00    2.20000E+01    5.19347E-01   -6.79410E-01    2.40310E-01    1.23241E+00    1.58216E+00    1.35257E+00
    2.97034E+01    4.32440E+02    7.29388E+00    2.35000E+01    4.72012E-01   -6.48277E-01    2.27485E-01    1.22181E+00    1.55907E+00    1.33556E+00
    3.02264E+01    4.39358E+02    6.91837E+00    2.50000E+01    4.35350E-01   -6.21952E-01    2.20286E-01    1.21383E+00    1.54082E+00    1.32397E+00
    3.07549E+01    4.46263E+02    6.90458E+00    2.64345E+01    4.22537E-01   -6.09837E-01    2.25023E-01    1.20626E+00    1.53028E+00    1.31385E+00
    3.12891E+01    4.52907E+02    6.64402E+00    2.79151E+01    3.95459E-01   -5.90810E-01    2.15413E-01    1.20469E+00    1.52192E+00    1.31100E+00
    3.18289E+01    4.58898E+02    5.99061E+00    2.94433E+01    3.46844E-01   -5.51913E-01    2.05514E-01    1.19764E+00    1.49713E+00    1.30233E+00
    3.23744E+01    4.66366E+02    7.46793E+00    3.04893E+01    4.20633E-01   -5.99727E-01    2.46902E-01    1.22532E+00    1.55421E+00    1.35377E+00
    3.29257E+01    4.73138E+02    6.77248E+00    3.21002E+01    3.71140E-01   -5.75623E-01    1.99497E-01    1.21151E+00    1.53053E+00    1.31863E+00
    3.34829E+01    4.79507E+02    6.36881E+00    3.37629E+01    3.39611E-01   -5.52497E-01    1.85360E-01    1.20673E+00    1.51617E+00    1.30946E+00
    3.40459E+01    4.85205E+02    5.69848E+00    3.54790E+01    2.95706E-01   -5.14778E-01    1.75242E-01    1.19846E+00    1.48984E+00    1.29870E+00
    3.46149E+01    4.92167E+02    6.96198E+00    3.66536E+01    3.51606E-01   -5.54257E-01    2.10727E-01    1.22396E+00    1.54101E+00    1.34707E+00
    3.51900E+01    4.98369E+02    6.20179E+00    3.84627E+01    3.04864E-01   -5.26025E-01    1.67815E-01    1.20861E+00    1.51269E+00    1.30980E+00
    3.57711E+01    5.03828E+02    5.45856E+00    4.03298E+01    2.61200E-01   -4.86690E-01    1.55993E-01    1.19821E+00    1.48254E+00    1.29529E+00
    3.63584E+01    5.10331E+02    6.50340E+00    4.16078E+01    3.02960E-01   -5.17574E-01    1.87288E-01    1.22094E+00    1.52651E+00    1.33998E+00
    3.69520E+01    5.15702E+02    5.37068E+00    4.35761E+01    2.43591E-01   -4.70755E-01    1.48261E-01    1.19932E+00    1.48020E+00    1.29659E+00
    3.75518E+01    5.21751E+02    6.04891E+00    4.49233E+01    2.67139E-01   -4.85686E-01    1.76772E-01    1.21649E+00    1.50936E+00    1.33494E+00
    3.81580E+01    5.28522E+02    6.77157E+00    4.62992E+01    2.91216E-01   -5.08591E-01    1.80420E-01    1.22922E+00    1.53915E+00    1.35269E+00
    3.87706E+01    5.34062E+02    5.54032E+00    4.84182E+01    2.32041E-01   -4.61705E-01    1.37366E-01    1.20499E+00    1.48933E+00    1.30202E+00
    3.93897E+01    5.40467E+02    6.40421E+00    4.98686E+01    2.61238E-01   -4.84631E-01    1.62391E-01    1.22458E+00    1.52620E+00    1.34173E+00
    4.00154E+01    5.45670E+02    5.20292E+00    5.21023E+01    2.06726E-01   -4.36919E-01    1.25807E-01    1.20086E+00    1.47567E+00    1.29453E+00
    4.06477E+01    5.51361E+02    5.69135E+00    5.36312E+01    2.20280E-01   -4.44704E-01    1.50061E-01    1.21491E+00    1.49758E+00    1.32902E+00
    4.12867E+01    5.57318E+02    5.95704E+00    5.51927E+01    2.24614E-01   -4.48618E-01    1.52824E-01    1.22093E+00    1.50911E+00    1.33962E+00
    4.19324E+01    5.63520E+02    6.20192E+00    5.67875E+01    2.27831E-01   -4.52443E-01    1.52073E-01    1.22590E+00    1.51962E+00    1.34652E+00
    4.25851E+01    5.70175E+02    6.65556E+00    5.84162E+01    2.38223E-01   -4.64637E-01    1.49451E-01    1.23370E+00    1.53853E+00    1.35477E+00
    4.32446E+01    5.75450E+02    5.27479E+00    6.09247E+01    1.83971E-01   -4.14445E-01    1.10483E-01    1.20581E+00    1.48059E+00    1.29818E+00
    4.39111E+01    5.81123E+02    5.67248E+00    6.26416E+01    1.92795E-01   -4.18985E-01    1.31328E-01    1.21800E+00    1.49874E+00    1.33015E+00
    4.45847E+01    5.86959E+02    5.83639E+00    6.43951E+01    1.93320E-01   -4.19159E-01    1.32761E-01    1.22215E+00    1.50598E+00    1.33794E+00
    4.52654E+01    5.92887E+02    5.92744E+00    6.61860E+01    1.91355E-01   -4.17276E-01    1.31286E-01    1.22449E+00    1.51004E+00    1.34143E+00
    4.59534E+01    5.98873E+02    5.98616E+00    6.80151E+01    1.88361E-01   -4.14400E-01    1.28972E-01    1.22611E+00    1.51270E+00    1.34344E+00
    4.66486E+01    6.04899E+02    6.02636E+00    6.98831E+01    1.84840E-01   -4.10953E-01    1.26326E-01    1.22735E+00    1.51456E+00    1.34472E+00
    4.73512E+01    6.10953E+02    6.05375E+00    7.17909E+01    1.81007E-01   -4.07121E-01    1.23528E-01    1.22832E+00    1.51588E+00    1.34554E+00
    4.80613E+01    6.17024E+02    6.07073E+00    7.37395E+01    1.76957E-01   -4.02988E-01    1.20656E-01    1.22910E+00    1.51675E+00    1.34603E+00
    4.87789E+01    6.23101E+02    6.07789E+00    7.57295E+01    1.72728E-01   -3.98578E-01    1.17746E-01    1.22968E+00    1.51720E+00    1.34622E+00
    4.95041E+01    6.29176E+02    6.07431E+00    7.77619E+01    1.68314E-01   -3.93867E-01    1.14815E-01    1.23007E+00    1.51720E+00    1.34613E+00
    5.02370E+01    6.35233E+02    6.05704E+00    7.98377E+01    1.63652E-01   -3.88763E-01    1.11872E-01    1.23019E+00    1.51661E+00    1.34569E+00
    5.09776E+01    6.41252E+02    6.01912E+00    8.19577E+01    1.58584E-01   -3.83042E-01    1.08915E-01    1.22994E+00    1.51514E+00    1.34479E+00
    5.17261E+01    6.47195E+02    5.94271E+00    8.41229E+01    1.52686E-01   -3.76112E-01    1.05954E-01    1.22900E+00    1.51200E+00    1.34310E+00
    5.24825E+01    6.52963E+02    5.76847E+00    8.63342E+01    1.44541E-01   -3.65932E-01    1.03127E-01    1.22632E+00    1.50459E+00    1.33975E+00
    5.32470E+01    6.58119E+02    5.15545E+00    8.85927E+01    1.25991E-01   -3.39867E-01    1.02377E-01    1.21587E+00    1.47705E+00    1.33087E+00
    5.40195E+01    6.65739E+02    7.62025E+00    8.97399E+01    1.81638E-01   -3.85719E-01    1.81270E-01    1.27128E+00    1.57084E+00    1.47705E+00
    5.48003E+01    6.72302E+02    6.56282E+00    9.20710E+01    1.52587E-01   -3.75694E-01    1.06961E-01    1.24260E+00    1.53747E+00    1.36661E+00
    5.55893E+01    6.78587E+02    6.28540E+00    9.44517E+01    1.42551E-01   -3.64468E-01    9.85626E-02    1.23708E+00    1.52617E+00    1.35379E+00
    5.63867E+01    6.84605E+02    6.01803E+00    9.68832E+01    1.33146E-01   -3.52459E-01    9.44399E-02    1.23249E+00    1.51501E+00    1.34670E+00
    5.71925E+01    6.89951E+02    5.34569E+00    9.93664E+01    1.15381E-01   -3.26664E-01    9.31220E-02    1.22088E+00    1.48551E+00    1.33590E+00
    5.80069E+01    6.97747E+02    7.79603E+00    1.00628E+02    1.64167E-01   -3.68664E-01    1.68089E-01    1.27570E+00    1.57751E+00    1.48551E+00
    5.88299E+01    7.04383E+02    6.63628E+00    1.03191E+02    1.36345E-01   -3.56419E-01    9.64911E-02    1.24532E+00    1.54020E+00    1.36832E+00
    5.96616E+01    7.10608E+02    6.22459E+00    1.05809E+02    1.24781E-01   -3.41928E-01    8.86905E-02    1.23744E+00    1.52334E+00    1.35292E+00
    6.05022E+01    7.16089E+02    5.48185E+00    1.08482E+02    1.07228E-01   -3.15803E-01    8.65856E-02    1.22443E+00    1.49128E+00    1.33957E+00
    6.13516E+01    7.23987E+02    7.89778E+00    1.09840E+02    1.50749E-01   -3.54468E-01    1.58433E-01    1.27838E+00    1.58107E+00    1.49128E+00
    6.22101E+01    7.30575E+02    6.58795E+00    1.12600E+02    1.22711E-01   -3.38756E-01    8.91947E-02    1.24551E+00    1.53785E+00    1.36793E+00
    6.30777E+01    7.36279E+02    5.70388E+00    1.15418E+02    1.03684E-01   -3.10977E-01    8.35298E-02    1.22941E+00    1.50063E+00    1.34650E+00
    6.39544E+01    7.44425E+02    8.14620E+00    1.16849E+02    1.44518E-01   -3.47778E-01    1.53518E-01    1.28316E+00    1.58969E+00    1.50063E+00
    6.48405E+01    7.51182E+02    6.75645E+00    1.19758E+02    1.16985E-01   -3.31314E-01    8.49447E-02    1.24907E+00    1.54418E+00    1.37196E+00
    6.57359E+01    7.57020E+02    5.83779E+00    1.22729E+02    9.86560E-02   -3.03915E-01    7.93186E-02    1.23244E+00    1.50602E+00    1.34964E+00
    6.66409E+01    7.65306E+02    8.28679E+00    1.24238E+02    1.36692E-01   -3.39089E-01    1.47346E-01    1.28599E+00    1.59447E+00    1.50602E+00
    6.75554E+01    7.72148E+02    6.84149E+00    1.27304E+02    1.10157E-01   -3.22014E-01    8.03955E-02    1.25109E+00    1.54713E+00    1.37369E+00
    6.84796E+01    7.78019E+02    5.87089E+00    1.30436E+02    9.22747E-02   -2.94368E-01    7.49813E-02    1.23354E+00    1.50703E+00    1.35032E+00
    6.94136E+01    7.86247E+02    8.22858E+00    1.32027E+02    1.26253E-01   -3.26260E-01    1.40738E-01    1.28550E+00    1.59184E+00    1.50703E+00
    7.03575E+01    7.92560E+02    6.31261E+00    1.35259E+02    9.45540E-02   -2.97552E-01    7.75676E-02    1.24280E+00    1.52515E+00    1.36750E+00
    7.13115E+01    8.01349E+02    8.78889E+00    1.36901E+02    1.28522E-01   -3.29352E-01    1.41595E-01    1.29511E+00    1.61094E+00    1.52515E+00
    7.22755E+01    8.08505E+02    7.15659E+00    1.40237E+02    1.02173E-01   -3.10792E-01    7.47109E-02    1.25735E+00    1.55855E+00    1.38132E+00
    7.32498E+01    8.14616E+02    6.11038E+00    1.43644E+02    8.51737E-02   -2.83515E-01    6.92328E-02    1.23866E+00    1.51633E+00    1.35599E+00
    7.42343E+01    8.23096E+02    8.47989E+00    1.45375E+02    1.15412E-01   -3.13021E-01    1.32021E-01    1.29023E+00    1.60005E+00    1.51633E+00
    7.52294E+01    8.29540E+02    6.44472E+00    1.48892E+02    8.56449E-02   -2.83845E-01    7.12511E-02    1.24581E+00    1.52973E+00    1.37044E+00
    7.62349E+01    8.38367E+02    8.82703E+00    1.50678E+02    1.14542E-01   -3.11608E-01    1.32072E-01    1.29628E+00    1.61127E+00    1.52973E+00
    7.72512E+01    8.45011E+02    6.64335E+00    1.54308E+02    8.41799E-02   -2.81582E-01    6.99408E-02    1.24966E+00    1.53732E+00    1.37592E+00
    7.82782E+01    8.54073E+02    9.06191E+00    1.56152E+02    1.12131E-01   -3.08613E-01    1.29958E-01    1.30021E+00    1.61883E+00    1.53732E+00
    7.93160E+01    8.60880E+02    6.80784E+00    1.59898E+02    8.22652E-02   -2.78590E-01    6.82132E-02    1.25276E+00    1.54343E+00    1.37987E+00
    8.03649E+01    8.70142E+02    9.26138E+00    1.61801E+02    1.09294E-01   -3.05059E-01    1.27410E-01    1.30351E+00    1.62517E+00    1.54343E+00
    8.14249E+01    8.77099E+02    6.95673E+00    1.65668E+02    8.01784E-02   -2.75267E-01    6.63797E-02    1.25554E+00    1.54886E+00    1.38321E+00
    8.24962E+01    8.86541E+02    9.44213E+00    1.67632E+02    1.06284E-01   -3.01214E-01    1.24715E-01    1.30647E+00    1.63084E+00    1.54886E+00
    8.35788E+01    8.93635E+02    7.09468E+00    1.71624E+02    7.79987E-02   -2.71728E-01    6.45175E-02    1.25810E+00    1.55382E+00    1.38617E+00
    8.46728E+01    9.03243E+02    9.60786E+00    1.73651E+02    1.03170E-01   -2.97147E-01    1.21958E-01    1.30916E+00    1.63597E+00    1.55382E+00
    8.57785E+01    9.10464E+02    7.22079E+00    1.77770E+02    7.57353E-02   -2.67974E-01    6.26515E-02    1.26042E+00    1.55827E+00    1.38878E+00
    8.68959E+01    9.20219E+02    9.75534E+00    1.79863E+02    9.99438E-02   -2.92823E-01    1.19158E-01    1.31155E+00    1.64047E+00    1.55827E+00
    8.80251E+01    9.27547E+02    7.32778E+00    1.84115E+02    7.33330E-02   -2.63890E-01    6.07874E-02    1.26240E+00    1.56197E+00    1.39095E+00
    8.91663E+01    9.37417E+02    9.87017E+00    1.86274E+02    9.64890E-02   -2.88033E-01    1.16301E-01    1.31342E+00    1.64386E+00    1.56197E+00
    9.03196E+01    9.44806E+02    7.38884E+00    1.90663E+02    7.05617E-02   -2.59016E-01    5.89289E-02    1.26360E+00    1.56390E+00    1.39222E+00
    9.14851E+01    9.54701E+02    9.89477E+00    1.92892E+02    9.23104E-02   -2.81896E-01    1.13337E-01    1.31390E+00    1.64419E+00    1.56390E+00
    9.26630E+01    9.61939E+02    7.23841E+00    1.97421E+02    6.59710E-02   -2.50369E-01    5.73255E-02    1.26129E+00    1.55775E+00    1.39044E+00
    9.38534E+01    9.71242E+02    9.30234E+00    1.99722E+02    8.28284E-02   -2.65505E-01    1.11064E-01    1.30490E+00    1.62261E+00    1.55775E+00
    9.50564E+01    9.82489E+02    1.12471E+01    2.02047E+02    9.78404E-02   -2.86782E-01    1.24885E-01    1.33527E+00    1.68209E+00    1.62261E+00
    9.62721E+01    9.90524E+02    8.03486E+00    2.06772E+02    6.82898E-02   -2.54965E-01    5.72951E-02    1.27501E+00    1.58661E+00    1.40964E+00
    9.75007E+01    1.00117E+03    1.06503E+01    2.09172E+02    8.84409E-02   -2.76315E-01    1.09960E-01    1.32548E+00    1.66676E+00    1.58661E+00
    9.87424E+01    1.00892E+03    7.75033E+00    2.14048E+02    6.28835E-02   -2.44776E-01    5.44789E-02    1.27026E+00    1.57579E+00    1.40239E+00
    9.99972E+01    1.01884E+03    9.91147E+00    2.16525E+02    7.85762E-02   -2.59248E-01    1.06614E-01    1.31447E+00    1.64149E+00    1.57579E+00
    1.01265E+02    1.03076E+03    1.19245E+01    2.19029E+02    9.23719E-02   -2.79359E-01    1.19710E-01    1.34496E+00    1.70109E+00    1.64149E+00
    1.02547E+02    1.03927E+03    8.51410E+00    2.24115E+02    6.44464E-02   -2.48040E-01    5.40619E-02    1.28298E+00    1.60253E+00    1.41975E+00
    1.03842E+02    1.05050E+03    1.12305E+01    2.26699E+02    8.30671E-02   -2.68399E-01    1.05020E-01    1.33403E+00    1.68347E+00    1.60253E+00
    1.05151E+02    1.05867E+03    8.16300E+00    2.31949E+02    5.90011E-02   -2.37425E-01    5.12892E-02    1.27728E+00    1.58967E+00    1.41120E+00
    1.06474E+02    1.06905E+03    1.03814E+01    2.34616E+02    7.33263E-02   -2.51018E-01    1.01570E-01    1.32165E+00    1.65543E+00    1.58967E+00
    1.07810E+02    1.08144E+03    1.23939E+01    2.37311E+02    8.55484E-02   -2.69371E-01    1.13964E-01    1.35151E+00    1.71349E+00    1.65543E+00
    1.09161E+02    1.09009E+03    8.64866E+00    2.42787E+02    5.83399E-02   -2.36092E-01    5.09951E-02    1.28547E+00    1.60609E+00    1.42436E+00
    1.10526E+02    1.10102E+03    1.09300E+01    2.45569E+02    7.20543E-02   -2.48960E-01    1.00364E-01    1.32984E+00    1.67153E+00    1.60609E+00
    1.11906E+02    1.11401E+03    1.29835E+01    2.48380E+02    8.36500E-02   -2.66591E-01    1.12157E-01    1.35954E+00    1.72930E+00    1.67153E+00
    1.13301E+02    1.12305E+03    9.04167E+00    2.54092E+02    5.69330E-02   -2.33378E-01    4.96774E-02    1.29174E+00    1.61886E+00    1.43287E+00
    1.14710E+02    1.13445E+03    1.14013E+01    2.56993E+02    7.01652E-02   -2.45974E-01    9.82951E-02    1.33665E+00    1.68509E+00    1.61886E+00
    1.16134E+02    1.14796E+03    1.35138E+01    2.59926E+02    8.12845E-02   -2.63123E-01    1.09776E-01    1.36657E+00    1.74325E+00    1.68509E+00
    1.17573E+02    1.15738E+03    9.41473E+00    2.65884E+02    5.53491E-02   -2.30264E-01    4.82441E-02    1.29756E+00    1.63069E+00    1.44052E+00
    1.19027E+02    1.16923E+03    1.18498E+01    2.68910E+02    6.80918E-02   -2.42618E-01    9.60641E-02    1.34300E+00    1.69773E+00    1.63069E+00
    1.20497E+02    1.18324E+03    1.40172E+01    2.71969E+02    7.87289E-02   -2.59278E-01    1.07255E-01    1.37312E+00    1.75622E+00    1.69773E+00
    1.21982E+02    1.19301E+03    9.76355E+00    2.78183E+02    5.36021E-02   -2.26744E-01    4.67885E-02    1.30290E+00    1.64148E+00    1.44753E+00
    1.23484E+02    1.20526E+03    1.22568E+01    2.81340E+02    6.57751E-02   -2.38721E-01    9.37419E-02    1.34866E+00    1.70890E+00    1.64148E+00
    1.25001E+02    1.21971E+03    1.44471E+01    2.84531E+02    7.57847E-02   -2.54633E-01    1.04626E-01    1.37861E+00    1.76694E+00    1.70890E+00
    1.26534E+02    1.22969E+03    9.97480E+00    2.91013E+02    5.11483E-02   -2.21559E-01    4.53862E-02    1.30618E+00    1.64766E+00    1.45252E+00
    1.28083E+02    1.24204E+03    1.23572E+01    2.94306E+02    6.19416E-02   -2.31512E-01    9.13432E-02    1.35003E+00    1.71062E+00    1.64766E+00
    1.29649E+02    1.25607E+03    1.40278E+01    2.97634E+02    6.87377E-02   -2.41322E-01    1.02476E-01    1.37318E+00    1.75304E+00    1.71062E+00
    1.31231E+02    1.27207E+03    1.59966E+01    3.00997E+02    7.66275E-02   -2.55440E-01    1.06668E-01    1.39808E+00    1.80442E+00    1.75304E+00
    1.32831E+02    1.28303E+03    1.09651E+01    3.07830E+02    5.13488E-02   -2.22145E-01    4.47254E-02    1.32065E+00    1.67777E+00    1.47266E+00
    1.34447E+02    1.29672E+03    1.36858E+01    3.11301E+02    6.26553E-02   -2.33477E-01    9.02438E-02    1.36781E+00    1.74713E+00    1.67777E+00
    1.36080E+02    1.31277E+03    1.60469E+01    3.14809E+02    7.18215E-02   -2.48448E-01    1.00475E-01    1.39837E+00    1.80629E+00    1.74713E+00
    1.37731E+02    1.32384E+03    1.10793E+01    3.21937E+02    4.84797E-02   -2.15967E-01    4.28727E-02    1.32227E+00    1.68062E+00    1.47426E+00
    1.39399E+02    1.33752E+03    1.36732E+01    3.25558E+02    5.84939E-02   -2.25523E-01    8.73692E-02    1.36761E+00    1.74578E+00    1.68062E+00
    1.41084E+02    1.35298E+03    1.54620E+01    3.29217E+02    6.46707E-02   -2.34689E-01    9.79384E-02    1.39118E+00    1.78889E+00    1.74578E+00
    1.42788E+02    1.37052E+03    1.75436E+01    3.32915E+02    7.17410E-02   -2.47730E-01    1.01837E-01    1.41627E+00    1.84053E+00    1.78889E+00
    1.44510E+02    1.38246E+03    1.19321E+01    3.40428E+02    4.77068E-02   -2.14314E-01    4.21455E-02    1.33425E+00    1.70518E+00    1.49175E+00
    1.46250E+02    1.39713E+03    1.46720E+01    3.44245E+02    5.73559E-02   -2.23521E-01    8.59907E-02    1.38042E+00    1.77138E+00    1.70518E+00
    1.48008E+02    1.41367E+03    1.65442E+01    3.48102E+02    6.32359E-02   -2.32340E-01    9.61987E-02    1.40422E+00    1.81492E+00    1.77138E+00
    1.49785E+02    1.43240E+03    1.87249E+01    3.52000E+02    6.99802E-02   -2.44954E-01    9.98889E-02    1.42963E+00    1.86722E+00    1.81492E+00
    1.51581E+02    1.44513E+03    1.27371E+01    3.59921E+02    4.65448E-02   -2.11811E-01    4.09993E-02    1.34507E+00    1.72746E+00    1.50658E+00
    1.53396E+02    1.46077E+03    1.56327E+01    3.63944E+02    5.58581E-02   -2.20842E-01    8.41851E-02    1.39231E+00    1.79523E+00    1.72746E+00
    1.55230E+02    1.47836E+03    1.75944E+01    3.68010E+02    6.14729E-02   -2.29369E-01    9.41413E-02    1.41647E+00    1.83938E+00    1.79523E+00
    1.57084E+02    1.49823E+03    1.98648E+01    3.72119E+02    6.78672E-02   -2.41499E-01    9.77018E-02    1.44213E+00    1.89212E+00    1.83938E+00
    1.58957E+02    1.51169E+03    1.34664E+01    3.80468E+02    4.49884E-02   -2.08331E-01    3.98326E-02    1.35463E+00    1.74693E+00    1.52003E+00
    1.60850E+02    1.52812E+03    1.64257E+01    3.84709E+02    5.36601E-02   -2.16560E-01    8.22309E-02    1.40184E+00    1.81397E+00    1.74693E+00
    1.62763E+02    1.54637E+03    1.82570E+01    3.88995E+02    5.83234E-02   -2.23308E-01    9.19613E-02    1.42395E+00    1.85342E+00    1.81397E+00
    1.64696E+02    1.56627E+03    1.98961E+01    3.93327E+02    6.21545E-02   -2.30121E-01    9.59099E-02    1.44235E+00    1.88962E+00    1.85342E+00
    1.66650E+02    1.58846E+03    2.21882E+01    3.97704E+02    6.77837E-02   -2.41348E-01    9.76466E-02    1.46666E+00    1.94072E+00    1.88962E+00
    1.68625E+02    1.60348E+03    1.50218E+01    4.06599E+02    4.48777E-02   -2.08202E-01    3.91124E-02    1.37406E+00    1.78735E+00    1.54709E+00
    1.70621E+02    1.62185E+03    1.83679E+01    4.11117E+02    5.36637E-02   -2.16955E-01    8.12050E-02    1.42431E+00    1.85954E+00    1.78735E+00
    1.72637E+02    1.64246E+03    2.06118E+01    4.15683E+02    5.88915E-02   -2.25091E-01    9.06940E-02    1.44977E+00    1.90611E+00    1.85954E+00
    1.74675E+02    1.66566E+03    2.32034E+01    4.20297E+02    6.48356E-02   -2.36635E-01    9.40179E-02    1.47683E+00    1.96166E+00    1.90611E+00
    1.76735E+02    1.68144E+03    1.57764E+01    4.29673E+02    4.31121E-02   -2.04174E-01    3.77510E-02    1.38316E+00    1.80592E+00    1.55921E+00
    1.78817E+02    1.70063E+03    1.91909E+01    4.34436E+02    5.12887E-02   -2.12233E-01    7.90304E-02    1.43347E+00    1.87757E+00    1.80592E+00
    1.80920E+02    1.72191E+03    2.12790E+01    4.39249E+02    5.56184E-02   -2.18660E-01    8.83523E-02    1.45677E+00    1.91917E+00    1.87757E+00
    1.83046E+02    1.74504E+03    2.31261E+01    4.44113E+02    5.91178E-02   -2.25031E-01    9.20796E-02    1.47598E+00    1.95689E+00    1.91917E+00
    1.85194E+02    1.77072E+03    2.56885E+01    4.49029E+02    6.42254E-02   -2.35476E-01    9.36835E-02    1.50120E+00    2.00977E+00    1.95689E+00
    1.87366E+02    1.78804E+03    1.73157E+01    4.59017E+02    4.23415E-02   -2.02413E-01    3.70219E-02    1.40112E+00    1.84292E+00    1.58504E+00
    1.89560E+02    1.80900E+03    2.09607E+01    4.64091E+02    5.01301E-02   -2.09962E-01    7.77565E-02    1.45254E+00    1.91567E+00    1.84292E+00
    1.91777E+02    1.83209E+03    2.30838E+01    4.69218E+02    5.39968E-02   -2.15550E-01    8.68046E-02    1.47525E+00    1.95575E+00    1.91567E+00
    1.94018E+02    1.85686E+03    2.47735E+01    4.74400E+02    5.66793E-02   -2.20239E-01    9.04116E-02    1.49216E+00    1.98831E+00    1.95575E+00
    1.96283E+02    1.88344E+03    2.65821E+01    4.79637E+02    5.94849E-02   -2.25716E-01    9.23977E-02    1.50952E+00    2.02340E+00    1.98831E+00
    1.98572E+02    1.91279E+03    2.93451E+01    4.84929E+02    6.42300E-02   -2.35642E-01    9.32891E-02    1.53487E+00    2.07703E+00    2.02340E+00
    2.00885E+02    1.93257E+03    1.97880E+01    4.95683E+02    4.23639E-02   -2.02579E-01    3.64100E-02    1.42820E+00    1.89924E+00    1.62294E+00
    2.03222E+02    1.95654E+03    2.39688E+01    5.01145E+02    5.01922E-02   -2.10397E-01    7.69770E-02    1.48317E+00    1.97757E+00    1.89924E+00
    2.05585E+02    1.98303E+03    2.64921E+01    5.06665E+02    5.42636E-02   -2.16528E-01    8.59031E-02    1.50833E+00    2.02253E+00    1.97757E+00
    2.07972E+02    2.01175E+03    2.87171E+01    5.12244E+02    5.75359E-02   -2.22586E-01    8.93950E-02    1.52905E+00    2.06323E+00    2.02253E+00
    2.10385E+02    2.04356E+03    3.18092E+01    5.17882E+02    6.23394E-02   -2.32560E-01    9.08597E-02    1.55635E+00    2.12039E+00    2.06323E+00
    2.12823E+02    2.06505E+03    2.14903E+01    5.29338E+02    4.11973E-02   -1.99865E-01    3.53712E-02    1.44595E+00    1.93584E+00    1.64749E+00
    2.15287E+02    2.09097E+03    2.59219E+01    5.35157E+02    4.86088E-02   -2.07205E-01    7.53308E-02    1.50208E+00    2.01533E+00    1.93584E+00
    2.17777E+02    2.11940E+03    2.84291E+01    5.41038E+02    5.21479E-02   -2.12325E-01    8.40587E-02    1.52618E+00    2.05770E+00    2.01533E+00
    2.20294E+02    2.14972E+03    3.03155E+01    5.46981E+02    5.43963E-02   -2.16200E-01    8.74872E-02    1.54320E+00    2.09016E+00    2.05770E+00
    2.22837E+02    2.18184E+03    3.21184E+01    5.52987E+02    5.63760E-02   -2.19965E-01    8.93939E-02    1.55888E+00    2.12125E+00    2.09016E+00
    2.25407E+02    2.21607E+03    3.42306E+01    5.59057E+02    5.87754E-02   -2.24842E-01    9.06733E-02    1.57665E+00    2.15759E+00    2.12125E+00
    2.28005E+02    2.25367E+03    3.76025E+01    5.65191E+02    6.31601E-02   -2.34177E-01    9.12203E-02    1.60390E+00    2.21537E+00    2.15759E+00
    2.30629E+02    2.27902E+03    2.53556E+01    5.77655E+02    4.16628E-02   -2.01088E-01    3.50208E-02    1.48369E+00    2.01432E+00    1.70079E+00
    2.33282E+02    2.30959E+03    3.05703E+01    5.83986E+02    4.91392E-02   -2.08593E-01    7.50207E-02    1.54433E+00    2.10060E+00    2.01432E+00
    2.35963E+02    2.34317E+03    3.35735E+01    5.90385E+02    5.27939E-02   -2.13994E-01    8.36700E-02    1.57086E+00    2.14759E+00    2.10060E+00
    2.38673E+02    2.37912E+03    3.59530E+01    5.96851E+02    5.53075E-02   -2.18470E-01    8.70538E-02    1.59058E+00    2.18562E+00    2.14759E+00
    2.41411E+02    2.41761E+03    3.84925E+01    6.03386E+02    5.79285E-02   -2.23665E-01    8.88946E-02    1.61080E+00    2.22644E+00    2.18562E+00
    2.44178E+02    2.45997E+03    4.23575E+01    6.09990E+02    6.23616E-02   -2.33055E-01    8.97037E-02    1.64025E+00    2.28854E+00    2.22644E+00
    2.46974E+02    2.48863E+03    2.86602E+01    6.23409E+02    4.12803E-02   -2.00264E-01    3.42707E-02    1.51379E+00    2.07676E+00    1.74251E+00
    2.49800E+02    2.52312E+03    3.44926E+01    6.30225E+02    4.86035E-02   -2.07670E-01    7.40052E-02    1.57762E+00    2.16760E+00    2.07676E+00
    2.52656E+02    2.56090E+03    3.77757E+01    6.37113E+02    5.20761E-02   -2.12749E-01    8.25462E-02    1.60494E+00    2.21576E+00    2.16760E+00
    2.55543E+02    2.60114E+03    4.02430E+01    6.44075E+02    5.42755E-02   -2.16568E-01    8.58704E-02    1.62424E+00    2.25261E+00    2.21576E+00
    2.58459E+02    2.64374E+03    4.25987E+01    6.51110E+02    5.62084E-02   -2.20261E-01    8.77117E-02    1.64201E+00    2.28787E+00    2.25261E+00
    2.61407E+02    2.68909E+03    4.53510E+01    6.58220E+02    5.85446E-02   -2.25019E-01    8.89445E-02    1.66212E+00    2.32892E+00    2.28787E+00
    2.64386E+02    2.73882E+03    4.97264E+01    6.65405E+02    6.28039E-02   -2.34093E-01    8.94669E-02    1.69282E+00    2.39388E+00    2.32892E+00
    2.67397E+02    2.77244E+03    3.36220E+01    6.80005E+02    4.15457E-02   -2.00995E-01    3.38643E-02    1.55590E+00    2.16422E+00    1.80181E+00
    2.70439E+02    2.81282E+03    4.03775E+01    6.87421E+02    4.88146E-02   -2.08324E-01    7.35907E-02    1.62418E+00    2.26136E+00    2.16422E+00
    2.73514E+02    2.85694E+03    4.41168E+01    6.94916E+02    5.21825E-02   -2.13195E-01    8.20389E-02    1.65294E+00    2.31193E+00    2.26136E+00
    2.76622E+02    2.90378E+03    4.68466E+01    7.02490E+02    5.42142E-02   -2.16656E-01    8.52891E-02    1.67270E+00    2.34948E+00    2.31193E+00
    2.79762E+02    2.95310E+03    4.93180E+01    7.10145E+02    5.58418E-02   -2.19682E-01    8.70712E-02    1.68999E+00    2.38350E+00    2.34948E+00
    2.82936E+02    3.00501E+03    5.19082E+01    7.17881E+02    5.75058E-02   -2.22955E-01    8.82996E-02    1.70760E+00    2.41891E+00    2.38350E+00
    2.86143E+02    3.06009E+03    5.50816E+01    7.25698E+02    5.97045E-02   -2.27467E-01    8.92373E-02    1.72860E+00    2.46199E+00    2.41891E+00
    2.89384E+02    3.12034E+03    6.02523E+01    7.33599E+02    6.39003E-02   -2.36373E-01    8.96013E-02    1.76151E+00    2.53169E+00    2.46199E+00
    2.92660E+02    3.16111E+03    4.07639E+01    7.49652E+02    4.22998E-02   -2.02901E-01    3.36266E-02    1.61134E+00    2.27947E+00    1.87982E+00
    2.95970E+02    3.20998E+03    4.88766E+01    7.57807E+02    4.96248E-02   -2.10264E-01    7.35796E-02    1.68576E+00    2.38547E+00    2.27947E+00
    2.99315E+02    3.26330E+03    5.33209E+01    7.66047E+02    5.29705E-02   -2.15050E-01    8.19992E-02    1.71681E+00    2.44004E+00    2.38547E+00
    3.02696E+02    3.31982E+03    5.65130E+01    7.74376E+02    5.49324E-02   -2.18338E-01    8.52102E-02    1.73783E+00    2.47990E+00    2.44004E+00
    3.06113E+02    3.37914E+03    5.93236E+01    7.82792E+02    5.64227E-02   -2.21047E-01    8.69533E-02    1.75573E+00    2.51497E+00    2.47990E+00
    3.09566E+02    3.44126E+03    6.21191E+01    7.91298E+02    5.78097E-02   -2.23696E-01    8.81473E-02    1.77307E+00    2.54955E+00    2.51497E+00
    3.13055E+02    3.50645E+03    6.51930E+01    7.99894E+02    5.93647E-02   -2.26773E-01    8.91003E-02    1.79169E+00    2.58719E+00    2.54955E+00
    3.16582E+02    3.57551E+03    6.90552E+01    8.08581E+02    6.15290E-02   -2.31189E-01    8.98936E-02    1.81448E+00    2.63407E+00    2.58719E+00
    3.20146E+02    3.65094E+03    7.54291E+01    8.17360E+02    6.57630E-02   -2.40065E-01    9.01770E-02    1.85070E+00    2.71078E+00    2.63407E+00
    3.23748E+02    3.70206E+03    5.11259E+01    8.35198E+02    4.36159E-02   -2.06128E-01    3.35737E-02    1.68370E+00    2.43002E+00    1.98157E+00
    3.27387E+02    3.76329E+03    6.12319E+01    8.44260E+02    5.11149E-02   -2.13627E-01    7.40151E-02    1.76639E+00    2.54806E+00    2.43002E+00
    3.31066E+02    3.83003E+03    6.67379E+01    8.53417E+02    5.45143E-02   -2.18431E-01    8.24754E-02    1.80073E+00    2.60845E+00    2.54806E+00
    3.34783E+02    3.90069E+03    7.06599E+01    8.62671E+02    5.64784E-02   -2.21667E-01    8.56854E-02    1.82381E+00    2.65218E+00    2.60845E+00
    3.38540E+02    3.97475E+03    7.40624E+01    8.72024E+02    5.79271E-02   -2.24243E-01    8.74182E-02    1.84319E+00    2.69007E+00    2.65218E+00
    3.42337E+02    4.05211E+03    7.73562E+01    8.81475E+02    5.92047E-02   -2.26617E-01    8.85967E-02    1.86148E+00    2.72640E+00    2.69007E+00
    3.46174E+02    4.13291E+03    8.07956E+01    8.91027E+02    6.05103E-02   -2.29115E-01    8.95356E-02    1.88015E+00    2.76388E+00    2.72640E+00
    3.50051E+02    4.21758E+03    8.46768E+01    9.00680E+02    6.20567E-02   -2.32145E-01    9.03630E-02    1.90075E+00    2.80565E+00    2.76388E+00
    3.53970E+02    4.30720E+03    8.96201E+01    9.10435E+02    6.42711E-02   -2.36586E-01    9.10933E-02    1.92633E+00    2.85832E+00    2.80565E+00
    3.57930E+02    4.40503E+03    9.78236E+01    9.20294E+02    6.86504E-02   -2.45574E-01    9.13444E-02    1.96723E+00    2.94488E+00    2.85832E+00
    3.61932E+02    4.47154E+03    6.65104E+01    9.40326E+02    4.56752E-02   -2.11036E-01    3.37491E-02    1.77869E+00    2.62775E+00    2.11494E+00
    3.65977E+02    4.55115E+03    7.96147E+01    9.50502E+02    5.35030E-02   -2.18808E-01    7.50064E-02    1.87252E+00    2.76219E+00    2.62775E+00
    3.70064E+02    4.63792E+03    8.67629E+01    9.60785E+02    5.70579E-02   -2.23764E-01    8.35924E-02    1.91158E+00    2.83104E+00    2.76219E+00
    3.74195E+02    4.72978E+03    9.18685E+01    9.71178E+02    5.91219E-02   -2.27110E-01    8.68502E-02    1.93792E+00    2.88101E+00    2.83104E+00
    3.78370E+02    4.82609E+03    9.63071E+01    9.81680E+02    6.06516E-02   -2.29780E-01    8.86151E-02    1.96008E+00    2.92438E+00    2.88101E+00
    3.82589E+02    4.92670E+03    1.00607E+02    9.92294E+02    6.20038E-02   -2.32241E-01    8.98212E-02    1.98103E+00    2.96598E+00    2.92438E+00
    3.86852E+02    5.03179E+03    1.05095E+02    1.00302E+03    6.33839E-02   -2.34823E-01    9.07855E-02    2.00239E+00    3.00886E+00    2.96598E+00
    3.91161E+02    5.14194E+03    1.10151E+02    1.01386E+03    6.50121E-02   -2.37939E-01    9.16367E-02    2.02592E+00    3.05655E+00    3.00886E+00
    3.95516E+02    5.25851E+03    1.16571E+02    1.02482E+03    6.73303E-02   -2.42476E-01    9.23883E-02    2.05504E+00    3.11646E+00    3.05655E+00
    3.99916E+02    5.38570E+03    1.27185E+02    1.03589E+03    7.18903E-02   -2.51606E-01    9.26546E-02    2.10142E+00    3.21448E+00    3.11646E+00
    4.04363E+02    5.47239E+03    8.66908E+01    1.05838E+03    4.79541E-02   -2.16330E-01    3.39893E-02    1.88803E+00    2.85517E+00    2.26832E+00
    4.08858E+02    5.57604E+03    1.03650E+02    1.06981E+03    5.61105E-02   -2.24308E-01    7.61347E-02    1.99431E+00    3.00775E+00    2.85517E+00
    4.13400E+02    5.68887E+03    1.12828E+02    1.08136E+03    5.97740E-02   -2.29294E-01    8.48439E-02    2.03824E+00    3.08519E+00    3.00775E+00
    4.17990E+02    5.80816E+03    1.19296E+02    1.09303E+03    6.18513E-02   -2.32562E-01    8.81261E-02    2.06750E+00    3.14062E+00    3.08519E+00
    4.22629E+02    5.93297E+03    1.24803E+02    1.10482E+03    6.33247E-02   -2.35044E-01    8.98836E-02    2.09163E+00    3.18771E+00    3.14062E+00
    4.27317E+02    6.06293E+03    1.29964E+02    1.11674E+03    6.45359E-02   -2.37158E-01    9.10606E-02    2.11372E+00    3.23138E+00    3.18771E+00
    4.32054E+02    6.19800E+03    1.35066E+02    1.12879E+03    6.56383E-02   -2.39121E-01    9.19752E-02    2.13510E+00    3.27396E+00    3.23138E+00
    4.36842E+02    6.33829E+03    1.40292E+02    1.14096E+03    6.67234E-02   -2.41078E-01    9.27627E-02    2.15657E+00    3.31692E+00    3.27396E+00
    4.41681E+02    6.48410E+03    1.45811E+02    1.15326E+03    6.78692E-02   -2.43164E-01    9.34916E-02    2.17882E+00    3.36161E+00    3.31692E+00
    4.46571E+02    6.63596E+03    1.51856E+02    1.16570E+03    6.91755E-02   -2.45564E-01    9.42019E-02    2.20271E+00    3.40983E+00    3.36161E+00
    4.51513E+02    6.79481E+03    1.58859E+02    1.17826E+03    7.08231E-02   -2.48626E-01    9.49126E-02    2.22981E+00    3.46494E+00    3.40983E+00
    4.56507E+02    6.96272E+03    1.67902E+02    1.19096E+03    7.32592E-02   -2.53224E-01    9.55858E-02    2.26395E+00    3.53527E+00    3.46494E+00
    4.61554E+02    7.14570E+03    1.82985E+02    1.20379E+03    7.81386E-02   -2.62604E-01    9.57994E-02    2.31883E+00    3.65122E+00    3.53527E+00
    4.66655E+02    7.27072E+03    1.25021E+02    1.22986E+03    5.22496E-02   -2.25907E-01    3.48643E-02    2.06478E+00    3.22312E+00    2.51691E+00
    4.71809E+02    7.42008E+03    1.49360E+02    1.24311E+03    6.10917E-02   -2.34300E-01    7.87097E-02    2.19157E+00    3.40568E+00    3.22312E+00
    4.77019E+02    7.58260E+03    1.62515E+02    1.25649E+03    6.50568E-02   -2.39507E-01    8.77113E-02    2.24397E+00    3.49821E+00    3.40568E+00
    4.82283E+02    7.75438E+03    1.71787E+02    1.27002E+03    6.73044E-02   -2.42912E-01    9.10953E-02    2.27889E+00    3.56445E+00    3.49821E+00
    4.87604E+02    7.93406E+03    1.79673E+02    1.28369E+03    6.88958E-02   -2.45487E-01    9.29072E-02    2.30770E+00    3.62066E+00    3.56445E+00
    4.92980E+02    8.12110E+03    1.87044E+02    1.29751E+03    7.01961E-02   -2.47664E-01    9.41209E-02    2.33399E+00    3.67264E+00    3.62066E+00
    4.98414E+02    8.31539E+03    1.94293E+02    1.31147E+03    7.13649E-02   -2.49656E-01    9.50628E-02    2.35932E+00    3.72303E+00    3.67264E+00
    5.03905E+02    8.51704E+03    2.01647E+02    1.32558E+03    7.24908E-02   -2.51594E-01    9.58702E-02    2.38452E+00    3.77339E+00    3.72303E+00
    5.09455E+02    8.72633E+03    2.09292E+02    1.33984E+03    7.36389E-02   -2.53584E-01    9.66118E-02    2.41023E+00    3.82492E+00    3.77339E+00
    5.15063E+02    8.94377E+03    2.17435E+02    1.35425E+03    7.48773E-02   -2.55743E-01    9.73278E-02    2.43710E+00    3.87896E+00    3.82492E+00
    5.20731E+02    9.17016E+03    2.26396E+02    1.36881E+03    7.63057E-02   -2.58250E-01    9.80446E-02    2.46609E+00    3.93752E+00    3.87896E+00
    5.26459E+02    9.40696E+03    2.36800E+02    1.38353E+03    7.81160E-02   -2.61457E-01    9.87735E-02    2.49907E+00    4.00456E+00    3.93752E+00
    5.32248E+02    9.65720E+03    2.50235E+02    1.39840E+03    8.07936E-02   -2.66269E-01    9.94704E-02    2.54060E+00    4.09005E+00    4.00456E+00
    5.38097E+02    9.92980E+03    2.72598E+02    1.41343E+03    8.61441E-02   -2.76052E-01    9.96959E-02    2.60722E+00    4.23063E+00    4.09005E+00
    5.44009E+02    1.01166E+04    1.86796E+02    1.44398E+03    5.77756E-02   -2.37652E-01    3.60154E-02    2.29977E+00    3.71217E+00    2.84686E+00
    5.49984E+02    1.03396E+04    2.22984E+02    1.45949E+03    6.75039E-02   -2.46545E-01    8.19726E-02    2.45376E+00    3.93454E+00    3.71217E+00
    5.56022E+02    1.05821E+04    2.42496E+02    1.47517E+03    7.18519E-02   -2.52006E-01    9.13502E-02    2.51731E+00    4.04694E+00    3.93454E+00
    5.62124E+02    1.08383E+04    2.56208E+02    1.49101E+03    7.43031E-02   -2.55546E-01    9.48646E-02    2.55958E+00    4.12714E+00    4.04694E+00
    5.68291E+02    1.11061E+04    2.67814E+02    1.50703E+03    7.60203E-02   -2.58189E-01    9.67403E-02    2.59429E+00    4.19485E+00    4.12714E+00
    5.74523E+02    1.13847E+04    2.78581E+02    1.52321E+03    7.73984E-02   -2.60378E-01    9.79893E-02    2.62576E+00    4.25699E+00    4.19485E+00
    5.80821E+02    1.16737E+04    2.89052E+02    1.53956E+03    7.86037E-02   -2.62322E-01    9.89486E-02    2.65574E+00    4.31658E+00    4.25699E+00
    5.87186E+02    1.19732E+04    2.99509E+02    1.55609E+03    7.97193E-02   -2.64136E-01    9.97575E-02    2.68513E+00    4.37517E+00    4.31658E+00
    5.93618E+02    1.22834E+04    3.10123E+02    1.57279E+03    8.07936E-02   -2.65888E-01    1.00484E-01    2.71443E+00    4.43372E+00    4.37517E+00
    6.00118E+02    1.26044E+04    3.21025E+02    1.58967E+03    8.18601E-02   -2.67630E-01    1.01165E-01    2.74399E+00    4.49289E+00    4.43372E+00
    6.06688E+02    1.29367E+04    3.32332E+02    1.60673E+03    8.29467E-02   -2.69404E-01    1.01824E-01    2.77413E+00    4.55328E+00    4.49289E+00
    6.13327E+02    1.32809E+04    3.44179E+02    1.62397E+03    8.40822E-02   -2.71258E-01    1.02477E-01    2.80516E+00    4.61554E+00    4.55328E+00
    6.20036E+02    1.36376E+04    3.56742E+02    1.64139E+03    8.53040E-02   -2.73252E-01    1.03138E-01    2.83749E+00    4.68051E+00    4.61554E+00
    6.26817E+02    1.40079E+04    3.70297E+02    1.65900E+03    8.66688E-02   -2.75482E-01    1.03819E-01    2.87175E+00    4.74950E+00    4.68051E+00
    6.33669E+02    1.43933E+04    3.85337E+02    1.67679E+03    8.82781E-02   -2.78121E-01    1.04531E-01    2.90904E+00    4.82488E+00    4.74950E+00
    6.40594E+02    1.47962E+04    4.02890E+02    1.69478E+03    9.03438E-02   -2.81533E-01    1.05275E-01    2.95166E+00    4.91157E+00    4.82488E+00
    6.47593E+02    1.52218E+04    4.25611E+02    1.71295E+03    9.34172E-02   -2.86673E-01    1.05998E-01    3.00549E+00    5.02233E+00    4.91157E+00
    6.54665E+02    1.56852E+04    4.63429E+02    1.73131E+03    9.95635E-02   -2.97117E-01    1.06232E-01    3.09181E+00    5.20428E+00    5.02233E+00
    6.61813E+02    1.60037E+04    3.18534E+02    1.76863E+03    6.69851E-02   -2.55997E-01    3.80878E-02    2.69458E+00    4.53398E+00    3.40149E+00
    6.69036E+02    1.63837E+04    3.80006E+02    1.78759E+03    7.82201E-02   -2.65669E-01    8.74082E-02    2.89449E+00    4.82362E+00    4.53398E+00
    6.76336E+02    1.67969E+04    4.13145E+02    1.80674E+03    8.32411E-02   -2.71572E-01    9.74148E-02    2.97706E+00    4.96997E+00    4.82362E+00
    6.83713E+02    1.72333E+04    4.36456E+02    1.82610E+03    8.60767E-02   -2.75397E-01    1.01160E-01    3.03209E+00    5.07448E+00    4.96997E+00
    6.91169E+02    1.76895E+04    4.56194E+02    1.84567E+03    8.80655E-02   -2.78250E-01    1.03162E-01    3.07731E+00    5.16274E+00    5.07448E+00
    6.98703E+02    1.81640E+04    4.74494E+02    1.86544E+03    8.96599E-02   -2.80607E-01    1.04497E-01    3.11828E+00    5.24367E+00    5.16274E+00
    7.06318E+02    1.86563E+04    4.92258E+02    1.88542E+03    9.10487E-02   -2.82690E-01    1.05522E-01    3.15727E+00    5.32113E+00    5.24367E+00
    7.14013E+02    1.91662E+04    5.09941E+02    1.90562E+03    9.23243E-02   -2.84616E-01    1.06385E-01    3.19536E+00    5.39706E+00    5.32113E+00
    7.21790E+02    1.96940E+04    5.27810E+02    1.92602E+03    9.35383E-02   -2.86454E-01    1.07157E-01    3.23317E+00    5.47257E+00    5.39706E+00
    7.29649E+02    2.02401E+04    5.46041E+02    1.94665E+03    9.47228E-02   -2.88246E-01    1.07875E-01    3.27108E+00    5.54838E+00    5.47257E+00
    7.37591E+02    2.08049E+04    5.64773E+02    1.96749E+03    9.59008E-02   -2.90026E-01    1.08563E-01    3.30938E+00    5.62503E+00    5.54838E+00
    7.45618E+02    2.13890E+04    5.84130E+02    1.98855E+03    9.70908E-02   -2.91819E-01    1.09235E-01    3.34829E+00    5.70296E+00    5.62503E+00
    7.53729E+02    2.19932E+04    6.04243E+02    2.00984E+03    9.83109E-02   -2.93654E-01    1.09902E-01    3.38804E+00    5.78262E+00    5.70296E+00
    7.61927E+02    2.26185E+04    6.25266E+02    2.03135E+03    9.95813E-02   -2.95559E-01    1.10573E-01    3.42888E+00    5.86455E+00    5.78262E+00
    7.70212E+02    2.32659E+04    6.47406E+02    2.05309E+03    1.00928E-01   -2.97574E-01    1.11256E-01    3.47117E+00    5.94944E+00    5.86455E+00
    7.78584E+02    2.39369E+04    6.70966E+02    2.07506E+03    1.02391E-01   -2.99760E-01    1.11960E-01    3.51538E+00    6.03831E+00    5.94944E+00
    7.87045E+02    2.46333E+04    6.96442E+02    2.09727E+03    1.04034E-01   -3.02215E-01    1.12694E-01    3.56232E+00    6.13288E+00    6.03831E+00
    7.95596E+02    2.53580E+04    7.24740E+02    2.11971E+03    1.05974E-01   -3.05122E-01    1.13467E-01    3.61348E+00    6.23628E+00    6.13288E+00
    8.04237E+02    2.61158E+04    7.57766E+02    2.14238E+03    1.08463E-01   -3.08874E-01    1.14279E-01    3.67195E+00    6.35514E+00    6.23628E+00
    8.12970E+02    2.69163E+04    8.00465E+02    2.16530E+03    1.12155E-01   -3.14505E-01    1.15071E-01    3.74567E+00    6.50674E+00    6.35514E+00
    8.21796E+02    2.77876E+04    8.71340E+02    2.18846E+03    1.19507E-01   -3.25891E-01    1.15335E-01    3.86356E+00    6.75491E+00    6.50674E+00
    8.30715E+02    2.83885E+04    6.00844E+02    2.23552E+03    8.06681E-02   -2.81040E-01    4.10456E-02    3.32396E+00    5.84382E+00    4.28467E+00
    8.39729E+02    2.91048E+04    7.16361E+02    2.25943E+03    9.41467E-02   -2.91760E-01    9.49885E-02    3.59697E+00    6.24068E+00    5.84382E+00
    8.48838E+02    2.98834E+04    7.78622E+02    2.28358E+03    1.00169E-01   -2.98262E-01    1.05872E-01    3.70984E+00    6.44111E+00    6.24068E+00
    8.58044E+02    3.07059E+04    8.22451E+02    2.30800E+03    1.03575E-01   -3.02470E-01    1.09941E-01    3.78516E+00    6.58432E+00    6.44111E+00
    8.67347E+02    3.15655E+04    8.59567E+02    2.33267E+03    1.05965E-01   -3.05605E-01    1.12116E-01    3.84710E+00    6.70526E+00    6.58432E+00
    8.76749E+02    3.24594E+04    8.93948E+02    2.35761E+03    1.07878E-01   -3.08188E-01    1.13569E-01    3.90319E+00    6.81605E+00    6.70526E+00
    8.86251E+02    3.33867E+04    9.27266E+02    2.38280E+03    1.09538E-01   -3.10460E-01    1.14684E-01    3.95647E+00    6.92191E+00    6.81605E+00
    8.95853E+02    3.43470E+04    9.60350E+02    2.40827E+03    1.11053E-01   -3.12545E-01    1.15621E-01    4.00841E+00    7.02542E+00    6.92191E+00
    9.05558E+02    3.53407E+04    9.93665E+02    2.43401E+03    1.12482E-01   -3.14515E-01    1.16455E-01    4.05980E+00    7.12800E+00    7.02542E+00
    9.15365E+02    3.63682E+04    1.02750E+03    2.46001E+03    1.13859E-01   -3.16412E-01    1.17226E-01    4.11110E+00    7.23053E+00    7.12800E+00
    9.25276E+02    3.74303E+04    1.06206E+03    2.48630E+03    1.15206E-01   -3.18265E-01    1.17957E-01    4.16263E+00    7.33358E+00    7.23053E+00
    9.35292E+02    3.85277E+04    1.09749E+03    2.51286E+03    1.16540E-01   -3.20092E-01    1.18664E-01    4.21459E+00    7.43755E+00    7.33358E+00
    9.45414E+02    3.96617E+04    1.13393E+03    2.53971E+03    1.17870E-01   -3.21908E-01    1.19354E-01    4.26716E+00    7.54276E+00    7.43755E+00
    9.55643E+02    4.08332E+04    1.17148E+03    2.56683E+03    1.19207E-01   -3.23725E-01    1.20036E-01    4.32045E+00    7.64946E+00    7.54276E+00
    9.65981E+02    4.20434E+04    1.21026E+03    2.59425E+03    1.20557E-01   -3.25554E-01    1.20715E-01    4.37459E+00    7.75789E+00    7.64946E+00
    9.76429E+02    4.32938E+04    1.25039E+03    2.62196E+03    1.21929E-01   -3.27402E-01    1.21394E-01    4.42970E+00    7.86828E+00    7.75789E+00
    9.86987E+02    4.45858E+04    1.29198E+03    2.64996E+03    1.23329E-01   -3.29282E-01    1.22076E-01    4.48589E+00    7.98087E+00    7.86828E+00
    9.97657E+02    4.59210E+04    1.33518E+03    2.67826E+03    1.24767E-01   -3.31204E-01    1.22766E-01    4.54331E+00    8.09596E+00    7.98087E+00
    1.00844E+03    4.73011E+04    1.38017E+03    2.70685E+03    1.26254E-01   -3.33182E-01    1.23467E-01    4.60214E+00    8.21388E+00    8.09596E+00
    1.01934E+03    4.87283E+04    1.42718E+03    2.73576E+03    1.27804E-01   -3.35236E-01    1.24181E-01    4.66258E+00    8.33511E+00    8.21388E+00
    1.03035E+03    5.02048E+04    1.47651E+03    2.76496E+03    1.29437E-01   -3.37391E-01    1.24915E-01    4.72496E+00    8.46028E+00    8.33511E+00
    1.04148E+03    5.17334E+04    1.52862E+03    2.79448E+03    1.31182E-01   -3.39689E-01    1.25673E-01    4.78972E+00    8.59034E+00    8.46028E+00
    1.05273E+03    5.33176E+04    1.58418E+03    2.82431E+03    1.33087E-01   -3.42191E-01    1.26462E-01    4.85758E+00    8.72678E+00    8.59034E+00
    1.06410E+03    5.49620E+04    1.64434E+03    2.85445E+03    1.35232E-01   -3.45006E-01    1.27291E-01    4.92973E+00    8.87211E+00    8.72678E+00
    1.07558E+03    5.66732E+04    1.71121E+03    2.88492E+03    1.37768E-01   -3.48340E-01    1.28168E-01    5.00838E+00    9.03105E+00    8.87211E+00
    1.08719E+03    5.84624E+04    1.78922E+03    2.91571E+03    1.41015E-01   -3.52634E-01    1.29091E-01    5.09824E+00    9.21367E+00    9.03105E+00
    1.09893E+03    6.03524E+04    1.88996E+03    2.94682E+03    1.45819E-01   -3.59055E-01    1.29994E-01    5.21138E+00    9.44617E+00    9.21367E+00
    1.11078E+03    6.24091E+04    2.05673E+03    2.97827E+03    1.55345E-01   -3.71976E-01    1.30306E-01    5.39175E+00    9.82542E+00    9.44617E+00
    1.12276E+03    6.38319E+04    1.42286E+03    3.04216E+03    1.05207E-01   -3.21074E-01    4.60274E-02    4.57068E+00    8.43820E+00    6.03333E+00
    1.13487E+03    6.55274E+04    1.69543E+03    3.07462E+03    1.22723E-01   -3.33442E-01    1.07421E-01    4.98843E+00    9.04750E+00    8.43820E+00
    1.14711E+03    6.73697E+04    1.84236E+03    3.10741E+03    1.30552E-01   -3.40902E-01    1.19739E-01    5.16137E+00    9.35526E+00    9.04750E+00
    1.15948E+03    6.93157E+04    1.94595E+03    3.14056E+03    1.34990E-01   -3.45731E-01    1.24340E-01    5.27703E+00    9.57541E+00    9.35526E+00
    1.17198E+03    7.13494E+04    2.03376E+03    3.17406E+03    1.38113E-01   -3.49334E-01    1.26804E-01    5.37227E+00    9.76147E+00    9.57541E+00
    1.18461E+03    7.34646E+04    2.11513E+03    3.20791E+03    1.40617E-01   -3.52302E-01    1.28452E-01    5.45857E+00    9.93199E+00    9.76147E+00
    1.19737E+03    7.56586E+04    2.19398E+03    3.24212E+03    1.42790E-01   -3.54912E-01    1.29721E-01    5.54054E+00    1.00949E+01    9.93199E+00
    1.21027E+03    7.79308E+04    2.27221E+03    3.27670E+03    1.44771E-01   -3.57304E-01    1.30786E-01    5.62041E+00    1.02540E+01    1.00949E+01
    1.22331E+03    8.02817E+04    2.35091E+03    3.31164E+03    1.46635E-01   -3.59556E-01    1.31735E-01    5.69936E+00    1.04116E+01    1.02540E+01
    1.23649E+03    8.27124E+04    2.43073E+03    3.34695E+03    1.48424E-01   -3.61717E-01    1.32610E-01    5.77807E+00    1.05689E+01    1.04116E+01
    1.24980E+03    8.52245E+04    2.51211E+03    3.38264E+03    1.50168E-01   -3.63816E-01    1.33438E-01    5.85699E+00    1.07267E+01    1.05689E+01
    1.26326E+03    8.78199E+04    2.59537E+03    3.41870E+03    1.51882E-01   -3.65873E-01    1.34235E-01    5.93641E+00    1.08856E+01    1.07267E+01
    1.27686E+03    9.05006E+04    2.68076E+03    3.45515E+03    1.53580E-01   -3.67903E-01    1.35010E-01    6.01654E+00    1.10459E+01    1.08856E+01
    1.29060E+03    9.32691E+04    2.76847E+03    3.49198E+03    1.55271E-01   -3.69915E-01    1.35771E-01    6.09754E+00    1.12080E+01    1.10459E+01
    1.30449E+03    9.61278E+04    2.85870E+03    3.52920E+03    1.56960E-01   -3.71917E-01    1.36522E-01    6.17952E+00    1.13721E+01    1.12080E+01
    1.31852E+03    9.90794E+04    2.95159E+03    3.56682E+03    1.58654E-01   -3.73914E-01    1.37268E-01    6.26258E+00    1.15384E+01    1.13721E+01
    1.33271E+03    1.02127E+05    3.04731E+03    3.60484E+03    1.60356E-01   -3.75911E-01    1.38009E-01    6.34681E+00    1.17070E+01    1.15384E+01
    1.34704E+03    1.05273E+05    3.14599E+03    3.64326E+03    1.62069E-01   -3.77912E-01    1.38749E-01    6.43227E+00    1.18781E+01    1.17070E+01
    1.36153E+03    1.08521E+05    3.24779E+03    3.68208E+03    1.63797E-01   -3.79920E-01    1.39490E-01    6.51903E+00    1.20519E+01    1.18781E+01
    1.37617E+03    1.11873E+05    3.35286E+03    3.72132E+03    1.65542E-01   -3.81939E-01    1.40231E-01    6.60716E+00    1.22284E+01    1.20519E+01
    1.39097E+03    1.15335E+05    3.46135E+03    3.76098E+03    1.67307E-01   -3.83970E-01    1.40976E-01    6.69671E+00    1.24077E+01    1.22284E+01
    1.40592E+03    1.18908E+05    3.57341E+03    3.80105E+03    1.69095E-01   -3.86017E-01    1.41724E-01    6.78776E+00    1.25901E+01    1.24077E+01
    1.42103E+03    1.22597E+05    3.68923E+03    3.84155E+03    1.70907E-01   -3.88082E-01    1.42477E-01    6.88037E+00    1.27755E+01    1.25901E+01
    1.43630E+03    1.26406E+05    3.80899E+03    3.88248E+03    1.72748E-01   -3.90169E-01    1.43235E-01    6.97461E+00    1.29643E+01    1.27755E+01
    1.45173E+03    1.30339E+05    3.93290E+03    3.92384E+03    1.74620E-01   -3.92281E-01    1.44001E-01    7.07056E+00    1.31565E+01    1.29643E+01
    1.46733E+03    1.34400E+05    4.06118E+03    3.96564E+03    1.76528E-01   -3.94422E-01    1.44774E-01    7.16832E+00    1.33524E+01    1.31565E+01
    1.48309E+03    1.38595E+05    4.19409E+03    4.00789E+03    1.78476E-01   -3.96597E-01    1.45556E-01    7.26799E+00    1.35520E+01    1.33524E+01
    1.49902E+03    1.42926E+05    4.33193E+03    4.05058E+03    1.80470E-01   -3.98813E-01    1.46348E-01    7.36971E+00    1.37559E+01    1.35520E+01
    1.51512E+03    1.47402E+05    4.47507E+03    4.09372E+03    1.82518E-01   -4.01078E-01    1.47153E-01    7.47363E+00    1.39641E+01    1.37559E+01
    1.53139E+03    1.52025E+05    4.62395E+03    4.13732E+03    1.84629E-01   -4.03402E-01    1.47972E-01    7.57997E+00    1.41773E+01    1.39641E+01
    1.54783E+03    1.56805E+05    4.77912E+03    4.18139E+03    1.86818E-01   -4.05800E-01    1.48808E-01    7.68901E+00    1.43959E+01    1.41773E+01
    1.56444E+03    1.61746E+05    4.94134E+03    4.22592E+03    1.89103E-01   -4.08294E-01    1.49664E-01    7.80111E+00    1.46207E+01    1.43959E+01
    1.58123E+03    1.66858E+05    5.11162E+03    4.27092E+03    1.91512E-01   -4.10912E-01    1.50545E-01    7.91682E+00    1.48529E+01    1.46207E+01
    1.59820E+03    1.72149E+05    5.29146E+03    4.31640E+03    1.94088E-01   -4.13702E-01    1.51456E-01    8.03696E+00    1.50942E+01    1.48529E+01
    1.61535E+03    1.77632E+05    5.48317E+03    4.36236E+03    1.96897E-01   -4.16738E-01    1.52405E-01    8.16281E+00    1.53472E+01    1.50942E+01
    1.63268E+03    1.83323E+05    5.69063E+03    4.40881E+03    2.00058E-01   -4.20150E-01    1.53401E-01    8.29654E+00    1.56165E+01    1.53472E+01
    1.65020E+03    1.89244E+05    5.92104E+03    4.45575E+03    2.03788E-01   -4.24184E-01    1.54454E-01    8.44222E+00    1.59108E+01    1.56165E+01
    1.66790E+03    1.95433E+05    6.18960E+03    4.50319E+03    2.08560E-01   -4.29372E-01    1.55562E-01    8.60848E+00    1.62485E+01    1.59108E+01
    1.68578E+03    2.01969E+05    6.53595E+03    4.55113E+03    2.15608E-01   -4.37117E-01    1.56643E-01    8.81751E+00    1.66778E+01    1.62485E+01
    1.70386E+03    2.09078E+05    7.10834E+03    4.59958E+03    2.29569E-01   -4.52675E-01    1.57015E-01    9.15019E+00    1.73765E+01    1.66778E+01
    1.72213E+03    2.14008E+05    4.92992E+03    4.69803E+03    1.55874E-01   -3.90953E-01    5.50413E-02    7.63614E+00    1.48161E+01    1.03312E+01
    1.74059E+03    2.19877E+05    5.86900E+03    4.74804E+03    1.81672E-01   -4.06080E-01    1.29502E-01    8.40801E+00    1.59449E+01    1.48161E+01
    1.75925E+03    2.26250E+05    6.37373E+03    4.79858E+03    1.93155E-01   -4.15117E-01    1.44337E-01    8.72696E+00    1.65132E+01    1.59449E+01
    1.77811E+03    2.32979E+05    6.72887E+03    4.84965E+03    1.99639E-01   -4.20932E-01    1.49853E-01    8.94005E+00    1.69191E+01    1.65132E+01
    1.79716E+03    2.40009E+05    7.02942E+03    4.90126E+03    2.04180E-01   -4.25246E-01    1.52796E-01    9.11532E+00    1.72616E+01    1.69191E+01
    1.81642E+03    2.47316E+05    7.30742E+03    4.95342E+03    2.07802E-01   -4.28781E-01    1.54756E-01    9.27391E+00    1.75749E+01    1.72616E+01
    1.83589E+03    2.54892E+05    7.57625E+03    5.00614E+03    2.10927E-01   -4.31869E-01    1.56257E-01    9.42433E+00    1.78738E+01    1.75749E+01
    1.85555E+03    2.62735E+05    7.84247E+03    5.05941E+03    2.13759E-01   -4.34683E-01    1.57512E-01    9.57062E+00    1.81652E+01    1.78738E+01
    1.87543E+03    2.70844E+05    8.10968E+03    5.11325E+03    2.16405E-01   -4.37315E-01    1.58622E-01    9.71494E+00    1.84533E+01    1.81652E+01
    1.89552E+03    2.79225E+05    8.38005E+03    5.16766E+03    2.18930E-01   -4.39823E-01    1.59641E-01    9.85855E+00    1.87402E+01    1.84533E+01
    1.91582E+03    2.87880E+05    8.65502E+03    5.22264E+03    2.21371E-01   -4.42243E-01    1.60599E-01    1.00022E+01    1.90274E+01    1.87402E+01
    1.93633E+03    2.96815E+05    8.93558E+03    5.27821E+03    2.23754E-01   -4.44597E-01    1.61514E-01    1.01465E+01    1.93158E+01    1.90274E+01
    1.95707E+03    3.06038E+05    9.22250E+03    5.33437E+03    2.26095E-01   -4.46902E-01    1.62398E-01    1.02917E+01    1.96063E+01    1.93158E+01
    1.97802E+03    3.15554E+05    9.51635E+03    5.39112E+03    2.28406E-01   -4.49169E-01    1.63260E-01    1.04380E+01    1.98991E+01    1.96063E+01
    1.99920E+03    3.25372E+05    9.81762E+03    5.44848E+03    2.30696E-01   -4.51404E-01    1.64105E-01    1.05858E+01    2.01947E+01    1.98991E+01
    2.02060E+03    3.35498E+05    1.01267E+04    5.50644E+03    2.32970E-01   -4.53615E-01    1.64936E-01    1.07350E+01    2.04933E+01    2.01947E+01
    2.04222E+03    3.45942E+05    1.04440E+04    5.56501E+03    2.35232E-01   -4.55804E-01    1.65756E-01    1.08858E+01    2.07952E+01    2.04933E+01
    2.06408E+03    3.56712E+05    1.07699E+04    5.62421E+03    2.37485E-01   -4.57975E-01    1.66567E-01    1.10383E+01    2.11005E+01    2.07952E+01
    2.08617E+03    3.67817E+05    1.11046E+04    5.68404E+03    2.39732E-01   -4.60130E-01    1.67370E-01    1.11926E+01    2.14093E+01    2.11005E+01
    2.10849E+03    3.79265E+05    1.14484E+04    5.74450E+03    2.41973E-01   -4.62270E-01    1.68167E-01    1.13487E+01    2.17217E+01    2.14093E+01
    2.13104E+03    3.91067E+05    1.18017E+04    5.80559E+03    2.44211E-01   -4.64396E-01    1.68958E-01    1.15066E+01    2.20378E+01    2.17217E+01
    2.15384E+03    4.03231E+05    1.21646E+04    5.86734E+03    2.46445E-01   -4.66510E-01    1.69744E-01    1.16664E+01    2.23576E+01    2.20378E+01
    2.17688E+03    4.15769E+05    1.25375E+04    5.92974E+03    2.48675E-01   -4.68611E-01    1.70525E-01    1.18282E+01    2.26813E+01    2.23576E+01
    2.20016E+03    4.28690E+05    1.29206E+04    5.99281E+03    2.50902E-01   -4.70699E-01    1.71301E-01    1.19918E+01    2.30089E+01    2.26813E+01
    2.22369E+03    4.42004E+05    1.33141E+04    6.05654E+03    2.53125E-01   -4.72775E-01    1.72073E-01    1.21574E+01    2.33404E+01    2.30089E+01
    2.24747E+03    4.55722E+05    1.37184E+04    6.12095E+03    2.55344E-01   -4.74837E-01    1.72840E-01    1.23250E+01    2.36758E+01    2.33404E+01
    2.27150E+03    4.69856E+05    1.41335E+04    6.18604E+03    2.57558E-01   -4.76886E-01    1.73602E-01    1.24946E+01    2.40152E+01    2.36758E+01
    2.29579E+03    4.84415E+05    1.45598E+04    6.25182E+03    2.59766E-01   -4.78920E-01    1.74360E-01    1.26661E+01    2.43585E+01    2.40152E+01
    2.32033E+03    4.99413E+05    1.49975E+04    6.31829E+03    2.61968E-01   -4.80940E-01    1.75112E-01    1.28396E+01    2.47058E+01    2.43585E+01
    2.34514E+03    5.14860E+05    1.54468E+04    6.38548E+03    2.64162E-01   -4.82944E-01    1.75860E-01    1.30151E+01    2.50570E+01    2.47058E+01
    2.37020E+03    5.30768E+05    1.59079E+04    6.45337E+03    2.66346E-01   -4.84931E-01    1.76602E-01    1.31926E+01    2.54122E+01    2.50570E+01
    2.39554E+03    5.47148E+05    1.63809E+04    6.52198E+03    2.68521E-01   -4.86900E-01    1.77338E-01    1.33720E+01    2.57713E+01    2.54122E+01
    2.42114E+03    5.64015E+05    1.68662E+04    6.59133E+03    2.70683E-01   -4.88850E-01    1.78068E-01    1.35534E+01    2.61343E+01    2.57713E+01
    2.44701E+03    5.81379E+05    1.73639E+04    6.66140E+03    2.72832E-01   -4.90780E-01    1.78792E-01    1.37367E+01    2.65012E+01    2.61343E+01
    2.47316E+03    5.99253E+05    1.78742E+04    6.73222E+03    2.74965E-01   -4.92689E-01    1.79509E-01    1.39219E+01    2.68719E+01    2.65012E+01
    2.49958E+03    6.17650E+05    1.83971E+04    6.80379E+03    2.77082E-01   -4.94574E-01    1.80218E-01    1.41090E+01    2.72463E+01    2.68719E+01
    2.52628E+03    6.36583E+05    1.89330E+04    6.87612E+03    2.79178E-01   -4.96434E-01    1.80919E-01    1.42980E+01    2.76245E+01    2.72463E+01
    2.55327E+03    6.56065E+05    1.94818E+04    6.94921E+03    2.81254E-01   -4.98268E-01    1.81612E-01    1.44888E+01    2.80064E+01    2.76245E+01
    2.58054E+03    6.76109E+05    2.00438E+04    7.02308E+03    2.83306E-01   -5.00074E-01    1.82296E-01    1.46815E+01    2.83918E+01    2.80064E+01
    2.60810E+03    6.96728E+05    2.06190E+04    7.09774E+03    2.85332E-01   -5.01850E-01    1.82970E-01    1.48758E+01    2.87807E+01    2.83918E+01
    2.63596E+03    7.17935E+05    2.12075E+04    7.17318E+03    2.87329E-01   -5.03595E-01    1.83634E-01    1.50719E+01    2.91730E+01    2.87807E+01
    2.66411E+03    7.39745E+05    2.18094E+04    7.24942E+03    2.89295E-01   -5.05305E-01    1.84287E-01    1.52696E+01    2.95686E+01    2.91730E+01
    2.69256E+03    7.62169E+05    2.24247E+04    7.32648E+03    2.91227E-01   -5.06980E-01    1.84928E-01    1.54690E+01    2.99674E+01    2.95686E+01
    2.72131E+03    7.85223E+05    2.30534E+04    7.40435E+03    2.93122E-01   -5.08616E-01    1.85557E-01    1.56698E+01    3.03692E+01    2.99674E+01
    2.75036E+03    8.08918E+05    2.36956E+04    7.48304E+03    2.94977E-01   -5.10212E-01    1.86173E-01    1.58722E+01    3.07740E+01    3.03692E+01
    2.77972E+03    8.33269E+05    2.43510E+04    7.56257E+03    2.96789E-01   -5.11766E-01    1.86775E-01    1.60759E+01    3.11815E+01    3.07740E+01
    2.80939E+03    8.58289E+05    2.50198E+04    7.64294E+03    2.98554E-01   -5.13273E-01    1.87362E-01    1.62809E+01    3.15917E+01    3.11815E+01
    2.83938E+03    8.83991E+05    2.57017E+04    7.72416E+03    3.00269E-01   -5.14733E-01    1.87934E-01    1.64872E+01    3.20042E+01    3.15917E+01
    2.86969E+03    9.10387E+05    2.63966E+04    7.80625E+03    3.01931E-01   -5.16142E-01    1.88488E-01    1.66946E+01    3.24191E+01    3.20042E+01
    2.90031E+03    9.37492E+05    2.71044E+04    7.88920E+03    3.03535E-01   -5.17498E-01    1.89025E-01    1.69030E+01    3.28359E+01    3.24191E+01
    2.93127E+03    9.65316E+05    2.78247E+04    7.97304E+03    3.05078E-01   -5.18797E-01    1.89544E-01    1.71124E+01    3.32546E+01    3.28359E+01
    2.96255E+03    9.93874E+05    2.85574E+04    8.05776E+03    3.06556E-01   -5.20038E-01    1.90043E-01    1.73226E+01    3.36749E+01    3.32546E+01
    2.99416E+03    1.02318E+06    2.93021E+04    8.14338E+03    3.07964E-01   -5.21216E-01    1.90522E-01    1.75335E+01    3.40966E+01    3.36749E+01
    3.02610E+03    1.05323E+06    3.00585E+04    8.22991E+03    3.09300E-01   -5.22329E-01    1.90978E-01    1.77449E+01    3.45193E+01    3.40966E+01
    3.05839E+03    1.08406E+06    3.08261E+04    8.31735E+03    3.10559E-01   -5.23374E-01    1.91412E-01    1.79568E+01    3.49430E+01    3.45193E+01
    3.09101E+03    1.11567E+06    3.16047E+04    8.40572E+03    3.11737E-01   -5.24349E-01    1.91822E-01    1.81690E+01    3.53672E+01    3.49430E+01
    3.12399E+03    1.14806E+06    3.23936E+04    8.49503E+03    3.12831E-01   -5.25250E-01    1.92207E-01    1.83814E+01    3.57917E+01    3.53672E+01
    3.15731E+03    1.18125E+06    3.31925E+04    8.58529E+03    3.13836E-01   -5.26074E-01    1.92566E-01    1.85939E+01    3.62164E+01    3.57917E+01
    3.19099E+03    1.21525E+06    3.40009E+04    8.67650E+03    3.14750E-01   -5.26821E-01    1.92898E-01    1.88063E+01    3.66408E+01    3.62164E+01
    3.22502E+03    1.25007E+06    3.48183E+04    8.76868E+03    3.15571E-01   -5.27488E-01    1.93202E-01    1.90185E+01    3.70649E+01    3.66408E+01
    3.25941E+03    1.28571E+06    3.56444E+04    8.86183E+03    3.16296E-01   -5.28075E-01    1.93477E-01    1.92304E+01    3.74884E+01    3.70649E+01
    3.29417E+03    1.32219E+06    3.64789E+04    8.95598E+03    3.16927E-01   -5.28582E-01    1.93722E-01    1.94420E+01    3.79112E+01    3.74884E+01
    3.32930E+03    1.35952E+06    3.73219E+04    9.05112E+03    3.17464E-01   -5.29011E-01    1.93937E-01    1.96533E+01    3.83334E+01    3.79112E+01
    3.36479E+03    1.39769E+06    3.81736E+04    9.14727E+03    3.17914E-01   -5.29368E-01    1.94123E-01    1.98643E+01    3.87552E+01    3.83334E+01
    3.40067E+03    1.43672E+06    3.90352E+04    9.24444E+03    3.18285E-01   -5.29662E-01    1.94278E-01    2.00754E+01    3.91772E+01    3.87552E+01
    3.43692E+03    1.47663E+06    3.99084E+04    9.34264E+03    3.18596E-01   -5.29908E-01    1.94405E-01    2.02870E+01    3.96003E+01    3.91772E+01
    3.47356E+03    1.51743E+06    4.07972E+04    9.44188E+03    3.18875E-01   -5.30135E-01    1.94505E-01    2.05000E+01    4.00263E+01    3.96003E+01
    3.51059E+03    1.55914E+06    4.17079E+04    9.54217E+03    3.19173E-01   -5.30387E-01    1.94583E-01    2.07159E+01    4.04585E+01    4.00263E+01
    3.54801E+03    1.60179E+06    4.26528E+04    9.64353E+03    3.19573E-01   -5.30742E-01    1.94644E-01    2.09373E+01    4.09026E+01    4.04585E+01
    3.58583E+03    1.64544E+06    4.36539E+04    9.74596E+03    3.20230E-01   -5.31342E-01    1.94694E-01    2.11693E+01    4.13690E+01    4.09026E+01
    3.62405E+03    1.69020E+06    4.47560E+04    9.84947E+03    3.21445E-01   -5.32466E-01    1.94743E-01    2.14216E+01    4.18787E+01    4.13690E+01
    3.66267E+03    1.73626E+06    4.60582E+04    9.95408E+03    3.23876E-01   -5.34730E-01    1.94782E-01    2.17157E+01    4.24775E+01    4.18787E+01
    3.70170E+03    1.78409E+06    4.78262E+04    1.00598E+04    3.29272E-01   -5.39778E-01    1.94711E-01    2.21083E+01    4.32882E+01    4.24775E+01
    3.74115E+03    1.83515E+06    5.10698E+04    1.01666E+04    3.44247E-01   -5.53824E-01    1.93719E-01    2.28080E+01    4.47694E+01    4.32882E+01
    3.78101E+03    1.86935E+06    3.41972E+04    1.03837E+04    2.25691E-01   -4.70322E-01    6.69935E-02    1.84648E+01    3.73127E+01    2.56984E+01
    3.82130E+03    1.90936E+06    4.00079E+04    1.04940E+04    2.58516E-01   -4.83986E-01    1.55802E-01    2.03117E+01    3.99128E+01    3.73127E+01
    3.86201E+03    1.95195E+06    4.25941E+04    1.06055E+04    2.69469E-01   -4.89769E-01    1.72033E-01    2.09417E+01    4.09873E+01    3.99128E+01
    3.90316E+03    1.99597E+06    4.40192E+04    1.07181E+04    2.72659E-01   -4.91295E-01    1.76887E-01    2.12742E+01    4.15953E+01    4.09873E+01
    3.94474E+03    2.04093E+06    4.49546E+04    1.08319E+04    2.72628E-01   -4.90669E-01    1.78528E-01    2.14885E+01    4.19988E+01    4.15953E+01
    3.98676E+03    2.08655E+06    4.56212E+04    1.09469E+04    2.70883E-01   -4.88761E-01    1.78873E-01    2.16395E+01    4.22867E+01    4.19988E+01
    4.02923E+03    2.13266E+06    4.61072E+04    1.10632E+04    2.68042E-01   -4.85965E-01    1.78550E-01    2.17487E+01    4.24954E+01    4.22867E+01
    4.07215E+03    2.17911E+06    4.64516E+04    1.11807E+04    2.64395E-01   -4.82471E-01    1.77812E-01    2.18256E+01    4.26414E+01    4.24954E+01
    4.11552E+03    2.22578E+06    4.66722E+04    1.12994E+04    2.60094E-01   -4.78378E-01    1.76773E-01    2.18744E+01    4.27325E+01    4.26414E+01
    4.15936E+03    2.27256E+06    4.67767E+04    1.14194E+04    2.55224E-01   -4.73736E-01    1.75494E-01    2.18973E+01    4.27719E+01    4.27325E+01
    4.20365E+03    2.31932E+06    4.67670E+04    1.15406E+04    2.49834E-01   -4.68569E-01    1.74004E-01    2.18946E+01    4.27603E+01    4.27719E+01
    4.24842E+03    2.36597E+06    4.66418E+04    1.16632E+04    2.43954E-01   -4.62882E-01    1.72319E-01    2.18661E+01    4.26971E+01    4.27603E+01
    4.29366E+03    2.41236E+06    4.63979E+04    1.17870E+04    2.37603E-01   -4.56674E-01    1.70446E-01    2.18109E+01    4.25804E+01    4.26971E+01
    4.33938E+03    2.45839E+06    4.60308E+04    1.19121E+04    2.30792E-01   -4.49932E-01    1.68386E-01    2.17279E+01    4.24076E+01    4.25804E+01
    4.38559E+03    2.50393E+06    4.55351E+04    1.20386E+04    2.23532E-01   -4.42640E-01    1.66138E-01    2.16154E+01    4.21757E+01    4.24076E+01
    4.43228E+03    2.54883E+06    4.49049E+04    1.21664E+04    2.15829E-01   -4.34778E-01    1.63698E-01    2.14717E+01    4.18808E+01    4.21757E+01
    4.47947E+03    2.59297E+06    4.41344E+04    1.22956E+04    2.07689E-01   -4.26320E-01    1.61059E-01    2.12947E+01    4.15189E+01    4.18808E+01
    4.52716E+03    2.63619E+06    4.32173E+04    1.24261E+04    1.99120E-01   -4.17239E-01    1.58214E-01    2.10821E+01    4.10853E+01    4.15189E+01
    4.57536E+03    2.67833E+06    4.21476E+04    1.25581E+04    1.90131E-01   -4.07502E-01    1.55154E-01    2.08313E+01    4.05749E+01    4.10853E+01
    4.62407E+03    2.71925E+06    4.09199E+04    1.26914E+04    1.80732E-01   -3.97075E-01    1.51868E-01    2.05396E+01    3.99819E+01    4.05749E+01
    4.67329E+03    2.75878E+06    3.95289E+04    1.28261E+04    1.70938E-01   -3.85917E-01    1.48346E-01    2.02039E+01    3.93001E+01    3.99819E+01
    4.72303E+03    2.79675E+06    3.79706E+04    1.29623E+04    1.60766E-01   -3.73984E-01    1.44574E-01    1.98207E+01    3.85226E+01    3.93001E+01
    4.77331E+03    2.83299E+06    3.62416E+04    1.30999E+04    1.50237E-01   -3.61228E-01    1.40538E-01    1.93862E+01    3.76417E+01    3.85226E+01
    4.82411E+03    2.86733E+06    3.43401E+04    1.32390E+04    1.39377E-01   -3.47593E-01    1.36223E-01    1.88962E+01    3.66488E+01    3.76417E+01
    4.87546E+03    2.89960E+06    3.22658E+04    1.33795E+04    1.28220E-01   -3.33015E-01    1.31612E-01    1.83460E+01    3.55343E+01    3.66488E+01
    4.92734E+03    2.92962E+06    3.00208E+04    1.35215E+04    1.16805E-01   -3.17420E-01    1.26684E-01    1.77300E+01    3.42871E+01    3.55343E+01
    4.97978E+03    2.95723E+06    2.76096E+04    1.36651E+04    1.05177E-01   -3.00723E-01    1.21418E-01    1.70420E+01    3.28945E+01    3.42871E+01
    5.03278E+03    2.98227E+06    2.50399E+04    1.38101E+04    9.33933E-02   -2.82819E-01    1.15788E-01    1.62747E+01    3.13413E+01    3.28945E+01
    5.08633E+03    3.00459E+06    2.23235E+04    1.39567E+04    8.15210E-02   -2.63576E-01    1.09766E-01    1.54189E+01    2.96093E+01    3.13413E+01
    5.14045E+03    3.02407E+06    1.94774E+04    1.41049E+04    6.96405E-02   -2.42830E-01    1.03316E-01    1.44637E+01    2.76757E+01    2.96093E+01
    5.19515E+03    3.04060E+06    1.65249E+04    1.42546E+04    5.78489E-02   -2.20355E-01    9.63968E-02    1.33946E+01    2.55109E+01    2.76757E+01
    5.25043E+03    3.05409E+06    1.34984E+04    1.44059E+04    4.62659E-02   -1.95837E-01    8.89593E-02    1.21919E+01    2.30742E+01    2.55109E+01
    5.30629E+03    3.06454E+06    1.04425E+04    1.45588E+04    3.50437E-02   -1.68796E-01    8.09427E-02    1.08270E+01    2.03061E+01    2.30742E+01
    5.36275E+03    3.07196E+06    7.42200E+03    1.47134E+04    2.43865E-02   -1.38427E-01    7.22794E-02    9.25383E+00    1.71099E+01    2.03061E+01
    5.41980E+03    3.07650E+06    4.53908E+03    1.48695E+04    1.46023E-02   -1.03164E-01    6.29245E-02    7.38611E+00    1.33030E+01    1.71099E+01
    5.47746E+03    3.07850E+06    1.99793E+03    1.50274E+04    6.29302E-03   -5.89448E-02    5.30898E-02    5.01195E+00    8.42851E+00    1.33030E+01
    5.53573E+03    3.08077E+06    2.27325E+03    1.50274E+04    7.01053E-03   -5.11007E-02    6.63268E-02    8.42851E+00    1.14218E+01    1.87867E+01
    5.59461E+03    3.08356E+06    2.79100E+03    1.50274E+04    8.42731E-03   -4.53352E-02    7.98249E-02    1.14218E+01    1.41055E+01    2.38880E+01
    5.65412E+03    3.08707E+06    3.50526E+03    1.50274E+04    1.03627E-02   -4.09695E-02    9.31892E-02    1.41055E+01    1.65565E+01    2.86589E+01
    5.71427E+03    3.09145E+06    4.38657E+03    1.50274E+04    1.26971E-02   -3.75708E-02    1.06233E-01    1.65565E+01    1.88280E+01    3.31470E+01
    5.77505E+03    3.09687E+06    5.41574E+03    1.50274E+04    1.53484E-02   -3.48580E-02    1.18884E-01    1.88280E+01    2.09578E+01    3.73940E+01
    5.83647E+03    3.10345E+06    6.58045E+03    1.50274E+04    1.82594E-02   -3.26449E-02    1.31125E-01    2.09578E+01    2.29736E+01    4.14356E+01
    5.89854E+03    3.11132E+06    7.87317E+03    1.50274E+04    2.13898E-02   -3.08053E-02    1.42971E-01    2.29736E+01    2.48959E+01    4.53014E+01
    5.96128E+03    3.12061E+06    9.28977E+03    1.50274E+04    2.47109E-02   -2.92519E-02    1.54451E-01    2.48959E+01    2.67406E+01    4.90165E+01
    6.02467E+03    3.13144E+06    1.08287E+04    1.50274E+04    2.82024E-02   -2.79229E-02    1.65598E-01    2.67406E+01    2.85202E+01    5.26020E+01
    6.08874E+03    3.14393E+06    1.24902E+04    1.50274E+04    3.18498E-02   -2.67737E-02    1.76445E-01    2.85202E+01    3.02446E+01    5.60756E+01
    6.15349E+03    3.15821E+06    1.42762E+04    1.50274E+04    3.56431E-02   -2.57713E-02    1.87027E-01    3.02446E+01    3.19221E+01    5.94525E+01
    6.21893E+03    3.17440E+06    1.61896E+04    1.50274E+04    3.95755E-02   -2.48909E-02    1.97372E-01    3.19221E+01    3.35594E+01    6.27457E+01
    6.28506E+03    3.19263E+06    1.82344E+04    1.50274E+04    4.36425E-02   -2.41134E-02    2.07511E-01    3.35594E+01    3.51624E+01    6.59664E+01
    6.35189E+03    3.21305E+06    2.04156E+04    1.50274E+04    4.78417E-02   -2.34242E-02    2.17470E-01    3.51624E+01    3.67361E+01    6.91245E+01
    6.41942E+03    3.23579E+06    2.27389E+04    1.50274E+04    5.21724E-02   -2.28114E-02    2.27271E-01    3.67361E+01    3.82848E+01    7.22289E+01
    6.48768E+03    3.26100E+06    2.52107E+04    1.50274E+04    5.66350E-02   -2.22657E-02    2.36937E-01    3.82848E+01    3.98126E+01    7.52872E+01
    6.55666E+03    3.28883E+06    2.78384E+04    1.50274E+04    6.12310E-02   -2.17796E-02    2.46489E-01    3.98126E+01    4.13228E+01    7.83066E+01
    6.62636E+03    3.31946E+06    3.06300E+04    1.50274E+04    6.59632E-02   -2.13467E-02    2.55944E-01    4.13228E+01    4.28187E+01    8.12935E+01
    6.69681E+03    3.35306E+06    3.35943E+04    1.50274E+04    7.08349E-02   -2.09621E-02    2.65322E-01    4.28187E+01    4.43032E+01    8.42539E+01
    6.76801E+03    3.38980E+06    3.67409E+04    1.50274E+04    7.58507E-02   -2.06213E-02    2.74637E-01    4.43032E+01    4.57791E+01    8.71932E+01
    6.83996E+03    3.42988E+06    4.00802E+04    1.50274E+04    8.10156E-02   -2.03210E-02    2.83906E-01    4.57791E+01    4.72488E+01    9.01166E+01
    6.91267E+03    3.47350E+06    4.36238E+04    1.50274E+04    8.63356E-02   -2.00580E-02    2.93144E-01    4.72488E+01    4.87150E+01    9.30290E+01
    6.98615E+03    3.52089E+06    4.73838E+04    1.50274E+04    9.18175E-02   -1.98299E-02    3.02364E-01    4.87150E+01    5.01798E+01    9.59351E+01
    7.06041E+03    3.57226E+06    5.13738E+04    1.50274E+04    9.74688E-02   -1.96345E-02    3.11582E-01    5.01798E+01    5.16456E+01    9.88395E+01
    7.13546E+03    3.62787E+06    5.56082E+04    1.50274E+04    1.03298E-01   -1.94701E-02    3.20810E-01    5.16456E+01    5.31145E+01    1.01746E+02
    7.21130E+03    3.68797E+06    6.01028E+04    1.50274E+04    1.09314E-01   -1.93352E-02    3.30061E-01    5.31145E+01    5.45887E+01    1.04660E+02
    7.28795E+03    3.75285E+06    6.48745E+04    1.50274E+04    1.15527E-01   -1.92285E-02    3.39349E-01    5.45887E+01    5.60703E+01    1.07585E+02
    7.36541E+03    3.82279E+06    6.99418E+04    1.50274E+04    1.21949E-01   -1.91491E-02    3.48686E-01    5.60703E+01    5.75614E+01    1.10524E+02
    7.44369E+03    3.89811E+06    7.53249E+04    1.50274E+04    1.28590E-01   -1.90961E-02    3.58086E-01    5.75614E+01    5.90641E+01    1.13484E+02
    7.52280E+03    3.97916E+06    8.10453E+04    1.50274E+04    1.35465E-01   -1.90689E-02    3.67561E-01    5.90641E+01    6.05807E+01    1.16466E+02
    7.60275E+03    4.06629E+06    8.71267E+04    1.50274E+04    1.42587E-01   -1.90669E-02    3.77125E-01    6.05807E+01    6.21131E+01    1.19476E+02
    7.68355E+03    4.15988E+06    9.35946E+04    1.50274E+04    1.49971E-01   -1.90899E-02    3.86791E-01    6.21131E+01    6.36636E+01    1.22518E+02
    7.76521E+03    4.26036E+06    1.00477E+05    1.50274E+04    1.57636E-01   -1.91377E-02    3.96572E-01    6.36636E+01    6.52345E+01    1.25596E+02
    7.84772E+03    4.36816E+06    1.07804E+05    1.50274E+04    1.65597E-01   -1.92101E-02    4.06483E-01    6.52345E+01    6.68281E+01    1.28715E+02
    7.93112E+03    4.48377E+06    1.15610E+05    1.50274E+04    1.73876E-01   -1.93074E-02    4.16538E-01    6.68281E+01    6.84467E+01    1.31879E+02
    8.01540E+03    4.60770E+06    1.23929E+05    1.50274E+04    1.82494E-01   -1.94296E-02    4.26751E-01    6.84467E+01    7.00928E+01    1.35092E+02
    8.10057E+03    4.74050E+06    1.32801E+05    1.50274E+04    1.91474E-01   -1.95771E-02    4.37139E-01    7.00928E+01    7.17690E+01    1.38361E+02
    8.18664E+03    4.88277E+06    1.42270E+05    1.50274E+04    2.00841E-01   -1.97504E-02    4.47717E-01    7.17690E+01    7.34780E+01    1.41689E+02
    8.27363E+03    5.03515E+06    1.52383E+05    1.50274E+04    2.10622E-01   -1.99500E-02    4.58502E-01    7.34780E+01    7.52225E+01    1.45082E+02
    8.36154E+03    5.19834E+06    1.63191E+05    1.50274E+04    2.20849E-01   -2.01768E-02    4.69512E-01    7.52225E+01    7.70056E+01    1.48546E+02
    8.45038E+03    5.37310E+06    1.74751E+05    1.50274E+04    2.31552E-01   -2.04315E-02    4.80765E-01    7.70056E+01    7.88303E+01    1.52086E+02
    8.54016E+03    5.56022E+06    1.87125E+05    1.50274E+04    2.42769E-01   -2.07152E-02    4.92280E-01    7.88303E+01    8.06999E+01    1.55710E+02
    8.63089E+03    5.76060E+06    2.00383E+05    1.50274E+04    2.54538E-01   -2.10291E-02    5.04079E-01    8.06999E+01    8.26181E+01    1.59422E+02
    8.72259E+03    5.97520E+06    2.14599E+05    1.50274E+04    2.66901E-01   -2.13746E-02    5.16183E-01    8.26181E+01    8.45883E+01    1.63230E+02
    8.81526E+03    6.20506E+06    2.29858E+05    1.50274E+04    2.79907E-01   -2.17532E-02    5.28615E-01    8.45883E+01    8.66148E+01    1.67142E+02
    8.90891E+03    6.45131E+06    2.46252E+05    1.50274E+04    2.93606E-01   -2.21667E-02    5.41401E-01    8.66148E+01    8.87016E+01    1.71165E+02
    9.00355E+03    6.71520E+06    2.63884E+05    1.50274E+04    3.08056E-01   -2.26172E-02    5.54567E-01    8.87016E+01    9.08535E+01    1.75308E+02
    9.09919E+03    6.99807E+06    2.82868E+05    1.50274E+04    3.23319E-01   -2.31069E-02    5.68142E-01    9.08535E+01    9.30752E+01    1.79580E+02
    9.19585E+03    7.30139E+06    3.03329E+05    1.50274E+04    3.39464E-01   -2.36385E-02    5.82156E-01    9.30752E+01    9.53721E+01    1.83990E+02
    9.29354E+03    7.62681E+06    3.25411E+05    1.50274E+04    3.56568E-01   -2.42147E-02    5.96642E-01    9.53721E+01    9.77500E+01    1.88550E+02
    9.39226E+03    7.97608E+06    3.49270E+05    1.50274E+04    3.74717E-01   -2.48390E-02    6.11637E-01    9.77500E+01    1.00215E+02    1.93269E+02
    9.49202E+03    8.35116E+06    3.75083E+05    1.50274E+04    3.94006E-01   -2.55150E-02    6.27180E-01    1.00215E+02    1.02774E+02    1.98162E+02
    9.59285E+03    8.75421E+06    4.03050E+05    1.50274E+04    4.14539E-01   -2.62469E-02    6.43312E-01    1.02774E+02    1.05434E+02    2.03240E+02
    9.69474E+03    9.18760E+06    4.33393E+05    1.50274E+04    4.36436E-01   -2.70396E-02    6.60080E-01    1.05434E+02    1.08204E+02    2.08519E+02
    9.79771E+03    9.65397E+06    4.66365E+05    1.50274E+04    4.59830E-01   -2.78983E-02    6.77533E-01    1.08204E+02    1.11092E+02    2.14014E+02
    9.90178E+03    1.01562E+07    5.02251E+05    1.50274E+04    4.84869E-01   -2.88293E-02    6.95728E-01    1.11092E+02    1.14108E+02    2.19743E+02
    1.00069E+04    1.06976E+07    5.41375E+05    1.50274E+04    5.11722E-01   -2.98395E-02    7.14725E-01    1.14108E+02    1.17262E+02    2.25726E+02
    1.01132E+04    1.12817E+07    5.84107E+05    1.50274E+04    5.40580E-01   -3.09371E-02    7.34591E-01    1.17262E+02    1.20568E+02    2.31983E+02
    1.02206E+04    1.19126E+07    6.30866E+05    1.50274E+04    5.71660E-01   -3.21313E-02    7.55399E-01    1.20568E+02    1.24037E+02    2.38538E+02
    1.03292E+04    1.25947E+07    6.82138E+05    1.50274E+04    6.05209E-01   -3.34327E-02    7.77233E-01    1.24037E+02    1.27685E+02    2.45417E+02
    1.04389E+04    1.33332E+07    7.38477E+05    1.50274E+04    6.41509E-01   -3.48537E-02    8.00184E-01    1.27685E+02    1.31529E+02    2.52650E+02
    1.05497E+04    1.41337E+07    8.00526E+05    1.50274E+04    6.80886E-01   -3.64087E-02    8.24355E-01    1.31529E+02    1.35586E+02    2.60268E+02
    1.06618E+04    1.50027E+07    8.69032E+05    1.50274E+04    7.23715E-01   -3.81146E-02    8.49860E-01    1.35586E+02    1.39879E+02    2.68309E+02
    1.07750E+04    1.59476E+07    9.44864E+05    1.50274E+04    7.70432E-01   -3.99912E-02    8.76831E-01    1.39879E+02    1.44431E+02    2.76813E+02
    1.08894E+04    1.69766E+07    1.02904E+06    1.50274E+04    8.21544E-01   -4.20620E-02    9.05414E-01    1.44431E+02    1.49269E+02    2.85829E+02
    1.10051E+04    1.80994E+07    1.12276E+06    1.50274E+04    8.77647E-01   -4.43549E-02    9.35778E-01    1.49269E+02    1.54425E+02    2.95409E+02
    1.11219E+04    1.93269E+07    1.22746E+06    1.50274E+04    9.39444E-01   -4.69036E-02    9.68114E-01    1.54425E+02    1.59935E+02    3.05615E+02
    1.12400E+04    2.06717E+07    1.34482E+06    1.50274E+04    1.00777E+00   -4.97487E-02    1.00264E+00    1.59935E+02    1.65842E+02    3.16518E+02
    1.13594E+04    2.21486E+07    1.47688E+06    1.50274E+04    1.08362E+00   -5.29398E-02    1.03962E+00    1.65842E+02    1.72193E+02    3.28199E+02
    1.14800E+04    2.37747E+07    1.62612E+06    1.50274E+04    1.16820E+00   -5.65381E-02    1.07935E+00    1.72193E+02    1.79049E+02    3.40756E+02
    1.16019E+04    2.55702E+07    1.79553E+06    1.50274E+04    1.26296E+00   -6.06200E-02    1.12218E+00    1.79049E+02    1.86477E+02    3.54300E+02
    1.17251E+04    2.75590E+07    1.98883E+06    1.50274E+04    1.36971E+00   -6.52815E-02    1.16852E+00    1.86477E+02    1.94561E+02    3.68965E+02
    1.18496E+04    2.97697E+07    2.21061E+06    1.50274E+04    1.49066E+00   -7.06455E-02    1.21888E+00    1.94561E+02    2.03403E+02    3.84914E+02
    1.19754E+04    3.22363E+07    2.46668E+06    1.50274E+04    1.62859E+00   -7.68714E-02    1.27385E+00    2.03403E+02    2.13125E+02    4.02339E+02
    1.21025E+04    3.50007E+07    2.76439E+06    1.50274E+04    1.78704E+00   -8.41696E-02    1.33415E+00    2.13125E+02    2.23884E+02    4.21479E+02
    1.22310E+04    3.81140E+07    3.11328E+06    1.50274E+04    1.97054E+00   -9.28231E-02    1.40069E+00    2.23884E+02    2.35874E+02    4.42628E+02
    1.23609E+04    4.16398E+07    3.52581E+06    1.50274E+04    2.18505E+00   -1.03222E-01    1.47458E+00    2.35874E+02    2.49348E+02    4.66159E+02
    1.24921E+04    4.56585E+07    4.01868E+06    1.50274E+04    2.43848E+00   -1.15916E-01    1.55726E+00    2.49348E+02    2.64641E+02    4.92545E+02
    1.26247E+04    5.02731E+07    4.61462E+06    1.50274E+04    2.74161E+00   -1.31709E-01    1.65053E+00    2.64641E+02    2.82201E+02    5.22404E+02
    1.27588E+04    5.56185E+07    5.34537E+06    1.50274E+04    3.10944E+00   -1.51817E-01    1.75681E+00    2.82201E+02    3.02656E+02    5.56562E+02
    1.28942E+04    6.18750E+07    6.25649E+06    1.50274E+04    3.56344E+00   -1.78166E-01    1.87928E+00    3.02656E+02    3.26916E+02    5.96143E+02
    1.30311E+04    6.92905E+07    7.41553E+06    1.50274E+04    4.13538E+00   -2.13982E-01    2.02227E+00    3.26916E+02    3.56362E+02    6.42734E+02
    1.31694E+04    7.82169E+07    8.92638E+06    1.50274E+04    4.87398E+00   -2.65054E-01    2.19174E+00    3.56362E+02    3.93222E+02    6.98645E+02
    1.33092E+04    8.91731E+07    1.09562E+07    1.50274E+04    5.85736E+00   -3.42681E-01    2.39582E+00    3.93222E+02    4.41383E+02    7.67376E+02
    1.34505E+04    1.02963E+08    1.37894E+07    1.50274E+04    7.21812E+00   -4.71244E-01    2.64500E+00    4.41383E+02    5.08314E+02    8.54453E+02
    1.35933E+04    1.20920E+08    1.79577E+07    1.50274E+04    9.20372E+00   -7.09692E-01    2.94959E+00    5.08314E+02    6.10181E+02    9.68950E+02
    1.37376E+04    1.45630E+08    2.47097E+07    1.50274E+04    1.23998E+01   -1.21884E+00    3.30367E+00    6.10181E+02    7.86984E+02    1.12611E+03
    1.38834E+04    1.84793E+08    3.91633E+07    1.50274E+04    1.92425E+01   -2.49228E+00    3.60985E+00    7.86984E+02    1.15234E+03    1.35073E+03
    1.40308E+04    2.35809E+08    5.10156E+07    1.51868E+04    2.45426E+01   -3.01216E+00    3.93312E+00    5.31596E+02    9.77847E+02    1.15234E+03
    1.41797E+04    3.22943E+08    8.71343E+07    1.51868E+04    4.10432E+01   -5.04630E+00    3.94690E+00    9.77847E+02    1.73338E+03    1.60077E+03
