 # rho, F_z,dF_z, z(rho), E2 (=>sigma2=e0^2*E2), Er, Ez, Ui,j , Ui+1,j , Ui,j-1
    2.50000E-01    2.77403E-01    2.77403E-01    0.00000E+00    2.21922E+00   -3.81708E-01    1.43997E+00    1.91084E+00    2.10169E+00    2.63083E+00
    7.50000E-01    8.25272E-01    5.47869E-01    5.00000E-01    1.46098E+00   -1.35232E-01    1.20112E+00    1.50113E+00    1.56875E+00    2.10169E+00
    1.25000E+00    1.68953E+00    8.64257E-01    5.00000E-01    1.38281E+00   -4.35123E-02    1.17512E+00    1.56875E+00    1.59051E+00    2.15631E+00
    1.75000E+00    2.92250E+00    1.23297E+00    5.00000E-01    1.40911E+00   -2.53022E-02    1.18679E+00    1.59051E+00    1.60316E+00    2.18390E+00
    2.25000E+00    4.55098E+00    1.62848E+00    5.00000E-01    1.44754E+00   -2.30757E-02    1.20292E+00    1.60316E+00    1.61469E+00    2.20461E+00
    2.75000E+00    6.60335E+00    2.05237E+00    5.00000E-01    1.49263E+00   -2.68288E-02    1.22144E+00    1.61469E+00    1.62811E+00    2.22541E+00
    3.25000E+00    9.11847E+00    2.51512E+00    5.00000E-01    1.54776E+00   -3.53285E-02    1.24359E+00    1.62811E+00    1.64577E+00    2.24990E+00
    3.75000E+00    1.21520E+01    3.03357E+00    5.00000E-01    1.61790E+00   -5.12271E-02    1.27094E+00    1.64577E+00    1.67139E+00    2.28124E+00
    4.25000E+00    1.57832E+01    3.63112E+00    5.00000E-01    1.70876E+00   -8.34421E-02    1.30453E+00    1.67139E+00    1.71311E+00    2.32365E+00
    4.75000E+00    2.01180E+01    4.33488E+00    5.00000E-01    1.82521E+00   -1.59292E-01    1.34158E+00    1.71311E+00    1.79275E+00    2.38390E+00
    5.25000E+00    2.53290E+01    5.21092E+00    5.00000E-01    1.98511E+00   -3.70191E-01    1.35944E+00    1.79275E+00    1.97785E+00    2.47247E+00
    5.75000E+00    2.96047E+01    4.27573E+00    1.00000E+00    1.48721E+00   -2.92645E-01    1.18388E+00    1.38591E+00    1.53223E+00    1.97785E+00
    6.25000E+00    3.39756E+01    4.37092E+00    1.00000E+00    1.39869E+00   -1.62209E-01    1.17149E+00    1.53223E+00    1.61334E+00    2.11798E+00
    6.75000E+00    3.91577E+01    5.18206E+00    1.00000E+00    1.53543E+00   -1.46425E-01    1.23044E+00    1.61334E+00    1.68655E+00    2.22856E+00
    7.25000E+00    4.54357E+01    6.27805E+00    1.00000E+00    1.73188E+00   -2.10333E-01    1.29909E+00    1.68655E+00    1.79172E+00    2.33609E+00
    7.75000E+00    5.31808E+01    7.74507E+00    1.00000E+00    1.99873E+00   -4.35024E-01    1.34517E+00    1.79172E+00    2.00923E+00    2.46430E+00
    8.25000E+00    5.97467E+01    6.56593E+00    1.50000E+00    1.59174E+00   -3.62411E-01    1.20847E+00    1.40499E+00    1.58620E+00    2.00923E+00
    8.75000E+00    6.66227E+01    6.87593E+00    1.50000E+00    1.57164E+00   -2.95857E-01    1.21824E+00    1.58620E+00    1.73413E+00    2.19532E+00
    9.25000E+00    7.51778E+01    8.55519E+00    1.50000E+00    1.84977E+00   -4.72928E-01    1.27519E+00    1.73413E+00    1.97059E+00    2.37172E+00
    9.75000E+00    8.23751E+01    7.19723E+00    2.00000E+00    1.47636E+00   -3.72226E-01    1.15663E+00    1.39227E+00    1.57839E+00    1.97059E+00
    1.02500E+01    9.01667E+01    7.79165E+00    2.00000E+00    1.52032E+00   -3.20104E-01    1.19074E+00    1.57839E+00    1.73844E+00    2.17376E+00
    1.07500E+01    1.00181E+02    1.00146E+01    2.00000E+00    1.86319E+00   -5.20059E-01    1.26203E+00    1.73844E+00    1.99847E+00    2.36945E+00
    1.12500E+01    1.09012E+02    8.83047E+00    2.50000E+00    1.56986E+00   -4.56390E-01    1.16686E+00    1.41504E+00    1.64323E+00    1.99847E+00
    1.17500E+01    1.18983E+02    9.97096E+00    2.50000E+00    1.69719E+00   -5.36079E-01    1.18735E+00    1.64323E+00    1.91127E+00    2.23691E+00
    1.22500E+01    1.26989E+02    8.00630E+00    3.00000E+00    1.30715E+00   -3.84479E-01    1.07672E+00    1.37291E+00    1.56515E+00    1.91127E+00
    1.27500E+01    1.36188E+02    9.19894E+00    3.00000E+00    1.44297E+00   -3.50839E-01    1.14886E+00    1.56515E+00    1.74057E+00    2.13958E+00
    1.32500E+01    1.48626E+02    1.24376E+01    3.00000E+00    1.87738E+00   -5.75101E-01    1.24364E+00    1.74057E+00    2.02812E+00    2.36239E+00
    1.37500E+01    1.60181E+02    1.15552E+01    3.50000E+00    1.68075E+00   -5.26036E-01    1.18492E+00    1.43566E+00    1.69868E+00    2.02812E+00
    1.42500E+01    1.74113E+02    1.39317E+01    3.50000E+00    1.95533E+00   -6.87001E-01    1.21793E+00    1.69868E+00    2.04218E+00    2.30764E+00
    1.47500E+01    1.87604E+02    1.34911E+01    4.00000E+00    1.82930E+00   -7.39926E-01    1.13217E+00    1.47609E+00    1.84606E+00    2.04218E+00
    1.52500E+01    1.96424E+02    8.82001E+00    4.50000E+00    1.15672E+00   -4.93942E-01    9.55376E-01    1.36837E+00    1.61534E+00    1.84606E+00
    1.57500E+01    2.08707E+02    1.22837E+01    4.50000E+00    1.55983E+00   -6.31320E-01    1.07762E+00    1.61534E+00    1.93100E+00    2.15415E+00
    1.62500E+01    2.20053E+02    1.13455E+01    5.00000E+00    1.39637E+00   -5.28514E-01    1.05690E+00    1.40255E+00    1.66680E+00    1.93100E+00
    1.67500E+01    2.35076E+02    1.50231E+01    5.00000E+00    1.79380E+00   -7.11868E-01    1.13448E+00    1.66680E+00    2.02274E+00    2.23404E+00
    1.72500E+01    2.50634E+02    1.55585E+01    5.50000E+00    1.80389E+00   -7.77120E-01    1.09543E+00    1.47502E+00    1.86358E+00    2.02274E+00
    1.77500E+01    2.61532E+02    1.08979E+01    6.00000E+00    1.22793E+00   -5.54527E-01    9.59392E-01    1.38389E+00    1.66115E+00    1.86358E+00
    1.82500E+01    2.77808E+02    1.62757E+01    6.00000E+00    1.78364E+00   -7.71449E-01    1.09019E+00    1.66115E+00    2.04687E+00    2.20624E+00
    1.87500E+01    2.96404E+02    1.85961E+01    6.50000E+00    1.98358E+00   -8.92711E-01    1.08933E+00    1.50221E+00    1.94856E+00    2.04687E+00
    1.92500E+01    3.12745E+02    1.63410E+01    7.00000E+00    1.69777E+00   -8.75807E-01    9.64742E-01    1.46619E+00    1.90410E+00    1.94856E+00
    1.97500E+01    3.28235E+02    1.54897E+01    7.50000E+00    1.56858E+00   -8.58777E-01    9.11636E-01    1.44828E+00    1.87767E+00    1.90410E+00
    2.02500E+01    3.43343E+02    1.51077E+01    8.00000E+00    1.49212E+00   -8.46181E-01    8.80965E-01    1.43718E+00    1.86027E+00    1.87767E+00
    2.07500E+01    3.58312E+02    1.49697E+01    8.50000E+00    1.44286E+00   -8.37683E-01    8.60900E-01    1.42982E+00    1.84867E+00    1.86027E+00
    2.12500E+01    3.73311E+02    1.49983E+01    9.00000E+00    1.41161E+00   -8.32943E-01    8.47240E-01    1.42505E+00    1.84152E+00    1.84867E+00
    2.17500E+01    3.88480E+02    1.51691E+01    9.50000E+00    1.39486E+00   -8.32030E-01    8.38206E-01    1.42241E+00    1.83843E+00    1.84152E+00
    2.22500E+01    4.03968E+02    1.54880E+01    1.00000E+01    1.39218E+00   -8.35582E-01    8.33058E-01    1.42190E+00    1.83969E+00    1.83843E+00
    2.27500E+01    4.19961E+02    1.59934E+01    1.05000E+01    1.40602E+00   -8.45220E-01    8.31638E-01    1.42387E+00    1.84648E+00    1.83969E+00
    2.32500E+01    4.36746E+02    1.67848E+01    1.10000E+01    1.44385E+00   -8.64842E-01    8.34206E-01    1.42938E+00    1.86180E+00    1.84648E+00
    2.37500E+01    4.54882E+02    1.81364E+01    1.15000E+01    1.52728E+00   -9.05500E-01    8.41040E-01    1.44128E+00    1.89403E+00    1.86180E+00
    2.42500E+01    4.76043E+02    2.11610E+01    1.20000E+01    1.74524E+00   -1.01308E+00    8.47886E-01    1.47009E+00    1.97663E+00    1.89403E+00
    2.47500E+01    4.88879E+02    1.28353E+01    1.30000E+01    1.03720E+00   -8.74634E-01    5.21740E-01    1.35266E+00    1.78997E+00    1.61353E+00
    2.52500E+01    5.07715E+02    1.88366E+01    1.35000E+01    1.49201E+00   -9.87963E-01    7.18288E-01    1.43083E+00    1.92481E+00    1.78997E+00
    2.57500E+01    5.21941E+02    1.42255E+01    1.45000E+01    1.10489E+00   -9.33629E-01    4.82939E-01    1.35761E+00    1.82443E+00    1.59908E+00
    2.62500E+01    5.33402E+02    1.14608E+01    1.55000E+01    8.73203E-01   -8.23212E-01    4.42182E-01    1.31939E+00    1.73100E+00    1.54048E+00
    2.67500E+01    5.51445E+02    1.80434E+01    1.60000E+01    1.34904E+00   -9.63669E-01    6.48370E-01    1.40681E+00    1.88865E+00    1.73100E+00
    2.72500E+01    5.67473E+02    1.60277E+01    1.70000E+01    1.17635E+00   -9.84623E-01    4.54824E-01    1.36319E+00    1.85551E+00    1.59061E+00
    2.77500E+01    5.79087E+02    1.16145E+01    1.85000E+01    8.37084E-01   -8.55845E-01    3.23441E-01    1.29750E+00    1.72542E+00    1.45922E+00
    2.82500E+01    5.92281E+02    1.31935E+01    1.95000E+01    9.34055E-01   -8.92231E-01    3.71456E-01    1.31874E+00    1.76486E+00    1.50447E+00
    2.87500E+01    6.02741E+02    1.04605E+01    2.10000E+01    7.27688E-01   -8.01152E-01    2.92992E-01    1.27594E+00    1.67651E+00    1.42243E+00
    2.92500E+01    6.15077E+02    1.23358E+01    2.20000E+01    8.43476E-01   -8.51122E-01    3.45062E-01    1.30162E+00    1.72718E+00    1.47415E+00
    2.97500E+01    6.25801E+02    1.07240E+01    2.35000E+01    7.20938E-01   -8.02844E-01    2.76367E-01    1.27209E+00    1.67351E+00    1.41027E+00
    3.02500E+01    6.35637E+02    9.83573E+00    2.50000E+01    6.50296E-01   -7.63539E-01    2.59430E-01    1.25787E+00    1.63964E+00    1.38759E+00
    3.07500E+01    6.44305E+02    8.66831E+00    2.65000E+01    5.63793E-01   -7.08174E-01    2.49564E-01    1.24140E+00    1.59548E+00    1.36618E+00
    3.12500E+01    6.54867E+02    1.05618E+01    2.75000E+01    6.75953E-01   -7.64300E-01    3.02982E-01    1.26897E+00    1.65112E+00    1.42046E+00
    3.17500E+01    6.64330E+02    9.46340E+00    2.90000E+01    5.96120E-01   -7.31098E-01    2.48223E-01    1.24677E+00    1.61232E+00    1.37089E+00
    3.22500E+01    6.73180E+02    8.84934E+00    3.05000E+01    5.48796E-01   -7.02121E-01    2.36268E-01    1.23643E+00    1.58749E+00    1.35456E+00
    3.27500E+01    6.81088E+02    7.90824E+00    3.20000E+01    4.82946E-01   -6.55954E-01    2.29500E-01    1.22307E+00    1.55104E+00    1.33782E+00
    3.32500E+01    6.90801E+02    9.71288E+00    3.30000E+01    5.84233E-01   -7.11176E-01    2.80109E-01    1.24970E+00    1.60529E+00    1.38975E+00
    3.37500E+01    6.99590E+02    8.78925E+00    3.45000E+01    5.20845E-01   -6.83758E-01    2.30909E-01    1.23037E+00    1.57225E+00    1.34583E+00
    3.42500E+01    7.07873E+02    8.28292E+00    3.60000E+01    4.83674E-01   -6.59446E-01    2.20919E-01    1.22171E+00    1.55143E+00    1.33217E+00
    3.47500E+01    7.15322E+02    7.44896E+00    3.75000E+01    4.28717E-01   -6.18282E-01    2.15510E-01    1.20996E+00    1.51910E+00    1.31771E+00
    3.52500E+01    7.24506E+02    9.18445E+00    3.85000E+01    5.21103E-01   -6.71973E-01    2.63734E-01    1.23560E+00    1.57158E+00    1.36746E+00
    3.57500E+01    7.32860E+02    8.35400E+00    4.00000E+01    4.67357E-01   -6.47907E-01    2.18114E-01    1.21803E+00    1.54198E+00    1.32709E+00
    3.62500E+01    7.40767E+02    7.90639E+00    4.15000E+01    4.36215E-01   -6.26432E-01    2.09279E-01    1.21038E+00    1.52359E+00    1.31502E+00
    3.67500E+01    7.47903E+02    7.13600E+00    4.30000E+01    3.88354E-01   -5.88611E-01    2.04674E-01    1.19968E+00    1.49398E+00    1.30202E+00
    3.72500E+01    7.56721E+02    8.81830E+00    4.40000E+01    4.73466E-01   -6.40718E-01    2.50891E-01    1.22441E+00    1.54477E+00    1.34985E+00
    3.77500E+01    7.64766E+02    8.04482E+00    4.55000E+01    4.26216E-01   -6.18861E-01    2.07911E-01    1.20807E+00    1.51750E+00    1.31203E+00
    3.82500E+01    7.72397E+02    7.63125E+00    4.70000E+01    3.99020E-01   -5.99232E-01    1.99850E-01    1.20108E+00    1.50070E+00    1.30101E+00
    3.87500E+01    7.79295E+02    6.89778E+00    4.85000E+01    3.56014E-01   -5.63645E-01    1.95751E-01    1.19108E+00    1.47290E+00    1.28896E+00
    3.92500E+01    7.87820E+02    8.52499E+00    4.95000E+01    4.34394E-01   -6.13762E-01    2.40190E-01    1.21486E+00    1.52174E+00    1.33495E+00
    3.97500E+01    7.95594E+02    7.77378E+00    5.09984E+01    3.91134E-01   -5.92658E-01    1.99725E-01    1.19939E+00    1.49572E+00    1.29854E+00
    4.02500E+01    8.02502E+02    6.90821E+00    5.25384E+01    3.43265E-01   -5.55436E-01    1.86431E-01    1.19135E+00    1.46906E+00    1.28704E+00
    4.07500E+01    8.10798E+02    8.29589E+00    5.35940E+01    4.07160E-01   -5.97980E-01    2.22667E-01    1.21486E+00    1.51385E+00    1.33173E+00
    4.12500E+01    8.17747E+02    6.94951E+00    5.52222E+01    3.36946E-01   -5.53152E-01    1.75980E-01    1.19572E+00    1.47230E+00    1.29122E+00
    4.17500E+01    8.25886E+02    8.13820E+00    5.63382E+01    3.89854E-01   -5.88890E-01    2.07514E-01    1.21662E+00    1.51106E+00    1.33177E+00
    4.22500E+01    8.32557E+02    6.67107E+00    5.80596E+01    3.15790E-01   -5.38329E-01    1.61220E-01    1.19516E+00    1.46433E+00    1.28767E+00
    4.27500E+01    8.39955E+02    7.39876E+00    5.92396E+01    3.46141E-01   -5.56500E-01    1.90916E-01    1.21072E+00    1.48897E+00    1.32273E+00
    4.32500E+01    8.48055E+02    8.09942E+00    6.04461E+01    3.74540E-01   -5.80990E-01    1.92328E-01    1.22123E+00    1.51172E+00    1.33661E+00
    4.37500E+01    8.54515E+02    6.46026E+00    6.23071E+01    2.95326E-01   -5.24260E-01    1.43101E-01    1.19607E+00    1.45820E+00    1.28483E+00
    4.42500E+01    8.61457E+02    6.94178E+00    6.35828E+01    3.13753E-01   -5.34028E-01    1.69016E-01    1.20810E+00    1.47511E+00    1.31530E+00
    4.47500E+01    8.68568E+02    7.11077E+00    6.48871E+01    3.17800E-01   -5.37611E-01    1.69629E-01    1.21197E+00    1.48078E+00    1.32199E+00
    4.52500E+01    8.75738E+02    7.17045E+00    6.62209E+01    3.16926E-01   -5.37862E-01    1.66223E-01    1.21378E+00    1.48271E+00    1.32401E+00
    4.57500E+01    8.82910E+02    7.17215E+00    6.75847E+01    3.13537E-01   -5.36126E-01    1.61571E-01    1.21460E+00    1.48266E+00    1.32416E+00
    4.62500E+01    8.90041E+02    7.13098E+00    6.89793E+01    3.08367E-01   -5.32833E-01    1.56384E-01    1.21471E+00    1.48113E+00    1.32314E+00
    4.67500E+01    8.97088E+02    7.04691E+00    7.04052E+01    3.01472E-01   -5.27916E-01    1.50919E-01    1.21414E+00    1.47810E+00    1.32114E+00
    4.72500E+01    9.03991E+02    6.90332E+00    7.18633E+01    2.92204E-01   -5.20662E-01    1.45312E-01    1.21266E+00    1.47299E+00    1.31801E+00
    4.77500E+01    9.10627E+02    6.63537E+00    7.33542E+01    2.77921E-01   -5.08303E-01    1.39820E-01    1.20932E+00    1.46347E+00    1.31297E+00
    4.82500E+01    9.16496E+02    5.86923E+00    7.48787E+01    2.43284E-01   -4.73796E-01    1.37118E-01    1.19869E+00    1.43558E+00    1.30262E+00
    4.87500E+01    9.24984E+02    8.48837E+00    7.56537E+01    3.48241E-01   -5.36395E-01    2.46010E-01    1.24702E+00    1.51522E+00    1.43558E+00
    4.92500E+01    9.32035E+02    7.05068E+00    7.72300E+01    2.86322E-01   -5.16535E-01    1.39693E-01    1.21750E+00    1.47576E+00    1.32698E+00
    4.97500E+01    9.38108E+02    6.07300E+00    7.88418E+01    2.44141E-01   -4.76831E-01    1.29509E-01    1.20279E+00    1.44121E+00    1.30658E+00
    5.02482E+01    9.46652E+02    8.54398E+00    7.96613E+01    3.42514E-01   -5.35242E-01    2.36708E-01    1.24938E+00    1.51509E+00    1.44121E+00
    5.07474E+01    9.53734E+02    7.08152E+00    8.13278E+01    2.77981E-01   -5.11397E-01    1.28273E-01    1.21678E+00    1.47350E+00    1.32307E+00
    5.12522E+01    9.59847E+02    6.11312E+00    8.30319E+01    2.34971E-01   -4.69854E-01    1.19198E-01    1.20259E+00    1.44110E+00    1.30359E+00
    5.17627E+01    9.68487E+02    8.64077E+00    8.38983E+01    3.25210E-01   -5.24488E-01    2.23880E-01    1.24928E+00    1.51850E+00    1.44110E+00
    5.22789E+01    9.75622E+02    7.13437E+00    8.56603E+01    2.62918E-01   -4.98313E-01    1.20840E-01    1.21939E+00    1.47804E+00    1.32526E+00
    5.28008E+01    9.81746E+02    6.12391E+00    8.74620E+01    2.20974E-01   -4.56351E-01    1.12777E-01    1.20453E+00    1.44405E+00    1.30555E+00
    5.33286E+01    9.90284E+02    8.53832E+00    8.83780E+01    3.01668E-01   -5.05704E-01    2.14315E-01    1.24991E+00    1.51831E+00    1.44405E+00
    5.38623E+01    9.96800E+02    6.51568E+00    9.02409E+01    2.25400E-01   -4.60143E-01    1.16913E-01    1.21251E+00    1.45946E+00    1.32080E+00
    5.44020E+01    1.00576E+03    8.96160E+00    9.11881E+01    3.03538E-01   -5.06887E-01    2.15877E-01    1.25726E+00    1.53234E+00    1.45946E+00
    5.49478E+01    1.01254E+03    6.77433E+00    9.31143E+01    2.24658E-01   -4.59708E-01    1.15441E-01    1.21766E+00    1.46993E+00    1.32822E+00
    5.54996E+01    1.02182E+03    9.28479E+00    9.40936E+01    3.01475E-01   -5.05761E-01    2.13729E-01    1.26294E+00    1.54360E+00    1.46993E+00
    5.60576E+01    1.02886E+03    7.03744E+00    9.60852E+01    2.23723E-01   -4.59260E-01    1.13154E-01    1.22272E+00    1.48042E+00    1.33477E+00
    5.66219E+01    1.03853E+03    9.67130E+00    9.70978E+01    3.01020E-01   -5.06553E-01    2.10770E-01    1.26936E+00    1.55679E+00    1.48042E+00
    5.71925E+01    1.04631E+03    7.78550E+00    9.91571E+01    2.37249E-01   -4.74931E-01    1.08118E-01    1.23426E+00    1.50677E+00    1.34497E+00
    5.77695E+01    1.05279E+03    6.47337E+00    1.01263E+02    1.93131E-01   -4.27843E-01    1.00406E-01    1.21499E+00    1.46323E+00    1.32012E+00
    5.83530E+01    1.06130E+03    8.51065E+00    1.02333E+02    2.48590E-01   -4.58165E-01    1.96659E-01    1.25502E+00    1.52382E+00    1.46323E+00
    5.89429E+01    1.07180E+03    1.05017E+01    1.03416E+02    3.00312E-01   -5.00070E-01    2.24147E-01    1.28386E+00    1.58054E+00    1.52382E+00
    5.95395E+01    1.07940E+03    7.59817E+00    1.05618E+02    2.12722E-01   -4.48518E-01    1.07488E-01    1.23451E+00    1.50358E+00    1.35218E+00
    6.01428E+01    1.08965E+03    1.02483E+01    1.06737E+02    2.80893E-01   -4.90251E-01    2.01363E-01    1.28069E+00    1.57809E+00    1.50358E+00
    6.07529E+01    1.09733E+03    7.68578E+00    1.09013E+02    2.06232E-01   -4.42302E-01    1.02961E-01    1.23658E+00    1.50791E+00    1.35313E+00
    6.13697E+01    1.10771E+03    1.03787E+01    1.10171E+02    2.72639E-01   -4.83930E-01    1.96088E-01    1.28347E+00    1.58365E+00    1.50791E+00
    6.19935E+01    1.11552E+03    7.80817E+00    1.12525E+02    2.00800E-01   -4.36825E-01    9.99221E-02    1.23935E+00    1.51335E+00    1.35630E+00
    6.26242E+01    1.12604E+03    1.05187E+01    1.13721E+02    2.64816E-01   -4.77544E-01    1.91749E-01    1.28642E+00    1.58932E+00    1.51335E+00
    6.32621E+01    1.13393E+03    7.89402E+00    1.16155E+02    1.94555E-01   -4.30268E-01    9.70797E-02    1.24160E+00    1.51757E+00    1.35908E+00
    6.39070E+01    1.14451E+03    1.05741E+01    1.17392E+02    2.55120E-01   -4.69044E-01    1.87398E-01    1.28826E+00    1.59246E+00    1.51757E+00
    6.45592E+01    1.15226E+03    7.75777E+00    1.19909E+02    1.83228E-01   -4.17446E-01    9.46923E-02    1.24069E+00    1.51446E+00    1.35917E+00
    6.52187E+01    1.16224E+03    9.97287E+00    1.21188E+02    2.30581E-01   -4.43449E-01    1.84212E-01    1.28139E+00    1.57547E+00    1.51446E+00
    6.58856E+01    1.17430E+03    1.20669E+01    1.22482E+02    2.73113E-01   -4.79660E-01    2.07460E-01    1.31004E+00    1.63170E+00    1.57547E+00
    6.65600E+01    1.18295E+03    8.64849E+00    1.25113E+02    1.91615E-01   -4.27295E-01    9.50436E-02    1.25513E+00    1.54488E+00    1.37947E+00
    6.72419E+01    1.19442E+03    1.14662E+01    1.26451E+02    2.48681E-01   -4.63799E-01    1.83226E-01    1.30249E+00    1.62052E+00    1.54488E+00
    6.79314E+01    1.20279E+03    8.37057E+00    1.29171E+02    1.77710E-01   -4.11701E-01    9.06218E-02    1.25197E+00    1.53743E+00    1.37455E+00
    6.86287E+01    1.21350E+03    1.07066E+01    1.30555E+02    2.22504E-01   -4.36748E-01    1.78199E-01    1.29369E+00    1.59991E+00    1.53743E+00
    6.93338E+01    1.22638E+03    1.28885E+01    1.31953E+02    2.62187E-01   -4.71204E-01    2.00384E-01    1.32275E+00    1.65683E+00    1.59991E+00
    7.00467E+01    1.23562E+03    9.23235E+00    1.34798E+02    1.83840E-01   -4.19153E-01    9.02847E-02    1.26559E+00    1.56610E+00    1.39328E+00
    7.07677E+01    1.24779E+03    1.21774E+01    1.36244E+02    2.37355E-01   -4.54178E-01    1.76286E-01    1.31398E+00    1.64325E+00    1.56610E+00
    7.14967E+01    1.25667E+03    8.87798E+00    1.39185E+02    1.69383E-01   -4.02505E-01    8.58659E-02    1.26143E+00    1.55650E+00    1.38699E+00
    7.22339E+01    1.26796E+03    1.12893E+01    1.40680E+02    2.10830E-01   -4.26149E-01    1.70959E-01    1.30369E+00    1.61960E+00    1.55650E+00
    7.29794E+01    1.28144E+03    1.34801E+01    1.42192E+02    2.46411E-01   -4.57734E-01    1.92069E-01    1.33240E+00    1.67552E+00    1.61960E+00
    7.37332E+01    1.29087E+03    9.43247E+00    1.45267E+02    1.68769E-01   -4.01785E-01    8.56651E-02    1.27071E+00    1.57527E+00    1.40169E+00
    7.44954E+01    1.30279E+03    1.19146E+01    1.46831E+02    2.08663E-01   -4.24175E-01    1.69525E-01    1.31316E+00    1.63829E+00    1.57527E+00
    7.52662E+01    1.31694E+03    1.41477E+01    1.48412E+02    2.42517E-01   -4.54475E-01    1.89658E-01    1.34177E+00    1.69402E+00    1.63829E+00
    7.60456E+01    1.32680E+03    9.86384E+00    1.51627E+02    1.65498E-01   -3.98112E-01    8.36918E-02    1.27789E+00    1.58992E+00    1.41169E+00
    7.68337E+01    1.33922E+03    1.24162E+01    1.53262E+02    2.03901E-01   -4.19752E-01    1.66462E-01    1.32082E+00    1.65349E+00    1.58992E+00
    7.76307E+01    1.35390E+03    1.46790E+01    1.54915E+02    2.35943E-01   -4.48696E-01    1.86050E-01    1.34936E+00    1.70895E+00    1.65349E+00
    7.84366E+01    1.36403E+03    1.01351E+01    1.58276E+02    1.59447E-01   -3.90890E-01    8.15581E-02    1.28284E+00    1.59961E+00    1.41916E+00
    7.92515E+01    1.37661E+03    1.25842E+01    1.59985E+02    1.93772E-01   -4.08929E-01    1.62939E-01    1.32421E+00    1.65931E+00    1.59961E+00
    8.00756E+01    1.39093E+03    1.43183E+01    1.61714E+02    2.15787E-01   -4.26953E-01    1.83025E-01    1.34650E+00    1.70029E+00    1.65931E+00
    8.09089E+01    1.40730E+03    1.63714E+01    1.63461E+02    2.41483E-01   -4.52858E-01    1.90796E-01    1.37054E+00    1.75000E+00    1.70029E+00
    8.17515E+01    1.41853E+03    1.12228E+01    1.67016E+02    1.62018E-01   -3.94323E-01    8.07952E-02    1.29878E+00    1.63289E+00    1.44156E+00
    8.26035E+01    1.43257E+03    1.40411E+01    1.68823E+02    1.98392E-01   -4.14961E-01    1.61863E-01    1.34364E+00    1.69918E+00    1.63289E+00
    8.34651E+01    1.44908E+03    1.65101E+01    1.70650E+02    2.28312E-01   -4.42450E-01    1.80418E-01    1.37316E+00    1.75650E+00    1.69918E+00
    8.43364E+01    1.46049E+03    1.14089E+01    1.74366E+02    1.54411E-01   -3.85192E-01    7.77090E-02    1.30231E+00    1.63977E+00    1.44589E+00
    8.52174E+01    1.47461E+03    1.41198E+01    1.76255E+02    1.87031E-01   -4.02839E-01    1.57327E-01    1.34582E+00    1.70270E+00    1.63977E+00
    8.61082E+01    1.49063E+03    1.60216E+01    1.78166E+02    2.07700E-01   -4.20136E-01    1.76593E-01    1.36906E+00    1.74543E+00    1.70270E+00
    8.70091E+01    1.50889E+03    1.82637E+01    1.80098E+02    2.31720E-01   -4.44857E-01    1.83909E-01    1.39407E+00    1.79705E+00    1.74543E+00
    8.79200E+01    1.52145E+03    1.25573E+01    1.84027E+02    1.55922E-01   -3.87359E-01    7.66537E-02    1.31831E+00    1.67313E+00    1.46805E+00
    8.88411E+01    1.53711E+03    1.56628E+01    1.86024E+02    1.90335E-01   -4.07516E-01    1.55775E-01    1.36541E+00    1.74288E+00    1.67313E+00
    8.97726E+01    1.55547E+03    1.83581E+01    1.88044E+02    2.18329E-01   -4.33819E-01    1.73579E-01    1.39615E+00    1.80248E+00    1.74288E+00
    9.07145E+01    1.56819E+03    1.27163E+01    1.92152E+02    1.48004E-01   -3.77606E-01    7.36068E-02    1.32140E+00    1.67904E+00    1.47174E+00
    9.16669E+01    1.58387E+03    1.56827E+01    1.94240E+02    1.78632E-01   -3.94700E-01    1.51141E-01    1.36688E+00    1.74490E+00    1.67904E+00
    9.26300E+01    1.60160E+03    1.77294E+01    1.96352E+02    1.97632E-01   -4.10954E-01    1.69555E-01    1.39078E+00    1.78877E+00    1.74490E+00
    9.36039E+01    1.62171E+03    2.01078E+01    1.98488E+02    2.19356E-01   -4.33861E-01    1.76408E-01    1.41621E+00    1.84110E+00    1.78877E+00
    9.45887E+01    1.63542E+03    1.37132E+01    2.02831E+02    1.46400E-01   -3.75685E-01    7.25264E-02    1.33506E+00    1.70710E+00    1.49169E+00
    9.55845E+01    1.65226E+03    1.68411E+01    2.05039E+02    1.75949E-01   -3.92066E-01    1.49111E-01    1.38149E+00    1.77409E+00    1.70710E+00
    9.65915E+01    1.67123E+03    1.89683E+01    2.07272E+02    1.93935E-01   -4.07529E-01    1.66900E-01    1.40555E+00    1.81821E+00    1.77409E+00
    9.76098E+01    1.69266E+03    2.14305E+01    2.09530E+02    2.14422E-01   -4.29381E-01    1.73360E-01    1.43112E+00    1.87078E+00    1.81821E+00
    9.86394E+01    1.70720E+03    1.45397E+01    2.14122E+02    1.42363E-01   -3.70628E-01    7.07000E-02    1.34629E+00    1.73004E+00    1.50771E+00
    9.96806E+01    1.72493E+03    1.77328E+01    2.16457E+02    1.69911E-01   -3.85452E-01    1.46076E-01    1.39279E+00    1.79635E+00    1.73004E+00
    1.00733E+02    1.74464E+03    1.97068E+01    2.18817E+02    1.84783E-01   -3.97579E-01    1.63443E-01    1.41478E+00    1.83570E+00    1.79635E+00
    1.01798E+02    1.76611E+03    2.14670E+01    2.21204E+02    1.96976E-01   -4.09748E-01    1.70538E-01    1.43311E+00    1.87177E+00    1.83570E+00
    1.02875E+02    1.79002E+03    2.39175E+01    2.23618E+02    2.14760E-01   -4.29639E-01    1.73694E-01    1.45713E+00    1.92225E+00    1.87177E+00
    1.03963E+02    1.80614E+03    1.61142E+01    2.28528E+02    1.41591E-01   -3.69794E-01    6.95977E-02    1.36597E+00    1.77078E+00    1.53585E+00
    1.05064E+02    1.82574E+03    1.95996E+01    2.31024E+02    1.68525E-01   -3.84289E-01    1.44383E-01    1.41439E+00    1.83978E+00    1.77078E+00
    1.06177E+02    1.84747E+03    2.17365E+01    2.33547E+02    1.82890E-01   -3.96059E-01    1.61330E-01    1.43711E+00    1.88044E+00    1.83978E+00
    1.07303E+02    1.87111E+03    2.36398E+01    2.36100E+02    1.94639E-01   -4.07878E-01    1.68150E-01    1.45605E+00    1.91772E+00    1.88044E+00
    1.08441E+02    1.89741E+03    2.62971E+01    2.38680E+02    2.11872E-01   -4.27302E-01    1.71130E-01    1.48097E+00    1.97004E+00    1.91772E+00
    1.09592E+02    1.91516E+03    1.77484E+01    2.43929E+02    1.39927E-01   -3.67835E-01    6.80075E-02    1.38544E+00    1.81116E+00    1.56291E+00
    1.10756E+02    1.93672E+03    2.15614E+01    2.46597E+02    1.66339E-01   -3.82280E-01    1.42131E-01    1.43610E+00    1.88350E+00    1.81116E+00
    1.11933E+02    1.96061E+03    2.38913E+01    2.49296E+02    1.80356E-01   -3.93882E-01    1.58786E-01    1.45979E+00    1.92593E+00    1.88350E+00
    1.13123E+02    1.98657E+03    2.59631E+01    2.52024E+02    1.91786E-01   -4.05480E-01    1.65443E-01    1.47951E+00    1.96475E+00    1.92593E+00
    1.14326E+02    2.01543E+03    2.88523E+01    2.54783E+02    2.08549E-01   -4.24516E-01    1.68330E-01    1.50545E+00    2.01917E+00    1.96475E+00
    1.15543E+02    2.03494E+03    1.95153E+01    2.60395E+02    1.38028E-01   -3.65544E-01    6.63772E-02    1.40556E+00    1.85286E+00    1.59075E+00
    1.16774E+02    2.05862E+03    2.36786E+01    2.63247E+02    1.63875E-01   -3.79914E-01    1.39785E-01    1.45849E+00    1.92858E+00    1.85286E+00
    1.18018E+02    2.08483E+03    2.62099E+01    2.66132E+02    1.77493E-01   -3.91295E-01    1.56145E-01    1.48312E+00    1.97272E+00    1.92858E+00
    1.19276E+02    2.11328E+03    2.84496E+01    2.69049E+02    1.88516E-01   -4.02573E-01    1.62637E-01    1.50355E+00    2.01290E+00    1.97272E+00
    1.20549E+02    2.14484E+03    3.15617E+01    2.71999E+02    2.04639E-01   -4.21039E-01    1.65422E-01    1.53034E+00    2.06902E+00    2.01290E+00
    1.21835E+02    2.16617E+03    2.13315E+01    2.77998E+02    1.35332E-01   -3.62131E-01    6.47498E-02    1.42546E+00    1.89397E+00    1.61860E+00
    1.23136E+02    2.19196E+03    2.57855E+01    2.81048E+02    1.60068E-01   -3.75805E-01    1.37254E-01    1.47998E+00    1.97162E+00    1.89397E+00
    1.24452E+02    2.22033E+03    2.83703E+01    2.84132E+02    1.72322E-01   -3.85796E-01    1.53242E-01    1.50423E+00    2.01459E+00    1.97162E+00
    1.25782E+02    2.25075E+03    3.04212E+01    2.87251E+02    1.80800E-01   -3.94118E-01    1.59597E-01    1.52237E+00    2.04958E+00    2.01459E+00
    1.27127E+02    2.28336E+03    3.26085E+01    2.90405E+02    1.89625E-01   -4.03765E-01    1.63090E-01    1.54094E+00    2.08711E+00    2.04958E+00
    1.28488E+02    2.31930E+03    3.59390E+01    2.93594E+02    2.04490E-01   -4.21163E-01    1.64656E-01    1.56784E+00    2.14393E+00    2.08711E+00
    1.29863E+02    2.34353E+03    2.42359E+01    3.00079E+02    1.34929E-01   -3.61766E-01    6.36683E-02    1.45512E+00    1.95550E+00    1.66043E+00
    1.31254E+02    2.37277E+03    2.92393E+01    3.03376E+02    1.59275E-01   -3.75290E-01    1.35765E-01    1.51280E+00    2.03770E+00    1.95550E+00
    1.32660E+02    2.40490E+03    3.21224E+01    3.06711E+02    1.71207E-01   -3.85053E-01    1.51463E-01    1.53828E+00    2.08286E+00    2.03770E+00
    1.34083E+02    2.43930E+03    3.44020E+01    3.10082E+02    1.79403E-01   -3.93136E-01    1.57630E-01    1.55728E+00    2.11952E+00    2.08286E+00
    1.35521E+02    2.47613E+03    3.68304E+01    3.13492E+02    1.87924E-01   -4.02501E-01    1.60987E-01    1.57674E+00    2.15883E+00    2.11952E+00
    1.36975E+02    2.51666E+03    4.05286E+01    3.16939E+02    2.02332E-01   -4.19451E-01    1.62458E-01    1.60495E+00    2.21834E+00    2.15883E+00
    1.38446E+02    2.54400E+03    2.73402E+01    3.23951E+02    1.33546E-01   -3.60084E-01    6.23316E-02    1.48504E+00    2.01751E+00    1.70234E+00
    1.39933E+02    2.57690E+03    3.28996E+01    3.27515E+02    1.57232E-01   -3.73253E-01    1.33846E-01    1.54568E+00    2.10381E+00    2.01751E+00
    1.41436E+02    2.61292E+03    3.60188E+01    3.31120E+02    1.68423E-01   -3.82292E-01    1.49250E-01    1.57178E+00    2.14982E+00    2.10381E+00
    1.42957E+02    2.65127E+03    3.83549E+01    3.34765E+02    1.75474E-01   -3.89071E-01    1.55232E-01    1.59027E+00    2.18516E+00    2.14982E+00
    1.44494E+02    2.69185E+03    4.05820E+01    3.38451E+02    1.81653E-01   -3.95627E-01    1.58529E-01    1.60732E+00    2.21901E+00    2.18516E+00
    1.46049E+02    2.73504E+03    4.31874E+01    3.42178E+02    1.89139E-01   -4.04113E-01    1.60722E-01    1.62662E+00    2.25842E+00    2.21901E+00
    1.47621E+02    2.78239E+03    4.73464E+01    3.45947E+02    2.02873E-01   -4.20416E-01    1.61626E-01    1.65603E+00    2.32068E+00    2.25842E+00
    1.49211E+02    2.81432E+03    3.19363E+01    3.53611E+02    1.33885E-01   -3.60716E-01    6.13889E-02    1.52606E+00    2.10272E+00    1.76001E+00
    1.50819E+02    2.85269E+03    3.83712E+01    3.57508E+02    1.57384E-01   -3.73856E-01    1.32726E-01    1.59123E+00    2.19558E+00    2.10272E+00
    1.52444E+02    2.89466E+03    4.19617E+01    3.61449E+02    1.68390E-01   -3.82762E-01    1.47929E-01    1.61913E+00    2.24481E+00    2.19558E+00
    1.54088E+02    2.93930E+03    4.46422E+01    3.65433E+02    1.75272E-01   -3.89390E-01    1.53778E-01    1.63884E+00    2.28249E+00    2.24481E+00
    1.55750E+02    2.98649E+03    4.71928E+01    3.69463E+02    1.81279E-01   -3.95774E-01    1.56976E-01    1.65700E+00    2.31852E+00    2.28249E+00
    1.57431E+02    3.03666E+03    5.01722E+01    3.73537E+02    1.88554E-01   -4.04036E-01    1.59086E-01    1.67752E+00    2.36042E+00    2.31852E+00
    1.59131E+02    3.09159E+03    5.49248E+01    3.77657E+02    2.01948E-01   -4.19965E-01    1.59928E-01    1.70881E+00    2.42658E+00    2.36042E+00
    1.60850E+02    3.12865E+03    3.70632E+01    3.86036E+02    1.33325E-01   -3.60127E-01    6.02772E-02    1.56862E+00    2.19102E+00    1.81975E+00
    1.62588E+02    3.17307E+03    4.44193E+01    3.90296E+02    1.56328E-01   -3.72965E-01    1.31243E-01    1.63811E+00    2.28991E+00    2.19102E+00
    1.64345E+02    3.22149E+03    4.84205E+01    3.94604E+02    1.66720E-01   -3.81244E-01    1.46194E-01    1.66712E+00    2.34086E+00    2.28991E+00
    1.66122E+02    3.27276E+03    5.12690E+01    3.98960E+02    1.72705E-01   -3.86842E-01    1.51850E-01    1.68672E+00    2.37800E+00    2.34086E+00
    1.67919E+02    3.32652E+03    5.37592E+01    4.03365E+02    1.77171E-01   -3.91389E-01    1.54875E-01    1.70337E+00    2.41061E+00    2.37800E+00
    1.69736E+02    3.38274E+03    5.62256E+01    4.07819E+02    1.81286E-01   -3.95810E-01    1.56907E-01    1.71947E+00    2.44271E+00    2.41061E+00
    1.71574E+02    3.44168E+03    5.89353E+01    4.12323E+02    1.85905E-01   -4.00977E-01    1.58501E-01    1.73673E+00    2.47762E+00    2.44271E+00
    1.73432E+02    3.50403E+03    6.23500E+01    4.16877E+02    1.92414E-01   -4.08506E-01    1.59803E-01    1.75786E+00    2.52112E+00    2.47762E+00
    1.75311E+02    3.57206E+03    6.80278E+01    4.21483E+02    2.05386E-01   -4.23939E-01    1.60193E-01    1.79152E+00    2.59248E+00    2.52112E+00
    1.77210E+02    3.61797E+03    4.59154E+01    4.30849E+02    1.35620E-01   -3.63382E-01    5.97807E-02    1.63515E+00    2.32939E+00    1.91356E+00
    1.79132E+02    3.67292E+03    5.49525E+01    4.35611E+02    1.58794E-01   -3.76313E-01    1.31080E-01    1.71211E+00    2.43911E+00    2.32939E+00
    1.81074E+02    3.73277E+03    5.98486E+01    4.40426E+02    1.69191E-01   -3.84566E-01    1.45947E-01    1.74412E+00    2.49538E+00    2.43911E+00
    1.83039E+02    3.79610E+03    6.33316E+01    4.45295E+02    1.75154E-01   -3.90121E-01    1.51527E-01    1.76573E+00    2.53638E+00    2.49538E+00
    1.85025E+02    3.86248E+03    6.63792E+01    4.50219E+02    1.79601E-01   -3.94629E-01    1.54494E-01    1.78412E+00    2.57240E+00    2.53638E+00
    1.87034E+02    3.93188E+03    6.94006E+01    4.55198E+02    1.83701E-01   -3.99016E-01    1.56485E-01    1.80191E+00    2.60788E+00    2.57240E+00
    1.89065E+02    4.00461E+03    7.27207E+01    4.60233E+02    1.88312E-01   -4.04146E-01    1.58045E-01    1.82099E+00    2.64647E+00    2.60788E+00
    1.91119E+02    4.08151E+03    7.69023E+01    4.65324E+02    1.94819E-01   -4.11626E-01    1.59319E-01    1.84436E+00    2.69453E+00    2.64647E+00
    1.93196E+02    4.16535E+03    8.38450E+01    4.70472E+02    2.07796E-01   -4.26960E-01    1.59691E-01    1.88154E+00    2.77326E+00    2.69453E+00
    1.95296E+02    4.22208E+03    5.67293E+01    4.80942E+02    1.37542E-01   -3.66122E-01    5.91330E-02    1.70836E+00    2.48158E+00    2.01619E+00
    1.97420E+02    4.28990E+03    6.78141E+01    4.86265E+02    1.60847E-01   -3.79161E-01    1.30704E-01    1.79355E+00    2.60328E+00    2.48158E+00
    1.99568E+02    4.36367E+03    7.37770E+01    4.91647E+02    1.71190E-01   -3.87321E-01    1.45508E-01    1.82874E+00    2.66516E+00    2.60328E+00
    2.01739E+02    4.44165E+03    7.79725E+01    4.97090E+02    1.76995E-01   -3.92667E-01    1.51023E-01    1.85227E+00    2.70973E+00    2.66516E+00
    2.03935E+02    4.52322E+03    8.15784E+01    5.02594E+02    1.81157E-01   -3.96818E-01    1.53925E-01    1.87193E+00    2.74816E+00    2.70973E+00
    2.06156E+02    4.60827E+03    8.50465E+01    5.08159E+02    1.84755E-01   -4.00585E-01    1.55843E-01    1.89042E+00    2.78488E+00    2.74816E+00
    2.08401E+02    4.69692E+03    8.86538E+01    5.13787E+02    1.88407E-01   -4.04541E-01    1.57332E-01    1.90925E+00    2.82266E+00    2.78488E+00
    2.10672E+02    4.78964E+03    9.27201E+01    5.19478E+02    1.92766E-01   -4.09398E-01    1.58616E-01    1.92999E+00    2.86472E+00    2.82266E+00
    2.12968E+02    4.88756E+03    9.79133E+01    5.25233E+02    1.99137E-01   -4.16685E-01    1.59721E-01    1.95577E+00    2.91779E+00    2.86472E+00
    2.15289E+02    4.99416E+03    1.06602E+02    5.31052E+02    2.12094E-01   -4.31856E-01    1.59985E-01    1.99714E+00    3.00535E+00    2.91779E+00
    2.17637E+02    5.06640E+03    7.22364E+01    5.42886E+02    1.40596E-01   -3.70330E-01    5.87545E-02    1.80201E+00    2.67626E+00    2.14773E+00
    2.20011E+02    5.15262E+03    8.62247E+01    5.48903E+02    1.64173E-01   -3.83468E-01    1.30864E-01    1.89760E+00    2.81301E+00    2.67626E+00
    2.22411E+02    5.24630E+03    9.36803E+01    5.54987E+02    1.74489E-01   -3.91508E-01    1.45639E-01    1.93674E+00    2.88181E+00    2.81301E+00
    2.24839E+02    5.34516E+03    9.88588E+01    5.61139E+02    1.80129E-01   -3.96613E-01    1.51086E-01    1.96258E+00    2.93070E+00    2.88181E+00
    2.27293E+02    5.44839E+03    1.03228E+02    5.67360E+02    1.83997E-01   -4.00387E-01    1.53908E-01    1.98381E+00    2.97208E+00    2.93070E+00
    2.29776E+02    5.55570E+03    1.07312E+02    5.73651E+02    1.87115E-01   -4.03562E-01    1.55733E-01    2.00324E+00    3.01051E+00    2.97208E+00
    2.32286E+02    5.66706E+03    1.11365E+02    5.80013E+02    1.89957E-01   -4.06539E-01    1.57108E-01    2.02216E+00    3.04823E+00    3.01051E+00
    2.34824E+02    5.78263E+03    1.15570E+02    5.86445E+02    1.92839E-01   -4.09621E-01    1.58269E-01    2.04142E+00    3.08684E+00    3.04823E+00
    2.37390E+02    5.90276E+03    1.20131E+02    5.92950E+02    1.96086E-01   -4.13156E-01    1.59335E-01    2.06191E+00    3.12816E+00    3.08684E+00
    2.39985E+02    6.02816E+03    1.25400E+02    5.99527E+02    2.00230E-01   -4.17749E-01    1.60362E-01    2.08507E+00    3.17525E+00    3.12816E+00
    2.42609E+02    6.16039E+03    1.32230E+02    6.06178E+02    2.06539E-01   -4.24878E-01    1.61300E-01    2.11431E+00    3.23551E+00    3.17525E+00
    2.45263E+02    6.30415E+03    1.43759E+02    6.12904E+02    2.19657E-01   -4.39991E-01    1.61446E-01    2.16171E+00    3.33579E+00    3.23551E+00
    2.47946E+02    6.40174E+03    9.75840E+01    6.26582E+02    1.45857E-01   -3.77359E-01    5.87953E-02    1.93534E+00    2.95357E+00    2.33520E+00
    2.50660E+02    6.51807E+03    1.16335E+02    6.33536E+02    1.70096E-01   -3.90740E-01    1.31979E-01    2.04594E+00    3.11209E+00    2.95357E+00
    2.53404E+02    6.64434E+03    1.26270E+02    6.40568E+02    1.80600E-01   -3.98797E-01    1.46838E-01    2.09096E+00    3.19128E+00    3.11209E+00
    2.56178E+02    6.77747E+03    1.33126E+02    6.47679E+02    1.86259E-01   -4.03822E-01    1.52270E-01    2.12051E+00    3.24718E+00    3.19128E+00
    2.58984E+02    6.91633E+03    1.38864E+02    6.54869E+02    1.90053E-01   -4.07444E-01    1.55057E-01    2.14460E+00    3.29410E+00    3.24718E+00
    2.61821E+02    7.06050E+03    1.44165E+02    6.62140E+02    1.93008E-01   -4.10380E-01    1.56832E-01    2.16641E+00    3.33716E+00    3.29410E+00
    2.64690E+02    7.20983E+03    1.49335E+02    6.69493E+02    1.95572E-01   -4.12992E-01    1.58145E-01    2.18729E+00    3.37870E+00    3.33716E+00
    2.67591E+02    7.36438E+03    1.54550E+02    6.76928E+02    1.97991E-01   -4.15497E-01    1.59226E-01    2.20800E+00    3.42005E+00    3.37870E+00
    2.70524E+02    7.52433E+03    1.59952E+02    6.84446E+02    2.00444E-01   -4.18071E-01    1.60191E-01    2.22908E+00    3.46230E+00    3.42005E+00
    2.73491E+02    7.69003E+03    1.65697E+02    6.92048E+02    2.03116E-01   -4.20905E-01    1.61106E-01    2.25110E+00    3.50658E+00    3.46230E+00
    2.76490E+02    7.86206E+03    1.72024E+02    6.99735E+02    2.06274E-01   -4.24294E-01    1.62017E-01    2.27490E+00    3.55466E+00    3.50658E+00
    2.79523E+02    8.04146E+03    1.79403E+02    7.07509E+02    2.10431E-01   -4.28813E-01    1.62942E-01    2.30207E+00    3.60996E+00    3.55466E+00
    2.82590E+02    8.23048E+03    1.89022E+02    7.15369E+02    2.16878E-01   -4.35941E-01    1.63809E-01    2.33659E+00    3.68111E+00    3.60996E+00
    2.85692E+02    8.43579E+03    2.05306E+02    7.23318E+02    2.30424E-01   -4.51177E-01    1.63900E-01    2.39277E+00    3.79987E+00    3.68111E+00
    2.88828E+02    8.57547E+03    1.39687E+02    7.39483E+02    1.53358E-01   -3.87108E-01    5.92060E-02    2.12286E+00    3.34366E+00    2.59874E+00
    2.91999E+02    8.74183E+03    1.66353E+02    7.47702E+02    1.78649E-01   -4.00871E-01    1.33982E-01    2.25471E+00    3.53307E+00    3.34366E+00
    2.95206E+02    8.92225E+03    1.80421E+02    7.56012E+02    1.89529E-01   -4.09043E-01    1.49040E-01    2.30816E+00    3.62720E+00    3.53307E+00
    2.98449E+02    9.11234E+03    1.90090E+02    7.64416E+02    1.95328E-01   -4.14072E-01    1.54509E-01    2.34312E+00    3.69332E+00    3.62720E+00
    3.01728E+02    9.31048E+03    1.98139E+02    7.72914E+02    1.99156E-01   -4.17630E-01    1.57293E-01    2.37147E+00    3.74853E+00    3.69332E+00
    3.05044E+02    9.51600E+03    2.05521E+02    7.81507E+02    2.02068E-01   -4.20442E-01    1.59048E-01    2.39696E+00    3.79882E+00    3.74853E+00
    3.08397E+02    9.72864E+03    2.12647E+02    7.90196E+02    2.04510E-01   -4.22854E-01    1.60325E-01    2.42113E+00    3.84683E+00    3.79882E+00
    3.11787E+02    9.94837E+03    2.19729E+02    7.98983E+02    2.06708E-01   -4.25056E-01    1.61355E-01    2.44476E+00    3.89393E+00    3.84683E+00
    3.15215E+02    1.01753E+04    2.26902E+02    8.07868E+02    2.08795E-01   -4.27166E-01    1.62249E-01    2.46831E+00    3.94098E+00    3.89393E+00
    3.18682E+02    1.04095E+04    2.34271E+02    8.16853E+02    2.10870E-01   -4.29277E-01    1.63068E-01    2.49211E+00    3.98864E+00    3.94098E+00
    3.22188E+02    1.06515E+04    2.41941E+02    8.25938E+02    2.13018E-01   -4.31474E-01    1.63853E-01    2.51649E+00    4.03752E+00    3.98864E+00
    3.25733E+02    1.09015E+04    2.50040E+02    8.35125E+02    2.15341E-01   -4.33864E-01    1.64632E-01    2.54182E+00    4.08840E+00    4.03752E+00
    3.29318E+02    1.11603E+04    2.58762E+02    8.44415E+02    2.17986E-01   -4.36600E-01    1.65428E-01    2.56862E+00    4.14239E+00    4.08840E+00
    3.32942E+02    1.14287E+04    2.68447E+02    8.53808E+02    2.21205E-01   -4.39957E-01    1.66262E-01    2.59785E+00    4.20148E+00    4.14239E+00
    3.36608E+02    1.17085E+04    2.79800E+02    8.63307E+02    2.25523E-01   -4.44509E-01    1.67138E-01    2.63140E+00    4.26977E+00    4.20148E+00
    3.40314E+02    1.20032E+04    2.94643E+02    8.72913E+02    2.32299E-01   -4.51756E-01    1.67974E-01    2.67418E+00    4.35791E+00    4.26977E+00
    3.44062E+02    1.23230E+04    3.19793E+02    8.82626E+02    2.46619E-01   -4.67316E-01    1.68031E-01    2.74389E+00    4.50512E+00    4.35791E+00
    3.47852E+02    1.25411E+04    2.18174E+02    9.02380E+02    1.64576E-01   -4.01186E-01    6.02118E-02    2.40807E+00    3.93700E+00    2.99946E+00
    3.51684E+02    1.28007E+04    2.59593E+02    9.12423E+02    1.91540E-01   -4.15526E-01    1.37399E-01    2.57238E+00    4.17370E+00    3.93700E+00
    3.55560E+02    1.30821E+04    2.81391E+02    9.22578E+02    2.03086E-01   -4.23946E-01    1.52826E-01    2.63885E+00    4.29091E+00    4.17370E+00
    3.59478E+02    1.33785E+04    2.96349E+02    9.32848E+02    2.09207E-01   -4.29088E-01    1.58401E-01    2.68226E+00    4.37309E+00    4.29091E+00
    3.63441E+02    1.36873E+04    3.08777E+02    9.43232E+02    2.13216E-01   -4.32692E-01    1.61227E-01    2.71740E+00    4.44153E+00    4.37309E+00
    3.67448E+02    1.40074E+04    3.20142E+02    9.53733E+02    2.16232E-01   -4.35503E-01    1.62998E-01    2.74891E+00    4.50368E+00    4.44153E+00
    3.71500E+02    1.43385E+04    3.31064E+02    9.64351E+02    2.18720E-01   -4.37873E-01    1.64277E-01    2.77866E+00    4.56274E+00    4.50368E+00
    3.75597E+02    1.46803E+04    3.41851E+02    9.75088E+02    2.20909E-01   -4.39984E-01    1.65297E-01    2.80757E+00    4.62033E+00    4.56274E+00
    3.79740E+02    1.50330E+04    3.52684E+02    9.85945E+02    2.22926E-01   -4.41943E-01    1.66168E-01    2.83615E+00    4.67737E+00    4.62033E+00
    3.83930E+02    1.53967E+04    3.63680E+02    9.96924E+02    2.24849E-01   -4.43821E-01    1.66951E-01    2.86471E+00    4.73447E+00    4.67737E+00
    3.88166E+02    1.57716E+04    3.74930E+02    1.00803E+03    2.26735E-01   -4.45666E-01    1.67681E-01    2.89349E+00    4.79205E+00    4.73447E+00
    3.92450E+02    1.61581E+04    3.86511E+02    1.01925E+03    2.28627E-01   -4.47520E-01    1.68382E-01    2.92268E+00    4.85048E+00    4.79205E+00
    3.96782E+02    1.65566E+04    3.98508E+02    1.03060E+03    2.30567E-01   -4.49425E-01    1.69070E-01    2.95244E+00    4.91014E+00    4.85048E+00
    4.01162E+02    1.69676E+04    4.11017E+02    1.04208E+03    2.32603E-01   -4.51425E-01    1.69760E-01    2.98301E+00    4.97144E+00    4.91014E+00
    4.05592E+02    1.73918E+04    4.24167E+02    1.05369E+03    2.34794E-01   -4.53581E-01    1.70465E-01    3.01464E+00    5.03494E+00    4.97144E+00
    4.10071E+02    1.78300E+04    4.38151E+02    1.06543E+03    2.37228E-01   -4.55982E-01    1.71196E-01    3.04773E+00    5.10148E+00    5.03494E+00
    4.14600E+02    1.82832E+04    4.53280E+02    1.07730E+03    2.40050E-01   -4.58777E-01    1.71970E-01    3.08294E+00    5.17241E+00    5.10148E+00
    4.19180E+02    1.87534E+04    4.70130E+02    1.08930E+03    2.43526E-01   -4.62241E-01    1.72797E-01    3.12144E+00    5.25027E+00    5.17241E+00
    4.23811E+02    1.92433E+04    4.89913E+02    1.10144E+03    2.48220E-01   -4.66964E-01    1.73680E-01    3.16573E+00    5.34040E+00    5.25027E+00
    4.28494E+02    1.97591E+04    5.15784E+02    1.11371E+03    2.55609E-01   -4.74498E-01    1.74528E-01    3.22222E+00    5.45673E+00    5.34040E+00
    4.33230E+02    2.03186E+04    5.59554E+02    1.12612E+03    2.71231E-01   -4.90666E-01    1.74579E-01    3.31420E+00    5.65072E+00    5.45673E+00
    4.38019E+02    2.07016E+04    3.82956E+02    1.15136E+03    1.81566E-01   -4.21562E-01    6.20632E-02    2.87179E+00    4.90173E+00    3.65062E+00
    4.42861E+02    2.11569E+04    4.55337E+02    1.16419E+03    2.11158E-01   -4.36752E-01    1.42848E-01    3.08905E+00    5.21569E+00    4.90173E+00
    4.47757E+02    2.16503E+04    4.93404E+02    1.17717E+03    2.23802E-01   -4.45598E-01    1.58887E-01    3.17691E+00    5.37092E+00    5.21569E+00
    4.52709E+02    2.21699E+04    5.19542E+02    1.19029E+03    2.30499E-01   -4.50982E-01    1.64665E-01    3.23433E+00    5.47972E+00    5.37092E+00
    4.57715E+02    2.27111E+04    5.41265E+02    1.20355E+03    2.34879E-01   -4.54745E-01    1.67590E-01    3.28082E+00    5.57030E+00    5.47972E+00
    4.62778E+02    2.32722E+04    5.61118E+02    1.21697E+03    2.38163E-01   -4.57668E-01    1.69422E-01    3.32248E+00    5.65249E+00    5.57030E+00
    4.67898E+02    2.38524E+04    5.80171E+02    1.23054E+03    2.40858E-01   -4.60114E-01    1.70742E-01    3.36177E+00    5.73046E+00    5.65249E+00
    4.73075E+02    2.44514E+04    5.98949E+02    1.24426E+03    2.43209E-01   -4.62273E-01    1.71791E-01    3.39986E+00    5.80632E+00    5.73046E+00
    4.78310E+02    2.50691E+04    6.17745E+02    1.25813E+03    2.45348E-01   -4.64251E-01    1.72682E-01    3.43740E+00    5.88122E+00    5.80632E+00
    4.83603E+02    2.57059E+04    6.36742E+02    1.27215E+03    2.47354E-01   -4.66112E-01    1.73475E-01    3.47476E+00    5.95587E+00    5.88122E+00
    4.88956E+02    2.63619E+04    6.56063E+02    1.28634E+03    2.49278E-01   -4.67900E-01    1.74206E-01    3.51220E+00    6.03071E+00    5.95587E+00
    4.94369E+02    2.70377E+04    6.75804E+02    1.30068E+03    2.51155E-01   -4.69644E-01    1.74897E-01    3.54988E+00    6.10610E+00    6.03071E+00
    4.99842E+02    2.77338E+04    6.96040E+02    1.31519E+03    2.53009E-01   -4.71367E-01    1.75561E-01    3.58794E+00    6.18227E+00    6.10610E+00
    5.05377E+02    2.84506E+04    7.16840E+02    1.32985E+03    2.54862E-01   -4.73087E-01    1.76211E-01    3.62650E+00    6.25946E+00    6.18227E+00
    5.10973E+02    2.91889E+04    7.38273E+02    1.34468E+03    2.56731E-01   -4.74820E-01    1.76853E-01    3.66564E+00    6.33784E+00    6.25946E+00
    5.16633E+02    2.99493E+04    7.60409E+02    1.35968E+03    2.58636E-01   -4.76584E-01    1.77493E-01    3.70548E+00    6.41764E+00    6.33784E+00
    5.22355E+02    3.07326E+04    7.83331E+02    1.37485E+03    2.60594E-01   -4.78394E-01    1.78138E-01    3.74612E+00    6.49908E+00    6.41764E+00
    5.28142E+02    3.15397E+04    8.07136E+02    1.39018E+03    2.62630E-01   -4.80274E-01    1.78794E-01    3.78770E+00    6.58244E+00    6.49908E+00
    5.33994E+02    3.23717E+04    8.31949E+02    1.40569E+03    2.64772E-01   -4.82250E-01    1.79465E-01    3.83040E+00    6.66806E+00    6.58244E+00
    5.39911E+02    3.32296E+04    8.57941E+02    1.42137E+03    2.67061E-01   -4.84359E-01    1.80158E-01    3.87444E+00    6.75643E+00    6.66806E+00
    5.45894E+02    3.41150E+04    8.85359E+02    1.43722E+03    2.69556E-01   -4.86659E-01    1.80882E-01    3.92018E+00    6.84829E+00    6.75643E+00
    5.51945E+02    3.50296E+04    9.14584E+02    1.45326E+03    2.72351E-01   -4.89239E-01    1.81647E-01    3.96814E+00    6.94475E+00    6.84829E+00
    5.58063E+02    3.59758E+04    9.46252E+02    1.46947E+03    2.75605E-01   -4.92252E-01    1.82463E-01    4.01925E+00    7.04773E+00    6.94475E+00
    5.64250E+02    3.69574E+04    9.81546E+02    1.48586E+03    2.79618E-01   -4.95987E-01    1.83344E-01    4.07519E+00    7.16082E+00    7.04773E+00
    5.70506E+02    3.79804E+04    1.02297E+03    1.50244E+03    2.85031E-01   -5.01068E-01    1.84288E-01    4.13952E+00    7.29167E+00    7.16082E+00
    5.76832E+02    3.90574E+04    1.07705E+03    1.51921E+03    2.93522E-01   -5.09140E-01    1.85198E-01    4.22144E+00    7.46024E+00    7.29167E+00
    5.83229E+02    4.02256E+04    1.16824E+03    1.53616E+03    3.11392E-01   -5.26372E-01    1.85270E-01    4.35442E+00    7.74035E+00    7.46024E+00
    5.89697E+02    4.10281E+04    8.02459E+02    1.57063E+03    2.09205E-01   -4.52697E-01    6.53483E-02    3.71851E+00    6.66313E+00    4.83867E+00
    5.96238E+02    4.19817E+04    9.53648E+02    1.58816E+03    2.43170E-01   -4.69190E-01    1.51756E-01    4.03268E+00    7.11876E+00    6.66313E+00
    6.02853E+02    4.30150E+04    1.03325E+03    1.60588E+03    2.57691E-01   -4.78742E-01    1.68811E-01    4.15993E+00    7.34411E+00    7.11876E+00
    6.09541E+02    4.41031E+04    1.08806E+03    1.62381E+03    2.65410E-01   -4.84564E-01    1.74951E-01    4.24331E+00    7.50231E+00    7.34411E+00
    6.16304E+02    4.52368E+04    1.13371E+03    1.64193E+03    2.70481E-01   -4.88645E-01    1.78065E-01    4.31097E+00    7.63422E+00    7.50231E+00
    6.23143E+02    4.64123E+04    1.17548E+03    1.66025E+03    2.74297E-01   -4.91822E-01    1.80023E-01    4.37165E+00    7.75397E+00    7.63422E+00
    6.30059E+02    4.76278E+04    1.21559E+03    1.67879E+03    2.77435E-01   -4.94484E-01    1.81440E-01    4.42889E+00    7.86760E+00    7.75397E+00
    6.37052E+02    4.88829E+04    1.25511E+03    1.69752E+03    2.80172E-01   -4.96831E-01    1.82568E-01    4.48438E+00    7.97811E+00    7.86760E+00
    6.44124E+02    5.01776E+04    1.29464E+03    1.71647E+03    2.82658E-01   -4.98975E-01    1.83528E-01    4.53902E+00    8.08712E+00    7.97811E+00
    6.51274E+02    5.15121E+04    1.33455E+03    1.73563E+03    2.84980E-01   -5.00983E-01    1.84381E-01    4.59333E+00    8.19562E+00    8.08712E+00
    6.58505E+02    5.28872E+04    1.37507E+03    1.75501E+03    2.87193E-01   -5.02898E-01    1.85166E-01    4.64766E+00    8.30422E+00    8.19562E+00
    6.65817E+02    5.43036E+04    1.41638E+03    1.77460E+03    2.89331E-01   -5.04748E-01    1.85904E-01    4.70223E+00    8.41334E+00    8.30422E+00
    6.73210E+02    5.57622E+04    1.45860E+03    1.79441E+03    2.91420E-01   -5.06554E-01    1.86609E-01    4.75719E+00    8.52329E+00    8.41334E+00
    6.80687E+02    5.72640E+04    1.50184E+03    1.81445E+03    2.93476E-01   -5.08329E-01    1.87292E-01    4.81266E+00    8.63429E+00    8.52329E+00
    6.88247E+02    5.88102E+04    1.54619E+03    1.83471E+03    2.95514E-01   -5.10084E-01    1.87960E-01    4.86873E+00    8.74650E+00    8.63429E+00
    6.95891E+02    6.04019E+04    1.59173E+03    1.85519E+03    2.97543E-01   -5.11827E-01    1.88616E-01    4.92547E+00    8.86007E+00    8.74650E+00
    7.03622E+02    6.20405E+04    1.63852E+03    1.87591E+03    2.99570E-01   -5.13565E-01    1.89265E-01    4.98294E+00    8.97512E+00    8.86007E+00
    7.11439E+02    6.37271E+04    1.68665E+03    1.89685E+03    3.01604E-01   -5.15303E-01    1.89911E-01    5.04119E+00    9.09175E+00    8.97512E+00
    7.19343E+02    6.54633E+04    1.73618E+03    1.91803E+03    3.03648E-01   -5.17046E-01    1.90554E-01    5.10029E+00    9.21006E+00    9.09175E+00
    7.27337E+02    6.72505E+04    1.78719E+03    1.93945E+03    3.05709E-01   -5.18799E-01    1.91198E-01    5.16026E+00    9.33015E+00    9.21006E+00
    7.35419E+02    6.90902E+04    1.83973E+03    1.96111E+03    3.07791E-01   -5.20564E-01    1.91844E-01    5.22116E+00    9.45210E+00    9.33015E+00
    7.43592E+02    7.09841E+04    1.89390E+03    1.98301E+03    3.09900E-01   -5.22347E-01    1.92493E-01    5.28303E+00    9.57602E+00    9.45210E+00
    7.51857E+02    7.29339E+04    1.94976E+03    2.00516E+03    3.12039E-01   -5.24150E-01    1.93147E-01    5.34593E+00    9.70198E+00    9.57602E+00
    7.60214E+02    7.49413E+04    2.00741E+03    2.02755E+03    3.14215E-01   -5.25979E-01    1.93807E-01    5.40990E+00    9.83011E+00    9.70198E+00
    7.68665E+02    7.70082E+04    2.06695E+03    2.05020E+03    3.16433E-01   -5.27838E-01    1.94474E-01    5.47501E+00    9.96052E+00    9.83011E+00
    7.77210E+02    7.91367E+04    2.12848E+03    2.07310E+03    3.18701E-01   -5.29733E-01    1.95151E-01    5.54132E+00    1.00934E+01    9.96052E+00
    7.85852E+02    8.13289E+04    2.19213E+03    2.09625E+03    3.21026E-01   -5.31671E-01    1.95839E-01    5.60891E+00    1.02288E+01    1.00934E+01
    7.94590E+02    8.35869E+04    2.25804E+03    2.11967E+03    3.23420E-01   -5.33659E-01    1.96539E-01    5.67787E+00    1.03669E+01    1.02288E+01
    8.03425E+02    8.59133E+04    2.32639E+03    2.14334E+03    3.25895E-01   -5.35710E-01    1.97255E-01    5.74833E+00    1.05081E+01    1.03669E+01
    8.12360E+02    8.83107E+04    2.39739E+03    2.16728E+03    3.28468E-01   -5.37837E-01    1.97988E-01    5.82043E+00    1.06527E+01    1.05081E+01
    8.21395E+02    9.07820E+04    2.47132E+03    2.19149E+03    3.31164E-01   -5.40060E-01    1.98743E-01    5.89438E+00    1.08009E+01    1.06527E+01
    8.30531E+02    9.33305E+04    2.54854E+03    2.21597E+03    3.34014E-01   -5.42406E-01    1.99524E-01    5.97044E+00    1.09535E+01    1.08009E+01
    8.39770E+02    9.59601E+04    2.62957E+03    2.24073E+03    3.37067E-01   -5.44915E-01    2.00337E-01    6.04902E+00    1.11112E+01    1.09535E+01
    8.49111E+02    9.86753E+04    2.71514E+03    2.26576E+03    3.40394E-01   -5.47647E-01    2.01188E-01    6.13070E+00    1.12752E+01    1.11112E+01
    8.58558E+02    1.01482E+05    2.80641E+03    2.29108E+03    3.44112E-01   -5.50702E-01    2.02089E-01    6.21641E+00    1.14476E+01    1.12752E+01
    8.68110E+02    1.04387E+05    2.90534E+03    2.31667E+03    3.48420E-01   -5.54247E-01    2.03052E-01    6.30771E+00    1.16315E+01    1.14476E+01
    8.77769E+02    1.07403E+05    3.01552E+03    2.34256E+03    3.53693E-01   -5.58606E-01    2.04089E-01    6.40756E+00    1.18333E+01    1.16315E+01
    8.87537E+02    1.10547E+05    3.14461E+03    2.36873E+03    3.60735E-01   -5.64472E-01    2.05197E-01    6.52218E+00    1.20663E+01    1.18333E+01
    8.97414E+02    1.13860E+05    3.31255E+03    2.39519E+03    3.71655E-01   -5.73679E-01    2.06270E-01    6.66761E+00    1.23653E+01    1.20663E+01
    9.07401E+02    1.17454E+05    3.59397E+03    2.42196E+03    3.94373E-01   -5.93099E-01    2.06415E-01    6.90229E+00    1.28588E+01    1.23653E+01
    9.17501E+02    1.19934E+05    2.47985E+03    2.47639E+03    2.66142E-01   -5.10806E-01    7.22477E-02    5.79479E+00    1.09823E+01    7.74998E+00
    9.27713E+02    1.22880E+05    2.94662E+03    2.50406E+03    3.09293E-01   -5.29724E-01    1.69367E-01    6.34751E+00    1.17874E+01    1.09823E+01
    9.38040E+02    1.26074E+05    3.19348E+03    2.53204E+03    3.27842E-01   -5.40673E-01    1.88455E-01    6.57248E+00    1.21870E+01    1.17874E+01
    9.48482E+02    1.29438E+05    3.36450E+03    2.56033E+03    3.37813E-01   -5.47405E-01    1.95349E-01    6.72078E+00    1.24689E+01    1.21870E+01
    9.59042E+02    1.32946E+05    3.50764E+03    2.58895E+03    3.44449E-01   -5.52176E-01    1.98875E-01    6.84166E+00    1.27048E+01    1.24689E+01
    9.69719E+02    1.36585E+05    3.63908E+03    2.61788E+03    3.49507E-01   -5.55931E-01    2.01117E-01    6.95041E+00    1.29195E+01    1.27048E+01
    9.80517E+02    1.40350E+05    3.76558E+03    2.64714E+03    3.53713E-01   -5.59108E-01    2.02758E-01    7.05320E+00    1.31237E+01    1.29195E+01
    9.91435E+02    1.44241E+05    3.89045E+03    2.67672E+03    3.57414E-01   -5.61930E-01    2.04080E-01    7.15298E+00    1.33224E+01    1.31237E+01
    1.00248E+03    1.48256E+05    4.01550E+03    2.70664E+03    3.60799E-01   -5.64523E-01    2.05214E-01    7.25131E+00    1.35186E+01    1.33224E+01
    1.01364E+03    1.52398E+05    4.14184E+03    2.73689E+03    3.63976E-01   -5.66961E-01    2.06230E-01    7.34911E+00    1.37140E+01    1.35186E+01
    1.02493E+03    1.56668E+05    4.27021E+03    2.76748E+03    3.67012E-01   -5.69291E-01    2.07170E-01    7.44695E+00    1.39096E+01    1.37140E+01
    1.03634E+03    1.61070E+05    4.40110E+03    2.79841E+03    3.69952E-01   -5.71546E-01    2.08057E-01    7.54523E+00    1.41061E+01    1.39096E+01
    1.04789E+03    1.65604E+05    4.53491E+03    2.82969E+03    3.72825E-01   -5.73745E-01    2.08906E-01    7.64419E+00    1.43041E+01    1.41061E+01
    1.05956E+03    1.70276E+05    4.67195E+03    2.86132E+03    3.75653E-01   -5.75905E-01    2.09730E-01    7.74405E+00    1.45039E+01    1.43041E+01
    1.07136E+03    1.75089E+05    4.81248E+03    2.89330E+03    3.78450E-01   -5.78036E-01    2.10534E-01    7.84493E+00    1.47058E+01    1.45039E+01
    1.08330E+03    1.80046E+05    4.95672E+03    2.92564E+03    3.81228E-01   -5.80147E-01    2.11324E-01    7.94696E+00    1.49100E+01    1.47058E+01
    1.09537E+03    1.85150E+05    5.10487E+03    2.95834E+03    3.83996E-01   -5.82244E-01    2.12105E-01    8.05023E+00    1.51167E+01    1.49100E+01
    1.10757E+03    1.90408E+05    5.25713E+03    2.99141E+03    3.86760E-01   -5.84331E-01    2.12878E-01    8.15481E+00    1.53260E+01    1.51167E+01
    1.11992E+03    1.95821E+05    5.41367E+03    3.02485E+03    3.89525E-01   -5.86413E-01    2.13647E-01    8.26076E+00    1.55381E+01    1.53260E+01
    1.13239E+03    2.01396E+05    5.57468E+03    3.05867E+03    3.92296E-01   -5.88492E-01    2.14412E-01    8.36815E+00    1.57531E+01    1.55381E+01
    1.14501E+03    2.07136E+05    5.74032E+03    3.09286E+03    3.95075E-01   -5.90572E-01    2.15175E-01    8.47703E+00    1.59711E+01    1.57531E+01
    1.15777E+03    2.13047E+05    5.91076E+03    3.12744E+03    3.97866E-01   -5.92653E-01    2.15938E-01    8.58743E+00    1.61921E+01    1.59711E+01
    1.17068E+03    2.19133E+05    6.08618E+03    3.16240E+03    4.00671E-01   -5.94737E-01    2.16700E-01    8.69942E+00    1.64163E+01    1.61921E+01
    1.18373E+03    2.25400E+05    6.26676E+03    3.19776E+03    4.03492E-01   -5.96826E-01    2.17463E-01    8.81301E+00    1.66438E+01    1.64163E+01
    1.19692E+03    2.31853E+05    6.45265E+03    3.23351E+03    4.06331E-01   -5.98922E-01    2.18228E-01    8.92826E+00    1.68745E+01    1.66438E+01
    1.21026E+03    2.38497E+05    6.64405E+03    3.26966E+03    4.09188E-01   -6.01024E-01    2.18994E-01    9.04520E+00    1.71087E+01    1.68745E+01
    1.22375E+03    2.45338E+05    6.84114E+03    3.30622E+03    4.12066E-01   -6.03134E-01    2.19763E-01    9.16387E+00    1.73463E+01    1.71087E+01
    1.23740E+03    2.52382E+05    7.04409E+03    3.34318E+03    4.14965E-01   -6.05252E-01    2.20534E-01    9.28430E+00    1.75874E+01    1.73463E+01
    1.25119E+03    2.59635E+05    7.25310E+03    3.38056E+03    4.17886E-01   -6.07379E-01    2.21308E-01    9.40652E+00    1.78321E+01    1.75874E+01
    1.26514E+03    2.67103E+05    7.46837E+03    3.41836E+03    4.20831E-01   -6.09516E-01    2.22085E-01    9.53058E+00    1.80805E+01    1.78321E+01
    1.27925E+03    2.74793E+05    7.69009E+03    3.45658E+03    4.23800E-01   -6.11662E-01    2.22865E-01    9.65650E+00    1.83327E+01    1.80805E+01
    1.29351E+03    2.82712E+05    7.91846E+03    3.49523E+03    4.26793E-01   -6.13820E-01    2.23649E-01    9.78432E+00    1.85886E+01    1.83327E+01
    1.30793E+03    2.90866E+05    8.15371E+03    3.53432E+03    4.29812E-01   -6.15987E-01    2.24437E-01    9.91407E+00    1.88484E+01    1.85886E+01
    1.32252E+03    2.99262E+05    8.39604E+03    3.57384E+03    4.32858E-01   -6.18167E-01    2.25228E-01    1.00458E+01    1.91121E+01    1.88484E+01
    1.33727E+03    3.07907E+05    8.64568E+03    3.61380E+03    4.35930E-01   -6.20357E-01    2.26024E-01    1.01795E+01    1.93799E+01    1.91121E+01
    1.35218E+03    3.16810E+05    8.90286E+03    3.65421E+03    4.39029E-01   -6.22559E-01    2.26823E-01    1.03153E+01    1.96517E+01    1.93799E+01
    1.36726E+03    3.25978E+05    9.16782E+03    3.69508E+03    4.42156E-01   -6.24774E-01    2.27627E-01    1.04531E+01    1.99277E+01    1.96517E+01
    1.38251E+03    3.35419E+05    9.44080E+03    3.73640E+03    4.45311E-01   -6.27000E-01    2.28435E-01    1.05930E+01    2.02079E+01    1.99277E+01
    1.39793E+03    3.45141E+05    9.72205E+03    3.77818E+03    4.48496E-01   -6.29239E-01    2.29247E-01    1.07351E+01    2.04923E+01    2.02079E+01
    1.41353E+03    3.55153E+05    1.00118E+04    3.82043E+03    4.51710E-01   -6.31491E-01    2.30064E-01    1.08793E+01    2.07812E+01    2.04923E+01
    1.42930E+03    3.65463E+05    1.03104E+04    3.86316E+03    4.54954E-01   -6.33755E-01    2.30886E-01    1.10258E+01    2.10744E+01    2.07812E+01
    1.44524E+03    3.76081E+05    1.06181E+04    3.90636E+03    4.58228E-01   -6.36033E-01    2.31712E-01    1.11745E+01    2.13722E+01    2.10744E+01
    1.46136E+03    3.87016E+05    1.09351E+04    3.95005E+03    4.61534E-01   -6.38324E-01    2.32543E-01    1.13255E+01    2.16746E+01    2.13722E+01
    1.47767E+03    3.98278E+05    1.12618E+04    3.99423E+03    4.64872E-01   -6.40629E-01    2.33378E-01    1.14788E+01    2.19816E+01    2.16746E+01
    1.49415E+03    4.09876E+05    1.15984E+04    4.03890E+03    4.68241E-01   -6.42949E-01    2.34219E-01    1.16345E+01    2.22934E+01    2.19816E+01
    1.51082E+03    4.21822E+05    1.19454E+04    4.08407E+03    4.71644E-01   -6.45282E-01    2.35065E-01    1.17926E+01    2.26100E+01    2.22934E+01
    1.52768E+03    4.34125E+05    1.23030E+04    4.12975E+03    4.75081E-01   -6.47630E-01    2.35915E-01    1.19532E+01    2.29315E+01    2.26100E+01
    1.54473E+03    4.46796E+05    1.26715E+04    4.17594E+03    4.78552E-01   -6.49993E-01    2.36771E-01    1.21163E+01    2.32581E+01    2.29315E+01
    1.56197E+03    4.59848E+05    1.30513E+04    4.22265E+03    4.82059E-01   -6.52372E-01    2.37633E-01    1.22819E+01    2.35897E+01    2.32581E+01
    1.57940E+03    4.73291E+05    1.34429E+04    4.26988E+03    4.85602E-01   -6.54767E-01    2.38500E-01    1.24501E+01    2.39266E+01    2.35897E+01
    1.59702E+03    4.87137E+05    1.38465E+04    4.31764E+03    4.89183E-01   -6.57179E-01    2.39373E-01    1.26210E+01    2.42687E+01    2.39266E+01
    1.61484E+03    5.01400E+05    1.42626E+04    4.36593E+03    4.92803E-01   -6.59608E-01    2.40251E-01    1.27945E+01    2.46162E+01    2.42687E+01
    1.63287E+03    5.16091E+05    1.46916E+04    4.41476E+03    4.96464E-01   -6.62056E-01    2.41136E-01    1.29708E+01    2.49693E+01    2.46162E+01
    1.65109E+03    5.31225E+05    1.51340E+04    4.46415E+03    5.00167E-01   -6.64522E-01    2.42027E-01    1.31500E+01    2.53280E+01    2.49693E+01
    1.66952E+03    5.46816E+05    1.55903E+04    4.51408E+03    5.03914E-01   -6.67010E-01    2.42924E-01    1.33320E+01    2.56925E+01    2.53280E+01
    1.68816E+03    5.62876E+05    1.60609E+04    4.56458E+03    5.07708E-01   -6.69519E-01    2.43829E-01    1.35170E+01    2.60630E+01    2.56925E+01
    1.70700E+03    5.79423E+05    1.65464E+04    4.61564E+03    5.11552E-01   -6.72052E-01    2.44741E-01    1.37050E+01    2.64395E+01    2.60630E+01
    1.72605E+03    5.96470E+05    1.70474E+04    4.66727E+03    5.15450E-01   -6.74612E-01    2.45661E-01    1.38961E+01    2.68223E+01    2.64395E+01
    1.74532E+03    6.14035E+05    1.75645E+04    4.71948E+03    5.19406E-01   -6.77200E-01    2.46590E-01    1.40905E+01    2.72116E+01    2.68223E+01
    1.76481E+03    6.32133E+05    1.80985E+04    4.77227E+03    5.23426E-01   -6.79820E-01    2.47528E-01    1.42883E+01    2.76077E+01    2.72116E+01
    1.78451E+03    6.50783E+05    1.86501E+04    4.82566E+03    5.27516E-01   -6.82477E-01    2.48476E-01    1.44895E+01    2.80107E+01    2.76077E+01
    1.80443E+03    6.70004E+05    1.92203E+04    4.87964E+03    5.31685E-01   -6.85177E-01    2.49436E-01    1.46944E+01    2.84211E+01    2.80107E+01
    1.82458E+03    6.89814E+05    1.98100E+04    4.93423E+03    5.35946E-01   -6.87926E-01    2.50408E-01    1.49031E+01    2.88393E+01    2.84211E+01
    1.84495E+03    7.10234E+05    2.04206E+04    4.98943E+03    5.40312E-01   -6.90733E-01    2.51396E-01    1.51160E+01    2.92658E+01    2.88393E+01
    1.86555E+03    7.31288E+05    2.10534E+04    5.04525E+03    5.44803E-01   -6.93612E-01    2.52401E-01    1.53333E+01    2.97012E+01    2.92658E+01
    1.88638E+03    7.52998E+05    2.17104E+04    5.10169E+03    5.49446E-01   -6.96578E-01    2.53426E-01    1.55554E+01    3.01464E+01    2.97012E+01
    1.90744E+03    7.75392E+05    2.23939E+04    5.15877E+03    5.54277E-01   -6.99657E-01    2.54475E-01    1.57830E+01    3.06026E+01    3.01464E+01
    1.92874E+03    7.98499E+05    2.31070E+04    5.21648E+03    5.59349E-01   -7.02881E-01    2.55553E-01    1.60168E+01    3.10714E+01    3.06026E+01
    1.95028E+03    8.22353E+05    2.38544E+04    5.27484E+03    5.64738E-01   -7.06300E-01    2.56667E-01    1.62580E+01    3.15552E+01    3.10714E+01
    1.97206E+03    8.46996E+05    2.46425E+04    5.33386E+03    5.70563E-01   -7.09991E-01    2.57827E-01    1.65082E+01    3.20576E+01    3.15552E+01
    1.99408E+03    8.72478E+05    2.54817E+04    5.39353E+03    5.77013E-01   -7.14079E-01    2.59044E-01    1.67702E+01    3.25843E+01    3.20576E+01
    2.01635E+03    8.98867E+05    2.63892E+04    5.45388E+03    5.84418E-01   -7.18780E-01    2.60334E-01    1.70488E+01    3.31453E+01    3.25843E+01
    2.03887E+03    9.26264E+05    2.73974E+04    5.51490E+03    5.93399E-01   -7.24504E-01    2.61711E-01    1.73526E+01    3.37590E+01    3.31453E+01
    2.06165E+03    9.54839E+05    2.85752E+04    5.57660E+03    6.05293E-01   -7.32143E-01    2.63172E-01    1.77003E+01    3.44653E+01    3.37590E+01
    2.08467E+03    9.84941E+05    3.01018E+04    5.63899E+03    6.23602E-01   -7.44043E-01    2.64580E-01    1.81399E+01    3.53683E+01    3.44653E+01
    2.10796E+03    1.01759E+06    3.26486E+04    5.70209E+03    6.61484E-01   -7.69004E-01    2.64796E-01    1.88465E+01    3.68523E+01    3.53683E+01
    2.13150E+03    1.04019E+06    2.25976E+04    5.83040E+03    4.47771E-01   -6.62809E-01    9.19541E-02    1.55227E+01    3.12158E+01    2.13894E+01
    2.15531E+03    1.06702E+06    2.68293E+04    5.89564E+03    5.19925E-01   -6.87487E-01    2.17456E-01    1.71868E+01    3.36465E+01    3.12158E+01
    2.17939E+03    1.09608E+06    2.90616E+04    5.96160E+03    5.50794E-01   -7.01610E-01    2.41946E-01    1.78626E+01    3.48486E+01    3.36465E+01
    2.20373E+03    1.12668E+06    3.06048E+04    6.02831E+03    5.67281E-01   -7.10216E-01    2.50749E-01    1.83073E+01    3.56942E+01    3.48486E+01
    2.22835E+03    1.15858E+06    3.18930E+04    6.09576E+03    5.78153E-01   -7.16248E-01    2.55229E-01    1.86688E+01    3.63998E+01    3.56942E+01
    2.25325E+03    1.19165E+06    3.30721E+04    6.16397E+03    5.86337E-01   -7.20933E-01    2.58056E-01    1.89930E+01    3.70399E+01    3.63998E+01
    2.27842E+03    1.22585E+06    3.42026E+04    6.23295E+03    5.93037E-01   -7.24833E-01    2.60105E-01    1.92984E+01    3.76461E+01    3.70399E+01
    2.30387E+03    1.26116E+06    3.53138E+04    6.30269E+03    5.98832E-01   -7.28236E-01    2.61732E-01    1.95936E+01    3.82339E+01    3.76461E+01
    2.32961E+03    1.29759E+06    3.64216E+04    6.37322E+03    6.04028E-01   -7.31302E-01    2.63108E-01    1.98833E+01    3.88117E+01    3.82339E+01
    2.35564E+03    1.33512E+06    3.75354E+04    6.44453E+03    6.08803E-01   -7.34124E-01    2.64319E-01    2.01702E+01    3.93845E+01    3.88117E+01
    2.38196E+03    1.37378E+06    3.86611E+04    6.51665E+03    6.13264E-01   -7.36762E-01    2.65417E-01    2.04558E+01    3.99551E+01    3.93845E+01
    2.40858E+03    1.41359E+06    3.98026E+04    6.58957E+03    6.17480E-01   -7.39252E-01    2.66432E-01    2.07413E+01    4.05256E+01    3.99551E+01
    2.43549E+03    1.45455E+06    4.09628E+04    6.66331E+03    6.21495E-01   -7.41621E-01    2.67384E-01    2.10272E+01    4.10972E+01    4.05256E+01
    2.46270E+03    1.49669E+06    4.21435E+04    6.73788E+03    6.25339E-01   -7.43884E-01    2.68284E-01    2.13141E+01    4.16708E+01    4.10972E+01
    2.49022E+03    1.54004E+06    4.33461E+04    6.81328E+03    6.29032E-01   -7.46053E-01    2.69141E-01    2.16022E+01    4.22469E+01    4.16708E+01
    2.51805E+03    1.58461E+06    4.45718E+04    6.88952E+03    6.32586E-01   -7.48136E-01    2.69961E-01    2.18917E+01    4.28260E+01    4.22469E+01
    2.54619E+03    1.63043E+06    4.58214E+04    6.96662E+03    6.36010E-01   -7.50137E-01    2.70747E-01    2.21828E+01    4.34081E+01    4.28260E+01
    2.57464E+03    1.67753E+06    4.70953E+04    7.04459E+03    6.39308E-01   -7.52060E-01    2.71503E-01    2.24755E+01    4.39936E+01    4.34081E+01
    2.60341E+03    1.72592E+06    4.83940E+04    7.12342E+03    6.42482E-01   -7.53905E-01    2.72229E-01    2.27699E+01    4.45824E+01    4.39936E+01
    2.63251E+03    1.77564E+06    4.97178E+04    7.20314E+03    6.45531E-01   -7.55673E-01    2.72927E-01    2.30659E+01    4.51744E+01    4.45824E+01
    2.66193E+03    1.82670E+06    5.10667E+04    7.28375E+03    6.48454E-01   -7.57363E-01    2.73598E-01    2.33636E+01    4.57696E+01    4.51744E+01
    2.69168E+03    1.87915E+06    5.24407E+04    7.36527E+03    6.51248E-01   -7.58973E-01    2.74240E-01    2.36627E+01    4.63679E+01    4.57696E+01
    2.72176E+03    1.93298E+06    5.38397E+04    7.44769E+03    6.53908E-01   -7.60502E-01    2.74855E-01    2.39633E+01    4.69690E+01    4.63679E+01
    2.75218E+03    1.98825E+06    5.52634E+04    7.53104E+03    6.56428E-01   -7.61945E-01    2.75440E-01    2.42652E+01    4.75728E+01    4.69690E+01
    2.78294E+03    2.04496E+06    5.67114E+04    7.61533E+03    6.58803E-01   -7.63302E-01    2.75996E-01    2.45683E+01    4.81789E+01    4.75728E+01
    2.81405E+03    2.10314E+06    5.81831E+04    7.70056E+03    6.61026E-01   -7.64566E-01    2.76522E-01    2.48725E+01    4.87870E+01    4.81789E+01
    2.84550E+03    2.16282E+06    5.96780E+04    7.78674E+03    6.63088E-01   -7.65735E-01    2.77016E-01    2.51775E+01    4.93969E+01    4.87870E+01
    2.87731E+03    2.22402E+06    6.11951E+04    7.87389E+03    6.64980E-01   -7.66803E-01    2.77477E-01    2.54832E+01    5.00080E+01    4.93969E+01
    2.90947E+03    2.28675E+06    6.27335E+04    7.96201E+03    6.66695E-01   -7.67766E-01    2.77903E-01    2.57893E+01    5.06199E+01    5.00080E+01
    2.94199E+03    2.35104E+06    6.42921E+04    8.05112E+03    6.68221E-01   -7.68618E-01    2.78293E-01    2.60956E+01    5.12322E+01    5.06199E+01
    2.97488E+03    2.41691E+06    6.58695E+04    8.14123E+03    6.69549E-01   -7.69354E-01    2.78645E-01    2.64019E+01    5.18444E+01    5.12322E+01
    3.00813E+03    2.48438E+06    6.74642E+04    8.23235E+03    6.70666E-01   -7.69967E-01    2.78957E-01    2.67079E+01    5.24558E+01    5.18444E+01
    3.04176E+03    2.55345E+06    6.90745E+04    8.32449E+03    6.71562E-01   -7.70451E-01    2.79226E-01    2.70132E+01    5.30658E+01    5.24558E+01
    3.07577E+03    2.62415E+06    7.06985E+04    8.41766E+03    6.72222E-01   -7.70798E-01    2.79452E-01    2.73175E+01    5.36738E+01    5.30658E+01
    3.11015E+03    2.69648E+06    7.23340E+04    8.51187E+03    6.72636E-01   -7.71001E-01    2.79630E-01    2.76205E+01    5.42790E+01    5.36738E+01
    3.14492E+03    2.77046E+06    7.39785E+04    8.60714E+03    6.72787E-01   -7.71053E-01    2.79759E-01    2.79217E+01    5.48806E+01    5.42790E+01
    3.18008E+03    2.84609E+06    7.56294E+04    8.70348E+03    6.72663E-01   -7.70944E-01    2.79836E-01    2.82207E+01    5.54777E+01    5.48806E+01
    3.21563E+03    2.92337E+06    7.72837E+04    8.80089E+03    6.72247E-01   -7.70666E-01    2.79859E-01    2.85171E+01    5.60695E+01    5.54777E+01
    3.25159E+03    3.00231E+06    7.89380E+04    8.89940E+03    6.71524E-01   -7.70210E-01    2.79823E-01    2.88104E+01    5.66548E+01    5.60695E+01
    3.28794E+03    3.08290E+06    8.05888E+04    8.99901E+03    6.70478E-01   -7.69566E-01    2.79726E-01    2.91000E+01    5.72327E+01    5.66548E+01
    3.32470E+03    3.16513E+06    8.22320E+04    9.09974E+03    6.69091E-01   -7.68722E-01    2.79565E-01    2.93853E+01    5.78020E+01    5.72327E+01
    3.36187E+03    3.24900E+06    8.38633E+04    9.20159E+03    6.67344E-01   -7.67669E-01    2.79336E-01    2.96658E+01    5.83613E+01    5.78020E+01
    3.39946E+03    3.33447E+06    8.54779E+04    9.30458E+03    6.65221E-01   -7.66395E-01    2.79034E-01    2.99407E+01    5.89095E+01    5.83613E+01
    3.43747E+03    3.42154E+06    8.70706E+04    9.40873E+03    6.62701E-01   -7.64886E-01    2.78657E-01    3.02094E+01    5.94450E+01    5.89095E+01
    3.47591E+03    3.51018E+06    8.86358E+04    9.51405E+03    6.59765E-01   -7.63131E-01    2.78200E-01    3.04711E+01    5.99663E+01    5.94450E+01
    3.51478E+03    3.60035E+06    9.01673E+04    9.62054E+03    6.56391E-01   -7.61116E-01    2.77658E-01    3.07249E+01    6.04717E+01    5.99663E+01
    3.55408E+03    3.69201E+06    9.16586E+04    9.72823E+03    6.52560E-01   -7.58825E-01    2.77027E-01    3.09701E+01    6.09594E+01    6.04717E+01
    3.59382E+03    3.78511E+06    9.31024E+04    9.83712E+03    6.48249E-01   -7.56245E-01    2.76302E-01    3.12055E+01    6.14276E+01    6.09594E+01
    3.63401E+03    3.87960E+06    9.44910E+04    9.94723E+03    6.43435E-01   -7.53358E-01    2.75477E-01    3.14302E+01    6.18742E+01    6.14276E+01
    3.67464E+03    3.97542E+06    9.58163E+04    1.00586E+04    6.38097E-01   -7.50147E-01    2.74547E-01    3.16432E+01    6.22969E+01    6.18742E+01
    3.71574E+03    4.07248E+06    9.70691E+04    1.01712E+04    6.32211E-01   -7.46596E-01    2.73507E-01    3.18432E+01    6.26935E+01    6.22969E+01
    3.75729E+03    4.17072E+06    9.82402E+04    1.02850E+04    6.25754E-01   -7.42684E-01    2.72350E-01    3.20290E+01    6.30614E+01    6.26935E+01
    3.79931E+03    4.27004E+06    9.93192E+04    1.04002E+04    6.18701E-01   -7.38392E-01    2.71069E-01    3.21992E+01    6.33978E+01    6.30614E+01
    3.84180E+03    4.37034E+06    1.00295E+05    1.05166E+04    6.11029E-01   -7.33698E-01    2.69658E-01    3.23525E+01    6.37000E+01    6.33978E+01
    3.88476E+03    4.47150E+06    1.01157E+05    1.06343E+04    6.02713E-01   -7.28581E-01    2.68109E-01    3.24872E+01    6.39647E+01    6.37000E+01
    3.92821E+03    4.57339E+06    1.01893E+05    1.07533E+04    5.93730E-01   -7.23017E-01    2.66415E-01    3.26017E+01    6.41887E+01    6.39647E+01
    3.97214E+03    4.67588E+06    1.02489E+05    1.08737E+04    5.84057E-01   -7.16980E-01    2.64568E-01    3.26943E+01    6.43683E+01    6.41887E+01
    4.01656E+03    4.77881E+06    1.02932E+05    1.09954E+04    5.73669E-01   -7.10444E-01    2.62560E-01    3.27630E+01    6.44999E+01    6.43683E+01
    4.06149E+03    4.88202E+06    1.03208E+05    1.11185E+04    5.62544E-01   -7.03382E-01    2.60380E-01    3.28059E+01    6.45791E+01    6.44999E+01
    4.10691E+03    4.98532E+06    1.03302E+05    1.12430E+04    5.50661E-01   -6.95763E-01    2.58021E-01    3.28206E+01    6.46017E+01    6.45791E+01
    4.15284E+03    5.08852E+06    1.03198E+05    1.13688E+04    5.38000E-01   -6.87557E-01    2.55470E-01    3.28049E+01    6.45629E+01    6.46017E+01
    4.19929E+03    5.19140E+06    1.02882E+05    1.14961E+04    5.24541E-01   -6.78730E-01    2.52719E-01    3.27563E+01    6.44577E+01    6.45629E+01
    4.24626E+03    5.29373E+06    1.02335E+05    1.16248E+04    5.10269E-01   -6.69247E-01    2.49755E-01    3.26721E+01    6.42806E+01    6.44577E+01
    4.29376E+03    5.39528E+06    1.01542E+05    1.17549E+04    4.95167E-01   -6.59069E-01    2.46567E-01    3.25492E+01    6.40258E+01    6.42806E+01
    4.34178E+03    5.49576E+06    1.00485E+05    1.18865E+04    4.79225E-01   -6.48157E-01    2.43141E-01    3.23848E+01    6.36868E+01    6.40258E+01
    4.39035E+03    5.59491E+06    9.91471E+04    1.20196E+04    4.62436E-01   -6.36469E-01    2.39465E-01    3.21753E+01    6.32571E+01    6.36868E+01
    4.43946E+03    5.69242E+06    9.75113E+04    1.21541E+04    4.44794E-01   -6.23957E-01    2.35523E-01    3.19171E+01    6.27292E+01    6.32571E+01
    4.48911E+03    5.78798E+06    9.55608E+04    1.22902E+04    4.26300E-01   -6.10573E-01    2.31301E-01    3.16063E+01    6.20952E+01    6.27292E+01
    4.53933E+03    5.88126E+06    9.32793E+04    1.24278E+04    4.06961E-01   -5.96264E-01    2.26782E-01    3.12387E+01    6.13465E+01    6.20952E+01
    4.59011E+03    5.97191E+06    9.06516E+04    1.25669E+04    3.86789E-01   -5.80972E-01    2.21947E-01    3.08095E+01    6.04738E+01    6.13465E+01
    4.64145E+03    6.05957E+06    8.76636E+04    1.27076E+04    3.65806E-01   -5.64635E-01    2.16779E-01    3.03138E+01    5.94668E+01    6.04738E+01
    4.69337E+03    6.14388E+06    8.43032E+04    1.28499E+04    3.44038E-01   -5.47183E-01    2.11256E-01    2.97460E+01    5.83144E+01    5.94668E+01
    4.74587E+03    6.22444E+06    8.05605E+04    1.29937E+04    3.21526E-01   -5.28541E-01    2.05356E-01    2.91000E+01    5.70041E+01    5.83144E+01
    4.79896E+03    6.30087E+06    7.64286E+04    1.31392E+04    2.98320E-01   -5.08622E-01    1.99055E-01    2.83690E+01    5.55222E+01    5.70041E+01
    4.85265E+03    6.37277E+06    7.19044E+04    1.32863E+04    2.74481E-01   -4.87332E-01    1.92326E-01    2.75453E+01    5.38533E+01    5.55222E+01
    4.90693E+03    6.43976E+06    6.69896E+04    1.34350E+04    2.50090E-01   -4.64558E-01    1.85139E-01    2.66203E+01    5.19798E+01    5.38533E+01
    4.96183E+03    6.50145E+06    6.16918E+04    1.35854E+04    2.25241E-01   -4.40170E-01    1.77459E-01    2.55840E+01    4.98813E+01    5.19798E+01
    5.01734E+03    6.55748E+06    5.60260E+04    1.37375E+04    2.00052E-01   -4.14012E-01    1.69250E-01    2.44246E+01    4.75340E+01    4.98813E+01
    5.07347E+03    6.60749E+06    5.00165E+04    1.38913E+04    1.74661E-01   -3.85891E-01    1.60467E-01    2.31281E+01    4.49090E+01    4.75340E+01
    5.13023E+03    6.65119E+06    4.36991E+04    1.40468E+04    1.49241E-01   -3.55559E-01    1.51057E-01    2.16769E+01    4.19705E+01    4.49090E+01
    5.18762E+03    6.68832E+06    3.71250E+04    1.42041E+04    1.23997E-01   -3.22687E-01    1.40961E-01    2.00484E+01    3.86722E+01    4.19705E+01
    5.24566E+03    6.71868E+06    3.03654E+04    1.43631E+04    9.91873E-02   -2.86811E-01    1.30103E-01    1.82120E+01    3.49505E+01    3.86722E+01
    5.30435E+03    6.74221E+06    2.35208E+04    1.45239E+04    7.51381E-02   -2.47226E-01    1.18395E-01    1.61230E+01    3.07130E+01    3.49505E+01
    5.36369E+03    6.75894E+06    1.67372E+04    1.46865E+04    5.22903E-02   -2.02756E-01    1.05737E-01    1.37100E+01    2.58096E+01    3.07130E+01
    5.42370E+03    6.76919E+06    1.02468E+04    1.48510E+04    3.13082E-02   -1.51104E-01    9.20635E-02    1.08397E+01    1.99579E+01    2.58096E+01
    5.48439E+03    6.77370E+06    4.51379E+03    1.50172E+04    1.34878E-02   -8.63309E-02    7.76841E-02    7.18466E+00    1.24526E+01    1.99579E+01
    5.54575E+03    6.77884E+06    5.13772E+03    1.50172E+04    1.50142E-02   -7.48053E-02    9.70483E-02    1.24526E+01    1.70683E+01    2.84098E+01
    5.60780E+03    6.78515E+06    6.31254E+03    1.50172E+04    1.80413E-02   -6.63288E-02    1.16798E-01    1.70683E+01    2.12068E+01    3.62729E+01
    5.67054E+03    6.79309E+06    7.93589E+03    1.50172E+04    2.21814E-02   -5.99074E-02    1.36354E-01    2.12068E+01    2.49866E+01    4.36270E+01
    5.73399E+03    6.80303E+06    9.94236E+03    1.50172E+04    2.71778E-02   -5.49067E-02    1.55445E-01    2.49866E+01    2.84896E+01    5.05456E+01
    5.79814E+03    6.81532E+06    1.22896E+04    1.50172E+04    3.28544E-02   -5.09146E-02    1.73960E-01    2.84896E+01    3.17743E+01    5.70931E+01
    5.86302E+03    6.83027E+06    1.49508E+04    1.50172E+04    3.90887E-02   -4.76576E-02    1.91879E-01    3.17743E+01    3.48834E+01    6.33241E+01
    5.92862E+03    6.84818E+06    1.79100E+04    1.50172E+04    4.57942E-02   -4.49506E-02    2.09222E-01    3.48834E+01    3.78486E+01    6.92848E+01
    5.99496E+03    6.86934E+06    2.11588E+04    1.50172E+04    5.29100E-02   -4.26652E-02    2.26030E-01    3.78486E+01    4.06947E+01    7.50138E+01
    6.06204E+03    6.89404E+06    2.46949E+04    1.50172E+04    6.03926E-02   -4.07109E-02    2.42353E-01    4.06947E+01    4.34408E+01    8.05438E+01
    6.12987E+03    6.92256E+06    2.85201E+04    1.50172E+04    6.82116E-02   -3.90220E-02    2.58242E-01    4.34408E+01    4.61024E+01    8.59024E+01
    6.19846E+03    6.95520E+06    3.26399E+04    1.50172E+04    7.63460E-02   -3.75500E-02    2.73744E-01    4.61024E+01    4.86924E+01    9.11130E+01
    6.26782E+03    6.99226E+06    3.70625E+04    1.50172E+04    8.47818E-02   -3.62586E-02    2.88907E-01    4.86924E+01    5.12212E+01    9.61960E+01
    6.33796E+03    7.03406E+06    4.17985E+04    1.50172E+04    9.35102E-02   -3.51198E-02    3.03771E-01    5.12212E+01    5.36981E+01    1.01169E+02
    6.40888E+03    7.08092E+06    4.68608E+04    1.50172E+04    1.02527E-01   -3.41119E-02    3.18376E-01    5.36981E+01    5.61309E+01    1.06047E+02
    6.48059E+03    7.13318E+06    5.22643E+04    1.50172E+04    1.11831E-01   -3.32177E-02    3.32758E-01    5.61309E+01    5.85264E+01    1.10845E+02
    6.55311E+03    7.19121E+06    5.80257E+04    1.50172E+04    1.21425E-01   -3.24235E-02    3.46949E-01    5.85264E+01    6.08908E+01    1.15574E+02
    6.62644E+03    7.25537E+06    6.41637E+04    1.50172E+04    1.31313E-01   -3.17182E-02    3.60981E-01    6.08908E+01    6.32297E+01    1.20245E+02
    6.70060E+03    7.32607E+06    7.06992E+04    1.50172E+04    1.41502E-01   -3.10927E-02    3.74880E-01    6.32297E+01    6.55481E+01    1.24870E+02
    6.77558E+03    7.40372E+06    7.76548E+04    1.50172E+04    1.52001E-01   -3.05395E-02    3.88675E-01    6.55481E+01    6.78508E+01    1.29456E+02
    6.85140E+03    7.48878E+06    8.50554E+04    1.50172E+04    1.62821E-01   -3.00525E-02    4.02390E-01    6.78508E+01    7.01422E+01    1.34014E+02
    6.92807E+03    7.58171E+06    9.29282E+04    1.50172E+04    1.73975E-01   -2.96264E-02    4.16049E-01    7.01422E+01    7.24263E+01    1.38551E+02
    7.00560E+03    7.68301E+06    1.01303E+05    1.50172E+04    1.85477E-01   -2.92570E-02    4.29675E-01    7.24263E+01    7.47073E+01    1.43076E+02
    7.08400E+03    7.79322E+06    1.10211E+05    1.50172E+04    1.97344E-01   -2.89407E-02    4.43291E-01    7.47073E+01    7.69889E+01    1.47596E+02
    7.16328E+03    7.91291E+06    1.19689E+05    1.50172E+04    2.09595E-01   -2.86745E-02    4.56917E-01    7.69889E+01    7.92748E+01    1.52118E+02
    7.24345E+03    8.04269E+06    1.29774E+05    1.50172E+04    2.22251E-01   -2.84559E-02    4.70576E-01    7.92748E+01    8.15686E+01    1.56649E+02
    7.32451E+03    8.18319E+06    1.40507E+05    1.50172E+04    2.35334E-01   -2.82828E-02    4.84287E-01    8.15686E+01    8.38741E+01    1.61198E+02
    7.40648E+03    8.33513E+06    1.51934E+05    1.50172E+04    2.48869E-01   -2.81535E-02    4.98073E-01    8.38741E+01    8.61947E+01    1.65770E+02
    7.48937E+03    8.49923E+06    1.64103E+05    1.50172E+04    2.62883E-01   -2.80668E-02    5.11953E-01    8.61947E+01    8.85341E+01    1.70373E+02
    7.57319E+03    8.67630E+06    1.77069E+05    1.50172E+04    2.77407E-01   -2.80215E-02    5.25949E-01    8.85341E+01    9.08959E+01    1.75014E+02
    7.65794E+03    8.86719E+06    1.90889E+05    1.50172E+04    2.92473E-01   -2.80170E-02    5.40081E-01    9.08959E+01    9.32837E+01    1.79699E+02
    7.74365E+03    9.07281E+06    2.05627E+05    1.50172E+04    3.08116E-01   -2.80528E-02    5.54373E-01    9.32837E+01    9.57014E+01    1.84437E+02
    7.83031E+03    9.29417E+06    2.21352E+05    1.50172E+04    3.24375E-01   -2.81286E-02    5.68845E-01    9.57014E+01    9.81527E+01    1.89234E+02
    7.91795E+03    9.53231E+06    2.38141E+05    1.50172E+04    3.41293E-01   -2.82445E-02    5.83520E-01    9.81527E+01    1.00642E+02    1.94098E+02
    8.00657E+03    9.78838E+06    2.56076E+05    1.50172E+04    3.58915E-01   -2.84006E-02    5.98422E-01    1.00642E+02    1.03173E+02    1.99038E+02
    8.09618E+03    1.00636E+07    2.75249E+05    1.50172E+04    3.77293E-01   -2.85975E-02    6.13575E-01    1.03173E+02    1.05749E+02    2.04060E+02
    8.18679E+03    1.03594E+07    2.95760E+05    1.50172E+04    3.96479E-01   -2.88358E-02    6.29006E-01    1.05749E+02    1.08377E+02    2.09174E+02
    8.27842E+03    1.06771E+07    3.17718E+05    1.50172E+04    4.16536E-01   -2.91164E-02    6.44739E-01    1.08377E+02    1.11060E+02    2.14388E+02
    8.37107E+03    1.10184E+07    3.41245E+05    1.50172E+04    4.37528E-01   -2.94405E-02    6.60804E-01    1.11060E+02    1.13803E+02    2.19713E+02
    8.46477E+03    1.13848E+07    3.66474E+05    1.50172E+04    4.59528E-01   -2.98096E-02    6.77229E-01    1.13803E+02    1.16611E+02    2.25156E+02
    8.55951E+03    1.17784E+07    3.93552E+05    1.50172E+04    4.82614E-01   -3.02253E-02    6.94046E-01    1.16611E+02    1.19491E+02    2.30730E+02
    8.65531E+03    1.22010E+07    4.22642E+05    1.50172E+04    5.06873E-01   -3.06897E-02    7.11289E-01    1.19491E+02    1.22447E+02    2.36445E+02
    8.75219E+03    1.26549E+07    4.53924E+05    1.50172E+04    5.32401E-01   -3.12051E-02    7.28991E-01    1.22447E+02    1.25487E+02    2.42312E+02
    8.85015E+03    1.31425E+07    4.87599E+05    1.50172E+04    5.59303E-01   -3.17741E-02    7.47191E-01    1.25487E+02    1.28617E+02    2.48344E+02
    8.94921E+03    1.36664E+07    5.23889E+05    1.50172E+04    5.87696E-01   -3.23998E-02    7.65928E-01    1.28617E+02    1.31844E+02    2.54555E+02
    9.04937E+03    1.42295E+07    5.63042E+05    1.50172E+04    6.17708E-01   -3.30857E-02    7.85247E-01    1.31844E+02    1.35177E+02    2.60959E+02
    9.15066E+03    1.48348E+07    6.05334E+05    1.50172E+04    6.49482E-01   -3.38358E-02    8.05194E-01    1.35177E+02    1.38623E+02    2.67571E+02
    9.25309E+03    1.54859E+07    6.51077E+05    1.50172E+04    6.83177E-01   -3.46546E-02    8.25818E-01    1.38623E+02    1.42192E+02    2.74409E+02
    9.35666E+03    1.61865E+07    7.00618E+05    1.50172E+04    7.18969E-01   -3.55472E-02    8.47175E-01    1.42192E+02    1.45895E+02    2.81490E+02
    9.46139E+03    1.69409E+07    7.54347E+05    1.50172E+04    7.57058E-01   -3.65195E-02    8.69324E-01    1.45895E+02    1.49741E+02    2.88834E+02
    9.56729E+03    1.77536E+07    8.12705E+05    1.50172E+04    7.97664E-01   -3.75782E-02    8.92329E-01    1.49741E+02    1.53742E+02    2.96462E+02
    9.67438E+03    1.86298E+07    8.76191E+05    1.50172E+04    8.41036E-01   -3.87309E-02    9.16262E-01    1.53742E+02    1.57913E+02    3.04399E+02
    9.78267E+03    1.95751E+07    9.45369E+05    1.50172E+04    8.87454E-01   -3.99862E-02    9.41199E-01    1.57913E+02    1.62267E+02    3.12670E+02
    9.89217E+03    2.05960E+07    1.02088E+06    1.50172E+04    9.37236E-01   -4.13541E-02    9.67226E-01    1.62267E+02    1.66821E+02    3.21304E+02
    1.00029E+04    2.16995E+07    1.10347E+06    1.50172E+04    9.90742E-01   -4.28462E-02    9.94437E-01    1.66821E+02    1.71592E+02    3.30332E+02
    1.01149E+04    2.28934E+07    1.19396E+06    1.50172E+04    1.04838E+00   -4.44756E-02    1.02294E+00    1.71592E+02    1.76599E+02    3.39789E+02
    1.02281E+04    2.41867E+07    1.29332E+06    1.50172E+04    1.11062E+00   -4.62577E-02    1.05284E+00    1.76599E+02    1.81866E+02    3.49714E+02
    1.03426E+04    2.55894E+07    1.40267E+06    1.50172E+04    1.17799E+00   -4.82102E-02    1.08428E+00    1.81866E+02    1.87416E+02    3.60150E+02
    1.04584E+04    2.71127E+07    1.52330E+06    1.50172E+04    1.25113E+00   -5.03541E-02    1.11740E+00    1.87416E+02    1.93279E+02    3.71146E+02
    1.05754E+04    2.87694E+07    1.65671E+06    1.50172E+04    1.33073E+00   -5.27139E-02    1.15237E+00    1.93279E+02    1.99484E+02    3.82757E+02
    1.06938E+04    3.05741E+07    1.80465E+06    1.50172E+04    1.41764E+00   -5.53185E-02    1.18936E+00    1.99484E+02    2.06069E+02    3.95046E+02
    1.08135E+04    3.25433E+07    1.96920E+06    1.50172E+04    1.51284E+00   -5.82025E-02    1.22860E+00    2.06069E+02    2.13075E+02    4.08082E+02
    1.09346E+04    3.46961E+07    2.15280E+06    1.50172E+04    1.61746E+00   -6.14071E-02    1.27031E+00    2.13075E+02    2.20550E+02    4.21947E+02
    1.10570E+04    3.70544E+07    2.35835E+06    1.50172E+04    1.73287E+00   -6.49824E-02    1.31478E+00    2.20550E+02    2.28548E+02    4.36733E+02
    1.11807E+04    3.96438E+07    2.58933E+06    1.50172E+04    1.86069E+00   -6.89891E-02    1.36233E+00    2.28548E+02    2.37135E+02    4.52550E+02
    1.13059E+04    4.24937E+07    2.84996E+06    1.50172E+04    2.00288E+00   -7.35022E-02    1.41332E+00    2.37135E+02    2.46386E+02    4.69521E+02
    1.14325E+04    4.56391E+07    3.14534E+06    1.50172E+04    2.16178E+00   -7.86144E-02    1.46820E+00    2.46386E+02    2.56391E+02    4.87795E+02
    1.15604E+04    4.91208E+07    3.48175E+06    1.50172E+04    2.34029E+00   -8.44430E-02    1.52747E+00    2.56391E+02    2.67258E+02    5.07546E+02
    1.16899E+04    5.29878E+07    3.86696E+06    1.50172E+04    2.54197E+00   -9.11367E-02    1.59175E+00    2.67258E+02    2.79118E+02    5.28982E+02
    1.18207E+04    5.72985E+07    4.31072E+06    1.50172E+04    2.77126E+00   -9.88884E-02    1.66177E+00    2.79118E+02    2.92131E+02    5.52356E+02
    1.19531E+04    6.21239E+07    4.82536E+06    1.50172E+04    3.03379E+00   -1.07951E-01    1.73843E+00    2.92131E+02    3.06495E+02    5.77973E+02
    1.20869E+04    6.75506E+07    5.42678E+06    1.50172E+04    3.33677E+00   -1.18666E-01    1.82282E+00    3.06495E+02    3.22463E+02    6.06214E+02
    1.22222E+04    7.36863E+07    6.13567E+06    1.50172E+04    3.68956E+00   -1.31498E-01    1.91632E+00    3.22463E+02    3.40355E+02    6.37554E+02
    1.23590E+04    8.06659E+07    6.97958E+06    1.50172E+04    4.10459E+00   -1.47103E-01    2.02063E+00    3.40355E+02    3.60594E+02    6.72598E+02
    1.24974E+04    8.86617E+07    7.99579E+06    1.50172E+04    4.59864E+00   -1.66435E-01    2.13798E+00    3.60594E+02    3.83750E+02    7.12132E+02
    1.26373E+04    9.78977E+07    9.23604E+06    1.50172E+04    5.19496E+00   -1.90929E-01    2.27123E+00    3.83750E+02    4.10611E+02    7.57199E+02
    1.27787E+04    1.08672E+08    1.07740E+07    1.50172E+04    5.92656E+00   -2.22850E-01    2.42423E+00    4.10611E+02    4.42314E+02    8.09216E+02
    1.29218E+04    1.21390E+08    1.27180E+07    1.50172E+04    6.84183E+00   -2.65977E-01    2.60213E+00    4.42314E+02    4.80576E+02    8.70171E+02
    1.30665E+04    1.36623E+08    1.52330E+07    1.50172E+04    8.01431E+00   -3.27057E-01    2.81200E+00    4.80576E+02    5.28151E+02    9.42941E+02
    1.32127E+04    1.55204E+08    1.85811E+07    1.50172E+04    9.56049E+00   -4.19207E-01    3.06345E+00    5.28151E+02    5.89815E+02    1.03186E+03
    1.33607E+04    1.78405E+08    2.32014E+07    1.50172E+04    1.16749E+01   -5.70626E-01    3.36886E+00    5.89815E+02    6.74691E+02    1.14374E+03
    1.35102E+04    2.08300E+08    2.98942E+07    1.50172E+04    1.47113E+01   -8.49284E-01    3.74033E+00    6.74691E+02    8.02431E+02    1.28970E+03
    1.36615E+04    2.48762E+08    4.04620E+07    1.50172E+04    1.94733E+01   -1.44009E+00    4.17126E+00    8.02431E+02    1.02146E+03    1.48829E+03
    1.38144E+04    3.10723E+08    6.19616E+07    1.50172E+04    2.91637E+01   -2.90928E+00    4.54970E+00    1.02146E+03    1.46890E+03    1.76955E+03
    1.39691E+04    3.86284E+08    7.55607E+07    1.51854E+04    3.47811E+01   -3.31395E+00    4.87841E+00    6.57777E+02    1.17316E+03    1.46890E+03
    1.41255E+04    5.00562E+08    1.14278E+08    1.51854E+04    5.14444E+01   -5.13589E+00    5.00670E+00    1.17316E+03    1.98083E+03    2.00561E+03
    1.42836E+04    7.08463E+08    2.07901E+08    1.53554E+04    9.15295E+01   -7.98649E+00    5.26740E+00    1.09523E+03    2.36526E+03    1.98083E+03
