 # rho, F_z,dF_z, z(rho), E2 (=>sigma2=e0^2*E2), Er, Ez, Ui,j , Ui+1,j , Ui,j-1
    2.50000E-01    2.81383E-01    2.81383E-01    0.00000E+00    2.25106E+00   -3.89429E-01    1.44893E+00    1.91918E+00    2.11390E+00    2.64365E+00
    7.31707E-01    7.92333E-01    5.10950E-01    5.00000E-01    1.50685E+00   -1.51772E-01    1.21812E+00    1.50484E+00    1.57517E+00    2.11390E+00
    1.19774E+00    1.59037E+00    7.98033E-01    5.00000E-01    1.42170E+00   -5.45063E-02    1.19111E+00    1.57517E+00    1.60071E+00    2.17072E+00
    1.66904E+00    2.74076E+00    1.15039E+00    5.00000E-01    1.45428E+00   -3.53295E-02    1.20542E+00    1.60071E+00    1.61746E+00    2.20342E+00
    2.14566E+00    4.29006E+00    1.54930E+00    5.00000E-01    1.50648E+00   -3.51791E-02    1.22688E+00    1.61746E+00    1.63432E+00    2.23090E+00
    2.62767E+00    6.29237E+00    2.00232E+00    5.00000E-01    1.57207E+00   -4.38304E-02    1.25306E+00    1.63432E+00    1.65556E+00    2.26085E+00
    3.11513E+00    8.82188E+00    2.52950E+00    5.00000E-01    1.65649E+00   -6.20472E-02    1.28555E+00    1.65556E+00    1.68598E+00    2.29834E+00
    3.60810E+00    1.19847E+01    3.16283E+00    5.00000E-01    1.76827E+00   -9.90700E-02    1.32607E+00    1.68598E+00    1.73509E+00    2.34901E+00
    4.10663E+00    1.59337E+01    3.94895E+00    5.00000E-01    1.91808E+00   -1.84946E-01    1.37254E+00    1.73509E+00    1.82781E+00    2.42136E+00
    4.61080E+00    2.09444E+01    5.01080E+00    5.00000E-01    2.14349E+00   -4.21958E-01    1.40194E+00    1.82781E+00    2.04175E+00    2.52878E+00
    5.12067E+00    2.54390E+01    4.49460E+00    9.63414E-01    1.71188E+00   -3.39506E-01    1.26357E+00    1.40996E+00    1.58403E+00    2.04175E+00
    5.63630E+00    3.04703E+01    5.03126E+00    9.63414E-01    1.72152E+00   -2.87906E-01    1.28009E+00    1.58403E+00    1.73332E+00    2.22408E+00
    6.15775E+00    3.71483E+01    6.67803E+00    9.63414E-01    2.06812E+00   -5.14873E-01    1.34277E+00    1.73332E+00    2.00331E+00    2.40471E+00
    6.68510E+00    4.31143E+01    5.96597E+00    1.43207E+00    1.68284E+00   -4.23730E-01    1.22609E+00    1.43512E+00    1.65983E+00    2.00331E+00
    7.21840E+00    5.05154E+01    7.40111E+00    1.43207E+00    1.91182E+00   -5.57471E-01    1.26532E+00    1.65983E+00    1.95880E+00    2.24620E+00
    7.75774E+00    5.68314E+01    6.31596E+00    1.90601E+00    1.50112E+00   -4.21646E-01    1.15036E+00    1.41969E+00    1.64837E+00    1.95880E+00
    8.30316E+00    6.50779E+01    8.24656E+00    1.90601E+00    1.81075E+00   -5.66513E-01    1.22058E+00    1.64837E+00    1.95910E+00    2.22040E+00
    8.85475E+00    7.22786E+01    7.20067E+00    2.38531E+00    1.46604E+00   -4.30569E-01    1.13166E+00    1.42275E+00    1.66158E+00    1.95910E+00
    9.41258E+00    8.19881E+01    9.70947E+00    2.38531E+00    1.83890E+00   -5.98577E-01    1.21680E+00    1.66158E+00    1.99736E+00    2.23828E+00
    9.97670E+00    9.07665E+01    8.77842E+00    2.87003E+00    1.55103E+00   -4.75924E-01    1.15088E+00    1.44574E+00    1.71573E+00    1.99736E+00
    1.05472E+01    1.03361E+02    1.25944E+01    2.87003E+00    2.08138E+00   -7.23814E-01    1.24799E+00    1.71573E+00    2.13099E+00    2.31389E+00
    1.11242E+01    1.17057E+02    1.36963E+01    3.36023E+00    2.12211E+00   -8.36686E-01    1.19250E+00    1.55296E+00    2.03840E+00    2.13099E+00
    1.17076E+01    1.29484E+02    1.24271E+01    3.85596E+00    1.80905E+00   -8.24174E-01    1.06291E+00    1.51736E+00    2.00094E+00    2.03840E+00
    1.22977E+01    1.41673E+02    1.21888E+01    4.35730E+00    1.67035E+00   -8.12333E-01    1.00522E+00    1.50262E+00    1.98464E+00    2.00094E+00
    1.28944E+01    1.54039E+02    1.23659E+01    4.86430E+00    1.59815E+00   -8.07243E-01    9.72884E-01    1.49689E+00    1.98131E+00    1.98464E+00
    1.34979E+01    1.66885E+02    1.28460E+01    5.37703E+00    1.56824E+00   -8.10812E-01    9.54369E-01    1.49744E+00    1.98949E+00    1.98131E+00
    1.41082E+01    1.80560E+02    1.36753E+01    5.89556E+00    1.57941E+00   -8.27303E-01    9.46035E-01    1.50443E+00    2.01216E+00    1.98949E+00
    1.47254E+01    1.95671E+02    1.51103E+01    6.41994E+00    1.65332E+00   -8.69917E-01    9.46871E-01    1.52118E+00    2.06110E+00    2.01216E+00
    1.53495E+01    2.13981E+02    1.83100E+01    6.95025E+00    1.90048E+00   -9.97022E-01    9.52066E-01    1.56185E+00    2.18765E+00    2.06110E+00
    1.59807E+01    2.25420E+02    1.14394E+01    8.02892E+00    1.12771E+00   -8.60534E-01    6.22249E-01    1.43017E+00    1.97640E+00    1.76388E+00
    1.66191E+01    2.43133E+02    1.77134E+01    8.57741E+00    1.66037E+00   -9.98089E-01    8.14978E-01    1.53439E+00    2.17509E+00    1.97640E+00
    1.72646E+01    2.57605E+02    1.44720E+01    9.69305E+00    1.29123E+00   -9.78235E-01    5.78173E-01    1.46150E+00    2.09656E+00    1.78221E+00
    1.79175E+01    2.71763E+02    1.41580E+01    1.08341E+01    1.20358E+00   -9.63273E-01    5.25060E-01    1.44865E+00    2.08106E+00    1.74651E+00
    1.85777E+01    2.87202E+02    1.54384E+01    1.20010E+01    1.25164E+00   -1.00207E+00    4.97495E-01    1.45955E+00    2.12486E+00    1.74819E+00
    1.92454E+01    3.00656E+02    1.34543E+01    1.38013E+01    1.04118E+00   -9.51366E-01    3.68894E-01    1.41366E+00    2.05245E+00    1.63503E+00
    1.99207E+01    3.11378E+02    1.07218E+01    1.62981E+01    7.92636E-01   -8.45468E-01    2.78963E-01    1.36500E+00    1.93910E+00    1.54010E+00
    2.06035E+01    3.20421E+02    9.04329E+00    1.89097E+01    6.39168E-01   -7.62151E-01    2.41442E-01    1.33831E+00    1.86168E+00    1.49682E+00
    2.12941E+01    3.30060E+02    9.63895E+00    2.09469E+01    6.51810E-01   -7.68267E-01    2.48143E-01    1.35263E+00    1.88617E+00    1.52113E+00
    2.19925E+01    3.38500E+02    8.43965E+00    2.37722E+01    5.46412E-01   -7.10403E-01    2.04303E-01    1.32929E+00    1.82821E+00    1.47439E+00
    2.26988E+01    3.45931E+02    7.43152E+00    2.67274E+01    4.60963E-01   -6.53898E-01    1.82703E-01    1.31242E+00    1.77685E+00    1.44815E+00
    2.34130E+01    3.53873E+02    7.94148E+00    2.90326E+01    4.72231E-01   -6.60449E-01    1.89836E-01    1.32629E+00    1.80067E+00    1.47215E+00
    2.41354E+01    3.60653E+02    6.78051E+00    3.22296E+01    3.86757E-01   -6.01574E-01    1.57688E-01    1.30216E+00    1.73914E+00    1.42889E+00
    2.48659E+01    3.67611E+02    6.95802E+00    3.47234E+01    3.80919E-01   -5.95212E-01    1.63221E-01    1.30972E+00    1.74696E+00    1.44540E+00
    2.56046E+01    3.74543E+02    6.93178E+00    3.73028E+01    3.64415E-01   -5.82988E-01    1.56652E-01    1.31019E+00    1.74329E+00    1.44487E+00
    2.63517E+01    3.81393E+02    6.84940E+00    3.99705E+01    3.45966E-01   -5.69068E-01    1.48756E-01    1.30913E+00    1.73667E+00    1.44141E+00
    2.71072E+01    3.88136E+02    6.74336E+00    4.27298E+01    3.27417E-01   -5.54617E-01    1.40771E-01    1.30746E+00    1.72884E+00    1.43692E+00
    2.78713E+01    3.94759E+02    6.62279E+00    4.55836E+01    3.09253E-01   -5.39969E-01    1.32988E-01    1.30541E+00    1.72030E+00    1.43191E+00
    2.86440E+01    4.01247E+02    6.48802E+00    4.85353E+01    2.91493E-01   -5.25115E-01    1.25488E-01    1.30300E+00    1.71104E+00    1.42646E+00
    2.94255E+01    4.07578E+02    6.33095E+00    5.15882E+01    2.73789E-01   -5.09703E-01    1.18285E-01    1.30005E+00    1.70059E+00    1.42041E+00
    3.02157E+01    4.13698E+02    6.12001E+00    5.47457E+01    2.54864E-01   -4.92395E-01    1.11408E-01    1.29585E+00    1.68716E+00    1.41310E+00
    3.10149E+01    4.19355E+02    5.65713E+00    5.80115E+01    2.26953E-01   -4.64503E-01    1.05780E-01    1.28610E+00    1.65942E+00    1.40124E+00
    3.18232E+01    4.26043E+02    6.68802E+00    6.02507E+01    2.58574E-01   -4.91639E-01    1.29865E-01    1.31511E+00    1.71470E+00    1.45969E+00
    3.26405E+01    4.32123E+02    6.07964E+00    6.37052E+01    2.26606E-01   -4.65580E-01    9.92026E-02    1.29593E+00    1.67862E+00    1.41016E+00
    3.34671E+01    4.37643E+02    5.52029E+00    6.72782E+01    1.98433E-01   -4.35797E-01    9.22698E-02    1.28323E+00    1.64548E+00    1.39311E+00
    3.43031E+01    4.44027E+02    6.38420E+00    6.97280E+01    2.21393E-01   -4.56697E-01    1.13227E-01    1.30844E+00    1.69236E+00    1.44636E+00
    3.51485E+01    4.49503E+02    5.47639E+00    7.35074E+01    1.83273E-01   -4.19295E-01    8.63954E-02    1.28249E+00    1.63895E+00    1.39133E+00
    3.60034E+01    4.55566E+02    6.06240E+00    7.60988E+01    1.95853E-01   -4.29765E-01    1.05619E-01    1.30126E+00    1.67075E+00    1.43734E+00
    3.68680E+01    4.62197E+02    6.63078E+00    7.87490E+01    2.06854E-01   -4.42204E-01    1.06348E-01    1.31414E+00    1.69862E+00    1.45428E+00
    3.77424E+01    4.67833E+02    5.63618E+00    8.28378E+01    1.69834E-01   -4.04673E-01    7.79365E-02    1.28585E+00    1.64167E+00    1.39206E+00
    3.86267E+01    4.74186E+02    6.35320E+00    8.56412E+01    1.84968E-01   -4.19583E-01    9.44344E-02    1.30683E+00    1.67993E+00    1.43845E+00
    3.95209E+01    4.79569E+02    5.38353E+00    8.99662E+01    1.51478E-01   -3.82739E-01    7.06341E-02    1.27950E+00    1.62369E+00    1.38133E+00
    4.04252E+01    4.85392E+02    5.82240E+00    9.29317E+01    1.58372E-01   -3.88406E-01    8.66799E-02    1.29442E+00    1.64765E+00    1.42222E+00
    4.13398E+01    4.91442E+02    6.05055E+00    9.59645E+01    1.59139E-01   -3.89213E-01    8.74770E-02    1.30000E+00    1.65796E+00    1.43190E+00
    4.22647E+01    4.97696E+02    6.25387E+00    9.90662E+01    1.59089E-01   -3.89437E-01    8.61888E-02    1.30438E+00    1.66660E+00    1.43730E+00
    4.32001E+01    5.04303E+02    6.60697E+00    1.02238E+02    1.62595E-01   -3.94440E-01    8.37419E-02    1.31168E+00    1.68269E+00    1.44376E+00
    4.41460E+01    5.09792E+02    5.48917E+00    1.07133E+02    1.30715E-01   -3.56558E-01    5.98434E-02    1.28085E+00    1.62002E+00    1.37847E+00
    4.51026E+01    5.15648E+02    5.85570E+00    1.10488E+02    1.34961E-01   -3.59970E-01    7.33630E-02    1.29348E+00    1.63976E+00    1.41587E+00
    4.60700E+01    5.21652E+02    6.00431E+00    1.13920E+02    1.33966E-01   -3.58532E-01    7.36245E-02    1.29709E+00    1.64589E+00    1.42271E+00
    4.70484E+01    5.27742E+02    6.09002E+00    1.17430E+02    1.31566E-01   -3.55447E-01    7.22754E-02    1.29879E+00    1.64850E+00    1.42492E+00
    4.80378E+01    5.33891E+02    6.14890E+00    1.21019E+02    1.28648E-01   -3.51674E-01    7.05236E-02    1.29976E+00    1.64966E+00    1.42562E+00
    4.90384E+01    5.40084E+02    6.19276E+00    1.24691E+02    1.25504E-01   -3.47552E-01    6.86418E-02    1.30034E+00    1.65005E+00    1.42563E+00
    5.00503E+01    5.46310E+02    6.22624E+00    1.28445E+02    1.22250E-01   -3.43218E-01    6.67207E-02    1.30067E+00    1.64992E+00    1.42522E+00
    5.10736E+01    5.52561E+02    6.25103E+00    1.32285E+02    1.18934E-01   -3.38725E-01    6.47980E-02    1.30080E+00    1.64938E+00    1.42451E+00
    5.21085E+01    5.58828E+02    6.26704E+00    1.36212E+02    1.15564E-01   -3.34079E-01    6.28909E-02    1.30073E+00    1.64841E+00    1.42353E+00
    5.31551E+01    5.65101E+02    6.27229E+00    1.40229E+02    1.12117E-01   -3.29234E-01    6.10082E-02    1.30042E+00    1.64693E+00    1.42225E+00
    5.42135E+01    5.71362E+02    6.26145E+00    1.44337E+02    1.08512E-01   -3.24056E-01    5.91562E-02    1.29976E+00    1.64467E+00    1.42057E+00
    5.52839E+01    5.77583E+02    6.22051E+00    1.48538E+02    1.04534E-01   -3.18189E-01    5.73526E-02    1.29842E+00    1.64091E+00    1.41821E+00
    5.63664E+01    5.83685E+02    6.10200E+00    1.52834E+02    9.94493E-02   -3.10396E-01    5.57102E-02    1.29535E+00    1.63323E+00    1.41436E+00
    5.74611E+01    5.89304E+02    5.61902E+00    1.57229E+02    8.88294E-02   -2.92824E-01    5.55308E-02    1.28410E+00    1.60646E+00    1.40542E+00
    5.85682E+01    5.97139E+02    7.83565E+00    1.59463E+02    1.20172E-01   -3.25863E-01    1.18259E-01    1.34516E+00    1.70795E+00    1.60646E+00
    5.96878E+01    6.03967E+02    6.82776E+00    1.64008E+02    1.01602E-01   -3.13624E-01    5.69370E-02    1.31107E+00    1.66417E+00    1.43973E+00
    6.08200E+01    6.10578E+02    6.61088E+00    1.68656E+02    9.54647E-02   -3.04550E-01    5.20938E-02    1.30506E+00    1.65182E+00    1.42545E+00
    6.19650E+01    6.16994E+02    6.41567E+00    1.73410E+02    8.99178E-02   -2.95685E-01    4.98794E-02    1.30021E+00    1.64068E+00    1.41811E+00
    6.31230E+01    6.22877E+02    5.88373E+00    1.78272E+02    8.00452E-02   -2.78569E-01    4.94436E-02    1.28810E+00    1.61249E+00    1.40762E+00
    6.42940E+01    6.30986E+02    8.10844E+00    1.80744E+02    1.07092E-01   -3.08814E-01    1.08285E-01    1.34777E+00    1.71144E+00    1.61249E+00
    6.54783E+01    6.37997E+02    7.01115E+00    1.85773E+02    8.99086E-02   -2.95581E-01    5.04039E-02    1.31265E+00    1.66467E+00    1.43867E+00
    6.66760E+01    6.44685E+02    6.68793E+00    1.90916E+02    8.32821E-02   -2.84877E-01    4.61213E-02    1.30455E+00    1.64765E+00    1.42248E+00
    6.78872E+01    6.50780E+02    6.09474E+00    1.96176E+02    7.37084E-02   -2.67685E-01    4.53085E-02    1.29124E+00    1.61728E+00    1.40973E+00
    6.91121E+01    6.59092E+02    8.31241E+00    1.98850E+02    9.76433E-02   -2.95627E-01    1.01232E-01    1.34956E+00    1.71370E+00    1.61728E+00
    7.03508E+01    6.66178E+02    7.08559E+00    2.04290E+02    8.08531E-02   -2.80593E-01    4.60483E-02    1.31245E+00    1.66198E+00    1.43700E+00
    7.16036E+01    6.72542E+02    6.36429E+00    2.09854E+02    7.05546E-02   -2.62082E-01    4.32188E-02    1.29612E+00    1.62628E+00    1.41568E+00
    7.28704E+01    6.81157E+02    8.61472E+00    2.12683E+02    9.27940E-02   -2.88638E-01    9.73760E-02    1.35387E+00    1.72160E+00    1.62628E+00
    7.41516E+01    6.88471E+02    7.31395E+00    2.18438E+02    7.65563E-02   -2.73261E-01    4.34165E-02    1.31587E+00    1.66794E+00    1.44009E+00
    7.54473E+01    6.95032E+02    6.56090E+00    2.24323E+02    6.67405E-02   -2.55122E-01    4.06598E-02    1.29916E+00    1.63158E+00    1.41814E+00
    7.67576E+01    7.03864E+02    8.83225E+00    2.27316E+02    8.73252E-02   -2.80497E-01    9.29872E-02    1.35641E+00    1.72602E+00    1.63158E+00
    7.80828E+01    7.11337E+02    7.47358E+00    2.33403E+02    7.18263E-02   -2.64887E-01    4.07584E-02    1.31783E+00    1.67081E+00    1.44118E+00
    7.94229E+01    7.18003E+02    6.66555E+00    2.39628E+02    6.22759E-02   -2.46615E-01    3.81698E-02    1.30020E+00    1.63255E+00    1.41834E+00
    8.07781E+01    7.26877E+02    8.87369E+00    2.42794E+02    8.06047E-02   -2.69765E-01    8.84968E-02    1.35553E+00    1.72318E+00    1.63255E+00
    8.21487E+01    7.33955E+02    7.07823E+00    2.49232E+02    6.25164E-02   -2.46922E-01    3.93164E-02    1.30878E+00    1.64910E+00    1.43464E+00
    8.35347E+01    7.43277E+02    9.32185E+00    2.52507E+02    8.00617E-02   -2.68810E-01    8.83338E-02    1.36312E+00    1.73780E+00    1.64910E+00
    8.49364E+01    7.50687E+02    7.41022E+00    2.59166E+02    6.18938E-02   -2.45797E-01    3.84423E-02    1.31482E+00    1.66129E+00    1.44210E+00
    8.63540E+01    7.60462E+02    9.77523E+00    2.62552E+02    7.94098E-02   -2.68077E-01    8.68601E-02    1.37044E+00    1.75258E+00    1.66129E+00
    8.77875E+01    7.68639E+02    8.17699E+00    2.69440E+02    6.46116E-02   -2.51580E-01    3.63200E-02    1.32882E+00    1.69150E+00    1.45320E+00
    8.92373E+01    7.75915E+02    7.27597E+00    2.76485E+02    5.59261E-02   -2.34060E-01    3.37965E-02    1.31019E+00    1.65143E+00    1.42856E+00
    9.07034E+01    7.85506E+02    9.59143E+00    2.80067E+02    7.17215E-02   -2.55334E-01    8.07829E-02    1.36530E+00    1.74176E+00    1.65143E+00
    9.21861E+01    7.93152E+02    7.64564E+00    2.87353E+02    5.56235E-02   -2.33287E-01    3.46488E-02    1.31749E+00    1.66534E+00    1.44301E+00
    9.36856E+01    8.03119E+02    9.96673E+00    2.91058E+02    7.05521E-02   -2.53194E-01    8.02789E-02    1.37124E+00    1.75303E+00    1.66534E+00
    9.52020E+01    8.10998E+02    7.87913E+00    2.98594E+02    5.42727E-02   -2.30500E-01    3.38018E-02    1.32138E+00    1.67288E+00    1.44802E+00
    9.67356E+01    8.21227E+02    1.02286E+01    3.02425E+02    6.85643E-02   -2.49759E-01    7.86420E-02    1.37490E+00    1.76007E+00    1.67288E+00
    9.82864E+01    8.29280E+02    8.05357E+00    3.10220E+02    5.25393E-02   -2.26856E-01    3.28011E-02    1.32401E+00    1.67781E+00    1.45112E+00
    9.98548E+01    8.39681E+02    1.04009E+01    3.14183E+02    6.60406E-02   -2.45245E-01    7.67813E-02    1.37690E+00    1.76371E+00    1.67781E+00
    1.01441E+02    8.47725E+02    8.04348E+00    3.22244E+02    4.97119E-02   -2.20657E-01    3.19752E-02    1.32311E+00    1.67507E+00    1.45127E+00
    1.03045E+02    8.57775E+02    1.00504E+01    3.26343E+02    6.04654E-02   -2.34071E-01    7.53415E-02    1.36968E+00    1.74725E+00    1.67507E+00
    1.04667E+02    8.69596E+02    1.18210E+01    3.30489E+02    6.92330E-02   -2.49145E-01    8.46152E-02    1.40041E+00    1.80683E+00    1.74725E+00
    1.06308E+02    8.78549E+02    8.95334E+00    3.38921E+02    5.10517E-02   -2.23708E-01    3.17219E-02    1.33917E+00    1.70823E+00    1.47216E+00
    1.07967E+02    8.90039E+02    1.14895E+01    3.43208E+02    6.37851E-02   -2.41364E-01    7.43555E-02    1.39299E+00    1.79567E+00    1.70823E+00
    1.09645E+02    8.99051E+02    9.01258E+00    3.51929E+02    4.87183E-02   -2.18669E-01    3.00372E-02    1.33928E+00    1.70822E+00    1.46952E+00
    1.11341E+02    9.10609E+02    1.15574E+01    3.56364E+02    6.08349E-02   -2.35944E-01    7.18703E-02    1.39307E+00    1.79566E+00    1.70822E+00
    1.13057E+02    9.19558E+02    8.94939E+00    3.65384E+02    4.58738E-02   -2.12192E-01    2.91246E-02    1.33745E+00    1.70360E+00    1.46807E+00
    1.14793E+02    9.30680E+02    1.11216E+01    3.69970E+02    5.55191E-02   -2.24899E-01    7.02825E-02    1.38485E+00    1.77731E+00    1.70360E+00
    1.16547E+02    9.43685E+02    1.30054E+01    3.74609E+02    6.32311E-02   -2.38779E-01    7.88397E-02    1.41570E+00    1.83710E+00    1.77731E+00
    1.18322E+02    9.53536E+02    9.85123E+00    3.84044E+02    4.66502E-02   -2.14057E-01    2.88068E-02    1.35250E+00    1.73453E+00    1.48763E+00
    1.20117E+02    9.66071E+02    1.25343E+01    3.88841E+02    5.78156E-02   -2.30291E-01    6.91493E-02    1.40650E+00    1.82215E+00    1.73453E+00
    1.21932E+02    9.75748E+02    9.67708E+00    3.98599E+02    4.34807E-02   -2.06708E-01    2.74344E-02    1.34865E+00    1.72595E+00    1.48175E+00
    1.23768E+02    9.87712E+02    1.19647E+01    4.03561E+02    5.23702E-02   -2.18770E-01    6.71568E-02    1.39645E+00    1.80028E+00    1.72595E+00
    1.25624E+02    1.00162E+03    1.39046E+01    4.08579E+02    5.92918E-02   -2.31584E-01    7.52373E-02    1.42695E+00    1.85927E+00    1.80028E+00
    1.27501E+02    1.01199E+03    1.03773E+01    4.18786E+02    4.31120E-02   -2.05844E-01    2.72098E-02    1.35977E+00    1.74838E+00    1.49785E+00
    1.29400E+02    1.02477E+03    1.27795E+01    4.23976E+02    5.17286E-02   -2.17558E-01    6.63121E-02    1.40806E+00    1.82342E+00    1.74838E+00
    1.31320E+02    1.03960E+03    1.48306E+01    4.29225E+02    5.84922E-02   -2.30240E-01    7.40389E-02    1.43915E+00    1.88369E+00    1.82342E+00
    1.33262E+02    1.05085E+03    1.12453E+01    4.39901E+02    4.32170E-02   -2.06219E-01    2.62795E-02    1.37292E+00    1.77558E+00    1.51241E+00
    1.35225E+02    1.06507E+03    1.42250E+01    4.45329E+02    5.32726E-02   -2.21572E-01    6.46416E-02    1.42859E+00    1.86611E+00    1.77558E+00
    1.37211E+02    1.07609E+03    1.10146E+01    4.56371E+02    4.01986E-02   -1.98935E-01    2.49681E-02    1.36843E+00    1.76570E+00    1.50550E+00
    1.39219E+02    1.08964E+03    1.35519E+01    4.61986E+02    4.82005E-02   -2.10408E-01    6.26799E-02    1.41770E+00    1.84262E+00    1.76570E+00
    1.41250E+02    1.10531E+03    1.56678E+01    4.67664E+02    5.43111E-02   -2.22239E-01    7.01499E-02    1.44875E+00    1.90264E+00    1.84262E+00
    1.43304E+02    1.11702E+03    1.17087E+01    4.79214E+02    3.95584E-02   -1.97350E-01    2.47273E-02    1.37874E+00    1.78635E+00    1.52073E+00
    1.45381E+02    1.13134E+03    1.43187E+01    4.85087E+02    4.71526E-02   -2.08186E-01    6.17340E-02    1.42785E+00    1.86270E+00    1.78635E+00
    1.47482E+02    1.14780E+03    1.64639E+01    4.91026E+02    5.28476E-02   -2.19337E-01    6.88411E-02    1.45841E+00    1.92173E+00    1.86270E+00
    1.49606E+02    1.16000E+03    1.21966E+01    5.03107E+02    3.81629E-02   -1.93864E-01    2.40756E-02    1.38540E+00    1.79954E+00    1.53001E+00
    1.51754E+02    1.17474E+03    1.47476E+01    5.09249E+02    4.49832E-02   -2.03317E-01    6.03766E-02    1.43280E+00    1.87205E+00    1.79954E+00
    1.53927E+02    1.19120E+03    1.64531E+01    5.15462E+02    4.89240E-02   -2.10609E-01    6.75872E-02    1.45687E+00    1.91700E+00    1.87205E+00
    1.56124E+02    1.20958E+03    1.83800E+01    5.21744E+02    5.32825E-02   -2.19959E-01    7.00045E-02    1.48212E+00    1.96811E+00    1.91700E+00
    1.58346E+02    1.22310E+03    1.35249E+01    5.34523E+02    3.82257E-02   -1.94078E-01    2.36498E-02    1.40400E+00    1.83766E+00    1.55426E+00
    1.60593E+02    1.23955E+03    1.64454E+01    5.41021E+02    4.53176E-02   -2.04372E-01    5.95807E-02    1.45484E+00    1.91665E+00    1.83766E+00
    1.62866E+02    1.25836E+03    1.88161E+01    5.47592E+02    5.05556E-02   -2.14864E-01    6.62507E-02    1.48617E+00    1.97718E+00    1.91665E+00
    1.65164E+02    1.27231E+03    1.39484E+01    5.60958E+02    3.65426E-02   -1.89805E-01    2.27302E-02    1.40913E+00    1.84778E+00    1.56018E+00
    1.67488E+02    1.28912E+03    1.68071E+01    5.67755E+02    4.29358E-02   -1.98948E-01    5.79252E-02    1.45848E+00    1.92346E+00    1.84778E+00
    1.69838E+02    1.30781E+03    1.86889E+01    5.74628E+02    4.65563E-02   -2.05817E-01    6.47730E-02    1.48322E+00    1.96969E+00    1.92346E+00
    1.72215E+02    1.32860E+03    2.07938E+01    5.81579E+02    5.05140E-02   -2.14526E-01    6.70277E-02    1.50898E+00    2.02176E+00    1.96969E+00
    1.74619E+02    1.34384E+03    1.52328E+01    5.95718E+02    3.60877E-02   -1.88652E-01    2.23181E-02    1.42590E+00    1.88193E+00    1.58279E+00
    1.77050E+02    1.36213E+03    1.82995E+01    6.02907E+02    4.22799E-02   -1.97550E-01    5.70420E-02    1.47641E+00    1.95935E+00    1.88193E+00
    1.79508E+02    1.38244E+03    2.03042E+01    6.10178E+02    4.57521E-02   -2.04201E-01    6.36709E-02    1.50159E+00    2.00643E+00    1.95935E+00
    1.81994E+02    1.40499E+03    2.25514E+01    6.17531E+02    4.95615E-02   -2.12673E-01    6.58157E-02    1.52791E+00    2.05963E+00    2.00643E+00
    1.84509E+02    1.42154E+03    1.65451E+01    6.32487E+02    3.54650E-02   -1.87066E-01    2.17102E-02    1.44219E+00    1.91517E+00    1.60362E+00
    1.87052E+02    1.44139E+03    1.98523E+01    6.40091E+02    4.15067E-02   -1.95892E-01    5.59729E-02    1.49426E+00    1.99516E+00    1.91517E+00
    1.89623E+02    1.46339E+03    2.20074E+01    6.47782E+02    4.48814E-02   -2.02436E-01    6.24572E-02    1.52018E+00    2.04366E+00    1.99516E+00
    1.92223E+02    1.48782E+03    2.44205E+01    6.55560E+02    4.85799E-02   -2.10746E-01    6.45452E-02    1.54726E+00    2.09838E+00    2.04366E+00
    1.94853E+02    1.50577E+03    1.79573E+01    6.71380E+02    3.48469E-02   -1.85476E-01    2.11055E-02    1.45905E+00    1.94957E+00    1.62506E+00
    1.97513E+02    1.52730E+03    2.15241E+01    6.79424E+02    4.07454E-02   -1.94242E-01    5.49143E-02    1.51276E+00    2.03227E+00    1.94957E+00
    2.00203E+02    1.55114E+03    2.38406E+01    6.87560E+02    4.40268E-02   -2.00683E-01    6.12632E-02    1.53945E+00    2.08225E+00    2.03227E+00
    2.02923E+02    1.57757E+03    2.64291E+01    6.95787E+02    4.76147E-02   -2.08825E-01    6.32998E-02    1.56729E+00    2.13849E+00    2.08225E+00
    2.05673E+02    1.59704E+03    1.94700E+01    7.12521E+02    3.42214E-02   -1.83849E-01    2.05215E-02    1.47643E+00    1.98500E+00    1.64717E+00
    2.08455E+02    1.62034E+03    2.33039E+01    7.21030E+02    3.99618E-02   -1.92509E-01    5.38731E-02    1.53170E+00    2.07024E+00    1.98500E+00
    2.11269E+02    1.64612E+03    2.57747E+01    7.29636E+02    4.31229E-02   -1.98779E-01    6.00818E-02    1.55899E+00    2.12136E+00    2.07024E+00
    2.14114E+02    1.67463E+03    2.85180E+01    7.38338E+02    4.65526E-02   -2.06643E-01    6.20595E-02    1.58732E+00    2.17854E+00    2.12136E+00
    2.16991E+02    1.69559E+03    2.09604E+01    7.56040E+02    3.33846E-02   -1.81619E-01    1.99755E-02    1.49287E+00    2.01837E+00    1.66867E+00
    2.19901E+02    1.72055E+03    2.49518E+01    7.65041E+02    3.87779E-02   -1.89711E-01    5.27988E-02    1.54843E+00    2.10355E+00    2.01837E+00
    2.22843E+02    1.74786E+03    2.73109E+01    7.74144E+02    4.14158E-02   -1.94806E-01    5.88748E-02    1.57362E+00    2.15008E+00    2.10355E+00
    2.25819E+02    1.77723E+03    2.93756E+01    7.83349E+02    4.34686E-02   -1.99352E-01    6.10528E-02    1.59433E+00    2.19092E+00    2.15008E+00
    2.28829E+02    1.80936E+03    3.21299E+01    7.92659E+02    4.63947E-02   -2.06300E-01    6.19257E-02    1.62086E+00    2.24521E+00    2.19092E+00
    2.31872E+02    1.83281E+03    2.34460E+01    8.11595E+02    3.30377E-02   -1.80701E-01    1.96183E-02    1.51933E+00    2.07239E+00    1.70404E+00
    2.34950E+02    1.86060E+03    2.77907E+01    8.21224E+02    3.82149E-02   -1.88420E-01    5.20841E-02    1.57649E+00    2.15969E+00    2.07239E+00
    2.38063E+02    1.89085E+03    3.02466E+01    8.30961E+02    4.05895E-02   -1.92941E-01    5.79940E-02    1.60128E+00    2.20522E+00    2.15969E+00
    2.41211E+02    1.92305E+03    3.22063E+01    8.40809E+02    4.21787E-02   -1.96382E-01    6.01082E-02    1.61991E+00    2.24157E+00    2.20522E+00
    2.44394E+02    1.95733E+03    3.42789E+01    8.50768E+02    4.38132E-02   -2.00170E-01    6.11964E-02    1.63893E+00    2.27974E+00    2.24157E+00
    2.47614E+02    1.99463E+03    3.73032E+01    8.60839E+02    4.65330E-02   -2.06718E-01    6.16484E-02    1.66579E+00    2.33504E+00    2.27974E+00
    2.50870E+02    2.02188E+03    2.72416E+01    8.81325E+02    3.31661E-02   -1.81093E-01    1.92728E-02    1.55727E+00    2.15019E+00    1.75357E+00
    2.54162E+02    2.05418E+03    3.23022E+01    8.91741E+02    3.83840E-02   -1.88999E-01    5.16064E-02    1.61863E+00    2.24442E+00    2.15019E+00
    2.57492E+02    2.08944E+03    3.52578E+01    9.02276E+02    4.08922E-02   -1.93892E-01    5.74300E-02    1.64619E+00    2.29543E+00    2.24442E+00
    2.60859E+02    2.12728E+03    3.78441E+01    9.12929E+02    4.28412E-02   -1.98253E-01    5.94733E-02    1.66892E+00    2.34027E+00    2.29543E+00
    2.64265E+02    2.16858E+03    4.13055E+01    9.23703E+02    4.56413E-02   -2.04959E-01    6.02745E-02    1.69813E+00    2.40004E+00    2.34027E+00
    2.67709E+02    2.19885E+03    3.02676E+01    9.45618E+02    3.26456E-02   -1.79705E-01    1.87570E-02    1.58552E+00    2.20790E+00    1.78989E+00
    2.71192E+02    2.23465E+03    3.58003E+01    9.56761E+02    3.76912E-02   -1.87401E-01    5.07160E-02    1.64907E+00    2.30543E+00    2.20790E+00
    2.74714E+02    2.27356E+03    3.89041E+01    9.68030E+02    3.99820E-02   -1.91825E-01    5.64383E-02    1.67653E+00    2.35597E+00    2.30543E+00
    2.78276E+02    2.31493E+03    4.13690E+01    9.79426E+02    4.15019E-02   -1.95150E-01    5.84662E-02    1.69711E+00    2.39614E+00    2.35597E+00
    2.81878E+02    2.35889E+03    4.39625E+01    9.90952E+02    4.30536E-02   -1.98779E-01    5.95023E-02    1.71803E+00    2.43811E+00    2.39614E+00
    2.85521E+02    2.40662E+03    4.77292E+01    1.00261E+03    4.56305E-02   -2.05035E-01    5.99260E-02    1.74744E+00    2.49858E+00    2.43811E+00
    2.89205E+02    2.44151E+03    3.48882E+01    1.02631E+03    3.25613E-02   -1.79503E-01    1.84351E-02    1.62631E+00    2.29134E+00    1.84361E+00
    2.92931E+02    2.48266E+03    4.11497E+01    1.03837E+03    3.74930E-02   -1.87015E-01    5.01814E-02    1.69316E+00    2.39385E+00    2.29134E+00
    2.96699E+02    2.52723E+03    4.45706E+01    1.05056E+03    3.96462E-02   -1.91138E-01    5.57880E-02    1.72132E+00    2.44556E+00    2.39385E+00
    3.00509E+02    2.57439E+03    4.71640E+01    1.06289E+03    4.09583E-02   -1.93967E-01    5.77502E-02    1.74150E+00    2.48476E+00    2.44556E+00
    3.04363E+02    2.62404E+03    4.96463E+01    1.07536E+03    4.20924E-02   -1.96567E-01    5.87688E-02    1.76019E+00    2.52193E+00    2.48476E+00
    3.08260E+02    2.67653E+03    5.24953E+01    1.08797E+03    4.34543E-02   -1.99810E-01    5.94168E-02    1.78109E+00    2.56414E+00    2.52193E+00
    3.12201E+02    2.73335E+03    5.68153E+01    1.10072E+03    4.59177E-02   -2.05812E-01    5.96589E-02    1.81188E+00    2.62756E+00    2.56414E+00
    3.16187E+02    2.77489E+03    4.15383E+01    1.12666E+03    3.27774E-02   -1.80132E-01    1.81602E-02    1.68058E+00    2.40255E+00    1.91477E+00
    3.20217E+02    2.82381E+03    4.89249E+01    1.13985E+03    3.76941E-02   -1.87644E-01    4.98397E-02    1.75256E+00    2.51314E+00    2.40255E+00
    3.24294E+02    2.87675E+03    5.29408E+01    1.15318E+03    3.98255E-02   -1.91727E-01    5.53754E-02    1.78279E+00    2.56871E+00    2.51314E+00
    3.28416E+02    2.93273E+03    5.59811E+01    1.16667E+03    4.11194E-02   -1.94515E-01    5.72984E-02    1.80446E+00    2.61081E+00    2.56871E+00
    3.32585E+02    2.99162E+03    5.88900E+01    1.18031E+03    4.22365E-02   -1.97075E-01    5.82919E-02    1.82453E+00    2.65072E+00    2.61081E+00
    3.36801E+02    3.05385E+03    6.22268E+01    1.19411E+03    4.35786E-02   -2.00267E-01    5.89220E-02    1.84696E+00    2.69602E+00    2.65072E+00
    3.41064E+02    3.12113E+03    6.72827E+01    1.20806E+03    4.60104E-02   -2.06183E-01    5.91536E-02    1.87998E+00    2.76400E+00    2.69602E+00
    3.45376E+02    3.17039E+03    4.92623E+01    1.23644E+03    3.28951E-02   -1.80489E-01    1.78540E-02    1.73841E+00    2.52102E+00    1.99031E+00
    3.49737E+02    3.22832E+03    5.79244E+01    1.25087E+03    3.77702E-02   -1.87954E-01    4.94335E-02    1.81568E+00    2.63986E+00    2.52102E+00
    3.54147E+02    3.29088E+03    6.25622E+01    1.26546E+03    3.98362E-02   -1.91892E-01    5.48988E-02    1.84770E+00    2.69866E+00    2.63986E+00
    3.58606E+02    3.35686E+03    6.59842E+01    1.28022E+03    4.10290E-02   -1.94435E-01    5.67802E-02    1.87009E+00    2.74207E+00    2.69866E+00
    3.63116E+02    3.42597E+03    6.91094E+01    1.29514E+03    4.19644E-02   -1.96545E-01    5.77448E-02    1.88990E+00    2.78130E+00    2.74207E+00
    3.67677E+02    3.49834E+03    7.23670E+01    1.31023E+03    4.29124E-02   -1.98757E-01    5.83782E-02    1.91005E+00    2.82167E+00    2.78130E+00
    3.72290E+02    3.57460E+03    7.62625E+01    1.32550E+03    4.41631E-02   -2.01745E-01    5.88396E-02    1.93361E+00    2.86939E+00    2.82167E+00
    3.76954E+02    3.65690E+03    8.22952E+01    1.34093E+03    4.65409E-02   -2.07514E-01    5.89826E-02    1.96911E+00    2.94253E+00    2.86939E+00
    3.81672E+02    3.71722E+03    6.03175E+01    1.37233E+03    3.33137E-02   -1.81667E-01    1.76310E-02    1.81387E+00    2.67567E+00    2.08910E+00
    3.86442E+02    3.78805E+03    7.08330E+01    1.38830E+03    3.82068E-02   -1.89161E-01    4.92412E-02    1.89831E+00    2.80581E+00    2.67567E+00
    3.91267E+02    3.86448E+03    7.64345E+01    1.40444E+03    4.02648E-02   -1.93073E-01    5.46579E-02    1.93319E+00    2.86992E+00    2.80581E+00
    3.96146E+02    3.94504E+03    8.05576E+01    1.42077E+03    4.14458E-02   -1.95582E-01    5.65092E-02    1.95755E+00    2.91717E+00    2.86992E+00
    4.01080E+02    4.02936E+03    8.43171E+01    1.43728E+03    4.23676E-02   -1.97653E-01    5.74528E-02    1.97908E+00    2.95983E+00    2.91717E+00
    4.06070E+02    4.11759E+03    8.82297E+01    1.45398E+03    4.32995E-02   -1.99819E-01    5.80689E-02    2.00096E+00    3.00365E+00    2.95983E+00
    4.11116E+02    4.21049E+03    9.29020E+01    1.47087E+03    4.45296E-02   -2.02745E-01    5.85146E-02    2.02652E+00    3.05539E+00    3.00365E+00
    4.16220E+02    4.31062E+03    1.00134E+02    1.48795E+03    4.68777E-02   -2.08419E-01    5.86456E-02    2.06500E+00    3.13461E+00    3.05539E+00
    4.21381E+02    4.38408E+03    7.34545E+01    1.52269E+03    3.35871E-02   -1.82442E-01    1.73824E-02    1.89504E+00    2.84192E+00    2.19527E+00
    4.26600E+02    4.47017E+03    8.60911E+01    1.54035E+03    3.84491E-02   -1.89874E-01    4.89596E-02    1.98676E+00    2.98335E+00    2.84192E+00
    4.31879E+02    4.56287E+03    9.27005E+01    1.55821E+03    4.04380E-02   -1.93619E-01    5.43101E-02    2.02401E+00    3.05174E+00    2.98335E+00
    4.37217E+02    4.66030E+03    9.74348E+01    1.57628E+03    4.15151E-02   -1.95874E-01    5.61126E-02    2.04936E+00    3.10081E+00    3.05174E+00
    4.42615E+02    4.76188E+03    1.01574E+02    1.59455E+03    4.22734E-02   -1.97543E-01    5.70105E-02    2.07088E+00    3.14327E+00    3.10081E+00
    4.48074E+02    4.86746E+03    1.05583E+02    1.61303E+03    4.29212E-02   -1.99011E-01    5.75830E-02    2.09124E+00    3.18381E+00    3.14327E+00
    4.53595E+02    4.97720E+03    1.09735E+02    1.63171E+03    4.35739E-02   -2.00520E-01    5.80148E-02    2.11192E+00    3.22521E+00    3.18381E+00
    4.59179E+02    5.09154E+03    1.14342E+02    1.65061E+03    4.43501E-02   -2.02342E-01    5.83773E-02    2.13443E+00    3.27053E+00    3.22521E+00
    4.64825E+02    5.21158E+03    1.20044E+02    1.66972E+03    4.54820E-02   -2.05034E-01    5.86775E-02    2.16176E+00    3.32598E+00    3.27053E+00
    4.70535E+02    5.34065E+03    1.29071E+02    1.68904E+03    4.77687E-02   -2.10525E-01    5.87177E-02    2.20391E+00    3.41283E+00    3.32598E+00
    4.76310E+02    5.43532E+03    9.46661E+01    1.72835E+03    3.42242E-02   -1.84193E-01    1.72368E-02    2.01202E+00    3.08168E+00    2.34889E+00
    4.82150E+02    5.54607E+03    1.10746E+02    1.74834E+03    3.91106E-02   -1.91614E-01    4.89353E-02    2.11448E+00    3.23981E+00    3.08168E+00
    4.88056E+02    5.66512E+03    1.19056E+02    1.76855E+03    4.10723E-02   -1.95270E-01    5.42393E-02    2.15567E+00    3.31542E+00    3.23981E+00
    4.94029E+02    5.79006E+03    1.24941E+02    1.78899E+03    4.21058E-02   -1.97407E-01    5.60008E-02    2.18342E+00    3.36912E+00    3.31542E+00
    5.00069E+02    5.92009E+03    1.30025E+02    1.80967E+03    4.28061E-02   -1.98929E-01    5.68622E-02    2.20672E+00    3.41506E+00    3.36912E+00
    5.06178E+02    6.05496E+03    1.34868E+02    1.83057E+03    4.33744E-02   -2.00199E-01    5.73990E-02    2.22843E+00    3.45823E+00    3.41506E+00
    5.12356E+02    6.19471E+03    1.39756E+02    1.85172E+03    4.39083E-02   -2.01415E-01    5.77942E-02    2.24992E+00    3.50117E+00    3.45823E+00
    5.18603E+02    6.33964E+03    1.44931E+02    1.87310E+03    4.44831E-02   -2.02743E-01    5.81222E-02    2.27228E+00    3.54601E+00    3.50117E+00
    5.24921E+02    6.49039E+03    1.50746E+02    1.89472E+03    4.52004E-02   -2.04421E-01    5.84153E-02    2.29696E+00    3.59575E+00    3.54601E+00
    5.31310E+02    6.64840E+03    1.58007E+02    1.91659E+03    4.62847E-02   -2.06986E-01    5.86639E-02    2.32721E+00    3.65715E+00    3.59575E+00
    5.37772E+02    6.81799E+03    1.69592E+02    1.93871E+03    4.85329E-02   -2.12347E-01    5.86647E-02    2.37426E+00    3.75407E+00    3.65715E+00
    5.44306E+02    6.94241E+03    1.24422E+02    1.98369E+03    3.47858E-02   -1.85727E-01    1.70673E-02    2.15573E+00    3.37620E+00    2.53745E+00
    5.50915E+02    7.08769E+03    1.45282E+02    2.00656E+03    3.96824E-02   -1.93122E-01    4.88501E-02    2.27132E+00    3.55472E+00    3.37620E+00
    5.57598E+02    7.24361E+03    1.55914E+02    2.02970E+03    4.16056E-02   -1.96669E-01    5.41022E-02    2.31721E+00    3.63895E+00    3.55472E+00
    5.64357E+02    7.40694E+03    1.63336E+02    2.05309E+03    4.25830E-02   -1.98664E-01    5.58191E-02    2.34775E+00    3.69798E+00    3.63895E+00
    5.71192E+02    7.57659E+03    1.69649E+02    2.07675E+03    4.32115E-02   -2.00009E-01    5.66387E-02    2.37302E+00    3.74776E+00    3.69798E+00
    5.78104E+02    7.75214E+03    1.75552E+02    2.10067E+03    4.36866E-02   -2.01053E-01    5.71322E-02    2.39614E+00    3.79368E+00    3.74776E+00
    5.85094E+02    7.93350E+03    1.81354E+02    2.12487E+03    4.40930E-02   -2.01963E-01    5.74801E-02    2.41847E+00    3.83819E+00    3.79368E+00
    5.92163E+02    8.12074E+03    1.87247E+02    2.14934E+03    4.44798E-02   -2.02840E-01    5.77559E-02    2.44076E+00    3.88276E+00    3.83819E+00
    5.99313E+02    8.31415E+03    1.93405E+02    2.17408E+03    4.48872E-02   -2.03774E-01    5.79954E-02    2.46368E+00    3.92869E+00    3.88276E+00
    6.06543E+02    8.51421E+03    2.00057E+02    2.19911E+03    4.53650E-02   -2.04880E-01    5.82183E-02    2.48806E+00    3.97766E+00    3.92869E+00
    6.13854E+02    8.72184E+03    2.07633E+02    2.22441E+03    4.60022E-02   -2.06368E-01    5.84330E-02    2.51539E+00    4.03276E+00    3.97766E+00
    6.21249E+02    8.93903E+03    2.17193E+02    2.25001E+03    4.70165E-02   -2.08759E-01    5.86187E-02    2.54926E+00    4.10156E+00    4.03276E+00
    6.28727E+02    9.17165E+03    2.32621E+02    2.27589E+03    4.92012E-02   -2.13941E-01    5.85685E-02    2.60258E+00    4.21140E+00    4.10156E+00
    6.36289E+02    9.34224E+03    1.70590E+02    2.32854E+03    3.52539E-02   -1.87000E-01    1.68851E-02    2.34788E+00    3.76998E+00    2.78985E+00
    6.43937E+02    9.54101E+03    1.98769E+02    2.35531E+03    4.01359E-02   -1.94330E-01    4.87006E-02    2.48082E+00    3.97538E+00    3.76998E+00
    6.51671E+02    9.75391E+03    2.12903E+02    2.38238E+03    4.20050E-02   -1.97741E-01    5.38849E-02    2.53287E+00    4.07083E+00    3.97538E+00
    6.59493E+02    9.97654E+03    2.22624E+02    2.40976E+03    4.29171E-02   -1.99579E-01    5.55467E-02    2.56703E+00    4.13684E+00    4.07083E+00
    6.67403E+02    1.02073E+04    2.30785E+02    2.43745E+03    4.34719E-02   -2.00750E-01    5.63163E-02    2.59497E+00    4.19183E+00    4.13684E+00
    6.75402E+02    1.04456E+04    2.38317E+02    2.46545E+03    4.38633E-02   -2.01597E-01    5.67606E-02    2.62024E+00    4.24196E+00    4.19183E+00
    6.83492E+02    1.06913E+04    2.45613E+02    2.49376E+03    4.41720E-02   -2.02278E-01    5.70575E-02    2.64430E+00    4.28989E+00    4.24196E+00
    6.91673E+02    1.09441E+04    2.52887E+02    2.52240E+03    4.44400E-02   -2.02877E-01    5.72787E-02    2.66791E+00    4.33702E+00    4.28989E+00
    6.99947E+02    1.12044E+04    2.60284E+02    2.55136E+03    4.46941E-02   -2.03452E-01    5.74584E-02    2.69156E+00    4.38431E+00    4.33702E+00
    7.08314E+02    1.14724E+04    2.67942E+02    2.58065E+03    4.49577E-02   -2.04054E-01    5.76160E-02    2.71570E+00    4.43265E+00    4.38431E+00
    7.16776E+02    1.17484E+04    2.76038E+02    2.61027E+03    4.52578E-02   -2.04747E-01    5.77637E-02    2.74085E+00    4.48309E+00    4.43265E+00
    7.25333E+02    1.20333E+04    2.84855E+02    2.64022E+03    4.56368E-02   -2.05629E-01    5.79096E-02    2.76786E+00    4.53738E+00    4.48309E+00
    7.33987E+02    1.23282E+04    2.94970E+02    2.67052E+03    4.61783E-02   -2.06900E-01    5.80559E-02    2.79839E+00    4.59897E+00    4.53738E+00
    7.42739E+02    1.26361E+04    3.07847E+02    2.70115E+03    4.70941E-02   -2.09068E-01    5.81787E-02    2.83660E+00    4.67661E+00    4.59897E+00
    7.51590E+02    1.29650E+04    3.28885E+02    2.73213E+03    4.91646E-02   -2.13991E-01    5.80732E-02    2.89756E+00    4.80217E+00    4.67661E+00
    7.60540E+02    1.32058E+04    2.40851E+02    2.79515E+03    3.51832E-02   -1.86837E-01    1.65920E-02    2.59538E+00    4.27710E+00    3.11522E+00
    7.69592E+02    1.34857E+04    2.79918E+02    2.82719E+03    3.99576E-02   -1.93998E-01    4.81920E-02    2.75014E+00    4.51605E+00    4.27710E+00
    7.78746E+02    1.37848E+04    2.99098E+02    2.85960E+03    4.17222E-02   -1.97195E-01    5.32574E-02    2.80953E+00    4.62482E+00    4.51605E+00
    7.88004E+02    1.40968E+04    3.12020E+02    2.89237E+03    4.25326E-02   -1.98810E-01    5.48384E-02    2.84778E+00    4.69862E+00    4.62482E+00
    7.97366E+02    1.44195E+04    3.22679E+02    2.92551E+03    4.29835E-02   -1.99747E-01    5.55384E-02    2.87856E+00    4.75915E+00    4.69862E+00
    8.06834E+02    1.47519E+04    3.32364E+02    2.95902E+03    4.32651E-02   -2.00346E-01    5.59159E-02    2.90601E+00    4.81354E+00    4.75915E+00
    8.16409E+02    1.50935E+04    3.41603E+02    2.99292E+03    4.34552E-02   -2.00756E-01    5.61454E-02    2.93177E+00    4.86481E+00    4.81354E+00
    8.26092E+02    1.54442E+04    3.50657E+02    3.02720E+03    4.35916E-02   -2.01053E-01    5.62964E-02    2.95666E+00    4.91443E+00    4.86481E+00
    8.35885E+02    1.58038E+04    3.59677E+02    3.06186E+03    4.36953E-02   -2.01281E-01    5.64015E-02    2.98111E+00    4.96325E+00    4.91443E+00
    8.45788E+02    1.61726E+04    3.68764E+02    3.09692E+03    4.37799E-02   -2.01470E-01    5.64784E-02    3.00543E+00    5.01185E+00    4.96325E+00
    8.55803E+02    1.65506E+04    3.77999E+02    3.13237E+03    4.38556E-02   -2.01641E-01    5.65373E-02    3.02983E+00    5.06064E+00    5.01185E+00
    8.65932E+02    1.69381E+04    3.87463E+02    3.16823E+03    4.39314E-02   -2.01815E-01    5.65854E-02    3.05453E+00    5.11006E+00    5.06064E+00
    8.76174E+02    1.73353E+04    3.97251E+02    3.20448E+03    4.40172E-02   -2.02016E-01    5.66277E-02    3.07976E+00    5.16059E+00    5.11006E+00
    8.86533E+02    1.77428E+04    4.07498E+02    3.24115E+03    4.41265E-02   -2.02275E-01    5.66689E-02    3.10585E+00    5.21290E+00    5.16059E+00
    8.97009E+02    1.81612E+04    4.18420E+02    3.27824E+03    4.42796E-02   -2.02641E-01    5.67128E-02    3.13333E+00    5.26803E+00    5.21290E+00
    9.07603E+02    1.85916E+04    4.30407E+02    3.31574E+03    4.45136E-02   -2.03203E-01    5.67629E-02    3.16311E+00    5.32793E+00    5.26803E+00
    9.18316E+02    1.90359E+04    4.44289E+02    3.35366E+03    4.49058E-02   -2.04151E-01    5.68184E-02    3.19714E+00    5.39663E+00    5.32793E+00
    9.29151E+02    1.94981E+04    4.62208E+02    3.39202E+03    4.56562E-02   -2.05970E-01    5.68542E-02    3.24040E+00    5.48457E+00    5.39663E+00
    9.40108E+02    1.99902E+04    4.92106E+02    3.43080E+03    4.75060E-02   -2.10462E-01    5.66724E-02    3.31095E+00    5.62997E+00    5.48457E+00
    9.51189E+02    2.03495E+04    3.59234E+02    3.50970E+03    3.38922E-02   -1.83398E-01    1.60448E-02    2.94052E+00    4.98416E+00    3.56989E+00
    9.62395E+02    2.07656E+04    4.16130E+02    3.54982E+03    3.83693E-02   -1.90190E-01    4.68720E-02    3.12479E+00    5.26807E+00    4.98416E+00
    9.73728E+02    2.12088E+04    4.43233E+02    3.59039E+03    3.99414E-02   -1.93047E-01    5.17132E-02    3.19348E+00    5.39354E+00    5.26807E+00
    9.85189E+02    2.16698E+04    4.60956E+02    3.63142E+03    4.05965E-02   -1.94344E-01    5.31669E-02    3.23652E+00    5.47639E+00    5.39354E+00
    9.96779E+02    2.21450E+04    4.75235E+02    3.67291E+03    4.09051E-02   -1.94972E-01    5.37665E-02    3.27040E+00    5.54290E+00    5.47639E+00
    1.00850E+03    2.26330E+04    4.87969E+02    3.71487E+03    4.10492E-02   -1.95262E-01    5.40529E-02    3.30010E+00    5.60170E+00    5.54290E+00
    1.02035E+03    2.31329E+04    4.99931E+02    3.75731E+03    4.11024E-02   -1.95359E-01    5.41949E-02    3.32759E+00    5.65636E+00    5.60170E+00
    1.03234E+03    2.36444E+04    5.11493E+02    3.80022E+03    4.11002E-02   -1.95336E-01    5.42592E-02    3.35383E+00    5.70863E+00    5.65636E+00
    1.04447E+03    2.41673E+04    5.22857E+02    3.84362E+03    4.10618E-02   -1.95233E-01    5.42772E-02    3.37930E+00    5.75945E+00    5.70863E+00
    1.05673E+03    2.47014E+04    5.34148E+02    3.88751E+03    4.09984E-02   -1.95074E-01    5.42652E-02    3.40432E+00    5.80941E+00    5.75945E+00
    1.06912E+03    2.52469E+04    5.45447E+02    3.93190E+03    4.09178E-02   -1.94876E-01    5.42328E-02    3.42909E+00    5.85889E+00    5.80941E+00
    1.08166E+03    2.58037E+04    5.56818E+02    3.97679E+03    4.08253E-02   -1.94651E-01    5.41860E-02    3.45375E+00    5.90817E+00    5.85889E+00
    1.09434E+03    2.63720E+04    5.68316E+02    4.02218E+03    4.07253E-02   -1.94410E-01    5.41288E-02    3.47842E+00    5.95751E+00    5.90817E+00
    1.10717E+03    2.69520E+04    5.79994E+02    4.06809E+03    4.06217E-02   -1.94162E-01    5.40643E-02    3.50323E+00    6.00712E+00    5.95751E+00
    1.12014E+03    2.75439E+04    5.91917E+02    4.11452E+03    4.05189E-02   -1.93916E-01    5.39949E-02    3.52830E+00    6.05728E+00    6.00712E+00
    1.13325E+03    2.81481E+04    6.04164E+02    4.16147E+03    4.04219E-02   -1.93686E-01    5.39228E-02    3.55380E+00    6.10832E+00    6.05728E+00
    1.14652E+03    2.87649E+04    6.16852E+02    4.20895E+03    4.03375E-02   -1.93488E-01    5.38503E-02    3.57995E+00    6.16070E+00    6.10832E+00
    1.15993E+03    2.93951E+04    6.30161E+02    4.25697E+03    4.02762E-02   -1.93349E-01    5.37799E-02    3.60710E+00    6.21514E+00    6.16070E+00
    1.17349E+03    3.00395E+04    6.44396E+02    4.30553E+03    4.02550E-02   -1.93313E-01    5.37140E-02    3.63585E+00    6.27287E+00    6.21514E+00
    1.18721E+03    3.06996E+04    6.60127E+02    4.35464E+03    4.03058E-02   -1.93460E-01    5.36549E-02    3.66730E+00    6.33615E+00    6.27287E+00
    1.20109E+03    3.13782E+04    6.78573E+02    4.40431E+03    4.04959E-02   -1.93966E-01    5.36014E-02    3.70377E+00    6.40982E+00    6.33615E+00
    1.21512E+03    3.20811E+04    7.02909E+02    4.45454E+03    4.10006E-02   -1.95282E-01    5.35299E-02    3.75125E+00    6.50645E+00    6.40982E+00
    1.22930E+03    3.28260E+04    7.44933E+02    4.50533E+03    4.24704E-02   -1.99083E-01    5.32570E-02    3.83154E+00    6.67211E+00    6.50645E+00
    1.24365E+03    3.33667E+04    5.40718E+02    4.60865E+03    3.01314E-02   -1.72940E-01    1.49409E-02    3.37181E+00    5.86725E+00    4.13929E+00
    1.25816E+03    3.39904E+04    6.23623E+02    4.66118E+03    3.39667E-02   -1.79015E-01    4.38229E-02    3.59072E+00    6.20300E+00    5.86725E+00
    1.27284E+03    3.46517E+04    6.61350E+02    4.71431E+03    3.52084E-02   -1.81332E-01    4.82396E-02    3.66871E+00    6.34471E+00    6.20300E+00
    1.28768E+03    3.53366E+04    6.84840E+02    4.76804E+03    3.56360E-02   -1.82172E-01    4.94899E-02    3.71535E+00    6.43414E+00    6.34471E+00
    1.30269E+03    3.60396E+04    7.03007E+02    4.82238E+03    3.57559E-02   -1.82377E-01    4.99438E-02    3.75068E+00    6.50328E+00    6.43414E+00
    1.31787E+03    3.67583E+04    7.18694E+02    4.87733E+03    3.57290E-02   -1.82259E-01    5.01053E-02    3.78073E+00    6.56263E+00    6.50328E+00
    1.33322E+03    3.74913E+04    7.33048E+02    4.93290E+03    3.56205E-02   -1.81954E-01    5.01314E-02    3.80787E+00    6.61650E+00    6.56263E+00
    1.34874E+03    3.82379E+04    7.46613E+02    4.98910E+03    3.54614E-02   -1.81530E-01    5.00841E-02    3.83325E+00    6.66698E+00    6.61650E+00
    1.36444E+03    3.89976E+04    7.59679E+02    5.04593E+03    3.52683E-02   -1.81022E-01    4.99922E-02    3.85745E+00    6.71520E+00    6.66698E+00
    1.38031E+03    3.97700E+04    7.72413E+02    5.10341E+03    3.50509E-02   -1.80455E-01    4.98708E-02    3.88081E+00    6.76178E+00    6.71520E+00
    1.39637E+03    4.05549E+04    7.84915E+02    5.16154E+03    3.48154E-02   -1.79840E-01    4.97286E-02    3.90355E+00    6.80715E+00    6.76178E+00
    1.41261E+03    4.13522E+04    7.97253E+02    5.22032E+03    3.45656E-02   -1.79188E-01    4.95707E-02    3.92579E+00    6.85157E+00    6.80715E+00
    1.42903E+03    4.21616E+04    8.09471E+02    5.27977E+03    3.43044E-02   -1.78505E-01    4.94006E-02    3.94765E+00    6.89520E+00    6.85157E+00
    1.44563E+03    4.29832E+04    8.21598E+02    5.33989E+03    3.40338E-02   -1.77795E-01    4.92206E-02    3.96916E+00    6.93817E+00    6.89520E+00
    1.46243E+03    4.38169E+04    8.33657E+02    5.40068E+03    3.37553E-02   -1.77063E-01    4.90322E-02    3.99040E+00    6.98059E+00    6.93817E+00
    1.47941E+03    4.46626E+04    8.45666E+02    5.46217E+03    3.34703E-02   -1.76310E-01    4.88368E-02    4.01138E+00    7.02251E+00    6.98059E+00
    1.49658E+03    4.55202E+04    8.57638E+02    5.52435E+03    3.31796E-02   -1.75540E-01    4.86352E-02    4.03215E+00    7.06400E+00    7.02251E+00
    1.51395E+03    4.63898E+04    8.69586E+02    5.58723E+03    3.28843E-02   -1.74754E-01    4.84281E-02    4.05273E+00    7.10511E+00    7.06400E+00
    1.53152E+03    4.72713E+04    8.81522E+02    5.65083E+03    3.25851E-02   -1.73955E-01    4.82162E-02    4.07314E+00    7.14590E+00    7.10511E+00
    1.54928E+03    4.81648E+04    8.93461E+02    5.71514E+03    3.22829E-02   -1.73144E-01    4.80000E-02    4.09341E+00    7.18641E+00    7.14590E+00
    1.56725E+03    4.90702E+04    9.05419E+02    5.78018E+03    3.19787E-02   -1.72325E-01    4.77800E-02    4.11358E+00    7.22672E+00    7.18641E+00
    1.58541E+03    4.99876E+04    9.17420E+02    5.84595E+03    3.16733E-02   -1.71498E-01    4.75568E-02    4.13369E+00    7.26691E+00    7.22672E+00
    1.60379E+03    5.09171E+04    9.29494E+02    5.91247E+03    3.13681E-02   -1.70669E-01    4.73309E-02    4.15378E+00    7.30709E+00    7.26691E+00
    1.62237E+03    5.18588E+04    9.41686E+02    5.97974E+03    3.10645E-02   -1.69841E-01    4.71030E-02    4.17394E+00    7.34740E+00    7.30709E+00
    1.64116E+03    5.28129E+04    9.54058E+02    6.04777E+03    3.07647E-02   -1.69019E-01    4.68738E-02    4.19427E+00    7.38807E+00    7.34740E+00
    1.66016E+03    5.37796E+04    9.66707E+02    6.11656E+03    3.04714E-02   -1.68213E-01    4.66442E-02    4.21492E+00    7.42941E+00    7.38807E+00
    1.67938E+03    5.47593E+04    9.79785E+02    6.18614E+03    3.01891E-02   -1.67436E-01    4.64155E-02    4.23614E+00    7.47193E+00    7.42941E+00
    1.69881E+03    5.57529E+04    9.93540E+02    6.25650E+03    2.99246E-02   -1.66707E-01    4.61891E-02    4.25833E+00    7.51643E+00    7.47193E+00
    1.71847E+03    5.67613E+04    1.00840E+03    6.32766E+03    2.96894E-02   -1.66062E-01    4.59667E-02    4.28216E+00    7.56433E+00    7.51643E+00
    1.73834E+03    5.77865E+04    1.02521E+03    6.39962E+03    2.95055E-02   -1.65567E-01    4.57499E-02    4.30894E+00    7.61832E+00    7.56433E+00
    1.75845E+03    5.88322E+04    1.04573E+03    6.47239E+03    2.94197E-02   -1.65366E-01    4.55374E-02    4.34144E+00    7.68415E+00    7.61832E+00
    1.77877E+03    5.99069E+04    1.07464E+03    6.54598E+03    2.95537E-02   -1.65834E-01    4.53094E-02    4.38683E+00    7.77687E+00    7.68415E+00
    1.79933E+03    6.10362E+04    1.12937E+03    6.62041E+03    3.03607E-02   -1.68355E-01    4.49148E-02    4.47133E+00    7.95180E+00    7.77687E+00
    1.82012E+03    6.18450E+04    8.08799E+02    6.77180E+03    2.12544E-02   -1.45253E-01    1.24843E-02    3.88959E+00    6.92640E+00    4.82926E+00
    1.84115E+03    6.27706E+04    9.25591E+02    6.84878E+03    2.37771E-02   -1.49800E-01    3.65664E-02    4.14300E+00    7.31026E+00    6.92640E+00
    1.86241E+03    6.37443E+04    9.73672E+02    6.92663E+03    2.44504E-02   -1.51141E-01    4.00847E-02    4.22458E+00    7.45630E+00    7.31026E+00
    1.88391E+03    6.47443E+04    1.00003E+03    7.00536E+03    2.45482E-02   -1.51230E-01    4.09591E-02    4.26768E+00    7.53785E+00    7.45630E+00
    1.90566E+03    6.57624E+04    1.01805E+03    7.08497E+03    2.44294E-02   -1.50779E-01    4.11696E-02    4.29663E+00    7.59389E+00    7.53785E+00
    1.92765E+03    6.67944E+04    1.03199E+03    7.16549E+03    2.42078E-02   -1.50052E-01    4.11358E-02    4.31873E+00    7.63717E+00    7.59389E+00
    1.94989E+03    6.78379E+04    1.04355E+03    7.24692E+03    2.39295E-02   -1.49162E-01    4.09883E-02    4.33688E+00    7.67292E+00    7.63717E+00
    1.97238E+03    6.88915E+04    1.05355E+03    7.32927E+03    2.36163E-02   -1.48167E-01    4.07784E-02    4.35243E+00    7.70365E+00    7.67292E+00
    1.99513E+03    6.99539E+04    1.06240E+03    7.41255E+03    2.32800E-02   -1.47096E-01    4.05301E-02    4.36608E+00    7.73068E+00    7.70365E+00
    2.01813E+03    7.10242E+04    1.07033E+03    7.49677E+03    2.29275E-02   -1.45969E-01    4.02558E-02    4.37824E+00    7.75479E+00    7.73068E+00
    2.04139E+03    7.21017E+04    1.07750E+03    7.58194E+03    2.25630E-02   -1.44796E-01    3.99628E-02    4.38914E+00    7.77641E+00    7.75479E+00
    2.06492E+03    7.31857E+04    1.08398E+03    7.66807E+03    2.21893E-02   -1.43586E-01    3.96552E-02    4.39893E+00    7.79583E+00    7.77641E+00
    2.08871E+03    7.42755E+04    1.08982E+03    7.75518E+03    2.18084E-02   -1.42342E-01    3.93358E-02    4.40770E+00    7.81322E+00    7.79583E+00
    2.11277E+03    7.53705E+04    1.09506E+03    7.84327E+03    2.14216E-02   -1.41068E-01    3.90063E-02    4.41550E+00    7.82868E+00    7.81322E+00
    2.13710E+03    7.64702E+04    1.09970E+03    7.93236E+03    2.10299E-02   -1.39767E-01    3.86681E-02    4.42236E+00    7.84228E+00    7.82868E+00
    2.16171E+03    7.75740E+04    1.10376E+03    8.02245E+03    2.06342E-02   -1.38440E-01    3.83219E-02    4.42831E+00    7.85404E+00    7.84228E+00
    2.18659E+03    7.86812E+04    1.10724E+03    8.11356E+03    2.02349E-02   -1.37089E-01    3.79684E-02    4.43333E+00    7.86396E+00    7.85404E+00
    2.21176E+03    7.97914E+04    1.11012E+03    8.20570E+03    1.98327E-02   -1.35714E-01    3.76081E-02    4.43744E+00    7.87205E+00    7.86396E+00
    2.23721E+03    8.09038E+04    1.11241E+03    8.29888E+03    1.94278E-02   -1.34317E-01    3.72411E-02    4.44061E+00    7.87826E+00    7.87205E+00
    2.26295E+03    8.20179E+04    1.11407E+03    8.39312E+03    1.90207E-02   -1.32897E-01    3.68679E-02    4.44283E+00    7.88257E+00    7.87826E+00
    2.28898E+03    8.31330E+04    1.11511E+03    8.48842E+03    1.86116E-02   -1.31454E-01    3.64884E-02    4.44408E+00    7.88494E+00    7.88257E+00
    2.31530E+03    8.42485E+04    1.11550E+03    8.58480E+03    1.82008E-02   -1.29990E-01    3.61029E-02    4.44434E+00    7.88531E+00    7.88494E+00
    2.34192E+03    8.53637E+04    1.11522E+03    8.68226E+03    1.77884E-02   -1.28503E-01    3.57113E-02    4.44357E+00    7.88363E+00    7.88531E+00
    2.36884E+03    8.64780E+04    1.11426E+03    8.78083E+03    1.73748E-02   -1.26995E-01    3.53138E-02    4.44174E+00    7.87984E+00    7.88363E+00
    2.39607E+03    8.75905E+04    1.11259E+03    8.88051E+03    1.69600E-02   -1.25464E-01    3.49103E-02    4.43883E+00    7.87386E+00    7.87984E+00
    2.42360E+03    8.87007E+04    1.11020E+03    8.98132E+03    1.65442E-02   -1.23911E-01    3.45008E-02    4.43479E+00    7.86564E+00    7.87386E+00
    2.45145E+03    8.98078E+04    1.10705E+03    9.08326E+03    1.61276E-02   -1.22335E-01    3.40852E-02    4.42959E+00    7.85508E+00    7.86564E+00
    2.47961E+03    9.09109E+04    1.10312E+03    9.18636E+03    1.57105E-02   -1.20736E-01    3.36636E-02    4.42318E+00    7.84211E+00    7.85508E+00
    2.50808E+03    9.20093E+04    1.09840E+03    9.29063E+03    1.52928E-02   -1.19114E-01    3.32359E-02    4.41553E+00    7.82664E+00    7.84211E+00
    2.53688E+03    9.31022E+04    1.09286E+03    9.39607E+03    1.48748E-02   -1.17469E-01    3.28019E-02    4.40659E+00    7.80858E+00    7.82664E+00
    2.56601E+03    9.41886E+04    1.08647E+03    9.50270E+03    1.44567E-02   -1.15799E-01    3.23617E-02    4.39631E+00    7.78785E+00    7.80858E+00
    2.59546E+03    9.52679E+04    1.07922E+03    9.61054E+03    1.40385E-02   -1.14105E-01    3.19150E-02    4.38464E+00    7.76433E+00    7.78785E+00
    2.62525E+03    9.63389E+04    1.07107E+03    9.71960E+03    1.36205E-02   -1.12386E-01    3.14619E-02    4.37153E+00    7.73793E+00    7.76433E+00
    2.65537E+03    9.74009E+04    1.06200E+03    9.82989E+03    1.32028E-02   -1.10642E-01    3.10021E-02    4.35694E+00    7.70855E+00    7.73793E+00
    2.68583E+03    9.84529E+04    1.05200E+03    9.94142E+03    1.27857E-02   -1.08873E-01    3.05356E-02    4.34080E+00    7.67606E+00    7.70855E+00
    2.71664E+03    9.94940E+04    1.04103E+03    1.00542E+04    1.23691E-02   -1.07077E-01    3.00623E-02    4.32305E+00    7.64037E+00    7.67606E+00
    2.74780E+03    1.00523E+05    1.02909E+03    1.01683E+04    1.19535E-02   -1.05254E-01    2.95819E-02    4.30365E+00    7.60134E+00    7.64037E+00
    2.77931E+03    1.01539E+05    1.01614E+03    1.02836E+04    1.15389E-02   -1.03404E-01    2.90945E-02    4.28252E+00    7.55887E+00    7.60134E+00
    2.81117E+03    1.02541E+05    1.00217E+03    1.04003E+04    1.11256E-02   -1.01527E-01    2.85998E-02    4.25961E+00    7.51283E+00    7.55887E+00
    2.84339E+03    1.03529E+05    9.87179E+02    1.05183E+04    1.07139E-02   -9.96213E-02    2.80977E-02    4.23486E+00    7.46309E+00    7.51283E+00
    2.87598E+03    1.04500E+05    9.71140E+02    1.06376E+04    1.03039E-02   -9.76875E-02    2.75881E-02    4.20821E+00    7.40955E+00    7.46309E+00
    2.90894E+03    1.05454E+05    9.54054E+02    1.07583E+04    9.89615E-03   -9.57252E-02    2.70709E-02    4.17960E+00    7.35208E+00    7.40955E+00
    2.94227E+03    1.06390E+05    9.35920E+02    1.08803E+04    9.49084E-03   -9.37345E-02    2.65459E-02    4.14899E+00    7.29059E+00    7.35208E+00
    2.97597E+03    1.07306E+05    9.16748E+02    1.10037E+04    9.08844E-03   -9.17156E-02    2.60131E-02    4.11631E+00    7.22499E+00    7.29059E+00
    3.01006E+03    1.08203E+05    8.96563E+02    1.11285E+04    8.68948E-03   -8.96696E-02    2.54724E-02    4.08157E+00    7.15524E+00    7.22499E+00
    3.04453E+03    1.09078E+05    8.75408E+02    1.12547E+04    8.29465E-03   -8.75982E-02    2.49239E-02    4.04475E+00    7.08136E+00    7.15524E+00
    3.07939E+03    1.09932E+05    8.53361E+02    1.13823E+04    7.90489E-03   -8.55050E-02    2.43675E-02    4.00593E+00    7.00347E+00    7.08136E+00
    3.11465E+03    1.10762E+05    8.30556E+02    1.15114E+04    7.52156E-03   -8.33963E-02    2.38036E-02    3.96526E+00    6.92191E+00    7.00347E+00
    3.15030E+03    1.11570E+05    8.07235E+02    1.16420E+04    7.14687E-03   -8.12842E-02    2.32324E-02    3.92311E+00    6.83744E+00    6.92191E+00
    3.18635E+03    1.12353E+05    7.83866E+02    1.17740E+04    6.78477E-03   -7.91933E-02    2.26539E-02    3.88027E+00    6.75172E+00    6.83744E+00
    3.22282E+03    1.13115E+05    7.61460E+02    1.19075E+04    6.44345E-03   -7.71784E-02    2.20670E-02    3.83861E+00    6.66862E+00    6.75172E+00
    3.25969E+03    1.13858E+05    7.42678E+02    1.20425E+04    6.14401E-03   -7.53879E-02    2.14632E-02    3.80320E+00    6.59880E+00    6.66862E+00
    3.29699E+03    1.14595E+05    7.37479E+02    1.21790E+04    5.96458E-03   -7.43826E-02    2.07801E-02    3.79323E+00    6.58271E+00    6.59880E+00
    3.33470E+03    1.15063E+05    4.67897E+02    1.24567E+04    3.69966E-03   -6.05548E-02    5.72469E-03    3.19293E+00    5.48950E+00    3.98340E+00
    3.37284E+03    1.15568E+05    5.05006E+02    1.25980E+04    3.90381E-03   -6.05045E-02    1.55891E-02    3.31262E+00    5.63322E+00    5.48950E+00
    3.41141E+03    1.16065E+05    4.96630E+02    1.27408E+04    3.75324E-03   -5.89808E-02    1.65683E-02    3.29346E+00    5.58118E+00    5.63322E+00
    3.45042E+03    1.16538E+05    4.73782E+02    1.28852E+04    3.50054E-03   -5.68485E-02    1.63946E-02    3.23978E+00    5.46971E+00    5.58118E+00
    3.48986E+03    1.16983E+05    4.45032E+02    1.30313E+04    3.21463E-03   -5.44169E-02    1.59194E-02    3.17050E+00    5.32917E+00    5.46971E+00
    3.52976E+03    1.17397E+05    4.13168E+02    1.31790E+04    2.91776E-03   -5.17974E-02    1.53229E-02    3.09110E+00    5.16907E+00    5.32917E+00
    3.57010E+03    1.17776E+05    3.79393E+02    1.33284E+04    2.61937E-03   -4.90350E-02    1.46605E-02    3.00355E+00    4.99294E+00    5.16907E+00
    3.61090E+03    1.18120E+05    3.44361E+02    1.34794E+04    2.32437E-03   -4.61483E-02    1.39536E-02    2.90854E+00    4.80197E+00    4.99294E+00
    3.65216E+03    1.18429E+05    3.08510E+02    1.36322E+04    2.03585E-03   -4.31430E-02    1.32112E-02    2.80617E+00    4.59630E+00    4.80197E+00
    3.69389E+03    1.18701E+05    2.72190E+02    1.37867E+04    1.75604E-03   -4.00170E-02    1.24372E-02    2.69620E+00    4.37538E+00    4.59630E+00
    3.73609E+03    1.18937E+05    2.35725E+02    1.39430E+04    1.48681E-03   -3.67626E-02    1.16327E-02    2.57811E+00    4.13816E+00    4.37538E+00
    3.77876E+03    1.19136E+05    1.99448E+02    1.41010E+04    1.22989E-03   -3.33664E-02    1.07972E-02    2.45112E+00    3.88305E+00    4.13816E+00
    3.82192E+03    1.19300E+05    1.63729E+02    1.42608E+04    9.87075E-04   -2.98076E-02    9.92899E-03    2.31414E+00    3.60780E+00    3.88305E+00
    3.86557E+03    1.19429E+05    1.29001E+02    1.44224E+04    7.60338E-04   -2.60554E-02    9.02522E-03    2.16558E+00    3.30917E+00    3.60780E+00
    3.90971E+03    1.19525E+05    9.58026E+01    1.45858E+04    5.52053E-04   -2.20621E-02    8.08199E-03    2.00308E+00    2.98234E+00    3.30917E+00
    3.95434E+03    1.19590E+05    6.48458E+01    1.47511E+04    3.65321E-04   -1.77479E-02    7.09469E-03    1.82285E+00    2.61952E+00    2.98234E+00
    3.99949E+03    1.19627E+05    3.71664E+01    1.49182E+04    2.04708E-04   -1.29607E-02    6.06027E-03    1.61790E+00    2.20626E+00    2.61952E+00
    4.04514E+03    1.19641E+05    1.45945E+01    1.50873E+04    7.85892E-05   -7.32464E-03    4.99387E-03    1.37156E+00    1.70782E+00    2.20626E+00
    4.09131E+03    1.19657E+05    1.60132E+01    1.50873E+04    8.43030E-05   -6.64521E-03    6.33594E-03    1.70782E+00    2.01634E+00    2.76684E+00
    4.13799E+03    1.19676E+05    1.87186E+01    1.50873E+04    9.63452E-05   -6.09881E-03    7.69089E-03    2.01634E+00    2.30269E+00    3.30183E+00
    4.18521E+03    1.19699E+05    2.25838E+01    1.50873E+04    1.13644E-04   -5.65150E-03    9.03905E-03    2.30269E+00    2.57104E+00    3.81352E+00
    4.23296E+03    1.19726E+05    2.75178E+01    1.50873E+04    1.35381E-04   -5.27902E-03    1.03688E-02    2.57104E+00    2.82453E+00    4.30413E+00
    4.28125E+03    1.19760E+05    3.34550E+01    1.50873E+04    1.60916E-04   -4.96385E-03    1.16737E-02    2.82453E+00    3.06558E+00    4.77573E+00
    4.33009E+03    1.19800E+05    4.03491E+01    1.50873E+04    1.89742E-04   -4.69321E-03    1.29505E-02    3.06558E+00    3.29607E+00    5.23020E+00
    4.37948E+03    1.19848E+05    4.81682E+01    1.50873E+04    2.21455E-04   -4.45768E-03    1.41980E-02    3.29607E+00    3.51746E+00    5.66920E+00
    4.42942E+03    1.19905E+05    5.68925E+01    1.50873E+04    2.55726E-04   -4.25024E-03    1.54163E-02    3.51746E+00    3.73093E+00    6.09421E+00
    4.47993E+03    1.19971E+05    6.65116E+01    1.50873E+04    2.92290E-04   -4.06560E-03    1.66060E-02    3.73093E+00    3.93744E+00    6.50655E+00
    4.53101E+03    1.20049E+05    7.70227E+01    1.50873E+04    3.30926E-04   -3.89971E-03    1.77685E-02    3.93744E+00    4.13776E+00    6.90735E+00
    4.58267E+03    1.20137E+05    8.84295E+01    1.50873E+04    3.71455E-04   -3.74946E-03    1.89049E-02    4.13776E+00    4.33254E+00    7.29762E+00
    4.63491E+03    1.20238E+05    1.00741E+02    1.50873E+04    4.13724E-04   -3.61240E-03    2.00169E-02    4.33254E+00    4.52232E+00    7.67826E+00
    4.68775E+03    1.20352E+05    1.13969E+02    1.50873E+04    4.57606E-04   -3.48659E-03    2.11057E-02    4.52232E+00    4.70756E+00    8.05003E+00
    4.74118E+03    1.20480E+05    1.28133E+02    1.50873E+04    5.02994E-04   -3.37048E-03    2.21728E-02    4.70756E+00    4.88865E+00    8.41363E+00
    4.79521E+03    1.20623E+05    1.43252E+02    1.50873E+04    5.49793E-04   -3.26282E-03    2.32196E-02    4.88865E+00    5.06594E+00    8.76968E+00
    4.84985E+03    1.20782E+05    1.59349E+02    1.50873E+04    5.97926E-04   -3.16257E-03    2.42471E-02    5.06594E+00    5.23973E+00    9.11873E+00
    4.90511E+03    1.20959E+05    1.76450E+02    1.50873E+04    6.47322E-04   -3.06888E-03    2.52568E-02    5.23973E+00    5.41027E+00    9.46127E+00
    4.96100E+03    1.21153E+05    1.94585E+02    1.50873E+04    6.97922E-04   -2.98104E-03    2.62495E-02    5.41027E+00    5.57780E+00    9.79774E+00
    5.01752E+03    1.21367E+05    2.13783E+02    1.50873E+04    7.49673E-04   -2.89845E-03    2.72263E-02    5.57780E+00    5.74254E+00    1.01285E+01
    5.07467E+03    1.21601E+05    2.34079E+02    1.50873E+04    8.02530E-04   -2.82061E-03    2.81882E-02    5.74254E+00    5.90465E+00    1.04540E+01
    5.13247E+03    1.21857E+05    2.55506E+02    1.50873E+04    8.56451E-04   -2.74707E-03    2.91360E-02    5.90465E+00    6.06433E+00    1.07746E+01
    5.19093E+03    1.22135E+05    2.78104E+02    1.50873E+04    9.11401E-04   -2.67746E-03    3.00705E-02    6.06433E+00    6.22172E+00    1.10905E+01
    5.25004E+03    1.22437E+05    3.01911E+02    1.50873E+04    9.67350E-04   -2.61145E-03    3.09924E-02    6.22172E+00    6.37696E+00    1.14019E+01
    5.30983E+03    1.22764E+05    3.26970E+02    1.50873E+04    1.02427E-03   -2.54876E-03    3.19026E-02    6.37696E+00    6.53019E+00    1.17093E+01
    5.37028E+03    1.23117E+05    3.53323E+02    1.50873E+04    1.08214E-03   -2.48913E-03    3.28015E-02    6.53019E+00    6.68153E+00    1.20128E+01
    5.43143E+03    1.23498E+05    3.81019E+02    1.50873E+04    1.14093E-03   -2.43235E-03    3.36900E-02    6.68153E+00    6.83108E+00    1.23126E+01
    5.49326E+03    1.23908E+05    4.10104E+02    1.50873E+04    1.20064E-03   -2.37823E-03    3.45685E-02    6.83108E+00    6.97896E+00    1.26090E+01
    5.55579E+03    1.24349E+05    4.40630E+02    1.50873E+04    1.26123E-03   -2.32657E-03    3.54376E-02    6.97896E+00    7.12526E+00    1.29022E+01
    5.61903E+03    1.24821E+05    4.72651E+02    1.50873E+04    1.32271E-03   -2.27724E-03    3.62978E-02    7.12526E+00    7.27008E+00    1.31923E+01
    5.68298E+03    1.25328E+05    5.06221E+02    1.50873E+04    1.38507E-03   -2.23008E-03    3.71496E-02    7.27008E+00    7.41350E+00    1.34795E+01
    5.74766E+03    1.25869E+05    5.41399E+02    1.50873E+04    1.44829E-03   -2.18498E-03    3.79936E-02    7.41350E+00    7.55561E+00    1.37639E+01
    5.81306E+03    1.26447E+05    5.78247E+02    1.50873E+04    1.51236E-03   -2.14182E-03    3.88301E-02    7.55561E+00    7.69649E+00    1.40459E+01
    5.87921E+03    1.27064E+05    6.16828E+02    1.50873E+04    1.57729E-03   -2.10050E-03    3.96596E-02    7.69649E+00    7.83621E+00    1.43254E+01
    5.94610E+03    1.27721E+05    6.57210E+02    1.50873E+04    1.64308E-03   -2.06091E-03    4.04825E-02    7.83621E+00    7.97484E+00    1.46027E+01
    6.01375E+03    1.28421E+05    6.99461E+02    1.50873E+04    1.70972E-03   -2.02298E-03    4.12992E-02    7.97484E+00    8.11246E+00    1.48778E+01
    6.08216E+03    1.29165E+05    7.43655E+02    1.50873E+04    1.77722E-03   -1.98663E-03    4.21102E-02    8.11246E+00    8.24914E+00    1.51510E+01
    6.15135E+03    1.29954E+05    7.89868E+02    1.50873E+04    1.84557E-03   -1.95179E-03    4.29158E-02    8.24914E+00    8.38493E+00    1.54223E+01
    6.22132E+03    1.30793E+05    8.38181E+02    1.50873E+04    1.91480E-03   -1.91838E-03    4.37163E-02    8.38493E+00    8.51991E+00    1.56919E+01
    6.29208E+03    1.31681E+05    8.88678E+02    1.50873E+04    1.98489E-03   -1.88636E-03    4.45122E-02    8.51991E+00    8.65414E+00    1.59599E+01
    6.36364E+03    1.32623E+05    9.41445E+02    1.50873E+04    2.05588E-03   -1.85565E-03    4.53038E-02    8.65414E+00    8.78767E+00    1.62264E+01
    6.43600E+03    1.33619E+05    9.96574E+02    1.50873E+04    2.12775E-03   -1.82622E-03    4.60914E-02    8.78767E+00    8.92057E+00    1.64916E+01
    6.50919E+03    1.34673E+05    1.05416E+03    1.50873E+04    2.20053E-03   -1.79801E-03    4.68754E-02    8.92057E+00    9.05290E+00    1.67556E+01
    6.58320E+03    1.35788E+05    1.11431E+03    1.50873E+04    2.27424E-03   -1.77099E-03    4.76561E-02    9.05290E+00    9.18471E+00    1.70184E+01
    6.65805E+03    1.36965E+05    1.17712E+03    1.50873E+04    2.34888E-03   -1.74510E-03    4.84338E-02    9.18471E+00    9.31606E+00    1.72802E+01
    6.73374E+03    1.38208E+05    1.24271E+03    1.50873E+04    2.42448E-03   -1.72031E-03    4.92090E-02    9.31606E+00    9.44701E+00    1.75411E+01
    6.81029E+03    1.39519E+05    1.31118E+03    1.50873E+04    2.50106E-03   -1.69658E-03    4.99818E-02    9.44701E+00    9.57761E+00    1.78012E+01
    6.88770E+03    1.40901E+05    1.38267E+03    1.50873E+04    2.57864E-03   -1.67389E-03    5.07527E-02    9.57761E+00    9.70792E+00    1.80607E+01
    6.96599E+03    1.42359E+05    1.45729E+03    1.50873E+04    2.65724E-03   -1.65220E-03    5.15220E-02    9.70792E+00    9.83799E+00    1.83196E+01
    7.04517E+03    1.43894E+05    1.53519E+03    1.50873E+04    2.73690E-03   -1.63148E-03    5.22899E-02    9.83799E+00    9.96789E+00    1.85780E+01
    7.12523E+03    1.45510E+05    1.61650E+03    1.50873E+04    2.81763E-03   -1.61170E-03    5.30568E-02    9.96789E+00    1.00977E+01    1.88361E+01
    7.20621E+03    1.47212E+05    1.70136E+03    1.50873E+04    2.89946E-03   -1.59285E-03    5.38231E-02    1.00977E+01    1.02274E+01    1.90939E+01
    7.28809E+03    1.49002E+05    1.78994E+03    1.50873E+04    2.98244E-03   -1.57489E-03    5.45890E-02    1.02274E+01    1.03571E+01    1.93516E+01
    7.37091E+03    1.50884E+05    1.88239E+03    1.50873E+04    3.06659E-03   -1.55781E-03    5.53549E-02    1.03571E+01    1.04868E+01    1.96093E+01
    7.45466E+03    1.52863E+05    1.97888E+03    1.50873E+04    3.15195E-03   -1.54158E-03    5.61211E-02    1.04868E+01    1.06166E+01    1.98671E+01
    7.53935E+03    1.54943E+05    2.07960E+03    1.50873E+04    3.23857E-03   -1.52619E-03    5.68879E-02    1.06166E+01    1.07466E+01    2.01251E+01
    7.62500E+03    1.57127E+05    2.18472E+03    1.50873E+04    3.32647E-03   -1.51162E-03    5.76557E-02    1.07466E+01    1.08768E+01    2.03835E+01
    7.71162E+03    1.59422E+05    2.29445E+03    1.50873E+04    3.41570E-03   -1.49784E-03    5.84248E-02    1.08768E+01    1.10073E+01    2.06422E+01
    7.79922E+03    1.61831E+05    2.40900E+03    1.50873E+04    3.50632E-03   -1.48485E-03    5.91956E-02    1.10073E+01    1.11381E+01    2.09015E+01
    7.88781E+03    1.64359E+05    2.52857E+03    1.50873E+04    3.59837E-03   -1.47263E-03    5.99683E-02    1.11381E+01    1.12693E+01    2.11615E+01
    7.97740E+03    1.67013E+05    2.65341E+03    1.50873E+04    3.69189E-03   -1.46117E-03    6.07434E-02    1.12693E+01    1.14009E+01    2.14222E+01
    8.06801E+03    1.69796E+05    2.78374E+03    1.50873E+04    3.78696E-03   -1.45045E-03    6.15212E-02    1.14009E+01    1.15331E+01    2.16839E+01
    8.15963E+03    1.72716E+05    2.91984E+03    1.50873E+04    3.88361E-03   -1.44046E-03    6.23020E-02    1.15331E+01    1.16658E+01    2.19465E+01
    8.25229E+03    1.75778E+05    3.06196E+03    1.50873E+04    3.98192E-03   -1.43119E-03    6.30862E-02    1.16658E+01    1.17992E+01    2.22103E+01
    8.34600E+03    1.78989E+05    3.21039E+03    1.50873E+04    4.08194E-03   -1.42264E-03    6.38742E-02    1.17992E+01    1.19332E+01    2.24754E+01
    8.44077E+03    1.82354E+05    3.36543E+03    1.50873E+04    4.18375E-03   -1.41478E-03    6.46664E-02    1.19332E+01    1.20680E+01    2.27419E+01
    8.53661E+03    1.85881E+05    3.52739E+03    1.50873E+04    4.28741E-03   -1.40762E-03    6.54632E-02    1.20680E+01    1.22037E+01    2.30099E+01
    8.63353E+03    1.89578E+05    3.69660E+03    1.50873E+04    4.39300E-03   -1.40114E-03    6.62649E-02    1.22037E+01    1.23403E+01    2.32796E+01
    8.73155E+03    1.93452E+05    3.87342E+03    1.50873E+04    4.50060E-03   -1.39533E-03    6.70720E-02    1.23403E+01    1.24778E+01    2.35510E+01
    8.83067E+03    1.97510E+05    4.05820E+03    1.50873E+04    4.61028E-03   -1.39020E-03    6.78848E-02    1.24778E+01    1.26164E+01    2.38244E+01
    8.93091E+03    2.01761E+05    4.25135E+03    1.50873E+04    4.72213E-03   -1.38573E-03    6.87038E-02    1.26164E+01    1.27561E+01    2.40999E+01
    9.03229E+03    2.06214E+05    4.45328E+03    1.50873E+04    4.83625E-03   -1.38192E-03    6.95294E-02    1.27561E+01    1.28970E+01    2.43776E+01
    9.13481E+03    2.10879E+05    4.66441E+03    1.50873E+04    4.95273E-03   -1.37876E-03    7.03621E-02    1.28970E+01    1.30391E+01    2.46576E+01
    9.23850E+03    2.15764E+05    4.88522E+03    1.50873E+04    5.07166E-03   -1.37624E-03    7.12023E-02    1.30391E+01    1.31826E+01    2.49402E+01
    9.34335E+03    2.20880E+05    5.11619E+03    1.50873E+04    5.19316E-03   -1.37438E-03    7.20505E-02    1.31826E+01    1.33275E+01    2.52255E+01
    9.44939E+03    2.26238E+05    5.35784E+03    1.50873E+04    5.31732E-03   -1.37315E-03    7.29070E-02    1.33275E+01    1.34739E+01    2.55136E+01
    9.55662E+03    2.31849E+05    5.61071E+03    1.50873E+04    5.44428E-03   -1.37256E-03    7.37726E-02    1.34739E+01    1.36219E+01    2.58046E+01
    9.66507E+03    2.37724E+05    5.87537E+03    1.50873E+04    5.57414E-03   -1.37260E-03    7.46475E-02    1.36219E+01    1.37716E+01    2.60989E+01
    9.77474E+03    2.43877E+05    6.15245E+03    1.50873E+04    5.70703E-03   -1.37328E-03    7.55324E-02    1.37716E+01    1.39231E+01    2.63965E+01
    9.88565E+03    2.50319E+05    6.44260E+03    1.50873E+04    5.84309E-03   -1.37459E-03    7.64277E-02    1.39231E+01    1.40764E+01    2.66976E+01
    9.99782E+03    2.57066E+05    6.74649E+03    1.50873E+04    5.98245E-03   -1.37653E-03    7.73341E-02    1.40764E+01    1.42317E+01    2.70024E+01
    1.01113E+04    2.64130E+05    7.06486E+03    1.50873E+04    6.12527E-03   -1.37910E-03    7.82520E-02    1.42317E+01    1.43890E+01    2.73111E+01
    1.02260E+04    2.71529E+05    7.39848E+03    1.50873E+04    6.27170E-03   -1.38230E-03    7.91820E-02    1.43890E+01    1.45485E+01    2.76239E+01
    1.03420E+04    2.79277E+05    7.74818E+03    1.50873E+04    6.42189E-03   -1.38613E-03    8.01247E-02    1.45485E+01    1.47102E+01    2.79409E+01
    1.04593E+04    2.87392E+05    8.11482E+03    1.50873E+04    6.57602E-03   -1.39059E-03    8.10807E-02    1.47102E+01    1.48742E+01    2.82624E+01
    1.05779E+04    2.95891E+05    8.49933E+03    1.50873E+04    6.73426E-03   -1.39568E-03    8.20507E-02    1.48742E+01    1.50408E+01    2.85886E+01
    1.06979E+04    3.04794E+05    8.90270E+03    1.50873E+04    6.89681E-03   -1.40140E-03    8.30352E-02    1.50408E+01    1.52099E+01    2.89197E+01
    1.08193E+04    3.14120E+05    9.32596E+03    1.50873E+04    7.06386E-03   -1.40775E-03    8.40350E-02    1.52099E+01    1.53816E+01    2.92559E+01
    1.09420E+04    3.23890E+05    9.77023E+03    1.50873E+04    7.23561E-03   -1.41474E-03    8.50506E-02    1.53816E+01    1.55562E+01    2.95974E+01
    1.10661E+04    3.34127E+05    1.02367E+04    1.50873E+04    7.41228E-03   -1.42237E-03    8.60828E-02    1.55562E+01    1.57337E+01    2.99445E+01
    1.11916E+04    3.44853E+05    1.07266E+04    1.50873E+04    7.59410E-03   -1.43063E-03    8.71324E-02    1.57337E+01    1.59143E+01    3.02975E+01
    1.13185E+04    3.56095E+05    1.12413E+04    1.50873E+04    7.78131E-03   -1.43954E-03    8.82000E-02    1.59143E+01    1.60980E+01    3.06565E+01
    1.14469E+04    3.67877E+05    1.17822E+04    1.50873E+04    7.97415E-03   -1.44909E-03    8.92864E-02    1.60980E+01    1.62851E+01    3.10218E+01
    1.15767E+04    3.80228E+05    1.23508E+04    1.50873E+04    8.17290E-03   -1.45929E-03    9.03923E-02    1.62851E+01    1.64756E+01    3.13937E+01
    1.17080E+04    3.93176E+05    1.29487E+04    1.50873E+04    8.37783E-03   -1.47014E-03    9.15187E-02    1.64756E+01    1.66696E+01    3.17725E+01
    1.18407E+04    4.06754E+05    1.35777E+04    1.50873E+04    8.58923E-03   -1.48165E-03    9.26662E-02    1.66696E+01    1.68674E+01    3.21583E+01
    1.19750E+04    4.20994E+05    1.42395E+04    1.50873E+04    8.80740E-03   -1.49382E-03    9.38359E-02    1.68674E+01    1.70691E+01    3.25516E+01
    1.21108E+04    4.35930E+05    1.49362E+04    1.50873E+04    9.03268E-03   -1.50665E-03    9.50284E-02    1.70691E+01    1.72748E+01    3.29527E+01
    1.22481E+04    4.51600E+05    1.56698E+04    1.50873E+04    9.26539E-03   -1.52015E-03    9.62449E-02    1.72748E+01    1.74847E+01    3.33617E+01
    1.23869E+04    4.68042E+05    1.64426E+04    1.50873E+04    9.50589E-03   -1.53431E-03    9.74861E-02    1.74847E+01    1.76990E+01    3.37791E+01
    1.25274E+04    4.85299E+05    1.72568E+04    1.50873E+04    9.75456E-03   -1.54916E-03    9.87530E-02    1.76990E+01    1.79178E+01    3.42051E+01
    1.26694E+04    5.03414E+05    1.81151E+04    1.50873E+04    1.00118E-02   -1.56468E-03    1.00047E-01    1.79178E+01    1.81412E+01    3.46401E+01
    1.28130E+04    5.22434E+05    1.90201E+04    1.50873E+04    1.02780E-02   -1.58089E-03    1.01368E-01    1.81412E+01    1.83696E+01    3.50844E+01
    1.29582E+04    5.42409E+05    1.99747E+04    1.50873E+04    1.05536E-02   -1.59779E-03    1.02718E-01    1.83696E+01    1.86029E+01    3.55384E+01
    1.31051E+04    5.63391E+05    2.09820E+04    1.50873E+04    1.08391E-02   -1.61538E-03    1.04098E-01    1.86029E+01    1.88415E+01    3.60025E+01
    1.32537E+04    5.85436E+05    2.20453E+04    1.50873E+04    1.11349E-02   -1.63367E-03    1.05509E-01    1.88415E+01    1.90856E+01    3.64769E+01
    1.34039E+04    6.08604E+05    2.31681E+04    1.50873E+04    1.14416E-02   -1.65266E-03    1.06953E-01    1.90856E+01    1.93352E+01    3.69622E+01
    1.35558E+04    6.32959E+05    2.43542E+04    1.50873E+04    1.17597E-02   -1.67235E-03    1.08429E-01    1.93352E+01    1.95907E+01    3.74586E+01
    1.37095E+04    6.58566E+05    2.56076E+04    1.50873E+04    1.20897E-02   -1.69276E-03    1.09940E-01    1.95907E+01    1.98523E+01    3.79667E+01
    1.38648E+04    6.85499E+05    2.69325E+04    1.50873E+04    1.24322E-02   -1.71387E-03    1.11487E-01    1.98523E+01    2.01201E+01    3.84867E+01
    1.40220E+04    7.13832E+05    2.83337E+04    1.50873E+04    1.27879E-02   -1.73571E-03    1.13070E-01    2.01201E+01    2.03943E+01    3.90192E+01
    1.41809E+04    7.43648E+05    2.98159E+04    1.50873E+04    1.31575E-02   -1.75826E-03    1.14693E-01    2.03943E+01    2.06753E+01    3.95646E+01
    1.43416E+04    7.75033E+05    3.13845E+04    1.50873E+04    1.35415E-02   -1.78153E-03    1.16354E-01    2.06753E+01    2.09632E+01    4.01233E+01
    1.45041E+04    8.08078E+05    3.30452E+04    1.50873E+04    1.39407E-02   -1.80552E-03    1.18057E-01    2.09632E+01    2.12583E+01    4.06958E+01
    1.46684E+04    8.42882E+05    3.48039E+04    1.50873E+04    1.43559E-02   -1.83024E-03    1.19802E-01    2.12583E+01    2.15608E+01    4.12826E+01
    1.48347E+04    8.79549E+05    3.66670E+04    1.50873E+04    1.47879E-02   -1.85568E-03    1.21591E-01    2.15608E+01    2.18709E+01    4.18841E+01
    1.50027E+04    9.18191E+05    3.86416E+04    1.50873E+04    1.52374E-02   -1.88185E-03    1.23426E-01    2.18709E+01    2.21890E+01    4.25009E+01
    1.51727E+04    9.58926E+05    4.07351E+04    1.50873E+04    1.57055E-02   -1.90874E-03    1.25307E-01    2.21890E+01    2.25153E+01    4.31335E+01
    1.53446E+04    1.00188E+06    4.29553E+04    1.50873E+04    1.61930E-02   -1.93635E-03    1.27237E-01    2.25153E+01    2.28501E+01    4.37823E+01
    1.55185E+04    1.04719E+06    4.53107E+04    1.50873E+04    1.67008E-02   -1.96469E-03    1.29217E-01    2.28501E+01    2.31936E+01    4.44480E+01
    1.56943E+04    1.09500E+06    4.78105E+04    1.50873E+04    1.72301E-02   -1.99373E-03    1.31248E-01    2.31936E+01    2.35461E+01    4.51311E+01
    1.58721E+04    1.14547E+06    5.04644E+04    1.50873E+04    1.77819E-02   -2.02349E-03    1.33333E-01    2.35461E+01    2.39079E+01    4.58321E+01
    1.60519E+04    1.19875E+06    5.32829E+04    1.50873E+04    1.83572E-02   -2.05396E-03    1.35473E-01    2.39079E+01    2.42793E+01    4.65516E+01
    1.62338E+04    1.25503E+06    5.62771E+04    1.50873E+04    1.89574E-02   -2.08512E-03    1.37670E-01    2.42793E+01    2.46606E+01    4.72901E+01
    1.64177E+04    1.31449E+06    5.94591E+04    1.50873E+04    1.95836E-02   -2.11698E-03    1.39926E-01    2.46606E+01    2.50521E+01    4.80484E+01
    1.66036E+04    1.37733E+06    6.28416E+04    1.50873E+04    2.02372E-02   -2.14951E-03    1.42241E-01    2.50521E+01    2.54541E+01    4.88270E+01
    1.67917E+04    1.44377E+06    6.64384E+04    1.50873E+04    2.09195E-02   -2.18272E-03    1.44619E-01    2.54541E+01    2.58669E+01    4.96264E+01
    1.69819E+04    1.51403E+06    7.02643E+04    1.50873E+04    2.16319E-02   -2.21659E-03    1.47061E-01    2.58669E+01    2.62909E+01    5.04474E+01
    1.71743E+04    1.58837E+06    7.43351E+04    1.50873E+04    2.23760E-02   -2.25109E-03    1.49569E-01    2.62909E+01    2.67263E+01    5.12906E+01
    1.73688E+04    1.66703E+06    7.86675E+04    1.50873E+04    2.31533E-02   -2.28623E-03    1.52145E-01    2.67263E+01    2.71735E+01    5.21565E+01
    1.75655E+04    1.75031E+06    8.32799E+04    1.50873E+04    2.39654E-02   -2.32198E-03    1.54790E-01    2.71735E+01    2.76329E+01    5.30460E+01
    1.77645E+04    1.83850E+06    8.81915E+04    1.50873E+04    2.48142E-02   -2.35833E-03    1.57508E-01    2.76329E+01    2.81047E+01    5.39595E+01
    1.79657E+04    1.93193E+06    9.34230E+04    1.50873E+04    2.57014E-02   -2.39525E-03    1.60299E-01    2.81047E+01    2.85893E+01    5.48978E+01
    1.81692E+04    2.03092E+06    9.89968E+04    1.50873E+04    2.66289E-02   -2.43272E-03    1.63165E-01    2.85893E+01    2.90871E+01    5.58616E+01
    1.83749E+04    2.13586E+06    1.04937E+05    1.50873E+04    2.75987E-02   -2.47073E-03    1.66110E-01    2.90871E+01    2.95984E+01    5.68516E+01
    1.85830E+04    2.24713E+06    1.11268E+05    1.50873E+04    2.86128E-02   -2.50925E-03    1.69135E-01    2.95984E+01    3.01235E+01    5.78684E+01
    1.87935E+04    2.36515E+06    1.18018E+05    1.50873E+04    2.96734E-02   -2.54825E-03    1.72241E-01    3.01235E+01    3.06627E+01    5.89126E+01
    1.90063E+04    2.49036E+06    1.25216E+05    1.50873E+04    3.07828E-02   -2.58772E-03    1.75431E-01    3.06627E+01    3.12166E+01    5.99852E+01
    1.92215E+04    2.62325E+06    1.32892E+05    1.50873E+04    3.19432E-02   -2.62764E-03    1.78707E-01    3.12166E+01    3.17853E+01    6.10866E+01
    1.94392E+04    2.76434E+06    1.41082E+05    1.50873E+04    3.31573E-02   -2.66797E-03    1.82072E-01    3.17853E+01    3.23693E+01    6.22177E+01
    1.96593E+04    2.91415E+06    1.49819E+05    1.50873E+04    3.44275E-02   -2.70870E-03    1.85527E-01    3.23693E+01    3.29689E+01    6.33791E+01
    1.98819E+04    3.07330E+06    1.59142E+05    1.50873E+04    3.57564E-02   -2.74980E-03    1.89074E-01    3.29689E+01    3.35844E+01    6.45716E+01
    2.01070E+04    3.24239E+06    1.69093E+05    1.50873E+04    3.71470E-02   -2.79127E-03    1.92715E-01    3.35844E+01    3.42163E+01    6.57958E+01
    2.03347E+04    3.42210E+06    1.79714E+05    1.50873E+04    3.86021E-02   -2.83309E-03    1.96454E-01    3.42163E+01    3.48650E+01    6.70526E+01
    2.05649E+04    3.61316E+06    1.91053E+05    1.50873E+04    4.01248E-02   -2.87525E-03    2.00291E-01    3.48650E+01    3.55307E+01    6.83426E+01
    2.07978E+04    3.81632E+06    2.03159E+05    1.50873E+04    4.17182E-02   -2.91774E-03    2.04229E-01    3.55307E+01    3.62139E+01    6.96666E+01
    2.10332E+04    4.03240E+06    2.16086E+05    1.50873E+04    4.33857E-02   -2.96058E-03    2.08271E-01    3.62139E+01    3.69149E+01    7.10253E+01
    2.12714E+04    4.26229E+06    2.29891E+05    1.50873E+04    4.51307E-02   -3.00377E-03    2.12419E-01    3.69149E+01    3.76342E+01    7.24196E+01
    2.15122E+04    4.50693E+06    2.44635E+05    1.50873E+04    4.69569E-02   -3.04734E-03    2.16674E-01    3.76342E+01    3.83722E+01    7.38502E+01
    2.17557E+04    4.76731E+06    2.60384E+05    1.50873E+04    4.88682E-02   -3.09132E-03    2.21040E-01    3.83722E+01    3.91293E+01    7.53180E+01
    2.20020E+04    5.04452E+06    2.77209E+05    1.50873E+04    5.08687E-02   -3.13576E-03    2.25519E-01    3.91293E+01    3.99060E+01    7.68237E+01
    2.22511E+04    5.33970E+06    2.95184E+05    1.50873E+04    5.29624E-02   -3.18073E-03    2.30114E-01    3.99060E+01    4.07027E+01    7.83683E+01
    2.25030E+04    5.65410E+06    3.14392E+05    1.50873E+04    5.51541E-02   -3.22631E-03    2.34827E-01    4.07027E+01    4.15200E+01    7.99528E+01
    2.27578E+04    5.98902E+06    3.34920E+05    1.50873E+04    5.74484E-02   -3.27262E-03    2.39662E-01    4.15200E+01    4.23583E+01    8.15782E+01
    2.30154E+04    6.34588E+06    3.56861E+05    1.50873E+04    5.98504E-02   -3.31977E-03    2.44621E-01    4.23583E+01    4.32184E+01    8.32455E+01
    2.32759E+04    6.72619E+06    3.80318E+05    1.50873E+04    6.23657E-02   -3.36794E-03    2.49709E-01    4.32184E+01    4.41008E+01    8.49559E+01
    2.35394E+04    7.13159E+06    4.05399E+05    1.50873E+04    6.50001E-02   -3.41732E-03    2.54928E-01    4.41008E+01    4.50062E+01    8.67107E+01
    2.38058E+04    7.56382E+06    4.32225E+05    1.50873E+04    6.77599E-02   -3.46813E-03    2.60284E-01    4.50062E+01    4.59355E+01    8.85114E+01
    2.40753E+04    8.02474E+06    4.60924E+05    1.50873E+04    7.06520E-02   -3.52064E-03    2.65781E-01    4.59355E+01    4.68895E+01    9.03594E+01
    2.43478E+04    8.51638E+06    4.91638E+05    1.50873E+04    7.36838E-02   -3.57518E-03    2.71424E-01    4.68895E+01    4.78692E+01    9.22567E+01
    2.46234E+04    9.04090E+06    5.24520E+05    1.50873E+04    7.68636E-02   -3.63210E-03    2.77219E-01    4.78692E+01    4.88758E+01    9.42050E+01
    2.49021E+04    9.60064E+06    5.59739E+05    1.50873E+04    8.02003E-02   -3.69183E-03    2.83173E-01    4.88758E+01    4.99105E+01    9.62067E+01
    2.51840E+04    1.01981E+07    5.97481E+05    1.50873E+04    8.37040E-02   -3.75486E-03    2.89292E-01    4.99105E+01    5.09748E+01    9.82642E+01
    2.54690E+04    1.08361E+07    6.37950E+05    1.50873E+04    8.73858E-02   -3.82175E-03    2.95586E-01    5.09748E+01    5.20702E+01    1.00381E+02
    2.57573E+04    1.15174E+07    6.81373E+05    1.50873E+04    9.12582E-02   -3.89315E-03    3.02065E-01    5.20702E+01    5.31988E+01    1.02559E+02
    2.60488E+04    1.22454E+07    7.28004E+05    1.50873E+04    9.53351E-02   -3.96980E-03    3.08738E-01    5.31988E+01    5.43625E+01    1.04803E+02
    2.63436E+04    1.30236E+07    7.78124E+05    1.50873E+04    9.96324E-02   -4.05254E-03    3.15620E-01    5.43625E+01    5.55640E+01    1.07117E+02
    2.66417E+04    1.38556E+07    8.32051E+05    1.50873E+04    1.04168E-01   -4.14233E-03    3.22724E-01    5.55640E+01    5.68059E+01    1.09506E+02
    2.69432E+04    1.47458E+07    8.90142E+05    1.50873E+04    1.08962E-01   -4.24027E-03    3.30067E-01    5.68059E+01    5.80916E+01    1.11975E+02
    2.72481E+04    1.56986E+07    9.52802E+05    1.50873E+04    1.14039E-01   -4.34761E-03    3.37668E-01    5.80916E+01    5.94247E+01    1.14531E+02
    2.75565E+04    1.67191E+07    1.02049E+06    1.50873E+04    1.19424E-01   -4.46579E-03    3.45549E-01    5.94247E+01    6.08095E+01    1.17181E+02
    2.78684E+04    1.78128E+07    1.09374E+06    1.50873E+04    1.25150E-01   -4.59644E-03    3.53735E-01    6.08095E+01    6.22509E+01    1.19935E+02
    2.81837E+04    1.89860E+07    1.17316E+06    1.50873E+04    1.31252E-01   -4.74145E-03    3.62256E-01    6.22509E+01    6.37546E+01    1.22800E+02
    2.85027E+04    2.02454E+07    1.25944E+06    1.50873E+04    1.37771E-01   -4.90295E-03    3.71143E-01    6.37546E+01    6.53271E+01    1.25789E+02
    2.88252E+04    2.15988E+07    1.35341E+06    1.50873E+04    1.44758E-01   -5.08345E-03    3.80437E-01    6.53271E+01    6.69760E+01    1.28915E+02
    2.91514E+04    2.30548E+07    1.45601E+06    1.50873E+04    1.52269E-01   -5.28580E-03    3.90180E-01    6.69760E+01    6.87098E+01    1.32193E+02
    2.94812E+04    2.46232E+07    1.56836E+06    1.50873E+04    1.60371E-01   -5.51332E-03    4.00425E-01    6.87098E+01    7.05387E+01    1.35639E+02
    2.98148E+04    2.63150E+07    1.69178E+06    1.50873E+04    1.69144E-01   -5.76988E-03    4.11231E-01    7.05387E+01    7.24743E+01    1.39274E+02
    3.01522E+04    2.81428E+07    1.82783E+06    1.50873E+04    1.78683E-01   -6.05999E-03    4.22666E-01    7.24743E+01    7.45302E+01    1.43121E+02
    3.04934E+04    3.01212E+07    1.97839E+06    1.50873E+04    1.89100E-01   -6.38897E-03    4.34810E-01    7.45302E+01    7.67222E+01    1.47206E+02
    3.08384E+04    3.22669E+07    2.14570E+06    1.50873E+04    2.00532E-01   -6.76307E-03    4.47756E-01    7.67222E+01    7.90688E+01    1.51562E+02
    3.11873E+04    3.45993E+07    2.33247E+06    1.50873E+04    2.13139E-01   -7.18977E-03    4.61614E-01    7.90688E+01    8.15917E+01    1.56225E+02
    3.15402E+04    3.71414E+07    2.54201E+06    1.50873E+04    2.27121E-01   -7.67798E-03    4.76511E-01    8.15917E+01    8.43162E+01    1.61238E+02
    3.18971E+04    3.99197E+07    2.77836E+06    1.50873E+04    2.42719E-01   -8.23848E-03    4.92596E-01    8.43162E+01    8.72728E+01    1.66651E+02
    3.22580E+04    4.29662E+07    3.04653E+06    1.50873E+04    2.60228E-01   -8.88442E-03    5.10048E-01    8.72728E+01    9.04971E+01    1.72525E+02
    3.26230E+04    4.63190E+07    3.35274E+06    1.50873E+04    2.80016E-01   -9.63194E-03    5.29077E-01    9.04971E+01    9.40323E+01    1.78930E+02
    3.29921E+04    5.00238E+07    3.70482E+06    1.50873E+04    3.02541E-01   -1.05011E-02    5.49937E-01    9.40323E+01    9.79300E+01    1.85951E+02
    3.33653E+04    5.41365E+07    4.11272E+06    1.50873E+04    3.28383E-01   -1.15173E-02    5.72931E-01    9.79300E+01    1.02253E+02    1.93693E+02
    3.37428E+04    5.87257E+07    4.58919E+06    1.50873E+04    3.58278E-01   -1.27128E-02    5.98429E-01    1.02253E+02    1.07079E+02    2.02277E+02
    3.41246E+04    6.38765E+07    5.15079E+06    1.50873E+04    3.93181E-01   -1.41295E-02    6.26883E-01    1.07079E+02    1.12503E+02    2.11859E+02
    3.45106E+04    6.96959E+07    5.81936E+06    1.50873E+04    4.34339E-01   -1.58228E-02    6.58854E-01    1.12503E+02    1.18646E+02    2.22627E+02
    3.49010E+04    7.63200E+07    6.62411E+06    1.50873E+04    4.83409E-01   -1.78673E-02    6.95047E-01    1.18646E+02    1.25661E+02    2.34820E+02
    3.52959E+04    8.39248E+07    7.60480E+06    1.50873E+04    5.42638E-01   -2.03659E-02    7.36358E-01    1.25661E+02    1.33748E+02    2.48740E+02
    3.56952E+04    9.27415E+07    8.81673E+06    1.50873E+04    6.15126E-01   -2.34641E-02    7.83948E-01    1.33748E+02    1.43170E+02    2.64781E+02
    3.60990E+04    1.03080E+08    1.03386E+07    1.50873E+04    7.05266E-01   -2.73744E-02    8.39355E-01    1.43170E+02    1.54286E+02    2.83464E+02
    3.65074E+04    1.15366E+08    1.22857E+07    1.50873E+04    8.19458E-01   -3.24188E-02    9.04658E-01    1.54286E+02    1.67599E+02    3.05495E+02
    3.69204E+04    1.30199E+08    1.48328E+07    1.50873E+04    9.67348E-01   -3.91069E-02    9.82761E-01    1.67599E+02    1.83841E+02    3.31863E+02
    3.73380E+04    1.48454E+08    1.82556E+07    1.50873E+04    1.16410E+00   -4.82908E-02    1.07785E+00    1.83841E+02    2.04123E+02    3.63999E+02
    3.77604E+04    1.71467E+08    2.30128E+07    1.50873E+04    1.43483E+00   -6.14983E-02    1.19626E+00    2.04123E+02    2.30245E+02    4.04073E+02
    3.81876E+04    2.01386E+08    2.99193E+07    1.50873E+04    1.82396E+00   -8.17322E-02    1.34807E+00    2.30245E+02    2.65353E+02    4.55567E+02
    3.86195E+04    2.41942E+08    4.05553E+07    1.50873E+04    2.41739E+00   -1.15694E-01    1.55049E+00    2.65353E+02    3.15611E+02    5.24509E+02
    3.90564E+04    3.00328E+08    5.83860E+07    1.50873E+04    3.40285E+00   -1.81398E-01    1.83574E+00    3.15611E+02    3.95302E+02    6.22446E+02
    3.94982E+04    3.92901E+08    9.25737E+07    1.50873E+04    5.27541E+00   -3.43212E-01    2.27104E+00    3.95302E+02    5.47783E+02    7.74894E+02
    3.99450E+04    5.71439E+08    1.78538E+08    1.50873E+04    9.94795E+00   -9.50513E-01    3.00740E+00    5.47783E+02    9.74846E+02    1.05046E+03
    4.03968E+04    1.37941E+09    8.07973E+08    1.50873E+04    4.40185E+01   -5.11518E+00    4.22534E+00    9.74846E+02    3.29905E+03    1.68109E+03
