 # rho, F_z,dF_z, z(rho), E2 (=>sigma2=e0^2*E2), Er, Ez, Ui,j , Ui+1,j , Ui,j-1
    2.50000E-01    3.15419E-01    3.15419E-01    0.00000E+00    2.52335E+00   -4.12653E-01    1.53397E+00    1.97331E+00    2.17964E+00    2.74030E+00
    7.31707E-01    8.88414E-01    5.72995E-01    5.00000E-01    1.68983E+00   -1.60895E-01    1.28994E+00    1.53467E+00    1.60923E+00    2.17964E+00
    1.19774E+00    1.78356E+00    8.95144E-01    5.00000E-01    1.59471E+00   -5.79631E-02    1.26149E+00    1.60923E+00    1.63639E+00    2.23997E+00
    1.66904E+00    3.07437E+00    1.29081E+00    5.00000E-01    1.63180E+00   -3.77352E-02    1.27686E+00    1.63639E+00    1.65428E+00    2.27482E+00
    2.14566E+00    4.81354E+00    1.73917E+00    5.00000E-01    1.69111E+00   -3.76710E-02    1.29988E+00    1.65428E+00    1.67233E+00    2.30422E+00
    2.62767E+00    7.06248E+00    2.24894E+00    5.00000E-01    1.76570E+00   -4.69522E-02    1.32797E+00    1.67233E+00    1.69509E+00    2.33632E+00
    3.11513E+00    9.90543E+00    2.84295E+00    5.00000E-01    1.86176E+00   -6.64088E-02    1.36285E+00    1.69509E+00    1.72765E+00    2.37652E+00
    3.60810E+00    1.34631E+01    3.55762E+00    5.00000E-01    1.98899E+00   -1.05877E-01    1.40633E+00    1.72765E+00    1.78013E+00    2.43081E+00
    4.10663E+00    1.79092E+01    4.44620E+00    5.00000E-01    2.15960E+00   -1.97317E-01    1.45625E+00    1.78013E+00    1.87906E+00    2.50826E+00
    4.61080E+00    2.35584E+01    5.64919E+00    5.00000E-01    2.41658E+00   -4.49506E-01    1.48813E+00    1.87906E+00    2.10696E+00    2.62312E+00
    5.12067E+00    2.86330E+01    5.07454E+00    9.63414E-01    1.93277E+00   -3.61576E-01    1.34240E+00    1.43576E+00    1.62115E+00    2.10696E+00
    5.63630E+00    3.43209E+01    5.68791E+00    9.63414E-01    1.94621E+00   -3.07317E-01    1.36080E+00    1.62115E+00    1.78050E+00    2.30154E+00
    6.15775E+00    4.18841E+01    7.56318E+00    9.63414E-01    2.34225E+00   -5.49694E-01    1.42832E+00    1.78050E+00    2.06875E+00    2.49466E+00
    6.68510E+00    4.86539E+01    6.76983E+00    1.43207E+00    1.90959E+00   -4.52547E-01    1.30568E+00    1.46368E+00    1.70367E+00    2.06875E+00
    7.21840E+00    5.70691E+01    8.41522E+00    1.43207E+00    2.17377E+00   -5.96225E-01    1.34844E+00    1.70367E+00    2.02343E+00    2.32856E+00
    7.75774E+00    6.42658E+01    7.19664E+00    1.90601E+00    1.71043E+00   -4.51335E-01    1.22749E+00    1.44816E+00    1.69295E+00    2.02343E+00
    8.30316E+00    7.36832E+01    9.41746E+00    1.90601E+00    2.06786E+00   -6.07345E-01    1.30345E+00    1.69295E+00    2.02607E+00    2.30382E+00
    8.85475E+00    8.19258E+01    8.24253E+00    2.38531E+00    1.67816E+00   -4.62079E-01    1.21023E+00    1.45249E+00    1.70880E+00    2.02607E+00
    9.41258E+00    9.30686E+01    1.11429E+01    2.38531E+00    2.11037E+00   -6.43474E-01    1.30242E+00    1.70880E+00    2.06976E+00    2.32608E+00
    9.97670E+00    1.03170E+02    1.01016E+01    2.87003E+00    1.78482E+00   -5.12258E-01    1.23386E+00    1.47837E+00    1.76897E+00    2.06976E+00
    1.05472E+01    1.17709E+02    1.45383E+01    2.87003E+00    2.40262E+00   -7.80433E-01    1.33923E+00    1.76897E+00    2.21671E+00    2.41087E+00
    1.11242E+01    1.33579E+02    1.58706E+01    3.36023E+00    2.45898E+00   -9.03105E-01    1.28195E+00    1.59533E+00    2.11930E+00    2.21671E+00
    1.17076E+01    1.48039E+02    1.44599E+01    3.85596E+00    2.10497E+00   -8.91255E-01    1.14483E+00    1.55811E+00    2.08105E+00    2.11930E+00
    1.22977E+01    1.62279E+02    1.42401E+01    4.35730E+00    1.95146E+00   -8.80179E-01    1.08478E+00    1.54329E+00    2.06556E+00    2.08105E+00
    1.28944E+01    1.76785E+02    1.45063E+01    4.86430E+00    1.87475E+00   -8.76450E-01    1.05195E+00    1.53818E+00    2.06412E+00    2.06556E+00
    1.34979E+01    1.91918E+02    1.51326E+01    5.37703E+00    1.84739E+00   -8.82187E-01    1.03399E+00    1.53989E+00    2.07525E+00    2.06412E+00
    1.41082E+01    2.08098E+02    1.61798E+01    5.89556E+00    1.86867E+00   -9.02115E-01    1.02706E+00    1.54865E+00    2.10229E+00    2.07525E+00
    1.47254E+01    2.26058E+02    1.79600E+01    6.41994E+00    1.96513E+00   -9.50770E-01    1.03013E+00    1.56815E+00    2.15825E+00    2.10229E+00
    1.53495E+01    2.47932E+02    2.18747E+01    6.95025E+00    2.27048E+00   -1.09228E+00    1.03798E+00    1.61395E+00    2.29953E+00    2.15825E+00
    1.59807E+01    2.61706E+02    1.37741E+01    8.02892E+00    1.35787E+00   -9.45724E-01    6.80791E-01    1.47178E+00    2.07209E+00    1.83689E+00
    1.66191E+01    2.83129E+02    2.14224E+01    8.57741E+00    2.00804E+00   -1.09976E+00    8.93630E-01    1.58741E+00    2.29338E+00    2.07209E+00
    1.72646E+01    3.00776E+02    1.76471E+01    9.69305E+00    1.57451E+00   -1.08158E+00    6.36158E-01    1.50925E+00    2.21139E+00    1.86212E+00
    1.79175E+01    3.18170E+02    1.73936E+01    1.08341E+01    1.47864E+00   -1.06887E+00    5.79801E-01    1.49689E+00    2.19863E+00    1.82581E+00
    1.85777E+01    3.37281E+02    1.91111E+01    1.20010E+01    1.54940E+00   -1.11601E+00    5.51289E-01    1.51088E+00    2.25184E+00    1.83073E+00
    1.92454E+01    3.54112E+02    1.68309E+01    1.38013E+01    1.30248E+00   -1.06475E+00    4.10826E-01    1.46227E+00    2.17720E+00    1.70880E+00
    1.99207E+01    3.67692E+02    1.35806E+01    1.62981E+01    1.00398E+00   -9.51960E-01    3.12660E-01    1.41048E+00    2.05689E+00    1.60673E+00
    2.06035E+01    3.79280E+02    1.15873E+01    1.89097E+01    8.18976E-01   -8.63058E-01    2.72226E-01    1.38269E+00    1.97536E+00    1.56141E+00
    2.12941E+01    3.91738E+02    1.24587E+01    2.09469E+01    8.42486E-01   -8.73807E-01    2.80975E-01    1.40063E+00    2.00746E+00    1.59142E+00
    2.19925E+01    4.02771E+02    1.10325E+01    2.37722E+01    7.14284E-01   -8.12501E-01    2.32649E-01    1.37625E+00    1.94688E+00    1.54149E+00
    2.26988E+01    4.12591E+02    9.82018E+00    2.67274E+01    6.09126E-01   -7.51904E-01    2.09206E-01    1.35893E+00    1.89297E+00    1.51435E+00
    2.34130E+01    4.23172E+02    1.05807E+01    2.90326E+01    6.29165E-01   -7.62583E-01    2.18248E-01    1.37640E+00    1.92414E+00    1.54409E+00
    2.41354E+01    4.32302E+02    9.13082E+00    3.22296E+01    5.20818E-01   -6.98280E-01    1.82273E-01    1.35045E+00    1.85768E+00    1.49695E+00
    2.48659E+01    4.41747E+02    9.44490E+00    3.47234E+01    5.17064E-01   -6.93674E-01    1.89421E-01    1.36066E+00    1.87023E+00    1.51812E+00
    2.56046E+01    4.51233E+02    9.48580E+00    3.73028E+01    4.98685E-01   -6.82180E-01    1.82524E-01    1.36268E+00    1.86947E+00    1.51960E+00
    2.63517E+01    4.60683E+02    9.44973E+00    3.99705E+01    4.77310E-01   -6.68601E-01    1.74021E-01    1.36291E+00    1.86523E+00    1.51766E+00
    2.71072E+01    4.70063E+02    9.37975E+00    4.27298E+01    4.55424E-01   -6.54283E-01    1.65344E-01    1.36243E+00    1.85954E+00    1.51450E+00
    2.78713E+01    4.79350E+02    9.28777E+00    4.55836E+01    4.33695E-01   -6.39607E-01    1.56834E-01    1.36150E+00    1.85295E+00    1.51069E+00
    2.86440E+01    4.88524E+02    9.17364E+00    4.85353E+01    4.12152E-01   -6.24559E-01    1.48589E-01    1.36013E+00    1.84544E+00    1.50632E+00
    2.94255E+01    4.97549E+02    9.02521E+00    5.15882E+01    3.90305E-01   -6.08710E-01    1.40629E-01    1.35809E+00    1.83643E+00    1.50119E+00
    3.02157E+01    5.06345E+02    8.79611E+00    5.47457E+01    3.66309E-01   -5.90442E-01    1.32992E-01    1.35453E+00    1.82376E+00    1.49450E+00
    3.10149E+01    5.14542E+02    8.19675E+00    5.80115E+01    3.28837E-01   -5.59249E-01    1.26798E-01    1.34424E+00    1.79370E+00    1.48226E+00
    3.18232E+01    5.24287E+02    9.74513E+00    6.02507E+01    3.76768E-01   -5.93631E-01    1.56112E-01    1.38021E+00    1.86269E+00    1.55401E+00
    3.26405E+01    5.33222E+02    8.93476E+00    6.37052E+01    3.33024E-01   -5.64528E-01    1.19718E-01    1.35860E+00    1.82262E+00    1.49645E+00
    3.34671E+01    5.41402E+02    8.18014E+00    6.72782E+01    2.94044E-01   -5.30602E-01    1.11828E-01    1.34464E+00    1.78570E+00    1.47782E+00
    3.43031E+01    5.50917E+02    9.51441E+00    6.97280E+01    3.29943E-01   -5.57674E-01    1.37633E-01    1.37639E+00    1.84519E+00    1.54403E+00
    3.51485E+01    5.59148E+02    8.23167E+00    7.35074E+01    2.75481E-01   -5.14162E-01    1.05444E-01    1.34621E+00    1.78332E+00    1.47904E+00
    3.60034E+01    5.68313E+02    9.16498E+00    7.60988E+01    2.96086E-01   -5.28551E-01    1.29305E-01    1.37027E+00    1.82469E+00    1.53687E+00
    3.68680E+01    5.78399E+02    1.00854E+01    7.87490E+01    3.14626E-01   -5.45508E-01    1.30562E-01    1.38728E+00    1.86158E+00    1.55932E+00
    3.77424E+01    5.87049E+02    8.64992E+00    8.28378E+01    2.60647E-01   -5.01413E-01    9.60819E-02    1.35398E+00    1.79487E+00    1.48493E+00
    3.86267E+01    5.96858E+02    9.80921E+00    8.56412E+01    2.85586E-01   -5.21484E-01    1.16792E-01    1.38111E+00    1.84482E+00    1.54390E+00
    3.95209E+01    6.05245E+02    8.38727E+00    8.99662E+01    2.35996E-01   -4.77807E-01    8.77274E-02    1.34874E+00    1.77842E+00    1.47521E+00
    4.04252E+01    6.14370E+02    9.12538E+00    9.29317E+01    2.48215E-01   -4.86362E-01    1.08015E-01    1.36846E+00    1.81077E+00    1.52771E+00
    4.13398E+01    6.23913E+02    9.54226E+00    9.59645E+01    2.50976E-01   -4.88899E-01    1.09336E-01    1.37661E+00    1.82625E+00    1.54148E+00
    4.22647E+01    6.33839E+02    9.92626E+00    9.90662E+01    2.52509E-01   -4.90748E-01    1.08055E-01    1.38333E+00    1.83978E+00    1.54997E+00
    4.32001E+01    6.44395E+02    1.05561E+01    1.02238E+02    2.59783E-01   -4.98692E-01    1.05307E-01    1.39382E+00    1.86289E+00    1.55991E+00
    4.41460E+01    6.53250E+02    8.85540E+00    1.07133E+02    2.10876E-01   -4.52948E-01    7.55912E-02    1.35659E+00    1.78745E+00    1.47990E+00
    4.51026E+01    6.62757E+02    9.50697E+00    1.10488E+02    2.19114E-01   -4.58764E-01    9.30033E-02    1.37381E+00    1.81514E+00    1.52898E+00
    4.60700E+01    6.72570E+02    9.81269E+00    1.13920E+02    2.18937E-01   -4.58443E-01    9.36344E-02    1.37967E+00    1.82567E+00    1.53943E+00
    4.70484E+01    6.82590E+02    1.00199E+01    1.17430E+02    2.16466E-01   -4.56028E-01    9.22181E-02    1.38312E+00    1.83179E+00    1.54405E+00
    4.80378E+01    6.92776E+02    1.01862E+01    1.21019E+02    2.13118E-01   -4.52733E-01    9.02811E-02    1.38568E+00    1.83613E+00    1.54681E+00
    4.90384E+01    7.03107E+02    1.03303E+01    1.24691E+02    2.09357E-01   -4.48980E-01    8.81677E-02    1.38777E+00    1.83954E+00    1.54870E+00
    5.00503E+01    7.13566E+02    1.04595E+01    1.28445E+02    2.05369E-01   -4.44943E-01    8.59928E-02    1.38957E+00    1.84233E+00    1.55010E+00
    5.10736E+01    7.24142E+02    1.05763E+01    1.32285E+02    2.01228E-01   -4.40687E-01    8.38038E-02    1.39113E+00    1.84463E+00    1.55112E+00
    5.21085E+01    7.34823E+02    1.06803E+01    1.36212E+02    1.96945E-01   -4.36214E-01    8.16229E-02    1.39245E+00    1.84643E+00    1.55183E+00
    5.31551E+01    7.45590E+02    1.07677E+01    1.40229E+02    1.92472E-01   -4.31460E-01    7.94610E-02    1.39349E+00    1.84759E+00    1.55217E+00
    5.42135E+01    7.56419E+02    1.08289E+01    1.44337E+02    1.87666E-01   -4.26247E-01    7.73266E-02    1.39407E+00    1.84775E+00    1.55200E+00
    5.52839E+01    7.67258E+02    1.08387E+01    1.48538E+02    1.82140E-01   -4.20094E-01    7.52435E-02    1.39378E+00    1.84597E+00    1.55095E+00
    5.63664E+01    7.77970E+02    1.07123E+01    1.52834E+02    1.74587E-01   -4.11345E-01    7.33621E-02    1.39120E+00    1.83897E+00    1.54792E+00
    5.74611E+01    7.87908E+02    9.93800E+00    1.57229E+02    1.57107E-01   -3.89508E-01    7.34211E-02    1.37770E+00    1.80650E+00    1.53811E+00
    5.85682E+01    8.01817E+02    1.39092E+01    1.59463E+02    2.13320E-01   -4.34394E-01    1.56915E-01    1.45979E+00    1.94340E+00    1.80650E+00
    5.96878E+01    8.14043E+02    1.22253E+01    1.64008E+02    1.81922E-01   -4.19754E-01    7.56885E-02    1.41610E+00    1.88869E+00    1.58713E+00
    6.08200E+01    8.25976E+02    1.19337E+01    1.68656E+02    1.72329E-01   -4.09262E-01    6.95200E-02    1.40973E+00    1.87571E+00    1.57039E+00
    6.19650E+01    8.37652E+02    1.16755E+01    1.73410E+02    1.63636E-01   -3.98960E-01    6.68341E-02    1.40486E+00    1.86424E+00    1.56282E+00
    6.31230E+01    8.48445E+02    1.07933E+01    1.78272E+02    1.46838E-01   -3.77373E-01    6.65389E-02    1.39008E+00    1.82953E+00    1.55093E+00
    6.42940E+01    8.63378E+02    1.49326E+01    1.80744E+02    1.97222E-01   -4.19305E-01    1.46305E-01    1.47187E+00    1.96565E+00    1.82953E+00
    6.54783E+01    8.76409E+02    1.30310E+01    1.85773E+02    1.67106E-01   -4.03052E-01    6.82262E-02    1.42609E+00    1.90610E+00    1.59667E+00
    6.66760E+01    8.88947E+02    1.25378E+01    1.90916E+02    1.56128E-01   -3.90125E-01    6.26917E-02    1.41684E+00    1.88671E+00    1.57715E+00
    6.78872E+01    9.00469E+02    1.15225E+01    1.96176E+02    1.39351E-01   -3.68134E-01    6.18714E-02    1.40032E+00    1.84871E+00    1.56212E+00
    6.91121E+01    9.16249E+02    1.57796E+01    1.98850E+02    1.85358E-01   -4.07533E-01    1.38835E-01    1.48154E+00    1.98352E+00    1.84871E+00
    7.03508E+01    9.29829E+02    1.35803E+01    2.04290E+02    1.54964E-01   -3.88537E-01    6.32709E-02    1.43242E+00    1.91641E+00    1.60355E+00
    7.16036E+01    9.42135E+02    1.23063E+01    2.09854E+02    1.36428E-01   -3.64511E-01    5.96643E-02    1.41164E+00    1.87084E+00    1.57669E+00
    7.28704E+01    9.58864E+02    1.67290E+01    2.12683E+02    1.80197E-01   -4.02442E-01    1.35046E-01    1.49305E+00    2.00576E+00    1.87084E+00
    7.41516E+01    9.73209E+02    1.43451E+01    2.18438E+02    1.50153E-01   -3.82771E-01    6.03239E-02    1.44222E+00    1.93538E+00    1.61481E+00
    7.54473E+01    9.86196E+02    1.29867E+01    2.24323E+02    1.32107E-01   -3.59004E-01    5.67716E-02    1.42076E+00    1.88853E+00    1.58688E+00
    7.67576E+01    1.00376E+03    1.75598E+01    2.27316E+02    1.73615E-01   -3.95720E-01    1.30464E-01    1.50246E+00    2.02390E+00    1.88853E+00
    7.80828E+01    1.01877E+03    1.50118E+01    2.33403E+02    1.44274E-01   -3.75489E-01    5.72904E-02    1.45029E+00    1.95066E+00    1.62368E+00
    7.94229E+01    1.03228E+03    1.35156E+01    2.39628E+02    1.26276E-01   -3.51237E-01    5.39259E-02    1.42734E+00    1.90068E+00    1.59425E+00
    8.07781E+01    1.05036E+03    1.80739E+01    2.42794E+02    1.64176E-01   -3.85207E-01    1.25663E-01    1.50733E+00    2.03231E+00    1.90068E+00
    8.21487E+01    1.06492E+03    1.45669E+01    2.49232E+02    1.28658E-01   -3.54298E-01    5.59513E-02    1.44282E+00    1.93113E+00    1.62194E+00
    8.35347E+01    1.08420E+03    1.92735E+01    2.52507E+02    1.65533E-01   -3.86738E-01    1.26357E-01    1.52205E+00    2.06110E+00    1.93113E+00
    8.49364E+01    1.09968E+03    1.54854E+01    2.59166E+02    1.29342E-01   -3.55393E-01    5.51115E-02    1.45495E+00    1.95590E+00    1.63743E+00
    8.63540E+01    1.12021E+03    2.05256E+01    2.62552E+02    1.66742E-01   -3.88676E-01    1.25192E-01    1.53670E+00    2.09076E+00    1.95590E+00
    8.77875E+01    1.13757E+03    1.73609E+01    2.69440E+02    1.37179E-01   -3.66646E-01    5.24426E-02    1.47896E+00    2.00752E+00    1.65855E+00
    8.92373E+01    1.15317E+03    1.56048E+01    2.76485E+02    1.19945E-01   -3.42837E-01    4.90677E-02    1.45413E+00    1.95395E+00    1.62598E+00
    9.07034E+01    1.17384E+03    2.06694E+01    2.80067E+02    1.54559E-01   -3.75028E-01    1.17951E-01    1.53617E+00    2.08910E+00    1.95395E+00
    9.21861E+01    1.19050E+03    1.66578E+01    2.87353E+02    1.21188E-01   -3.44410E-01    5.06992E-02    1.46849E+00    1.98202E+00    1.65215E+00
    9.36856E+01    1.21232E+03    2.18213E+01    2.91058E+02    1.54468E-01   -3.74849E-01    1.18137E-01    1.54923E+00    2.11446E+00    1.98202E+00
    9.52020E+01    1.22977E+03    1.74444E+01    2.98594E+02    1.20160E-01   -3.43037E-01    4.98499E-02    1.47804E+00    2.00115E+00    1.66482E+00
    9.67356E+01    1.25253E+03    2.27587E+01    3.02425E+02    1.52557E-01   -3.72757E-01    1.16657E-01    1.55913E+00    2.13398E+00    2.00115E+00
    9.82864E+01    1.27065E+03    1.81228E+01    3.10220E+02    1.18228E-01   -3.40368E-01    4.87622E-02    1.48588E+00    2.01672E+00    1.67485E+00
    9.98548E+01    1.29417E+03    2.35223E+01    3.14183E+02    1.49355E-01   -3.69013E-01    1.14824E-01    1.56673E+00    2.14874E+00    2.01672E+00
    1.01441E+02    1.31257E+03    1.83980E+01    3.22244E+02    1.13707E-01   -3.33781E-01    4.79267E-02    1.48852E+00    2.02091E+00    1.68061E+00
    1.03045E+02    1.33567E+03    2.31019E+01    3.26343E+02    1.38986E-01   -3.55075E-01    1.13609E-01    1.56041E+00    2.13317E+00    2.02091E+00
    1.04667E+02    1.36300E+03    2.73278E+01    3.30489E+02    1.60053E-01   -3.79058E-01    1.27938E-01    1.60874E+00    2.22709E+00    2.13317E+00
    1.06308E+02    1.38395E+03    2.09468E+01    3.38921E+02    1.19438E-01   -3.42240E-01    4.80640E-02    1.51862E+00    2.08322E+00    1.72012E+00
    1.07967E+02    1.41097E+03    2.70202E+01    3.43208E+02    1.50006E-01   -3.70342E-01    1.13368E-01    1.60258E+00    2.22045E+00    2.08322E+00
    1.09645E+02    1.43241E+03    2.14454E+01    3.51929E+02    1.15925E-01   -3.37370E-01    4.58940E-02    1.52320E+00    2.09241E+00    1.72219E+00
    1.11341E+02    1.46005E+03    2.76431E+01    3.56364E+02    1.45506E-01   -3.65093E-01    1.10511E-01    1.60782E+00    2.23077E+00    2.09241E+00
    1.13057E+02    1.48171E+03    2.16556E+01    3.65384E+02    1.11005E-01   -3.30137E-01    4.48812E-02    1.52477E+00    2.09444E+00    1.72605E+00
    1.14793E+02    1.50876E+03    2.70475E+01    3.69970E+02    1.35022E-01   -3.50915E-01    1.08998E-01    1.60010E+00    2.21246E+00    2.09444E+00
    1.16547E+02    1.54057E+03    3.18135E+01    3.74609E+02    1.54674E-01   -3.73687E-01    1.22608E-01    1.65011E+00    2.30959E+00    2.21246E+00
    1.18322E+02    1.56496E+03    2.43902E+01    3.84044E+02    1.15499E-01   -3.36874E-01    4.48881E-02    1.55448E+00    2.15571E+00    1.76505E+00
    1.20117E+02    1.59616E+03    3.11955E+01    3.88841E+02    1.43892E-01   -3.63496E-01    1.08456E-01    1.64121E+00    2.29728E+00    2.15571E+00
    1.21932E+02    1.62052E+03    2.43674E+01    3.98599E+02    1.09486E-01   -3.28066E-01    4.31204E-02    1.55309E+00    2.15190E+00    1.76230E+00
    1.23768E+02    1.65080E+03    3.02798E+01    4.03561E+02    1.32536E-01   -3.48207E-01    1.06245E-01    1.63061E+00    2.27337E+00    2.15190E+00
    1.25624E+02    1.68620E+03    3.53931E+01    4.08579E+02    1.50923E-01   -3.69698E-01    1.19359E-01    1.68112E+00    2.37126E+00    2.27337E+00
    1.27501E+02    1.71293E+03    2.67310E+01    4.18786E+02    1.11053E-01   -3.30427E-01    4.32536E-02    1.57725E+00    2.20106E+00    1.79675E+00
    1.29400E+02    1.74601E+03    3.30860E+01    4.23976E+02    1.33924E-01   -3.50237E-01    1.06106E-01    1.65651E+00    2.32518E+00    2.20106E+00
    1.31320E+02    1.78463E+03    3.86192E+01    4.29225E+02    1.52315E-01   -3.71755E-01    1.18801E-01    1.70860E+00    2.42638E+00    2.32518E+00
    1.33262E+02    1.81427E+03    2.96344E+01    4.39901E+02    1.13889E-01   -3.34820E-01    4.22442E-02    1.60521E+00    2.25897E+00    1.82944E+00
    1.35225E+02    1.85195E+03    3.76798E+01    4.45329E+02    1.41111E-01   -3.60789E-01    1.04605E-01    1.69745E+00    2.40989E+00    2.25897E+00
    1.37211E+02    1.88146E+03    2.95109E+01    4.56371E+02    1.07702E-01   -3.25673E-01    4.04815E-02    1.60290E+00    2.25325E+00    1.82514E+00
    1.39219E+02    1.91795E+03    3.64872E+01    4.61986E+02    1.29775E-01   -3.45414E-01    1.02295E-01    1.68531E+00    2.38289E+00    2.25325E+00
    1.41250E+02    1.96037E+03    4.24200E+01    4.67664E+02    1.47045E-01   -3.65878E-01    1.14797E-01    1.73833E+00    2.48558E+00    2.38289E+00
    1.43304E+02    1.99243E+03    3.20648E+01    4.79214E+02    1.08333E-01   -3.26634E-01    4.05382E-02    1.62660E+00    2.30124E+00    1.85938E+00
    1.45381E+02    2.03183E+03    3.94022E+01    4.85087E+02    1.29755E-01   -3.45511E-01    1.01866E-01    1.70967E+00    2.43137E+00    2.30124E+00
    1.47482E+02    2.07739E+03    4.55540E+01    4.91026E+02    1.46224E-01   -3.65036E-01    1.13898E-01    1.76246E+00    2.53355E+00    2.43137E+00
    1.49606E+02    2.11151E+03    3.41249E+01    5.03107E+02    1.06776E-01   -3.24320E-01    3.99047E-02    1.64450E+00    2.33733E+00    1.88418E+00
    1.51754E+02    2.15297E+03    4.14553E+01    5.09249E+02    1.26447E-01   -3.41034E-01    1.00712E-01    1.72558E+00    2.46234E+00    2.33733E+00
    1.53927E+02    2.19946E+03    4.64915E+01    5.15462E+02    1.38245E-01   -3.54212E-01    1.13041E-01    1.76795E+00    2.54183E+00    2.46234E+00
    1.56124E+02    2.25168E+03    5.22221E+01    5.21744E+02    1.51389E-01   -3.70958E-01    1.17383E-01    1.81261E+00    2.63223E+00    2.54183E+00
    1.58346E+02    2.29053E+03    3.88509E+01    5.34523E+02    1.09805E-01   -3.28979E-01    3.97233E-02    1.68456E+00    2.41965E+00    1.93694E+00
    1.60593E+02    2.33799E+03    4.74570E+01    5.41021E+02    1.30775E-01   -3.47323E-01    1.00705E-01    1.77259E+00    2.55743E+00    2.41965E+00
    1.62866E+02    2.39257E+03    5.45788E+01    5.47592E+02    1.46644E-01   -3.66115E-01    1.12265E-01    1.82795E+00    2.66461E+00    2.55743E+00
    1.65164E+02    2.43345E+03    4.08835E+01    5.60958E+02    1.07108E-01   -3.24992E-01    3.85795E-02    1.70028E+00    2.45135E+00    1.95666E+00
    1.67488E+02    2.48293E+03    4.94771E+01    5.67755E+02    1.26395E-01   -3.41484E-01    9.89142E-02    1.78659E+00    2.58469E+00    2.45135E+00
    1.69838E+02    2.53821E+03    5.52833E+01    5.74628E+02    1.37717E-01   -3.54150E-01    1.10884E-01    1.83106E+00    2.66812E+00    2.58469E+00
    1.72215E+02    2.60003E+03    6.18207E+01    5.81579E+02    1.50180E-01   -3.70069E-01    1.15017E-01    1.87757E+00    2.76214E+00    2.66812E+00
    1.74619E+02    2.64577E+03    4.57431E+01    5.95718E+02    1.08369E-01   -3.26952E-01    3.83558E-02    1.73788E+00    2.52822E+00    2.00751E+00
    1.77050E+02    2.70095E+03    5.51799E+01    6.02907E+02    1.27490E-01   -3.43171E-01    9.86059E-02    1.82723E+00    2.66615E+00    2.52822E+00
    1.79508E+02    2.76246E+03    6.15059E+01    6.10178E+02    1.38593E-01   -3.55558E-01    1.10327E-01    1.87297E+00    2.75199E+00    2.66615E+00
    1.81994E+02    2.83110E+03    6.86396E+01    6.17531E+02    1.50850E-01   -3.71195E-01    1.14301E-01    1.92095E+00    2.84901E+00    2.75199E+00
    1.84509E+02    2.88193E+03    5.08344E+01    6.32487E+02    1.08966E-01   -3.27933E-01    3.77572E-02    1.77494E+00    2.60410E+00    2.05570E+00
    1.87052E+02    2.94317E+03    6.12329E+01    6.40091E+02    1.28025E-01   -3.44155E-01    9.78866E-02    1.86800E+00    2.74800E+00    2.60410E+00
    1.89623E+02    3.01134E+03    6.81716E+01    6.47782E+02    1.39028E-01   -3.56433E-01    1.09471E-01    1.91549E+00    2.83719E+00    2.74800E+00
    1.92223E+02    3.08732E+03    7.59835E+01    6.55560E+02    1.51155E-01   -3.71890E-01    1.13370E-01    1.96528E+00    2.93782E+00    2.83719E+00
    1.94853E+02    3.14369E+03    5.63643E+01    6.71380E+02    1.09377E-01   -3.28632E-01    3.71185E-02    1.81314E+00    2.68226E+00    2.10510E+00
    1.97513E+02    3.21149E+03    6.78029E+01    6.79424E+02    1.28352E-01   -3.44858E-01    9.70824E-02    1.91002E+00    2.83236E+00    2.68226E+00
    2.00203E+02    3.28689E+03    7.53976E+01    6.87560E+02    1.39238E-01   -3.57014E-01    1.08531E-01    1.95930E+00    2.92494E+00    2.83236E+00
    2.02923E+02    3.37081E+03    8.39259E+01    6.95787E+02    1.51201E-01   -3.72259E-01    1.12359E-01    2.01087E+00    3.02912E+00    2.92494E+00
    2.05673E+02    3.43314E+03    6.23242E+01    7.12521E+02    1.09544E-01   -3.28959E-01    3.64685E-02    1.85226E+00    2.76224E+00    2.15568E+00
    2.08455E+02    3.50798E+03    7.48416E+01    7.21030E+02    1.28339E-01   -3.45087E-01    9.61994E-02    1.95280E+00    2.91819E+00    2.76224E+00
    2.11269E+02    3.59105E+03    8.30746E+01    7.29636E+02    1.38990E-01   -3.56981E-01    1.07489E-01    2.00353E+00    3.01347E+00    2.91819E+00
    2.14114E+02    3.68331E+03    9.22569E+01    7.38338E+02    1.50600E-01   -3.71791E-01    1.11226E-01    2.05632E+00    3.12005E+00    3.01347E+00
    2.16991E+02    3.75161E+03    6.82980E+01    7.56040E+02    1.08782E-01   -3.27868E-01    3.58388E-02    1.88955E+00    2.83821E+00    2.20497E+00
    2.19901E+02    3.83315E+03    8.15427E+01    7.65041E+02    1.26727E-01   -3.43037E-01    9.51428E-02    1.99140E+00    2.99516E+00    2.83821E+00
    2.22843E+02    3.92269E+03    8.95373E+01    7.74144E+02    1.35779E-01   -3.52825E-01    1.06274E-01    2.03859E+00    3.08266E+00    2.99516E+00
    2.25819E+02    4.01931E+03    9.66187E+01    7.83349E+02    1.42971E-01   -3.61644E-01    1.10386E-01    2.07785E+00    3.16011E+00    3.08266E+00
    2.28829E+02    4.12533E+03    1.06023E+02    7.92659E+02    1.53095E-01   -3.74859E-01    1.12142E-01    2.12778E+00    3.26227E+00    3.16011E+00
    2.31872E+02    4.20319E+03    7.78556E+01    8.11595E+02    1.09706E-01   -3.29305E-01    3.55602E-02    1.94625E+00    2.95412E+00    2.28104E+00
    2.34950E+02    4.29570E+03    9.25167E+01    8.21224E+02    1.27219E-01   -3.43858E-01    9.47694E-02    2.05181E+00    3.11612E+00    2.95412E+00
    2.38063E+02    4.39667E+03    1.00968E+02    8.30961E+02    1.35494E-01   -3.52599E-01    1.05680E-01    2.09855E+00    3.20225E+00    3.11612E+00
    2.41211E+02    4.50448E+03    1.07806E+02    8.40809E+02    1.41187E-01   -3.59382E-01    1.09688E-01    2.13416E+00    3.27180E+00    3.20225E+00
    2.44394E+02    4.61953E+03    1.15057E+02    8.50768E+02    1.47059E-01   -3.66815E-01    1.11829E-01    2.17055E+00    3.34485E+00    3.27180E+00
    2.47614E+02    4.74508E+03    1.25550E+02    8.60839E+02    1.56614E-01   -3.79327E-01    1.12807E-01    2.22142E+00    3.44949E+00    3.34485E+00
    2.50870E+02    4.83725E+03    9.21617E+01    8.81325E+02    1.12205E-01   -3.33106E-01    3.52936E-02    2.02491E+00    3.11553E+00    2.38438E+00
    2.54162E+02    4.94675E+03    1.09508E+02    8.91741E+02    1.30126E-01   -3.48049E-01    9.48055E-02    2.13900E+00    3.29142E+00    3.11553E+00
    2.57492E+02    5.06655E+03    1.19793E+02    9.02276E+02    1.38937E-01   -3.57461E-01    1.05632E-01    2.19108E+00    3.38804E+00    3.29142E+00
    2.60859E+02    5.19541E+03    1.28866E+02    9.12929E+02    1.45881E-01   -3.65906E-01    1.09516E-01    2.23434E+00    3.47343E+00    3.38804E+00
    2.64265E+02    5.33637E+03    1.40962E+02    9.23703E+02    1.55759E-01   -3.78698E-01    1.11114E-01    2.28967E+00    3.58657E+00    3.47343E+00
    2.67709E+02    5.44010E+03    1.03723E+02    9.45618E+02    1.11872E-01   -3.32678E-01    3.45999E-02    2.08383E+00    3.23599E+00    2.46081E+00
    2.71192E+02    5.56298E+03    1.22884E+02    9.56761E+02    1.29374E-01   -3.47242E-01    9.37937E-02    2.20250E+00    3.41870E+00    3.23599E+00
    2.74714E+02    5.69675E+03    1.33770E+02    9.68030E+02    1.37476E-01   -3.55753E-01    1.04478E-01    2.25447E+00    3.51455E+00    3.41870E+00
    2.78276E+02    5.83924E+03    1.42489E+02    9.79426E+02    1.42947E-01   -3.62232E-01    1.08332E-01    2.29375E+00    3.59128E+00    3.51455E+00
    2.81878E+02    5.99092E+03    1.51676E+02    9.90952E+02    1.48541E-01   -3.69275E-01    1.10349E-01    2.33369E+00    3.67139E+00    3.59128E+00
    2.85521E+02    6.15586E+03    1.64942E+02    1.00261E+03    1.57689E-01   -3.81205E-01    1.11228E-01    2.38946E+00    3.78599E+00    3.67139E+00
    2.89205E+02    6.27679E+03    1.20930E+02    1.02631E+03    1.12864E-01   -3.34204E-01    3.42343E-02    2.16598E+00    3.40416E+00    2.56951E+00
    2.92931E+02    6.41959E+03    1.42799E+02    1.03837E+03    1.30109E-01   -3.48415E-01    9.33626E-02    2.29124E+00    3.59665E+00    3.40416E+00
    2.96699E+02    6.57444E+03    1.54858E+02    1.05056E+03    1.37749E-01   -3.56315E-01    1.03867E-01    2.34453E+00    3.69462E+00    3.59665E+00
    3.00509E+02    6.73851E+03    1.64062E+02    1.06289E+03    1.42475E-01   -3.61800E-01    1.07590E-01    2.38296E+00    3.76933E+00    3.69462E+00
    3.04363E+02    6.91140E+03    1.72890E+02    1.07536E+03    1.46585E-01   -3.66854E-01    1.09555E-01    2.41862E+00    3.84024E+00    3.76933E+00
    3.08260E+02    7.09440E+03    1.83006E+02    1.08797E+03    1.51488E-01   -3.73102E-01    1.10828E-01    2.45839E+00    3.92056E+00    3.84024E+00
    3.12201E+02    7.29267E+03    1.98266E+02    1.10072E+03    1.60237E-01   -3.84500E-01    1.11340E-01    2.51663E+00    4.04050E+00    3.92056E+00
    3.16187E+02    7.43788E+03    1.45211E+02    1.12666E+03    1.14584E-01   -3.36801E-01    3.39040E-02    2.27244E+00    3.62235E+00    2.70967E+00
    3.20217E+02    7.60902E+03    1.71143E+02    1.13985E+03    1.31857E-01   -3.50970E-01    9.31506E-02    2.40751E+00    3.83011E+00    3.62235E+00
    3.24294E+02    7.79433E+03    1.85311E+02    1.15318E+03    1.39403E-01   -3.58724E-01    1.03538E-01    2.46454E+00    3.93500E+00    3.83011E+00
    3.28416E+02    7.99041E+03    1.96071E+02    1.16667E+03    1.44018E-01   -3.64050E-01    1.07173E-01    2.50552E+00    4.01467E+00    3.93500E+00
    3.32585E+02    8.19677E+03    2.06370E+02    1.18031E+03    1.48010E-01   -3.68938E-01    1.09067E-01    2.54350E+00    4.09019E+00    4.01467E+00
    3.36801E+02    8.41494E+03    2.18166E+02    1.19411E+03    1.52786E-01   -3.75000E-01    1.10278E-01    2.58586E+00    4.17573E+00    4.09019E+00
    3.41064E+02    8.65093E+03    2.35989E+02    1.20806E+03    1.61378E-01   -3.86154E-01    1.10741E-01    2.64803E+00    4.30369E+00    4.17573E+00
    3.45376E+02    8.82382E+03    1.72888E+02    1.23644E+03    1.15447E-01   -3.38126E-01    3.34316E-02    2.38331E+00    3.84943E+00    2.85499E+00
    3.49737E+02    9.02714E+03    2.03322E+02    1.25087E+03    1.32578E-01   -3.52142E-01    9.25985E-02    2.52821E+00    4.07235E+00    3.84943E+00
    3.54147E+02    9.24677E+03    2.19629E+02    1.26546E+03    1.39848E-01   -3.59541E-01    1.02849E-01    2.58829E+00    4.18270E+00    4.07235E+00
    3.58606E+02    9.47843E+03    2.31658E+02    1.28022E+03    1.44045E-01   -3.64318E-01    1.06383E-01    2.63029E+00    4.26414E+00    4.18270E+00
    3.63116E+02    9.72106E+03    2.42632E+02    1.29514E+03    1.47330E-01   -3.68271E-01    1.08197E-01    2.66742E+00    4.33766E+00    4.26414E+00
    3.67677E+02    9.97511E+03    2.54054E+02    1.31023E+03    1.50650E-01   -3.72403E-01    1.09388E-01    2.70513E+00    4.41319E+00    4.33766E+00
    3.72290E+02    1.02428E+04    2.67698E+02    1.32550E+03    1.55022E-01   -3.77976E-01    1.10252E-01    2.74917E+00    4.50239E+00    4.41319E+00
    3.76954E+02    1.05316E+04    2.88820E+02    1.34093E+03    1.63338E-01   -3.88746E-01    1.10517E-01    2.81552E+00    4.63907E+00    4.50239E+00
    3.81672E+02    1.07432E+04    2.11569E+02    1.37233E+03    1.16850E-01   -3.40234E-01    3.30386E-02    2.52428E+00    4.13830E+00    3.04002E+00
    3.86442E+02    1.09916E+04    2.48375E+02    1.38830E+03    1.33972E-01   -3.54209E-01    9.22384E-02    2.68216E+00    4.38146E+00    4.13830E+00
    3.91267E+02    1.12595E+04    2.67913E+02    1.40444E+03    1.41133E-01   -3.61461E-01    1.02369E-01    2.74712E+00    4.50081E+00    4.38146E+00
    3.96146E+02    1.15417E+04    2.82238E+02    1.42077E+03    1.45207E-01   -3.66074E-01    1.05818E-01    2.79232E+00    4.58845E+00    4.50081E+00
    4.01080E+02    1.18370E+04    2.95259E+02    1.43728E+03    1.48361E-01   -3.69853E-01    1.07563E-01    2.83216E+00    4.66735E+00    4.58845E+00
    4.06070E+02    1.21458E+04    3.08784E+02    1.45398E+03    1.51539E-01   -3.73798E-01    1.08692E-01    2.87258E+00    4.74829E+00    4.66735E+00
    4.11116E+02    1.24707E+04    3.24932E+02    1.47087E+03    1.55746E-01   -3.79152E-01    1.09498E-01    2.91978E+00    4.84386E+00    4.74829E+00
    4.16220E+02    1.28207E+04    3.49982E+02    1.48795E+03    1.63845E-01   -3.89625E-01    1.09713E-01    2.99105E+00    4.99063E+00    4.84386E+00
    4.21381E+02    1.30770E+04    2.56341E+02    1.52269E+03    1.17212E-01   -3.40815E-01    3.25183E-02    2.67208E+00    4.44092E+00    3.23372E+00
    4.26600E+02    1.33773E+04    3.00228E+02    1.54035E+03    1.34085E-01   -3.54560E-01    9.14990E-02    2.84273E+00    4.70371E+00    4.44092E+00
    4.31879E+02    1.37003E+04    3.23016E+02    1.55821E+03    1.40907E-01   -3.61404E-01    1.01460E-01    2.91151E+00    4.82984E+00    4.70371E+00
    4.37217E+02    1.40395E+04    3.39217E+02    1.57628E+03    1.44534E-01   -3.65450E-01    1.04786E-01    2.95798E+00    4.91971E+00    4.82984E+00
    4.42615E+02    1.43928E+04    3.53303E+02    1.59455E+03    1.47038E-01   -3.68393E-01    1.06418E-01    2.99721E+00    4.99708E+00    4.91971E+00
    4.48074E+02    1.47597E+04    3.66890E+02    1.61303E+03    1.49147E-01   -3.70950E-01    1.07439E-01    3.03420E+00    5.07071E+00    4.99708E+00
    4.53595E+02    1.51406E+04    3.80931E+02    1.63171E+03    1.51261E-01   -3.73571E-01    1.08194E-01    3.07169E+00    5.14576E+00    5.07071E+00
    4.59179E+02    1.55371E+04    3.96502E+02    1.65061E+03    1.53792E-01   -3.76763E-01    1.08817E-01    3.11251E+00    5.22795E+00    5.14576E+00
    4.64825E+02    1.59529E+04    4.15810E+02    1.66972E+03    1.57541E-01   -3.81563E-01    1.09322E-01    3.16219E+00    5.32879E+00    5.22795E+00
    4.70535E+02    1.63995E+04    4.46553E+02    1.68904E+03    1.65268E-01   -3.91552E-01    1.09340E-01    3.23934E+00    5.48777E+00    5.32879E+00
    4.76310E+02    1.67262E+04    3.26725E+02    1.72835E+03    1.18119E-01   -3.42183E-01    3.20938E-02    2.88018E+00    4.86733E+00    3.50742E+00
    4.82150E+02    1.71080E+04    3.81815E+02    1.74834E+03    1.34840E-01   -3.55760E-01    9.09674E-02    3.06938E+00    5.15871E+00    4.86733E+00
    4.88056E+02    1.75180E+04    4.09977E+02    1.76855E+03    1.41435E-01   -3.62328E-01    1.00767E-01    3.14457E+00    5.29652E+00    5.15871E+00
    4.94029E+02    1.79477E+04    4.29709E+02    1.78899E+03    1.44814E-01   -3.66064E-01    1.03978E-01    3.19471E+00    5.39342E+00    5.29652E+00
    5.00069E+02    1.83943E+04    4.46620E+02    1.80967E+03    1.47034E-01   -3.68647E-01    1.05513E-01    3.23648E+00    5.47572E+00    5.39342E+00
    5.06178E+02    1.88570E+04    4.62644E+02    1.83057E+03    1.48789E-01   -3.70755E-01    1.06442E-01    3.27521E+00    5.55271E+00    5.47572E+00
    5.12356E+02    1.93357E+04    4.78764E+02    1.85172E+03    1.50418E-01   -3.72755E-01    1.07105E-01    3.31346E+00    5.62911E+00    5.55271E+00
    5.18603E+02    1.98315E+04    4.95807E+02    1.87310E+03    1.52176E-01   -3.74953E-01    1.07642E-01    3.35321E+00    5.70884E+00    5.62911E+00
    5.24921E+02    2.03465E+04    5.14975E+02    1.89472E+03    1.54412E-01   -3.77788E-01    1.08112E-01    3.39717E+00    5.79744E+00    5.70884E+00
    5.31310E+02    2.08855E+04    5.38998E+02    1.91659E+03    1.57887E-01   -3.82251E-01    1.08498E-01    3.45131E+00    5.90737E+00    5.79744E+00
    5.37772E+02    2.14632E+04    5.77654E+02    1.93871E+03    1.65310E-01   -3.91860E-01    1.08425E-01    3.53632E+00    6.08258E+00    5.90737E+00
    5.44306E+02    2.18857E+04    4.22522E+02    1.98369E+03    1.18129E-01   -3.42248E-01    3.15385E-02    3.12988E+00    5.37890E+00    3.83525E+00
    5.50915E+02    2.23784E+04    4.92728E+02    2.00656E+03    1.34583E-01   -3.55623E-01    9.00881E-02    3.34130E+00    5.70461E+00    5.37890E+00
    5.57598E+02    2.29064E+04    5.28038E+02    2.02970E+03    1.40907E-01   -3.61893E-01    9.97014E-02    3.42409E+00    5.85625E+00    5.70461E+00
    5.64357E+02    2.34588E+04    5.52369E+02    2.05309E+03    1.44007E-01   -3.65296E-01    1.02792E-01    3.47848E+00    5.96124E+00    5.85625E+00
    5.71192E+02    2.40317E+04    5.72872E+02    2.07675E+03    1.45916E-01   -3.67496E-01    1.04225E-01    3.52307E+00    6.04902E+00    5.96124E+00
    5.78104E+02    2.46236E+04    5.91914E+02    2.10067E+03    1.47300E-01   -3.69138E-01    1.05056E-01    3.56365E+00    6.12955E+00    6.04902E+00
    5.85094E+02    2.52342E+04    6.10553E+02    2.12487E+03    1.48445E-01   -3.70527E-01    1.05617E-01    3.60267E+00    6.20733E+00    6.12955E+00
    5.92163E+02    2.58636E+04    6.29433E+02    2.14934E+03    1.49519E-01   -3.71852E-01    1.06044E-01    3.64156E+00    6.28507E+00    6.20733E+00
    5.99313E+02    2.65127E+04    6.49133E+02    2.17408E+03    1.50657E-01   -3.73276E-01    1.06403E-01    3.68153E+00    6.36515E+00    6.28507E+00
    6.06543E+02    2.71831E+04    6.70423E+02    2.19911E+03    1.52025E-01   -3.75012E-01    1.06730E-01    3.72409E+00    6.45066E+00    6.36515E+00
    6.13854E+02    2.78779E+04    6.94728E+02    2.22441E+03    1.53921E-01   -3.77443E-01    1.07042E-01    3.77195E+00    6.54720E+00    6.45066E+00
    6.21249E+02    2.86035E+04    7.25579E+02    2.25001E+03    1.57068E-01   -3.81516E-01    1.07300E-01    3.83169E+00    6.66860E+00    6.54720E+00
    6.28727E+02    2.93793E+04    7.75878E+02    2.27589E+03    1.64104E-01   -3.90677E-01    1.07127E-01    3.92682E+00    6.86467E+00    6.66860E+00
    6.36289E+02    2.99465E+04    5.67189E+02    2.32854E+03    1.17215E-01   -3.40971E-01    3.08777E-02    3.45788E+00    6.05091E+00    4.26611E+00
    6.43937E+02    3.06065E+04    6.60007E+02    2.35531E+03    1.33270E-01   -3.54080E-01    8.88703E-02    3.69842E+00    6.42158E+00    6.05091E+00
    6.51671E+02    3.13125E+04    7.05926E+02    2.38238E+03    1.39277E-01   -3.60032E-01    9.82564E-02    3.79123E+00    6.59145E+00    6.42158E+00
    6.59493E+02    3.20495E+04    7.37083E+02    2.40976E+03    1.42094E-01   -3.63112E-01    1.01212E-01    3.85136E+00    6.70745E+00    6.59145E+00
    6.67403E+02    3.28125E+04    7.62986E+02    2.43745E+03    1.43720E-01   -3.64974E-01    1.02539E-01    3.90007E+00    6.80325E+00    6.70745E+00
    6.75402E+02    3.35993E+04    7.86733E+02    2.46545E+03    1.44802E-01   -3.66247E-01    1.03272E-01    3.94386E+00    6.89008E+00    6.80325E+00
    6.83492E+02    3.44089E+04    8.09638E+02    2.49376E+03    1.45608E-01   -3.67216E-01    1.03735E-01    3.98540E+00    6.97279E+00    6.89008E+00
    6.91673E+02    3.52413E+04    8.32403E+02    2.52240E+03    1.46279E-01   -3.68036E-01    1.04061E-01    4.02606E+00    7.05396E+00    6.97279E+00
    6.99947E+02    3.60968E+04    8.55516E+02    2.55136E+03    1.46903E-01   -3.68812E-01    1.04311E-01    4.06676E+00    7.13533E+00    7.05396E+00
    7.08314E+02    3.69762E+04    8.79427E+02    2.58065E+03    1.47558E-01   -3.69639E-01    1.04522E-01    4.10829E+00    7.21850E+00    7.13533E+00
    7.16776E+02    3.78810E+04    9.04709E+02    2.61027E+03    1.48332E-01   -3.70630E-01    1.04714E-01    4.15162E+00    7.30541E+00    7.21850E+00
    7.25333E+02    3.88132E+04    9.32292E+02    2.64022E+03    1.49363E-01   -3.71966E-01    1.04903E-01    4.19826E+00    7.39917E+00    7.30541E+00
    7.33987E+02    3.97773E+04    9.64045E+02    2.67052E+03    1.50924E-01   -3.74004E-01    1.05094E-01    4.25121E+00    7.50603E+00    7.39917E+00
    7.42739E+02    4.07820E+04    1.00473E+03    2.70115E+03    1.53703E-01   -3.77660E-01    1.05243E-01    4.31798E+00    7.64176E+00    7.50603E+00
    7.51590E+02    4.18539E+04    1.07190E+03    2.73213E+03    1.60237E-01   -3.86284E-01    1.04981E-01    4.42572E+00    7.86382E+00    7.64176E+00
    7.60540E+02    4.26368E+04    7.82861E+02    2.79515E+03    1.14359E-01   -3.36838E-01    2.99875E-02    3.87641E+00    6.90829E+00    4.81594E+00
    7.69592E+02    4.35456E+04    9.08834E+02    2.82719E+03    1.29734E-01   -3.49535E-01    8.69407E-02    4.15359E+00    7.33531E+00    6.90829E+00
    7.78746E+02    4.45156E+04    9.69955E+02    2.85960E+03    1.35302E-01   -3.55081E-01    9.60173E-02    4.25863E+00    7.52737E+00    7.33531E+00
    7.88004E+02    4.55262E+04    1.01065E+03    2.89237E+03    1.37766E-01   -3.57775E-01    9.88066E-02    4.32554E+00    7.65629E+00    7.52737E+00
    7.97366E+02    4.65702E+04    1.04394E+03    2.92551E+03    1.39062E-01   -3.59250E-01    1.00007E-01    4.37894E+00    7.76121E+00    7.65629E+00
    8.06834E+02    4.76442E+04    1.07402E+03    2.95902E+03    1.39810E-01   -3.60117E-01    1.00626E-01    4.42631E+00    7.85505E+00    7.76121E+00
    8.16409E+02    4.87468E+04    1.10262E+03    2.99292E+03    1.40264E-01   -3.60648E-01    1.00979E-01    4.47064E+00    7.94324E+00    7.85505E+00
    8.26092E+02    4.98774E+04    1.13058E+03    3.02720E+03    1.40546E-01   -3.60980E-01    1.01192E-01    4.51337E+00    8.02844E+00    7.94324E+00
    8.35885E+02    5.10358E+04    1.15838E+03    3.06186E+03    1.40726E-01   -3.61192E-01    1.01323E-01    4.55533E+00    8.11221E+00    8.02844E+00
    8.45788E+02    5.22221E+04    1.18637E+03    3.09692E+03    1.40847E-01   -3.61337E-01    1.01404E-01    4.59703E+00    8.19555E+00    8.11221E+00
    8.55803E+02    5.34369E+04    1.21481E+03    3.13237E+03    1.40943E-01   -3.61455E-01    1.01454E-01    4.63889E+00    8.27926E+00    8.19555E+00
    8.65932E+02    5.46809E+04    1.24395E+03    3.16823E+03    1.41042E-01   -3.61583E-01    1.01486E-01    4.68128E+00    8.36409E+00    8.27926E+00
    8.76174E+02    5.59550E+04    1.27410E+03    3.20448E+03    1.41177E-01   -3.61763E-01    1.01509E-01    4.72463E+00    8.45091E+00    8.36409E+00
    8.86533E+02    5.72607E+04    1.30570E+03    3.24115E+03    1.41389E-01   -3.62051E-01    1.01531E-01    4.76954E+00    8.54092E+00    8.45091E+00
    8.97009E+02    5.86001E+04    1.33943E+03    3.27824E+03    1.41746E-01   -3.62535E-01    1.01559E-01    4.81691E+00    8.63602E+00    8.54092E+00
    9.07603E+02    5.99767E+04    1.37654E+03    3.31574E+03    1.42364E-01   -3.63376E-01    1.01600E-01    4.86841E+00    8.73963E+00    8.63602E+00
    9.18316E+02    6.13963E+04    1.41967E+03    3.35366E+03    1.43490E-01   -3.64908E-01    1.01651E-01    4.92752E+00    8.85898E+00    8.73963E+00
    9.29151E+02    6.28720E+04    1.47564E+03    3.39202E+03    1.45762E-01   -3.68001E-01    1.01669E-01    5.00311E+00    9.01271E+00    8.85898E+00
    9.40108E+02    6.44417E+04    1.56976E+03    3.43080E+03    1.51538E-01   -3.75868E-01    1.01300E-01    5.12742E+00    9.26900E+00    9.01271E+00
    9.51189E+02    6.55858E+04    1.14408E+03    3.50970E+03    1.07939E-01   -3.27287E-01    2.86750E-02    4.46313E+00    8.11017E+00    5.58793E+00
    9.62395E+02    6.69103E+04    1.32444E+03    3.54982E+03    1.22120E-01   -3.39291E-01    8.36785E-02    4.79071E+00    8.61424E+00    8.11017E+00
    9.73728E+02    6.83200E+04    1.40977E+03    3.59039E+03    1.27040E-01   -3.44271E-01    9.22868E-02    4.91194E+00    8.83542E+00    8.61424E+00
    9.85189E+02    6.97852E+04    1.46518E+03    3.63142E+03    1.29039E-01   -3.46472E-01    9.48476E-02    4.98739E+00    8.98058E+00    8.83542E+00
    9.96779E+02    7.12948E+04    1.50962E+03    3.67291E+03    1.29938E-01   -3.47482E-01    9.58845E-02    5.04652E+00    9.09661E+00    8.98058E+00
    1.00850E+03    7.28440E+04    1.54913E+03    3.71487E+03    1.30316E-01   -3.47894E-01    9.63637E-02    5.09821E+00    9.19892E+00    9.09661E+00
    1.02035E+03    7.44301E+04    1.58618E+03    3.75731E+03    1.30410E-01   -3.47967E-01    9.65864E-02    5.14600E+00    9.29391E+00    9.19892E+00
    1.03234E+03    7.60521E+04    1.62197E+03    3.80022E+03    1.30331E-01   -3.47829E-01    9.66718E-02    5.19156E+00    9.38469E+00    9.29391E+00
    1.04447E+03    7.77092E+04    1.65713E+03    3.84362E+03    1.30140E-01   -3.47554E-01    9.66759E-02    5.23581E+00    9.47296E+00    9.38469E+00
    1.05673E+03    7.94013E+04    1.69206E+03    3.88751E+03    1.29874E-01   -3.47185E-01    9.66279E-02    5.27928E+00    9.55976E+00    9.47296E+00
    1.06912E+03    8.11283E+04    1.72704E+03    3.93190E+03    1.29557E-01   -3.46751E-01    9.65449E-02    5.32234E+00    9.64578E+00    9.55976E+00
    1.08166E+03    8.28906E+04    1.76225E+03    3.97679E+03    1.29206E-01   -3.46275E-01    9.64375E-02    5.36524E+00    9.73152E+00    9.64578E+00
    1.09434E+03    8.46885E+04    1.79788E+03    4.02218E+03    1.28835E-01   -3.45773E-01    9.63130E-02    5.40820E+00    9.81743E+00    9.73152E+00
    1.10717E+03    8.65226E+04    1.83410E+03    4.06809E+03    1.28457E-01   -3.45263E-01    9.61768E-02    5.45144E+00    9.90392E+00    9.81743E+00
    1.12014E+03    8.83937E+04    1.87110E+03    4.11452E+03    1.28084E-01   -3.44763E-01    9.60332E-02    5.49518E+00    9.99145E+00    9.90392E+00
    1.13325E+03    9.03028E+04    1.90915E+03    4.16147E+03    1.27733E-01   -3.44294E-01    9.58862E-02    5.53972E+00    1.00806E+01    9.99145E+00
    1.14652E+03    9.22514E+04    1.94862E+03    4.20895E+03    1.27425E-01   -3.43888E-01    9.57397E-02    5.58547E+00    1.01723E+01    1.00806E+01
    1.15993E+03    9.42415E+04    1.99007E+03    4.25697E+03    1.27193E-01   -3.43590E-01    9.55980E-02    5.63304E+00    1.02676E+01    1.01723E+01
    1.17349E+03    9.62760E+04    2.03446E+03    4.30553E+03    1.27091E-01   -3.43479E-01    9.54656E-02    5.68349E+00    1.03689E+01    1.02676E+01
    1.18721E+03    9.83595E+04    2.08359E+03    4.35464E+03    1.27219E-01   -3.43698E-01    9.53466E-02    5.73876E+00    1.04802E+01    1.03689E+01
    1.20109E+03    1.00501E+05    2.14132E+03    4.40431E+03    1.27790E-01   -3.44557E-01    9.52386E-02    5.80299E+00    1.06100E+01    1.04802E+01
    1.21512E+03    1.02719E+05    2.21764E+03    4.45454E+03    1.29355E-01   -3.46858E-01    9.50997E-02    5.88682E+00    1.07806E+01    1.06100E+01
    1.22930E+03    1.05068E+05    2.34977E+03    4.50533E+03    1.33966E-01   -3.53576E-01    9.46043E-02    6.02895E+00    1.10739E+01    1.07806E+01
    1.24365E+03    1.06773E+05    1.70506E+03    4.60865E+03    9.50141E-02   -3.07099E-01    2.65389E-02    5.21178E+00    9.64307E+00    6.57503E+00
    1.25816E+03    1.08740E+05    1.96626E+03    4.66118E+03    1.07096E-01   -3.17867E-01    7.78240E-02    5.60024E+00    1.02387E+01    9.64307E+00
    1.27284E+03    1.10825E+05    2.08499E+03    4.71431E+03    1.10999E-01   -3.21965E-01    8.56615E-02    5.73847E+00    1.04898E+01    1.02387E+01
    1.28768E+03    1.12983E+05    2.15884E+03    4.76804E+03    1.12337E-01   -3.23441E-01    8.78763E-02    5.82106E+00    1.06482E+01    1.04898E+01
    1.30269E+03    1.15199E+05    2.21593E+03    4.82238E+03    1.12705E-01   -3.23793E-01    8.86773E-02    5.88359E+00    1.07705E+01    1.06482E+01
    1.31787E+03    1.17465E+05    2.26523E+03    4.87733E+03    1.12613E-01   -3.23572E-01    8.89600E-02    5.93676E+00    1.08756E+01    1.07705E+01
    1.33322E+03    1.19775E+05    2.31034E+03    4.93290E+03    1.12265E-01   -3.23022E-01    8.90028E-02    5.98482E+00    1.09710E+01    1.08756E+01
    1.34874E+03    1.22128E+05    2.35300E+03    4.98910E+03    1.11759E-01   -3.22262E-01    8.89159E-02    6.02976E+00    1.10604E+01    1.09710E+01
    1.36444E+03    1.24522E+05    2.39410E+03    5.04593E+03    1.11147E-01   -3.21357E-01    8.87504E-02    6.07264E+00    1.11458E+01    1.10604E+01
    1.38031E+03    1.26956E+05    2.43418E+03    5.10341E+03    1.10459E-01   -3.20345E-01    8.85332E-02    6.11406E+00    1.12284E+01    1.11458E+01
    1.39637E+03    1.29430E+05    2.47355E+03    5.16154E+03    1.09716E-01   -3.19253E-01    8.82794E-02    6.15439E+00    1.13089E+01    1.12284E+01
    1.41261E+03    1.31942E+05    2.51242E+03    5.22032E+03    1.08928E-01   -3.18095E-01    8.79983E-02    6.19388E+00    1.13877E+01    1.13089E+01
    1.42903E+03    1.34493E+05    2.55093E+03    5.27977E+03    1.08105E-01   -3.16883E-01    8.76959E-02    6.23268E+00    1.14652E+01    1.13877E+01
    1.44563E+03    1.37082E+05    2.58917E+03    5.33989E+03    1.07254E-01   -3.15625E-01    8.73762E-02    6.27090E+00    1.15415E+01    1.14652E+01
    1.46243E+03    1.39709E+05    2.62722E+03    5.40068E+03    1.06378E-01   -3.14327E-01    8.70422E-02    6.30864E+00    1.16169E+01    1.15415E+01
    1.47941E+03    1.42375E+05    2.66511E+03    5.46217E+03    1.05481E-01   -3.12994E-01    8.66957E-02    6.34594E+00    1.16914E+01    1.16169E+01
    1.49658E+03    1.45078E+05    2.70290E+03    5.52435E+03    1.04568E-01   -3.11630E-01    8.63385E-02    6.38287E+00    1.17652E+01    1.16914E+01
    1.51395E+03    1.47818E+05    2.74062E+03    5.58723E+03    1.03639E-01   -3.10239E-01    8.59718E-02    6.41946E+00    1.18383E+01    1.17652E+01
    1.53152E+03    1.50596E+05    2.77830E+03    5.65083E+03    1.02699E-01   -3.08824E-01    8.55965E-02    6.45576E+00    1.19109E+01    1.18383E+01
    1.54928E+03    1.53412E+05    2.81600E+03    5.71514E+03    1.01749E-01   -3.07388E-01    8.52138E-02    6.49182E+00    1.19829E+01    1.19109E+01
    1.56725E+03    1.56266E+05    2.85375E+03    5.78018E+03    1.00792E-01   -3.05936E-01    8.48243E-02    6.52768E+00    1.20546E+01    1.19829E+01
    1.58541E+03    1.59158E+05    2.89163E+03    5.84595E+03    9.98314E-02   -3.04472E-01    8.44291E-02    6.56343E+00    1.21260E+01    1.20546E+01
    1.60379E+03    1.62088E+05    2.92972E+03    5.91247E+03    9.88708E-02   -3.03001E-01    8.40290E-02    6.59914E+00    1.21974E+01    1.21260E+01
    1.62237E+03    1.65056E+05    2.96817E+03    5.97974E+03    9.79148E-02   -3.01532E-01    8.36252E-02    6.63495E+00    1.22691E+01    1.21974E+01
    1.64116E+03    1.68063E+05    3.00718E+03    6.04777E+03    9.69698E-02   -3.00074E-01    8.32188E-02    6.67105E+00    1.23413E+01    1.22691E+01
    1.66016E+03    1.71110E+05    3.04703E+03    6.11656E+03    9.60449E-02   -2.98642E-01    8.28117E-02    6.70769E+00    1.24146E+01    1.23413E+01
    1.67938E+03    1.74198E+05    3.08820E+03    6.18614E+03    9.51536E-02   -2.97259E-01    8.24057E-02    6.74533E+00    1.24900E+01    1.24146E+01
    1.69881E+03    1.77330E+05    3.13147E+03    6.25650E+03    9.43172E-02   -2.95961E-01    8.20034E-02    6.78464E+00    1.25689E+01    1.24900E+01
    1.71847E+03    1.80508E+05    3.17820E+03    6.32766E+03    9.35725E-02   -2.94809E-01    8.16080E-02    6.82684E+00    1.26537E+01    1.25689E+01
    1.73834E+03    1.83739E+05    3.23099E+03    6.39962E+03    9.29882E-02   -2.93924E-01    8.12221E-02    6.87423E+00    1.27492E+01    1.26537E+01
    1.75845E+03    1.87034E+05    3.29545E+03    6.47239E+03    9.27115E-02   -2.93557E-01    8.08431E-02    6.93172E+00    1.28657E+01    1.27492E+01
    1.77877E+03    1.90420E+05    3.38629E+03    6.54598E+03    9.31262E-02   -2.94374E-01    8.04363E-02    7.01206E+00    1.30298E+01    1.28657E+01
    1.79933E+03    1.93979E+05    3.55836E+03    6.62041E+03    9.56592E-02   -2.98834E-01    7.97334E-02    7.16174E+00    1.33397E+01    1.30298E+01
    1.82012E+03    1.96527E+05    2.54767E+03    6.77180E+03    6.69499E-02   -2.57796E-01    2.21630E-02    6.12848E+00    1.15182E+01    7.79665E+00
    1.84115E+03    1.99442E+05    2.91516E+03    6.84878E+03    7.48862E-02   -2.65845E-01    6.49033E-02    6.57785E+00    1.21987E+01    1.15182E+01
    1.86241E+03    2.02508E+05    3.06608E+03    6.92663E+03    7.69940E-02   -2.68203E-01    7.11432E-02    6.72215E+00    1.24569E+01    1.21987E+01
    1.88391E+03    2.05656E+05    3.14848E+03    7.00536E+03    7.72874E-02   -2.68335E-01    7.26898E-02    6.79808E+00    1.26005E+01    1.24569E+01
    1.90566E+03    2.08861E+05    3.20454E+03    7.08497E+03    7.68969E-02   -2.67506E-01    7.30570E-02    6.84882E+00    1.26987E+01    1.26005E+01
    1.92765E+03    2.12108E+05    3.24765E+03    7.16549E+03    7.61813E-02   -2.66184E-01    7.29901E-02    6.88733E+00    1.27741E+01    1.26987E+01
    1.94989E+03    2.15392E+05    3.28318E+03    7.24692E+03    7.52856E-02   -2.64570E-01    7.27204E-02    6.91875E+00    1.28359E+01    1.27741E+01
    1.97238E+03    2.18705E+05    3.31366E+03    7.32927E+03    7.42789E-02   -2.62766E-01    7.23393E-02    6.94547E+00    1.28887E+01    1.28359E+01
    1.99513E+03    2.22046E+05    3.34043E+03    7.41255E+03    7.31982E-02   -2.60826E-01    7.18893E-02    6.96874E+00    1.29347E+01    1.28887E+01
    2.01813E+03    2.25410E+05    3.36423E+03    7.49677E+03    7.20650E-02   -2.58782E-01    7.13925E-02    6.98927E+00    1.29754E+01    1.29347E+01
    2.04139E+03    2.28795E+05    3.38549E+03    7.58194E+03    7.08929E-02   -2.56655E-01    7.08615E-02    7.00748E+00    1.30115E+01    1.29754E+01
    2.06492E+03    2.32200E+05    3.40447E+03    7.66807E+03    6.96907E-02   -2.54456E-01    7.03038E-02    7.02362E+00    1.30435E+01    1.30115E+01
    2.08871E+03    2.35621E+05    3.42134E+03    7.75518E+03    6.84646E-02   -2.52197E-01    6.97244E-02    7.03785E+00    1.30717E+01    1.30435E+01
    2.11277E+03    2.39057E+05    3.43619E+03    7.84327E+03    6.72191E-02   -2.49881E-01    6.91264E-02    7.05026E+00    1.30962E+01    1.30717E+01
    2.13710E+03    2.42506E+05    3.44905E+03    7.93236E+03    6.59573E-02   -2.47514E-01    6.85120E-02    7.06092E+00    1.31173E+01    1.30962E+01
    2.16171E+03    2.45966E+05    3.45996E+03    8.02245E+03    6.46818E-02   -2.45099E-01    6.78828E-02    7.06984E+00    1.31349E+01    1.31173E+01
    2.18659E+03    2.49435E+05    3.46891E+03    8.11356E+03    6.33946E-02   -2.42638E-01    6.72398E-02    7.07703E+00    1.31490E+01    1.31349E+01
    2.21176E+03    2.52911E+05    3.47587E+03    8.20570E+03    6.20973E-02   -2.40133E-01    6.65838E-02    7.08248E+00    1.31597E+01    1.31490E+01
    2.23721E+03    2.56392E+05    3.48081E+03    8.29888E+03    6.07914E-02   -2.37585E-01    6.59155E-02    7.08617E+00    1.31668E+01    1.31597E+01
    2.26295E+03    2.59876E+05    3.48371E+03    8.39312E+03    5.94778E-02   -2.34994E-01    6.52352E-02    7.08808E+00    1.31704E+01    1.31668E+01
    2.28898E+03    2.63360E+05    3.48451E+03    8.48842E+03    5.81578E-02   -2.32362E-01    6.45432E-02    7.08815E+00    1.31703E+01    1.31704E+01
    2.31530E+03    2.66843E+05    3.48316E+03    8.58480E+03    5.68320E-02   -2.29688E-01    6.38398E-02    7.08636E+00    1.31664E+01    1.31703E+01
    2.34192E+03    2.70323E+05    3.47960E+03    8.68226E+03    5.55015E-02   -2.26973E-01    6.31252E-02    7.08264E+00    1.31588E+01    1.31664E+01
    2.36884E+03    2.73797E+05    3.47379E+03    8.78083E+03    5.41670E-02   -2.24217E-01    6.23993E-02    7.07696E+00    1.31471E+01    1.31588E+01
    2.39607E+03    2.77262E+05    3.46565E+03    8.88051E+03    5.28291E-02   -2.21420E-01    6.16623E-02    7.06924E+00    1.31314E+01    1.31471E+01
    2.42360E+03    2.80718E+05    3.45513E+03    8.98132E+03    5.14886E-02   -2.18582E-01    6.09141E-02    7.05944E+00    1.31116E+01    1.31314E+01
    2.45145E+03    2.84160E+05    3.44217E+03    9.08326E+03    5.01462E-02   -2.15703E-01    6.01548E-02    7.04749E+00    1.30874E+01    1.31116E+01
    2.47961E+03    2.87586E+05    3.42670E+03    9.18636E+03    4.88024E-02   -2.12781E-01    5.93844E-02    7.03331E+00    1.30587E+01    1.30874E+01
    2.50808E+03    2.90995E+05    3.40866E+03    9.29063E+03    4.74580E-02   -2.09818E-01    5.86028E-02    7.01685E+00    1.30255E+01    1.30587E+01
    2.53688E+03    2.94383E+05    3.38798E+03    9.39607E+03    4.61136E-02   -2.06813E-01    5.78098E-02    6.99802E+00    1.29875E+01    1.30255E+01
    2.56601E+03    2.97748E+05    3.36461E+03    9.50270E+03    4.47698E-02   -2.03765E-01    5.70055E-02    6.97674E+00    1.29446E+01    1.29875E+01
    2.59546E+03    3.01086E+05    3.33848E+03    9.61054E+03    4.34272E-02   -2.00674E-01    5.61897E-02    6.95295E+00    1.28967E+01    1.29446E+01
    2.62525E+03    3.04396E+05    3.30953E+03    9.71960E+03    4.20866E-02   -1.97539E-01    5.53623E-02    6.92655E+00    1.28436E+01    1.28967E+01
    2.65537E+03    3.07673E+05    3.27770E+03    9.82989E+03    4.07485E-02   -1.94360E-01    5.45232E-02    6.89746E+00    1.27851E+01    1.28436E+01
    2.68583E+03    3.10916E+05    3.24294E+03    9.94142E+03    3.94138E-02   -1.91136E-01    5.36723E-02    6.86559E+00    1.27210E+01    1.27851E+01
    2.71664E+03    3.14122E+05    3.20520E+03    1.00542E+04    3.80830E-02   -1.87867E-01    5.28094E-02    6.83086E+00    1.26511E+01    1.27210E+01
    2.74780E+03    3.17286E+05    3.16444E+03    1.01683E+04    3.67570E-02   -1.84553E-01    5.19343E-02    6.79316E+00    1.25754E+01    1.26511E+01
    2.77931E+03    3.20407E+05    3.12061E+03    1.02836E+04    3.54365E-02   -1.81192E-01    5.10470E-02    6.75241E+00    1.24935E+01    1.25754E+01
    2.81117E+03    3.23480E+05    3.07367E+03    1.04003E+04    3.41223E-02   -1.77785E-01    5.01473E-02    6.70851E+00    1.24053E+01    1.24935E+01
    2.84339E+03    3.26504E+05    3.02361E+03    1.05183E+04    3.28154E-02   -1.74331E-01    4.92350E-02    6.66136E+00    1.23106E+01    1.24053E+01
    2.87598E+03    3.29474E+05    2.97042E+03    1.06376E+04    3.15166E-02   -1.70830E-01    4.83101E-02    6.61087E+00    1.22092E+01    1.23106E+01
    2.90894E+03    3.32388E+05    2.91410E+03    1.07583E+04    3.02272E-02   -1.67281E-01    4.73723E-02    6.55697E+00    1.21009E+01    1.22092E+01
    2.94227E+03    3.35243E+05    2.85466E+03    1.08803E+04    2.89481E-02   -1.63686E-01    4.64216E-02    6.49956E+00    1.19857E+01    1.21009E+01
    2.97597E+03    3.38035E+05    2.79217E+03    1.10037E+04    2.76810E-02   -1.60045E-01    4.54580E-02    6.43859E+00    1.18633E+01    1.19857E+01
    3.01006E+03    3.40762E+05    2.72673E+03    1.11285E+04    2.64274E-02   -1.56361E-01    4.44815E-02    6.37404E+00    1.17337E+01    1.18633E+01
    3.04453E+03    3.43420E+05    2.65847E+03    1.12547E+04    2.51895E-02   -1.52637E-01    4.34922E-02    6.30594E+00    1.15971E+01    1.17337E+01
    3.07939E+03    3.46008E+05    2.58767E+03    1.13823E+04    2.39702E-02   -1.48878E-01    4.24904E-02    6.23439E+00    1.14536E+01    1.15971E+01
    3.11465E+03    3.48523E+05    2.51474E+03    1.15114E+04    2.27736E-02   -1.45098E-01    4.14764E-02    6.15970E+00    1.13038E+01    1.14536E+01
    3.15030E+03    3.50963E+05    2.44045E+03    1.16420E+04    2.16065E-02   -1.41316E-01    4.04508E-02    6.08252E+00    1.11492E+01    1.13038E+01
    3.18635E+03    3.53330E+05    2.36620E+03    1.17740E+04    2.04807E-02   -1.37576E-01    3.94140E-02    6.00423E+00    1.09926E+01    1.11492E+01
    3.22282E+03    3.55625E+05    2.29506E+03    1.19075E+04    1.94207E-02   -1.33974E-01    3.83639E-02    5.92807E+00    1.08407E+01    1.09926E+01
    3.25969E+03    3.57860E+05    2.23501E+03    1.20425E+04    1.84897E-02   -1.30765E-01    3.72859E-02    5.86287E+00    1.07120E+01    1.08407E+01
    3.29699E+03    3.60075E+05    2.21592E+03    1.21790E+04    1.79219E-02   -1.28921E-01    3.60722E-02    5.84182E+00    1.06766E+01    1.07120E+01
    3.33470E+03    3.61477E+05    1.40159E+03    1.24567E+04    1.10824E-02   -1.04803E-01    9.93402E-03    4.79558E+00    8.77030E+00    6.16728E+00
    3.37284E+03    3.62988E+05    1.51084E+03    1.25980E+04    1.16791E-02   -1.04643E-01    2.69995E-02    5.00007E+00    9.01356E+00    8.77030E+00
    3.41141E+03    3.64472E+05    1.48376E+03    1.27408E+04    1.12134E-02   -1.01937E-01    2.86744E-02    4.96419E+00    8.91809E+00    9.01356E+00
    3.45042E+03    3.65885E+05    1.41357E+03    1.28852E+04    1.04441E-02   -9.81845E-02    2.83537E-02    4.86877E+00    8.72013E+00    8.91809E+00
    3.48986E+03    3.67211E+05    1.32600E+03    1.30313E+04    9.57814E-03   -9.39213E-02    2.75124E-02    4.74655E+00    8.47232E+00    8.72013E+00
    3.52976E+03    3.68441E+05    1.22943E+03    1.31790E+04    8.68210E-03   -8.93409E-02    2.64631E-02    4.60710E+00    8.19123E+00    8.47232E+00
    3.57010E+03    3.69568E+05    1.12747E+03    1.33284E+04    7.78413E-03   -8.45219E-02    2.53019E-02    4.45385E+00    7.88296E+00    8.19123E+00
    3.61090E+03    3.70590E+05    1.02208E+03    1.34794E+04    6.89884E-03   -7.94964E-02    2.40658E-02    4.28801E+00    7.54968E+00    7.88296E+00
    3.65216E+03    3.71505E+05    9.14570E+02    1.36322E+04    6.03524E-03   -7.42748E-02    2.27705E-02    4.10978E+00    7.19165E+00    7.54968E+00
    3.69389E+03    3.72311E+05    8.05975E+02    1.37867E+04    5.19978E-03   -6.88537E-02    2.14229E-02    3.91875E+00    6.80797E+00    7.19165E+00
    3.73609E+03    3.73008E+05    6.97241E+02    1.39430E+04    4.39778E-03   -6.32201E-02    2.00250E-02    3.71407E+00    6.39687E+00    6.80797E+00
    3.77876E+03    3.73597E+05    5.89340E+02    1.41010E+04    3.63416E-03   -5.73506E-02    1.85760E-02    3.49441E+00    5.95563E+00    6.39687E+00
    3.82192E+03    3.74081E+05    4.83341E+02    1.42608E+04    2.91393E-03   -5.12099E-02    1.70729E-02    3.25788E+00    5.48040E+00    5.95563E+00
    3.86557E+03    3.74461E+05    3.80499E+02    1.44224E+04    2.24268E-03   -4.47447E-02    1.55109E-02    3.00178E+00    4.96565E+00    5.48040E+00
    3.90971E+03    3.74744E+05    2.82367E+02    1.45858E+04    1.62711E-03   -3.78730E-02    1.38833E-02    2.72205E+00    4.40311E+00    4.96565E+00
    3.95434E+03    3.74935E+05    1.91004E+02    1.47511E+04    1.07606E-03   -3.04574E-02    1.21820E-02    2.41219E+00    3.77937E+00    4.40311E+00
    3.99949E+03    3.75044E+05    1.09420E+02    1.49182E+04    6.02670E-04   -2.22367E-02    1.04019E-02    2.06018E+00    3.06962E+00    3.77937E+00
    4.04514E+03    3.75087E+05    4.29529E+01    1.50873E+04    2.31295E-04   -1.25647E-02    8.56875E-03    1.63740E+00    2.21422E+00    3.06962E+00
    4.09131E+03    3.75134E+05    4.71290E+01    1.50873E+04    2.48115E-04   -1.13985E-02    1.08715E-02    2.21422E+00    2.74342E+00    4.03135E+00
    4.13799E+03    3.75189E+05    5.50908E+01    1.50873E+04    2.83555E-04   -1.04603E-02    1.31961E-02    2.74342E+00    3.23455E+00    4.94909E+00
    4.18521E+03    3.75256E+05    6.64643E+01    1.50873E+04    3.34455E-04   -9.69192E-03    1.55088E-02    3.23455E+00    3.69474E+00    5.82676E+00
    4.23296E+03    3.75337E+05    8.09803E+01    1.50873E+04    3.98403E-04   -9.05183E-03    1.77895E-02    3.69474E+00    4.12940E+00    6.66817E+00
    4.28125E+03    3.75435E+05    9.84445E+01    1.50873E+04    4.73509E-04   -8.50993E-03    2.00272E-02    4.12940E+00    4.54266E+00    7.47685E+00
    4.33009E+03    3.75554E+05    1.18719E+02    1.50873E+04    5.58276E-04   -8.04432E-03    2.22163E-02    4.54266E+00    4.93772E+00    8.25601E+00
    4.37948E+03    3.75695E+05    1.41708E+02    1.50873E+04    6.51506E-04   -7.63885E-03    2.43547E-02    4.93772E+00    5.31710E+00    9.00849E+00
    4.42942E+03    3.75863E+05    1.67351E+02    1.50873E+04    7.52226E-04   -7.28148E-03    2.64425E-02    5.31710E+00    5.68283E+00    9.73684E+00
    4.47993E+03    3.76058E+05    1.95616E+02    1.50873E+04    8.59647E-04   -6.96314E-03    2.84809E-02    5.68283E+00    6.03651E+00    1.04433E+01
    4.53101E+03    3.76285E+05    2.26492E+02    1.50873E+04    9.73116E-04   -6.67689E-03    3.04719E-02    6.03651E+00    6.37949E+00    1.11297E+01
    4.58267E+03    3.76545E+05    2.59987E+02    1.50873E+04    1.09209E-03   -6.41738E-03    3.24178E-02    6.37949E+00    6.71286E+00    1.17980E+01
    4.63491E+03    3.76841E+05    2.96123E+02    1.50873E+04    1.21613E-03   -6.18042E-03    3.43209E-02    6.71286E+00    7.03755E+00    1.24494E+01
    4.68775E+03    3.77176E+05    3.34937E+02    1.50873E+04    1.34483E-03   -5.96269E-03    3.61839E-02    7.03755E+00    7.35435E+00    1.30855E+01
    4.74118E+03    3.77552E+05    3.76475E+02    1.50873E+04    1.47787E-03   -5.76153E-03    3.80089E-02    7.35435E+00    7.66391E+00    1.37073E+01
    4.79521E+03    3.77973E+05    4.20793E+02    1.50873E+04    1.61498E-03   -5.57479E-03    3.97983E-02    7.66391E+00    7.96683E+00    1.43160E+01
    4.84985E+03    3.78441E+05    4.67954E+02    1.50873E+04    1.75591E-03   -5.40069E-03    4.15541E-02    7.96683E+00    8.26360E+00    1.49124E+01
    4.90511E+03    3.78959E+05    5.18032E+02    1.50873E+04    1.90044E-03   -5.23778E-03    4.32783E-02    8.26360E+00    8.55467E+00    1.54973E+01
    4.96100E+03    3.79530E+05    5.71104E+02    1.50873E+04    2.04839E-03   -5.08484E-03    4.49727E-02    8.55467E+00    8.84043E+00    1.60716E+01
    5.01752E+03    3.80158E+05    6.27256E+02    1.50873E+04    2.19960E-03   -4.94083E-03    4.66389E-02    8.84043E+00    9.12124E+00    1.66359E+01
    5.07467E+03    3.80844E+05    6.86579E+02    1.50873E+04    2.35391E-03   -4.80489E-03    4.82786E-02    9.12124E+00    9.39741E+00    1.71908E+01
    5.13247E+03    3.81593E+05    7.49170E+02    1.50873E+04    2.51120E-03   -4.67626E-03    4.98932E-02    9.39741E+00    9.66923E+00    1.77368E+01
    5.19093E+03    3.82408E+05    8.15132E+02    1.50873E+04    2.67135E-03   -4.55430E-03    5.14840E-02    9.66923E+00    9.93694E+00    1.82745E+01
    5.25004E+03    3.83293E+05    8.84573E+02    1.50873E+04    2.83425E-03   -4.43845E-03    5.30523E-02    9.93694E+00    1.02008E+01    1.88044E+01
    5.30983E+03    3.84251E+05    9.57607E+02    1.50873E+04    2.99981E-03   -4.32822E-03    5.45993E-02    1.02008E+01    1.04610E+01    1.93268E+01
    5.37028E+03    3.85285E+05    1.03435E+03    1.50873E+04    3.16796E-03   -4.22318E-03    5.61260E-02    1.04610E+01    1.07178E+01    1.98422E+01
    5.43143E+03    3.86400E+05    1.11494E+03    1.50873E+04    3.33861E-03   -4.12294E-03    5.76334E-02    1.07178E+01    1.09713E+01    2.03509E+01
    5.49326E+03    3.87599E+05    1.19950E+03    1.50873E+04    3.51169E-03   -4.02717E-03    5.91225E-02    1.09713E+01    1.12217E+01    2.08533E+01
    5.55579E+03    3.88888E+05    1.28816E+03    1.50873E+04    3.68715E-03   -3.93557E-03    6.05942E-02    1.12217E+01    1.14692E+01    2.13497E+01
    5.61903E+03    3.90269E+05    1.38107E+03    1.50873E+04    3.86494E-03   -3.84787E-03    6.20494E-02    1.14692E+01    1.17139E+01    2.18404E+01
    5.68298E+03    3.91747E+05    1.47839E+03    1.50873E+04    4.04500E-03   -3.76383E-03    6.34889E-02    1.17139E+01    1.19559E+01    2.23257E+01
    5.74766E+03    3.93327E+05    1.58025E+03    1.50873E+04    4.22730E-03   -3.68323E-03    6.49133E-02    1.19559E+01    1.21955E+01    2.28059E+01
    5.81306E+03    3.95014E+05    1.68684E+03    1.50873E+04    4.41180E-03   -3.60587E-03    6.63235E-02    1.21955E+01    1.24326E+01    2.32811E+01
    5.87921E+03    3.96812E+05    1.79831E+03    1.50873E+04    4.59848E-03   -3.53157E-03    6.77201E-02    1.24326E+01    1.26676E+01    2.37517E+01
    5.94610E+03    3.98727E+05    1.91485E+03    1.50873E+04    4.78730E-03   -3.46017E-03    6.91037E-02    1.26676E+01    1.29003E+01    2.42179E+01
    6.01375E+03    4.00764E+05    2.03664E+03    1.50873E+04    4.97824E-03   -3.39152E-03    7.04751E-02    1.29003E+01    1.31310E+01    2.46799E+01
    6.08216E+03    4.02928E+05    2.16386E+03    1.50873E+04    5.17129E-03   -3.32549E-03    7.18347E-02    1.31310E+01    1.33598E+01    2.51379E+01
    6.15135E+03    4.05225E+05    2.29672E+03    1.50873E+04    5.36643E-03   -3.26194E-03    7.31833E-02    1.33598E+01    1.35868E+01    2.55920E+01
    6.22132E+03    4.07660E+05    2.43543E+03    1.50873E+04    5.56366E-03   -3.20076E-03    7.45213E-02    1.35868E+01    1.38120E+01    2.60426E+01
    6.29208E+03    4.10240E+05    2.58020E+03    1.50873E+04    5.76298E-03   -3.14184E-03    7.58493E-02    1.38120E+01    1.40355E+01    2.64898E+01
    6.36364E+03    4.12971E+05    2.73126E+03    1.50873E+04    5.96438E-03   -3.08509E-03    7.71678E-02    1.40355E+01    1.42575E+01    2.69337E+01
    6.43600E+03    4.15860E+05    2.88884E+03    1.50873E+04    6.16787E-03   -3.03041E-03    7.84773E-02    1.42575E+01    1.44781E+01    2.73746E+01
    6.50919E+03    4.18913E+05    3.05319E+03    1.50873E+04    6.37345E-03   -2.97773E-03    7.97783E-02    1.44781E+01    1.46972E+01    2.78126E+01
    6.58320E+03    4.22138E+05    3.22456E+03    1.50873E+04    6.58114E-03   -2.92694E-03    8.10714E-02    1.46972E+01    1.49151E+01    2.82479E+01
    6.65805E+03    4.25541E+05    3.40322E+03    1.50873E+04    6.79094E-03   -2.87800E-03    8.23569E-02    1.49151E+01    1.51317E+01    2.86806E+01
    6.73374E+03    4.29131E+05    3.58944E+03    1.50873E+04    7.00289E-03   -2.83082E-03    8.36354E-02    1.51317E+01    1.53472E+01    2.91109E+01
    6.81029E+03    4.32914E+05    3.78351E+03    1.50873E+04    7.21700E-03   -2.78533E-03    8.49073E-02    1.53472E+01    1.55616E+01    2.95390E+01
    6.88770E+03    4.36900E+05    3.98574E+03    1.50873E+04    7.43330E-03   -2.74149E-03    8.61730E-02    1.55616E+01    1.57750E+01    2.99650E+01
    6.96599E+03    4.41096E+05    4.19643E+03    1.50873E+04    7.65181E-03   -2.69923E-03    8.74330E-02    1.57750E+01    1.59875E+01    3.03890E+01
    7.04517E+03    4.45512E+05    4.41591E+03    1.50873E+04    7.87257E-03   -2.65850E-03    8.86877E-02    1.59875E+01    1.61992E+01    3.08112E+01
    7.12523E+03    4.50157E+05    4.64453E+03    1.50873E+04    8.09562E-03   -2.61925E-03    8.99375E-02    1.61992E+01    1.64101E+01    3.12318E+01
    7.20621E+03    4.55039E+05    4.88264E+03    1.50873E+04    8.32099E-03   -2.58143E-03    9.11829E-02    1.64101E+01    1.66203E+01    3.16508E+01
    7.28809E+03    4.60170E+05    5.13061E+03    1.50873E+04    8.54873E-03   -2.54499E-03    9.24243E-02    1.66203E+01    1.68299E+01    3.20685E+01
    7.37091E+03    4.65559E+05    5.38882E+03    1.50873E+04    8.77889E-03   -2.50989E-03    9.36621E-02    1.68299E+01    1.70389E+01    3.24850E+01
    7.45466E+03    4.71217E+05    5.65768E+03    1.50873E+04    9.01152E-03   -2.47610E-03    9.48967E-02    1.70389E+01    1.72474E+01    3.29004E+01
    7.53935E+03    4.77154E+05    5.93762E+03    1.50873E+04    9.24668E-03   -2.44357E-03    9.61286E-02    1.72474E+01    1.74555E+01    3.33148E+01
    7.62500E+03    4.83383E+05    6.22907E+03    1.50873E+04    9.48441E-03   -2.41227E-03    9.73581E-02    1.74555E+01    1.76633E+01    3.37284E+01
    7.71162E+03    4.89916E+05    6.53249E+03    1.50873E+04    9.72479E-03   -2.38216E-03    9.85856E-02    1.76633E+01    1.78708E+01    3.41414E+01
    7.79922E+03    4.96764E+05    6.84837E+03    1.50873E+04    9.96788E-03   -2.35321E-03    9.98115E-02    1.78708E+01    1.80781E+01    3.45538E+01
    7.88781E+03    5.03941E+05    7.17720E+03    1.50873E+04    1.02138E-02   -2.32538E-03    1.01036E-01    1.80781E+01    1.82853E+01    3.49658E+01
    7.97740E+03    5.11461E+05    7.51950E+03    1.50873E+04    1.04625E-02   -2.29866E-03    1.02260E-01    1.82853E+01    1.84924E+01    3.53776E+01
    8.06801E+03    5.19337E+05    7.87583E+03    1.50873E+04    1.07141E-02   -2.27300E-03    1.03484E-01    1.84924E+01    1.86995E+01    3.57892E+01
    8.15963E+03    5.27583E+05    8.24676E+03    1.50873E+04    1.09688E-02   -2.24839E-03    1.04708E-01    1.86995E+01    1.89066E+01    3.62009E+01
    8.25229E+03    5.36216E+05    8.63288E+03    1.50873E+04    1.12266E-02   -2.22479E-03    1.05932E-01    1.89066E+01    1.91139E+01    3.66127E+01
    8.34600E+03    5.45251E+05    9.03482E+03    1.50873E+04    1.14876E-02   -2.20219E-03    1.07157E-01    1.91139E+01    1.93215E+01    3.70248E+01
    8.44077E+03    5.54704E+05    9.45324E+03    1.50873E+04    1.17518E-02   -2.18055E-03    1.08384E-01    1.93215E+01    1.95293E+01    3.74373E+01
    8.53661E+03    5.64593E+05    9.88882E+03    1.50873E+04    1.20195E-02   -2.15986E-03    1.09612E-01    1.95293E+01    1.97374E+01    3.78504E+01
    8.63353E+03    5.74935E+05    1.03423E+04    1.50873E+04    1.22907E-02   -2.14009E-03    1.10843E-01    1.97374E+01    1.99460E+01    3.82642E+01
    8.73155E+03    5.85750E+05    1.08144E+04    1.50873E+04    1.25654E-02   -2.12122E-03    1.12075E-01    1.99460E+01    2.01551E+01    3.86789E+01
    8.83067E+03    5.97056E+05    1.13059E+04    1.50873E+04    1.28439E-02   -2.10323E-03    1.13311E-01    2.01551E+01    2.03647E+01    3.90945E+01
    8.93091E+03    6.08873E+05    1.18176E+04    1.50873E+04    1.31262E-02   -2.08611E-03    1.14551E-01    2.03647E+01    2.05750E+01    3.95113E+01
    9.03229E+03    6.21224E+05    1.23504E+04    1.50873E+04    1.34125E-02   -2.06983E-03    1.15794E-01    2.05750E+01    2.07861E+01    3.99294E+01
    9.13481E+03    6.34129E+05    1.29052E+04    1.50873E+04    1.37029E-02   -2.05438E-03    1.17041E-01    2.07861E+01    2.09979E+01    4.03489E+01
    9.23850E+03    6.47612E+05    1.34829E+04    1.50873E+04    1.39975E-02   -2.03973E-03    1.18293E-01    2.09979E+01    2.12105E+01    4.07700E+01
    9.34335E+03    6.61696E+05    1.40846E+04    1.50873E+04    1.42965E-02   -2.02588E-03    1.19551E-01    2.12105E+01    2.14241E+01    4.11928E+01
    9.44939E+03    6.76408E+05    1.47112E+04    1.50873E+04    1.46000E-02   -2.01281E-03    1.20814E-01    2.14241E+01    2.16388E+01    4.16175E+01
    9.55662E+03    6.91772E+05    1.53639E+04    1.50873E+04    1.49082E-02   -2.00050E-03    1.22083E-01    2.16388E+01    2.18545E+01    4.20443E+01
    9.66507E+03    7.07815E+05    1.60438E+04    1.50873E+04    1.52212E-02   -1.98894E-03    1.23358E-01    2.18545E+01    2.20714E+01    4.24732E+01
    9.77474E+03    7.24567E+05    1.67520E+04    1.50873E+04    1.55392E-02   -1.97812E-03    1.24641E-01    2.20714E+01    2.22896E+01    4.29045E+01
    9.88565E+03    7.42057E+05    1.74899E+04    1.50873E+04    1.58624E-02   -1.96802E-03    1.25931E-01    2.22896E+01    2.25091E+01    4.33382E+01
    9.99782E+03    7.60316E+05    1.82587E+04    1.50873E+04    1.61909E-02   -1.95862E-03    1.27228E-01    2.25091E+01    2.27300E+01    4.37747E+01
    1.01113E+04    7.79376E+05    1.90599E+04    1.50873E+04    1.65250E-02   -1.94993E-03    1.28535E-01    2.27300E+01    2.29524E+01    4.42140E+01
    1.02260E+04    7.99271E+05    1.98948E+04    1.50873E+04    1.68648E-02   -1.94192E-03    1.29850E-01    2.29524E+01    2.31765E+01    4.46562E+01
    1.03420E+04    8.20036E+05    2.07650E+04    1.50873E+04    1.72106E-02   -1.93459E-03    1.31175E-01    2.31765E+01    2.34022E+01    4.51017E+01
    1.04593E+04    8.41708E+05    2.16721E+04    1.50873E+04    1.75624E-02   -1.92792E-03    1.32509E-01    2.34022E+01    2.36296E+01    4.55504E+01
    1.05779E+04    8.64325E+05    2.26178E+04    1.50873E+04    1.79207E-02   -1.92190E-03    1.33854E-01    2.36296E+01    2.38589E+01    4.60027E+01
    1.06979E+04    8.87929E+05    2.36038E+04    1.50873E+04    1.82855E-02   -1.91654E-03    1.35210E-01    2.38589E+01    2.40902E+01    4.64587E+01
    1.08193E+04    9.12561E+05    2.46319E+04    1.50873E+04    1.86572E-02   -1.91180E-03    1.36578E-01    2.40902E+01    2.43235E+01    4.69185E+01
    1.09420E+04    9.38265E+05    2.57042E+04    1.50873E+04    1.90360E-02   -1.90770E-03    1.37958E-01    2.43235E+01    2.45589E+01    4.73824E+01
    1.10661E+04    9.65088E+05    2.68227E+04    1.50873E+04    1.94220E-02   -1.90422E-03    1.39350E-01    2.45589E+01    2.47965E+01    4.78505E+01
    1.11916E+04    9.93077E+05    2.79894E+04    1.50873E+04    1.98157E-02   -1.90135E-03    1.40755E-01    2.47965E+01    2.50365E+01    4.83231E+01
    1.13185E+04    1.02228E+06    2.92068E+04    1.50873E+04    2.02172E-02   -1.89908E-03    1.42174E-01    2.50365E+01    2.52789E+01    4.88002E+01
    1.14469E+04    1.05276E+06    3.04771E+04    1.50873E+04    2.06269E-02   -1.89742E-03    1.43608E-01    2.52789E+01    2.55238E+01    4.92822E+01
    1.15767E+04    1.08456E+06    3.18028E+04    1.50873E+04    2.10450E-02   -1.89634E-03    1.45056E-01    2.55238E+01    2.57713E+01    4.97693E+01
    1.17080E+04    1.11775E+06    3.31867E+04    1.50873E+04    2.14718E-02   -1.89586E-03    1.46520E-01    2.57713E+01    2.60216E+01    5.02615E+01
    1.18407E+04    1.15238E+06    3.46314E+04    1.50873E+04    2.19078E-02   -1.89595E-03    1.48001E-01    2.60216E+01    2.62747E+01    5.07592E+01
    1.19750E+04    1.18852E+06    3.61399E+04    1.50873E+04    2.23532E-02   -1.89663E-03    1.49498E-01    2.62747E+01    2.65308E+01    5.12625E+01
    1.21108E+04    1.22624E+06    3.77153E+04    1.50873E+04    2.28083E-02   -1.89788E-03    1.51012E-01    2.65308E+01    2.67899E+01    5.17717E+01
    1.22481E+04    1.26560E+06    3.93607E+04    1.50873E+04    2.32735E-02   -1.89969E-03    1.52545E-01    2.67899E+01    2.70523E+01    5.22870E+01
    1.23869E+04    1.30668E+06    4.10797E+04    1.50873E+04    2.37493E-02   -1.90208E-03    1.54096E-01    2.70523E+01    2.73179E+01    5.28087E+01
    1.25274E+04    1.34955E+06    4.28758E+04    1.50873E+04    2.42359E-02   -1.90502E-03    1.55667E-01    2.73179E+01    2.75869E+01    5.33368E+01
    1.26694E+04    1.39431E+06    4.47528E+04    1.50873E+04    2.47338E-02   -1.90853E-03    1.57258E-01    2.75869E+01    2.78595E+01    5.38718E+01
    1.28130E+04    1.44102E+06    4.67147E+04    1.50873E+04    2.52435E-02   -1.91259E-03    1.58870E-01    2.78595E+01    2.81357E+01    5.44139E+01
    1.29582E+04    1.48979E+06    4.87657E+04    1.50873E+04    2.57653E-02   -1.91722E-03    1.60504E-01    2.81357E+01    2.84157E+01    5.49632E+01
    1.31051E+04    1.54070E+06    5.09104E+04    1.50873E+04    2.62998E-02   -1.92240E-03    1.62161E-01    2.84157E+01    2.86997E+01    5.55200E+01
    1.32537E+04    1.59385E+06    5.31533E+04    1.50873E+04    2.68473E-02   -1.92814E-03    1.63840E-01    2.86997E+01    2.89877E+01    5.60847E+01
    1.34039E+04    1.64935E+06    5.54995E+04    1.50873E+04    2.74085E-02   -1.93443E-03    1.65544E-01    2.89877E+01    2.92799E+01    5.66575E+01
    1.35558E+04    1.70730E+06    5.79543E+04    1.50873E+04    2.79838E-02   -1.94128E-03    1.67272E-01    2.92799E+01    2.95765E+01    5.72386E+01
    1.37095E+04    1.76783E+06    6.05231E+04    1.50873E+04    2.85738E-02   -1.94870E-03    1.69026E-01    2.95765E+01    2.98776E+01    5.78284E+01
    1.38648E+04    1.83104E+06    6.32118E+04    1.50873E+04    2.91790E-02   -1.95667E-03    1.70807E-01    2.98776E+01    3.01833E+01    5.84272E+01
    1.40220E+04    1.89707E+06    6.60266E+04    1.50873E+04    2.98000E-02   -1.96521E-03    1.72616E-01    3.01833E+01    3.04938E+01    5.90351E+01
    1.41809E+04    1.96604E+06    6.89740E+04    1.50873E+04    3.04375E-02   -1.97432E-03    1.74452E-01    3.04938E+01    3.08093E+01    5.96527E+01
    1.43416E+04    2.03810E+06    7.20611E+04    1.50873E+04    3.10922E-02   -1.98400E-03    1.76319E-01    3.08093E+01    3.11300E+01    6.02801E+01
    1.45041E+04    2.11340E+06    7.52951E+04    1.50873E+04    3.17646E-02   -1.99426E-03    1.78215E-01    3.11300E+01    3.14559E+01    6.09177E+01
    1.46684E+04    2.19208E+06    7.86837E+04    1.50873E+04    3.24555E-02   -2.00511E-03    1.80143E-01    3.14559E+01    3.17873E+01    6.15658E+01
    1.48347E+04    2.27431E+06    8.22353E+04    1.50873E+04    3.31656E-02   -2.01655E-03    1.82103E-01    3.17873E+01    3.21243E+01    6.22249E+01
    1.50027E+04    2.36027E+06    8.59585E+04    1.50873E+04    3.38957E-02   -2.02859E-03    1.84097E-01    3.21243E+01    3.24672E+01    6.28952E+01
    1.51727E+04    2.45014E+06    8.98625E+04    1.50873E+04    3.46467E-02   -2.04125E-03    1.86125E-01    3.24672E+01    3.28162E+01    6.35771E+01
    1.53446E+04    2.54409E+06    9.39571E+04    1.50873E+04    3.54193E-02   -2.05452E-03    1.88189E-01    3.28162E+01    3.31714E+01    6.42710E+01
    1.55185E+04    2.64235E+06    9.82528E+04    1.50873E+04    3.62145E-02   -2.06843E-03    1.90290E-01    3.31714E+01    3.35330E+01    6.49773E+01
    1.56943E+04    2.74511E+06    1.02761E+05    1.50873E+04    3.70332E-02   -2.08299E-03    1.92429E-01    3.35330E+01    3.39013E+01    6.56965E+01
    1.58721E+04    2.85260E+06    1.07492E+05    1.50873E+04    3.78763E-02   -2.09821E-03    1.94607E-01    3.39013E+01    3.42764E+01    6.64289E+01
    1.60519E+04    2.96506E+06    1.12460E+05    1.50873E+04    3.87450E-02   -2.11412E-03    1.96826E-01    3.42764E+01    3.46587E+01    6.71749E+01
    1.62338E+04    3.08273E+06    1.17677E+05    1.50873E+04    3.96403E-02   -2.13072E-03    1.99087E-01    3.46587E+01    3.50483E+01    6.79352E+01
    1.64177E+04    3.20589E+06    1.23157E+05    1.50873E+04    4.05634E-02   -2.14805E-03    2.01392E-01    3.50483E+01    3.54456E+01    6.87100E+01
    1.66036E+04    3.33481E+06    1.28916E+05    1.50873E+04    4.15154E-02   -2.16612E-03    2.03742E-01    3.54456E+01    3.58507E+01    6.95000E+01
    1.67917E+04    3.46978E+06    1.34969E+05    1.50873E+04    4.24976E-02   -2.18496E-03    2.06138E-01    3.58507E+01    3.62639E+01    7.03056E+01
    1.69819E+04    3.61111E+06    1.41333E+05    1.50873E+04    4.35114E-02   -2.20461E-03    2.08582E-01    3.62639E+01    3.66856E+01    7.11274E+01
    1.71743E+04    3.75914E+06    1.48027E+05    1.50873E+04    4.45582E-02   -2.22508E-03    2.11076E-01    3.66856E+01    3.71160E+01    7.19660E+01
    1.73688E+04    3.91420E+06    1.55069E+05    1.50873E+04    4.56395E-02   -2.24643E-03    2.13622E-01    3.71160E+01    3.75555E+01    7.28219E+01
    1.75655E+04    4.07668E+06    1.62480E+05    1.50873E+04    4.67569E-02   -2.26868E-03    2.16221E-01    3.75555E+01    3.80043E+01    7.36958E+01
    1.77645E+04    4.24697E+06    1.70283E+05    1.50873E+04    4.79120E-02   -2.29189E-03    2.18876E-01    3.80043E+01    3.84628E+01    7.45883E+01
    1.79657E+04    4.42547E+06    1.78500E+05    1.50873E+04    4.91067E-02   -2.31609E-03    2.21588E-01    3.84628E+01    3.89314E+01    7.55002E+01
    1.81692E+04    4.61262E+06    1.87157E+05    1.50873E+04    5.03428E-02   -2.34134E-03    2.24360E-01    3.89314E+01    3.94105E+01    7.64320E+01
    1.83749E+04    4.80890E+06    1.96280E+05    1.50873E+04    5.16224E-02   -2.36770E-03    2.27193E-01    3.94105E+01    3.99004E+01    7.73847E+01
    1.85830E+04    5.01480E+06    2.05900E+05    1.50873E+04    5.29476E-02   -2.39523E-03    2.30091E-01    3.99004E+01    4.04017E+01    7.83590E+01
    1.87935E+04    5.23085E+06    2.16046E+05    1.50873E+04    5.43208E-02   -2.42401E-03    2.33056E-01    4.04017E+01    4.09147E+01    7.93557E+01
    1.90063E+04    5.45760E+06    2.26752E+05    1.50873E+04    5.57443E-02   -2.45410E-03    2.36090E-01    4.09147E+01    4.14399E+01    8.03759E+01
    1.92215E+04    5.69566E+06    2.38054E+05    1.50873E+04    5.72209E-02   -2.48559E-03    2.39196E-01    4.14399E+01    4.19779E+01    8.14203E+01
    1.94392E+04    5.94565E+06    2.49991E+05    1.50873E+04    5.87533E-02   -2.51857E-03    2.42378E-01    4.19779E+01    4.25291E+01    8.24901E+01
    1.96593E+04    6.20825E+06    2.62603E+05    1.50873E+04    6.03446E-02   -2.55315E-03    2.45638E-01    4.25291E+01    4.30943E+01    8.35863E+01
    1.98819E+04    6.48419E+06    2.75937E+05    1.50873E+04    6.19980E-02   -2.58944E-03    2.48981E-01    4.30943E+01    4.36740E+01    8.47101E+01
    2.01070E+04    6.77423E+06    2.90040E+05    1.50873E+04    6.37171E-02   -2.62755E-03    2.52409E-01    4.36740E+01    4.42688E+01    8.58628E+01
    2.03347E+04    7.07919E+06    3.04965E+05    1.50873E+04    6.55056E-02   -2.66763E-03    2.55927E-01    4.42688E+01    4.48796E+01    8.70457E+01
    2.05649E+04    7.39996E+06    3.20769E+05    1.50873E+04    6.73676E-02   -2.70981E-03    2.59539E-01    4.48796E+01    4.55070E+01    8.82601E+01
    2.07978E+04    7.73747E+06    3.37513E+05    1.50873E+04    6.93076E-02   -2.75427E-03    2.63249E-01    4.55070E+01    4.61519E+01    8.95077E+01
    2.10332E+04    8.09274E+06    3.55266E+05    1.50873E+04    7.13303E-02   -2.80117E-03    2.67063E-01    4.61519E+01    4.68152E+01    9.07901E+01
    2.12714E+04    8.46684E+06    3.74101E+05    1.50873E+04    7.34411E-02   -2.85071E-03    2.70985E-01    4.68152E+01    4.74978E+01    9.21090E+01
    2.15122E+04    8.86094E+06    3.94096E+05    1.50873E+04    7.56456E-02   -2.90310E-03    2.75022E-01    4.74978E+01    4.82009E+01    9.34664E+01
    2.17557E+04    9.27628E+06    4.15340E+05    1.50873E+04    7.79500E-02   -2.95858E-03    2.79180E-01    4.82009E+01    4.89255E+01    9.48644E+01
    2.20020E+04    9.71420E+06    4.37928E+05    1.50873E+04    8.03611E-02   -3.01740E-03    2.83464E-01    4.89255E+01    4.96729E+01    9.63051E+01
    2.22511E+04    1.01762E+07    4.61965E+05    1.50873E+04    8.28864E-02   -3.07983E-03    2.87883E-01    4.96729E+01    5.04443E+01    9.77911E+01
    2.25030E+04    1.06637E+07    4.87565E+05    1.50873E+04    8.55339E-02   -3.14619E-03    2.92445E-01    5.04443E+01    5.12413E+01    9.93250E+01
    2.27578E+04    1.11786E+07    5.14857E+05    1.50873E+04    8.83128E-02   -3.21681E-03    2.97157E-01    5.12413E+01    5.20653E+01    1.00910E+02
    2.30154E+04    1.17226E+07    5.43979E+05    1.50873E+04    9.12327E-02   -3.29205E-03    3.02030E-01    5.20653E+01    5.29182E+01    1.02548E+02
    2.32759E+04    1.22977E+07    5.75087E+05    1.50873E+04    9.43047E-02   -3.37233E-03    3.07072E-01    5.29182E+01    5.38017E+01    1.04244E+02
    2.35394E+04    1.29060E+07    6.08352E+05    1.50873E+04    9.75407E-02   -3.45808E-03    3.12296E-01    5.38017E+01    5.47180E+01    1.06000E+02
    2.38058E+04    1.35500E+07    6.43964E+05    1.50873E+04    1.00954E-01   -3.54978E-03    3.17713E-01    5.47180E+01    5.56691E+01    1.07822E+02
    2.40753E+04    1.42321E+07    6.82134E+05    1.50873E+04    1.04560E-01   -3.64797E-03    3.23336E-01    5.56691E+01    5.66576E+01    1.09713E+02
    2.43478E+04    1.49552E+07    7.23099E+05    1.50873E+04    1.08374E-01   -3.75325E-03    3.29180E-01    5.66576E+01    5.76862E+01    1.11678E+02
    2.46234E+04    1.57223E+07    7.67123E+05    1.50873E+04    1.12415E-01   -3.86624E-03    3.35261E-01    5.76862E+01    5.87577E+01    1.13723E+02
    2.49021E+04    1.65368E+07    8.14501E+05    1.50873E+04    1.16703E-01   -3.98766E-03    3.41595E-01    5.87577E+01    5.98753E+01    1.15854E+02
    2.51840E+04    1.74024E+07    8.65565E+05    1.50873E+04    1.21261E-01   -4.11829E-03    3.48202E-01    5.98753E+01    6.10425E+01    1.18075E+02
    2.54690E+04    1.83231E+07    9.20689E+05    1.50873E+04    1.26115E-01   -4.25900E-03    3.55101E-01    6.10425E+01    6.22633E+01    1.20396E+02
    2.57573E+04    1.93034E+07    9.80294E+05    1.50873E+04    1.31294E-01   -4.41075E-03    3.62318E-01    6.22633E+01    6.35419E+01    1.22823E+02
    2.60488E+04    2.03482E+07    1.04486E+06    1.50873E+04    1.36828E-01   -4.57460E-03    3.69875E-01    6.35419E+01    6.48830E+01    1.25365E+02
    2.63436E+04    2.14632E+07    1.11492E+06    1.50873E+04    1.42757E-01   -4.75172E-03    3.77802E-01    6.48830E+01    6.62917E+01    1.28031E+02
    2.66417E+04    2.26543E+07    1.19110E+06    1.50873E+04    1.49119E-01   -4.94343E-03    3.86128E-01    6.62917E+01    6.77738E+01    1.30831E+02
    2.69432E+04    2.39284E+07    1.27410E+06    1.50873E+04    1.55963E-01   -5.15121E-03    3.94887E-01    6.77738E+01    6.93357E+01    1.33777E+02
    2.72481E+04    2.52931E+07    1.36472E+06    1.50873E+04    1.63340E-01   -5.37669E-03    4.04118E-01    6.93357E+01    7.09843E+01    1.36882E+02
    2.75565E+04    2.67570E+07    1.46389E+06    1.50873E+04    1.71313E-01   -5.62174E-03    4.13861E-01    7.09843E+01    7.27276E+01    1.40159E+02
    2.78684E+04    2.83296E+07    1.57266E+06    1.50873E+04    1.79949E-01   -5.88845E-03    4.24163E-01    7.27276E+01    7.45742E+01    1.43624E+02
    2.81837E+04    3.00219E+07    1.69227E+06    1.50873E+04    1.89329E-01   -6.17919E-03    4.35075E-01    7.45742E+01    7.65339E+01    1.47295E+02
    2.85027E+04    3.18460E+07    1.82413E+06    1.50873E+04    1.99543E-01   -6.49667E-03    4.46655E-01    7.65339E+01    7.86175E+01    1.51190E+02
    2.88252E+04    3.38159E+07    1.96991E+06    1.50873E+04    2.10698E-01   -6.84399E-03    4.58967E-01    7.86175E+01    8.08374E+01    1.55332E+02
    2.91514E+04    3.59475E+07    2.13153E+06    1.50873E+04    2.22915E-01   -7.22470E-03    4.72083E-01    8.08374E+01    8.32072E+01    1.59744E+02
    2.94812E+04    3.82587E+07    2.31127E+06    1.50873E+04    2.36337E-01   -7.64291E-03    4.86085E-01    8.32072E+01    8.57425E+01    1.64454E+02
    2.98148E+04    4.07705E+07    2.51180E+06    1.50873E+04    2.51130E-01   -8.10342E-03    5.01063E-01    8.57425E+01    8.84609E+01    1.69493E+02
    3.01522E+04    4.35068E+07    2.73627E+06    1.50873E+04    2.67489E-01   -8.61182E-03    5.17122E-01    8.84609E+01    9.13826E+01    1.74895E+02
    3.04934E+04    4.64953E+07    2.98847E+06    1.50873E+04    2.85647E-01   -9.17468E-03    5.34380E-01    9.13826E+01    9.45304E+01    1.80702E+02
    3.08384E+04    4.97682E+07    3.27288E+06    1.50873E+04    3.05875E-01   -9.79982E-03    5.52973E-01    9.45304E+01    9.79306E+01    1.86957E+02
    3.11873E+04    5.33631E+07    3.59494E+06    1.50873E+04    3.28503E-01   -1.04965E-02    5.73056E-01    9.79306E+01    1.01614E+02    1.93714E+02
    3.15402E+04    5.73243E+07    3.96120E+06    1.50873E+04    3.53922E-01   -1.12760E-02    5.94807E-01    1.01614E+02    1.05615E+02    2.01033E+02
    3.18971E+04    6.17039E+07    4.37966E+06    1.50873E+04    3.82609E-01   -1.21518E-02    6.18435E-01    1.05615E+02    1.09976E+02    2.08983E+02
    3.22580E+04    6.65641E+07    4.86014E+06    1.50873E+04    4.15143E-01   -1.31406E-02    6.44182E-01    1.09976E+02    1.14745E+02    2.17648E+02
    3.26230E+04    7.19789E+07    5.41483E+06    1.50873E+04    4.52239E-01   -1.42629E-02    6.72336E-01    1.14745E+02    1.19980E+02    2.27123E+02
    3.29921E+04    7.80378E+07    6.05892E+06    1.50873E+04    4.94780E-01   -1.55444E-02    7.03234E-01    1.19980E+02    1.25750E+02    2.37522E+02
    3.33653E+04    8.48494E+07    6.81159E+06    1.50873E+04    5.43875E-01   -1.70175E-02    7.37283E-01    1.25750E+02    1.32137E+02    2.48983E+02
    3.37428E+04    9.25467E+07    7.69731E+06    1.50873E+04    6.00930E-01   -1.87239E-02    7.74971E-01    1.32137E+02    1.39245E+02    2.61670E+02
    3.41246E+04    1.01294E+08    8.74769E+06    1.50873E+04    6.67748E-01   -2.07179E-02    8.16896E-01    1.39245E+02    1.47199E+02    2.75785E+02
    3.45106E+04    1.11299E+08    1.00041E+07    1.50873E+04    7.46674E-01   -2.30711E-02    8.63795E-01    1.47199E+02    1.56156E+02    2.91578E+02
    3.49010E+04    1.22820E+08    1.15215E+07    1.50873E+04    8.40810E-01   -2.58807E-02    9.16591E-01    1.56156E+02    1.66317E+02    3.09359E+02
    3.52959E+04    1.36194E+08    1.33744E+07    1.50873E+04    9.54329E-01   -2.92805E-02    9.76458E-01    1.66317E+02    1.77943E+02    3.29527E+02
    3.56952E+04    1.51860E+08    1.56657E+07    1.50873E+04    1.09297E+00   -3.34603E-02    1.04491E+00    1.77943E+02    1.91379E+02    3.52595E+02
    3.60990E+04    1.70401E+08    1.85409E+07    1.50873E+04    1.26480E+00   -3.86974E-02    1.12397E+00    1.91379E+02    2.07093E+02    3.79244E+02
    3.65074E+04    1.92613E+08    2.22119E+07    1.50873E+04    1.48153E+00   -4.54120E-02    1.21633E+00    2.07093E+02    2.25742E+02    4.10397E+02
    3.69204E+04    2.19611E+08    2.69976E+07    1.50873E+04    1.76070E+00   -5.42692E-02    1.32580E+00    2.25742E+02    2.48281E+02    4.47344E+02
    3.73380E+04    2.53009E+08    3.33987E+07    1.50873E+04    2.12973E+00   -6.63815E-02    1.45785E+00    2.48281E+02    2.76162E+02    4.91953E+02
    3.77604E+04    2.95252E+08    4.22423E+07    1.50873E+04    2.63377E+00   -8.37425E-02    1.62073E+00    2.76162E+02    3.11731E+02    5.47058E+02
    3.81876E+04    3.50240E+08    5.49886E+07    1.50873E+04    3.35226E+00   -1.10270E-01    1.82759E+00    3.11731E+02    3.59098E+02    6.17204E+02
    3.86195E+04    4.24691E+08    7.44512E+07    1.50873E+04    4.43783E+00   -1.54708E-01    2.10093E+00    3.59098E+02    4.26304E+02    7.10257E+02
    3.90564E+04    5.31448E+08    1.06757E+08    1.50873E+04    6.22201E+00   -2.40549E-01    2.48277E+00    4.26304E+02    5.31980E+02    8.41286E+02
    3.94982E+04    6.99429E+08    1.67981E+08    1.50873E+04    9.57256E+00   -4.51739E-01    3.06080E+00    5.31980E+02    7.32677E+02    1.04358E+03
    3.99450E+04    1.01897E+09    3.19539E+08    1.50873E+04    1.78044E+01   -1.24392E+00    4.03201E+00    7.32677E+02    1.29157E+03    1.40661E+03
    4.03968E+04    2.41911E+09    1.40014E+09    1.50873E+04    7.62798E+01   -6.67555E+00    5.63178E+00    1.29157E+03    4.32476E+03    2.23289E+03
