 # rho, F_z,dF_z, z(rho), E2 (=>sigma2=e0^2*E2), Er, Ez, Ui,j , Ui+1,j , Ui,j-1
    2.50000E-01    2.95730E-01    2.95730E-01    0.00000E+00    2.36584E+00   -3.93116E-01    1.48705E+00    1.94008E+00    2.13664E+00    2.68360E+00
    7.40956E-01    8.53959E-01    5.58228E-01    5.00000E-01    1.56333E+00   -1.45122E-01    1.24188E+00    1.51570E+00    1.58563E+00    2.13664E+00
    1.22528E+00    1.73288E+00    8.78917E-01    5.00000E-01    1.47375E+00   -4.70666E-02    1.21307E+00    1.58563E+00    1.60854E+00    2.19217E+00
    1.71444E+00    2.99652E+00    1.26365E+00    5.00000E-01    1.49931E+00   -2.66673E-02    1.22417E+00    1.60854E+00    1.62165E+00    2.22063E+00
    2.20850E+00    4.68412E+00    1.68760E+00    5.00000E-01    1.53900E+00   -2.36452E-02    1.24034E+00    1.62165E+00    1.63339E+00    2.24182E+00
    2.70750E+00    6.83743E+00    2.15331E+00    5.00000E-01    1.58593E+00   -2.70474E-02    1.25905E+00    1.63339E+00    1.64696E+00    2.26292E+00
    3.21149E+00    9.51098E+00    2.67355E+00    5.00000E-01    1.64364E+00   -3.53154E-02    1.28156E+00    1.64696E+00    1.66484E+00    2.28774E+00
    3.72051E+00    1.27805E+01    3.26947E+00    5.00000E-01    1.71782E+00   -5.09661E-02    1.30967E+00    1.66484E+00    1.69091E+00    2.31968E+00
    4.23463E+00    1.67528E+01    3.97231E+00    5.00000E-01    1.81555E+00   -8.29730E-02    1.34487E+00    1.69091E+00    1.73379E+00    2.36335E+00
    4.75389E+00    2.15761E+01    4.82335E+00    5.00000E-01    1.94429E+00   -1.59902E-01    1.38518E+00    1.73379E+00    1.81723E+00    2.42637E+00
    5.27834E+00    2.74995E+01    5.92337E+00    5.00000E-01    2.12917E+00   -3.82608E-01    1.40811E+00    1.81723E+00    2.01889E+00    2.52129E+00
    5.80804E+00    3.24144E+01    4.91497E+00    9.81913E-01    1.58968E+00   -2.83806E-01    1.22847E+00    1.40465E+00    1.55573E+00    2.01889E+00
    6.34303E+00    3.77029E+01    5.28842E+00    9.81913E-01    1.55069E+00   -1.73976E-01    1.23305E+00    1.55573E+00    1.64927E+00    2.17226E+00
    6.88337E+00    4.42215E+01    6.51865E+00    9.81913E-01    1.74394E+00   -2.07050E-01    1.30425E+00    1.64927E+00    1.76171E+00    2.30140E+00
    7.42912E+00    5.25402E+01    8.31869E+00    9.81913E-01    2.04160E+00   -4.31448E-01    1.36215E+00    1.76171E+00    1.99834E+00    2.44278E+00
    7.98032E+00    5.93831E+01    6.84294E+00    1.46864E+00    1.54794E+00   -3.11390E-01    1.20457E+00    1.41784E+00    1.59034E+00    1.99834E+00
    8.53704E+00    6.70717E+01    7.68858E+00    1.46864E+00    1.60972E+00   -2.56646E-01    1.24252E+00    1.59034E+00    1.73392E+00    2.18912E+00
    9.09932E+00    7.71283E+01    1.00566E+01    1.46864E+00    1.95583E+00   -4.60435E-01    1.32054E+00    1.73392E+00    1.99411E+00    2.37031E+00
    9.66723E+00    8.53629E+01    8.23461E+00    1.96024E+00    1.49248E+00   -3.19219E-01    1.17923E+00    1.42014E+00    1.60233E+00    1.99411E+00
    1.02408E+01    9.49372E+01    9.57431E+00    1.96024E+00    1.62189E+00   -2.81438E-01    1.24205E+00    1.60233E+00    1.76456E+00    2.20687E+00
    1.08201E+01    1.07972E+02    1.30345E+01    1.96024E+00    2.06913E+00   -5.24578E-01    1.33938E+00    1.76456E+00    2.06997E+00    2.41648E+00
    1.14052E+01    1.19238E+02    1.12667E+01    2.45676E+00    1.67995E+00   -4.19788E-01    1.22626E+00    1.46714E+00    1.71399E+00    2.06997E+00
    1.19962E+01    1.33463E+02    1.42244E+01    2.45676E+00    1.99651E+00   -5.79498E-01    1.28868E+00    1.71399E+00    2.05815E+00    2.34750E+00
    1.25931E+01    1.45616E+02    1.21530E+01    2.95824E+00    1.60884E+00   -4.46175E-01    1.18734E+00    1.46862E+00    1.73626E+00    2.05815E+00
    1.31959E+01    1.62129E+02    1.65130E+01    2.95824E+00    2.06551E+00   -6.58509E-01    1.27745E+00    1.73626E+00    2.13521E+00    2.37053E+00
    1.38048E+01    1.78178E+02    1.60494E+01    3.46473E+00    1.89997E+00   -6.96622E-01    1.18941E+00    1.53875E+00    1.96501E+00    2.13521E+00
    1.44198E+01    1.89697E+02    1.15193E+01    3.97629E+00    1.29260E+00   -4.52821E-01    1.04286E+00    1.43681E+00    1.71666E+00    1.96501E+00
    1.50409E+01    2.07554E+02    1.78564E+01    3.97629E+00    1.90194E+00   -6.86699E-01    1.19599E+00    1.71666E+00    2.14530E+00    2.32242E+00
    1.56682E+01    2.26371E+02    1.88174E+01    4.49297E+00    1.90500E+00   -7.59055E-01    1.15275E+00    1.55560E+00    2.03414E+00    2.14530E+00
    1.63018E+01    2.42234E+02    1.58625E+01    5.01481E+00    1.52816E+00   -6.85489E-01    1.02872E+00    1.50262E+00    1.93911E+00    2.03414E+00
    1.69417E+01    2.54849E+02    1.26155E+01    5.54187E+00    1.15786E+00   -4.55976E-01    9.74654E-01    1.43049E+00    1.72374E+00    1.93911E+00
    1.75881E+01    2.75829E+02    2.09802E+01    5.54187E+00    1.83646E+00   -7.17230E-01    1.14980E+00    1.72374E+00    2.18961E+00    2.32375E+00
    1.82408E+01    2.99548E+02    2.37191E+01    6.07420E+00    1.98208E+00   -8.22033E-01    1.14295E+00    1.58720E+00    2.12649E+00    2.18961E+00
    1.89002E+01    3.22029E+02    2.24803E+01    6.61186E+00    1.79508E+00   -8.26051E-01    1.05486E+00    1.56496E+00    2.11230E+00    2.12649E+00
    1.95661E+01    3.44888E+02    2.28595E+01    7.15489E+00    1.74578E+00   -8.36813E-01    1.02251E+00    1.56254E+00    2.12256E+00    2.11230E+00
    2.02387E+01    3.69260E+02    2.43715E+01    7.70335E+00    1.78158E+00   -8.71270E-01    1.01117E+00    1.57347E+00    2.16237E+00    2.12256E+00
    2.09180E+01    3.97676E+02    2.84164E+01    8.25730E+00    1.98991E+00   -9.86576E-01    1.00826E+00    1.60938E+00    2.28290E+00    2.16237E+00
    2.16040E+01    4.13713E+02    1.60372E+01    9.38186E+00    1.07660E+00   -8.04708E-01    6.55019E-01    1.44786E+00    2.00271E+00    1.81433E+00
    2.22970E+01    4.35659E+02    2.19455E+01    9.95259E+00    1.41332E+00   -8.38683E-01    8.42573E-01    1.52659E+00    2.11065E+00    2.00271E+00
    2.29969E+01    4.64313E+02    2.86544E+01    1.05290E+01    1.77150E+00   -9.73480E-01    9.07657E-01    1.59262E+00    2.27733E+00    2.11065E+00
    2.37038E+01    4.82811E+02    1.84981E+01    1.16993E+01    1.09852E+00   -8.43614E-01    6.21960E-01    1.46391E+00    2.06321E+00    1.82601E+00
    2.44177E+01    5.11660E+02    2.88488E+01    1.22932E+01    1.64665E+00   -9.86998E-01    8.20049E-01    1.58100E+00    2.28917E+00    2.06321E+00
    2.51388E+01    5.35010E+02    2.33499E+01    1.34989E+01    1.28173E+00   -9.64416E-01    5.92982E-01    1.50206E+00    2.20095E+00    1.85775E+00
    2.58671E+01    5.57093E+02    2.20833E+01    1.47288E+01    1.16641E+00   -9.34920E-01    5.40676E-01    1.48272E+00    2.16701E+00    1.81356E+00
    2.66027E+01    5.78879E+02    2.17862E+01    1.59834E+01    1.10782E+00   -9.19066E-01    5.12970E-01    1.47601E+00    2.15543E+00    1.79621E+00
    2.73456E+01    6.01148E+02    2.22683E+01    1.72633E+01    1.09066E+00   -9.19636E-01    4.94906E-01    1.47780E+00    2.16444E+00    1.79293E+00
    2.80960E+01    6.25708E+02    2.45598E+01    1.85689E+01    1.15918E+00   -9.63090E-01    4.81286E-01    1.49519E+00    2.22146E+00    1.80781E+00
    2.88539E+01    6.46235E+02    2.05279E+01    2.05766E+01    9.34090E-01   -8.95466E-01    3.63635E-01    1.44010E+00    2.12213E+00    1.68346E+00
    2.96193E+01    6.65039E+02    1.88037E+01    2.26452E+01    8.25269E-01   -8.47665E-01    3.26701E-01    1.42073E+00    2.07280E+00    1.64599E+00
    3.03924E+01    6.82718E+02    1.76793E+01    2.47765E+01    7.48696E-01   -8.10893E-01    3.01909E-01    1.40882E+00    2.03884E+00    1.62329E+00
    3.11733E+01    6.99535E+02    1.68160E+01    2.69723E+01    6.87426E-01   -7.79720E-01    2.81891E-01    1.39996E+00    2.01182E+00    1.60628E+00
    3.19619E+01    7.15611E+02    1.60770E+01    2.92347E+01    6.34651E-01   -7.51463E-01    2.64489E-01    1.39250E+00    1.98808E+00    1.59195E+00
    3.27584E+01    7.30980E+02    1.53682E+01    3.15656E+01    5.86059E-01   -7.24016E-01    2.48716E-01    1.38533E+00    1.96490E+00    1.57857E+00
    3.35629E+01    7.45527E+02    1.45476E+01    3.39672E+01    5.36106E-01   -6.93795E-01    2.33997E-01    1.37680E+00    1.93773E+00    1.56411E+00
    3.43755E+01    7.58500E+02    1.29725E+01    3.64415E+01    4.62142E-01   -6.42817E-01    2.21197E-01    1.35966E+00    1.88457E+00    1.54209E+00
    3.51961E+01    7.74223E+02    1.57231E+01    3.81326E+01    5.41651E-01   -6.86561E-01    2.65112E-01    1.40280E+00    1.96904E+00    1.62584E+00
    3.60250E+01    7.87434E+02    1.32110E+01    4.07331E+01    4.40236E-01   -6.28787E-01    2.11809E-01    1.36470E+00    1.88848E+00    1.54830E+00
    3.68622E+01    8.03187E+02    1.57532E+01    4.25105E+01    5.07951E-01   -6.67254E-01    2.50446E-01    1.40452E+00    1.96590E+00    1.62597E+00
    3.77077E+01    8.16354E+02    1.31674E+01    4.52437E+01    4.10944E-01   -6.09736E-01    1.97906E-01    1.36511E+00    1.88322E+00    1.54541E+00
    3.85617E+01    8.31941E+02    1.55869E+01    4.71117E+01    4.70971E-01   -6.45141E-01    2.34019E-01    1.40347E+00    1.95715E+00    1.62095E+00
    3.94242E+01    8.44946E+02    1.30049E+01    4.99843E+01    3.80554E-01   -5.88829E-01    1.83940E-01    1.36389E+00    1.87429E+00    1.54001E+00
    4.02954E+01    8.60211E+02    1.52651E+01    5.19476E+01    4.32706E-01   -6.20705E-01    2.17787E-01    1.40049E+00    1.94391E+00    1.61322E+00
    4.11753E+01    8.72780E+02    1.25687E+01    5.49667E+01    3.45210E-01   -5.62298E-01    1.70386E-01    1.35919E+00    1.85640E+00    1.53066E+00
    4.20639E+01    8.86862E+02    1.40821E+01    5.70301E+01    3.74856E-01   -5.77631E-01    2.02974E-01    1.38756E+00    1.90343E+00    1.59593E+00
    4.29615E+01    9.02524E+02    1.56618E+01    5.91350E+01    4.04155E-01   -6.01313E-01    2.06344E-01    1.40773E+00    1.95013E+00    1.62382E+00
    4.38680E+01    9.15223E+02    1.26995E+01    6.23720E+01    3.17762E-01   -5.41592E-01    1.56332E-01    1.36204E+00    1.85545E+00    1.53071E+00
    4.47836E+01    9.29309E+02    1.40858E+01    6.45843E+01    3.41826E-01   -5.54317E-01    1.85900E-01    1.38841E+00    1.89847E+00    1.59302E+00
    4.57083E+01    9.44807E+02    1.54979E+01    6.68410E+01    3.64836E-01   -5.73960E-01    1.88164E-01    1.40658E+00    1.93999E+00    1.61785E+00
    4.66423E+01    9.57258E+02    1.24505E+01    7.03114E+01    2.84384E-01   -5.14185E-01    1.41415E-01    1.35960E+00    1.84223E+00    1.52318E+00
    4.75857E+01    9.70770E+02    1.35123E+01    7.26833E+01    2.99524E-01   -5.20746E-01    1.68365E-01    1.38177E+00    1.87545E+00    1.58045E+00
    4.85384E+01    9.84784E+02    1.40146E+01    7.51028E+01    3.01545E-01   -5.21913E-01    1.70739E-01    1.38956E+00    1.88930E+00    1.59509E+00
    4.95007E+01    9.99125E+02    1.43407E+01    7.75710E+01    2.99567E-01   -5.20480E-01    1.69314E-01    1.39409E+00    1.89743E+00    1.60199E+00
    5.04727E+01    1.01372E+03    1.45901E+01    8.00888E+01    2.95948E-01   -5.17819E-01    1.66767E-01    1.39734E+00    1.90313E+00    1.60624E+00
    5.14543E+01    1.02851E+03    1.47981E+01    8.26571E+01    2.91527E-01   -5.14495E-01    1.63774E-01    1.39996E+00    1.90752E+00    1.60923E+00
    5.24458E+01    1.04349E+03    1.49806E+01    8.52771E+01    2.86676E-01   -5.10773E-01    1.60582E-01    1.40220E+00    1.91113E+00    1.61152E+00
    5.34471E+01    1.05864E+03    1.51454E+01    8.79498E+01    2.81582E-01   -5.06793E-01    1.57299E-01    1.40419E+00    1.91421E+00    1.61335E+00
    5.44585E+01    1.07394E+03    1.52966E+01    9.06762E+01    2.76348E-01   -5.02631E-01    1.53981E-01    1.40600E+00    1.91688E+00    1.61486E+00
    5.54800E+01    1.08937E+03    1.54362E+01    9.34574E+01    2.71027E-01   -4.98326E-01    1.50659E-01    1.40765E+00    1.91922E+00    1.61612E+00
    5.65117E+01    1.10494E+03    1.55649E+01    9.62945E+01    2.65640E-01   -4.93891E-01    1.47349E-01    1.40917E+00    1.92126E+00    1.61715E+00
    5.75537E+01    1.12062E+03    1.56818E+01    9.91886E+01    2.60187E-01   -4.89320E-01    1.44060E-01    1.41054E+00    1.92296E+00    1.61796E+00
    5.86062E+01    1.13640E+03    1.57844E+01    1.02141E+02    2.54640E-01   -4.84580E-01    1.40794E-01    1.41173E+00    1.92426E+00    1.61853E+00
    5.96692E+01    1.15227E+03    1.58679E+01    1.05152E+02    2.48937E-01   -4.79602E-01    1.37548E-01    1.41269E+00    1.92503E+00    1.61879E+00
    6.07428E+01    1.16819E+03    1.59226E+01    1.08225E+02    2.42951E-01   -4.74247E-01    1.34317E-01    1.41331E+00    1.92500E+00    1.61861E+00
    6.18271E+01    1.18412E+03    1.59285E+01    1.11359E+02    2.36416E-01   -4.68221E-01    1.31091E-01    1.41335E+00    1.92359E+00    1.61774E+00
    6.29223E+01    1.19996E+03    1.58365E+01    1.14555E+02    2.28672E-01   -4.60782E-01    1.27876E-01    1.41222E+00    1.91938E+00    1.61561E+00
    6.40284E+01    1.21544E+03    1.54850E+01    1.17817E+02    2.17557E-01   -4.49414E-01    1.24838E-01    1.40805E+00    1.90764E+00    1.61060E+00
    6.51456E+01    1.22939E+03    1.39485E+01    1.21143E+02    1.90703E-01   -4.18612E-01    1.24366E-01    1.38992E+00    1.85992E+00    1.59575E+00
    6.62740E+01    1.25006E+03    2.06657E+01    1.22832E+02    2.74980E-01   -4.75335E-01    2.21441E-01    1.48975E+00    2.02877E+00    1.85992E+00
    6.74137E+01    1.26801E+03    1.79526E+01    1.26259E+02    2.32515E-01   -4.64236E-01    1.30385E-01    1.43902E+00    1.97072E+00    1.66135E+00
    6.85647E+01    1.28535E+03    1.73396E+01    1.29756E+02    2.18620E-01   -4.51755E-01    1.20569E-01    1.43003E+00    1.95261E+00    1.63976E+00
    6.97273E+01    1.30209E+03    1.67446E+01    1.33322E+02    2.05543E-01   -4.38284E-01    1.15975E-01    1.42273E+00    1.93479E+00    1.62852E+00
    7.09015E+01    1.31710E+03    1.50054E+01    1.36961E+02    1.79350E-01   -4.07625E-01    1.14853E-01    1.40265E+00    1.88366E+00    1.61055E+00
    7.20874E+01    1.33906E+03    2.19569E+01    1.38807E+02    2.55563E-01   -4.60582E-01    2.08393E-01    1.50267E+00    2.05160E+00    1.88366E+00
    7.32852E+01    1.35793E+03    1.88754E+01    1.42556E+02    2.13966E-01   -4.46841E-01    1.19582E-01    1.44865E+00    1.98654E+00    1.67167E+00
    7.44949E+01    1.37580E+03    1.78725E+01    1.46380E+02    1.97334E-01   -4.30287E-01    1.10394E-01    1.43557E+00    1.95871E+00    1.64559E+00
    7.57168E+01    1.39169E+03    1.58894E+01    1.50281E+02    1.70898E-01   -3.98960E-01    1.08303E-01    1.41296E+00    1.90286E+00    1.62314E+00
    7.69509E+01    1.41468E+03    2.29848E+01    1.52260E+02    2.40840E-01   -4.48543E-01    1.99121E-01    1.51256E+00    2.06885E+00    1.90286E+00
    7.81973E+01    1.43406E+03    1.93776E+01    1.56279E+02    1.97828E-01   -4.30391E-01    1.12213E-01    1.45366E+00    1.99278E+00    1.67803E+00
    7.94562E+01    1.45100E+03    1.69461E+01    1.60379E+02    1.68578E-01   -3.96762E-01    1.05634E-01    1.42538E+00    1.92734E+00    1.64084E+00
    8.07277E+01    1.47532E+03    2.43125E+01    1.62460E+02    2.35691E-01   -4.44587E-01    1.95024E-01    1.52557E+00    2.09366E+00    1.92734E+00
    8.20118E+01    1.49571E+03    2.03924E+01    1.66684E+02    1.92667E-01   -4.25415E-01    1.08118E-01    1.46412E+00    2.01315E+00    1.69133E+00
    8.33089E+01    1.51351E+03    1.78047E+01    1.70993E+02    1.63959E-01   -3.91986E-01    1.01523E-01    1.43476E+00    1.94570E+00    1.65240E+00
    8.46189E+01    1.53891E+03    2.54004E+01    1.73180E+02    2.28006E-01   -4.38334E-01    1.89393E-01    1.53563E+00    2.11271E+00    1.94570E+00
    8.59420E+01    1.56013E+03    2.12177E+01    1.77619E+02    1.85671E-01   -4.18249E-01    1.03629E-01    1.47225E+00    2.02839E+00    1.70114E+00
    8.72783E+01    1.57854E+03    1.84046E+01    1.82148E+02    1.57018E-01   -3.84142E-01    9.72267E-02    1.44100E+00    1.95690E+00    1.66007E+00
    8.86280E+01    1.60447E+03    2.59346E+01    1.84446E+02    2.15733E-01   -4.26815E-01    1.83200E-01    1.54000E+00    2.11894E+00    1.95690E+00
    8.99912E+01    1.62460E+03    2.01333E+01    1.89112E+02    1.63306E-01   -3.91189E-01    1.01378E-01    1.46127E+00    1.99719E+00    1.69660E+00
    9.13680E+01    1.65280E+03    2.81928E+01    1.91480E+02    2.23003E-01   -4.34164E-01    1.85753E-01    1.56167E+00    2.16241E+00    1.99719E+00
    9.27586E+01    1.67604E+03    2.32483E+01    1.96288E+02    1.79342E-01   -4.11891E-01    9.84255E-02    1.49216E+00    2.06778E+00    1.72756E+00
    9.41631E+01    1.69612E+03    2.00769E+01    2.01192E+02    1.51056E-01   -3.77661E-01    9.18052E-02    1.45844E+00    1.99150E+00    1.68242E+00
    9.55817E+01    1.72415E+03    2.80300E+01    2.03680E+02    2.05707E-01   -4.18154E-01    1.75655E-01    1.55865E+00    2.15477E+00    1.99150E+00
    9.70144E+01    1.74572E+03    2.15690E+01    2.08733E+02    1.54409E-01   -3.81214E-01    9.53146E-02    1.47541E+00    2.02430E+00    1.71500E+00
    9.84614E+01    1.77545E+03    2.97285E+01    2.11297E+02    2.07619E-01   -4.19767E-01    1.77242E-01    1.57431E+00    2.18476E+00    2.02430E+00
    9.99230E+01    1.79811E+03    2.26618E+01    2.16503E+02    1.54407E-01   -3.81434E-01    9.44196E-02    1.48635E+00    2.04659E+00    1.73088E+00
    1.01399E+02    1.82923E+03    3.11152E+01    2.19145E+02    2.06850E-01   -4.19381E-01    1.75982E-01    1.58626E+00    2.20841E+00    2.04659E+00
    1.02890E+02    1.85291E+03    2.36835E+01    2.24508E+02    1.53627E-01   -3.80768E-01    9.29652E-02    1.49614E+00    2.06666E+00    1.74421E+00
    1.04396E+02    1.88535E+03    3.24389E+01    2.27230E+02    2.05332E-01   -4.18335E-01    1.74151E-01    1.59731E+00    2.23038E+00    2.06666E+00
    1.05917E+02    1.91004E+03    2.46955E+01    2.32756E+02    1.52548E-01   -3.79738E-01    9.13603E-02    1.50559E+00    2.08600E+00    1.75676E+00
    1.07453E+02    1.94380E+03    3.37560E+01    2.35561E+02    2.03500E-01   -4.16979E-01    1.72128E-01    1.60805E+00    2.25175E+00    2.08600E+00
    1.09004E+02    1.96951E+03    2.57154E+01    2.41254E+02    1.51307E-01   -3.78497E-01    8.97056E-02    1.51491E+00    2.10505E+00    1.76900E+00
    1.10571E+02    2.00460E+03    3.50823E+01    2.44143E+02    2.01481E-01   -4.15420E-01    1.70022E-01    1.61864E+00    2.27282E+00    2.10505E+00
    1.12154E+02    2.03134E+03    2.67457E+01    2.50009E+02    1.49936E-01   -3.77076E-01    8.80336E-02    1.52414E+00    2.12387E+00    1.78105E+00
    1.13752E+02    2.06776E+03    3.64161E+01    2.52986E+02    1.99287E-01   -4.13653E-01    1.67864E-01    1.62909E+00    2.29358E+00    2.12387E+00
    1.15367E+02    2.09553E+03    2.77758E+01    2.59030E+02    1.48392E-01   -3.75413E-01    8.63528E-02    1.53319E+00    2.14228E+00    1.79283E+00
    1.16997E+02    2.13327E+03    3.77364E+01    2.62097E+02    1.96828E-01   -4.11568E-01    1.65650E-01    1.63923E+00    2.31366E+00    2.14228E+00
    1.18644E+02    2.16204E+03    2.87717E+01    2.68324E+02    1.46521E-01   -3.73302E-01    8.46581E-02    1.54177E+00    2.15961E+00    1.80403E+00
    1.20308E+02    2.20102E+03    3.89782E+01    2.71484E+02    1.93816E-01   -4.08824E-01    1.63336E-01    1.64856E+00    2.33196E+00    2.15961E+00
    1.21987E+02    2.23064E+03    2.96180E+01    2.77899E+02    1.43807E-01   -3.70036E-01    8.29470E-02    1.54890E+00    2.17365E+00    1.81365E+00
    1.23684E+02    2.27053E+03    3.98959E+01    2.81155E+02    1.89161E-01   -4.04095E-01    1.60836E-01    1.65517E+00    2.34424E+00    2.17365E+00
    1.25398E+02    2.30015E+03    2.96192E+01    2.87765E+02    1.37144E-01   -3.61233E-01    8.15764E-02    1.54878E+00    2.17092E+00    1.81704E+00
    1.27129E+02    2.33844E+03    3.82854E+01    2.91120E+02    1.73126E-01   -3.84385E-01    1.59294E-01    1.64185E+00    2.31049E+00    2.17092E+00
    1.28877E+02    2.38505E+03    4.66071E+01    2.94508E+02    2.05840E-01   -4.16591E-01    1.79699E-01    1.70768E+00    2.43959E+00    2.31049E+00
    1.30643E+02    2.41884E+03    3.37946E+01    3.01386E+02    1.45778E-01   -3.72749E-01    8.26857E-02    1.58413E+00    2.24556E+00    1.86708E+00
    1.32426E+02    2.46389E+03    4.50521E+01    3.04877E+02    1.89824E-01   -4.05291E-01    1.59885E-01    1.69296E+00    2.41933E+00    2.24556E+00
    1.34227E+02    2.49710E+03    3.32095E+01    3.11963E+02    1.36682E-01   -3.61054E-01    7.95080E-02    1.57852E+00    2.23208E+00    1.85884E+00
    1.36047E+02    2.53976E+03    4.26539E+01    3.15560E+02    1.71490E-01   -3.83343E-01    1.56647E-01    1.67427E+00    2.37511E+00    2.23208E+00
    1.37884E+02    2.59126E+03    5.15069E+01    3.19193E+02    2.02301E-01   -4.13726E-01    1.76444E-01    1.74052E+00    2.50447E+00    2.37511E+00
    1.39740E+02    2.62779E+03    3.65291E+01    3.26567E+02    1.40166E-01   -3.65647E-01    8.04307E-02    1.60536E+00    2.28729E+00    1.90045E+00
    1.41614E+02    2.67450E+03    4.67110E+01    3.30309E+02    1.75112E-01   -3.87673E-01    1.57551E-01    1.70348E+00    2.43371E+00    2.28729E+00
    1.43507E+02    2.73083E+03    5.63305E+01    3.34090E+02    2.06325E-01   -4.18412E-01    1.76796E-01    1.77204E+00    2.56805E+00    2.43371E+00
    1.45419E+02    2.77160E+03    4.07682E+01    3.41763E+02    1.45902E-01   -3.73637E-01    7.93581E-02    1.63701E+00    2.35495E+00    1.93999E+00
    1.47350E+02    2.82560E+03    5.39981E+01    3.45658E+02    1.88828E-01   -4.05542E-01    1.56091E-01    1.75307E+00    2.54011E+00    2.35495E+00
    1.49301E+02    2.86546E+03    3.98607E+01    3.53564E+02    1.36208E-01   -3.61152E-01    7.60060E-02    1.62940E+00    2.33730E+00    1.92837E+00
    1.51270E+02    2.91639E+03    5.09334E+01    3.57577E+02    1.70077E-01   -3.83175E-01    1.52492E-01    1.73148E+00    2.49006E+00    2.33730E+00
    1.53260E+02    2.97756E+03    6.11607E+01    3.61629E+02    1.99581E-01   -4.12446E-01    1.71666E-01    1.80124E+00    2.62593E+00    2.49006E+00
    1.55270E+02    3.02094E+03    4.33812E+01    3.69857E+02    1.38347E-01   -3.63969E-01    7.66351E-02    1.65544E+00    2.39048E+00    1.96912E+00
    1.57299E+02    3.07603E+03    5.50894E+01    3.74032E+02    1.71702E-01   -3.85170E-01    1.52793E-01    1.75881E+00    2.54445E+00    2.39048E+00
    1.59349E+02    3.14184E+03    6.58150E+01    3.78249E+02    2.00487E-01   -4.13681E-01    1.71335E-01    1.82904E+00    2.68127E+00    2.54445E+00
    1.61419E+02    3.18837E+03    4.65287E+01    3.86811E+02    1.38533E-01   -3.64410E-01    7.57551E-02    1.67722E+00    2.43545E+00    1.99990E+00
    1.63511E+02    3.24727E+03    5.88984E+01    3.91156E+02    1.71406E-01   -3.85201E-01    1.51744E-01    1.78265E+00    2.59215E+00    2.43545E+00
    1.65623E+02    3.31735E+03    7.00804E+01    3.95544E+02    1.99354E-01   -4.12851E-01    1.70023E-01    1.85340E+00    2.72969E+00    2.59215E+00
    1.67756E+02    3.36642E+03    4.90711E+01    4.04453E+02    1.36450E-01   -3.61749E-01    7.47513E-02    1.69420E+00    2.46970E+00    2.02552E+00
    1.69910E+02    3.42771E+03    6.12877E+01    4.08975E+02    1.66594E-01   -3.79469E-01    1.50324E-01    1.79674E+00    2.61837E+00    2.46970E+00
    1.72086E+02    3.49791E+03    7.01987E+01    4.13542E+02    1.86537E-01   -3.97328E-01    1.69315E-01    1.85282E+00    2.72171E+00    2.61837E+00
    1.74284E+02    3.57875E+03    8.08430E+01    4.18154E+02    2.10013E-01   -4.22729E-01    1.76955E-01    1.91362E+00    2.84730E+00    2.72171E+00
    1.76504E+02    3.63503E+03    5.62807E+01    4.27517E+02    1.42937E-01   -3.70513E-01    7.52161E-02    1.74071E+00    2.56725E+00    2.09110E+00
    1.78746E+02    3.70594E+03    7.09132E+01    4.32269E+02    1.76080E-01   -3.91249E-01    1.51671E-01    1.85363E+00    2.73516E+00    2.56725E+00
    1.81010E+02    3.79006E+03    8.41136E+01    4.37069E+02    2.04202E-01   -4.18870E-01    1.69559E-01    1.92940E+00    2.88260E+00    2.73516E+00
    1.83297E+02    3.84956E+03    5.95086E+01    4.46813E+02    1.41254E-01   -3.68633E-01    7.32368E-02    1.75991E+00    2.60717E+00    2.11494E+00
    1.85607E+02    3.92452E+03    7.49551E+01    4.51758E+02    1.73965E-01   -3.89419E-01    1.49391E-01    1.87575E+00    2.77973E+00    2.60717E+00
    1.87940E+02    4.01325E+03    8.87323E+01    4.56752E+02    2.01370E-01   -4.16407E-01    1.67260E-01    1.95262E+00    2.92893E+00    2.77973E+00
    1.90296E+02    4.07553E+03    6.22766E+01    4.66892E+02    1.38200E-01   -3.64717E-01    7.19798E-02    1.77625E+00    2.63992E+00    2.13935E+00
    1.92676E+02    4.15293E+03    7.73974E+01    4.72037E+02    1.67953E-01   -3.82359E-01    1.47495E-01    1.88845E+00    2.80294E+00    2.63992E+00
    1.95080E+02    4.24113E+03    8.82045E+01    4.77235E+02    1.87175E-01   -3.99519E-01    1.66011E-01    1.94867E+00    2.91376E+00    2.80294E+00
    1.97508E+02    4.34203E+03    1.00900E+02    4.82484E+02    2.09391E-01   -4.23512E-01    1.73287E-01    2.01314E+00    3.04642E+00    2.91376E+00
    1.99959E+02    4.41167E+03    6.96386E+01    4.93140E+02    1.41330E-01   -3.68929E-01    7.22612E-02    1.81871E+00    2.72782E+00    2.20182E+00
    2.02436E+02    4.49787E+03    8.62023E+01    4.98549E+02    1.71095E-01   -3.86215E-01    1.48097E-01    1.93480E+00    2.89602E+00    2.72782E+00
    2.04937E+02    4.59580E+03    9.79285E+01    5.04011E+02    1.90096E-01   -4.03036E-01    1.66306E-01    1.99658E+00    3.00970E+00    2.89602E+00
    2.07464E+02    4.70752E+03    1.11724E+02    5.09528E+02    2.12112E-01   -4.26698E-01    1.73323E-01    2.06294E+00    3.14627E+00    3.00970E+00
    2.10015E+02    4.78462E+03    7.70980E+01    5.20728E+02    1.43164E-01   -3.71517E-01    7.16887E-02    1.85908E+00    2.81174E+00    2.25854E+00
    2.12592E+02    4.87990E+03    9.52751E+01    5.26412E+02    1.73042E-01   -3.88841E-01    1.47799E-01    1.97994E+00    2.98699E+00    2.81174E+00
    2.15195E+02    4.98797E+03    1.08073E+02    5.32154E+02    1.91991E-01   -4.05545E-01    1.65906E-01    2.04395E+00    3.10477E+00    2.98699E+00
    2.17824E+02    5.11106E+03    1.23090E+02    5.37952E+02    2.13891E-01   -4.28981E-01    1.72819E-01    2.11261E+00    3.24595E+00    3.10477E+00
    2.20479E+02    5.19604E+03    8.49811E+01    5.49723E+02    1.44448E-01   -3.73378E-01    7.09664E-02    1.89962E+00    2.89593E+00    2.31523E+00
    2.23161E+02    5.30086E+03    1.04822E+02    5.55698E+02    1.74289E-01   -3.90659E-01    1.47222E-01    2.02511E+00    3.07795E+00    2.89593E+00
    2.25869E+02    5.41953E+03    1.18665E+02    5.61731E+02    1.93009E-01   -4.07085E-01    1.65201E-01    2.09102E+00    3.19910E+00    3.07795E+00
    2.28605E+02    5.55432E+03    1.34792E+02    5.67826E+02    2.14472E-01   -4.29987E-01    1.71996E-01    2.16130E+00    3.34343E+00    3.19910E+00
    2.31368E+02    5.64697E+03    9.26490E+01    5.80198E+02    1.44214E-01   -3.73214E-01    7.01801E-02    1.93729E+00    2.97360E+00    2.36926E+00
    2.34158E+02    5.76049E+03    1.13520E+02    5.86476E+02    1.72867E-01   -3.89194E-01    1.46272E-01    2.06427E+00    3.15575E+00    2.97360E+00
    2.36977E+02    5.88731E+03    1.26823E+02    5.92818E+02    1.88938E-01   -4.02499E-01    1.64112E-01    2.12531E+00    3.26540E+00    3.15575E+00
    2.39824E+02    6.02622E+03    1.38910E+02    5.99223E+02    2.02464E-01   -4.15923E-01    1.71674E-01    2.17669E+00    3.36658E+00    3.26540E+00
    2.42699E+02    6.18186E+03    1.55637E+02    6.05692E+02    2.21937E-01   -4.37274E-01    1.75295E-01    2.24380E+00    3.50728E+00    3.36658E+00
    2.45603E+02    6.28806E+03    1.06203E+02    6.18825E+02    1.48172E-01   -3.78450E-01    7.03409E-02    2.00046E+00    3.10491E+00    2.46006E+00
    2.48536E+02    6.41784E+03    1.29775E+02    6.25491E+02    1.77151E-01   -3.94351E-01    1.47100E-01    2.13417E+00    3.29653E+00    3.10491E+00
    2.51498E+02    6.56251E+03    1.44673E+02    6.32222E+02    1.93230E-01   -4.07509E-01    1.64822E-01    2.19797E+00    3.41112E+00    3.29653E+00
    2.54490E+02    6.72070E+03    1.58190E+02    6.39021E+02    2.06731E-01   -4.20792E-01    1.72237E-01    2.25165E+00    3.51688E+00    3.41112E+00
    2.57512E+02    6.89764E+03    1.76940E+02    6.45889E+02    2.26259E-01   -4.42013E-01    1.75738E-01    2.32202E+00    3.66434E+00    3.51688E+00
    2.60564E+02    7.01850E+03    1.20864E+02    6.59830E+02    1.51230E-01   -3.82533E-01    6.99904E-02    2.06414E+00    3.23745E+00    2.54958E+00
    2.63646E+02    7.16600E+03    1.47496E+02    6.66905E+02    1.80590E-01   -3.98605E-01    1.47323E-01    2.20543E+00    3.44026E+00    3.23745E+00
    2.66759E+02    7.33025E+03    1.64255E+02    6.74051E+02    1.96795E-01   -4.11774E-01    1.65036E-01    2.27260E+00    3.56099E+00    3.44026E+00
    2.69904E+02    7.50968E+03    1.79422E+02    6.81268E+02    2.10357E-01   -4.25013E-01    1.72397E-01    2.32904E+00    3.67215E+00    3.56099E+00
    2.73080E+02    7.71012E+03    2.00441E+02    6.88558E+02    2.29969E-01   -4.46146E-01    1.75847E-01    2.40298E+00    3.82697E+00    3.67215E+00
    2.76288E+02    7.84721E+03    1.37095E+02    7.03356E+02    1.53925E-01   -3.86121E-01    6.95382E-02    2.13029E+00    3.37501E+00    2.64226E+00
    2.79527E+02    8.01428E+03    1.67069E+02    7.10867E+02    1.83570E-01   -4.02316E-01    1.47349E-01    2.27931E+00    3.58922E+00    3.37501E+00
    2.82800E+02    8.20009E+03    1.85813E+02    7.18452E+02    1.99804E-01   -4.15415E-01    1.65029E-01    2.34977E+00    3.71584E+00    3.58922E+00
    2.86105E+02    8.40277E+03    2.02678E+02    7.26114E+02    2.13289E-01   -4.28479E-01    1.72321E-01    2.40869E+00    3.83181E+00    3.71584E+00
    2.89443E+02    8.62875E+03    2.25976E+02    7.33852E+02    2.32737E-01   -4.49295E-01    1.75700E-01    2.48570E+00    3.99289E+00    3.83181E+00
    2.92814E+02    8.78304E+03    1.54290E+02    7.49561E+02    1.55521E-01   -3.88276E-01    6.90134E-02    2.19625E+00    3.51177E+00    2.73562E+00
    2.96219E+02    8.97032E+03    1.87281E+02    7.57533E+02    1.84758E-01   -4.03900E-01    1.47045E-01    2.35106E+00    3.73320E+00    3.51177E+00
    2.99658E+02    9.17730E+03    2.06978E+02    7.65586E+02    1.99847E-01   -4.15641E-01    1.64591E-01    2.42100E+00    3.85754E+00    3.73320E+00
    3.03131E+02    9.40025E+03    2.22950E+02    7.73718E+02    2.10695E-01   -4.25640E-01    1.71832E-01    2.47391E+00    3.95972E+00    3.85754E+00
    3.06640E+02    9.64033E+03    2.40078E+02    7.81933E+02    2.22065E-01   -4.37131E-01    1.76015E-01    2.52823E+00    4.06941E+00    3.95972E+00
    3.10183E+02    9.90617E+03    2.65840E+02    7.90229E+02    2.40679E-01   -4.57112E-01    1.78123E-01    2.60630E+00    4.23404E+00    4.06941E+00
    3.13762E+02    1.00871E+04    1.80912E+02    8.07071E+02    1.60318E-01   -3.94379E-01    6.91599E-02    2.29154E+00    3.70994E+00    2.87105E+00
    3.17376E+02    1.03062E+04    2.19114E+02    8.15619E+02    1.90059E-01   -4.10041E-01    1.48073E-01    2.45680E+00    3.94628E+00    3.70994E+00
    3.21027E+02    1.05479E+04    2.41720E+02    8.24252E+02    2.05230E-01   -4.21674E-01    1.65593E-01    2.53086E+00    4.07791E+00    3.94628E+00
    3.24714E+02    1.08079E+04    2.59958E+02    8.32971E+02    2.16049E-01   -4.31522E-01    1.72736E-01    2.58666E+00    4.18568E+00    4.07791E+00
    3.28438E+02    1.10874E+04    2.79484E+02    8.41778E+02    2.27370E-01   -4.42837E-01    1.76819E-01    2.64392E+00    4.30127E+00    4.18568E+00
    3.32200E+02    1.13962E+04    3.08880E+02    8.50672E+02    2.45979E-01   -4.62599E-01    1.78833E-01    2.72635E+00    4.47498E+00    4.30127E+00
    3.35998E+02    1.16063E+04    2.10039E+02    8.68730E+02    1.63738E-01   -3.98729E-01    6.89404E-02    2.38791E+00    3.91019E+00    3.00725E+00
    3.39835E+02    1.18599E+04    2.53672E+02    8.77894E+02    1.93584E-01   -4.14174E-01    1.48470E-01    2.56305E+00    4.16010E+00    3.91019E+00
    3.43711E+02    1.21387E+04    2.78783E+02    8.87150E+02    2.08265E-01   -4.25124E-01    1.65936E-01    2.63942E+00    4.29509E+00    4.16010E+00
    3.47625E+02    1.24367E+04    2.97996E+02    8.96498E+02    2.17932E-01   -4.33606E-01    1.72969E-01    2.69412E+00    4.39970E+00    4.29509E+00
    3.51578E+02    1.27532E+04    3.16502E+02    9.05940E+02    2.26598E-01   -4.41881E-01    1.77028E-01    2.74478E+00    4.50029E+00    4.39970E+00
    3.55570E+02    1.30913E+04    3.38116E+02    9.15476E+02    2.36984E-01   -4.52364E-01    1.79865E-01    2.80203E+00    4.61717E+00    4.50029E+00
    3.59603E+02    1.34635E+04    3.72149E+02    9.25108E+02    2.55359E-01   -4.71704E-01    1.81258E-01    2.88863E+00    4.80030E+00    4.61717E+00
    3.63676E+02    1.37163E+04    2.52766E+02    9.44661E+02    1.69801E-01   -4.06215E-01    6.92148E-02    2.51785E+00    4.18058E+00    3.19117E+00
    3.67790E+02    1.40210E+04    3.04741E+02    9.54585E+02    2.00422E-01   -4.21838E-01    1.49917E-01    2.70760E+00    4.45154E+00    4.18058E+00
    3.71944E+02    1.43554E+04    3.34439E+02    9.64607E+02    2.15344E-01   -4.32786E-01    1.67451E-01    2.78984E+00    4.59693E+00    4.45154E+00
    3.76141E+02    1.47125E+04    3.57065E+02    9.74730E+02    2.25096E-01   -4.41210E-01    1.74442E-01    2.84854E+00    4.70923E+00    4.59693E+00
    3.80379E+02    1.50913E+04    3.78816E+02    9.84955E+02    2.33810E-01   -4.49409E-01    1.78443E-01    2.90285E+00    4.81707E+00    4.70923E+00
    3.84660E+02    1.54955E+04    4.04207E+02    9.95281E+02    2.44262E-01   -4.59806E-01    1.81220E-01    2.96424E+00    4.94233E+00    4.81707E+00
    3.88983E+02    1.59397E+04    4.44219E+02    1.00571E+03    2.62829E-01   -4.79066E-01    1.82552E-01    3.05721E+00    5.13876E+00    4.94233E+00
    3.93350E+02    1.62415E+04    3.01792E+02    1.02688E+03    1.74830E-01   -4.12358E-01    6.92136E-02    2.65395E+00    4.46358E+00    3.38305E+00
    3.97761E+02    1.66046E+04    3.63076E+02    1.03763E+03    2.05940E-01   -4.27995E-01    1.50864E-01    2.85848E+00    4.75550E+00    4.46358E+00
    4.02215E+02    1.70021E+04    3.97462E+02    1.04848E+03    2.20740E-01   -4.38601E-01    1.68431E-01    2.94558E+00    4.90906E+00    4.75550E+00
    4.06714E+02    1.74249E+04    4.22867E+02    1.05944E+03    2.29952E-01   -4.46324E-01    1.75348E-01    3.00597E+00    5.02400E+00    4.90906E+00
    4.11258E+02    1.78710E+04    4.46024E+02    1.07052E+03    2.37490E-01   -4.53163E-01    1.79256E-01    3.05904E+00    5.12849E+00    5.02400E+00
    4.15848E+02    1.83413E+04    4.70336E+02    1.08170E+03    2.45219E-01   -4.60526E-01    1.82030E-01    3.11317E+00    5.23726E+00    5.12849E+00
    4.20483E+02    1.88413E+04    5.00032E+02    1.09299E+03    2.55274E-01   -4.70471E-01    1.84206E-01    3.17746E+00    5.36912E+00    5.23726E+00
    4.25165E+02    1.93894E+04    5.48028E+02    1.10440E+03    2.73957E-01   -4.89551E-01    1.85195E-01    3.27755E+00    5.58090E+00    5.36912E+00
    4.29893E+02    1.97617E+04    3.72312E+02    1.12756E+03    1.82248E-01   -4.21189E-01    6.96229E-02    2.83151E+00    4.83304E+00    3.63363E+00
    4.34669E+02    2.02089E+04    4.47237E+02    1.13931E+03    2.14375E-01   -4.37098E-01    1.52707E-01    3.05612E+00    5.15402E+00    4.83304E+00
    4.39493E+02    2.06979E+04    4.89007E+02    1.15118E+03    2.29528E-01   -4.47759E-01    1.70412E-01    3.15125E+00    5.32181E+00    5.15402E+00
    4.44365E+02    2.12177E+04    5.19732E+02    1.16317E+03    2.38887E-01   -4.55460E-01    1.77322E-01    3.21699E+00    5.44696E+00    5.32181E+00
    4.49285E+02    2.17653E+04    5.47665E+02    1.17528E+03    2.46504E-01   -4.62246E-01    1.81196E-01    3.27466E+00    5.56048E+00    5.44696E+00
    4.54255E+02    2.23423E+04    5.76940E+02    1.18751E+03    2.54296E-01   -4.69540E-01    1.83926E-01    3.33340E+00    5.67852E+00    5.56048E+00
    4.59274E+02    2.29549E+04    6.12669E+02    1.19986E+03    2.64448E-01   -4.79409E-01    1.86053E-01    3.40315E+00    5.82150E+00    5.67852E+00
    4.64344E+02    2.36254E+04    6.70456E+02    1.21233E+03    2.83398E-01   -4.98432E-01    1.86985E-01    3.51186E+00    6.05131E+00    5.82150E+00
    4.69464E+02    2.40809E+04    4.55524E+02    1.23766E+03    1.88562E-01   -4.28591E-01    6.97973E-02    3.02053E+00    5.22599E+00    3.89999E+00
    4.74636E+02    2.46269E+04    5.45989E+02    1.25051E+03    2.21333E-01   -4.44523E-01    1.54053E-01    3.26547E+00    5.57579E+00    5.22599E+00
    4.79859E+02    2.52224E+04    5.95460E+02    1.26350E+03    2.36396E-01   -4.54835E-01    1.71818E-01    3.36732E+00    5.75486E+00    5.57579E+00
    4.85135E+02    2.58531E+04    6.30750E+02    1.27661E+03    2.45231E-01   -4.61862E-01    1.78646E-01    3.43567E+00    5.88435E+00    5.75486E+00
    4.90463E+02    2.65144E+04    6.61341E+02    1.28985E+03    2.51813E-01   -4.67491E-01    1.82386E-01    3.49292E+00    5.99623E+00    5.88435E+00
    4.95845E+02    2.72053E+04    6.90893E+02    1.30323E+03    2.57634E-01   -4.72677E-01    1.84960E-01    3.54680E+00    6.10319E+00    5.99623E+00
    5.01280E+02    2.79270E+04    7.21674E+02    1.31673E+03    2.63559E-01   -4.78101E-01    1.87025E-01    3.60165E+00    6.21323E+00    6.10319E+00
    5.06770E+02    2.86833E+04    7.56327E+02    1.33038E+03    2.70517E-01   -4.84616E-01    1.88848E-01    3.66205E+00    6.33569E+00    6.21323E+00
    5.12314E+02    2.94837E+04    8.00387E+02    1.34416E+03    2.80374E-01   -4.94064E-01    1.90459E-01    3.73701E+00    6.49003E+00    6.33569E+00
    5.17914E+02    3.03572E+04    8.73482E+02    1.35808E+03    2.99674E-01   -5.13001E-01    1.91060E-01    3.85709E+00    6.74421E+00    6.49003E+00
    5.23570E+02    3.09506E+04    5.93396E+02    1.38633E+03    1.99389E-01   -4.40895E-01    7.07125E-02    3.29865E+00    5.80478E+00    4.29271E+00
    5.29283E+02    3.16608E+04    7.10161E+02    1.40067E+03    2.33711E-01   -4.57216E-01    1.57049E-01    3.57495E+00    6.19985E+00    5.80478E+00
    5.35053E+02    3.24344E+04    7.73605E+02    1.41516E+03    2.49351E-01   -4.67653E-01    1.75076E-01    3.68921E+00    6.40087E+00    6.19985E+00
    5.40880E+02    3.32531E+04    8.18685E+02    1.42979E+03    2.58454E-01   -4.74711E-01    1.81942E-01    3.76569E+00    6.54581E+00    6.40087E+00
    5.46766E+02    3.41107E+04    8.57691E+02    1.44456E+03    2.65201E-01   -4.80340E-01    1.85673E-01    3.82969E+00    6.67090E+00    6.54581E+00
    5.52710E+02    3.50061E+04    8.95340E+02    1.45948E+03    2.71153E-01   -4.85514E-01    1.88226E-01    3.88990E+00    6.79043E+00    6.67090E+00
    5.58714E+02    3.59406E+04    9.34533E+02    1.47456E+03    2.77209E-01   -4.90926E-01    1.90266E-01    3.95119E+00    6.91338E+00    6.79043E+00
    5.64779E+02    3.69193E+04    9.78641E+02    1.48978E+03    2.84333E-01   -4.97438E-01    1.92062E-01    4.01867E+00    7.05017E+00    6.91338E+00
    5.70903E+02    3.79540E+04    1.03473E+03    1.50515E+03    2.94458E-01   -5.06912E-01    1.93643E-01    4.10245E+00    7.22258E+00    7.05017E+00
    5.77089E+02    3.90818E+04    1.12785E+03    1.52068E+03    3.14375E-01   -5.25986E-01    1.94202E-01    4.23679E+00    7.50669E+00    7.22258E+00
    5.83337E+02    3.98488E+04    7.66951E+02    1.55221E+03    2.09394E-01   -4.51998E-01    7.13622E-02    3.60601E+00    6.44406E+00    4.72524E+00
    5.89647E+02    4.07652E+04    9.16394E+02    1.56820E+03    2.45068E-01   -4.68623E-01    1.59562E-01    3.91650E+00    6.88836E+00    6.44406E+00
    5.96021E+02    4.17619E+04    9.96675E+02    1.58436E+03    2.61076E-01   -4.79019E-01    1.77811E-01    4.04357E+00    7.11173E+00    6.88836E+00
    6.02458E+02    4.28147E+04    1.05285E+03    1.60068E+03    2.70143E-01   -4.85834E-01    1.84684E-01    4.12743E+00    7.27036E+00    7.11173E+00
    6.08959E+02    4.39152E+04    1.10048E+03    1.61717E+03    2.76582E-01   -4.91023E-01    1.88358E-01    4.19626E+00    7.40453E+00    7.27036E+00
    6.15526E+02    4.50603E+04    1.14512E+03    1.63382E+03    2.81912E-01   -4.95482E-01    1.90813E-01    4.25921E+00    7.52898E+00    7.40453E+00
    6.22158E+02    4.62498E+04    1.18947E+03    1.65063E+03    2.86842E-01   -4.99700E-01    1.92721E-01    4.32046E+00    7.65104E+00    7.52898E+00
    6.28856E+02    4.74853E+04    1.23548E+03    1.66761E+03    2.91844E-01   -5.04049E-01    1.94367E-01    4.38275E+00    7.77592E+00    7.65104E+00
    6.35622E+02    4.87706E+04    1.28533E+03    1.68477E+03    2.97413E-01   -5.08958E-01    1.95896E-01    4.44898E+00    7.90945E+00    7.77592E+00
    6.42455E+02    5.01134E+04    1.34279E+03    1.70209E+03    3.04361E-01   -5.15173E-01    1.97378E-01    4.52382E+00    8.06158E+00    7.90945E+00
    6.49357E+02    5.15304E+04    1.41701E+03    1.71959E+03    3.14625E-01   -5.24522E-01    1.98750E-01    4.61832E+00    8.25630E+00    8.06158E+00
    6.56327E+02    5.30720E+04    1.54166E+03    1.73726E+03    3.35313E-01   -5.43741E-01    1.99145E-01    4.77170E+00    8.58069E+00    8.25630E+00
    6.63367E+02    5.41209E+04    1.04882E+03    1.77314E+03    2.23464E-01   -4.67110E-01    7.26115E-02    4.03811E+00    7.34300E+00    5.33419E+00
    6.70478E+02    5.53721E+04    1.25122E+03    1.79135E+03    2.61149E-01   -4.84194E-01    1.63418E-01    4.39690E+00    7.85694E+00    7.34300E+00
    6.77659E+02    5.67310E+04    1.35896E+03    1.80974E+03    2.77852E-01   -4.94691E-01    1.82026E-01    4.54255E+00    8.11294E+00    7.85694E+00
    6.84913E+02    5.81647E+04    1.43363E+03    1.82831E+03    2.87143E-01   -5.01434E-01    1.88961E-01    4.63787E+00    8.29312E+00    8.11294E+00
    6.92239E+02    5.96609E+04    1.49627E+03    1.84707E+03    2.93582E-01   -5.06439E-01    1.92618E-01    4.71537E+00    8.44402E+00    8.29312E+00
    6.99638E+02    6.12152E+04    1.55423E+03    1.86602E+03    2.98741E-01   -5.10595E-01    1.95022E-01    4.78539E+00    8.58223E+00    8.44402E+00
    7.07112E+02    6.28259E+04    1.61077E+03    1.88516E+03    3.03304E-01   -5.14348E-01    1.96852E-01    4.85235E+00    8.71534E+00    8.58223E+00
    7.14660E+02    6.44938E+04    1.66782E+03    1.90449E+03    3.07653E-01   -5.17970E-01    1.98394E-01    4.91865E+00    8.84775E+00    8.71534E+00
    7.22283E+02    6.62206E+04    1.72688E+03    1.92401E+03    3.12064E-01   -5.21678E-01    1.99791E-01    4.98608E+00    8.98288E+00    8.84775E+00
    7.29983E+02    6.80103E+04    1.78964E+03    1.94373E+03    3.16827E-01   -5.25713E-01    2.01128E-01    5.05651E+00    9.12451E+00    8.98288E+00
    7.37760E+02    6.98690E+04    1.85870E+03    1.96364E+03    3.22360E-01   -5.30444E-01    2.02459E-01    5.13263E+00    9.27828E+00    9.12451E+00
    7.45614E+02    7.18081E+04    1.93913E+03    1.98375E+03    3.29471E-01   -5.36595E-01    2.03807E-01    5.21963E+00    9.45528E+00    9.27828E+00
    7.53547E+02    7.38519E+04    2.04379E+03    2.00407E+03    3.40196E-01   -5.46019E-01    2.05085E-01    5.33035E+00    9.68350E+00    9.45528E+00
    7.61560E+02    7.60725E+04    2.22058E+03    2.02458E+03    3.62114E-01   -5.65623E-01    2.05388E-01    5.51115E+00    1.00657E+01    9.68350E+00
    7.69652E+02    7.75850E+04    1.51255E+03    2.06624E+03    2.41644E-01   -4.85921E-01    7.43296E-02    4.63678E+00    8.58866E+00    6.17709E+00
    7.77825E+02    7.93871E+04    1.80213E+03    2.08738E+03    2.82062E-01   -5.03675E-01    1.68444E-01    5.06312E+00    9.20035E+00    8.58866E+00
    7.86081E+02    8.13424E+04    1.95529E+03    2.10873E+03    2.99821E-01   -5.14430E-01    1.87570E-01    5.23525E+00    9.50309E+00    9.20035E+00
    7.94418E+02    8.34032E+04    2.06078E+03    2.13029E+03    3.09585E-01   -5.21249E-01    1.94641E-01    5.34737E+00    9.71502E+00    9.50309E+00
    8.02839E+02    8.55520E+04    2.14876E+03    2.15207E+03    3.16254E-01   -5.26229E-01    1.98336E-01    5.43806E+00    9.89153E+00    9.71502E+00
    8.11345E+02    8.77816E+04    2.22960E+03    2.17407E+03    3.21497E-01   -5.30284E-01    2.00738E-01    5.51950E+00    1.00522E+01    9.89153E+00
    8.19935E+02    9.00894E+04    2.30779E+03    2.19629E+03    3.26024E-01   -5.33855E-01    2.02541E-01    5.59674E+00    1.02056E+01    1.00522E+01
    8.28611E+02    9.24751E+04    2.38571E+03    2.21873E+03    3.30201E-01   -5.37187E-01    2.04037E-01    5.67235E+00    1.03563E+01    1.02056E+01
    8.37374E+02    9.49400E+04    2.46495E+03    2.24139E+03    3.34256E-01   -5.40445E-01    2.05366E-01    5.74795E+00    1.05074E+01    1.03563E+01
    8.46225E+02    9.74869E+04    2.54687E+03    2.26428E+03    3.38368E-01   -5.43765E-01    2.06610E-01    5.82480E+00    1.06614E+01    1.05074E+01
    8.55164E+02    1.00120E+05    2.63296E+03    2.28740E+03    3.42722E-01   -5.47296E-01    2.07820E-01    5.90427E+00    1.08210E+01    1.06614E+01
    8.64193E+02    1.02845E+05    2.72534E+03    2.31075E+03    3.47565E-01   -5.51244E-01    2.09035E-01    5.98814E+00    1.09898E+01    1.08210E+01
    8.73312E+02    1.05673E+05    2.82765E+03    2.33434E+03    3.53315E-01   -5.55962E-01    2.10287E-01    6.07944E+00    1.11744E+01    1.09898E+01
    8.82522E+02    1.08620E+05    2.94735E+03    2.35816E+03    3.60820E-01   -5.62185E-01    2.11584E-01    6.18429E+00    1.13878E+01    1.11744E+01
    8.91824E+02    1.11724E+05    3.10368E+03    2.38222E+03    3.72271E-01   -5.71819E-01    2.12825E-01    6.31825E+00    1.16638E+01    1.13878E+01
    9.01219E+02    1.15092E+05    3.36850E+03    2.40651E+03    3.95864E-01   -5.92000E-01    2.13074E-01    6.53761E+00    1.21272E+01    1.16638E+01
    9.10708E+02    1.17390E+05    2.29802E+03    2.45584E+03    2.64603E-01   -5.08668E-01    7.65480E-02    5.46876E+00    1.03196E+01    7.34741E+00
    9.20292E+02    1.20125E+05    2.73476E+03    2.48088E+03    3.08526E-01   -5.27260E-01    1.74708E-01    5.98902E+00    1.10674E+01    1.03196E+01
    9.29972E+02    1.23090E+05    2.96440E+03    2.50616E+03    3.27676E-01   -5.38374E-01    1.94498E-01    6.19809E+00    1.14354E+01    1.10674E+01
    9.39749E+02    1.26211E+05    3.12172E+03    2.53170E+03    3.38094E-01   -5.45331E-01    2.01762E-01    6.33368E+00    1.16917E+01    1.14354E+01
    9.49623E+02    1.29463E+05    3.25221E+03    2.55750E+03    3.45113E-01   -5.50338E-01    2.05526E-01    6.44287E+00    1.19042E+01    1.16917E+01
    9.59596E+02    1.32835E+05    3.37137E+03    2.58355E+03    3.50535E-01   -5.54340E-01    2.07947E-01    6.54039E+00    1.20964E+01    1.19042E+01
    9.69669E+02    1.36321E+05    3.48579E+03    2.60986E+03    3.55115E-01   -5.57784E-01    2.09741E-01    6.63225E+00    1.22787E+01    1.20964E+01
    9.79843E+02    1.39919E+05    3.59874E+03    2.63644E+03    3.59223E-01   -5.60906E-01    2.11205E-01    6.72139E+00    1.24562E+01    1.22787E+01
    9.90118E+02    1.43632E+05    3.71217E+03    2.66328E+03    3.63069E-01   -5.63845E-01    2.12480E-01    6.80945E+00    1.26320E+01    1.24562E+01
    1.00050E+03    1.47459E+05    3.82736E+03    2.69039E+03    3.66784E-01   -5.66692E-01    2.13645E-01    6.89747E+00    1.28079E+01    1.26320E+01
    1.01098E+03    1.51404E+05    3.94534E+03    2.71777E+03    3.70466E-01   -5.69518E-01    2.14745E-01    6.98624E+00    1.29856E+01    1.28079E+01
    1.02156E+03    1.55471E+05    4.06707E+03    2.74542E+03    3.74197E-01   -5.72383E-01    2.15812E-01    7.07645E+00    1.31662E+01    1.29856E+01
    1.03226E+03    1.59665E+05    4.19363E+03    2.77335E+03    3.78064E-01   -5.75354E-01    2.16869E-01    7.16881E+00    1.33514E+01    1.31662E+01
    1.04306E+03    1.63991E+05    4.32638E+03    2.80157E+03    3.82172E-01   -5.78511E-01    2.17936E-01    7.26421E+00    1.35429E+01    1.33514E+01
    1.05396E+03    1.68459E+05    4.46729E+03    2.83006E+03    3.86668E-01   -5.81974E-01    2.19032E-01    7.36392E+00    1.37434E+01    1.35429E+01
    1.06498E+03    1.73078E+05    4.61957E+03    2.85884E+03    3.91795E-01   -5.85933E-01    2.20177E-01    7.46997E+00    1.39570E+01    1.37434E+01
    1.07611E+03    1.77867E+05    4.78908E+03    2.88790E+03    3.97992E-01   -5.90744E-01    2.21388E-01    7.58604E+00    1.41918E+01    1.39570E+01
    1.08735E+03    1.82855E+05    4.98815E+03    2.91726E+03    4.06189E-01   -5.97167E-01    2.22668E-01    7.71989E+00    1.44642E+01    1.41918E+01
    1.09870E+03    1.88104E+05    5.24888E+03    2.94691E+03    4.18817E-01   -6.07194E-01    2.23902E-01    7.89136E+00    1.48175E+01    1.44642E+01
    1.11016E+03    1.93796E+05    5.69152E+03    2.97685E+03    4.44996E-01   -6.28308E-01    2.24111E-01    8.17276E+00    1.54114E+01    1.48175E+01
    1.12174E+03    1.97686E+05    3.89026E+03    3.03765E+03    2.98043E-01   -5.40051E-01    7.99276E-02    6.79511E+00    1.30792E+01    9.21256E+00
    1.13343E+03    2.02311E+05    4.62498E+03    3.06850E+03    3.47204E-01   -5.59854E-01    1.83760E-01    7.46572E+00    1.40454E+01    1.30792E+01
    1.14524E+03    2.07321E+05    5.00982E+03    3.09966E+03    3.68530E-01   -5.71570E-01    2.04544E-01    7.73450E+00    1.45190E+01    1.40454E+01
    1.15717E+03    2.12594E+05    5.27274E+03    3.13113E+03    3.80072E-01   -5.78853E-01    2.12134E-01    7.90855E+00    1.48483E+01    1.45190E+01
    1.16922E+03    2.18084E+05    5.49033E+03    3.16292E+03    3.87800E-01   -5.84058E-01    2.16047E-01    8.04851E+00    1.51206E+01    1.48483E+01
    1.18139E+03    2.23773E+05    5.68860E+03    3.19503E+03    3.93728E-01   -5.88187E-01    2.18550E-01    8.17330E+00    1.53666E+01    1.51206E+01
    1.19368E+03    2.29651E+05    5.87845E+03    3.22746E+03    3.98693E-01   -5.91708E-01    2.20395E-01    8.29060E+00    1.55994E+01    1.53666E+01
    1.20610E+03    2.35716E+05    6.06529E+03    3.26021E+03    4.03100E-01   -5.94865E-01    2.21890E-01    8.40410E+00    1.58253E+01    1.55994E+01
    1.21863E+03    2.41968E+05    6.25215E+03    3.29329E+03    4.07171E-01   -5.97797E-01    2.23182E-01    8.51581E+00    1.60482E+01    1.58253E+01
    1.23130E+03    2.48409E+05    6.44092E+03    3.32670E+03    4.11041E-01   -6.00590E-01    2.24350E-01    8.62694E+00    1.62702E+01    1.60482E+01
    1.24409E+03    2.55042E+05    6.63295E+03    3.36044E+03    4.14796E-01   -6.03302E-01    2.25440E-01    8.73830E+00    1.64928E+01    1.62702E+01
    1.25700E+03    2.61872E+05    6.82930E+03    3.39452E+03    4.18501E-01   -6.05976E-01    2.26481E-01    8.85049E+00    1.67173E+01    1.64928E+01
    1.27005E+03    2.68902E+05    7.03089E+03    3.42894E+03    4.22206E-01   -6.08648E-01    2.27494E-01    8.96399E+00    1.69445E+01    1.67173E+01
    1.28323E+03    2.76141E+05    7.23864E+03    3.46371E+03    4.25958E-01   -6.11350E-01    2.28494E-01    9.07926E+00    1.71754E+01    1.69445E+01
    1.29654E+03    2.83595E+05    7.45356E+03    3.49882E+03    4.29805E-01   -6.14116E-01    2.29491E-01    9.19679E+00    1.74108E+01    1.71754E+01
    1.30998E+03    2.91272E+05    7.67688E+03    3.53429E+03    4.33802E-01   -6.16987E-01    2.30498E-01    9.31712E+00    1.76521E+01    1.74108E+01
    1.32356E+03    2.99182E+05    7.91019E+03    3.57011E+03    4.38021E-01   -6.20013E-01    2.31526E-01    9.44100E+00    1.79006E+01    1.76521E+01
    1.33727E+03    3.07338E+05    8.15578E+03    3.60629E+03    4.42564E-01   -6.23272E-01    2.32585E-01    9.56946E+00    1.81586E+01    1.79006E+01
    1.35112E+03    3.15755E+05    8.41715E+03    3.64283E+03    4.47588E-01   -6.26878E-01    2.33691E-01    9.70409E+00    1.84293E+01    1.81586E+01
    1.36511E+03    3.24455E+05    8.70011E+03    3.67973E+03    4.53361E-01   -6.31032E-01    2.34860E-01    9.84757E+00    1.87184E+01    1.84293E+01
    1.37923E+03    3.33470E+05    9.01547E+03    3.71701E+03    4.60378E-01   -6.36106E-01    2.36108E-01    1.00048E+01    1.90364E+01    1.87184E+01
    1.39350E+03    3.42856E+05    9.38615E+03    3.75465E+03    4.69702E-01   -6.42906E-01    2.37433E-01    1.01863E+01    1.94057E+01    1.90364E+01
    1.40792E+03    3.52728E+05    9.87188E+03    3.79268E+03    4.84111E-01   -6.53549E-01    2.38714E-01    1.04188E+01    1.98846E+01    1.94057E+01
    1.42247E+03    3.63425E+05    1.06966E+04    3.83108E+03    5.14046E-01   -6.75994E-01    2.38911E-01    1.08004E+01    2.06892E+01    1.98846E+01
    1.43717E+03    3.70752E+05    7.32716E+03    3.90904E+03    3.45069E-01   -5.81303E-01    8.45945E-02    8.92836E+00    1.75170E+01    1.22096E+01
    1.45202E+03    3.79455E+05    8.70293E+03    3.94861E+03    4.01652E-01   -6.02708E-01    1.95948E-01    9.84060E+00    1.88345E+01    1.75170E+01
    1.46702E+03    3.88876E+05    9.42113E+03    3.98857E+03    4.26092E-01   -6.15249E-01    2.18085E-01    1.02055E+01    1.94783E+01    1.88345E+01
    1.48217E+03    3.98787E+05    9.91066E+03    4.02894E+03    4.39259E-01   -6.22996E-01    2.26131E-01    1.04414E+01    1.99250E+01    1.94783E+01
    1.49747E+03    4.09102E+05    1.03150E+04    4.06970E+03    4.48029E-01   -6.28497E-01    2.30263E-01    1.06310E+01    2.02939E+01    1.99250E+01
    1.51292E+03    4.19784E+05    1.06827E+04    4.11088E+03    4.54713E-01   -6.32830E-01    2.32893E-01    1.07997E+01    2.06266E+01    2.02939E+01
    1.52852E+03    4.30818E+05    1.10340E+04    4.15246E+03    4.60269E-01   -6.36497E-01    2.34822E-01    1.09580E+01    2.09407E+01    2.06266E+01
    1.54428E+03    4.42197E+05    1.13789E+04    4.19446E+03    4.65158E-01   -6.39754E-01    2.36374E-01    1.11109E+01    2.12450E+01    2.09407E+01
    1.56020E+03    4.53920E+05    1.17227E+04    4.23689E+03    4.69629E-01   -6.42748E-01    2.37706E-01    1.12610E+01    2.15443E+01    2.12450E+01
    1.57628E+03    4.65989E+05    1.20689E+04    4.27973E+03    4.73827E-01   -6.45565E-01    2.38899E-01    1.14098E+01    2.18415E+01    2.15443E+01
    1.59252E+03    4.78408E+05    1.24196E+04    4.32300E+03    4.77844E-01   -6.48261E-01    2.40003E-01    1.15584E+01    2.21383E+01    2.18415E+01
    1.60893E+03    4.91185E+05    1.27763E+04    4.36671E+03    4.81741E-01   -6.50875E-01    2.41045E-01    1.17073E+01    2.24362E+01    2.21383E+01
    1.62549E+03    5.04325E+05    1.31403E+04    4.41086E+03    4.85560E-01   -6.53433E-01    2.42044E-01    1.18572E+01    2.27359E+01    2.24362E+01
    1.64222E+03    5.17838E+05    1.35125E+04    4.45544E+03    4.89333E-01   -6.55955E-01    2.43015E-01    1.20082E+01    2.30382E+01    2.27359E+01
    1.65912E+03    5.31731E+05    1.38938E+04    4.50047E+03    4.93085E-01   -6.58457E-01    2.43966E-01    1.21608E+01    2.33436E+01    2.30382E+01
    1.67619E+03    5.46016E+05    1.42849E+04    4.54595E+03    4.96836E-01   -6.60952E-01    2.44904E-01    1.23152E+01    2.36525E+01    2.33436E+01
    1.69343E+03    5.60703E+05    1.46867E+04    4.59189E+03    5.00603E-01   -6.63452E-01    2.45835E-01    1.24716E+01    2.39656E+01    2.36525E+01
    1.71084E+03    5.75803E+05    1.50999E+04    4.63829E+03    5.04406E-01   -6.65968E-01    2.46763E-01    1.26302E+01    2.42832E+01    2.39656E+01
    1.72843E+03    5.91328E+05    1.55254E+04    4.68515E+03    5.08260E-01   -6.68512E-01    2.47693E-01    1.27912E+01    2.46057E+01    2.42832E+01
    1.74619E+03    6.07292E+05    1.59642E+04    4.73247E+03    5.12187E-01   -6.71096E-01    2.48629E-01    1.29550E+01    2.49338E+01    2.46057E+01
    1.76413E+03    6.23710E+05    1.64174E+04    4.78028E+03    5.16209E-01   -6.73737E-01    2.49574E-01    1.31219E+01    2.52680E+01    2.49338E+01
    1.78224E+03    6.40596E+05    1.68864E+04    4.82856E+03    5.20355E-01   -6.76453E-01    2.50533E-01    1.32921E+01    2.56092E+01    2.52680E+01
    1.80054E+03    6.57969E+05    1.73731E+04    4.87732E+03    5.24665E-01   -6.79269E-01    2.51511E-01    1.34663E+01    2.59583E+01    2.56092E+01
    1.81903E+03    6.75849E+05    1.78798E+04    4.92657E+03    5.29189E-01   -6.82221E-01    2.52515E-01    1.36451E+01    2.63169E+01    2.59583E+01
    1.83769E+03    6.94259E+05    1.84099E+04    4.97631E+03    5.34005E-01   -6.85359E-01    2.53551E-01    1.38295E+01    2.66868E+01    2.63169E+01
    1.85655E+03    7.13227E+05    1.89684E+04    5.02655E+03    5.39225E-01   -6.88759E-01    2.54630E-01    1.40209E+01    2.70713E+01    2.66868E+01
    1.87559E+03    7.32790E+05    1.95631E+04    5.07729E+03    5.45033E-01   -6.92544E-01    2.55764E-01    1.42217E+01    2.74750E+01    2.70713E+01
    1.89482E+03    7.52997E+05    2.02071E+04    5.12854E+03    5.51743E-01   -6.96929E-01    2.56969E-01    1.44357E+01    2.79063E+01    2.74750E+01
    1.91425E+03    7.73922E+05    2.09250E+04    5.18031E+03    5.59948E-01   -7.02317E-01    2.58261E-01    1.46705E+01    2.83809E+01    2.79063E+01
    1.93387E+03    7.95692E+05    2.17692E+04    5.23259E+03    5.70920E-01   -7.09583E-01    2.59638E-01    1.49415E+01    2.89323E+01    2.83809E+01
    1.95368E+03    8.18568E+05    2.28766E+04    5.28539E+03    5.87997E-01   -7.21037E-01    2.60964E-01    1.52891E+01    2.96480E+01    2.89323E+01
    1.97370E+03    8.43328E+05    2.47602E+04    5.33872E+03    6.23721E-01   -7.45347E-01    2.61111E-01    1.58606E+01    3.08520E+01    2.96480E+01
    1.99391E+03    8.60312E+05    1.69832E+04    5.44699E+03    4.19284E-01   -6.40984E-01    9.17783E-02    1.30327E+01    2.60540E+01    1.79763E+01
    2.01433E+03    8.80458E+05    2.01459E+04    5.50193E+03    4.87451E-01   -6.64541E-01    2.14095E-01    1.44066E+01    2.80414E+01    2.60540E+01
    2.03495E+03    9.02243E+05    2.17853E+04    5.55743E+03    5.16609E-01   -6.78136E-01    2.38204E-01    1.49528E+01    2.90057E+01    2.80414E+01
    2.05577E+03    9.25138E+05    2.28954E+04    5.61348E+03    5.32114E-01   -6.86411E-01    2.46889E-01    1.53043E+01    2.96709E+01    2.90057E+01
    2.07681E+03    9.48946E+05    2.38073E+04    5.67009E+03    5.42281E-01   -6.92192E-01    2.51299E-01    1.55853E+01    3.02177E+01    2.96709E+01
    2.09805E+03    9.73578E+05    2.46326E+04    5.72727E+03    5.49898E-01   -6.96669E-01    2.54069E-01    1.58344E+01    3.07088E+01    3.02177E+01
    2.11951E+03    9.98996E+05    2.54176E+04    5.78502E+03    5.56117E-01   -7.00390E-01    2.56068E-01    1.60674E+01    3.11707E+01    3.07088E+01
    2.14118E+03    1.02518E+06    2.61849E+04    5.84335E+03    5.61492E-01   -7.03639E-01    2.57651E-01    1.62914E+01    3.16166E+01    3.11707E+01
    2.16307E+03    1.05213E+06    2.69468E+04    5.90226E+03    5.66318E-01   -7.06572E-01    2.58987E-01    1.65106E+01    3.20535E+01    3.16166E+01
    2.18518E+03    1.07984E+06    2.77104E+04    5.96176E+03    5.70767E-01   -7.09283E-01    2.60164E-01    1.67271E+01    3.24857E+01    3.20535E+01
    2.20751E+03    1.10832E+06    2.84805E+04    6.02185E+03    5.74945E-01   -7.11830E-01    2.61234E-01    1.69424E+01    3.29158E+01    3.24857E+01
    2.23006E+03    1.13758E+06    2.92601E+04    6.08255E+03    5.78921E-01   -7.14254E-01    2.62226E-01    1.71574E+01    3.33454E+01    3.29158E+01
    2.25284E+03    1.16763E+06    3.00514E+04    6.14385E+03    5.82739E-01   -7.16579E-01    2.63161E-01    1.73727E+01    3.37758E+01    3.33454E+01
    2.27584E+03    1.19849E+06    3.08562E+04    6.20576E+03    5.86432E-01   -7.18824E-01    2.64053E-01    1.75887E+01    3.42077E+01    3.37758E+01
    2.29908E+03    1.23016E+06    3.16756E+04    6.26830E+03    5.90022E-01   -7.21003E-01    2.64909E-01    1.78058E+01    3.46419E+01    3.42077E+01
    2.32254E+03    1.26267E+06    3.25108E+04    6.33146E+03    5.93523E-01   -7.23123E-01    2.65737E-01    1.80241E+01    3.50786E+01    3.46419E+01
    2.34625E+03    1.29603E+06    3.33624E+04    6.39525E+03    5.96949E-01   -7.25193E-01    2.66541E-01    1.82439E+01    3.55182E+01    3.50786E+01
    2.37019E+03    1.33027E+06    3.42313E+04    6.45968E+03    6.00306E-01   -7.27217E-01    2.67324E-01    1.84652E+01    3.59609E+01    3.55182E+01
    2.39436E+03    1.36538E+06    3.51180E+04    6.52475E+03    6.03601E-01   -7.29198E-01    2.68088E-01    1.86882E+01    3.64070E+01    3.59609E+01
    2.41879E+03    1.40141E+06    3.60231E+04    6.59048E+03    6.06838E-01   -7.31140E-01    2.68836E-01    1.89129E+01    3.68565E+01    3.64070E+01
    2.44345E+03    1.43835E+06    3.69471E+04    6.65686E+03    6.10020E-01   -7.33044E-01    2.69568E-01    1.91393E+01    3.73097E+01    3.68565E+01
    2.46836E+03    1.47624E+06    3.78903E+04    6.72391E+03    6.13149E-01   -7.34911E-01    2.70286E-01    1.93676E+01    3.77664E+01    3.73097E+01
    2.49352E+03    1.51510E+06    3.88533E+04    6.79162E+03    6.16226E-01   -7.36743E-01    2.70989E-01    1.95978E+01    3.82268E+01    3.77664E+01
    2.51893E+03    1.55493E+06    3.98364E+04    6.86001E+03    6.19251E-01   -7.38540E-01    2.71680E-01    1.98298E+01    3.86910E+01    3.82268E+01
    2.54460E+03    1.59577E+06    4.08399E+04    6.92909E+03    6.22225E-01   -7.40302E-01    2.72357E-01    2.00637E+01    3.91590E+01    3.86910E+01
    2.57052E+03    1.63764E+06    4.18643E+04    6.99886E+03    6.25148E-01   -7.42029E-01    2.73022E-01    2.02994E+01    3.96307E+01    3.91590E+01
    2.59671E+03    1.68055E+06    4.29097E+04    7.06932E+03    6.28019E-01   -7.43721E-01    2.73673E-01    2.05371E+01    4.01062E+01    3.96307E+01
    2.62315E+03    1.72453E+06    4.39767E+04    7.14049E+03    6.30837E-01   -7.45379E-01    2.74312E-01    2.07767E+01    4.05855E+01    4.01062E+01
    2.64986E+03    1.76959E+06    4.50655E+04    7.21238E+03    6.33604E-01   -7.47003E-01    2.74938E-01    2.10182E+01    4.10687E+01    4.05855E+01
    2.67683E+03    1.81577E+06    4.61764E+04    7.28498E+03    6.36318E-01   -7.48592E-01    2.75551E-01    2.12616E+01    4.15557E+01    4.10687E+01
    2.70408E+03    1.86308E+06    4.73100E+04    7.35830E+03    6.38980E-01   -7.50147E-01    2.76151E-01    2.15070E+01    4.20466E+01    4.15557E+01
    2.73160E+03    1.91154E+06    4.84666E+04    7.43236E+03    6.41591E-01   -7.51670E-01    2.76738E-01    2.17543E+01    4.25414E+01    4.20466E+01
    2.75939E+03    1.96119E+06    4.96467E+04    7.50716E+03    6.44153E-01   -7.53160E-01    2.77313E-01    2.20036E+01    4.30402E+01    4.25414E+01
    2.78746E+03    2.01204E+06    5.08511E+04    7.58271E+03    6.46668E-01   -7.54621E-01    2.77876E-01    2.22550E+01    4.35432E+01    4.30402E+01
    2.81581E+03    2.06412E+06    5.20805E+04    7.65902E+03    6.49142E-01   -7.56056E-01    2.78426E-01    2.25085E+01    4.40505E+01    4.35432E+01
    2.84445E+03    2.11746E+06    5.33359E+04    7.73608E+03    6.51581E-01   -7.57469E-01    2.78965E-01    2.27644E+01    4.45624E+01    4.40505E+01
    2.87337E+03    2.17208E+06    5.46187E+04    7.81392E+03    6.53997E-01   -7.58868E-01    2.79493E-01    2.30227E+01    4.50794E+01    4.45624E+01
    2.90258E+03    2.22801E+06    5.59309E+04    7.89254E+03    6.56406E-01   -7.60262E-01    2.80013E-01    2.32838E+01    4.56020E+01    4.50794E+01
    2.93208E+03    2.28528E+06    5.72751E+04    7.97194E+03    6.58829E-01   -7.61665E-01    2.80526E-01    2.35481E+01    4.61311E+01    4.56020E+01
    2.96188E+03    2.34394E+06    5.86551E+04    8.05214E+03    6.61302E-01   -7.63100E-01    2.81035E-01    2.38162E+01    4.66680E+01    4.61311E+01
    2.99197E+03    2.40401E+06    6.00764E+04    8.13314E+03    6.63875E-01   -7.64596E-01    2.81545E-01    2.40892E+01    4.72147E+01    4.66680E+01
    3.02237E+03    2.46556E+06    6.15476E+04    8.21494E+03    6.66625E-01   -7.66203E-01    2.82061E-01    2.43683E+01    4.77741E+01    4.72147E+01
    3.05307E+03    2.52864E+06    6.30819E+04    8.29757E+03    6.69677E-01   -7.67997E-01    2.82591E-01    2.46558E+01    4.83511E+01    4.77741E+01
    3.08408E+03    2.59334E+06    6.47014E+04    8.38102E+03    6.73231E-01   -7.70102E-01    2.83148E-01    2.49556E+01    4.89535E+01    4.83511E+01
    3.11540E+03    2.65979E+06    6.64446E+04    8.46531E+03    6.77643E-01   -7.72743E-01    2.83745E-01    2.52742E+01    4.95952E+01    4.89535E+01
    3.14703E+03    2.72817E+06    6.83857E+04    8.55044E+03    6.83593E-01   -7.76345E-01    2.84397E-01    2.56242E+01    5.03028E+01    4.95952E+01
    3.17898E+03    2.79886E+06    7.06853E+04    8.63642E+03    6.92555E-01   -7.81840E-01    2.85097E-01    2.60325E+01    5.11343E+01    5.03028E+01
    3.21124E+03    2.87263E+06    7.37677E+04    8.72326E+03    7.08409E-01   -7.91697E-01    2.85700E-01    2.65694E+01    5.22419E+01    5.11343E+01
    3.24383E+03    2.95186E+06    7.92327E+04    8.81097E+03    7.45788E-01   -8.15208E-01    2.84996E-01    2.74925E+01    5.41918E+01    5.22419E+01
    3.27675E+03    3.00553E+06    5.36718E+04    8.98903E+03    4.95166E-01   -6.96651E-01    9.92139E-02    2.23286E+01    4.53731E+01    3.11176E+01
    3.30999E+03    3.06874E+06    6.32034E+04    9.07940E+03    5.71531E-01   -7.19708E-01    2.31411E-01    2.46682E+01    4.87135E+01    4.53731E+01
    3.34357E+03    3.13653E+06    6.77992E+04    9.17067E+03    6.00924E-01   -7.31522E-01    2.56513E-01    2.55331E+01    5.02175E+01    4.87135E+01
    3.37748E+03    3.20719E+06    7.06538E+04    9.26285E+03    6.13799E-01   -7.37333E-01    2.64837E-01    2.60456E+01    5.11749E+01    5.02175E+01
    3.41173E+03    3.28001E+06    7.28178E+04    9.35596E+03    6.20048E-01   -7.40247E-01    2.68481E-01    2.64253E+01    5.19062E+01    5.11749E+01
    3.44633E+03    3.35465E+06    7.46415E+04    9.44999E+03    6.22967E-01   -7.41558E-01    2.70295E-01    2.67403E+01    5.25215E+01    5.19062E+01
    3.48127E+03    3.43092E+06    7.62678E+04    9.54497E+03    6.23912E-01   -7.41859E-01    2.71214E-01    2.70175E+01    5.30672E+01    5.25215E+01
    3.51656E+03    3.50868E+06    7.77633E+04    9.64090E+03    6.23527E-01   -7.41451E-01    2.71619E-01    2.72697E+01    5.35654E+01    5.30672E+01
    3.55220E+03    3.58784E+06    7.91618E+04    9.73778E+03    6.22150E-01   -7.40496E-01    2.71689E-01    2.75031E+01    5.40275E+01    5.35654E+01
    3.58820E+03    3.66832E+06    8.04810E+04    9.83564E+03    6.19972E-01   -7.39088E-01    2.71518E-01    2.77213E+01    5.44600E+01    5.40275E+01
    3.62456E+03    3.75005E+06    8.17298E+04    9.93447E+03    6.17106E-01   -7.37279E-01    2.71156E-01    2.79260E+01    5.48661E+01    5.44600E+01
    3.66128E+03    3.83296E+06    8.29122E+04    1.00343E+04    6.13618E-01   -7.35102E-01    2.70634E-01    2.81184E+01    5.52474E+01    5.48661E+01
    3.69837E+03    3.91699E+06    8.40288E+04    1.01351E+04    6.09550E-01   -7.32575E-01    2.69970E-01    2.82986E+01    5.56048E+01    5.52474E+01
    3.73583E+03    4.00207E+06    8.50782E+04    1.02369E+04    6.04924E-01   -7.29706E-01    2.69173E-01    2.84668E+01    5.59380E+01    5.56048E+01
    3.77366E+03    4.08813E+06    8.60573E+04    1.03398E+04    5.99754E-01   -7.26496E-01    2.68250E-01    2.86226E+01    5.62465E+01    5.59380E+01
    3.81188E+03    4.17509E+06    8.69621E+04    1.04437E+04    5.94043E-01   -7.22943E-01    2.67202E-01    2.87657E+01    5.65294E+01    5.62465E+01
    3.85047E+03    4.26288E+06    8.77873E+04    1.05486E+04    5.87792E-01   -7.19040E-01    2.66031E-01    2.88954E+01    5.67854E+01    5.65294E+01
    3.88946E+03    4.35140E+06    8.85272E+04    1.06545E+04    5.80995E-01   -7.14780E-01    2.64736E-01    2.90110E+01    5.70129E+01    5.67854E+01
    3.92883E+03    4.44058E+06    8.91752E+04    1.07616E+04    5.73646E-01   -7.10150E-01    2.63313E-01    2.91116E+01    5.72104E+01    5.70129E+01
    3.96859E+03    4.53030E+06    8.97241E+04    1.08697E+04    5.65737E-01   -7.05137E-01    2.61759E-01    2.91963E+01    5.73757E+01    5.72104E+01
    4.00875E+03    4.62047E+06    9.01662E+04    1.09788E+04    5.57256E-01   -6.99728E-01    2.60071E-01    2.92640E+01    5.75069E+01    5.73757E+01
    4.04932E+03    4.71096E+06    9.04934E+04    1.10891E+04    5.48193E-01   -6.93905E-01    2.58243E-01    2.93136E+01    5.76015E+01    5.75069E+01
    4.09029E+03    4.80166E+06    9.06969E+04    1.12005E+04    5.38538E-01   -6.87650E-01    2.56271E-01    2.93437E+01    5.76570E+01    5.76015E+01
    4.13167E+03    4.89243E+06    9.07677E+04    1.13129E+04    5.28277E-01   -6.80945E-01    2.54148E-01    2.93531E+01    5.76707E+01    5.76570E+01
    4.17346E+03    4.98312E+06    9.06963E+04    1.14265E+04    5.17402E-01   -6.73769E-01    2.51867E-01    2.93403E+01    5.76396E+01    5.76707E+01
    4.21567E+03    5.07360E+06    9.04728E+04    1.15413E+04    5.05900E-01   -6.66099E-01    2.49422E-01    2.93037E+01    5.75607E+01    5.76396E+01
    4.25831E+03    5.16368E+06    9.00871E+04    1.16572E+04    4.93762E-01   -6.57913E-01    2.46805E-01    2.92417E+01    5.74305E+01    5.75607E+01
    4.30137E+03    5.25321E+06    8.95287E+04    1.17742E+04    4.80979E-01   -6.49184E-01    2.44008E-01    2.91524E+01    5.72453E+01    5.74305E+01
    4.34486E+03    5.34200E+06    8.87871E+04    1.18924E+04    4.67545E-01   -6.39885E-01    2.41023E-01    2.90340E+01    5.70014E+01    5.72453E+01
    4.38878E+03    5.42985E+06    8.78515E+04    1.20118E+04    4.53454E-01   -6.29989E-01    2.37839E-01    2.88843E+01    5.66945E+01    5.70014E+01
    4.43315E+03    5.51656E+06    8.67111E+04    1.21324E+04    4.38702E-01   -6.19464E-01    2.34448E-01    2.87011E+01    5.63202E+01    5.66945E+01
    4.47796E+03    5.60192E+06    8.53554E+04    1.22542E+04    4.23288E-01   -6.08278E-01    2.30839E-01    2.84821E+01    5.58736E+01    5.63202E+01
    4.52321E+03    5.68569E+06    8.37738E+04    1.23773E+04    4.07216E-01   -5.96395E-01    2.27001E-01    2.82246E+01    5.53497E+01    5.58736E+01
    4.56892E+03    5.76765E+06    8.19562E+04    1.25015E+04    3.90490E-01   -5.83778E-01    2.22921E-01    2.79260E+01    5.47427E+01    5.53497E+01
    4.61509E+03    5.84754E+06    7.98930E+04    1.26270E+04    3.73121E-01   -5.70386E-01    2.18588E-01    2.75833E+01    5.40469E+01    5.47427E+01
    4.66172E+03    5.92512E+06    7.75753E+04    1.27538E+04    3.55122E-01   -5.56176E-01    2.13987E-01    2.71932E+01    5.32555E+01    5.40469E+01
    4.70881E+03    6.00011E+06    7.49953E+04    1.28818E+04    3.36513E-01   -5.41099E-01    2.09104E-01    2.67522E+01    5.23616E+01    5.32555E+01
    4.75638E+03    6.07226E+06    7.21462E+04    1.30111E+04    3.17318E-01   -5.25103E-01    2.03923E-01    2.62565E+01    5.13573E+01    5.23616E+01
    4.80442E+03    6.14128E+06    6.90230E+04    1.31417E+04    2.97570E-01   -5.08131E-01    1.98426E-01    2.57019E+01    5.02343E+01    5.13573E+01
    4.85294E+03    6.20690E+06    6.56224E+04    1.32735E+04    2.77308E-01   -4.90117E-01    1.92596E-01    2.50837E+01    4.89830E+01    5.02343E+01
    4.90194E+03    6.26885E+06    6.19438E+04    1.34068E+04    2.56580E-01   -4.70989E-01    1.86410E-01    2.43967E+01    4.75930E+01    4.89830E+01
    4.95144E+03    6.32684E+06    5.79891E+04    1.35413E+04    2.35444E-01   -4.50664E-01    1.79847E-01    2.36351E+01    4.60523E+01    4.75930E+01
    5.00143E+03    6.38060E+06    5.37643E+04    1.36772E+04    2.13968E-01   -4.29046E-01    1.72881E-01    2.27921E+01    4.43474E+01    4.60523E+01
    5.05192E+03    6.42988E+06    4.92792E+04    1.38144E+04    1.92236E-01   -4.06020E-01    1.65482E-01    2.18601E+01    4.24625E+01    4.43474E+01
    5.10292E+03    6.47443E+06    4.45493E+04    1.39531E+04    1.70345E-01   -3.81447E-01    1.57617E-01    2.08297E+01    4.03788E+01    4.24625E+01
    5.15442E+03    6.51403E+06    3.95965E+04    1.40931E+04    1.48410E-01   -3.55155E-01    1.49248E-01    1.96899E+01    3.80735E+01    4.03788E+01
    5.20645E+03    6.54848E+06    3.44510E+04    1.42345E+04    1.26568E-01   -3.26919E-01    1.40328E-01    1.84266E+01    3.55179E+01    3.80735E+01
    5.25899E+03    6.57763E+06    2.91537E+04    1.43773E+04    1.04987E-01   -2.96442E-01    1.30802E-01    1.70216E+01    3.26745E+01    3.55179E+01
    5.31205E+03    6.60139E+06    2.37599E+04    1.45215E+04    8.38695E-02   -2.63296E-01    1.20602E-01    1.54499E+01    2.94917E+01    3.26745E+01
    5.36565E+03    6.61974E+06    1.83457E+04    1.46672E+04    6.34764E-02   -2.26834E-01    1.09648E-01    1.36749E+01    2.58931E+01    2.94917E+01
    5.41979E+03    6.63276E+06    1.30203E+04    1.48144E+04    4.41590E-02   -1.85970E-01    9.78480E-02    1.16374E+01    2.17547E+01    2.58931E+01
    5.47446E+03    6.64071E+06    7.95721E+03    1.49630E+04    2.64532E-02   -1.38580E-01    8.51398E-02    9.22641E+00    1.68409E+01    2.17547E+01
    5.52968E+03    6.64422E+06    3.50568E+03    1.51131E+04    1.14238E-02   -7.91643E-02    7.18106E-02    6.16837E+00    1.05617E+01    1.68409E+01
    5.58546E+03    6.64821E+06    3.99036E+03    1.51131E+04    1.27458E-02   -6.85731E-02    8.96860E-02    1.05617E+01    1.44053E+01    2.38909E+01
    5.64179E+03    6.65311E+06    4.89979E+03    1.51131E+04    1.53410E-02   -6.08023E-02    1.07908E-01    1.44053E+01    1.78474E+01    3.04427E+01
    5.69868E+03    6.65926E+06    6.15070E+03    1.51131E+04    1.88765E-02   -5.49247E-02    1.25936E-01    1.78474E+01    2.09879E+01    3.65641E+01
    5.75615E+03    6.66695E+06    7.68952E+03    1.51131E+04    2.31323E-02   -5.03512E-02    1.43517E-01    2.09879E+01    2.38957E+01    4.23175E+01
    5.81418E+03    6.67643E+06    9.48106E+03    1.51131E+04    2.79575E-02   -4.67004E-02    1.60551E-01    2.38957E+01    2.66196E+01    4.77568E+01
    5.87280E+03    6.68793E+06    1.15024E+04    1.51131E+04    3.32468E-02   -4.37202E-02    1.77018E-01    2.66196E+01    2.91951E+01    5.29281E+01
    5.93201E+03    6.70167E+06    1.37390E+04    1.51131E+04    3.89260E-02   -4.12402E-02    1.92938E-01    2.91951E+01    3.16489E+01    5.78698E+01
    5.99180E+03    6.71785E+06    1.61824E+04    1.51131E+04    4.49419E-02   -3.91426E-02    2.08350E-01    3.16489E+01    3.40012E+01    6.26141E+01
    6.05220E+03    6.73668E+06    1.88286E+04    1.51131E+04    5.12564E-02   -3.73444E-02    2.23298E-01    3.40012E+01    3.62678E+01    6.71878E+01
    6.11320E+03    6.75836E+06    2.16766E+04    1.51131E+04    5.78423E-02   -3.57855E-02    2.37827E-01    3.62678E+01    3.84615E+01    7.16139E+01
    6.17481E+03    6.78309E+06    2.47282E+04    1.51131E+04    6.46800E-02   -3.44216E-02    2.51982E-01    3.84615E+01    4.05928E+01    7.59114E+01
    6.23703E+03    6.81107E+06    2.79869E+04    1.51131E+04    7.17557E-02   -3.32193E-02    2.65805E-01    4.05928E+01    4.26701E+01    8.00969E+01
    6.29988E+03    6.84253E+06    3.14579E+04    1.51131E+04    7.90599E-02   -3.21532E-02    2.79332E-01    4.26701E+01    4.47009E+01    8.41846E+01
    6.36335E+03    6.87768E+06    3.51480E+04    1.51131E+04    8.65868E-02   -3.12034E-02    2.92597E-01    4.47009E+01    4.66914E+01    8.81870E+01
    6.42747E+03    6.91675E+06    3.90650E+04    1.51131E+04    9.43331E-02   -3.03542E-02    3.05633E-01    4.66914E+01    4.86471E+01    9.21149E+01
    6.49222E+03    6.95996E+06    4.32180E+04    1.51131E+04    1.02298E-01   -2.95930E-02    3.18468E-01    4.86471E+01    5.05729E+01    9.59781E+01
    6.55762E+03    7.00758E+06    4.76171E+04    1.51131E+04    1.10482E-01   -2.89095E-02    3.31128E-01    5.05729E+01    5.24729E+01    9.97854E+01
    6.62367E+03    7.05985E+06    5.22736E+04    1.51131E+04    1.18887E-01   -2.82955E-02    3.43637E-01    5.24729E+01    5.43512E+01    1.03545E+02
    6.69038E+03    7.11705E+06    5.71999E+04    1.51131E+04    1.27519E-01   -2.77439E-02    3.56018E-01    5.43512E+01    5.62113E+01    1.07263E+02
    6.75776E+03    7.17946E+06    6.24093E+04    1.51131E+04    1.36381E-01   -2.72491E-02    3.68292E-01    5.62113E+01    5.80565E+01    1.10947E+02
    6.82582E+03    7.24738E+06    6.79166E+04    1.51131E+04    1.45482E-01   -2.68062E-02    3.80478E-01    5.80565E+01    5.98899E+01    1.14603E+02
    6.89455E+03    7.32112E+06    7.37376E+04    1.51131E+04    1.54828E-01   -2.64111E-02    3.92594E-01    5.98899E+01    6.17143E+01    1.18238E+02
    6.96398E+03    7.40101E+06    7.98895E+04    1.51131E+04    1.64429E-01   -2.60604E-02    4.04660E-01    6.17143E+01    6.35325E+01    1.21855E+02
    7.03409E+03    7.48740E+06    8.63907E+04    1.51131E+04    1.74294E-01   -2.57511E-02    4.16690E-01    6.35325E+01    6.53470E+01    1.25461E+02
    7.10491E+03    7.58066E+06    9.32612E+04    1.51131E+04    1.84435E-01   -2.54807E-02    4.28703E-01    6.53470E+01    6.71605E+01    1.29061E+02
    7.17644E+03    7.68118E+06    1.00523E+05    1.51131E+04    1.94866E-01   -2.52471E-02    4.40713E-01    6.71605E+01    6.89753E+01    1.32660E+02
    7.24868E+03    7.78938E+06    1.08198E+05    1.51131E+04    2.05598E-01   -2.50486E-02    4.52737E-01    6.89753E+01    7.07938E+01    1.36261E+02
    7.32164E+03    7.90569E+06    1.16312E+05    1.51131E+04    2.16648E-01   -2.48835E-02    4.64789E-01    7.07938E+01    7.26185E+01    1.39871E+02
    7.39533E+03    8.03058E+06    1.24893E+05    1.51131E+04    2.28032E-01   -2.47507E-02    4.76885E-01    7.26185E+01    7.44515E+01    1.43493E+02
    7.46976E+03    8.16455E+06    1.33968E+05    1.51131E+04    2.39767E-01   -2.46491E-02    4.89040E-01    7.44515E+01    7.62953E+01    1.47133E+02
    7.54494E+03    8.30812E+06    1.43570E+05    1.51131E+04    2.51873E-01   -2.45777E-02    5.01268E-01    7.62953E+01    7.81521E+01    1.50794E+02
    7.62087E+03    8.46186E+06    1.53733E+05    1.51131E+04    2.64371E-01   -2.45360E-02    5.13585E-01    7.81521E+01    8.00243E+01    1.54481E+02
    7.69755E+03    8.62635E+06    1.64492E+05    1.51131E+04    2.77283E-01   -2.45235E-02    5.26006E-01    8.00243E+01    8.19142E+01    1.58200E+02
    7.77500E+03    8.80224E+06    1.75889E+05    1.51131E+04    2.90634E-01   -2.45397E-02    5.38546E-01    8.19142E+01    8.38243E+01    1.61953E+02
    7.85323E+03    8.99020E+06    1.87965E+05    1.51131E+04    3.04450E-01   -2.45844E-02    5.51222E-01    8.38243E+01    8.57571E+01    1.65747E+02
    7.93224E+03    9.19097E+06    2.00767E+05    1.51131E+04    3.18759E-01   -2.46577E-02    5.64049E-01    8.57571E+01    8.77149E+01    1.69586E+02
    8.01204E+03    9.40531E+06    2.14345E+05    1.51131E+04    3.33593E-01   -2.47595E-02    5.77044E-01    8.77149E+01    8.97006E+01    1.73476E+02
    8.09264E+03    9.63407E+06    2.28755E+05    1.51131E+04    3.48983E-01   -2.48900E-02    5.90224E-01    8.97006E+01    9.17166E+01    1.77420E+02
    8.17404E+03    9.87812E+06    2.44055E+05    1.51131E+04    3.64968E-01   -2.50497E-02    6.03606E-01    9.17166E+01    9.37659E+01    1.81425E+02
    8.25626E+03    1.01384E+07    2.60311E+05    1.51131E+04    3.81584E-01   -2.52388E-02    6.17209E-01    9.37659E+01    9.58513E+01    1.85496E+02
    8.33930E+03    1.04160E+07    2.77592E+05    1.51131E+04    3.98876E-01   -2.54581E-02    6.31053E-01    9.58513E+01    9.79758E+01    1.89639E+02
    8.42317E+03    1.07120E+07    2.95976E+05    1.51131E+04    4.16888E-01   -2.57083E-02    6.45156E-01    9.79758E+01    1.00143E+02    1.93860E+02
    8.50787E+03    1.10275E+07    3.15545E+05    1.51131E+04    4.35670E-01   -2.59903E-02    6.59541E-01    1.00143E+02    1.02355E+02    1.98164E+02
    8.59343E+03    1.13639E+07    3.36392E+05    1.51131E+04    4.55276E-01   -2.63051E-02    6.74229E-01    1.02355E+02    1.04617E+02    2.02560E+02
    8.67984E+03    1.17226E+07    3.58616E+05    1.51131E+04    4.75765E-01   -2.66540E-02    6.89242E-01    1.04617E+02    1.06932E+02    2.07053E+02
    8.76712E+03    1.21049E+07    3.82328E+05    1.51131E+04    4.97202E-01   -2.70383E-02    7.04607E-01    1.06932E+02    1.09303E+02    2.11651E+02
    8.85526E+03    1.25125E+07    4.07648E+05    1.51131E+04    5.19655E-01   -2.74597E-02    7.20348E-01    1.09303E+02    1.11736E+02    2.16362E+02
    8.94429E+03    1.29472E+07    4.34708E+05    1.51131E+04    5.43202E-01   -2.79199E-02    7.36494E-01    1.11736E+02    1.14234E+02    2.21194E+02
    9.03421E+03    1.34109E+07    4.63653E+05    1.51131E+04    5.67926E-01   -2.84210E-02    7.53073E-01    1.14234E+02    1.16802E+02    2.26156E+02
    9.12503E+03    1.39055E+07    4.94645E+05    1.51131E+04    5.93919E-01   -2.89653E-02    7.70117E-01    1.16802E+02    1.19446E+02    2.31258E+02
    9.21676E+03    1.44334E+07    5.27862E+05    1.51131E+04    6.21281E-01   -2.95554E-02    7.87660E-01    1.19446E+02    1.22170E+02    2.36508E+02
    9.30940E+03    1.49969E+07    5.63499E+05    1.51131E+04    6.50124E-01   -3.01941E-02    8.05737E-01    1.22170E+02    1.24982E+02    2.41920E+02
    9.40298E+03    1.55987E+07    6.01775E+05    1.51131E+04    6.80570E-01   -3.08848E-02    8.24388E-01    1.24982E+02    1.27886E+02    2.47503E+02
    9.49748E+03    1.62416E+07    6.42932E+05    1.51131E+04    7.12753E-01   -3.16311E-02    8.43654E-01    1.27886E+02    1.30890E+02    2.53270E+02
    9.59293E+03    1.69288E+07    6.87240E+05    1.51131E+04    7.46823E-01   -3.24371E-02    8.63580E-01    1.30890E+02    1.34002E+02    2.59236E+02
    9.68934E+03    1.76638E+07    7.34999E+05    1.51131E+04    7.82947E-01   -3.33074E-02    8.84216E-01    1.34002E+02    1.37229E+02    2.65415E+02
    9.78671E+03    1.84504E+07    7.86547E+05    1.51131E+04    8.21308E-01   -3.42473E-02    9.05613E-01    1.37229E+02    1.40580E+02    2.71822E+02
    9.88505E+03    1.92927E+07    8.42261E+05    1.51131E+04    8.62113E-01   -3.52626E-02    9.27831E-01    1.40580E+02    1.44065E+02    2.78475E+02
    9.98438E+03    2.01952E+07    9.02565E+05    1.51131E+04    9.05592E-01   -3.63601E-02    9.50931E-01    1.44065E+02    1.47695E+02    2.85393E+02
    1.00847E+04    2.11632E+07    9.67938E+05    1.51131E+04    9.52003E-01   -3.75472E-02    9.74984E-01    1.47695E+02    1.51480E+02    2.92597E+02
    1.01860E+04    2.22021E+07    1.03892E+06    1.51131E+04    1.00164E+00   -3.88326E-02    1.00006E+00    1.51480E+02    1.55434E+02    3.00110E+02
    1.02884E+04    2.33182E+07    1.11613E+06    1.51131E+04    1.05482E+00   -4.02262E-02    1.02626E+00    1.55434E+02    1.59571E+02    3.07957E+02
    1.03917E+04    2.45185E+07    1.20025E+06    1.51131E+04    1.11193E+00   -4.17392E-02    1.05365E+00    1.59571E+02    1.63907E+02    3.16166E+02
    1.04961E+04    2.58106E+07    1.29210E+06    1.51131E+04    1.17337E+00   -4.33846E-02    1.08235E+00    1.63907E+02    1.68459E+02    3.24768E+02
    1.06016E+04    2.72031E+07    1.39258E+06    1.51131E+04    1.23964E+00   -4.51773E-02    1.11248E+00    1.68459E+02    1.73246E+02    3.33796E+02
    1.07080E+04    2.87059E+07    1.50274E+06    1.51131E+04    1.31129E+00   -4.71348E-02    1.14415E+00    1.73246E+02    1.78290E+02    3.43290E+02
    1.08156E+04    3.03297E+07    1.62379E+06    1.51131E+04    1.38894E+00   -4.92772E-02    1.17750E+00    1.78290E+02    1.83617E+02    3.53292E+02
    1.09242E+04    3.20868E+07    1.75715E+06    1.51131E+04    1.47333E+00   -5.16283E-02    1.21271E+00    1.83617E+02    1.89253E+02    3.63851E+02
    1.10340E+04    3.39913E+07    1.90445E+06    1.51131E+04    1.56531E+00   -5.42161E-02    1.24995E+00    1.89253E+02    1.95231E+02    3.75021E+02
    1.11448E+04    3.60589E+07    2.06762E+06    1.51131E+04    1.66586E+00   -5.70737E-02    1.28942E+00    1.95231E+02    2.01588E+02    3.86866E+02
    1.12567E+04    3.83078E+07    2.24892E+06    1.51131E+04    1.77616E+00   -6.02407E-02    1.33136E+00    2.01588E+02    2.08364E+02    3.99456E+02
    1.13697E+04    4.07588E+07    2.45104E+06    1.51131E+04    1.89756E+00   -6.37650E-02    1.37604E+00    2.08364E+02    2.15608E+02    4.12872E+02
    1.14839E+04    4.34360E+07    2.67718E+06    1.51131E+04    2.03172E+00   -6.77044E-02    1.42377E+00    2.15608E+02    2.23376E+02    4.27210E+02
    1.15992E+04    4.63672E+07    2.93120E+06    1.51131E+04    2.18057E+00   -7.21297E-02    1.47491E+00    2.23376E+02    2.31735E+02    4.42579E+02
    1.17157E+04    4.95850E+07    3.21775E+06    1.51131E+04    2.34649E+00   -7.71286E-02    1.52988E+00    2.31735E+02    2.40763E+02    4.59108E+02
    1.18333E+04    5.31275E+07    3.54255E+06    1.51131E+04    2.53233E+00   -8.28107E-02    1.58917E+00    2.40763E+02    2.50553E+02    4.76948E+02
    1.19521E+04    5.70401E+07    3.91261E+06    1.51131E+04    2.74164E+00   -8.93147E-02    1.65338E+00    2.50553E+02    2.61217E+02    4.96280E+02
    1.20721E+04    6.13768E+07    4.33668E+06    1.51131E+04    2.97880E+00   -9.68185E-02    1.72320E+00    2.61217E+02    2.72893E+02    5.17321E+02
    1.21933E+04    6.62026E+07    4.82579E+06    1.51131E+04    3.24932E+00   -1.05554E-01    1.79950E+00    2.72893E+02    2.85750E+02    5.40336E+02
    1.23158E+04    7.15966E+07    5.39401E+06    1.51131E+04    3.56023E+00   -1.15829E-01    1.88330E+00    2.85750E+02    2.99999E+02    5.65647E+02
    1.24394E+04    7.76562E+07    6.05960E+06    1.51131E+04    3.92058E+00   -1.28060E-01    1.97590E+00    2.99999E+02    3.15910E+02    5.93659E+02
    1.25643E+04    8.45027E+07    6.84655E+06    1.51131E+04    4.34228E+00   -1.42824E-01    2.07891E+00    3.15910E+02    3.33834E+02    6.24880E+02
    1.26904E+04    9.22898E+07    7.78708E+06    1.51131E+04    4.84130E+00   -1.60941E-01    2.19440E+00    3.33834E+02    3.54233E+02    6.59968E+02
    1.28178E+04    1.01215E+08    8.92535E+06    1.51131E+04    5.43944E+00   -1.83617E-01    2.32502E+00    3.54233E+02    3.77738E+02    6.99779E+02
    1.29464E+04    1.11539E+08    1.03234E+07    1.51131E+04    6.16728E+00   -2.12696E-01    2.47428E+00    3.77738E+02    4.05239E+02    7.45467E+02
    1.30764E+04    1.23610E+08    1.20710E+07    1.51131E+04    7.06895E+00   -2.51123E-01    2.64686E+00    4.05239E+02    4.38032E+02    7.98618E+02
    1.32076E+04    1.37912E+08    1.43023E+07    1.51131E+04    8.21028E+00   -3.03892E-01    2.84920E+00    4.38032E+02    4.78113E+02    8.61482E+02
    1.33401E+04    1.55138E+08    1.72258E+07    1.51131E+04    9.69337E+00   -3.80069E-01    3.09013E+00    4.78113E+02    5.28743E+02    9.37371E+02
    1.34740E+04    1.76319E+08    2.11817E+07    1.51131E+04    1.16841E+01   -4.97587E-01    3.38180E+00    5.28743E+02    5.95691E+02    1.03135E+03
    1.36092E+04    2.03079E+08    2.67594E+07    1.51131E+04    1.44695E+01   -6.95670E-01    3.73973E+00    5.95691E+02    6.90225E+02    1.15149E+03
    1.37458E+04    2.38176E+08    3.50976E+07    1.51131E+04    1.86037E+01   -1.07044E+00    4.17826E+00    6.90225E+02    8.37141E+02    1.31120E+03
    1.38837E+04    2.87241E+08    4.90647E+07    1.51131E+04    2.54936E+01   -1.88727E+00    4.68315E+00    8.37141E+02    1.09876E+03    1.53315E+03
    1.40231E+04    3.68905E+08    8.16639E+07    1.51131E+04    4.15945E+01   -3.96899E+00    5.08346E+00    1.09876E+03    1.65445E+03    1.85426E+03
    1.41638E+04    5.00940E+08    1.32035E+08    1.52647E+04    6.59229E+01   -6.04250E+00    5.42320E+00    8.40385E+02    1.69484E+03    1.65445E+03
    1.43059E+04    6.84536E+08    1.83596E+08    1.54178E+04    8.98576E+01   -8.17119E+00    4.80512E+00    9.66345E+02    2.13337E+03    1.69484E+03
