 # rho, F_z,dF_z, z(rho), E2 (=>sigma2=e0^2*E2), Er, Ez, Ui,j , Ui+1,j , Ui,j-1
    2.50000E-01    1.14803E-04    1.14803E-04    0.00000E+00    9.18426E-04    7.76224E-03   -2.92946E-02    9.81472E-01    9.77590E-01    9.66824E-01
    7.50000E-01    3.41495E-04    2.26692E-04    5.00000E-01    6.04513E-04    2.74926E-03   -2.44326E-02    9.89807E-01    9.88432E-01    9.77590E-01
    1.25000E+00    6.99058E-04    3.57562E-04    5.00000E-01    5.72100E-04    8.82956E-04   -2.39023E-02    9.88432E-01    9.87991E-01    9.76481E-01
    1.75000E+00    1.20908E-03    5.10019E-04    5.00000E-01    5.82879E-04    5.11871E-04   -2.41375E-02    9.87991E-01    9.87735E-01    9.75922E-01
    2.25000E+00    1.88255E-03    6.73477E-04    5.00000E-01    5.98646E-04    4.65827E-04   -2.44628E-02    9.87735E-01    9.87502E-01    9.75503E-01
    2.75000E+00    2.73111E-03    8.48553E-04    5.00000E-01    6.17129E-04    5.41289E-04   -2.48362E-02    9.87502E-01    9.87231E-01    9.75084E-01
    3.25000E+00    3.77065E-03    1.03954E-03    5.00000E-01    6.39717E-04    7.13089E-04   -2.52826E-02    9.87231E-01    9.86875E-01    9.74590E-01
    3.75000E+00    5.02400E-03    1.25335E-03    5.00000E-01    6.68454E-04    1.03499E-03   -2.58337E-02    9.86875E-01    9.86357E-01    9.73958E-01
    4.25000E+00    6.52357E-03    1.49958E-03    5.00000E-01    7.05683E-04    1.68793E-03   -2.65110E-02    9.86357E-01    9.85513E-01    9.73102E-01
    4.75000E+00    8.31287E-03    1.78929E-03    5.00000E-01    7.53386E-04    3.22631E-03   -2.72576E-02    9.85513E-01    9.83900E-01    9.71884E-01
    5.25000E+00    1.04623E-02    2.14947E-03    5.00000E-01    8.18844E-04    7.50536E-03   -2.76137E-02    9.83900E-01    9.80147E-01    9.70093E-01
    5.75000E+00    1.22248E-02    1.76248E-03    1.00000E+00    6.13038E-04    5.93486E-03   -2.40378E-02    9.92166E-01    9.89199E-01    9.80147E-01
    6.25000E+00    1.40255E-02    1.80065E-03    1.00000E+00    5.76206E-04    3.28384E-03   -2.37786E-02    9.89199E-01    9.87557E-01    9.77309E-01
    6.75000E+00    1.61588E-02    2.13335E-03    1.00000E+00    6.32105E-04    2.95997E-03   -2.49668E-02    9.87557E-01    9.86077E-01    9.75073E-01
    7.25000E+00    1.87414E-02    2.58255E-03    1.00000E+00    7.12426E-04    4.25147E-03   -2.63505E-02    9.86077E-01    9.83951E-01    9.72902E-01
    7.75000E+00    2.19242E-02    3.18286E-03    1.00000E+00    8.21384E-04    8.79929E-03   -2.72756E-02    9.83951E-01    9.79552E-01    9.70313E-01
    8.25000E+00    2.46198E-02    2.69559E-03    1.50000E+00    6.53477E-04    7.33217E-03   -2.44891E-02    9.91796E-01    9.88130E-01    9.79552E-01
    8.75000E+00    2.74402E-02    2.82034E-03    1.50000E+00    6.44649E-04    5.97676E-03   -2.46764E-02    9.88130E-01    9.85142E-01    9.75792E-01
    9.25000E+00    3.09452E-02    3.50508E-03    1.50000E+00    7.57854E-04    9.55137E-03   -2.58191E-02    9.85142E-01    9.80366E-01    9.72232E-01
    9.75000E+00    3.38905E-02    2.94525E-03    2.00000E+00    6.04153E-04    7.51743E-03   -2.34017E-02    9.92067E-01    9.88308E-01    9.80366E-01
    1.02500E+01    3.70757E-02    3.18524E-03    2.00000E+00    6.21510E-04    6.45451E-03   -2.40801E-02    9.88308E-01    9.85081E-01    9.76268E-01
    1.07500E+01    4.11642E-02    4.08845E-03    2.00000E+00    7.60641E-04    1.04828E-02   -2.55098E-02    9.85081E-01    9.79839E-01    9.72326E-01
    1.12500E+01    4.47641E-02    3.59994E-03    2.50000E+00    6.39989E-04    9.19877E-03   -2.35663E-02    9.91623E-01    9.87023E-01    9.79839E-01
    1.17500E+01    4.88234E-02    4.05934E-03    2.50000E+00    6.90952E-04    1.07930E-02   -2.39679E-02    9.87023E-01    9.81627E-01    9.75039E-01
    1.22500E+01    5.20781E-02    3.25465E-03    3.00000E+00    5.31371E-04    7.73737E-03   -2.17141E-02    9.92484E-01    9.88615E-01    9.81627E-01
    1.27500E+01    5.58130E-02    3.73493E-03    3.00000E+00    5.85872E-04    7.04787E-03   -2.31560E-02    9.88615E-01    9.85091E-01    9.77037E-01
    1.32500E+01    6.08544E-02    5.04139E-03    3.00000E+00    7.60965E-04    1.15472E-02   -2.50525E-02    9.85091E-01    9.79317E-01    9.72565E-01
    1.37500E+01    6.55298E-02    4.67542E-03    3.50000E+00    6.80061E-04    1.05593E-02   -2.38446E-02    9.91240E-01    9.85960E-01    9.79317E-01
    1.42500E+01    7.11565E-02    5.62670E-03    3.50000E+00    7.89713E-04    1.37737E-02   -2.44949E-02    9.85960E-01    9.79073E-01    9.73713E-01
    1.47500E+01    7.65930E-02    5.43642E-03    4.00000E+00    7.37142E-04    1.48278E-02   -2.27438E-02    9.90445E-01    9.83031E-01    9.79073E-01
    1.52500E+01    8.01398E-02    3.54682E-03    4.50000E+00    4.65157E-04    9.88650E-03   -1.91681E-02    9.92615E-01    9.87672E-01    9.83031E-01
    1.57500E+01    8.50711E-02    4.93132E-03    4.50000E+00    6.26199E-04    1.26197E-02   -2.16089E-02    9.87672E-01    9.81362E-01    9.76868E-01
    1.62500E+01    8.96166E-02    4.54553E-03    5.00000E+00    5.59450E-04    1.05559E-02   -2.11665E-02    9.91945E-01    9.86667E-01    9.81362E-01
    1.67500E+01    9.56233E-02    6.00666E-03    5.00000E+00    7.17213E-04    1.41990E-02   -2.27069E-02    9.86667E-01    9.79568E-01    9.75314E-01
    1.72500E+01    1.01828E-01    6.20457E-03    5.50000E+00    7.19370E-04    1.54896E-02   -2.18962E-02    9.90516E-01    9.82771E-01    9.79568E-01
    1.77500E+01    1.06163E-01    4.33536E-03    6.00000E+00    4.88491E-04    1.10368E-02   -1.91489E-02    9.92346E-01    9.86827E-01    9.82771E-01
    1.82500E+01    1.12624E-01    6.46072E-03    6.00000E+00    7.08024E-04    1.53324E-02   -2.17472E-02    9.86827E-01    9.79161E-01    9.75954E-01
    1.87500E+01    1.19984E-01    7.35988E-03    6.50000E+00    7.85054E-04    1.77261E-02   -2.16988E-02    9.90011E-01    9.81148E-01    9.79161E-01
    1.92500E+01    1.26430E-01    6.44610E-03    7.00000E+00    6.69725E-04    1.73652E-02   -1.91879E-02    9.90741E-01    9.82059E-01    9.81148E-01
    1.97500E+01    1.32521E-01    6.09113E-03    7.50000E+00    6.16823E-04    1.70019E-02   -1.81041E-02    9.91111E-01    9.82610E-01    9.82059E-01
    2.02500E+01    1.38444E-01    5.92249E-03    8.00000E+00    5.84937E-04    1.67269E-02   -1.74685E-02    9.91344E-01    9.82981E-01    9.82610E-01
    2.07500E+01    1.44294E-01    5.85010E-03    8.50000E+00    5.63865E-04    1.65332E-02   -1.70446E-02    9.91503E-01    9.83237E-01    9.82981E-01
    2.12500E+01    1.50136E-01    5.84286E-03    9.00000E+00    5.49916E-04    1.64136E-02   -1.67484E-02    9.91611E-01    9.83404E-01    9.83237E-01
    2.17500E+01    1.56027E-01    5.89051E-03    9.50000E+00    5.41656E-04    1.63692E-02   -1.65441E-02    9.91676E-01    9.83491E-01    9.83404E-01
    2.22500E+01    1.62022E-01    5.99471E-03    1.00000E+01    5.38850E-04    1.64119E-02   -1.64165E-02    9.91700E-01    9.83494E-01    9.83491E-01
    2.27500E+01    1.68191E-01    6.16960E-03    1.05000E+01    5.42382E-04    1.65730E-02   -1.63621E-02    9.91675E-01    9.83388E-01    9.83494E-01
    2.32500E+01    1.74644E-01    6.45242E-03    1.10000E+01    5.55047E-04    1.69280E-02   -1.63856E-02    9.91581E-01    9.83117E-01    9.83388E-01
    2.37500E+01    1.81590E-01    6.94665E-03    1.15000E+01    5.84981E-04    1.76915E-02   -1.64922E-02    9.91363E-01    9.82517E-01    9.83117E-01
    2.42500E+01    1.89663E-01    8.07288E-03    1.20000E+01    6.65804E-04    1.97558E-02   -1.65986E-02    9.90817E-01    9.80939E-01    9.82517E-01
    2.47500E+01    1.94528E-01    4.86460E-03    1.30000E+01    3.93099E-04    1.70109E-02   -1.01847E-02    9.93132E-01    9.84626E-01    9.88039E-01
    2.52500E+01    2.01643E-01    7.11560E-03    1.35000E+01    5.63612E-04    1.91764E-02   -1.39956E-02    9.91624E-01    9.82036E-01    9.84626E-01
    2.57500E+01    2.06982E-01    5.33843E-03    1.45000E+01    4.14636E-04    1.80714E-02   -9.38402E-03    9.93069E-01    9.84033E-01    9.88377E-01
    2.62500E+01    2.11259E-01    4.27681E-03    1.55000E+01    3.25852E-04    1.58895E-02   -8.56597E-03    9.93827E-01    9.85883E-01    9.89544E-01
    2.67500E+01    2.17970E-01    6.71115E-03    1.60000E+01    5.01768E-04    1.85626E-02   -1.25379E-02    9.92152E-01    9.82870E-01    9.85883E-01
    2.72500E+01    2.23890E-01    5.92042E-03    1.70000E+01    4.34526E-04    1.89099E-02   -8.77175E-03    9.93016E-01    9.83561E-01    9.88630E-01
    2.77500E+01    2.28144E-01    4.25359E-03    1.85000E+01    3.06565E-04    1.63704E-02   -6.21086E-03    9.94303E-01    9.86118E-01    9.91198E-01
    2.82500E+01    2.32948E-01    4.80444E-03    1.95000E+01    3.40138E-04    1.70162E-02   -7.11249E-03    9.93914E-01    9.85406E-01    9.90358E-01
    2.87500E+01    2.36727E-01    3.77832E-03    2.10000E+01    2.62840E-04    1.52192E-02   -5.58706E-03    9.94753E-01    9.87143E-01    9.91959E-01
    2.92500E+01    2.41158E-01    4.43089E-03    2.20000E+01    3.02967E-04    1.61217E-02   -6.56187E-03    9.94280E-01    9.86219E-01    9.90999E-01
    2.97500E+01    2.44978E-01    3.82050E-03    2.35000E+01    2.56840E-04    1.51472E-02   -5.23467E-03    9.94861E-01    9.87288E-01    9.92244E-01
    3.02500E+01    2.48455E-01    3.47688E-03    2.50000E+01    2.29877E-04    1.43500E-02   -4.89433E-03    9.95149E-01    9.87974E-01    9.92702E-01
    3.07500E+01    2.51496E-01    3.04132E-03    2.65000E+01    1.97810E-04    1.32596E-02   -4.68969E-03    9.95476E-01    9.88846E-01    9.93131E-01
    3.12500E+01    2.55182E-01    3.68592E-03    2.75000E+01    2.35899E-04    1.42706E-02   -5.67868E-03    9.94972E-01    9.87837E-01    9.92133E-01
    3.17500E+01    2.58459E-01    3.27649E-03    2.90000E+01    2.06393E-04    1.35983E-02   -4.63460E-03    9.95406E-01    9.88606E-01    9.93088E-01
    3.22500E+01    2.61499E-01    3.04062E-03    3.05000E+01    1.88566E-04    1.30098E-02   -4.39430E-03    9.95615E-01    9.89110E-01    9.93418E-01
    3.27500E+01    2.64197E-01    2.69727E-03    3.20000E+01    1.64719E-04    1.21095E-02   -4.25195E-03    9.95878E-01    9.89823E-01    9.93752E-01
    3.32500E+01    2.67492E-01    3.29533E-03    3.30000E+01    1.98216E-04    1.30928E-02   -5.17629E-03    9.95398E-01    9.88852E-01    9.92810E-01
    3.37500E+01    2.70450E-01    2.95859E-03    3.45000E+01    1.75324E-04    1.25401E-02   -4.25098E-03    9.95771E-01    9.89501E-01    9.93645E-01
    3.42500E+01    2.73218E-01    2.76710E-03    3.60000E+01    1.61582E-04    1.20486E-02   -4.05142E-03    9.95945E-01    9.89921E-01    9.93920E-01
    3.47500E+01    2.75688E-01    2.47025E-03    3.75000E+01    1.42172E-04    1.12549E-02   -3.93706E-03    9.96174E-01    9.90547E-01    9.94206E-01
    3.52500E+01    2.78718E-01    3.02977E-03    3.85000E+01    1.71902E-04    1.21986E-02   -4.80573E-03    9.95719E-01    9.89619E-01    9.93316E-01
    3.57500E+01    2.81452E-01    2.73424E-03    4.00000E+01    1.52964E-04    1.17169E-02   -3.95947E-03    9.96053E-01    9.90195E-01    9.94074E-01
    3.62500E+01    2.84020E-01    2.56819E-03    4.15000E+01    1.41693E-04    1.12859E-02   -3.78450E-03    9.96206E-01    9.90563E-01    9.94314E-01
    3.67500E+01    2.86321E-01    2.30094E-03    4.30000E+01    1.25221E-04    1.05654E-02   -3.68698E-03    9.96413E-01    9.91130E-01    9.94569E-01
    3.72500E+01    2.89149E-01    2.82841E-03    4.40000E+01    1.51861E-04    1.14690E-02   -4.50799E-03    9.95979E-01    9.90244E-01    9.93725E-01
    3.77500E+01    2.91709E-01    2.56008E-03    4.55000E+01    1.35633E-04    1.10355E-02   -3.72162E-03    9.96286E-01    9.90768E-01    9.94425E-01
    3.82500E+01    2.94119E-01    2.41009E-03    4.70000E+01    1.26018E-04    1.06451E-02   -3.56356E-03    9.96424E-01    9.91102E-01    9.94643E-01
    3.87500E+01    2.96282E-01    2.16243E-03    4.85000E+01    1.11609E-04    9.97594E-03   -3.47702E-03    9.96615E-01    9.91627E-01    9.94876E-01
    3.92500E+01    2.98940E-01    2.65847E-03    4.95000E+01    1.35463E-04    1.08330E-02   -4.25543E-03    9.96204E-01    9.90787E-01    9.94076E-01
    3.97500E+01    3.01346E-01    2.40524E-03    5.09984E+01    1.21018E-04    1.04207E-02   -3.52511E-03    9.96491E-01    9.91280E-01    9.94741E-01
    4.02500E+01    3.03467E-01    2.12122E-03    5.25384E+01    1.05402E-04    9.72922E-03   -3.27789E-03    9.96645E-01    9.91781E-01    9.94963E-01
    4.07500E+01    3.06000E-01    2.53329E-03    5.35940E+01    1.24333E-04    1.04444E-02   -3.90473E-03    9.96243E-01    9.91021E-01    9.94194E-01
    4.12500E+01    3.08105E-01    2.10459E-03    5.52222E+01    1.02041E-04    9.62252E-03   -3.07377E-03    9.96592E-01    9.91781E-01    9.94924E-01
    4.17500E+01    3.10555E-01    2.45023E-03    5.63382E+01    1.17376E-04    1.02134E-02   -3.61437E-03    9.96239E-01    9.91133E-01    9.94234E-01
    4.22500E+01    3.12546E-01    1.99106E-03    5.80596E+01    9.42514E-05    9.29690E-03   -2.79626E-03    9.96627E-01    9.91978E-01    9.95022E-01
    4.27500E+01    3.14741E-01    2.19507E-03    5.92396E+01    1.02693E-04    9.58095E-03   -3.30131E-03    9.96369E-01    9.91578E-01    9.94432E-01
    4.32500E+01    3.17129E-01    2.38742E-03    6.04461E+01    1.10401E-04    9.97021E-03   -3.31600E-03    9.96200E-01    9.91215E-01    9.94210E-01
    4.37500E+01    3.19015E-01    1.88635E-03    6.23071E+01    8.62330E-05    8.95549E-03   -2.45605E-03    9.96648E-01    9.92170E-01    9.95124E-01
    4.42500E+01    3.21029E-01    2.01412E-03    6.35828E+01    9.10337E-05    9.09254E-03   -2.89125E-03    9.96454E-01    9.91907E-01    9.94620E-01
    4.47500E+01    3.23078E-01    2.04937E-03    6.48871E+01    9.15918E-05    9.12280E-03   -2.89247E-03    9.96400E-01    9.91838E-01    9.94524E-01
    4.52500E+01    3.25131E-01    2.05231E-03    6.62209E+01    9.07099E-05    9.09554E-03   -2.82507E-03    9.96381E-01    9.91834E-01    9.94508E-01
    4.57500E+01    3.27169E-01    2.03827E-03    6.75847E+01    8.91049E-05    9.03412E-03   -2.73671E-03    9.96380E-01    9.91863E-01    9.94525E-01
    4.62500E+01    3.29181E-01    2.01192E-03    6.89793E+01    8.70020E-05    8.94619E-03   -2.63965E-03    9.96392E-01    9.91919E-01    9.94561E-01
    4.67500E+01    3.31154E-01    1.97355E-03    7.04052E+01    8.44301E-05    8.83101E-03   -2.53837E-03    9.96415E-01    9.91999E-01    9.94615E-01
    4.72500E+01    3.33073E-01    1.91888E-03    7.18633E+01    8.12225E-05    8.67712E-03   -2.43519E-03    9.96453E-01    9.92114E-01    9.94687E-01
    4.77500E+01    3.34904E-01    1.83049E-03    7.33542E+01    7.66697E-05    8.43920E-03   -2.33442E-03    9.96522E-01    9.92302E-01    9.94791E-01
    4.82500E+01    3.36511E-01    1.60708E-03    7.48787E+01    6.66145E-05    7.83678E-03   -2.28021E-03    9.96711E-01    9.92792E-01    9.94982E-01
    4.87500E+01    3.38826E-01    2.31532E-03    7.56537E+01    9.49875E-05    8.85134E-03   -4.07937E-03    9.95919E-01    9.91494E-01    9.92792E-01
    4.92500E+01    3.40732E-01    1.90609E-03    7.72300E+01    7.74047E-05    8.48935E-03   -2.30991E-03    9.96422E-01    9.92178E-01    9.94612E-01
    4.97500E+01    3.42361E-01    1.62852E-03    7.88418E+01    6.54680E-05    7.80519E-03   -2.13238E-03    9.96678E-01    9.92775E-01    9.94969E-01
    5.02482E+01    3.44643E-01    2.28185E-03    7.96613E+01    9.14757E-05    8.73969E-03   -3.88502E-03    9.95923E-01    9.91585E-01    9.92775E-01
    5.07474E+01    3.46516E-01    1.87343E-03    8.13278E+01    7.35402E-05    8.31463E-03   -2.09930E-03    9.96472E-01    9.92299E-01    9.94733E-01
    5.12522E+01    3.48119E-01    1.60341E-03    8.30319E+01    6.16308E-05    7.60657E-03   -1.94189E-03    9.96717E-01    9.92856E-01    9.95072E-01
    5.17627E+01    3.50376E-01    2.25674E-03    8.38983E+01    8.49361E-05    8.46910E-03   -3.63462E-03    9.95970E-01    9.91623E-01    9.92856E-01
    5.22789E+01    3.52221E-01    1.84492E-03    8.56603E+01    6.79897E-05    8.01023E-03   -1.95601E-03    9.96470E-01    9.92313E-01    9.94757E-01
    5.28008E+01    3.53791E-01    1.56947E-03    8.74620E+01    5.66327E-05    7.30290E-03   -1.81670E-03    9.96724E-01    9.92891E-01    9.95097E-01
    5.33286E+01    3.55969E-01    2.17861E-03    8.83780E+01    7.69726E-05    8.07105E-03   -3.43958E-03    9.96007E-01    9.91723E-01    9.92891E-01
    5.38623E+01    3.57615E-01    1.64576E-03    9.02409E+01    5.69328E-05    7.30995E-03   -1.87012E-03    9.96621E-01    9.92698E-01    9.94889E-01
    5.44020E+01    3.59868E-01    2.25308E-03    9.11881E+01    7.63141E-05    8.03004E-03   -3.43985E-03    9.95920E-01    9.91562E-01    9.92698E-01
    5.49478E+01    3.61553E-01    1.68520E-03    9.31143E+01    5.58866E-05    7.24750E-03   -1.83311E-03    9.96565E-01    9.92588E-01    9.94810E-01
    5.54996E+01    3.63852E-01    2.29857E-03    9.40936E+01    7.46339E-05    7.95038E-03   -3.38014E-03    9.95862E-01    9.91450E-01    9.92588E-01
    5.60576E+01    3.65575E-01    1.72305E-03    9.60852E+01    5.47767E-05    7.18310E-03   -1.78319E-03    9.96513E-01    9.92483E-01    9.94748E-01
    5.66219E+01    3.67931E-01    2.35601E-03    9.70978E+01    7.33310E-05    7.89886E-03   -3.30743E-03    9.95795E-01    9.91313E-01    9.92483E-01
    5.71925E+01    3.69806E-01    1.87463E-03    9.91571E+01    5.71261E-05    7.36661E-03   -1.69091E-03    9.96363E-01    9.92136E-01    9.94632E-01
    5.77695E+01    3.71348E-01    1.54255E-03    1.01263E+02    4.60216E-05    6.60182E-03   -1.56126E-03    9.96680E-01    9.92849E-01    9.95045E-01
    5.83530E+01    3.73366E-01    2.01809E-03    1.02333E+02    5.89468E-05    7.04842E-03   -3.04411E-03    9.96072E-01    9.91937E-01    9.92849E-01
    5.89429E+01    3.75841E-01    2.47519E-03    1.03416E+02    7.07820E-05    7.66871E-03   -3.46019E-03    9.95641E-01    9.91092E-01    9.91937E-01
    5.95395E+01    3.77610E-01    1.76859E-03    1.05618E+02    4.95143E-05    6.83973E-03   -1.65302E-03    9.96420E-01    9.92317E-01    9.94611E-01
    6.01428E+01    3.79982E-01    2.37224E-03    1.06737E+02    6.50201E-05    7.45136E-03   -3.08177E-03    9.95728E-01    9.91208E-01    9.92317E-01
    6.07529E+01    3.81739E-01    1.75667E-03    1.09013E+02    4.71368E-05    6.68381E-03   -1.56954E-03    9.96421E-01    9.92321E-01    9.94645E-01
    6.13697E+01    3.84098E-01    2.35869E-03    1.10171E+02    6.19605E-05    7.28800E-03   -2.97417E-03    9.95725E-01    9.91205E-01    9.92321E-01
    6.19935E+01    3.85849E-01    1.75152E-03    1.12525E+02    4.50432E-05    6.53947E-03   -1.50947E-03    9.96413E-01    9.92311E-01    9.94647E-01
    6.26242E+01    3.88195E-01    2.34576E-03    1.13721E+02    5.90561E-05    7.12411E-03   -2.88153E-03    9.95722E-01    9.91203E-01    9.92311E-01
    6.32621E+01    3.89932E-01    1.73700E-03    1.16155E+02    4.28098E-05    6.37957E-03   -1.45288E-03    9.96414E-01    9.92322E-01    9.94656E-01
    6.39070E+01    3.92245E-01    2.31281E-03    1.17392E+02    5.58009E-05    6.92967E-03   -2.78939E-03    9.95736E-01    9.91241E-01    9.92322E-01
    6.45592E+01    3.93918E-01    1.67380E-03    1.19909E+02    3.95329E-05    6.12889E-03   -1.40342E-03    9.96463E-01    9.92443E-01    9.94707E-01
    6.52187E+01    3.96057E-01    2.13896E-03    1.21188E+02    4.94545E-05    6.48723E-03   -2.71483E-03    9.95878E-01    9.91576E-01    9.92443E-01
    6.58856E+01    3.98627E-01    2.56941E-03    1.22482E+02    5.81543E-05    6.99055E-03   -3.04739E-03    9.95475E-01    9.90787E-01    9.91576E-01
    6.65600E+01    4.00441E-01    1.81423E-03    1.25113E+02    4.01958E-05    6.18576E-03   -1.39005E-03    9.96303E-01    9.92108E-01    9.94484E-01
    6.72419E+01    4.02831E-01    2.38963E-03    1.26451E+02    5.18269E-05    6.68817E-03   -2.66372E-03    9.95632E-01    9.91046E-01    9.92108E-01
    6.79314E+01    4.04549E-01    1.71876E-03    1.29171E+02    3.64899E-05    5.89662E-03   -1.31139E-03    9.96387E-01    9.92299E-01    9.94613E-01
    6.86287E+01    4.06734E-01    2.18431E-03    1.30555E+02    4.53940E-05    6.23108E-03   -2.56274E-03    9.95804E-01    9.91435E-01    9.92299E-01
    6.93338E+01    4.09343E-01    2.60900E-03    1.31953E+02    5.30742E-05    6.69541E-03   -2.87152E-03    9.95407E-01    9.90660E-01    9.91435E-01
    7.00467E+01    4.11182E-01    1.83901E-03    1.34798E+02    3.66196E-05    5.91279E-03   -1.28786E-03    9.96249E-01    9.92010E-01    9.94428E-01
    7.07677E+01    4.13590E-01    2.40865E-03    1.36244E+02    4.69481E-05    6.38025E-03   -2.49810E-03    9.95583E-01    9.90957E-01    9.92010E-01
    7.14967E+01    4.15319E-01    1.72823E-03    1.39185E+02    3.29729E-05    5.61308E-03   -1.21088E-03    9.96350E-01    9.92235E-01    9.94580E-01
    7.22339E+01    4.17501E-01    2.18252E-03    1.40680E+02    4.07589E-05    5.91820E-03   -2.39453E-03    9.95776E-01    9.91389E-01    9.92235E-01
    7.29794E+01    4.20086E-01    2.58449E-03    1.42192E+02    4.72436E-05    6.32943E-03   -2.67991E-03    9.95396E-01    9.90652E-01    9.91389E-01
    7.37332E+01    4.21863E-01    1.77782E-03    1.45267E+02    3.18094E-05    5.51315E-03   -1.18935E-03    9.96281E-01    9.92102E-01    9.94463E-01
    7.44954E+01    4.24093E-01    2.22943E-03    1.46831E+02    3.90444E-05    5.79514E-03   -2.33683E-03    9.95715E-01    9.91273E-01    9.92102E-01
    7.52662E+01    4.26717E-01    2.62434E-03    1.48412E+02    4.49860E-05    6.18111E-03   -2.60384E-03    9.95344E-01    9.90553E-01    9.91273E-01
    7.60456E+01    4.28515E-01    1.79731E-03    1.51627E+02    3.01557E-05    5.37112E-03   -1.14311E-03    9.96246E-01    9.92037E-01    9.94419E-01
    7.68337E+01    4.30760E-01    2.24535E-03    1.53262E+02    3.68736E-05    5.63752E-03   -2.25654E-03    9.95685E-01    9.91217E-01    9.92037E-01
    7.76307E+01    4.33391E-01    2.63065E-03    1.54915E+02    4.22839E-05    5.99803E-03   -2.51148E-03    9.95322E-01    9.90515E-01    9.91217E-01
    7.84366E+01    4.35174E-01    1.78299E-03    1.58276E+02    2.80504E-05    5.18182E-03   -1.09504E-03    9.96246E-01    9.92047E-01    9.94416E-01
    7.92515E+01    4.37370E-01    2.19674E-03    1.59985E+02    3.38253E-05    5.39576E-03   -2.17050E-03    9.95715E-01    9.91294E-01    9.92047E-01
    8.00756E+01    4.39847E-01    2.47670E-03    1.61714E+02    3.73256E-05    5.60666E-03   -2.42714E-03    9.95442E-01    9.90796E-01    9.91294E-01
    8.09089E+01    4.42651E-01    2.80379E-03    1.63461E+02    4.13568E-05    5.91701E-03   -2.51909E-03    9.95150E-01    9.90192E-01    9.90796E-01
    8.17515E+01    4.44535E-01    1.88400E-03    1.67016E+02    2.71985E-05    5.10621E-03   -1.06074E-03    9.96126E-01    9.91800E-01    9.94252E-01
    8.26035E+01    4.46872E-01    2.33745E-03    1.68823E+02    3.30269E-05    5.34669E-03   -2.10707E-03    9.95565E-01    9.90984E-01    9.91800E-01
    8.34651E+01    4.49593E-01    2.72118E-03    1.70650E+02    3.76303E-05    5.67147E-03   -2.33768E-03    9.95208E-01    9.90295E-01    9.90984E-01
    8.43364E+01    4.51436E-01    1.84237E-03    1.74366E+02    2.49352E-05    4.89214E-03   -1.00105E-03    9.96156E-01    9.91870E-01    9.94306E-01
    8.52174E+01    4.53697E-01    2.26074E-03    1.76255E+02    2.99457E-05    5.09022E-03   -2.00883E-03    9.95623E-01    9.91114E-01    9.91870E-01
    8.61082E+01    4.56236E-01    2.53964E-03    1.78166E+02    3.29232E-05    5.28100E-03   -2.24371E-03    9.95353E-01    9.90622E-01    9.91114E-01
    8.70091E+01    4.59100E-01    2.86370E-03    1.80098E+02    3.63330E-05    5.56107E-03   -2.32541E-03    9.95065E-01    9.90027E-01    9.90622E-01
    8.79200E+01    4.61026E-01    1.92633E-03    1.84027E+02    2.39190E-05    4.79488E-03   -9.63412E-04    9.96055E-01    9.91663E-01    9.94173E-01
    8.88411E+01    4.63407E-01    2.38081E-03    1.86024E+02    2.89317E-05    5.01703E-03   -1.93937E-03    9.95494E-01    9.90847E-01    9.91663E-01
    8.97726E+01    4.66167E-01    2.76033E-03    1.88044E+02    3.28279E-05    5.31087E-03   -2.15001E-03    9.95141E-01    9.90167E-01    9.90847E-01
    9.07145E+01    4.68037E-01    1.86991E-03    1.92152E+02    2.17638E-05    4.57633E-03   -9.06109E-04    9.96100E-01    9.91765E-01    9.94249E-01
    9.16669E+01    4.70322E-01    2.28476E-03    1.94240E+02    2.60244E-05    4.75710E-03   -1.84239E-03    9.95571E-01    9.91015E-01    9.91765E-01
    9.26300E+01    4.72877E-01    2.55502E-03    1.96352E+02    2.84812E-05    4.92495E-03   -2.05574E-03    9.95308E-01    9.90538E-01    9.91015E-01
    9.36039E+01    4.75741E-01    2.86390E-03    1.98488E+02    3.12422E-05    5.16869E-03   -2.12764E-03    9.95032E-01    9.89970E-01    9.90538E-01
    9.45887E+01    4.77649E-01    1.90759E-03    2.02831E+02    2.03651E-05    4.42830E-03   -8.69095E-04    9.96045E-01    9.91660E-01    9.94168E-01
    9.55845E+01    4.79968E-01    2.31992E-03    2.05039E+02    2.42376E-05    4.59462E-03   -1.76833E-03    9.95521E-01    9.90920E-01    9.91660E-01
    9.65915E+01    4.82552E-01    2.58333E-03    2.07272E+02    2.64124E-05    4.74751E-03   -1.96812E-03    9.95266E-01    9.90459E-01    9.90920E-01
    9.76098E+01    4.85435E-01    2.88298E-03    2.09530E+02    2.88455E-05    4.97114E-03   -2.03305E-03    9.94999E-01    9.89909E-01    9.90459E-01
    9.86394E+01    4.87343E-01    1.90839E-03    2.14122E+02    1.86858E-05    4.24353E-03   -8.23552E-04    9.96030E-01    9.91636E-01    9.94149E-01
    9.96806E+01    4.89647E-01    2.30397E-03    2.16457E+02    2.20761E-05    4.38673E-03   -1.68307E-03    9.95522E-01    9.90929E-01    9.91636E-01
    1.00733E+02    4.92178E-01    2.53051E-03    2.18817E+02    2.37276E-05    4.49702E-03   -1.87200E-03    9.95299E-01    9.90538E-01    9.90929E-01
    1.01798E+02    4.94900E-01    2.72229E-03    2.21204E+02    2.49791E-05    4.60529E-03   -1.94176E-03    9.95122E-01    9.90192E-01    9.90538E-01
    1.02875E+02    4.97893E-01    2.99324E-03    2.23618E+02    2.68768E-05    4.79702E-03   -1.96606E-03    9.94885E-01    9.89692E-01    9.90192E-01
    1.03963E+02    4.99858E-01    1.96440E-03    2.28528E+02    1.72606E-05    4.08030E-03   -7.82185E-04    9.95956E-01    9.91489E-01    9.94047E-01
    1.05064E+02    5.02221E-01    2.36365E-03    2.31024E+02    2.03235E-05    4.21324E-03   -1.60379E-03    9.95448E-01    9.90784E-01    9.91489E-01
    1.06177E+02    5.04810E-01    2.58887E-03    2.33547E+02    2.17827E-05    4.31412E-03   -1.78075E-03    9.95229E-01    9.90400E-01    9.90784E-01
    1.07303E+02    5.07589E-01    2.77858E-03    2.36100E+02    2.28775E-05    4.41310E-03   -1.84445E-03    9.95055E-01    9.90060E-01    9.90400E-01
    1.08441E+02    5.10637E-01    3.04808E-03    2.38680E+02    2.45579E-05    4.59109E-03   -1.86544E-03    9.94821E-01    9.89566E-01    9.90060E-01
    1.09592E+02    5.12638E-01    2.00094E-03    2.43929E+02    1.57753E-05    3.90306E-03   -7.35839E-04    9.95904E-01    9.91387E-01    9.93984E-01
    1.10756E+02    5.15041E-01    2.40330E-03    2.46597E+02    1.85407E-05    4.02914E-03   -1.51879E-03    9.95395E-01    9.90679E-01    9.91387E-01
    1.11933E+02    5.17669E-01    2.62826E-03    2.49296E+02    1.98408E-05    4.12309E-03   -1.68549E-03    9.95177E-01    9.90297E-01    9.90679E-01
    1.13123E+02    5.20486E-01    2.81671E-03    2.52024E+02    2.08067E-05    4.21462E-03   -1.74462E-03    9.95005E-01    9.89961E-01    9.90297E-01
    1.14326E+02    5.23571E-01    3.08459E-03    2.54783E+02    2.22959E-05    4.38021E-03   -1.76342E-03    9.94773E-01    9.89472E-01    9.89961E-01
    1.15543E+02    5.25597E-01    2.02646E-03    2.60395E+02    1.43328E-05    3.72245E-03   -6.90021E-04    9.95864E-01    9.91309E-01    9.93939E-01
    1.16774E+02    5.28027E-01    2.42955E-03    2.63247E+02    1.68144E-05    3.84160E-03   -1.43404E-03    9.95355E-01    9.90601E-01    9.91309E-01
    1.18018E+02    5.30679E-01    2.65250E-03    2.66132E+02    1.79626E-05    3.92840E-03   -1.59070E-03    9.95139E-01    9.90224E-01    9.90601E-01
    1.19276E+02    5.33517E-01    2.83753E-03    2.69049E+02    1.88023E-05    4.01185E-03   -1.64541E-03    9.94970E-01    9.89894E-01    9.90224E-01
    1.20549E+02    5.36617E-01    3.10004E-03    2.71999E+02    2.00999E-05    4.16382E-03   -1.66208E-03    9.94743E-01    9.89416E-01    9.89894E-01
    1.21835E+02    5.38649E-01    2.03239E-03    2.77998E+02    1.28940E-05    3.53234E-03   -6.45392E-04    9.95843E-01    9.91273E-01    9.93918E-01
    1.23136E+02    5.41075E-01    2.42633E-03    2.81048E+02    1.50618E-05    3.63891E-03   -1.34915E-03    9.95343E-01    9.90582E-01    9.91273E-01
    1.24452E+02    5.43707E-01    2.63166E-03    2.84132E+02    1.59848E-05    3.70794E-03   -1.49531E-03    9.95143E-01    9.90238E-01    9.90582E-01
    1.25782E+02    5.46487E-01    2.77980E-03    2.87251E+02    1.65210E-05    3.75908E-03   -1.54605E-03    9.95006E-01    9.89978E-01    9.90238E-01
    1.27127E+02    5.49420E-01    2.93356E-03    2.90405E+02    1.70593E-05    3.82096E-03   -1.56828E-03    9.94869E-01    9.89700E-01    9.89978E-01
    1.28488E+02    5.52601E-01    3.18093E-03    2.93594E+02    1.80992E-05    3.95334E-03   -1.57175E-03    9.94657E-01    9.89249E-01    9.89700E-01
    1.29863E+02    5.54678E-01    2.07706E-03    3.00079E+02    1.15636E-05    3.34670E-03   -6.02677E-04    9.95783E-01    9.91154E-01    9.93839E-01
    1.31254E+02    5.57151E-01    2.47307E-03    3.03376E+02    1.34715E-05    3.44504E-03   -1.26619E-03    9.95283E-01    9.90464E-01    9.91154E-01
    1.32660E+02    5.59828E-01    2.67627E-03    3.06711E+02    1.42641E-05    3.50704E-03   -1.40170E-03    9.95086E-01    9.90126E-01    9.90464E-01
    1.34083E+02    5.62649E-01    2.82119E-03    3.10082E+02    1.47122E-05    3.55198E-03   -1.44764E-03    9.94953E-01    9.89873E-01    9.90126E-01
    1.35521E+02    5.65620E-01    2.97124E-03    3.13492E+02    1.51605E-05    3.60670E-03   -1.46703E-03    9.94819E-01    9.89603E-01    9.89873E-01
    1.36975E+02    5.68834E-01    3.21415E-03    3.16939E+02    1.60461E-05    3.72667E-03   -1.46902E-03    9.94612E-01    9.89162E-01    9.89603E-01
    1.38446E+02    5.70930E-01    2.09617E-03    3.23951E+02    1.02389E-05    3.15067E-03   -5.58743E-04    9.95749E-01    9.91090E-01    9.93801E-01
    1.39933E+02    5.73418E-01    2.48786E-03    3.27515E+02    1.18899E-05    3.23958E-03   -1.18110E-03    9.95253E-01    9.90409E-01    9.91090E-01
    1.41436E+02    5.76099E-01    2.68122E-03    3.31120E+02    1.25373E-05    3.29100E-03   -1.30638E-03    9.95066E-01    9.90090E-01    9.90409E-01
    1.42957E+02    5.78908E-01    2.80849E-03    3.34765E+02    1.28488E-05    3.32146E-03   -1.34787E-03    9.94948E-01    9.89870E-01    9.90090E-01
    1.44494E+02    5.81830E-01    2.92160E-03    3.38451E+02    1.30776E-05    3.34867E-03   -1.36529E-03    9.94846E-01    9.89669E-01    9.89870E-01
    1.46049E+02    5.84885E-01    3.05543E-03    3.42178E+02    1.33812E-05    3.39068E-03   -1.37277E-03    9.94729E-01    9.89428E-01    9.89669E-01
    1.47621E+02    5.88175E-01    3.28954E-03    3.45947E+02    1.40952E-05    3.49578E-03   -1.36918E-03    9.94531E-01    9.89004E-01    9.89428E-01
    1.49211E+02    5.90316E-01    2.14098E-03    3.53611E+02    8.97549E-06    2.95126E-03   -5.15329E-04    9.95688E-01    9.90970E-01    9.93725E-01
    1.50819E+02    5.92851E-01    2.53519E-03    3.57508E+02    1.03984E-05    3.03281E-03   -1.09566E-03    9.95193E-01    9.90290E-01    9.90970E-01
    1.52444E+02    5.95578E-01    2.72684E-03    3.61449E+02    1.09427E-05    3.07843E-03   -1.21075E-03    9.95008E-01    9.89976E-01    9.90290E-01
    1.54088E+02    5.98429E-01    2.85122E-03    3.65433E+02    1.11943E-05    3.10432E-03   -1.24801E-03    9.94894E-01    9.89763E-01    9.89976E-01
    1.55750E+02    6.01390E-01    2.96092E-03    3.69463E+02    1.13736E-05    3.12702E-03   -1.26305E-03    9.94795E-01    9.89569E-01    9.89763E-01
    1.57431E+02    6.04480E-01    3.09080E-03    3.73537E+02    1.16156E-05    3.16314E-03   -1.26894E-03    9.94682E-01    9.89335E-01    9.89569E-01
    1.59131E+02    6.07800E-01    3.32000E-03    3.77657E+02    1.22070E-05    3.25693E-03   -1.26468E-03    9.94488E-01    9.88922E-01    9.89335E-01
    1.60850E+02    6.09959E-01    2.15812E-03    3.86036E+02    7.76326E-06    2.74596E-03   -4.72183E-04    9.95657E-01    9.90911E-01    9.93689E-01
    1.62588E+02    6.12506E-01    2.54743E-03    3.90296E+02    8.96533E-06    2.81870E-03   -1.01009E-03    9.95166E-01    9.90240E-01    9.90911E-01
    1.64345E+02    6.15235E-01    2.72937E-03    3.94604E+02    9.39768E-06    2.85555E-03   -1.11512E-03    9.94991E-01    9.89944E-01    9.90240E-01
    1.66122E+02    6.18074E-01    2.83843E-03    3.98960E+02    9.56154E-06    2.87115E-03   -1.14806E-03    9.94890E-01    9.89759E-01    9.89944E-01
    1.67919E+02    6.20996E-01    2.92199E-03    4.03365E+02    9.62984E-06    2.87806E-03   -1.16044E-03    9.94814E-01    9.89613E-01    9.89759E-01
    1.69736E+02    6.23995E-01    2.99924E-03    4.07819E+02    9.67030E-06    2.88325E-03   -1.16499E-03    9.94745E-01    9.89476E-01    9.89613E-01
    1.71574E+02    6.27079E-01    3.08427E-03    4.12323E+02    9.72901E-06    2.89300E-03   -1.16599E-03    9.94670E-01    9.89324E-01    9.89476E-01
    1.73432E+02    6.30279E-01    3.19990E-03    4.16877E+02    9.87501E-06    2.91866E-03   -1.16466E-03    9.94570E-01    9.89117E-01    9.89324E-01
    1.75311E+02    6.33701E-01    3.42158E-03    4.21483E+02    1.03302E-05    2.99868E-03   -1.15679E-03    9.94385E-01    9.88720E-01    9.89117E-01
    1.77210E+02    6.35920E-01    2.21957E-03    4.30849E+02    6.55594E-06    2.52453E-03   -4.27431E-04    9.95579E-01    9.90756E-01    9.93589E-01
    1.79132E+02    6.38534E-01    2.61399E-03    4.35611E+02    7.55351E-06    2.58993E-03   -9.19673E-04    9.95087E-01    9.90084E-01    9.90756E-01
    1.81074E+02    6.41330E-01    2.79540E-03    4.40426E+02    7.90256E-06    2.62178E-03   -1.01431E-03    9.94914E-01    9.89792E-01    9.90084E-01
    1.83039E+02    6.44232E-01    2.90246E-03    4.45295E+02    8.02726E-06    2.63417E-03   -1.04327E-03    9.94816E-01    9.89612E-01    9.89792E-01
    1.85025E+02    6.47216E-01    2.98366E-03    4.50219E+02    8.07281E-06    2.63868E-03   -1.05365E-03    9.94743E-01    9.89472E-01    9.89612E-01
    1.87034E+02    6.50274E-01    3.05845E-03    4.55198E+02    8.09562E-06    2.64166E-03   -1.05700E-03    9.94676E-01    9.89340E-01    9.89472E-01
    1.89065E+02    6.53415E-01    3.14101E-03    4.60233E+02    8.13375E-06    2.64879E-03   -1.05719E-03    9.94604E-01    9.89194E-01    9.89340E-01
    1.91119E+02    6.56670E-01    3.25424E-03    4.65324E+02    8.24405E-06    2.67028E-03   -1.05531E-03    9.94507E-01    9.88992E-01    9.89194E-01
    1.93196E+02    6.60143E-01    3.47377E-03    4.70472E+02    8.60915E-06    2.74076E-03   -1.04756E-03    9.94325E-01    9.88601E-01    9.88992E-01
    1.95296E+02    6.62398E-01    2.25464E-03    4.80942E+02    5.46643E-06    2.30630E-03   -3.83956E-04    9.95529E-01    9.90659E-01    9.93531E-01
    1.97420E+02    6.65048E-01    2.65010E-03    4.86265E+02    6.28573E-06    2.36510E-03   -8.31876E-04    9.95038E-01    9.89987E-01    9.90659E-01
    1.99568E+02    6.67877E-01    2.82867E-03    4.91647E+02    6.56355E-06    2.39223E-03   -9.16936E-04    9.94868E-01    9.89702E-01    9.89987E-01
    2.01739E+02    6.70808E-01    2.93090E-03    4.97090E+02    6.65305E-06    2.40102E-03   -9.42411E-04    9.94774E-01    9.89531E-01    9.89702E-01
    2.03935E+02    6.73813E-01    3.00507E-03    5.02594E+02    6.67323E-06    2.40183E-03   -9.51035E-04    9.94708E-01    9.89404E-01    9.89531E-01
    2.06156E+02    6.76882E-01    3.06917E-03    5.08159E+02    6.66748E-06    2.39975E-03   -9.53251E-04    9.94651E-01    9.89292E-01    9.89404E-01
    2.08401E+02    6.80015E-01    3.13344E-03    5.13787E+02    6.65917E-06    2.39827E-03   -9.52617E-04    9.94594E-01    9.89179E-01    9.89292E-01
    2.10672E+02    6.83224E-01    3.20867E-03    5.19478E+02    6.67085E-06    2.40151E-03   -9.50582E-04    9.94529E-01    9.89046E-01    9.89179E-01
    2.12968E+02    6.86540E-01    3.31630E-03    5.25233E+02    6.74475E-06    2.41810E-03   -9.47379E-04    9.94437E-01    9.88854E-01    9.89046E-01
    2.15289E+02    6.90072E-01    3.53148E-03    5.31052E+02    7.02623E-06    2.47869E-03   -9.39320E-04    9.94260E-01    9.88473E-01    9.88854E-01
    2.17637E+02    6.92363E-01    2.29121E-03    5.42886E+02    4.45948E-06    2.08398E-03   -3.41336E-04    9.95478E-01    9.90558E-01    9.93470E-01
    2.20011E+02    6.95050E-01    2.68711E-03    5.48903E+02    5.11629E-06    2.13592E-03   -7.44390E-04    9.94988E-01    9.89889E-01    9.90558E-01
    2.22411E+02    6.97912E-01    2.86197E-03    5.54987E+02    5.33071E-06    2.15836E-03   -8.19866E-04    9.94822E-01    9.89612E-01    9.89889E-01
    2.24839E+02    7.00871E-01    2.95856E-03    5.61139E+02    5.39075E-06    2.16379E-03   -8.41876E-04    9.94734E-01    9.89452E-01    9.89612E-01
    2.27293E+02    7.03896E-01    3.02510E-03    5.67360E+02    5.39207E-06    2.16140E-03   -8.48778E-04    9.94674E-01    9.89339E-01    9.89452E-01
    2.29776E+02    7.06974E-01    3.07856E-03    5.73651E+02    5.36795E-06    2.15537E-03   -8.49889E-04    9.94626E-01    9.89246E-01    9.89339E-01
    2.32286E+02    7.10101E-01    3.12682E-03    5.80013E+02    5.33346E-06    2.14796E-03   -8.48366E-04    9.94583E-01    9.89162E-01    9.89246E-01
    2.34824E+02    7.13276E-01    3.17507E-03    5.86445E+02    5.29790E-06    2.14078E-03   -8.45554E-04    9.94541E-01    9.89077E-01    9.89162E-01
    2.37390E+02    7.16505E-01    3.22863E-03    5.92950E+02    5.27000E-06    2.13561E-03   -8.42126E-04    9.94494E-01    9.88983E-01    9.89077E-01
    2.39985E+02    7.19801E-01    3.29610E-03    5.99527E+02    5.26300E-06    2.13543E-03   -8.38411E-04    9.94437E-01    9.88864E-01    9.88983E-01
    2.42609E+02    7.23199E-01    3.39796E-03    6.06178E+02    5.30751E-06    2.14747E-03   -8.34190E-04    9.94351E-01    9.88684E-01    9.88864E-01
    2.45263E+02    7.26808E-01    3.60938E-03    6.12904E+02    5.51497E-06    2.19832E-03   -8.26044E-04    9.94178E-01    9.88312E-01    9.88684E-01
    2.47946E+02    7.29149E-01    2.34094E-03    6.26582E+02    3.49896E-06    1.84673E-03   -2.97555E-04    9.95414E-01    9.90430E-01    9.93390E-01
    2.50660E+02    7.31889E-01    2.73973E-03    6.33536E+02    4.00582E-06    1.89187E-03   -6.53193E-04    9.94923E-01    9.89760E-01    9.90430E-01
    2.53404E+02    7.34802E-01    2.91255E-03    6.40568E+02    4.16575E-06    1.91023E-03   -7.18871E-04    9.94760E-01    9.89489E-01    9.89760E-01
    2.56178E+02    7.37807E-01    3.00538E-03    6.47679E+02    4.20487E-06    1.91335E-03   -7.37539E-04    9.94676E-01    9.89337E-01    9.89489E-01
    2.58984E+02    7.40874E-01    3.06708E-03    6.54869E+02    4.19768E-06    1.90937E-03   -7.42965E-04    9.94620E-01    9.89234E-01    9.89337E-01
    2.61821E+02    7.43988E-01    3.11445E-03    6.62140E+02    4.16963E-06    1.90187E-03   -7.43307E-04    9.94578E-01    9.89152E-01    9.89234E-01
    2.64690E+02    7.47143E-01    3.15484E-03    6.69493E+02    4.13166E-06    1.89265E-03   -7.41308E-04    9.94542E-01    9.89083E-01    9.89152E-01
    2.67591E+02    7.50336E-01    3.19228E-03    6.76928E+02    4.08956E-06    1.88275E-03   -7.38120E-04    9.94510E-01    9.89017E-01    9.89083E-01
    2.70524E+02    7.53565E-01    3.22967E-03    6.84446E+02    4.04727E-06    1.87298E-03   -7.34318E-04    9.94477E-01    9.88952E-01    9.89017E-01
    2.73491E+02    7.56835E-01    3.26995E-03    6.92048E+02    4.00840E-06    1.86418E-03   -7.30232E-04    9.94442E-01    9.88881E-01    9.88952E-01
    2.76490E+02    7.60152E-01    3.31731E-03    6.99735E+02    3.97779E-06    1.85758E-03   -7.26073E-04    9.94401E-01    9.88798E-01    9.88881E-01
    2.79523E+02    7.63532E-01    3.37981E-03    7.07509E+02    3.96435E-06    1.85558E-03   -7.21938E-04    9.94348E-01    9.88688E-01    9.88798E-01
    2.82590E+02    7.67010E-01    3.47772E-03    7.15369E+02    3.99023E-06    1.86423E-03   -7.17539E-04    9.94266E-01    9.88517E-01    9.88688E-01
    2.85692E+02    7.70697E-01    3.68664E-03    7.23318E+02    4.13769E-06    1.90623E-03   -7.09907E-04    9.94097E-01    9.88152E-01    9.88517E-01
    2.88828E+02    7.73088E-01    2.39172E-03    7.39483E+02    2.62578E-06    1.60046E-03   -2.53570E-04    9.95348E-01    9.90301E-01    9.93310E-01
    2.91999E+02    7.75882E-01    2.79390E-03    7.47702E+02    3.00040E-06    1.63898E-03   -5.60482E-04    9.94856E-01    9.89630E-01    9.90301E-01
    2.95206E+02    7.78848E-01    2.96526E-03    7.56012E+02    3.11494E-06    1.65377E-03   -6.16433E-04    9.94696E-01    9.89363E-01    9.89630E-01
    2.98449E+02    7.81903E-01    3.05501E-03    7.64416E+02    3.13920E-06    1.65524E-03   -6.31965E-04    9.94615E-01    9.89218E-01    9.89363E-01
    3.01728E+02    7.85015E-01    3.11274E-03    7.72914E+02    3.12872E-06    1.65046E-03   -6.36148E-04    9.94564E-01    9.89122E-01    9.89218E-01
    3.05044E+02    7.88171E-01    3.15534E-03    7.81507E+02    3.10231E-06    1.64252E-03   -6.35971E-04    9.94526E-01    9.89049E-01    9.89122E-01
    3.08397E+02    7.91361E-01    3.18994E-03    7.90196E+02    3.06788E-06    1.63285E-03   -6.33769E-04    9.94495E-01    9.88990E-01    9.89049E-01
    3.11787E+02    7.94581E-01    3.22015E-03    7.98983E+02    3.02933E-06    1.62228E-03   -6.30514E-04    9.94469E-01    9.88938E-01    9.88990E-01
    3.15215E+02    7.97829E-01    3.24811E-03    8.07868E+02    2.98891E-06    1.61127E-03   -6.26678E-04    9.94444E-01    9.88889E-01    9.88938E-01
    3.18682E+02    8.01104E-01    3.27532E-03    8.16853E+02    2.94815E-06    1.60019E-03   -6.22520E-04    9.94421E-01    9.88842E-01    9.88889E-01
    3.22188E+02    8.04407E-01    3.30315E-03    8.25938E+02    2.90827E-06    1.58937E-03   -6.18206E-04    9.94396E-01    9.88793E-01    9.88842E-01
    3.25733E+02    8.07740E-01    3.33312E-03    8.35125E+02    2.87058E-06    1.57917E-03   -6.13847E-04    9.94370E-01    9.88741E-01    9.88793E-01
    3.29318E+02    8.11108E-01    3.36744E-03    8.44415E+02    2.83679E-06    1.57011E-03   -6.09536E-04    9.94341E-01    9.88681E-01    9.88741E-01
    3.32942E+02    8.14518E-01    3.40987E-03    8.53808E+02    2.80979E-06    1.56312E-03   -6.05346E-04    9.94305E-01    9.88607E-01    9.88681E-01
    3.36608E+02    8.17986E-01    3.46826E-03    8.63307E+02    2.79548E-06    1.56010E-03   -6.01294E-04    9.94256E-01    9.88506E-01    9.88607E-01
    3.40314E+02    8.21549E-01    3.56291E-03    8.72913E+02    2.80903E-06    1.56604E-03   -5.97108E-04    9.94178E-01    9.88341E-01    9.88506E-01
    3.44062E+02    8.25319E-01    3.77010E-03    8.82626E+02    2.90744E-06    1.59968E-03   -5.90317E-04    9.94011E-01    9.87982E-01    9.88341E-01
    3.47852E+02    8.27766E-01    2.44734E-03    9.02380E+02    1.84611E-06    1.34253E-03   -2.09100E-04    9.95278E-01    9.90162E-01    9.93224E-01
    3.51684E+02    8.30620E-01    2.85392E-03    9.12423E+02    2.10576E-06    1.37445E-03   -4.65461E-04    9.94785E-01    9.89488E-01    9.90162E-01
    3.55560E+02    8.33645E-01    3.02452E-03    9.22578E+02    2.18286E-06    1.38604E-03   -5.11621E-04    9.94626E-01    9.89225E-01    9.89488E-01
    3.59478E+02    8.36757E-01    3.11192E-03    9.32848E+02    2.19686E-06    1.38640E-03   -5.24156E-04    9.94548E-01    9.89085E-01    9.89225E-01
    3.63441E+02    8.39923E-01    3.16661E-03    9.43232E+02    2.18660E-06    1.38151E-03   -5.27285E-04    9.94500E-01    9.88995E-01    9.89085E-01
    3.67448E+02    8.43129E-01    3.20565E-03    9.53733E+02    2.16517E-06    1.37392E-03   -5.26804E-04    9.94465E-01    9.88930E-01    9.88995E-01
    3.71500E+02    8.46365E-01    3.23621E-03    9.64351E+02    2.13802E-06    1.36483E-03   -5.24644E-04    9.94439E-01    9.88878E-01    9.88930E-01
    3.75597E+02    8.49627E-01    3.26176E-03    9.75088E+02    2.10779E-06    1.35489E-03   -5.21602E-04    9.94416E-01    9.88834E-01    9.88878E-01
    3.79740E+02    8.52911E-01    3.28426E-03    9.85945E+02    2.07592E-06    1.34445E-03   -5.18061E-04    9.94397E-01    9.88795E-01    9.88834E-01
    3.83930E+02    8.56216E-01    3.30490E-03    9.96924E+02    2.04329E-06    1.33374E-03   -5.14226E-04    9.94378E-01    9.88760E-01    9.88795E-01
    3.88166E+02    8.59541E-01    3.32452E-03    1.00803E+03    2.01047E-06    1.32293E-03   -5.10220E-04    9.94361E-01    9.88726E-01    9.88760E-01
    3.92450E+02    8.62884E-01    3.34378E-03    1.01925E+03    1.97789E-06    1.31215E-03   -5.06122E-04    9.94345E-01    9.88692E-01    9.88726E-01
    3.96782E+02    8.66248E-01    3.36328E-03    1.03060E+03    1.94592E-06    1.30151E-03   -5.01987E-04    9.94328E-01    9.88658E-01    9.88692E-01
    4.01162E+02    8.69631E-01    3.38370E-03    1.04208E+03    1.91490E-06    1.29114E-03   -4.97858E-04    9.94310E-01    9.88623E-01    9.88658E-01
    4.05592E+02    8.73037E-01    3.40587E-03    1.05369E+03    1.88528E-06    1.28120E-03   -4.93774E-04    9.94291E-01    9.88584E-01    9.88623E-01
    4.10071E+02    8.76468E-01    3.43100E-03    1.06543E+03    1.85765E-06    1.27192E-03   -4.89770E-04    9.94269E-01    9.88541E-01    9.88584E-01
    4.14600E+02    8.79929E-01    3.46109E-03    1.07730E+03    1.83294E-06    1.26367E-03   -4.85884E-04    9.94244E-01    9.88489E-01    9.88541E-01
    4.19180E+02    8.83429E-01    3.49981E-03    1.08930E+03    1.81289E-06    1.25715E-03   -4.82151E-04    9.94211E-01    9.88422E-01    9.88489E-01
    4.23811E+02    8.86984E-01    3.55498E-03    1.10144E+03    1.80117E-06    1.25385E-03   -4.78571E-04    9.94166E-01    9.88326E-01    9.88422E-01
    4.28494E+02    8.90631E-01    3.64703E-03    1.11371E+03    1.80737E-06    1.25771E-03   -4.74916E-04    9.94090E-01    9.88167E-01    9.88326E-01
    4.33230E+02    8.94484E-01    3.85299E-03    1.12612E+03    1.86765E-06    1.28354E-03   -4.69233E-04    9.93926E-01    9.87814E-01    9.88167E-01
    4.38019E+02    8.96988E-01    2.50354E-03    1.15136E+03    1.18697E-06    1.07694E-03   -1.64847E-04    9.95208E-01    9.90022E-01    9.93139E-01
    4.42861E+02    8.99902E-01    2.91477E-03    1.16419E+03    1.35170E-06    1.10230E-03   -3.69624E-04    9.94713E-01    9.89345E-01    9.90022E-01
    4.47757E+02    9.02987E-01    3.08496E-03    1.17717E+03    1.39930E-06    1.11104E-03   -4.06066E-04    9.94556E-01    9.89085E-01    9.89345E-01
    4.52709E+02    9.06158E-01    3.17044E-03    1.19029E+03    1.40659E-06    1.11074E-03   -4.15761E-04    9.94480E-01    9.88950E-01    9.89085E-01
    4.57715E+02    9.09380E-01    3.22261E-03    1.20355E+03    1.39844E-06    1.10621E-03   -4.18003E-04    9.94434E-01    9.88865E-01    9.88950E-01
    4.62778E+02    9.12639E-01    3.25879E-03    1.21697E+03    1.38318E-06    1.09953E-03   -4.17393E-04    9.94403E-01    9.88805E-01    9.88865E-01
    4.67898E+02    9.15925E-01    3.28619E-03    1.23054E+03    1.36426E-06    1.09163E-03   -4.15456E-04    9.94379E-01    9.88759E-01    9.88805E-01
    4.73075E+02    9.19234E-01    3.30830E-03    1.24426E+03    1.34337E-06    1.08303E-03   -4.12820E-04    9.94360E-01    9.88722E-01    9.88759E-01
    4.78310E+02    9.22561E-01    3.32702E-03    1.25813E+03    1.32138E-06    1.07399E-03   -4.09785E-04    9.94343E-01    9.88690E-01    9.88722E-01
    4.83603E+02    9.25904E-01    3.34347E-03    1.27215E+03    1.29883E-06    1.06470E-03   -4.06512E-04    9.94329E-01    9.88661E-01    9.88690E-01
    4.88956E+02    9.29263E-01    3.35837E-03    1.28634E+03    1.27605E-06    1.05526E-03   -4.03093E-04    9.94316E-01    9.88636E-01    9.88661E-01
    4.94369E+02    9.32635E-01    3.37221E-03    1.30068E+03    1.25324E-06    1.04574E-03   -3.99585E-04    9.94304E-01    9.88612E-01    9.88636E-01
    4.99842E+02    9.36020E-01    3.38535E-03    1.31519E+03    1.23057E-06    1.03621E-03   -3.96027E-04    9.94292E-01    9.88589E-01    9.88612E-01
    5.05377E+02    9.39418E-01    3.39808E-03    1.32985E+03    1.20814E-06    1.02671E-03   -3.92444E-04    9.94281E-01    9.88567E-01    9.88589E-01
    5.10973E+02    9.42829E-01    3.41064E-03    1.34468E+03    1.18604E-06    1.01726E-03   -3.88858E-04    9.94270E-01    9.88545E-01    9.88567E-01
    5.16633E+02    9.46252E-01    3.42327E-03    1.35968E+03    1.16435E-06    1.00792E-03   -3.85281E-04    9.94259E-01    9.88523E-01    9.88545E-01
    5.22355E+02    9.49688E-01    3.43620E-03    1.37485E+03    1.14314E-06    9.98710E-04   -3.81728E-04    9.94248E-01    9.88501E-01    9.88523E-01
    5.28142E+02    9.53138E-01    3.44973E-03    1.39018E+03    1.12249E-06    9.89672E-04   -3.78210E-04    9.94236E-01    9.88478E-01    9.88501E-01
    5.33994E+02    9.56602E-01    3.46422E-03    1.40569E+03    1.10251E-06    9.80855E-04   -3.74738E-04    9.94224E-01    9.88452E-01    9.88478E-01
    5.39911E+02    9.60082E-01    3.48015E-03    1.42137E+03    1.08330E-06    9.72327E-04   -3.71326E-04    9.94210E-01    9.88425E-01    9.88452E-01
    5.45894E+02    9.63581E-01    3.49824E-03    1.43722E+03    1.06507E-06    9.64188E-04   -3.67987E-04    9.94195E-01    9.88394E-01    9.88425E-01
    5.51945E+02    9.67100E-01    3.51965E-03    1.45326E+03    1.04810E-06    9.56592E-04   -3.64739E-04    9.94177E-01    9.88357E-01    9.88394E-01
    5.58063E+02    9.70647E-01    3.54630E-03    1.46947E+03    1.03289E-06    9.49808E-04   -3.61603E-04    9.94155E-01    9.88311E-01    9.88357E-01
    5.64250E+02    9.74229E-01    3.58184E-03    1.48586E+03    1.02038E-06    9.44344E-04   -3.58600E-04    9.94125E-01    9.88250E-01    9.88311E-01
    5.70506E+02    9.77863E-01    3.63413E-03    1.50244E+03    1.01258E-06    9.41297E-04   -3.55725E-04    9.94082E-01    9.88161E-01    9.88250E-01
    5.76832E+02    9.81586E-01    3.72375E-03    1.51921E+03    1.01481E-06    9.43575E-04   -3.52806E-04    9.94009E-01    9.88007E-01    9.88161E-01
    5.83229E+02    9.85515E-01    3.92831E-03    1.53616E+03    1.04709E-06    9.62133E-04   -3.48405E-04    9.93848E-01    9.87659E-01    9.88007E-01
    5.89697E+02    9.88070E-01    2.55542E-03    1.57063E+03    6.66210E-07    8.07138E-04   -1.21401E-04    9.95142E-01    9.89892E-01    9.93061E-01
    5.96238E+02    9.91041E-01    2.97062E-03    1.58816E+03    7.57476E-07    8.26000E-04   -2.74226E-04    9.94646E-01    9.89213E-01    9.89892E-01
    6.02853E+02    9.94181E-01    3.14020E-03    1.60588E+03    7.83159E-07    8.32160E-04   -3.01113E-04    9.94490E-01    9.88956E-01    9.89213E-01
    6.09541E+02    9.97405E-01    3.22378E-03    1.62381E+03    7.86376E-07    8.31525E-04   -3.08126E-04    9.94417E-01    9.88824E-01    9.88956E-01
    6.16304E+02    1.00068E+00    3.27357E-03    1.64193E+03    7.81011E-07    8.27734E-04   -3.09624E-04    9.94373E-01    9.88744E-01    9.88824E-01
    6.23143E+02    1.00399E+00    3.30712E-03    1.66025E+03    7.71712E-07    8.22327E-04   -3.09015E-04    9.94344E-01    9.88689E-01    9.88744E-01
    6.30059E+02    1.00732E+00    3.33171E-03    1.67879E+03    7.60399E-07    8.16019E-04   -3.07429E-04    9.94323E-01    9.88648E-01    9.88689E-01
    6.37052E+02    1.01067E+00    3.35086E-03    1.69752E+03    7.47996E-07    8.09179E-04   -3.05329E-04    9.94306E-01    9.88616E-01    9.88648E-01
    6.44124E+02    1.01403E+00    3.36645E-03    1.71647E+03    7.34996E-07    8.02014E-04   -3.02935E-04    9.94293E-01    9.88590E-01    9.88616E-01
    6.51274E+02    1.01741E+00    3.37962E-03    1.73563E+03    7.21686E-07    7.94649E-04   -3.00365E-04    9.94281E-01    9.88568E-01    9.88590E-01
    6.58505E+02    1.02081E+00    3.39104E-03    1.75501E+03    7.08242E-07    7.87163E-04   -2.97686E-04    9.94272E-01    9.88548E-01    9.88568E-01
    6.65817E+02    1.02421E+00    3.40118E-03    1.77460E+03    6.94777E-07    7.79607E-04   -2.94939E-04    9.94263E-01    9.88531E-01    9.88548E-01
    6.73210E+02    1.02762E+00    3.41034E-03    1.79441E+03    6.81366E-07    7.72019E-04   -2.92151E-04    9.94255E-01    9.88515E-01    9.88531E-01
    6.80687E+02    1.03104E+00    3.41875E-03    1.81445E+03    6.68062E-07    7.64424E-04   -2.89341E-04    9.94247E-01    9.88500E-01    9.88515E-01
    6.88247E+02    1.03446E+00    3.42658E-03    1.83471E+03    6.54902E-07    7.56841E-04   -2.86520E-04    9.94240E-01    9.88487E-01    9.88500E-01
    6.95891E+02    1.03790E+00    3.43395E-03    1.85519E+03    6.41910E-07    7.49284E-04   -2.83698E-04    9.94234E-01    9.88474E-01    9.88487E-01
    7.03622E+02    1.04134E+00    3.44095E-03    1.87591E+03    6.29107E-07    7.41763E-04   -2.80880E-04    9.94228E-01    9.88462E-01    9.88474E-01
    7.11439E+02    1.04478E+00    3.44767E-03    1.89685E+03    6.16505E-07    7.34289E-04   -2.78073E-04    9.94222E-01    9.88450E-01    9.88462E-01
    7.19343E+02    1.04824E+00    3.45418E-03    1.91803E+03    6.04115E-07    7.26867E-04   -2.75281E-04    9.94216E-01    9.88439E-01    9.88450E-01
    7.27337E+02    1.05170E+00    3.46053E-03    1.93945E+03    5.91945E-07    7.19504E-04   -2.72505E-04    9.94211E-01    9.88428E-01    9.88439E-01
    7.35419E+02    1.05517E+00    3.46678E-03    1.96111E+03    5.80000E-07    7.12205E-04   -2.69749E-04    9.94205E-01    9.88417E-01    9.88428E-01
    7.43592E+02    1.05864E+00    3.47298E-03    1.98301E+03    5.68286E-07    7.04974E-04   -2.67015E-04    9.94200E-01    9.88406E-01    9.88417E-01
    7.51857E+02    1.06212E+00    3.47917E-03    2.00516E+03    5.56806E-07    6.97817E-04   -2.64305E-04    9.94194E-01    9.88395E-01    9.88406E-01
    7.60214E+02    1.06560E+00    3.48542E-03    2.02755E+03    5.45564E-07    6.90738E-04   -2.61620E-04    9.94189E-01    9.88384E-01    9.88395E-01
    7.68665E+02    1.06910E+00    3.49179E-03    2.05020E+03    5.34563E-07    6.83741E-04   -2.58962E-04    9.94183E-01    9.88373E-01    9.88384E-01
    7.77210E+02    1.07259E+00    3.49833E-03    2.07310E+03    5.23809E-07    6.76833E-04   -2.56333E-04    9.94178E-01    9.88362E-01    9.88373E-01
    7.85852E+02    1.07610E+00    3.50513E-03    2.09625E+03    5.13308E-07    6.70020E-04   -2.53735E-04    9.94172E-01    9.88350E-01    9.88362E-01
    7.94590E+02    1.07961E+00    3.51228E-03    2.11967E+03    5.03065E-07    6.63310E-04   -2.51168E-04    9.94166E-01    9.88337E-01    9.88350E-01
    8.03425E+02    1.08313E+00    3.51992E-03    2.14334E+03    4.93092E-07    6.56713E-04   -2.48636E-04    9.94159E-01    9.88324E-01    9.88337E-01
    8.12360E+02    1.08666E+00    3.52821E-03    2.16728E+03    4.83403E-07    6.50244E-04   -2.46142E-04    9.94152E-01    9.88310E-01    9.88324E-01
    8.21395E+02    1.09020E+00    3.53736E-03    2.19149E+03    4.74017E-07    6.43920E-04   -2.43688E-04    9.94144E-01    9.88294E-01    9.88310E-01
    8.30531E+02    1.09374E+00    3.54769E-03    2.21597E+03    4.64964E-07    6.37769E-04   -2.41279E-04    9.94135E-01    9.88276E-01    9.88294E-01
    8.39770E+02    1.09730E+00    3.55966E-03    2.24073E+03    4.56289E-07    6.31828E-04   -2.38920E-04    9.94125E-01    9.88256E-01    9.88276E-01
    8.49111E+02    1.10088E+00    3.57395E-03    2.26576E+03    4.48063E-07    6.26159E-04   -2.36618E-04    9.94113E-01    9.88231E-01    9.88256E-01
    8.58558E+02    1.10447E+00    3.59168E-03    2.29108E+03    4.40399E-07    6.20857E-04   -2.34384E-04    9.94098E-01    9.88201E-01    9.88231E-01
    8.68110E+02    1.10808E+00    3.61479E-03    2.31667E+03    4.33500E-07    6.16092E-04   -2.32229E-04    9.94079E-01    9.88161E-01    9.88201E-01
    8.77769E+02    1.11173E+00    3.64690E-03    2.34256E+03    4.27748E-07    6.12186E-04   -2.30165E-04    9.94053E-01    9.88107E-01    9.88161E-01
    8.87537E+02    1.11543E+00    3.69588E-03    2.36873E+03    4.23974E-07    6.09839E-04   -2.28187E-04    9.94013E-01    9.88023E-01    9.88107E-01
    8.97414E+02    1.11921E+00    3.78239E-03    2.39519E+03    4.24368E-07    6.10907E-04   -2.26187E-04    9.93943E-01    9.87876E-01    9.88023E-01
    9.07401E+02    1.12319E+00    3.98423E-03    2.42196E+03    4.37198E-07    6.22381E-04   -2.23249E-04    9.93784E-01    9.87534E-01    9.87876E-01
    9.17501E+02    1.12579E+00    2.59451E-03    2.47639E+03    2.78448E-07    5.22011E-04   -7.71556E-05    9.95089E-01    9.89788E-01    9.93001E-01
    9.27713E+02    1.12880E+00    3.01132E-03    2.50406E+03    3.16083E-07    5.34096E-04   -1.75568E-04    9.94592E-01    9.89107E-01    9.89788E-01
    9.38040E+02    1.13198E+00    3.17915E-03    2.53204E+03    3.26371E-07    5.37816E-04   -1.92679E-04    9.94439E-01    9.88854E-01    9.89107E-01
    9.48482E+02    1.13524E+00    3.26015E-03    2.56033E+03    3.27336E-07    5.37129E-04   -1.97048E-04    9.94368E-01    9.88728E-01    9.88854E-01
    9.59042E+02    1.13855E+00    3.30708E-03    2.58895E+03    3.24754E-07    5.34408E-04   -1.97896E-04    9.94327E-01    9.88653E-01    9.88728E-01
    9.69719E+02    1.14188E+00    3.33764E-03    2.61788E+03    3.20556E-07    5.30649E-04   -1.97402E-04    9.94301E-01    9.88603E-01    9.88653E-01
    9.80517E+02    1.14524E+00    3.35916E-03    2.64714E+03    3.15536E-07    5.26314E-04   -1.96288E-04    9.94282E-01    9.88568E-01    9.88603E-01
    9.91435E+02    1.14862E+00    3.37517E-03    2.67672E+03    3.10076E-07    5.21641E-04   -1.94848E-04    9.94269E-01    9.88542E-01    9.88568E-01
    1.00248E+03    1.15201E+00    3.38758E-03    2.70664E+03    3.04379E-07    5.16763E-04   -1.93224E-04    9.94258E-01    9.88521E-01    9.88542E-01
    1.01364E+03    1.15540E+00    3.39751E-03    2.73689E+03    2.98565E-07    5.11759E-04   -1.91488E-04    9.94249E-01    9.88504E-01    9.88521E-01
    1.02493E+03    1.15881E+00    3.40564E-03    2.76748E+03    2.92705E-07    5.06680E-04   -1.89685E-04    9.94242E-01    9.88490E-01    9.88504E-01
    1.03634E+03    1.16222E+00    3.41243E-03    2.79841E+03    2.86845E-07    5.01559E-04   -1.87840E-04    9.94236E-01    9.88479E-01    9.88490E-01
    1.04789E+03    1.16564E+00    3.41818E-03    2.82969E+03    2.81016E-07    4.96418E-04   -1.85970E-04    9.94231E-01    9.88469E-01    9.88479E-01
    1.05956E+03    1.16906E+00    3.42312E-03    2.86132E+03    2.75239E-07    4.91275E-04   -1.84087E-04    9.94227E-01    9.88461E-01    9.88469E-01
    1.07136E+03    1.17249E+00    3.42739E-03    2.89330E+03    2.69527E-07    4.86139E-04   -1.82197E-04    9.94223E-01    9.88453E-01    9.88461E-01
    1.08330E+03    1.17592E+00    3.43111E-03    2.92564E+03    2.63892E-07    4.81021E-04   -1.80307E-04    9.94220E-01    9.88447E-01    9.88453E-01
    1.09537E+03    1.17936E+00    3.43437E-03    2.95834E+03    2.58339E-07    4.75925E-04   -1.78421E-04    9.94217E-01    9.88441E-01    9.88447E-01
    1.10757E+03    1.18279E+00    3.43724E-03    2.99141E+03    2.52874E-07    4.70858E-04   -1.76541E-04    9.94214E-01    9.88436E-01    9.88441E-01
    1.11992E+03    1.18623E+00    3.43978E-03    3.02485E+03    2.47499E-07    4.65821E-04   -1.74670E-04    9.94212E-01    9.88431E-01    9.88436E-01
    1.13239E+03    1.18967E+00    3.44201E-03    3.05867E+03    2.42218E-07    4.60820E-04   -1.72809E-04    9.94210E-01    9.88427E-01    9.88431E-01
    1.14501E+03    1.19312E+00    3.44398E-03    3.09286E+03    2.37031E-07    4.55854E-04   -1.70960E-04    9.94208E-01    9.88424E-01    9.88427E-01
    1.15777E+03    1.19656E+00    3.44571E-03    3.12744E+03    2.31938E-07    4.50927E-04   -1.69124E-04    9.94207E-01    9.88420E-01    9.88424E-01
    1.17068E+03    1.20001E+00    3.44723E-03    3.16240E+03    2.26941E-07    4.46040E-04   -1.67302E-04    9.94205E-01    9.88418E-01    9.88420E-01
    1.18373E+03    1.20346E+00    3.44855E-03    3.19776E+03    2.22039E-07    4.41193E-04   -1.65493E-04    9.94204E-01    9.88415E-01    9.88418E-01
    1.19692E+03    1.20691E+00    3.44969E-03    3.23351E+03    2.17231E-07    4.36387E-04   -1.63699E-04    9.94203E-01    9.88413E-01    9.88415E-01
    1.21026E+03    1.21036E+00    3.45066E-03    3.26966E+03    2.12516E-07    4.31623E-04   -1.61920E-04    9.94202E-01    9.88411E-01    9.88413E-01
    1.22375E+03    1.21381E+00    3.45147E-03    3.30622E+03    2.07894E-07    4.26901E-04   -1.60156E-04    9.94201E-01    9.88409E-01    9.88411E-01
    1.23740E+03    1.21726E+00    3.45214E-03    3.34318E+03    2.03364E-07    4.22222E-04   -1.58407E-04    9.94200E-01    9.88408E-01    9.88409E-01
    1.25119E+03    1.22072E+00    3.45266E-03    3.38056E+03    1.98925E-07    4.17586E-04   -1.56674E-04    9.94200E-01    9.88407E-01    9.88408E-01
    1.26514E+03    1.22417E+00    3.45305E-03    3.41836E+03    1.94574E-07    4.12992E-04   -1.54957E-04    9.94199E-01    9.88406E-01    9.88407E-01
    1.27925E+03    1.22762E+00    3.45331E-03    3.45658E+03    1.90312E-07    4.08441E-04   -1.53255E-04    9.94199E-01    9.88405E-01    9.88406E-01
    1.29351E+03    1.23108E+00    3.45345E-03    3.49523E+03    1.86136E-07    4.03934E-04   -1.51569E-04    9.94199E-01    9.88405E-01    9.88405E-01
    1.30793E+03    1.23453E+00    3.45346E-03    3.53432E+03    1.82045E-07    3.99469E-04   -1.49899E-04    9.94198E-01    9.88405E-01    9.88405E-01
    1.32252E+03    1.23798E+00    3.45336E-03    3.57384E+03    1.78038E-07    3.95046E-04   -1.48245E-04    9.94198E-01    9.88404E-01    9.88405E-01
    1.33727E+03    1.24144E+00    3.45315E-03    3.61380E+03    1.74114E-07    3.90666E-04   -1.46606E-04    9.94198E-01    9.88405E-01    9.88404E-01
    1.35218E+03    1.24489E+00    3.45283E-03    3.65421E+03    1.70270E-07    3.86329E-04   -1.44983E-04    9.94199E-01    9.88405E-01    9.88405E-01
    1.36726E+03    1.24834E+00    3.45241E-03    3.69508E+03    1.66507E-07    3.82034E-04   -1.43376E-04    9.94199E-01    9.88405E-01    9.88405E-01
    1.38251E+03    1.25179E+00    3.45188E-03    3.73640E+03    1.62821E-07    3.77781E-04   -1.41784E-04    9.94199E-01    9.88406E-01    9.88405E-01
    1.39793E+03    1.25524E+00    3.45124E-03    3.77818E+03    1.59212E-07    3.73569E-04   -1.40207E-04    9.94199E-01    9.88407E-01    9.88406E-01
    1.41353E+03    1.25870E+00    3.45051E-03    3.82043E+03    1.55679E-07    3.69400E-04   -1.38647E-04    9.94200E-01    9.88408E-01    9.88407E-01
    1.42930E+03    1.26214E+00    3.44968E-03    3.86316E+03    1.52220E-07    3.65271E-04   -1.37101E-04    9.94201E-01    9.88409E-01    9.88408E-01
    1.44524E+03    1.26559E+00    3.44876E-03    3.90636E+03    1.48833E-07    3.61184E-04   -1.35571E-04    9.94201E-01    9.88410E-01    9.88409E-01
    1.46136E+03    1.26904E+00    3.44774E-03    3.95005E+03    1.45518E-07    3.57137E-04   -1.34055E-04    9.94202E-01    9.88412E-01    9.88410E-01
    1.47767E+03    1.27249E+00    3.44663E-03    3.99423E+03    1.42272E-07    3.53131E-04   -1.32555E-04    9.94203E-01    9.88413E-01    9.88412E-01
    1.49415E+03    1.27593E+00    3.44544E-03    4.03890E+03    1.39096E-07    3.49165E-04   -1.31070E-04    9.94204E-01    9.88415E-01    9.88413E-01
    1.51082E+03    1.27938E+00    3.44415E-03    4.08407E+03    1.35987E-07    3.45240E-04   -1.29600E-04    9.94205E-01    9.88417E-01    9.88415E-01
    1.52768E+03    1.28282E+00    3.44279E-03    4.12975E+03    1.32944E-07    3.41354E-04   -1.28144E-04    9.94206E-01    9.88419E-01    9.88417E-01
    1.54473E+03    1.28626E+00    3.44134E-03    4.17594E+03    1.29966E-07    3.37509E-04   -1.26704E-04    9.94207E-01    9.88421E-01    9.88419E-01
    1.56197E+03    1.28970E+00    3.43982E-03    4.22265E+03    1.27052E-07    3.33703E-04   -1.25278E-04    9.94208E-01    9.88424E-01    9.88421E-01
    1.57940E+03    1.29314E+00    3.43822E-03    4.26988E+03    1.24200E-07    3.29936E-04   -1.23866E-04    9.94209E-01    9.88426E-01    9.88424E-01
    1.59702E+03    1.29658E+00    3.43656E-03    4.31764E+03    1.21411E-07    3.26208E-04   -1.22469E-04    9.94210E-01    9.88429E-01    9.88426E-01
    1.61484E+03    1.30001E+00    3.43484E-03    4.36593E+03    1.18681E-07    3.22520E-04   -1.21087E-04    9.94212E-01    9.88431E-01    9.88429E-01
    1.63287E+03    1.30344E+00    3.43307E-03    4.41476E+03    1.16011E-07    3.18871E-04   -1.19719E-04    9.94213E-01    9.88434E-01    9.88431E-01
    1.65109E+03    1.30688E+00    3.43125E-03    4.46415E+03    1.13400E-07    3.15261E-04   -1.18365E-04    9.94214E-01    9.88437E-01    9.88434E-01
    1.66952E+03    1.31030E+00    3.42939E-03    4.51408E+03    1.10846E-07    3.11690E-04   -1.17026E-04    9.94216E-01    9.88440E-01    9.88437E-01
    1.68816E+03    1.31373E+00    3.42751E-03    4.56458E+03    1.08349E-07    3.08159E-04   -1.15701E-04    9.94217E-01    9.88443E-01    9.88440E-01
    1.70700E+03    1.31716E+00    3.42562E-03    4.61564E+03    1.05907E-07    3.04668E-04   -1.14390E-04    9.94219E-01    9.88446E-01    9.88443E-01
    1.72605E+03    1.32058E+00    3.42374E-03    4.66727E+03    1.03521E-07    3.01216E-04   -1.13094E-04    9.94220E-01    9.88449E-01    9.88446E-01
    1.74532E+03    1.32400E+00    3.42190E-03    4.71948E+03    1.01190E-07    2.97806E-04   -1.11812E-04    9.94222E-01    9.88452E-01    9.88449E-01
    1.76481E+03    1.32742E+00    3.42012E-03    4.77227E+03    9.89130E-08    2.94436E-04   -1.10545E-04    9.94223E-01    9.88454E-01    9.88452E-01
    1.78451E+03    1.33084E+00    3.41843E-03    4.82566E+03    9.66898E-08    2.91110E-04   -1.09293E-04    9.94225E-01    9.88457E-01    9.88454E-01
    1.80443E+03    1.33426E+00    3.41690E-03    4.87964E+03    9.45206E-08    2.87827E-04   -1.08056E-04    9.94226E-01    9.88459E-01    9.88457E-01
    1.82458E+03    1.33767E+00    3.41556E-03    4.93423E+03    9.24054E-08    2.84591E-04   -1.06834E-04    9.94227E-01    9.88461E-01    9.88459E-01
    1.84495E+03    1.34109E+00    3.41450E-03    4.98943E+03    9.03450E-08    2.81403E-04   -1.05629E-04    9.94228E-01    9.88463E-01    9.88461E-01
    1.86555E+03    1.34450E+00    3.41383E-03    5.04525E+03    8.83405E-08    2.78268E-04   -1.04440E-04    9.94228E-01    9.88464E-01    9.88463E-01
    1.88638E+03    1.34792E+00    3.41369E-03    5.10169E+03    8.63936E-08    2.75190E-04   -1.03268E-04    9.94228E-01    9.88464E-01    9.88464E-01
    1.90744E+03    1.35133E+00    3.41427E-03    5.15877E+03    8.45075E-08    2.72176E-04   -1.02115E-04    9.94227E-01    9.88462E-01    9.88464E-01
    1.92874E+03    1.35475E+00    3.41584E-03    5.21648E+03    8.26867E-08    2.69238E-04   -1.00982E-04    9.94226E-01    9.88459E-01    9.88462E-01
    1.95028E+03    1.35817E+00    3.41883E-03    5.27484E+03    8.09385E-08    2.66391E-04   -9.98715E-05    9.94223E-01    9.88454E-01    9.88459E-01
    1.97206E+03    1.36159E+00    3.42385E-03    5.33386E+03    7.92745E-08    2.63659E-04   -9.87858E-05    9.94219E-01    9.88445E-01    9.88454E-01
    1.99408E+03    1.36502E+00    3.43195E-03    5.39353E+03    7.77140E-08    2.61081E-04   -9.77288E-05    9.94212E-01    9.88430E-01    9.88445E-01
    2.01635E+03    1.36847E+00    3.44490E-03    5.45388E+03    7.62910E-08    2.58726E-04   -9.67051E-05    9.94201E-01    9.88407E-01    9.88430E-01
    2.03887E+03    1.37193E+00    3.46606E-03    5.51490E+03    7.50711E-08    2.56727E-04   -9.57195E-05    9.94183E-01    9.88370E-01    9.88407E-01
    2.06165E+03    1.37543E+00    3.50271E-03    5.57660E+03    7.41960E-08    2.55372E-04   -9.47700E-05    9.94153E-01    9.88305E-01    9.88370E-01
    2.08467E+03    1.37901E+00    3.57401E-03    5.63899E+03    7.40408E-08    2.55422E-04   -9.38113E-05    9.94093E-01    9.88179E-01    9.88305E-01
    2.10796E+03    1.38276E+00    3.75213E-03    5.70209E+03    7.60207E-08    2.59750E-04   -9.24692E-05    9.93949E-01    9.87867E-01    9.88179E-01
    2.13150E+03    1.38520E+00    2.43644E-03    5.83040E+03    4.82779E-08    2.17427E-04   -3.16735E-05    9.95224E-01    9.90076E-01    9.93204E-01
    2.15531E+03    1.38802E+00    2.81874E-03    5.89564E+03    5.46244E-08    2.22201E-04   -7.24631E-05    9.94751E-01    9.89431E-01    9.90076E-01
    2.17939E+03    1.39098E+00    2.96641E-03    5.96160E+03    5.62213E-08    2.23418E-04   -7.94073E-05    9.94612E-01    9.89203E-01    9.89431E-01
    2.20373E+03    1.39402E+00    3.03251E-03    6.02831E+03    5.62096E-08    2.22790E-04   -8.10817E-05    9.94551E-01    9.89097E-01    9.89203E-01
    2.22835E+03    1.39708E+00    3.06653E-03    6.09576E+03    5.55897E-08    2.21313E-04   -8.13044E-05    9.94521E-01    9.89042E-01    9.89097E-01
    2.25325E+03    1.40017E+00    3.08503E-03    6.16397E+03    5.46946E-08    2.19403E-04   -8.09753E-05    9.94504E-01    9.89012E-01    9.89042E-01
    2.27842E+03    1.40326E+00    3.09486E-03    6.23295E+03    5.36616E-08    2.17253E-04   -8.03911E-05    9.94495E-01    9.88996E-01    9.89012E-01
    2.30387E+03    1.40636E+00    3.09931E-03    6.30269E+03    5.25565E-08    2.14962E-04   -7.96730E-05    9.94491E-01    9.88989E-01    9.88996E-01
    2.32961E+03    1.40946E+00    3.10017E-03    6.37322E+03    5.14143E-08    2.12585E-04   -7.88788E-05    9.94490E-01    9.88988E-01    9.88989E-01
    2.35564E+03    1.41256E+00    3.09845E-03    6.44453E+03    5.02552E-08    2.10155E-04   -7.80390E-05    9.94492E-01    9.88992E-01    9.88988E-01
    2.38196E+03    1.41565E+00    3.09480E-03    6.51665E+03    4.90915E-08    2.07692E-04   -7.71710E-05    9.94495E-01    9.88998E-01    9.88992E-01
    2.40858E+03    1.41874E+00    3.08963E-03    6.58957E+03    4.79311E-08    2.05211E-04   -7.62856E-05    9.94500E-01    9.89008E-01    9.88998E-01
    2.43549E+03    1.42183E+00    3.08322E-03    6.66331E+03    4.67792E-08    2.02720E-04   -7.53896E-05    9.94505E-01    9.89019E-01    9.89008E-01
    2.46270E+03    1.42490E+00    3.07575E-03    6.73788E+03    4.56391E-08    2.00227E-04   -7.44874E-05    9.94512E-01    9.89033E-01    9.89019E-01
    2.49022E+03    1.42797E+00    3.06737E-03    6.81328E+03    4.45132E-08    1.97734E-04   -7.35823E-05    9.94519E-01    9.89048E-01    9.89033E-01
    2.51805E+03    1.43103E+00    3.05818E-03    6.88952E+03    4.34032E-08    1.95247E-04   -7.26764E-05    9.94527E-01    9.89064E-01    9.89048E-01
    2.54619E+03    1.43408E+00    3.04823E-03    6.96662E+03    4.23101E-08    1.92767E-04   -7.17713E-05    9.94536E-01    9.89082E-01    9.89064E-01
    2.57464E+03    1.43711E+00    3.03759E-03    7.04459E+03    4.12346E-08    1.90295E-04   -7.08680E-05    9.94546E-01    9.89101E-01    9.89082E-01
    2.60341E+03    1.44014E+00    3.02628E-03    7.12342E+03    4.01771E-08    1.87834E-04   -6.99675E-05    9.94556E-01    9.89121E-01    9.89101E-01
    2.63251E+03    1.44315E+00    3.01435E-03    7.20314E+03    3.91380E-08    1.85384E-04   -6.90704E-05    9.94567E-01    9.89143E-01    9.89121E-01
    2.66193E+03    1.44616E+00    3.00179E-03    7.28375E+03    3.81173E-08    1.82946E-04   -6.81770E-05    9.94578E-01    9.89165E-01    9.89143E-01
    2.69168E+03    1.44915E+00    2.98863E-03    7.36527E+03    3.71150E-08    1.80520E-04   -6.72877E-05    9.94590E-01    9.89189E-01    9.89165E-01
    2.72176E+03    1.45212E+00    2.97487E-03    7.44769E+03    3.61311E-08    1.78106E-04   -6.64027E-05    9.94602E-01    9.89214E-01    9.89189E-01
    2.75218E+03    1.45508E+00    2.96051E-03    7.53104E+03    3.51655E-08    1.75705E-04   -6.55222E-05    9.94615E-01    9.89240E-01    9.89214E-01
    2.78294E+03    1.45803E+00    2.94556E-03    7.61533E+03    3.42179E-08    1.73317E-04   -6.46462E-05    9.94629E-01    9.89267E-01    9.89240E-01
    2.81405E+03    1.46096E+00    2.93000E-03    7.70056E+03    3.32880E-08    1.70941E-04   -6.37749E-05    9.94643E-01    9.89296E-01    9.89267E-01
    2.84550E+03    1.46387E+00    2.91382E-03    7.78674E+03    3.23758E-08    1.68577E-04   -6.29081E-05    9.94657E-01    9.89326E-01    9.89296E-01
    2.87731E+03    1.46677E+00    2.89703E-03    7.87389E+03    3.14808E-08    1.66226E-04   -6.20459E-05    9.94673E-01    9.89356E-01    9.89326E-01
    2.90947E+03    1.46965E+00    2.87961E-03    7.96201E+03    3.06028E-08    1.63887E-04   -6.11882E-05    9.94689E-01    9.89388E-01    9.89356E-01
    2.94199E+03    1.47251E+00    2.86154E-03    8.05112E+03    2.97415E-08    1.61559E-04   -6.03349E-05    9.94705E-01    9.89422E-01    9.89388E-01
    2.97488E+03    1.47535E+00    2.84281E-03    8.14123E+03    2.88965E-08    1.59242E-04   -5.94859E-05    9.94723E-01    9.89457E-01    9.89422E-01
    3.00813E+03    1.47817E+00    2.82340E-03    8.23235E+03    2.80676E-08    1.56936E-04   -5.86412E-05    9.94741E-01    9.89493E-01    9.89457E-01
    3.04176E+03    1.48098E+00    2.80330E-03    8.32449E+03    2.72545E-08    1.54640E-04   -5.78005E-05    9.94759E-01    9.89530E-01    9.89493E-01
    3.07577E+03    1.48376E+00    2.78249E-03    8.41766E+03    2.64567E-08    1.52354E-04   -5.69637E-05    9.94779E-01    9.89569E-01    9.89530E-01
    3.11015E+03    1.48652E+00    2.76094E-03    8.51187E+03    2.56741E-08    1.50078E-04   -5.61307E-05    9.94799E-01    9.89610E-01    9.89569E-01
    3.14492E+03    1.48926E+00    2.73863E-03    8.60714E+03    2.49061E-08    1.47810E-04   -5.53013E-05    9.94820E-01    9.89652E-01    9.89610E-01
    3.18008E+03    1.49198E+00    2.71555E-03    8.70348E+03    2.41526E-08    1.45551E-04   -5.44753E-05    9.94842E-01    9.89696E-01    9.89652E-01
    3.21563E+03    1.49467E+00    2.69166E-03    8.80089E+03    2.34132E-08    1.43299E-04   -5.36525E-05    9.94865E-01    9.89741E-01    9.89696E-01
    3.25159E+03    1.49733E+00    2.66694E-03    8.89940E+03    2.26876E-08    1.41054E-04   -5.28327E-05    9.94888E-01    9.89789E-01    9.89741E-01
    3.28794E+03    1.49998E+00    2.64136E-03    8.99901E+03    2.19754E-08    1.38816E-04   -5.20157E-05    9.94913E-01    9.89838E-01    9.89789E-01
    3.32470E+03    1.50259E+00    2.61490E-03    9.09974E+03    2.12764E-08    1.36583E-04   -5.12012E-05    9.94938E-01    9.89889E-01    9.89838E-01
    3.36187E+03    1.50518E+00    2.58752E-03    9.20159E+03    2.05902E-08    1.34355E-04   -5.03890E-05    9.94965E-01    9.89943E-01    9.89889E-01
    3.39946E+03    1.50774E+00    2.55919E-03    9.30458E+03    1.99166E-08    1.32131E-04   -4.95789E-05    9.94992E-01    9.89998E-01    9.89943E-01
    3.43747E+03    1.51027E+00    2.52988E-03    9.40873E+03    1.92551E-08    1.29910E-04   -4.87705E-05    9.95021E-01    9.90056E-01    9.89998E-01
    3.47591E+03    1.51277E+00    2.49956E-03    9.51405E+03    1.86056E-08    1.27691E-04   -4.79636E-05    9.95051E-01    9.90116E-01    9.90056E-01
    3.51478E+03    1.51523E+00    2.46819E-03    9.62054E+03    1.79677E-08    1.25474E-04   -4.71580E-05    9.95082E-01    9.90178E-01    9.90116E-01
    3.55408E+03    1.51767E+00    2.43573E-03    9.72823E+03    1.73411E-08    1.23258E-04   -4.63531E-05    9.95114E-01    9.90243E-01    9.90178E-01
    3.59382E+03    1.52007E+00    2.40215E-03    9.83712E+03    1.67256E-08    1.21041E-04   -4.55489E-05    9.95148E-01    9.90311E-01    9.90243E-01
    3.63401E+03    1.52244E+00    2.36742E-03    9.94723E+03    1.61209E-08    1.18822E-04   -4.47448E-05    9.95183E-01    9.90382E-01    9.90311E-01
    3.67464E+03    1.52477E+00    2.33148E-03    1.00586E+04    1.55267E-08    1.16602E-04   -4.39407E-05    9.95220E-01    9.90455E-01    9.90382E-01
    3.71574E+03    1.52707E+00    2.29430E-03    1.01712E+04    1.49428E-08    1.14377E-04   -4.31360E-05    9.95258E-01    9.90532E-01    9.90455E-01
    3.75729E+03    1.52932E+00    2.25583E-03    1.02850E+04    1.43688E-08    1.12147E-04   -4.23303E-05    9.95298E-01    9.90612E-01    9.90532E-01
    3.79931E+03    1.53154E+00    2.21604E-03    1.04002E+04    1.38047E-08    1.09911E-04   -4.15234E-05    9.95340E-01    9.90696E-01    9.90612E-01
    3.84180E+03    1.53371E+00    2.17488E-03    1.05166E+04    1.32500E-08    1.07668E-04   -4.07147E-05    9.95383E-01    9.90783E-01    9.90696E-01
    3.88476E+03    1.53584E+00    2.13230E-03    1.06343E+04    1.27046E-08    1.05415E-04   -3.99037E-05    9.95429E-01    9.90874E-01    9.90783E-01
    3.92821E+03    1.53793E+00    2.08827E-03    1.07533E+04    1.21684E-08    1.03152E-04   -3.90901E-05    9.95476E-01    9.90970E-01    9.90874E-01
    3.97214E+03    1.53998E+00    2.04272E-03    1.08737E+04    1.16410E-08    1.00877E-04   -3.82732E-05    9.95526E-01    9.91069E-01    9.90970E-01
    4.01656E+03    1.54197E+00    1.99563E-03    1.09954E+04    1.11222E-08    9.85877E-05   -3.74525E-05    9.95577E-01    9.91173E-01    9.91069E-01
    4.06149E+03    1.54392E+00    1.94693E-03    1.11185E+04    1.06120E-08    9.62829E-05   -3.66274E-05    9.95632E-01    9.91282E-01    9.91173E-01
    4.10691E+03    1.54581E+00    1.89660E-03    1.12430E+04    1.01100E-08    9.39605E-05   -3.57974E-05    9.95689E-01    9.91397E-01    9.91282E-01
    4.15284E+03    1.54766E+00    1.84457E-03    1.13688E+04    9.61625E-09    9.16184E-05   -3.49617E-05    9.95748E-01    9.91516E-01    9.91397E-01
    4.19929E+03    1.54945E+00    1.79082E-03    1.14961E+04    9.13049E-09    8.92543E-05   -3.41197E-05    9.95810E-01    9.91642E-01    9.91516E-01
    4.24626E+03    1.55119E+00    1.73529E-03    1.16248E+04    8.65262E-09    8.68659E-05   -3.32706E-05    9.95876E-01    9.91773E-01    9.91642E-01
    4.29376E+03    1.55286E+00    1.67796E-03    1.17549E+04    8.18254E-09    8.44506E-05   -3.24135E-05    9.95945E-01    9.91911E-01    9.91773E-01
    4.34178E+03    1.55448E+00    1.61878E-03    1.18865E+04    7.72016E-09    8.20055E-05   -3.15478E-05    9.96017E-01    9.92056E-01    9.91911E-01
    4.39035E+03    1.55604E+00    1.55772E-03    1.20196E+04    7.26542E-09    7.95275E-05   -3.06723E-05    9.96093E-01    9.92209E-01    9.92056E-01
    4.43946E+03    1.55753E+00    1.49476E-03    1.21541E+04    6.81829E-09    7.70134E-05   -2.97862E-05    9.96172E-01    9.92369E-01    9.92209E-01
    4.48911E+03    1.55896E+00    1.42988E-03    1.22902E+04    6.37875E-09    7.44595E-05   -2.88882E-05    9.96256E-01    9.92538E-01    9.92369E-01
    4.53933E+03    1.56033E+00    1.36307E-03    1.24278E+04    5.94683E-09    7.18617E-05   -2.79773E-05    9.96345E-01    9.92716E-01    9.92538E-01
    4.59011E+03    1.56162E+00    1.29433E-03    1.25669E+04    5.52260E-09    6.92155E-05   -2.70521E-05    9.96438E-01    9.92904E-01    9.92716E-01
    4.64145E+03    1.56285E+00    1.22366E-03    1.27076E+04    5.10615E-09    6.65158E-05   -2.61111E-05    9.96537E-01    9.93103E-01    9.92904E-01
    4.69337E+03    1.56400E+00    1.15111E-03    1.28499E+04    4.69763E-09    6.37571E-05   -2.51528E-05    9.96641E-01    9.93313E-01    9.93103E-01
    4.74587E+03    1.56507E+00    1.07670E-03    1.29937E+04    4.29723E-09    6.09326E-05   -2.41753E-05    9.96752E-01    9.93535E-01    9.93313E-01
    4.79896E+03    1.56607E+00    1.00051E-03    1.31392E+04    3.90523E-09    5.80351E-05   -2.31767E-05    9.96869E-01    9.93771E-01    9.93535E-01
    4.85265E+03    1.56700E+00    9.22627E-04    1.32863E+04    3.52196E-09    5.50556E-05   -2.21548E-05    9.96994E-01    9.94021E-01    9.93771E-01
    4.90693E+03    1.56784E+00    8.43181E-04    1.34350E+04    3.14782E-09    5.19839E-05   -2.11067E-05    9.97126E-01    9.94288E-01    9.94021E-01
    4.96183E+03    1.56860E+00    7.62337E-04    1.35854E+04    2.78335E-09    4.88074E-05   -2.00297E-05    9.97268E-01    9.94574E-01    9.94288E-01
    5.01734E+03    1.56928E+00    6.80312E-04    1.37375E+04    2.42918E-09    4.55106E-05   -1.89201E-05    9.97419E-01    9.94879E-01    9.94574E-01
    5.07347E+03    1.56988E+00    5.97387E-04    1.38913E+04    2.08612E-09    4.20739E-05   -1.77737E-05    9.97582E-01    9.95207E-01    9.94879E-01
    5.13023E+03    1.57039E+00    5.13930E-04    1.40468E+04    1.75517E-09    3.84719E-05   -1.65855E-05    9.97758E-01    9.95562E-01    9.95207E-01
    5.18762E+03    1.57082E+00    4.30424E-04    1.42041E+04    1.43761E-09    3.46701E-05   -1.53493E-05    9.97950E-01    9.95949E-01    9.95562E-01
    5.24566E+03    1.57117E+00    3.47515E-04    1.43631E+04    1.13514E-09    3.06191E-05   -1.40575E-05    9.98159E-01    9.96372E-01    9.95949E-01
    5.30435E+03    1.57144E+00    2.66099E-04    1.45239E+04    8.50063E-10    2.62440E-05   -1.27009E-05    9.98392E-01    9.96843E-01    9.96372E-01
    5.36369E+03    1.57163E+00    1.87498E-04    1.46865E+04    5.85781E-10    2.14194E-05   -1.12689E-05    9.98655E-01    9.97377E-01    9.96843E-01
    5.42370E+03    1.57174E+00    1.13892E-04    1.48510E+04    3.47986E-10    1.59009E-05   -9.75433E-06    9.98963E-01    9.98004E-01    9.97377E-01
    5.48439E+03    1.57179E+00    4.99101E-05    1.50172E+04    1.49138E-10    9.05950E-06   -8.18925E-06    9.99350E-01    9.98797E-01    9.98004E-01
    5.54575E+03    1.57185E+00    5.67994E-05    1.50172E+04    1.65987E-10    7.83562E-06   -1.02270E-05    9.98797E-01    9.98314E-01    9.97116E-01
    5.60780E+03    1.57192E+00    6.97276E-05    1.50172E+04    1.99282E-10    6.93000E-06   -1.22987E-05    9.98314E-01    9.97882E-01    9.96292E-01
    5.67054E+03    1.57200E+00    8.75280E-05    1.50172E+04    2.44647E-10    6.23859E-06   -1.43432E-05    9.97882E-01    9.97488E-01    9.95523E-01
    5.73399E+03    1.57211E+00    1.09437E-04    1.50172E+04    2.99151E-10    5.69503E-06   -1.63315E-05    9.97488E-01    9.97125E-01    9.94803E-01
    5.79814E+03    1.57225E+00    1.34943E-04    1.50172E+04    3.60750E-10    5.25620E-06   -1.82516E-05    9.97125E-01    9.96786E-01    9.94124E-01
    5.86302E+03    1.57241E+00    1.63700E-04    1.50172E+04    4.27990E-10    4.89351E-06   -2.01008E-05    9.96786E-01    9.96466E-01    9.93480E-01
    5.92862E+03    1.57261E+00    1.95477E-04    1.50172E+04    4.99817E-10    4.58761E-06   -2.18808E-05    9.96466E-01    9.96164E-01    9.92869E-01
    5.99496E+03    1.57284E+00    2.30124E-04    1.50172E+04    5.75450E-10    4.32510E-06   -2.35954E-05    9.96164E-01    9.95875E-01    9.92284E-01
    6.06204E+03    1.57310E+00    2.67550E-04    1.50172E+04    6.54308E-10    4.09651E-06   -2.52493E-05    9.95875E-01    9.95599E-01    9.91723E-01
    6.12987E+03    1.57341E+00    3.07707E-04    1.50172E+04    7.35943E-10    3.89497E-06   -2.68472E-05    9.95599E-01    9.95333E-01    9.91184E-01
    6.19846E+03    1.57376E+00    3.50575E-04    1.50172E+04    8.20009E-10    3.71544E-06   -2.83937E-05    9.95333E-01    9.95077E-01    9.90664E-01
    6.26782E+03    1.57416E+00    3.96163E-04    1.50172E+04    9.06236E-10    3.55410E-06   -2.98932E-05    9.95077E-01    9.94829E-01    9.90162E-01
    6.33796E+03    1.57460E+00    4.44494E-04    1.50172E+04    9.94406E-10    3.40803E-06   -3.13495E-05    9.94829E-01    9.94589E-01    9.89674E-01
    6.40888E+03    1.57510E+00    4.95609E-04    1.50172E+04    1.08434E-09    3.27495E-06   -3.27661E-05    9.94589E-01    9.94355E-01    9.89201E-01
    6.48059E+03    1.57565E+00    5.49560E-04    1.50172E+04    1.17591E-09    3.15306E-06   -3.41462E-05    9.94355E-01    9.94128E-01    9.88741E-01
    6.55311E+03    1.57625E+00    6.06411E-04    1.50172E+04    1.26898E-09    3.04092E-06   -3.54927E-05    9.94128E-01    9.93906E-01    9.88292E-01
    6.62644E+03    1.57692E+00    6.66235E-04    1.50172E+04    1.36347E-09    2.93734E-06   -3.68082E-05    9.93906E-01    9.93689E-01    9.87854E-01
    6.70060E+03    1.57765E+00    7.29114E-04    1.50172E+04    1.45930E-09    2.84136E-06   -3.80950E-05    9.93689E-01    9.93477E-01    9.87426E-01
    6.77558E+03    1.57845E+00    7.95140E-04    1.50172E+04    1.55640E-09    2.75217E-06   -3.93552E-05    9.93477E-01    9.93270E-01    9.87006E-01
    6.85140E+03    1.57931E+00    8.64411E-04    1.50172E+04    1.65474E-09    2.66910E-06   -4.05908E-05    9.93270E-01    9.93066E-01    9.86596E-01
    6.92807E+03    1.58025E+00    9.37034E-04    1.50172E+04    1.75426E-09    2.59158E-06   -4.18036E-05    9.93066E-01    9.92867E-01    9.86193E-01
    7.00560E+03    1.58126E+00    1.01312E-03    1.50172E+04    1.85494E-09    2.51914E-06   -4.29953E-05    9.92867E-01    9.92670E-01    9.85797E-01
    7.08400E+03    1.58235E+00    1.09281E-03    1.50172E+04    1.95678E-09    2.45135E-06   -4.41675E-05    9.92670E-01    9.92477E-01    9.85408E-01
    7.16328E+03    1.58353E+00    1.17621E-03    1.50172E+04    2.05974E-09    2.38787E-06   -4.53215E-05    9.92477E-01    9.92287E-01    9.85025E-01
    7.24345E+03    1.58479E+00    1.26348E-03    1.50172E+04    2.16385E-09    2.32839E-06   -4.64589E-05    9.92287E-01    9.92099E-01    9.84648E-01
    7.32451E+03    1.58615E+00    1.35477E-03    1.50172E+04    2.26910E-09    2.27265E-06   -4.75808E-05    9.92099E-01    9.91914E-01    9.84275E-01
    7.40648E+03    1.58760E+00    1.45024E-03    1.50172E+04    2.37550E-09    2.22041E-06   -4.86885E-05    9.91914E-01    9.91731E-01    9.83908E-01
    7.48937E+03    1.58915E+00    1.55006E-03    1.50172E+04    2.48309E-09    2.17149E-06   -4.97833E-05    9.91731E-01    9.91550E-01    9.83545E-01
    7.57319E+03    1.59080E+00    1.65441E-03    1.50172E+04    2.59190E-09    2.12571E-06   -5.08663E-05    9.91550E-01    9.91370E-01    9.83186E-01
    7.65794E+03    1.59257E+00    1.76349E-03    1.50172E+04    2.70196E-09    2.08293E-06   -5.19386E-05    9.91370E-01    9.91193E-01    9.82830E-01
    7.74365E+03    1.59444E+00    1.87752E-03    1.50172E+04    2.81331E-09    2.04302E-06   -5.30013E-05    9.91193E-01    9.91017E-01    9.82478E-01
    7.83031E+03    1.59644E+00    1.99671E-03    1.50172E+04    2.92603E-09    2.00586E-06   -5.40555E-05    9.91017E-01    9.90842E-01    9.82129E-01
    7.91795E+03    1.59856E+00    2.12131E-03    1.50172E+04    3.04016E-09    1.97138E-06   -5.51024E-05    9.90842E-01    9.90668E-01    9.81782E-01
    8.00657E+03    1.60081E+00    2.25157E-03    1.50172E+04    3.15579E-09    1.93949E-06   -5.61429E-05    9.90668E-01    9.90496E-01    9.81437E-01
    8.09618E+03    1.60320E+00    2.38778E-03    1.50172E+04    3.27299E-09    1.91014E-06   -5.71782E-05    9.90496E-01    9.90323E-01    9.81094E-01
    8.18679E+03    1.60573E+00    2.53022E-03    1.50172E+04    3.39187E-09    1.88328E-06   -5.82093E-05    9.90323E-01    9.90152E-01    9.80752E-01
    8.27842E+03    1.60841E+00    2.67923E-03    1.50172E+04    3.51253E-09    1.85888E-06   -5.92375E-05    9.90152E-01    9.89981E-01    9.80412E-01
    8.37107E+03    1.61124E+00    2.83514E-03    1.50172E+04    3.63508E-09    1.83691E-06   -6.02637E-05    9.89981E-01    9.89809E-01    9.80072E-01
    8.46477E+03    1.61424E+00    2.99834E-03    1.50172E+04    3.75967E-09    1.81736E-06   -6.12892E-05    9.89809E-01    9.89638E-01    9.79732E-01
    8.55951E+03    1.61741E+00    3.16922E-03    1.50172E+04    3.88642E-09    1.80026E-06   -6.23152E-05    9.89638E-01    9.89467E-01    9.79392E-01
    8.65531E+03    1.62076E+00    3.34822E-03    1.50172E+04    4.01551E-09    1.78560E-06   -6.33429E-05    9.89467E-01    9.89295E-01    9.79051E-01
    8.75219E+03    1.62430E+00    3.53582E-03    1.50172E+04    4.14711E-09    1.77343E-06   -6.43737E-05    9.89295E-01    9.89122E-01    9.78710E-01
    8.85015E+03    1.62803E+00    3.73253E-03    1.50172E+04    4.28143E-09    1.76378E-06   -6.54088E-05    9.89122E-01    9.88948E-01    9.78367E-01
    8.94921E+03    1.63197E+00    3.93893E-03    1.50172E+04    4.41868E-09    1.75673E-06   -6.64499E-05    9.88948E-01    9.88773E-01    9.78022E-01
    9.04937E+03    1.63612E+00    4.15562E-03    1.50172E+04    4.55910E-09    1.75235E-06   -6.74983E-05    9.88773E-01    9.88597E-01    9.77675E-01
    9.15066E+03    1.64051E+00    4.38329E-03    1.50172E+04    4.70296E-09    1.75072E-06   -6.85558E-05    9.88597E-01    9.88418E-01    9.77324E-01
    9.25309E+03    1.64513E+00    4.62267E-03    1.50172E+04    4.85058E-09    1.75198E-06   -6.96240E-05    9.88418E-01    9.88238E-01    9.76970E-01
    9.35666E+03    1.65000E+00    4.87458E-03    1.50172E+04    5.00227E-09    1.75625E-06   -7.07049E-05    9.88238E-01    9.88055E-01    9.76612E-01
    9.46139E+03    1.65514E+00    5.13993E-03    1.50172E+04    5.15840E-09    1.76370E-06   -7.18004E-05    9.88055E-01    9.87869E-01    9.76249E-01
    9.56729E+03    1.66056E+00    5.41971E-03    1.50172E+04    5.31940E-09    1.77451E-06   -7.29126E-05    9.87869E-01    9.87680E-01    9.75881E-01
    9.67438E+03    1.66628E+00    5.71503E-03    1.50172E+04    5.48573E-09    1.78891E-06   -7.40441E-05    9.87680E-01    9.87488E-01    9.75506E-01
    9.78267E+03    1.67231E+00    6.02712E-03    1.50172E+04    5.65789E-09    1.80715E-06   -7.51972E-05    9.87488E-01    9.87291E-01    9.75123E-01
    9.89217E+03    1.67866E+00    6.35737E-03    1.50172E+04    5.83648E-09    1.82953E-06   -7.63749E-05    9.87291E-01    9.87089E-01    9.74733E-01
    1.00029E+04    1.68537E+00    6.70733E-03    1.50172E+04    6.02214E-09    1.85640E-06   -7.75803E-05    9.87089E-01    9.86883E-01    9.74333E-01
    1.01149E+04    1.69245E+00    7.07872E-03    1.50172E+04    6.21563E-09    1.88817E-06   -7.88166E-05    9.86883E-01    9.86670E-01    9.73923E-01
    1.02281E+04    1.69992E+00    7.47352E-03    1.50172E+04    6.41777E-09    1.92532E-06   -8.00878E-05    9.86670E-01    9.86451E-01    9.73502E-01
    1.03426E+04    1.70782E+00    7.89396E-03    1.50172E+04    6.62952E-09    1.96840E-06   -8.13981E-05    9.86451E-01    9.86224E-01    9.73067E-01
    1.04584E+04    1.71616E+00    8.34258E-03    1.50172E+04    6.85198E-09    2.01807E-06   -8.27521E-05    9.86224E-01    9.85989E-01    9.72618E-01
    1.05754E+04    1.72498E+00    8.82229E-03    1.50172E+04    7.08640E-09    2.07512E-06   -8.41552E-05    9.85989E-01    9.85745E-01    9.72152E-01
    1.06938E+04    1.73432E+00    9.33643E-03    1.50172E+04    7.33422E-09    2.14047E-06   -8.56133E-05    9.85745E-01    9.85490E-01    9.71668E-01
    1.08135E+04    1.74421E+00    9.88889E-03    1.50172E+04    7.59712E-09    2.21524E-06   -8.71333E-05    9.85490E-01    9.85224E-01    9.71163E-01
    1.09346E+04    1.75469E+00    1.04842E-02    1.50172E+04    7.87705E-09    2.30075E-06   -8.87229E-05    9.85224E-01    9.84944E-01    9.70635E-01
    1.10570E+04    1.76582E+00    1.11275E-02    1.50172E+04    8.17631E-09    2.39864E-06   -9.03911E-05    9.84944E-01    9.84648E-01    9.70081E-01
    1.11807E+04    1.77764E+00    1.18252E-02    1.50172E+04    8.49760E-09    2.51088E-06   -9.21482E-05    9.84648E-01    9.84336E-01    9.69497E-01
    1.13059E+04    1.79023E+00    1.25847E-02    1.50172E+04    8.84415E-09    2.63992E-06   -9.40063E-05    9.84336E-01    9.84004E-01    9.68879E-01
    1.14325E+04    1.80364E+00    1.34146E-02    1.50172E+04    9.21981E-09    2.78884E-06   -9.59793E-05    9.84004E-01    9.83649E-01    9.68222E-01
    1.15604E+04    1.81797E+00    1.43259E-02    1.50172E+04    9.62927E-09    2.96148E-06   -9.80842E-05    9.83649E-01    9.83267E-01    9.67521E-01
    1.16899E+04    1.83330E+00    1.53315E-02    1.50172E+04    1.00782E-08    3.16281E-06   -1.00341E-04    9.83267E-01    9.82856E-01    9.66769E-01
    1.18207E+04    1.84975E+00    1.64476E-02    1.50172E+04    1.05738E-08    3.39924E-06   -1.02773E-04    9.82856E-01    9.82409E-01    9.65957E-01
    1.19531E+04    1.86744E+00    1.76943E-02    1.50172E+04    1.11247E-08    3.67926E-06   -1.05410E-04    9.82409E-01    9.81919E-01    9.65077E-01
    1.20869E+04    1.88654E+00    1.90972E-02    1.50172E+04    1.17423E-08    4.01432E-06   -1.08288E-04    9.81919E-01    9.81379E-01    9.64114E-01
    1.22222E+04    1.90723E+00    2.06890E-02    1.50172E+04    1.24409E-08    4.42021E-06   -1.11451E-04    9.81379E-01    9.80777E-01    9.63053E-01
    1.23590E+04    1.92974E+00    2.25129E-02    1.50172E+04    1.32395E-08    4.91927E-06   -1.14958E-04    9.80777E-01    9.80101E-01    9.61875E-01
    1.24974E+04    1.95437E+00    2.46261E-02    1.50172E+04    1.41633E-08    5.54419E-06   -1.18880E-04    9.80101E-01    9.79329E-01    9.60554E-01
    1.26373E+04    1.98148E+00    2.71073E-02    1.50172E+04    1.52469E-08    6.34456E-06   -1.23315E-04    9.79329E-01    9.78437E-01    9.59053E-01
    1.27787E+04    2.01154E+00    3.00665E-02    1.50172E+04    1.65389E-08    7.39928E-06   -1.28391E-04    9.78437E-01    9.77384E-01    9.57326E-01
    1.29218E+04    2.04520E+00    3.36629E-02    1.50172E+04    1.81094E-08    8.84109E-06   -1.34280E-04    9.77384E-01    9.76112E-01    9.55305E-01
    1.30665E+04    2.08334E+00    3.81340E-02    1.50172E+04    2.00629E-08    1.09095E-05   -1.41223E-04    9.76112E-01    9.74525E-01    9.52892E-01
    1.32127E+04    2.12719E+00    4.38481E-02    1.50172E+04    2.25611E-08    1.40750E-05   -1.49542E-04    9.74525E-01    9.72455E-01    9.49937E-01
    1.33607E+04    2.17859E+00    5.13996E-02    1.50172E+04    2.58640E-08    1.93601E-05   -1.59653E-04    9.72455E-01    9.69575E-01    9.46204E-01
    1.35102E+04    2.24040E+00    6.18111E-02    1.50172E+04    3.04180E-08    2.92549E-05   -1.71937E-04    9.69575E-01    9.65175E-01    9.41304E-01
    1.36615E+04    2.31763E+00    7.72279E-02    1.50172E+04    3.71678E-08    5.05944E-05   -1.86032E-04    9.65175E-01    9.57480E-01    9.34587E-01
    1.38144E+04    2.42372E+00    1.06095E-01    1.50172E+04    4.99362E-08    1.04461E-04   -1.97545E-04    9.57480E-01    9.41414E-01    9.24998E-01
    1.39691E+04    2.54045E+00    1.16726E-01    1.51854E+04    5.37299E-08    1.17761E-04   -1.99656E-04    9.74610E-01    9.56296E-01    9.41414E-01
    1.41255E+04    2.69599E+00    1.55542E-01    1.51854E+04    7.00201E-08    1.72655E-04   -2.00525E-04    9.56296E-01    9.29144E-01    9.22955E-01
    1.42836E+04    2.93433E+00    2.38346E-01    1.53554E+04    1.04933E-07    2.55814E-04   -1.98727E-04    9.62556E-01    9.21876E-01    9.29144E-01
