 # rho, F_z,dF_z, z(rho), E2 (=>sigma2=e0^2*E2), Er, Ez, Ui,j , Ui+1,j , Ui,j-1
    2.50000E-01    8.13971E-05    8.13971E-05    0.00000E+00    6.51177E-04    6.51522E-03   -2.46724E-02    9.84406E-01    9.81149E-01    9.72070E-01
    7.40216E-01    2.34403E-04    1.53006E-04    5.00000E-01    4.30249E-04    2.41221E-03   -2.06017E-02    9.91449E-01    9.90291E-01    9.81149E-01
    1.22396E+00    4.76047E-04    2.41644E-04    5.00000E-01    4.05345E-04    7.77744E-04   -2.01181E-02    9.90291E-01    9.89912E-01    9.80231E-01
    1.71438E+00    8.24989E-04    3.48942E-04    5.00000E-01    4.12201E-04    4.35291E-04   -2.02981E-02    9.89912E-01    9.89697E-01    9.79763E-01
    2.21157E+00    1.29322E-03    4.68234E-04    5.00000E-01    4.22935E-04    3.82114E-04   -2.05618E-02    9.89697E-01    9.89505E-01    9.79416E-01
    2.71562E+00    1.89361E-03    6.00383E-04    5.00000E-01    4.35631E-04    4.34806E-04   -2.08672E-02    9.89505E-01    9.89285E-01    9.79072E-01
    3.22663E+00    2.64278E-03    7.49177E-04    5.00000E-01    4.51277E-04    5.66236E-04   -2.12357E-02    9.89285E-01    9.88993E-01    9.78667E-01
    3.74469E+00    3.56371E-03    9.20926E-04    5.00000E-01    4.71481E-04    8.16274E-04   -2.16983E-02    9.88993E-01    9.88568E-01    9.78144E-01
    4.26990E+00    4.68886E-03    1.12515E-03    5.00000E-01    4.98305E-04    1.33092E-03   -2.22830E-02    9.88568E-01    9.87864E-01    9.77426E-01
    4.80235E+00    6.06381E-03    1.37496E-03    5.00000E-01    5.34055E-04    2.58543E-03   -2.29645E-02    9.87864E-01    9.86478E-01    9.76382E-01
    5.34216E+00    7.76617E-03    1.70236E-03    5.00000E-01    5.86317E-04    6.31025E-03   -2.33773E-02    9.86478E-01    9.83048E-01    9.74789E-01
    5.88941E+00    9.17271E-03    1.40653E-03    9.80431E-01    4.33435E-04    4.49951E-03   -2.03271E-02    9.93212E-01    9.90733E-01    9.83048E-01
    6.44421E+00    1.07141E-02    1.54142E-03    9.80431E-01    4.28200E-04    2.74966E-03   -2.05095E-02    9.90733E-01    9.89197E-01    9.80478E-01
    7.00668E+00    1.26389E-02    1.92476E-03    9.80431E-01    4.85072E-04    3.34181E-03   -2.17694E-02    9.89197E-01    9.87304E-01    9.78312E-01
    7.57690E+00    1.51318E-02    2.49292E-03    9.80431E-01    5.73069E-04    7.23022E-03   -2.28209E-02    9.87304E-01    9.83153E-01    9.75894E-01
    8.15499E+00    1.71781E-02    2.04633E-03    1.46749E+00    4.31111E-04    5.01913E-03   -2.01474E-02    9.92832E-01    9.89911E-01    9.83153E-01
    8.74106E+00    1.95507E-02    2.37259E-03    1.46749E+00    4.59984E-04    4.32276E-03   -2.10071E-02    9.89911E-01    9.87360E-01    9.79818E-01
    9.33522E+00    2.27681E-02    3.21737E-03    1.46749E+00    5.76114E-04    8.33362E-03   -2.25092E-02    9.87360E-01    9.82375E-01    9.76546E-01
    9.93758E+00    2.54976E-02    2.72953E-03    1.96127E+00    4.52885E-04    6.42369E-03   -2.02885E-02    9.92256E-01    9.88361E-01    9.82375E-01
    1.05482E+01    2.89551E-02    3.45750E-03    1.96127E+00    5.33101E-04    8.92944E-03   -2.12924E-02    9.88361E-01    9.82870E-01    9.77990E-01
    1.11673E+01    3.18398E-02    2.88465E-03    2.46187E+00    4.14398E-04    6.45290E-03   -1.93070E-02    9.92404E-01    9.88381E-01    9.82870E-01
    1.17950E+01    3.56933E-02    3.85355E-03    2.46187E+00    5.16996E-04    9.20467E-03   -2.07911E-02    9.88381E-01    9.82565E-01    9.78115E-01
    1.24313E+01    3.90078E-02    3.31444E-03    2.96938E+00    4.16165E-04    6.82981E-03   -1.92229E-02    9.92187E-01    9.87812E-01    9.82565E-01
    1.30764E+01    4.36646E-02    4.65680E-03    2.96938E+00    5.48301E-04    1.04915E-02   -2.09339E-02    9.87812E-01    9.80998E-01    9.77332E-01
    1.37304E+01    4.81999E-02    4.53535E-03    3.48388E+00    5.01644E-04    1.10212E-02   -1.94981E-02    9.90893E-01    9.83636E-01    9.80998E-01
    1.43934E+01    5.15409E-02    3.34093E-03    4.00549E+00    3.47712E-04    7.04136E-03   -1.72665E-02    9.92520E-01    9.87819E-01    9.83636E-01
    1.50655E+01    5.68788E-02    5.33795E-03    4.00549E+00    5.23543E-04    1.11979E-02   -1.99537E-02    9.87819E-01    9.80241E-01    9.77553E-01
    1.57470E+01    6.25929E-02    5.71409E-03    4.53430E+00    5.28883E-04    1.25754E-02   -1.92547E-02    9.90284E-01    9.81656E-01    9.80241E-01
    1.64378E+01    6.77589E-02    5.16600E-03    5.07040E+00    4.51822E-04    1.21339E-02   -1.74525E-02    9.90885E-01    9.82445E-01    9.81656E-01
    1.71382E+01    7.25871E-02    4.82822E-03    5.61391E+00    3.99510E-04    1.12012E-02   -1.65543E-02    9.91320E-01    9.83421E-01    9.82445E-01
    1.78482E+01    7.67207E-02    4.13358E-03    6.16491E+00    3.23954E-04    7.85581E-03   -1.61938E-02    9.92223E-01    9.86606E-01    9.83421E-01
    1.85680E+01    8.44579E-02    7.73722E-03    6.16491E+00    5.74935E-04    1.42670E-02   -1.92714E-02    9.86606E-01    9.76266E-01    9.76132E-01
    1.92978E+01    8.88488E-02    4.39085E-03    7.28983E+00    3.09663E-04    1.25974E-02   -1.22869E-02    9.92121E-01    9.82865E-01    9.85258E-01
    2.00377E+01    9.43706E-02    5.52183E-03    7.86396E+00    3.69941E-04    1.24079E-02   -1.46964E-02    9.91188E-01    9.81945E-01    9.82865E-01
    2.07877E+01    1.00604E-01    6.23371E-03    8.44602E+00    3.97085E-04    1.27365E-02   -1.53253E-02    9.90744E-01    9.81125E-01    9.81945E-01
    2.15481E+01    1.07681E-01    7.07677E-03    9.03610E+00    4.28960E-04    1.35179E-02   -1.56916E-02    9.90259E-01    9.79909E-01    9.81125E-01
    2.23190E+01    1.16429E-01    8.74818E-03    9.63433E+00    5.04989E-04    1.57710E-02   -1.60082E-02    9.89356E-01    9.77114E-01    9.79909E-01
    2.31005E+01    1.21904E-01    5.47504E-03    1.08557E+01    3.01198E-04    1.35373E-02   -1.08599E-02    9.91765E-01    9.81113E-01    9.85179E-01
    2.38929E+01    1.30455E-01    8.55102E-03    1.14790E+01    4.48626E-04    1.59059E-02   -1.39867E-02    9.89713E-01    9.77024E-01    9.81113E-01
    2.46961E+01    1.37356E-01    6.90032E-03    1.27516E+01    3.45480E-04    1.55436E-02   -1.01920E-02    9.91095E-01    9.78524E-01    9.84655E-01
    2.55104E+01    1.43908E-01    6.55271E-03    1.40596E+01    3.13280E-04    1.50958E-02   -9.24095E-03    9.91406E-01    9.79029E-01    9.85404E-01
    2.63360E+01    1.50482E-01    6.57395E-03    1.54039E+01    3.00299E-04    1.49728E-02   -8.72426E-03    9.91449E-01    9.79003E-01    9.85625E-01
    2.71730E+01    1.57664E-01    7.18148E-03    1.67856E+01    3.13619E-04    1.56097E-02   -8.36406E-03    9.91172E-01    9.78017E-01    9.85433E-01
    2.80215E+01    1.63543E-01    5.87901E-03    1.89304E+01    2.45576E-04    1.43787E-02   -6.23120E-03    9.92204E-01    9.79920E-01    9.87749E-01
    2.88817E+01    1.68831E-01    5.28786E-03    2.11653E+01    2.11386E-04    1.34627E-02   -5.49010E-03    9.92582E-01    9.80921E-01    9.88492E-01
    2.97538E+01    1.73702E-01    4.87088E-03    2.34940E+01    1.86437E-04    1.27158E-02   -4.97454E-03    9.92830E-01    9.81665E-01    9.88969E-01
    3.06380E+01    1.78195E-01    4.49353E-03    2.59204E+01    1.64757E-04    1.20023E-02   -4.54983E-03    9.93053E-01    9.82368E-01    9.89373E-01
    3.15343E+01    1.82123E-01    3.92816E-03    2.84487E+01    1.38029E-04    1.09737E-02   -4.19600E-03    9.93404E-01    9.83500E-01    9.89868E-01
    3.24430E+01    1.86936E-01    4.81313E-03    3.01929E+01    1.62150E-04    1.17387E-02   -4.93488E-03    9.92565E-01    9.81825E-01    9.88291E-01
    3.33642E+01    1.91194E-01    4.25795E-03    3.29005E+01    1.37587E-04    1.10689E-02   -3.88171E-03    9.93112E-01    9.82845E-01    9.89609E-01
    3.42982E+01    1.95109E-01    3.91506E-03    3.57217E+01    1.21388E-04    1.04422E-02   -3.51388E-03    9.93347E-01    9.83527E-01    9.90043E-01
    3.52451E+01    1.98534E-01    3.42467E-03    3.86614E+01    1.01924E-04    9.56190E-03   -3.23941E-03    9.93688E-01    9.84573E-01    9.90514E-01
    3.62050E+01    2.02620E-01    4.08596E-03    4.06894E+01    1.16769E-04    1.01035E-02   -3.83255E-03    9.92973E-01    9.83208E-01    9.89113E-01
    3.71781E+01    2.05992E-01    3.37214E-03    4.38376E+01    9.25694E-05    9.14532E-03   -2.98874E-03    9.93669E-01    9.84708E-01    9.90533E-01
    3.81647E+01    2.09933E-01    3.94115E-03    4.60094E+01    1.03958E-04    9.57928E-03   -3.49220E-03    9.93033E-01    9.83517E-01    9.89267E-01
    3.91649E+01    2.13124E-01    3.19109E-03    4.93809E+01    8.09071E-05    8.58371E-03   -2.68831E-03    9.93781E-01    9.85137E-01    9.90760E-01
    4.01789E+01    2.16668E-01    3.54366E-03    5.17068E+01    8.63868E-05    8.74235E-03   -3.15564E-03    9.93307E-01    9.84381E-01    9.89662E-01
    4.12069E+01    2.20567E-01    3.89908E-03    5.40974E+01    9.14183E-05    9.02116E-03   -3.16811E-03    9.92984E-01    9.83647E-01    9.89223E-01
    4.22491E+01    2.23658E-01    3.09122E-03    5.78084E+01    6.97271E-05    8.01222E-03   -2.35189E-03    9.93818E-01    9.85411E-01    9.90909E-01
    4.33057E+01    2.27018E-01    3.35938E-03    6.03685E+01    7.29207E-05    8.08246E-03   -2.75583E-03    9.93421E-01    9.84823E-01    9.89917E-01
    4.43768E+01    2.30535E-01    3.51695E-03    6.29998E+01    7.34842E-05    8.11412E-03   -2.76500E-03    9.93251E-01    9.84500E-01    9.89638E-01
    4.54628E+01    2.34300E-01    3.76561E-03    6.57041E+01    7.57550E-05    8.27479E-03   -2.69869E-03    9.93033E-01    9.83986E-01    9.89409E-01
    4.65637E+01    2.37257E-01    2.95651E-03    6.99023E+01    5.72812E-05    7.30938E-03   -1.96320E-03    9.93892E-01    9.85790E-01    9.91145E-01
    4.76798E+01    2.40415E-01    3.15824E-03    7.27985E+01    5.89438E-05    7.32364E-03   -2.30395E-03    9.93561E-01    9.85331E-01    9.90247E-01
    4.88113E+01    2.43640E-01    3.22488E-03    7.57752E+01    5.79921E-05    7.25992E-03   -2.29906E-03    9.93472E-01    9.85201E-01    9.90074E-01
    4.99584E+01    2.46888E-01    3.24789E-03    7.88346E+01    5.62879E-05    7.15927E-03   -2.24340E-03    9.93439E-01    9.85170E-01    9.90031E-01
    5.11214E+01    2.50138E-01    3.25005E-03    8.19791E+01    5.42947E-05    7.04050E-03   -2.17395E-03    9.93430E-01    9.85187E-01    9.90036E-01
    5.23004E+01    2.53376E-01    3.23855E-03    8.52109E+01    5.21631E-05    6.91042E-03   -2.09981E-03    9.93436E-01    9.85233E-01    9.90066E-01
    5.34957E+01    2.56592E-01    3.21516E-03    8.85325E+01    4.99401E-05    6.77076E-03   -2.02408E-03    9.93454E-01    9.85305E-01    9.90115E-01
    5.47074E+01    2.59769E-01    3.17794E-03    9.19465E+01    4.76116E-05    6.61942E-03   -1.94805E-03    9.93485E-01    9.85409E-01    9.90183E-01
    5.59359E+01    2.62888E-01    3.11859E-03    9.54553E+01    4.50742E-05    6.44733E-03   -1.87249E-03    9.93538E-01    9.85564E-01    9.90276E-01
    5.71814E+01    2.65895E-01    3.00698E-03    9.90617E+01    4.19358E-05    6.22057E-03   -1.80006E-03    9.93642E-01    9.85841E-01    9.90418E-01
    5.84440E+01    2.68562E-01    2.66739E-03    1.02768E+02    3.59007E-05    5.72620E-03   -1.76389E-03    9.93963E-01    9.86684E-01    9.90717E-01
    5.97241E+01    2.72503E-01    3.94012E-03    1.04660E+02    5.11876E-05    6.45665E-03   -3.08209E-03    9.92435E-01    9.84113E-01    9.86684E-01
    6.10218E+01    2.75867E-01    3.36479E-03    1.08522E+02    4.22012E-05    6.23937E-03   -1.80870E-03    9.93268E-01    9.85115E-01    9.89799E-01
    6.23374E+01    2.79064E-01    3.19666E-03    1.12492E+02    3.87121E-05    6.00039E-03   -1.64543E-03    9.93453E-01    9.85505E-01    9.90210E-01
    6.36712E+01    2.82100E-01    3.03577E-03    1.16571E+02    3.55036E-05    5.75177E-03   -1.55588E-03    9.93612E-01    9.85888E-01    9.90460E-01
    6.50234E+01    2.84775E-01    2.67535E-03    1.20765E+02    3.02208E-05    5.28487E-03   -1.51361E-03    9.93960E-01    9.86765E-01    9.90809E-01
    6.63943E+01    2.88661E-01    3.88585E-03    1.22905E+02    4.24032E-05    5.91954E-03   -2.71335E-03    9.92493E-01    9.84323E-01    9.86765E-01
    6.77840E+01    2.91936E-01    3.27537E-03    1.27274E+02    3.45321E-05    5.67179E-03   -1.53720E-03    9.93356E-01    9.85419E-01    9.90021E-01
    6.91930E+01    2.94980E-01    3.04387E-03    1.31764E+02    3.10101E-05    5.39145E-03   -1.39367E-03    9.93604E-01    9.85955E-01    9.90496E-01
    7.06214E+01    2.97638E-01    2.65813E-03    1.36380E+02    2.61714E-05    4.93668E-03   -1.34186E-03    9.93985E-01    9.86885E-01    9.90910E-01
    7.20695E+01    3.01442E-01    3.80399E-03    1.38735E+02    3.62010E-05    5.49502E-03   -2.45067E-03    9.92579E-01    9.84567E-01    9.86885E-01
    7.35376E+01    3.04580E-01    3.13730E-03    1.43544E+02    2.88621E-05    5.19909E-03   -1.35334E-03    9.93494E-01    9.85809E-01    9.90262E-01
    7.50259E+01    3.07269E-01    2.68938E-03    1.48487E+02    2.39205E-05    4.72866E-03   -1.24910E-03    9.93955E-01    9.86869E-01    9.90890E-01
    7.65348E+01    3.11074E-01    3.80535E-03    1.51010E+02    3.27274E-05    5.23877E-03   -2.29842E-03    9.92588E-01    9.84630E-01    9.86869E-01
    7.80645E+01    3.14181E-01    3.10652E-03    1.56160E+02    2.58372E-05    4.92888E-03   -1.24231E-03    9.93531E-01    9.85940E-01    9.90354E-01
    7.96153E+01    3.16816E-01    2.63515E-03    1.61453E+02    2.11973E-05    4.46006E-03   -1.14242E-03    9.94022E-01    9.87057E-01    9.91019E-01
    8.11876E+01    3.20484E-01    3.66818E-03    1.64155E+02    2.85418E-05    4.90009E-03   -2.12860E-03    9.92730E-01    9.84973E-01    9.87057E-01
    8.27815E+01    3.23245E-01    2.76041E-03    1.69671E+02    2.07782E-05    4.40902E-03   -1.15703E-03    9.93875E-01    9.86800E-01    9.90706E-01
    8.43974E+01    3.27031E-01    3.78677E-03    1.72486E+02    2.75775E-05    4.81429E-03   -2.09765E-03    9.92624E-01    9.84791E-01    9.86800E-01
    8.60356E+01    3.29853E-01    2.82176E-03    1.78233E+02    1.98840E-05    4.31733E-03   -1.11565E-03    9.93818E-01    9.86697E-01    9.90634E-01
    8.76964E+01    3.33708E-01    3.85510E-03    1.81166E+02    2.62884E-05    4.70794E-03   -2.03067E-03    9.92572E-01    9.84700E-01    9.86697E-01
    8.93802E+01    3.36591E-01    2.88227E-03    1.87154E+02    1.90218E-05    4.22875E-03   -1.06747E-03    9.93765E-01    9.86596E-01    9.90591E-01
    9.10872E+01    3.40539E-01    3.94898E-03    1.90210E+02    2.52252E-05    4.62515E-03   -1.95783E-03    9.92498E-01    9.84549E-01    9.86596E-01
    9.28177E+01    3.43691E-01    3.15113E-03    1.96450E+02    1.94845E-05    4.30051E-03   -9.95065E-04    9.93520E-01    9.86027E-01    9.90437E-01
    9.45721E+01    3.46335E-01    2.64454E-03    2.02863E+02    1.58303E-05    3.87435E-03   -9.05355E-04    9.94046E-01    9.87202E-01    9.91163E-01
    9.63507E+01    3.49935E-01    3.59994E-03    2.06136E+02    2.08636E-05    4.22027E-03   -1.74726E-03    9.92843E-01    9.85286E-01    9.87202E-01
    9.81539E+01    3.52561E-01    2.62542E-03    2.12818E+02    1.47329E-05    3.72862E-03   -9.11203E-04    9.94053E-01    9.87283E-01    9.91029E-01
    9.99820E+01    3.55949E-01    3.38826E-03    2.16229E+02    1.84119E-05    3.93336E-03   -1.71483E-03    9.93052E-01    9.85812E-01    9.87283E-01
    1.01835E+02    3.60059E-01    4.11007E-03    2.19686E+02    2.16294E-05    4.23636E-03   -1.91902E-03    9.92357E-01    9.84452E-01    9.85812E-01
    1.03714E+02    3.62962E-01    2.90307E-03    2.26745E+02    1.47965E-05    3.74090E-03   -8.95648E-04    9.93770E-01    9.86693E-01    9.90631E-01
    1.05619E+02    3.66830E-01    3.86826E-03    2.30347E+02    1.90969E-05    4.03971E-03   -1.66662E-03    9.92616E-01    9.84868E-01    9.86693E-01
    1.07550E+02    3.69664E-01    2.83343E-03    2.37703E+02    1.35500E-05    3.58581E-03   -8.31823E-04    9.93857E-01    9.86885E-01    9.90819E-01
    1.09508E+02    3.73431E-01    3.76703E-03    2.41456E+02    1.74517E-05    3.86861E-03   -1.57656E-03    9.92723E-01    9.85097E-01    9.86885E-01
    1.11492E+02    3.76139E-01    2.70816E-03    2.49120E+02    1.21552E-05    3.39634E-03   -7.87429E-04    9.93995E-01    9.87208E-01    9.90998E-01
    1.13505E+02    3.79595E-01    3.45643E-03    2.53032E+02    1.50312E-05    3.57154E-03   -1.50839E-03    9.93027E-01    9.85791E-01    9.87208E-01
    1.15544E+02    3.83740E-01    4.14433E-03    2.56997E+02    1.74635E-05    3.82529E-03   -1.68245E-03    9.92372E-01    9.84515E-01    9.85791E-01
    1.17612E+02    3.86648E-01    2.90808E-03    2.65093E+02    1.18748E-05    3.36078E-03   -7.61562E-04    9.93797E-01    9.86799E-01    9.90736E-01
    1.19709E+02    3.90470E-01    3.82230E-03    2.69224E+02    1.51258E-05    3.60966E-03   -1.44782E-03    9.92700E-01    9.85080E-01    9.86799E-01
    1.21835E+02    3.93199E-01    2.72888E-03    2.77660E+02    1.04661E-05    3.15712E-03   -7.06142E-04    9.93994E-01    9.87238E-01    9.91036E-01
    1.23989E+02    3.96653E-01    3.45464E-03    2.81965E+02    1.28421E-05    3.31117E-03   -1.37049E-03    9.93058E-01    9.85874E-01    9.87238E-01
    1.26174E+02    4.00753E-01    4.09990E-03    2.86330E+02    1.47730E-05    3.52770E-03   -1.52590E-03    9.92443E-01    9.84684E-01    9.85874E-01
    1.28389E+02    4.03560E-01    2.80675E-03    2.95241E+02    9.80369E-06    3.05621E-03   -6.80639E-04    9.93921E-01    9.87105E-01    9.90909E-01
    1.30634E+02    4.07088E-01    3.52756E-03    2.99788E+02    1.19448E-05    3.19626E-03   -1.31480E-03    9.93004E-01    9.85778E-01    9.87105E-01
    1.32910E+02    4.11249E-01    4.16141E-03    3.04399E+02    1.36612E-05    3.39655E-03   -1.45764E-03    9.92407E-01    9.84623E-01    9.85778E-01
    1.35218E+02    4.14091E-01    2.84163E-03    3.13812E+02    9.04459E-06    2.93808E-03   -6.42068E-04    9.93898E-01    9.87071E-01    9.90897E-01
    1.37558E+02    4.17651E-01    3.56064E-03    3.18616E+02    1.09887E-05    3.07068E-03   -1.24887E-03    9.92989E-01    9.85756E-01    9.87071E-01
    1.39929E+02    4.21839E-01    4.18785E-03    3.23487E+02    1.25324E-05    3.25861E-03   -1.38343E-03    9.92402E-01    9.84620E-01    9.85756E-01
    1.42334E+02    4.24700E-01    2.86032E-03    3.33430E+02    8.30053E-06    2.81720E-03   -6.03240E-04    9.93892E-01    9.87071E-01    9.90913E-01
    1.44772E+02    4.28275E-01    3.57521E-03    3.38505E+02    1.00616E-05    2.94324E-03   -1.18275E-03    9.92992E-01    9.85768E-01    9.87071E-01
    1.47243E+02    4.32469E-01    4.19414E-03    3.43650E+02    1.14473E-05    3.11962E-03   -1.30968E-03    9.92414E-01    9.84651E-01    9.85768E-01
    1.49749E+02    4.35335E-01    2.86599E-03    3.54153E+02    7.58673E-06    2.69572E-03   -5.65532E-04    9.93898E-01    9.87098E-01    9.90948E-01
    1.52289E+02    4.38908E-01    3.57314E-03    3.59514E+02    9.17430E-06    2.81507E-03   -1.11789E-03    9.93009E-01    9.85810E-01    9.87098E-01
    1.54864E+02    4.43088E-01    4.17987E-03    3.64949E+02    1.04100E-05    2.97974E-03   -1.23739E-03    9.92443E-01    9.84717E-01    9.85810E-01
    1.57474E+02    4.45942E-01    2.85410E-03    3.76045E+02    6.89517E-06    2.57199E-03   -5.29175E-04    9.93922E-01    9.87161E-01    9.91006E-01
    1.60121E+02    4.49488E-01    3.54571E-03    3.81708E+02    8.30976E-06    2.68300E-03   -1.05416E-03    9.93050E-01    9.85900E-01    9.87161E-01
    1.62804E+02    4.53616E-01    4.12852E-03    3.87449E+02    9.38661E-06    2.83314E-03   -1.16615E-03    9.92504E-01    9.84850E-01    9.85900E-01
    1.65524E+02    4.56407E-01    2.79081E-03    3.99170E+02    6.15598E-06    2.43130E-03   -4.94747E-04    9.93997E-01    9.87338E-01    9.91118E-01
    1.68282E+02    4.59824E-01    3.41711E-03    4.05152E+02    7.31303E-06    2.51603E-03   -9.91274E-04    9.93187E-01    9.86201E-01    9.87338E-01
    1.71078E+02    4.63651E-01    3.82712E-03    4.11217E+02    7.94698E-06    2.59491E-03   -1.10156E-03    9.92791E-01    9.85486E-01    9.86201E-01
    1.73912E+02    4.67948E-01    4.29632E-03    4.17365E+02    8.65640E-06    2.71413E-03   -1.13573E-03    9.92374E-01    9.84628E-01    9.85486E-01
    1.76786E+02    4.70797E-01    2.84958E-03    4.29917E+02    5.57125E-06    2.31401E-03   -4.65410E-04    9.93950E-01    9.87255E-01    9.91049E-01
    1.79699E+02    4.74267E-01    3.46959E-03    4.36324E+02    6.58263E-06    2.38968E-03   -9.33837E-04    9.93156E-01    9.86147E-01    9.87255E-01
    1.82653E+02    4.78133E-01    3.86646E-03    4.42818E+02    7.11873E-06    2.45928E-03   -1.03473E-03    9.92775E-01    9.85462E-01    9.86147E-01
    1.85647E+02    4.82452E-01    4.31867E-03    4.49403E+02    7.71659E-06    2.56582E-03   -1.06449E-03    9.92376E-01    9.84641E-01    9.85462E-01
    1.88682E+02    4.85299E-01    2.84722E-03    4.62846E+02    4.93743E-06    2.17969E-03   -4.31708E-04    9.93967E-01    9.87305E-01    9.91085E-01
    1.91760E+02    4.88740E-01    3.44057E-03    4.69706E+02    5.79071E-06    2.24304E-03   -8.71475E-04    9.93203E-01    9.86253E-01    9.87305E-01
    1.94879E+02    4.92521E-01    3.78151E-03    4.76662E+02    6.17738E-06    2.29043E-03   -9.65048E-04    9.92874E-01    9.85679E-01    9.86253E-01
    1.98042E+02    4.96593E-01    4.07172E-03    4.83713E+02    6.45615E-06    2.33713E-03   -9.96973E-04    9.92613E-01    9.85171E-01    9.85679E-01
    2.01249E+02    5.01077E-01    4.48375E-03    4.90862E+02    6.90095E-06    2.42694E-03   -1.00545E-03    9.92261E-01    9.84425E-01    9.85171E-01
    2.04499E+02    5.04023E-01    2.94619E-03    5.05457E+02    4.40166E-06    2.05963E-03   -3.99493E-04    9.93884E-01    9.87143E-01    9.90989E-01
    2.07795E+02    5.07587E-01    3.56405E-03    5.12906E+02    5.16898E-06    2.12368E-03   -8.11772E-04    9.93108E-01    9.86061E-01    9.87143E-01
    2.11136E+02    5.11536E-01    3.94923E-03    5.20457E+02    5.56024E-06    2.18062E-03   -8.97289E-04    9.92745E-01    9.85409E-01    9.86061E-01
    2.14523E+02    5.15922E-01    4.38588E-03    5.28113E+02    5.99479E-06    2.26860E-03   -9.20993E-04    9.92364E-01    9.84627E-01    9.85409E-01
    2.17957E+02    5.18814E-01    2.89201E-03    5.43743E+02    3.83767E-06    1.92452E-03   -3.65920E-04    9.93953E-01    9.87299E-01    9.91113E-01
    2.21439E+02    5.22291E-01    3.47727E-03    5.51721E+02    4.47994E-06    1.97897E-03   -7.50755E-04    9.93206E-01    9.86270E-01    9.87299E-01
    2.24968E+02    5.26095E-01    3.80405E-03    5.59808E+02    4.75839E-06    2.01715E-03   -8.30351E-04    9.92894E-01    9.85725E-01    9.86270E-01
    2.28546E+02    5.30171E-01    4.07561E-03    5.68007E+02    4.94996E-06    2.05343E-03   -8.56376E-04    9.92651E-01    9.85253E-01    9.85725E-01
    2.32174E+02    5.34630E-01    4.45940E-03    5.76319E+02    5.25889E-06    2.12494E-03   -8.62272E-04    9.92323E-01    9.84562E-01    9.85253E-01
    2.35851E+02    5.37541E-01    2.91043E-03    5.93288E+02    3.33271E-06    1.79433E-03   -3.36282E-04    9.93949E-01    9.87305E-01    9.91115E-01
    2.39579E+02    5.41019E-01    3.47808E-03    6.01949E+02    3.86737E-06    1.84043E-03   -6.92960E-04    9.93225E-01    9.86317E-01    9.87305E-01
    2.43359E+02    5.44793E-01    3.77431E-03    6.10730E+02    4.07533E-06    1.86821E-03   -7.64943E-04    9.92942E-01    9.85832E-01    9.86317E-01
    2.47191E+02    5.48781E-01    3.98799E-03    6.19631E+02    4.18160E-06    1.88698E-03   -7.87966E-04    9.92751E-01    9.85470E-01    9.85832E-01
    2.51076E+02    5.52991E-01    4.20979E-03    6.28656E+02    4.28671E-06    1.91117E-03   -7.96341E-04    9.92559E-01    9.85084E-01    9.85470E-01
    2.55014E+02    5.57558E-01    4.56711E-03    6.37805E+02    4.51642E-06    1.97084E-03   -7.95120E-04    9.92259E-01    9.84444E-01    9.85084E-01
    2.59007E+02    5.60526E-01    2.96779E-03    6.56483E+02    2.85027E-06    1.66040E-03   -3.05531E-04    9.93910E-01    9.87235E-01    9.91076E-01
    2.63055E+02    5.64061E-01    3.53554E-03    6.66016E+02    3.29778E-06    1.70183E-03   -6.33674E-04    9.93194E-01    9.86258E-01    9.87235E-01
    2.67158E+02    5.67888E-01    3.82675E-03    6.75681E+02    3.46674E-06    1.72588E-03   -6.98620E-04    9.92918E-01    9.85787E-01    9.86258E-01
    2.71319E+02    5.71923E-01    4.03447E-03    6.85479E+02    3.54989E-06    1.74161E-03   -7.18793E-04    9.92733E-01    9.85438E-01    9.85787E-01
    2.75536E+02    5.76173E-01    4.25002E-03    6.95412E+02    3.63218E-06    1.76225E-03   -7.25707E-04    9.92549E-01    9.85065E-01    9.85438E-01
    2.79812E+02    5.80773E-01    4.60012E-03    7.05482E+02    3.81861E-06    1.81506E-03   -7.23999E-04    9.92257E-01    9.84442E-01    9.85065E-01
    2.84147E+02    5.83764E-01    2.99154E-03    7.26041E+02    2.41214E-06    1.52849E-03   -2.75426E-04    9.93904E-01    9.87232E-01    9.91092E-01
    2.88542E+02    5.87320E-01    3.55592E-03    7.36534E+02    2.78510E-06    1.56627E-03   -5.76119E-04    9.93195E-01    9.86265E-01    9.87232E-01
    2.92998E+02    5.91161E-01    3.84127E-03    7.47172E+02    2.92252E-06    1.58730E-03   -6.34830E-04    9.92926E-01    9.85805E-01    9.86265E-01
    2.97514E+02    5.95203E-01    4.04195E-03    7.57957E+02    2.98729E-06    1.60040E-03   -6.52681E-04    9.92748E-01    9.85470E-01    9.85805E-01
    3.02094E+02    5.99452E-01    4.24874E-03    7.68890E+02    3.05043E-06    1.61767E-03   -6.58470E-04    9.92571E-01    9.85113E-01    9.85470E-01
    3.06736E+02    6.04038E-01    4.58595E-03    7.79974E+02    3.19855E-06    1.66362E-03   -6.56457E-04    9.92290E-01    9.84514E-01    9.85113E-01
    3.11443E+02    6.07015E-01    2.97684E-03    8.02604E+02    2.01704E-06    1.39852E-03   -2.47353E-04    9.93933E-01    9.87306E-01    9.91154E-01
    3.16214E+02    6.10538E-01    3.52294E-03    8.14153E+02    2.31905E-06    1.43084E-03   -5.21284E-04    9.93245E-01    9.86371E-01    9.87306E-01
    3.21051E+02    6.14321E-01    3.78337E-03    8.25862E+02    2.41956E-06    1.44580E-03   -5.73790E-04    9.92998E-01    9.85956E-01    9.86371E-01
    3.25955E+02    6.18266E-01    3.94465E-03    8.37732E+02    2.45093E-06    1.45046E-03   -5.89153E-04    9.92854E-01    9.85693E-01    9.85956E-01
    3.30927E+02    6.22341E-01    4.07493E-03    8.49766E+02    2.45989E-06    1.45161E-03   -5.93906E-04    9.92743E-01    9.85476E-01    9.85693E-01
    3.35967E+02    6.26547E-01    4.20654E-03    8.61967E+02    2.46719E-06    1.45384E-03   -5.94596E-04    9.92632E-01    9.85254E-01    9.85476E-01
    3.41077E+02    6.30923E-01    4.37603E-03    8.74335E+02    2.49374E-06    1.46352E-03   -5.93158E-04    9.92490E-01    9.84961E-01    9.85254E-01
    3.46258E+02    6.35614E-01    4.69054E-03    8.86875E+02    2.59713E-06    1.50050E-03   -5.87916E-04    9.92232E-01    9.84406E-01    9.84961E-01
    3.51510E+02    6.38648E-01    3.03375E-03    9.12475E+02    1.63215E-06    1.25873E-03   -2.18513E-04    9.93897E-01    9.87241E-01    9.91119E-01
    3.56834E+02    6.42227E-01    3.57929E-03    9.25541E+02    1.87110E-06    1.28691E-03   -4.63636E-04    9.93216E-01    9.86317E-01    9.87241E-01
    3.62232E+02    6.46061E-01    3.83406E-03    9.38787E+02    1.94754E-06    1.29913E-03   -5.09701E-04    9.92977E-01    9.85916E-01    9.86317E-01
    3.67704E+02    6.50050E-01    3.98878E-03    9.52216E+02    1.96881E-06    1.30214E-03   -5.22729E-04    9.92840E-01    9.85666E-01    9.85916E-01
    3.73252E+02    6.54162E-01    4.11231E-03    9.65830E+02    1.97239E-06    1.30203E-03   -5.26411E-04    9.92735E-01    9.85462E-01    9.85666E-01
    3.78876E+02    6.58399E-01    4.23691E-03    9.79632E+02    1.97474E-06    1.30288E-03   -5.26547E-04    9.92630E-01    9.85252E-01    9.85462E-01
    3.84578E+02    6.62798E-01    4.39867E-03    9.93624E+02    1.99224E-06    1.31026E-03   -5.24835E-04    9.92496E-01    9.84973E-01    9.85252E-01
    3.90359E+02    6.67501E-01    4.70323E-03    1.00781E+03    2.07007E-06    1.34159E-03   -5.19808E-04    9.92247E-01    9.84438E-01    9.84973E-01
    3.96220E+02    6.70542E-01    3.04114E-03    1.03677E+03    1.30077E-06    1.12436E-03   -1.91299E-04    9.93907E-01    9.87273E-01    9.91156E-01
    4.02161E+02    6.74119E-01    3.57725E-03    1.05155E+03    1.48695E-06    1.14869E-03   -4.09217E-04    9.93239E-01    9.86367E-01    9.87273E-01
    4.08184E+02    6.77939E-01    3.81949E-03    1.06654E+03    1.54292E-06    1.15796E-03   -4.49501E-04    9.93011E-01    9.85989E-01    9.86367E-01
    4.14291E+02    6.81897E-01    3.95789E-03    1.08173E+03    1.55383E-06    1.15835E-03   -4.60489E-04    9.92889E-01    9.85767E-01    9.85989E-01
    4.20481E+02    6.85955E-01    4.05795E-03    1.09713E+03    1.54829E-06    1.15488E-03   -4.63182E-04    9.92804E-01    9.85605E-01    9.85767E-01
    4.26758E+02    6.90099E-01    4.14413E-03    1.11274E+03    1.53671E-06    1.15004E-03   -4.62727E-04    9.92732E-01    9.85464E-01    9.85605E-01
    4.33120E+02    6.94329E-01    4.23040E-03    1.12857E+03    1.52461E-06    1.14551E-03   -4.60881E-04    9.92661E-01    9.85322E-01    9.85464E-01
    4.39571E+02    6.98661E-01    4.33148E-03    1.14462E+03    1.51719E-06    1.14328E-03   -4.58363E-04    9.92578E-01    9.85152E-01    9.85322E-01
    4.46111E+02    7.03137E-01    4.47655E-03    1.16089E+03    1.52399E-06    1.14748E-03   -4.55294E-04    9.92459E-01    9.84903E-01    9.85152E-01
    4.52741E+02    7.07905E-01    4.76785E-03    1.17738E+03    1.57762E-06    1.17269E-03   -4.49908E-04    9.92223E-01    9.84395E-01    9.84903E-01
    4.59462E+02    7.10984E-01    3.07939E-03    1.21106E+03    9.90358E-07    9.81608E-04   -1.63716E-04    9.93890E-01    9.87247E-01    9.91152E-01
    4.66276E+02    7.14597E-01    3.61238E-03    1.22824E+03    1.12921E-06    1.00231E-03   -3.52965E-04    9.93230E-01    9.86354E-01    9.87247E-01
    4.73184E+02    7.18444E-01    3.84763E-03    1.24567E+03    1.16906E-06    1.00946E-03   -3.87351E-04    9.93011E-01    9.85989E-01    9.86354E-01
    4.80188E+02    7.22422E-01    3.97770E-03    1.26333E+03    1.17474E-06    1.00876E-03   -3.96419E-04    9.92896E-01    9.85783E-01    9.85989E-01
    4.87288E+02    7.26490E-01    4.06799E-03    1.28124E+03    1.16779E-06    1.00454E-03   -3.98354E-04    9.92819E-01    9.85638E-01    9.85783E-01
    4.94486E+02    7.30632E-01    4.14196E-03    1.29939E+03    1.15576E-06    9.98843E-04   -3.97584E-04    9.92758E-01    9.85519E-01    9.85638E-01
    5.01783E+02    7.34843E-01    4.21128E-03    1.31780E+03    1.14225E-06    9.92846E-04   -3.95613E-04    9.92701E-01    9.85406E-01    9.85519E-01
    5.09181E+02    7.39129E-01    4.28516E-03    1.33646E+03    1.12981E-06    9.87573E-04   -3.93078E-04    9.92641E-01    9.85285E-01    9.85406E-01
    5.16682E+02    7.43505E-01    4.37609E-03    1.35537E+03    1.12156E-06    9.84503E-04   -3.90273E-04    9.92567E-01    9.85132E-01    9.85285E-01
    5.24285E+02    7.48017E-01    4.51196E-03    1.37455E+03    1.12410E-06    9.87017E-04   -3.87163E-04    9.92456E-01    9.84900E-01    9.85132E-01
    5.31994E+02    7.52810E-01    4.79342E-03    1.39399E+03    1.16090E-06    1.00738E-03   -3.82198E-04    9.92229E-01    9.84410E-01    9.84900E-01
    5.39809E+02    7.55907E-01    3.09669E-03    1.43369E+03    7.29053E-07    8.42676E-04   -1.37660E-04    9.93892E-01    9.87261E-01    9.91178E-01
    5.47732E+02    7.59531E-01    3.62385E-03    1.45395E+03    8.29377E-07    8.60111E-04   -2.99309E-04    9.93242E-01    9.86381E-01    9.87261E-01
    5.55764E+02    7.63382E-01    3.85131E-03    1.47448E+03    8.56871E-07    8.65526E-04   -3.28232E-04    9.93030E-01    9.86030E-01    9.86381E-01
    5.63907E+02    7.67355E-01    3.97271E-03    1.49530E+03    8.59260E-07    8.64070E-04   -3.35624E-04    9.92924E-01    9.85839E-01    9.86030E-01
    5.72163E+02    7.71408E-01    4.05299E-03    1.51641E+03    8.52215E-07    8.59458E-04   -3.36967E-04    9.92855E-01    9.85711E-01    9.85839E-01
    5.80532E+02    7.75522E-01    4.11467E-03    1.53781E+03    8.41104E-07    8.53349E-04   -3.36005E-04    9.92804E-01    9.85613E-01    9.85711E-01
    5.89017E+02    7.79690E-01    4.16780E-03    1.55951E+03    8.28261E-07    8.46585E-04   -3.34000E-04    9.92761E-01    9.85528E-01    9.85613E-01
    5.97619E+02    7.83908E-01    4.21824E-03    1.58150E+03    8.14974E-07    8.39698E-04   -3.31484E-04    9.92720E-01    9.85447E-01    9.85528E-01
    6.06340E+02    7.88179E-01    4.27087E-03    1.60380E+03    8.02203E-07    8.33153E-04   -3.28724E-04    9.92678E-01    9.85362E-01    9.85447E-01
    6.15181E+02    7.92511E-01    4.33172E-03    1.62641E+03    7.91023E-07    8.27545E-04   -3.25872E-04    9.92629E-01    9.85262E-01    9.85362E-01
    6.24144E+02    7.96922E-01    4.41161E-03    1.64933E+03    7.83235E-07    8.23957E-04   -3.23001E-04    9.92564E-01    9.85128E-01    9.85262E-01
    6.33230E+02    8.01460E-01    4.53724E-03    1.67256E+03    7.83173E-07    8.25090E-04   -3.19999E-04    9.92462E-01    9.84913E-01    9.85128E-01
    6.42442E+02    8.06267E-01    4.80750E-03    1.69612E+03    8.06789E-07    8.40959E-04   -3.15557E-04    9.92245E-01    9.84445E-01    9.84913E-01
    6.51782E+02    8.09373E-01    3.10587E-03    1.74420E+03    5.06761E-07    7.02928E-04   -1.12487E-04    9.93902E-01    9.87292E-01    9.91216E-01
    6.61250E+02    8.12999E-01    3.62556E-03    1.76875E+03    5.75148E-07    7.17161E-04   -2.46635E-04    9.93263E-01    9.86426E-01    9.87292E-01
    6.70849E+02    8.16843E-01    3.84451E-03    1.79363E+03    5.92973E-07    7.21065E-04   -2.70255E-04    9.93059E-01    9.86091E-01    9.86426E-01
    6.80580E+02    8.20800E-01    3.95709E-03    1.81886E+03    5.93421E-07    7.19164E-04   -2.76088E-04    9.92960E-01    9.85914E-01    9.86091E-01
    6.90445E+02    8.24828E-01    4.02785E-03    1.84443E+03    5.87296E-07    7.14563E-04   -2.76940E-04    9.92900E-01    9.85802E-01    9.85914E-01
    7.00447E+02    8.28907E-01    4.07875E-03    1.87036E+03    5.78246E-07    7.08612E-04   -2.75891E-04    9.92858E-01    9.85722E-01    9.85802E-01
    7.10587E+02    8.33026E-01    4.11908E-03    1.89664E+03    5.67796E-07    7.01952E-04   -2.73968E-04    9.92825E-01    9.85659E-01    9.85722E-01
    7.20866E+02    8.37179E-01    4.15353E-03    1.92329E+03    5.56697E-07    6.94933E-04   -2.71599E-04    9.92797E-01    9.85605E-01    9.85659E-01
    7.31288E+02    8.41364E-01    4.18487E-03    1.95030E+03    5.45378E-07    6.87766E-04   -2.68992E-04    9.92773E-01    9.85556E-01    9.85605E-01
    7.41853E+02    8.45579E-01    4.21507E-03    1.97769E+03    5.34120E-07    6.80606E-04   -2.66261E-04    9.92749E-01    9.85509E-01    9.85556E-01
    7.52564E+02    8.49825E-01    4.24586E-03    2.00546E+03    5.23145E-07    6.73591E-04   -2.63476E-04    9.92725E-01    9.85461E-01    9.85509E-01
    7.63423E+02    8.54104E-01    4.27922E-03    2.03361E+03    5.12681E-07    6.66876E-04   -2.60687E-04    9.92699E-01    9.85408E-01    9.85461E-01
    7.74432E+02    8.58422E-01    4.31795E-03    2.06214E+03    5.03025E-07    6.60678E-04   -2.57933E-04    9.92668E-01    9.85345E-01    9.85408E-01
    7.85593E+02    8.62789E-01    4.36686E-03    2.09107E+03    4.94669E-07    6.55377E-04   -2.55244E-04    9.92629E-01    9.85264E-01    9.85345E-01
    7.96907E+02    8.67225E-01    4.43594E-03    2.12040E+03    4.88617E-07    6.51763E-04   -2.52629E-04    9.92573E-01    9.85148E-01    9.85264E-01
    8.08378E+02    8.71776E-01    4.55106E-03    2.15014E+03    4.87456E-07    6.51898E-04   -2.49972E-04    9.92480E-01    9.84951E-01    9.85148E-01
    8.20007E+02    8.76586E-01    4.80933E-03    2.18028E+03    5.00902E-07    6.63525E-04   -2.46245E-04    9.92273E-01    9.84504E-01    9.84951E-01
    8.31797E+02    8.79693E-01    3.10710E-03    2.24183E+03    3.14682E-07    5.54198E-04   -8.68715E-05    9.93922E-01    9.87343E-01    9.91267E-01
    8.43749E+02    8.83311E-01    3.61815E-03    2.27324E+03    3.56332E-07    5.65188E-04   -1.92081E-04    9.93295E-01    9.86493E-01    9.87343E-01
    8.55867E+02    8.87139E-01    3.82851E-03    2.30508E+03    3.66651E-07    5.67822E-04   -2.10307E-04    9.93099E-01    9.86171E-01    9.86493E-01
    8.68151E+02    8.91072E-01    3.93292E-03    2.33737E+03    3.66266E-07    5.65854E-04   -2.14652E-04    9.93007E-01    9.86008E-01    9.86171E-01
    8.80605E+02    8.95068E-01    3.99557E-03    2.37010E+03    3.61844E-07    5.61750E-04   -2.15130E-04    9.92953E-01    9.85909E-01    9.86008E-01
    8.93231E+02    8.99106E-01    4.03814E-03    2.40328E+03    3.55623E-07    5.56570E-04   -2.14134E-04    9.92918E-01    9.85842E-01    9.85909E-01
    9.06031E+02    9.03176E-01    4.06969E-03    2.43692E+03    3.48528E-07    5.50808E-04   -2.12460E-04    9.92892E-01    9.85793E-01    9.85842E-01
    9.19008E+02    9.07270E-01    4.09463E-03    2.47102E+03    3.41007E-07    5.44723E-04   -2.10437E-04    9.92872E-01    9.85755E-01    9.85793E-01
    9.32164E+02    9.11386E-01    4.11541E-03    2.50559E+03    3.33301E-07    5.38465E-04   -2.08222E-04    9.92856E-01    9.85723E-01    9.85755E-01
    9.45501E+02    9.15519E-01    4.13349E-03    2.54064E+03    3.25550E-07    5.32124E-04   -2.05899E-04    9.92842E-01    9.85696E-01    9.85723E-01
    9.59023E+02    9.19669E-01    4.14988E-03    2.57618E+03    3.17846E-07    5.25763E-04   -2.03517E-04    9.92830E-01    9.85672E-01    9.85696E-01
    9.72731E+02    9.23834E-01    4.16532E-03    2.61220E+03    3.10252E-07    5.19430E-04   -2.01108E-04    9.92818E-01    9.85649E-01    9.85672E-01
    9.86628E+02    9.28015E-01    4.18047E-03    2.64873E+03    3.02816E-07    5.13163E-04   -1.98693E-04    9.92807E-01    9.85626E-01    9.85649E-01
    1.00072E+03    9.32211E-01    4.19597E-03    2.68575E+03    2.95580E-07    5.07002E-04   -1.96289E-04    9.92795E-01    9.85603E-01    9.85626E-01
    1.01500E+03    9.36423E-01    4.21254E-03    2.72329E+03    2.88589E-07    5.00988E-04   -1.93907E-04    9.92783E-01    9.85578E-01    9.85603E-01
    1.02948E+03    9.40655E-01    4.23117E-03    2.76134E+03    2.81898E-07    4.95179E-04   -1.91561E-04    9.92768E-01    9.85549E-01    9.85578E-01
    1.04416E+03    9.44908E-01    4.25330E-03    2.79992E+03    2.75585E-07    4.89658E-04   -1.89263E-04    9.92751E-01    9.85514E-01    9.85549E-01
    1.05904E+03    9.49189E-01    4.28134E-03    2.83904E+03    2.69781E-07    4.84564E-04   -1.87025E-04    9.92729E-01    9.85468E-01    9.85514E-01
    1.07413E+03    9.53509E-01    4.31974E-03    2.87869E+03    2.64724E-07    4.80157E-04   -1.84859E-04    9.92698E-01    9.85404E-01    9.85468E-01
    1.08943E+03    9.57887E-01    4.37800E-03    2.91889E+03    2.60926E-07    4.76994E-04   -1.82765E-04    9.92651E-01    9.85304E-01    9.85404E-01
    1.10494E+03    9.62368E-01    4.48102E-03    2.95964E+03    2.59733E-07    4.76547E-04   -1.80654E-04    9.92567E-01    9.85126E-01    9.85304E-01
    1.12066E+03    9.67091E-01    4.72262E-03    3.00096E+03    2.66223E-07    4.84369E-04   -1.77792E-04    9.92372E-01    9.84704E-01    9.85126E-01
    1.13660E+03    9.70141E-01    3.05013E-03    3.08531E+03    1.67223E-07    4.04189E-04   -6.20776E-05    9.93998E-01    9.87512E-01    9.91398E-01
    1.15276E+03    9.73683E-01    3.54247E-03    3.12836E+03    1.88886E-07    4.11986E-04   -1.38398E-04    9.93389E-01    9.86686E-01    9.87512E-01
    1.16914E+03    9.77423E-01    3.73962E-03    3.17200E+03    1.93928E-07    4.13532E-04   -1.51391E-04    9.93204E-01    9.86383E-01    9.86686E-01
    1.18574E+03    9.81256E-01    3.83316E-03    3.21625E+03    1.93327E-07    4.11703E-04   -1.54361E-04    9.93120E-01    9.86236E-01    9.86383E-01
    1.20258E+03    9.85142E-01    3.88581E-03    3.26111E+03    1.90608E-07    4.08316E-04   -1.54551E-04    9.93074E-01    9.86153E-01    9.86236E-01
    1.21965E+03    9.89060E-01    3.91867E-03    3.30659E+03    1.86950E-07    4.04142E-04   -1.53685E-04    9.93047E-01    9.86101E-01    9.86153E-01
    1.23696E+03    9.93001E-01    3.94050E-03    3.35269E+03    1.82838E-07    3.99540E-04   -1.52334E-04    9.93029E-01    9.86067E-01    9.86101E-01
    1.25450E+03    9.96957E-01    3.95553E-03    3.39943E+03    1.78505E-07    3.94697E-04   -1.50731E-04    9.93017E-01    9.86045E-01    9.86067E-01
    1.27228E+03    1.00092E+00    3.96604E-03    3.44682E+03    1.74076E-07    3.89715E-04   -1.48990E-04    9.93009E-01    9.86030E-01    9.86045E-01
    1.29032E+03    1.00490E+00    3.97338E-03    3.49486E+03    1.69620E-07    3.84658E-04   -1.47168E-04    9.93003E-01    9.86020E-01    9.86030E-01
    1.30860E+03    1.00887E+00    3.97837E-03    3.54356E+03    1.65181E-07    3.79564E-04   -1.45301E-04    9.93000E-01    9.86014E-01    9.86020E-01
    1.32713E+03    1.01286E+00    3.98158E-03    3.59293E+03    1.60787E-07    3.74461E-04   -1.43409E-04    9.92999E-01    9.86012E-01    9.86014E-01
    1.34592E+03    1.01684E+00    3.98338E-03    3.64299E+03    1.56455E-07    3.69366E-04   -1.41506E-04    9.92999E-01    9.86011E-01    9.86012E-01
    1.36496E+03    1.02082E+00    3.98404E-03    3.69374E+03    1.52197E-07    3.64292E-04   -1.39600E-04    9.92999E-01    9.86013E-01    9.86011E-01
    1.38427E+03    1.02481E+00    3.98377E-03    3.74518E+03    1.48021E-07    3.59250E-04   -1.37698E-04    9.93001E-01    9.86016E-01    9.86013E-01
    1.40385E+03    1.02879E+00    3.98274E-03    3.79734E+03    1.43933E-07    3.54246E-04   -1.35805E-04    9.93003E-01    9.86020E-01    9.86016E-01
    1.42370E+03    1.03277E+00    3.98109E-03    3.85022E+03    1.39937E-07    3.49287E-04   -1.33924E-04    9.93005E-01    9.86026E-01    9.86020E-01
    1.44382E+03    1.03675E+00    3.97892E-03    3.90382E+03    1.36034E-07    3.44376E-04   -1.32057E-04    9.93009E-01    9.86032E-01    9.86026E-01
    1.46421E+03    1.04073E+00    3.97636E-03    3.95817E+03    1.32228E-07    3.39520E-04   -1.30207E-04    9.93012E-01    9.86039E-01    9.86032E-01
    1.48489E+03    1.04470E+00    3.97352E-03    4.01327E+03    1.28520E-07    3.34723E-04   -1.28375E-04    9.93016E-01    9.86046E-01    9.86039E-01
    1.50586E+03    1.04867E+00    3.97052E-03    4.06912E+03    1.24911E-07    3.29989E-04   -1.26563E-04    9.93019E-01    9.86054E-01    9.86046E-01
    1.52711E+03    1.05264E+00    3.96752E-03    4.12575E+03    1.21404E-07    3.25324E-04   -1.24773E-04    9.93023E-01    9.86061E-01    9.86054E-01
    1.54866E+03    1.05660E+00    3.96470E-03    4.18316E+03    1.18001E-07    3.20735E-04   -1.23006E-04    9.93027E-01    9.86068E-01    9.86061E-01
    1.57051E+03    1.06056E+00    3.96230E-03    4.24136E+03    1.14707E-07    3.16230E-04   -1.21264E-04    9.93030E-01    9.86074E-01    9.86068E-01
    1.59265E+03    1.06453E+00    3.96066E-03    4.30037E+03    1.11526E-07    3.11823E-04   -1.19549E-04    9.93032E-01    9.86079E-01    9.86074E-01
    1.61511E+03    1.06849E+00    3.96026E-03    4.36018E+03    1.08467E-07    3.07531E-04   -1.17864E-04    9.93034E-01    9.86082E-01    9.86079E-01
    1.63787E+03    1.07245E+00    3.96185E-03    4.42083E+03    1.05546E-07    3.03383E-04   -1.16213E-04    9.93033E-01    9.86080E-01    9.86082E-01
    1.66094E+03    1.07641E+00    3.96662E-03    4.48231E+03    1.02787E-07    2.99423E-04   -1.14599E-04    9.93030E-01    9.86073E-01    9.86080E-01
    1.68434E+03    1.08039E+00    3.97664E-03    4.54464E+03    1.00232E-07    2.95731E-04   -1.13028E-04    9.93022E-01    9.86056E-01    9.86073E-01
    1.70806E+03    1.08439E+00    3.99581E-03    4.60783E+03    9.79647E-08    2.92457E-04   -1.11506E-04    9.93007E-01    9.86023E-01    9.86056E-01
    1.73210E+03    1.08842E+00    4.03257E-03    4.67189E+03    9.61665E-08    2.89931E-04   -1.10030E-04    9.92976E-01    9.85956E-01    9.86023E-01
    1.75648E+03    1.09253E+00    4.10915E-03    4.73684E+03    9.53174E-08    2.89024E-04   -1.08548E-04    9.92910E-01    9.85817E-01    9.85956E-01
    1.78119E+03    1.09684E+00    4.30936E-03    4.80268E+03    9.72329E-08    2.93025E-04   -1.06626E-04    9.92741E-01    9.85450E-01    9.85817E-01
    1.80624E+03    1.09961E+00    2.76911E-03    4.93710E+03    6.07746E-08    2.43761E-04   -3.68139E-05    9.94301E-01    9.88152E-01    9.91844E-01
    1.83164E+03    1.10281E+00    3.20109E-03    5.00571E+03    6.83381E-08    2.48036E-04   -8.25594E-05    9.93739E-01    9.87396E-01    9.88152E-01
    1.85739E+03    1.10617E+00    3.36334E-03    5.07526E+03    6.98425E-08    2.48437E-04   -9.01209E-05    9.93579E-01    9.87138E-01    9.87396E-01
    1.88350E+03    1.10960E+00    3.43125E-03    5.14577E+03    6.93088E-08    2.46784E-04   -9.16862E-05    9.93515E-01    9.87028E-01    9.87138E-01
    1.90996E+03    1.11306E+00    3.46176E-03    5.21725E+03    6.80174E-08    2.44188E-04   -9.15952E-05    9.93487E-01    9.86980E-01    9.87028E-01
    1.93680E+03    1.11654E+00    3.47393E-03    5.28973E+03    6.63949E-08    2.41115E-04   -9.08758E-05    9.93476E-01    9.86962E-01    9.86980E-01
    1.96400E+03    1.12001E+00    3.47568E-03    5.36320E+03    6.46165E-08    2.37782E-04   -8.98677E-05    9.93475E-01    9.86963E-01    9.86962E-01
    1.99157E+03    1.12348E+00    3.47079E-03    5.43768E+03    6.27660E-08    2.34300E-04   -8.87101E-05    9.93481E-01    9.86975E-01    9.86963E-01
    2.01953E+03    1.12695E+00    3.46131E-03    5.51320E+03    6.08878E-08    2.30731E-04   -8.74691E-05    9.93490E-01    9.86995E-01    9.86975E-01
    2.04787E+03    1.13039E+00    3.44841E-03    5.58975E+03    5.90070E-08    2.27112E-04   -8.61796E-05    9.93503E-01    9.87022E-01    9.86995E-01
    2.07661E+03    1.13383E+00    3.43282E-03    5.66736E+03    5.71389E-08    2.23467E-04   -8.48616E-05    9.93519E-01    9.87053E-01    9.87022E-01
    2.10574E+03    1.13724E+00    3.41500E-03    5.74605E+03    5.52929E-08    2.19809E-04   -8.35273E-05    9.93536E-01    9.87089E-01    9.87053E-01
    2.13527E+03    1.14064E+00    3.39527E-03    5.82582E+03    5.34751E-08    2.16150E-04   -8.21843E-05    9.93556E-01    9.87128E-01    9.87089E-01
    2.16521E+03    1.14401E+00    3.37382E-03    5.90669E+03    5.16892E-08    2.12496E-04   -8.08378E-05    9.93577E-01    9.87171E-01    9.87128E-01
    2.19557E+03    1.14736E+00    3.35081E-03    5.98867E+03    4.99378E-08    2.08852E-04   -7.94912E-05    9.93599E-01    9.87217E-01    9.87171E-01
    2.22634E+03    1.15069E+00    3.32633E-03    6.07179E+03    4.82223E-08    2.05220E-04   -7.81468E-05    9.93624E-01    9.87265E-01    9.87217E-01
    2.25753E+03    1.15399E+00    3.30045E-03    6.15605E+03    4.65436E-08    2.01604E-04   -7.68063E-05    9.93649E-01    9.87317E-01    9.87265E-01
    2.28916E+03    1.15726E+00    3.27320E-03    6.24148E+03    4.49020E-08    1.98005E-04   -7.54708E-05    9.93676E-01    9.87371E-01    9.87317E-01
    2.32123E+03    1.16051E+00    3.24463E-03    6.32809E+03    4.32977E-08    1.94424E-04   -7.41411E-05    9.93704E-01    9.87428E-01    9.87371E-01
    2.35373E+03    1.16372E+00    3.21474E-03    6.41589E+03    4.17305E-08    1.90861E-04   -7.28177E-05    9.93734E-01    9.87487E-01    9.87428E-01
    2.38669E+03    1.16690E+00    3.18353E-03    6.50490E+03    4.02000E-08    1.87317E-04   -7.15009E-05    9.93765E-01    9.87550E-01    9.87487E-01
    2.42010E+03    1.17006E+00    3.15101E-03    6.59514E+03    3.87059E-08    1.83791E-04   -7.01910E-05    9.93798E-01    9.87615E-01    9.87550E-01
    2.45397E+03    1.17317E+00    3.11716E-03    6.68663E+03    3.72475E-08    1.80283E-04   -6.88879E-05    9.93832E-01    9.87684E-01    9.87615E-01
    2.48831E+03    1.17626E+00    3.08196E-03    6.77938E+03    3.58243E-08    1.76793E-04   -6.75916E-05    9.93867E-01    9.87755E-01    9.87684E-01
    2.52312E+03    1.17930E+00    3.04539E-03    6.87341E+03    3.44357E-08    1.73320E-04   -6.63020E-05    9.93904E-01    9.87829E-01    9.87755E-01
    2.55841E+03    1.18231E+00    3.00743E-03    6.96873E+03    3.30809E-08    1.69863E-04   -6.50190E-05    9.93943E-01    9.87907E-01    9.87829E-01
    2.59419E+03    1.18528E+00    2.96806E-03    7.06538E+03    3.17592E-08    1.66421E-04   -6.37422E-05    9.93983E-01    9.87988E-01    9.87907E-01
    2.63046E+03    1.18820E+00    2.92723E-03    7.16335E+03    3.04699E-08    1.62995E-04   -6.24715E-05    9.94025E-01    9.88073E-01    9.87988E-01
    2.66724E+03    1.19109E+00    2.88492E-03    7.26268E+03    2.92123E-08    1.59581E-04   -6.12066E-05    9.94069E-01    9.88161E-01    9.88073E-01
    2.70452E+03    1.19393E+00    2.84109E-03    7.36338E+03    2.79857E-08    1.56180E-04   -5.99469E-05    9.94115E-01    9.88253E-01    9.88161E-01
    2.74232E+03    1.19672E+00    2.79570E-03    7.46547E+03    2.67894E-08    1.52790E-04   -5.86923E-05    9.94163E-01    9.88348E-01    9.88253E-01
    2.78063E+03    1.19947E+00    2.74872E-03    7.56896E+03    2.56226E-08    1.49409E-04   -5.74422E-05    9.94213E-01    9.88448E-01    9.88348E-01
    2.81948E+03    1.20217E+00    2.70009E-03    7.67389E+03    2.44847E-08    1.46037E-04   -5.61961E-05    9.94265E-01    9.88553E-01    9.88448E-01
    2.85886E+03    1.20482E+00    2.64979E-03    7.78026E+03    2.33749E-08    1.42671E-04   -5.49537E-05    9.94319E-01    9.88661E-01    9.88553E-01
    2.89879E+03    1.20742E+00    2.59775E-03    7.88810E+03    2.22926E-08    1.39311E-04   -5.37143E-05    9.94375E-01    9.88775E-01    9.88661E-01
    2.93926E+03    1.20997E+00    2.54395E-03    7.99743E+03    2.12372E-08    1.35953E-04   -5.24775E-05    9.94434E-01    9.88894E-01    9.88775E-01
    2.98030E+03    1.21245E+00    2.48832E-03    8.10827E+03    2.02079E-08    1.32598E-04   -5.12426E-05    9.94496E-01    9.89017E-01    9.88894E-01
    3.02190E+03    1.21488E+00    2.43083E-03    8.22064E+03    1.92043E-08    1.29241E-04   -5.00089E-05    9.94560E-01    9.89147E-01    9.89017E-01
    3.06408E+03    1.21726E+00    2.37143E-03    8.33456E+03    1.82256E-08    1.25883E-04   -4.87759E-05    9.94628E-01    9.89282E-01    9.89147E-01
    3.10683E+03    1.21957E+00    2.31006E-03    8.45005E+03    1.72713E-08    1.22519E-04   -4.75427E-05    9.94698E-01    9.89423E-01    9.89282E-01
    3.15018E+03    1.22181E+00    2.24670E-03    8.56713E+03    1.63409E-08    1.19149E-04   -4.63087E-05    9.94772E-01    9.89571E-01    9.89423E-01
    3.19413E+03    1.22399E+00    2.18128E-03    8.68583E+03    1.54338E-08    1.15768E-04   -4.50729E-05    9.94849E-01    9.89726E-01    9.89571E-01
    3.23868E+03    1.22611E+00    2.11377E-03    8.80617E+03    1.45496E-08    1.12375E-04   -4.38346E-05    9.94930E-01    9.89889E-01    9.89726E-01
    3.28385E+03    1.22815E+00    2.04412E-03    8.92817E+03    1.36878E-08    1.08966E-04   -4.25928E-05    9.95014E-01    9.90059E-01    9.89889E-01
    3.32964E+03    1.23012E+00    1.97230E-03    9.05185E+03    1.28479E-08    1.05539E-04   -4.13464E-05    9.95103E-01    9.90237E-01    9.90059E-01
    3.37606E+03    1.23202E+00    1.89827E-03    9.17724E+03    1.20297E-08    1.02089E-04   -4.00945E-05    9.95196E-01    9.90424E-01    9.90237E-01
    3.42312E+03    1.23384E+00    1.82201E-03    9.30436E+03    1.12326E-08    9.86125E-05   -3.88357E-05    9.95294E-01    9.90621E-01    9.90424E-01
    3.47084E+03    1.23559E+00    1.74350E-03    9.43323E+03    1.04565E-08    9.51059E-05   -3.75688E-05    9.95397E-01    9.90828E-01    9.90621E-01
    3.51921E+03    1.23725E+00    1.66272E-03    9.56388E+03    9.70110E-09    9.15640E-05   -3.62925E-05    9.95505E-01    9.91046E-01    9.90828E-01
    3.56825E+03    1.23883E+00    1.57966E-03    9.69634E+03    8.96613E-09    8.79817E-05   -3.50051E-05    9.95619E-01    9.91275E-01    9.91046E-01
    3.61796E+03    1.24032E+00    1.49435E-03    9.83062E+03    8.25147E-09    8.43531E-05   -3.37050E-05    9.95740E-01    9.91517E-01    9.91275E-01
    3.66836E+03    1.24173E+00    1.40680E-03    9.96676E+03    7.55705E-09    8.06716E-05   -3.23903E-05    9.95867E-01    9.91773E-01    9.91517E-01
    3.71946E+03    1.24305E+00    1.31707E-03    1.01048E+04    6.88287E-09    7.69299E-05   -3.10589E-05    9.96001E-01    9.92043E-01    9.91773E-01
    3.77126E+03    1.24427E+00    1.22524E-03    1.02447E+04    6.22904E-09    7.31194E-05   -2.97084E-05    9.96144E-01    9.92330E-01    9.92043E-01
    3.82378E+03    1.24541E+00    1.13141E-03    1.03865E+04    5.59578E-09    6.92303E-05   -2.83362E-05    9.96295E-01    9.92634E-01    9.92330E-01
    3.87702E+03    1.24644E+00    1.03573E-03    1.05303E+04    4.98347E-09    6.52515E-05   -2.69392E-05    9.96455E-01    9.92957E-01    9.92634E-01
    3.93100E+03    1.24738E+00    9.38441E-04    1.06761E+04    4.39273E-09    6.11700E-05   -2.55139E-05    9.96626E-01    9.93302E-01    9.92957E-01
    3.98572E+03    1.24822E+00    8.39847E-04    1.08239E+04    3.82447E-09    5.69717E-05   -2.40561E-05    9.96809E-01    9.93670E-01    9.93302E-01
    4.04120E+03    1.24896E+00    7.40432E-04    1.09738E+04    3.28020E-09    5.26424E-05   -2.25606E-05    9.97005E-01    9.94064E-01    9.93670E-01
    4.09744E+03    1.24960E+00    6.41000E-04    1.11257E+04    2.76260E-09    4.81741E-05   -2.10205E-05    9.97214E-01    9.94486E-01    9.94064E-01
    4.15446E+03    1.25014E+00    5.43197E-04    1.12797E+04    2.27753E-09    4.35924E-05   -1.94225E-05    9.97437E-01    9.94934E-01    9.94486E-01
    4.21226E+03    1.25060E+00    4.52105E-04    1.14358E+04    1.84414E-09    3.91189E-05   -1.77157E-05    9.97663E-01    9.95386E-01    9.94934E-01
    4.27086E+03    1.25074E+00    1.46650E-04    1.17546E+04    5.81948E-10    2.34243E-05   -5.76623E-06    9.98673E-01    9.97291E-01    9.97760E-01
    4.33028E+03    1.25085E+00    1.08252E-04    1.19173E+04    4.17911E-10    1.79386E-05   -9.80387E-06    9.98864E-01    9.97791E-01    9.97291E-01
    4.39051E+03    1.25090E+00    5.05846E-05    1.20822E+04    1.89983E-10    1.03810E-05   -9.06739E-06    9.99266E-01    9.98636E-01    9.97791E-01
    4.45157E+03    1.25096E+00    5.80903E-05    1.20822E+04    2.12251E-10    9.04760E-06   -1.14189E-05    9.98636E-01    9.98080E-01    9.96779E-01
    4.51347E+03    1.25103E+00    7.24436E-05    1.20822E+04    2.57511E-10    8.06870E-06   -1.38711E-05    9.98080E-01    9.97577E-01    9.95824E-01
    4.57623E+03    1.25112E+00    9.26157E-05    1.20822E+04    3.20281E-10    7.32045E-06   -1.63307E-05    9.97577E-01    9.97115E-01    9.94920E-01
    4.63986E+03    1.25124E+00    1.17922E-04    1.20822E+04    3.96727E-10    6.72624E-06   -1.87479E-05    9.97115E-01    9.96684E-01    9.94065E-01
    4.70436E+03    1.25139E+00    1.47888E-04    1.20822E+04    4.84040E-10    6.23816E-06   -2.10980E-05    9.96684E-01    9.96279E-01    9.93251E-01
    4.76976E+03    1.25157E+00    1.82184E-04    1.20822E+04    5.80112E-10    5.82582E-06   -2.33703E-05    9.96279E-01    9.95895E-01    9.92477E-01
    4.83605E+03    1.25179E+00    2.20589E-04    1.20822E+04    6.83342E-10    5.46953E-06   -2.55622E-05    9.95895E-01    9.95530E-01    9.91736E-01
    4.90326E+03    1.25206E+00    2.62959E-04    1.20822E+04    7.92496E-10    5.15622E-06   -2.76751E-05    9.95530E-01    9.95181E-01    9.91028E-01
    4.97140E+03    1.25237E+00    3.09212E-04    1.20822E+04    9.06607E-10    4.87696E-06   -2.97123E-05    9.95181E-01    9.94846E-01    9.90347E-01
    5.04048E+03    1.25272E+00    3.59310E-04    1.20822E+04    1.02491E-09    4.62544E-06   -3.16783E-05    9.94846E-01    9.94525E-01    9.89693E-01
    5.11051E+03    1.25314E+00    4.13249E-04    1.20822E+04    1.14679E-09    4.39704E-06   -3.35776E-05    9.94525E-01    9.94215E-01    9.89062E-01
    5.18151E+03    1.25361E+00    4.71054E-04    1.20822E+04    1.27174E-09    4.18829E-06   -3.54147E-05    9.94215E-01    9.93915E-01    9.88453E-01
    5.25349E+03    1.25414E+00    5.32772E-04    1.20822E+04    1.39935E-09    3.99648E-06   -3.71938E-05    9.93915E-01    9.93626E-01    9.87864E-01
    5.32646E+03    1.25474E+00    5.98468E-04    1.20822E+04    1.52926E-09    3.81947E-06   -3.89188E-05    9.93626E-01    9.93345E-01    9.87294E-01
    5.40044E+03    1.25541E+00    6.68220E-04    1.20822E+04    1.66118E-09    3.65552E-06   -4.05934E-05    9.93345E-01    9.93073E-01    9.86741E-01
    5.47544E+03    1.25615E+00    7.42123E-04    1.20822E+04    1.79486E-09    3.50316E-06   -4.22208E-05    9.93073E-01    9.92808E-01    9.86204E-01
    5.55147E+03    1.25697E+00    8.20282E-04    1.20822E+04    1.93009E-09    3.36120E-06   -4.38040E-05    9.92808E-01    9.92551E-01    9.85682E-01
    5.62856E+03    1.25787E+00    9.02816E-04    1.20822E+04    2.06668E-09    3.22860E-06   -4.53459E-05    9.92551E-01    9.92300E-01    9.85174E-01
    5.70671E+03    1.25886E+00    9.89851E-04    1.20822E+04    2.20446E-09    3.10449E-06   -4.68489E-05    9.92300E-01    9.92056E-01    9.84679E-01
    5.78593E+03    1.25994E+00    1.08153E-03    1.20822E+04    2.34331E-09    2.98811E-06   -4.83155E-05    9.92056E-01    9.91818E-01    9.84196E-01
    5.86625E+03    1.26112E+00    1.17799E-03    1.20822E+04    2.48311E-09    2.87880E-06   -4.97476E-05    9.91818E-01    9.91585E-01    9.83724E-01
    5.94768E+03    1.26240E+00    1.27941E-03    1.20822E+04    2.62375E-09    2.77599E-06   -5.11473E-05    9.91585E-01    9.91357E-01    9.83264E-01
    6.03023E+03    1.26379E+00    1.38594E-03    1.20822E+04    2.76516E-09    2.67917E-06   -5.25165E-05    9.91357E-01    9.91135E-01    9.82814E-01
    6.11392E+03    1.26529E+00    1.49778E-03    1.20822E+04    2.90727E-09    2.58793E-06   -5.38570E-05    9.91135E-01    9.90917E-01    9.82373E-01
    6.19877E+03    1.26690E+00    1.61511E-03    1.20822E+04    3.05001E-09    2.50185E-06   -5.51702E-05    9.90917E-01    9.90703E-01    9.81941E-01
    6.28478E+03    1.26864E+00    1.73814E-03    1.20822E+04    3.19335E-09    2.42061E-06   -5.64579E-05    9.90703E-01    9.90493E-01    9.81518E-01
    6.37199E+03    1.27051E+00    1.86709E-03    1.20822E+04    3.33726E-09    2.34390E-06   -5.77214E-05    9.90493E-01    9.90287E-01    9.81103E-01
    6.46039E+03    1.27251E+00    2.00218E-03    1.20822E+04    3.48170E-09    2.27146E-06   -5.89622E-05    9.90287E-01    9.90085E-01    9.80695E-01
    6.55002E+03    1.27465E+00    2.14366E-03    1.20822E+04    3.62668E-09    2.20306E-06   -6.01816E-05    9.90085E-01    9.89886E-01    9.80294E-01
    6.64089E+03    1.27694E+00    2.29180E-03    1.20822E+04    3.77220E-09    2.13847E-06   -6.13810E-05    9.89886E-01    9.89691E-01    9.79901E-01
    6.73300E+03    1.27939E+00    2.44687E-03    1.20822E+04    3.91826E-09    2.07753E-06   -6.25615E-05    9.89691E-01    9.89498E-01    9.79513E-01
    6.82639E+03    1.28200E+00    2.60916E-03    1.20822E+04    4.06489E-09    2.02006E-06   -6.37245E-05    9.89498E-01    9.89308E-01    9.79131E-01
    6.92107E+03    1.28478E+00    2.77900E-03    1.20822E+04    4.21212E-09    1.96593E-06   -6.48711E-05    9.89308E-01    9.89121E-01    9.78754E-01
    7.01705E+03    1.28774E+00    2.95671E-03    1.20822E+04    4.36001E-09    1.91500E-06   -6.60026E-05    9.89121E-01    9.88936E-01    9.78383E-01
    7.11436E+03    1.29088E+00    3.14265E-03    1.20822E+04    4.50860E-09    1.86718E-06   -6.71201E-05    9.88936E-01    9.88753E-01    9.78016E-01
    7.21301E+03    1.29422E+00    3.33721E-03    1.20822E+04    4.65797E-09    1.82237E-06   -6.82250E-05    9.88753E-01    9.88572E-01    9.77653E-01
    7.31303E+03    1.29776E+00    3.54081E-03    1.20822E+04    4.80819E-09    1.78048E-06   -6.93183E-05    9.88572E-01    9.88392E-01    9.77295E-01
    7.41442E+03    1.30151E+00    3.75387E-03    1.20822E+04    4.95938E-09    1.74147E-06   -7.04013E-05    9.88392E-01    9.88215E-01    9.76939E-01
    7.51721E+03    1.30549E+00    3.97689E-03    1.20822E+04    5.11163E-09    1.70527E-06   -7.14753E-05    9.88215E-01    9.88038E-01    9.76587E-01
    7.62143E+03    1.30970E+00    4.21038E-03    1.20822E+04    5.26508E-09    1.67186E-06   -7.25416E-05    9.88038E-01    9.87863E-01    9.76237E-01
    7.72707E+03    1.31415E+00    4.45488E-03    1.20822E+04    5.41987E-09    1.64120E-06   -7.36015E-05    9.87863E-01    9.87688E-01    9.75889E-01
    7.83418E+03    1.31886E+00    4.71100E-03    1.20822E+04    5.57616E-09    1.61328E-06   -7.46563E-05    9.87688E-01    9.87514E-01    9.75543E-01
    7.94277E+03    1.32384E+00    4.97940E-03    1.20822E+04    5.73415E-09    1.58812E-06   -7.57075E-05    9.87514E-01    9.87341E-01    9.75198E-01
    8.05285E+03    1.32910E+00    5.26079E-03    1.20822E+04    5.89403E-09    1.56572E-06   -7.67566E-05    9.87341E-01    9.87167E-01    9.74853E-01
    8.16445E+03    1.33466E+00    5.55593E-03    1.20822E+04    6.05604E-09    1.54612E-06   -7.78052E-05    9.87167E-01    9.86993E-01    9.74509E-01
    8.27760E+03    1.34053E+00    5.86568E-03    1.20822E+04    6.22043E-09    1.52936E-06   -7.88549E-05    9.86993E-01    9.86819E-01    9.74165E-01
    8.39230E+03    1.34672E+00    6.19097E-03    1.20822E+04    6.38751E-09    1.51551E-06   -7.99075E-05    9.86819E-01    9.86644E-01    9.73819E-01
    8.50859E+03    1.35325E+00    6.53281E-03    1.20822E+04    6.55759E-09    1.50466E-06   -8.09650E-05    9.86644E-01    9.86468E-01    9.73472E-01
    8.62648E+03    1.36014E+00    6.89234E-03    1.20822E+04    6.73104E-09    1.49690E-06   -8.20293E-05    9.86468E-01    9.86290E-01    9.73123E-01
    8.74600E+03    1.36741E+00    7.27079E-03    1.20822E+04    6.90827E-09    1.49235E-06   -8.31026E-05    9.86290E-01    9.86111E-01    9.72770E-01
    8.86717E+03    1.37508E+00    7.66955E-03    1.20822E+04    7.08973E-09    1.49119E-06   -8.41873E-05    9.86111E-01    9.85929E-01    9.72414E-01
    8.99001E+03    1.38317E+00    8.09015E-03    1.20822E+04    7.27594E-09    1.49358E-06   -8.52861E-05    9.85929E-01    9.85744E-01    9.72054E-01
    9.11454E+03    1.39171E+00    8.53431E-03    1.20822E+04    7.46748E-09    1.49973E-06   -8.64016E-05    9.85744E-01    9.85556E-01    9.71688E-01
    9.24080E+03    1.40071E+00    9.00395E-03    1.20822E+04    7.66499E-09    1.50992E-06   -8.75369E-05    9.85556E-01    9.85364E-01    9.71315E-01
    9.36879E+03    1.41021E+00    9.50124E-03    1.20822E+04    7.86923E-09    1.52443E-06   -8.86956E-05    9.85364E-01    9.85167E-01    9.70934E-01
    9.49856E+03    1.42024E+00    1.00286E-02    1.20822E+04    8.08102E-09    1.54363E-06   -8.98813E-05    9.85167E-01    9.84966E-01    9.70545E-01
    9.63011E+03    1.43083E+00    1.05888E-02    1.20822E+04    8.30133E-09    1.56793E-06   -9.10981E-05    9.84966E-01    9.84758E-01    9.70145E-01
    9.76348E+03    1.44201E+00    1.11851E-02    1.20822E+04    8.53124E-09    1.59783E-06   -9.23509E-05    9.84758E-01    9.84544E-01    9.69734E-01
    9.89869E+03    1.45383E+00    1.18209E-02    1.20822E+04    8.77201E-09    1.63393E-06   -9.36448E-05    9.84544E-01    9.84321E-01    9.69309E-01
    1.00358E+04    1.46634E+00    1.25005E-02    1.20822E+04    9.02509E-09    1.67693E-06   -9.49857E-05    9.84321E-01    9.84090E-01    9.68868E-01
    1.01747E+04    1.47956E+00    1.32287E-02    1.20822E+04    9.29214E-09    1.72767E-06   -9.63803E-05    9.84090E-01    9.83848E-01    9.68410E-01
    1.03156E+04    1.49357E+00    1.40110E-02    1.20822E+04    9.57513E-09    1.78718E-06   -9.78363E-05    9.83848E-01    9.83594E-01    9.67931E-01
    1.04584E+04    1.50843E+00    1.48541E-02    1.20822E+04    9.87633E-09    1.85669E-06   -9.93624E-05    9.83594E-01    9.83327E-01    9.67429E-01
    1.06032E+04    1.52419E+00    1.57655E-02    1.20822E+04    1.01985E-08    1.93771E-06   -1.00969E-04    9.83327E-01    9.83045E-01    9.66901E-01
    1.07500E+04    1.54095E+00    1.67545E-02    1.20822E+04    1.05447E-08    2.03211E-06   -1.02667E-04    9.83045E-01    9.82745E-01    9.66342E-01
    1.08989E+04    1.55878E+00    1.78321E-02    1.20822E+04    1.09189E-08    2.14220E-06   -1.04472E-04    9.82745E-01    9.82424E-01    9.65748E-01
    1.10497E+04    1.57779E+00    1.90113E-02    1.20822E+04    1.13258E-08    2.27090E-06   -1.06399E-04    9.82424E-01    9.82079E-01    9.65114E-01
    1.12027E+04    1.59810E+00    2.03085E-02    1.20822E+04    1.17710E-08    2.42192E-06   -1.08467E-04    9.82079E-01    9.81706E-01    9.64432E-01
    1.13578E+04    1.61984E+00    2.17435E-02    1.20822E+04    1.22614E-08    2.60006E-06   -1.10701E-04    9.81706E-01    9.81300E-01    9.63696E-01
    1.15150E+04    1.64319E+00    2.33412E-02    1.20822E+04    1.28059E-08    2.81158E-06   -1.13128E-04    9.81300E-01    9.80855E-01    9.62895E-01
    1.16744E+04    1.66832E+00    2.51328E-02    1.20822E+04    1.34155E-08    3.06488E-06   -1.15785E-04    9.80855E-01    9.80363E-01    9.62018E-01
    1.18359E+04    1.69548E+00    2.71588E-02    1.20822E+04    1.41044E-08    3.37137E-06   -1.18714E-04    9.80363E-01    9.79814E-01    9.61050E-01
    1.19998E+04    1.72495E+00    2.94719E-02    1.20822E+04    1.48912E-08    3.74696E-06   -1.21972E-04    9.79814E-01    9.79196E-01    9.59971E-01
    1.21658E+04    1.75709E+00    3.21423E-02    1.20822E+04    1.58007E-08    4.21448E-06   -1.25630E-04    9.79196E-01    9.78492E-01    9.58758E-01
    1.23342E+04    1.79236E+00    3.52656E-02    1.20822E+04    1.68667E-08    4.80776E-06   -1.29783E-04    9.78492E-01    9.77677E-01    9.57378E-01
    1.25049E+04    1.83133E+00    3.89761E-02    1.20822E+04    1.81366E-08    5.57899E-06   -1.34557E-04    9.77677E-01    9.76718E-01    9.55786E-01
    1.26779E+04    1.87480E+00    4.34675E-02    1.20822E+04    1.96790E-08    6.61266E-06   -1.40126E-04    9.76718E-01    9.75566E-01    9.53921E-01
    1.28533E+04    1.92383E+00    4.90304E-02    1.20822E+04    2.15965E-08    8.05426E-06   -1.46736E-04    9.75566E-01    9.74143E-01    9.51694E-01
    1.30312E+04    1.97995E+00    5.61204E-02    1.20822E+04    2.40501E-08    1.01744E-05   -1.54747E-04    9.74143E-01    9.72321E-01    9.48968E-01
    1.32115E+04    2.04544E+00    6.54899E-02    1.20822E+04    2.73055E-08    1.35284E-05   -1.64689E-04    9.72321E-01    9.69865E-01    9.45528E-01
    1.33943E+04    2.12391E+00    7.84644E-02    1.20822E+04    3.18295E-08    1.94081E-05   -1.77349E-04    9.69865E-01    9.66293E-01    9.41013E-01
    1.35796E+04    2.22152E+00    9.76106E-02    1.20822E+04    3.85242E-08    3.13047E-05   -1.93763E-04    9.66293E-01    9.60452E-01    9.34770E-01
    1.37675E+04    2.35073E+00    1.29217E-01    1.20822E+04    4.96178E-08    6.03748E-05   -2.14412E-04    9.60452E-01    9.49032E-01    9.25570E-01
    1.39579E+04    2.55571E+00    2.04974E-01    1.20822E+04    7.65768E-08    1.48787E-04   -2.33322E-04    9.49032E-01    9.20499E-01    9.11073E-01
    1.41510E+04    2.85229E+00    2.96585E-01    1.22494E+04    1.07802E-07    2.33688E-04   -2.30634E-04    9.58538E-01    9.13105E-01    9.20499E-01
    1.43468E+04    3.14610E+00    2.93810E-01    1.25908E+04    1.03902E-07    2.95090E-04   -1.29709E-04    9.62336E-01    9.04174E-01    9.40349E-01
