 # rho, F_z,dF_z, z(rho), E2 (=>sigma2=e0^2*E2), Er, Ez, Ui,j , Ui+1,j , Ui,j-1
    2.50000E-01    1.45568E-04    1.45568E-04    0.00000E+00    1.16454E-03    8.71127E-03   -3.29948E-02    9.79147E-01    9.74791E-01    9.62650E-01
    7.40216E-01    4.19175E-04    2.73607E-04    5.00000E-01    7.69376E-04    3.22492E-03   -2.75495E-02    9.88566E-01    9.87017E-01    9.74791E-01
    1.22396E+00    8.51263E-04    4.32088E-04    5.00000E-01    7.24805E-04    1.03895E-03   -2.69021E-02    9.87017E-01    9.86511E-01    9.73566E-01
    1.71438E+00    1.47517E-03    6.23903E-04    5.00000E-01    7.37010E-04    5.80669E-04   -2.71417E-02    9.86511E-01    9.86224E-01    9.72940E-01
    2.21157E+00    2.31228E-03    8.37115E-04    5.00000E-01    7.56129E-04    5.09176E-04   -2.74931E-02    9.86224E-01    9.85969E-01    9.72477E-01
    2.71562E+00    3.38552E-03    1.07324E-03    5.00000E-01    7.78732E-04    5.79188E-04   -2.78998E-02    9.85969E-01    9.85675E-01    9.72019E-01
    3.22663E+00    4.72455E-03    1.33903E-03    5.00000E-01    8.06580E-04    7.54383E-04   -2.83903E-02    9.85675E-01    9.85287E-01    9.71480E-01
    3.74469E+00    6.37025E-03    1.64571E-03    5.00000E-01    8.42542E-04    1.08798E-03   -2.90062E-02    9.85287E-01    9.84720E-01    9.70784E-01
    4.26990E+00    8.38049E-03    2.01023E-03    5.00000E-01    8.90290E-04    1.77498E-03   -2.97849E-02    9.84720E-01    9.83781E-01    9.69827E-01
    4.80235E+00    1.08364E-02    2.45593E-03    5.00000E-01    9.53921E-04    3.45019E-03   -3.06923E-02    9.83781E-01    9.81931E-01    9.68435E-01
    5.34216E+00    1.38761E-02    3.03973E-03    5.00000E-01    1.04693E-03    8.42514E-03   -3.12401E-02    9.81931E-01    9.77352E-01    9.66311E-01
    5.88941E+00    1.63868E-02    2.51064E-03    9.80431E-01    7.73676E-04    6.00786E-03   -2.71585E-02    9.90931E-01    9.87621E-01    9.77352E-01
    6.44421E+00    1.91373E-02    2.75054E-03    9.80431E-01    7.64086E-04    3.66822E-03   -2.73976E-02    9.87621E-01    9.85572E-01    9.73922E-01
    7.00668E+00    2.25706E-02    3.43329E-03    9.80431E-01    8.65247E-04    4.45657E-03   -2.90755E-02    9.85572E-01    9.83048E-01    9.71034E-01
    7.57690E+00    2.70152E-02    4.44458E-03    9.80431E-01    1.02171E-03    9.64472E-03   -3.04744E-02    9.83048E-01    9.77511E-01    9.67811E-01
    8.15499E+00    3.06618E-02    3.64658E-03    1.46749E+00    7.68244E-04    6.69469E-03   -2.68966E-02    9.90433E-01    9.86536E-01    9.77511E-01
    8.74106E+00    3.48878E-02    4.22598E-03    1.46749E+00    8.19309E-04    5.76128E-03   -2.80378E-02    9.86536E-01    9.83136E-01    9.73066E-01
    9.33522E+00    4.06148E-02    5.72705E-03    1.46749E+00    1.02551E-03    1.11069E-02   -3.00357E-02    9.83136E-01    9.76492E-01    9.68706E-01
    9.93758E+00    4.54705E-02    4.85568E-03    1.96127E+00    8.05657E-04    8.55991E-03   -2.70626E-02    9.89673E-01    9.84482E-01    9.76492E-01
    1.05482E+01    5.16169E-02    6.14638E-03    1.96127E+00    9.47691E-04    1.18936E-02   -2.83943E-02    9.84482E-01    9.77169E-01    9.70652E-01
    1.11673E+01    5.67413E-02    5.12441E-03    2.46187E+00    7.36155E-04    8.59222E-03   -2.57357E-02    9.89877E-01    9.84521E-01    9.77169E-01
    1.17950E+01    6.35815E-02    6.84025E-03    2.46187E+00    9.17694E-04    1.22502E-02   -2.77061E-02    9.84521E-01    9.76779E-01    9.70840E-01
    1.24313E+01    6.94602E-02    5.87864E-03    2.96938E+00    7.38128E-04    9.08603E-03   -2.56041E-02    9.89597E-01    9.83776E-01    9.76779E-01
    1.30764E+01    7.77120E-02    8.25186E-03    2.96938E+00    9.71590E-04    1.39502E-02   -2.78744E-02    9.83776E-01    9.74715E-01    9.69822E-01
    1.37304E+01    8.57403E-02    8.02825E-03    3.48388E+00    8.87985E-04    1.46502E-02   -2.59491E-02    9.87884E-01    9.78238E-01    9.74715E-01
    1.43934E+01    9.16485E-02    5.90822E-03    4.00549E+00    6.14906E-04    9.35328E-03   -2.29657E-02    9.90054E-01    9.83810E-01    9.78238E-01
    1.50655E+01    1.01078E-01    9.42988E-03    4.00549E+00    9.24876E-04    1.48657E-02   -2.65309E-02    9.83810E-01    9.73749E-01    9.70159E-01
    1.57470E+01    1.11160E-01    1.00816E-02    4.53430E+00    9.33128E-04    1.66875E-02   -2.55862E-02    9.87095E-01    9.75646E-01    9.73749E-01
    1.64378E+01    1.20262E-01    9.10202E-03    5.07040E+00    7.96070E-04    1.60914E-02   -2.31762E-02    9.87902E-01    9.76709E-01    9.75646E-01
    1.71382E+01    1.28758E-01    8.49570E-03    5.61391E+00    7.02974E-04    1.48442E-02   -2.19687E-02    9.88486E-01    9.78019E-01    9.76709E-01
    1.78482E+01    1.36023E-01    7.26508E-03    6.16491E+00    5.69375E-04    1.04015E-02   -2.14752E-02    9.89691E-01    9.82254E-01    9.78019E-01
    1.85680E+01    1.49602E-01    1.35790E-02    6.16491E+00    1.00903E-03    1.88779E-02   -2.55471E-02    9.82254E-01    9.68572E-01    9.68370E-01
    1.92978E+01    1.57289E-01    7.68722E-03    7.28983E+00    5.42137E-04    1.66563E-02   -1.62697E-02    9.89574E-01    9.77336E-01    9.80486E-01
    2.00377E+01    1.66943E-01    9.65426E-03    7.86396E+00    6.46797E-04    1.63915E-02   -1.94452E-02    9.88348E-01    9.76137E-01    9.77336E-01
    2.07877E+01    1.77825E-01    1.08815E-02    8.44602E+00    6.93145E-04    1.68109E-02   -2.02618E-02    9.87770E-01    9.75075E-01    9.76137E-01
    2.15481E+01    1.90156E-01    1.23313E-02    9.03610E+00    7.47467E-04    1.78260E-02   -2.07293E-02    9.87140E-01    9.73493E-01    9.75075E-01
    2.23190E+01    2.05369E-01    1.52132E-02    9.63433E+00    8.78181E-04    2.07774E-02   -2.11301E-02    9.85961E-01    9.69834E-01    9.73493E-01
    2.31005E+01    2.14862E-01    9.49245E-03    1.08557E+01    5.22207E-04    1.78126E-02   -1.43149E-02    9.89155E-01    9.75138E-01    9.80473E-01
    2.38929E+01    2.29660E-01    1.47986E-02    1.14790E+01    7.76404E-04    2.09069E-02   -1.84203E-02    9.86464E-01    9.69786E-01    9.75138E-01
    2.46961E+01    2.41563E-01    1.19026E-02    1.27516E+01    5.95931E-04    2.04025E-02   -1.34041E-02    9.88301E-01    9.71801E-01    9.79831E-01
    2.55104E+01    2.52832E-01    1.12689E-02    1.40596E+01    5.38757E-04    1.97859E-02   -1.21357E-02    9.88727E-01    9.72504E-01    9.80845E-01
    2.63360E+01    2.64103E-01    1.12710E-02    1.54039E+01    5.14859E-04    1.95953E-02   -1.14405E-02    9.88799E-01    9.72511E-01    9.81162E-01
    2.71730E+01    2.76376E-01    1.22733E-02    1.67856E+01    5.35981E-04    2.03968E-02   -1.09522E-02    9.88455E-01    9.71266E-01    9.80940E-01
    2.80215E+01    2.86379E-01    1.00029E-02    1.89304E+01    4.17837E-04    1.87495E-02   -8.14206E-03    9.89827E-01    9.73809E-01    9.84006E-01
    2.88817E+01    2.95338E-01    8.95913E-03    2.11653E+01    3.58149E-04    1.75186E-02   -7.15864E-03    9.90340E-01    9.75167E-01    9.85008E-01
    2.97538E+01    3.03556E-01    8.21820E-03    2.34940E+01    3.14559E-04    1.65124E-02   -6.47296E-03    9.90684E-01    9.76184E-01    9.85659E-01
    3.06380E+01    3.11106E-01    7.54999E-03    2.59204E+01    2.76823E-04    1.55537E-02   -5.90808E-03    9.90992E-01    9.77146E-01    9.86213E-01
    3.15343E+01    3.17679E-01    6.57297E-03    2.84487E+01    2.30963E-04    1.41915E-02   -5.43721E-03    9.91465E-01    9.78657E-01    9.86883E-01
    3.24430E+01    3.25709E-01    8.02962E-03    3.01929E+01    2.70511E-04    1.51571E-02   -6.38554E-03    9.90394E-01    9.76526E-01    9.84863E-01
    3.33642E+01    3.32780E-01    7.07147E-03    3.29005E+01    2.28501E-04    1.42611E-02   -5.01213E-03    9.91120E-01    9.77892E-01    9.86597E-01
    3.42982E+01    3.39254E-01    6.47347E-03    3.57217E+01    2.00712E-04    1.34244E-02   -4.52728E-03    9.91442E-01    9.78818E-01    9.87185E-01
    3.52451E+01    3.44892E-01    5.63821E-03    3.86614E+01    1.67802E-04    1.22662E-02   -4.16441E-03    9.91899E-01    9.80205E-01    9.87819E-01
    3.62050E+01    3.51598E-01    6.70613E-03    4.06894E+01    1.91649E-04    1.29401E-02   -4.91954E-03    9.90994E-01    9.78488E-01    9.86040E-01
    3.71781E+01    3.57107E-01    5.50920E-03    4.38376E+01    1.51234E-04    1.16868E-02   -3.82784E-03    9.91905E-01    9.80454E-01    9.87889E-01
    3.81647E+01    3.63526E-01    6.41829E-03    4.60094E+01    1.69299E-04    1.22212E-02   -4.46565E-03    9.91106E-01    9.78966E-01    9.86290E-01
    3.91649E+01    3.68698E-01    5.17239E-03    4.93809E+01    1.31141E-04    1.09260E-02   -3.42975E-03    9.92080E-01    9.81077E-01    9.88226E-01
    4.01789E+01    3.74424E-01    5.72553E-03    5.17068E+01    1.39576E-04    1.11095E-02   -4.01937E-03    9.91489E-01    9.80147E-01    9.86847E-01
    4.12069E+01    3.80702E-01    6.27814E-03    5.40974E+01    1.47198E-04    1.14440E-02   -4.02887E-03    9.91095E-01    9.79250E-01    9.86312E-01
    4.22491E+01    3.85655E-01    4.95280E-03    5.78084E+01    1.11718E-04    1.01398E-02   -2.98365E-03    9.92173E-01    9.81533E-01    9.88482E-01
    4.33057E+01    3.91019E-01    5.36467E-03    6.03685E+01    1.16449E-04    1.02112E-02   -3.49005E-03    9.91684E-01    9.80821E-01    9.87247E-01
    4.43768E+01    3.96616E-01    5.59671E-03    6.29998E+01    1.16939E-04    1.02332E-02   -3.49583E-03    9.91484E-01    9.80447E-01    9.86916E-01
    4.54628E+01    4.02587E-01    5.97065E-03    6.57041E+01    1.20115E-04    1.04169E-02   -3.40626E-03    9.91225E-01    9.79835E-01    9.86650E-01
    4.65637E+01    4.07250E-01    4.66345E-03    6.99023E+01    9.03523E-05    9.17843E-03   -2.47161E-03    9.92327E-01    9.82153E-01    9.88869E-01
    4.76798E+01    4.12215E-01    4.96458E-03    7.27985E+01    9.26563E-05    9.18006E-03   -2.89530E-03    9.91925E-01    9.81608E-01    9.87761E-01
    4.88113E+01    4.17266E-01    5.05122E-03    7.57752E+01    9.08345E-05    9.08385E-03   -2.88412E-03    9.91828E-01    9.81479E-01    9.87565E-01
    4.99584E+01    4.22335E-01    5.06872E-03    7.88346E+01    8.78440E-05    8.94158E-03   -2.80929E-03    9.91802E-01    9.81474E-01    9.87534E-01
    5.11214E+01    4.27388E-01    5.05335E-03    8.19791E+01    8.44203E-05    8.77701E-03   -2.71742E-03    9.91806E-01    9.81529E-01    9.87563E-01
    5.23004E+01    4.32405E-01    5.01666E-03    8.52109E+01    8.08031E-05    8.59878E-03   -2.61994E-03    9.91828E-01    9.81621E-01    9.87624E-01
    5.34957E+01    4.37366E-01    4.96168E-03    8.85325E+01    7.70683E-05    8.40916E-03   -2.52078E-03    9.91866E-01    9.81746E-01    9.87708E-01
    5.47074E+01    4.42252E-01    4.88565E-03    9.19465E+01    7.31964E-05    8.20563E-03   -2.42156E-03    9.91920E-01    9.81909E-01    9.87815E-01
    5.59359E+01    4.47028E-01    4.77618E-03    9.54553E+01    6.90321E-05    7.97713E-03   -2.32325E-03    9.92001E-01    9.82134E-01    9.87953E-01
    5.71814E+01    4.51616E-01    4.58780E-03    9.90617E+01    6.39821E-05    7.68200E-03   -2.22913E-03    9.92144E-01    9.82511E-01    9.88152E-01
    5.84440E+01    4.55670E-01    4.05462E-03    1.02768E+02    5.45716E-05    7.05829E-03   -2.17994E-03    9.92556E-01    9.83582E-01    9.88543E-01
    5.97241E+01    4.61648E-01    5.97776E-03    1.04660E+02    7.76593E-05    7.94923E-03   -3.80383E-03    9.90680E-01    9.80435E-01    9.83582E-01
    6.10218E+01    4.66731E-01    5.08245E-03    1.08522E+02    6.37442E-05    7.66653E-03   -2.22902E-03    9.91724E-01    9.81706E-01    9.87449E-01
    6.23374E+01    4.71540E-01    4.80897E-03    1.12492E+02    5.82375E-05    7.35812E-03   -2.02376E-03    9.91968E-01    9.82221E-01    9.87979E-01
    6.36712E+01    4.76088E-01    4.54878E-03    1.16571E+02    5.31985E-05    7.03927E-03   -1.90977E-03    9.92179E-01    9.82725E-01    9.88310E-01
    6.50234E+01    4.80082E-01    3.99329E-03    1.20765E+02    4.51083E-05    6.45532E-03   -1.85396E-03    9.92620E-01    9.83831E-01    9.88759E-01
    6.63943E+01    4.85870E-01    5.78875E-03    1.22905E+02    6.31680E-05    7.22186E-03   -3.31854E-03    9.90836E-01    9.80868E-01    9.83831E-01
    6.77840E+01    4.90728E-01    4.85735E-03    1.27274E+02    5.12110E-05    6.90554E-03   -1.87736E-03    9.91907E-01    9.82244E-01    9.87834E-01
    6.91930E+01    4.95223E-01    4.49552E-03    1.31764E+02    4.57990E-05    6.55087E-03   -1.69855E-03    9.92225E-01    9.82932E-01    9.88437E-01
    7.06214E+01    4.99134E-01    3.91035E-03    1.36380E+02    3.85004E-05    5.98643E-03   -1.63186E-03    9.92703E-01    9.84093E-01    9.88963E-01
    7.20695E+01    5.04719E-01    5.58495E-03    1.38735E+02    5.31498E-05    6.65547E-03   -2.97565E-03    9.91007E-01    9.81303E-01    9.84093E-01
    7.35376E+01    5.09304E-01    4.58529E-03    1.43544E+02    4.21831E-05    6.28415E-03   -1.64088E-03    9.92132E-01    9.82843E-01    9.88214E-01
    7.50259E+01    5.13219E-01    3.91476E-03    1.48487E+02    3.48195E-05    5.70403E-03   -1.51117E-03    9.92706E-01    9.84158E-01    9.88997E-01
    7.65348E+01    5.18747E-01    5.52815E-03    1.51010E+02    4.75442E-05    6.31167E-03   -2.77615E-03    9.91066E-01    9.81477E-01    9.84158E-01
    7.80645E+01    5.23239E-01    4.49233E-03    1.56160E+02    3.73630E-05    5.92604E-03   -1.49837E-03    9.92219E-01    9.83092E-01    9.88387E-01
    7.96153E+01    5.27034E-01    3.79522E-03    1.61453E+02    3.05290E-05    5.35153E-03   -1.37482E-03    9.92824E-01    9.84468E-01    9.89210E-01
    8.11876E+01    5.32307E-01    5.27261E-03    1.64155E+02    4.10257E-05    5.87244E-03   -2.55737E-03    9.91283E-01    9.81987E-01    9.84468E-01
    8.27815E+01    5.36257E-01    3.95008E-03    1.69671E+02    2.97331E-05    5.27320E-03   -1.38796E-03    9.92672E-01    9.84209E-01    9.88871E-01
    8.43974E+01    5.41665E-01    5.40784E-03    1.72486E+02    3.93831E-05    5.75088E-03   -2.51208E-03    9.91185E-01    9.81828E-01    9.84209E-01
    8.60356E+01    5.45676E-01    4.01141E-03    1.78233E+02    2.82671E-05    5.14661E-03   -1.33401E-03    9.92628E-01    9.84139E-01    9.88821E-01
    8.76964E+01    5.51146E-01    5.46923E-03    1.81166E+02    3.72954E-05    5.60534E-03   -2.42394E-03    9.91152E-01    9.81779E-01    9.84139E-01
    8.93802E+01    5.55216E-01    4.07027E-03    1.87154E+02    2.68622E-05    5.02430E-03   -1.27223E-03    9.92589E-01    9.84072E-01    9.88806E-01
    9.10872E+01    5.60781E-01    5.56515E-03    1.90210E+02    3.55489E-05    5.48846E-03   -2.32930E-03    9.91094E-01    9.81661E-01    9.84072E-01
    9.28177E+01    5.65201E-01    4.41986E-03    1.96450E+02    2.73295E-05    5.09234E-03   -1.18219E-03    9.92324E-01    9.83451E-01    9.88661E-01
    9.45721E+01    5.68895E-01    3.69396E-03    2.02863E+02    2.21121E-05    4.57826E-03   -1.07314E-03    9.92962E-01    9.84875E-01    9.89545E-01
    9.63507E+01    5.73913E-01    5.01858E-03    2.06136E+02    2.90854E-05    4.98110E-03   -2.06738E-03    9.91549E-01    9.82629E-01    9.84875E-01
    9.81539E+01    5.77557E-01    3.64378E-03    2.12818E+02    2.04476E-05    4.39188E-03   -1.07652E-03    9.92992E-01    9.85019E-01    9.89420E-01
    9.99820E+01    5.82251E-01    4.69347E-03    2.16229E+02    2.55045E-05    4.62760E-03   -2.02234E-03    9.91822E-01    9.83305E-01    9.85019E-01
    1.01835E+02    5.87931E-01    5.68007E-03    2.19686E+02    2.98915E-05    4.97803E-03   -2.26071E-03    9.91015E-01    9.81726E-01    9.83305E-01
    1.03714E+02    5.91924E-01    3.99307E-03    2.26745E+02    2.03521E-05    4.38658E-03   -1.05356E-03    9.92692E-01    9.84394E-01    9.88999E-01
    1.05619E+02    5.97234E-01    5.30980E-03    2.30347E+02    2.62134E-05    4.73119E-03   -1.95686E-03    9.91348E-01    9.82274E-01    9.84394E-01
    1.07550E+02    6.01105E-01    3.87150E-03    2.37703E+02    1.85142E-05    4.19083E-03   -9.75238E-04    9.92818E-01    9.84670E-01    9.89256E-01
    1.09508E+02    6.06242E-01    5.13679E-03    2.41456E+02    2.37974E-05    4.51592E-03   -1.84497E-03    9.91501E-01    9.82600E-01    9.84670E-01
    1.11492E+02    6.09918E-01    3.67629E-03    2.49120E+02    1.65004E-05    3.95649E-03   -9.20120E-04    9.93002E-01    9.85095E-01    9.89500E-01
    1.13505E+02    6.14601E-01    4.68303E-03    2.53032E+02    2.03654E-05    4.15574E-03   -1.75931E-03    9.91883E-01    9.83464E-01    9.85095E-01
    1.15544E+02    6.20203E-01    5.60206E-03    2.56997E+02    2.36061E-05    4.44564E-03   -1.96021E-03    9.91131E-01    9.82000E-01    9.83464E-01
    1.17612E+02    6.24116E-01    3.91258E-03    2.65093E+02    1.59766E-05    3.89763E-03   -8.86018E-04    9.92804E-01    9.84688E-01    9.89242E-01
    1.19709E+02    6.29248E-01    5.13226E-03    2.69224E+02    2.03097E-05    4.18127E-03   -1.68128E-03    9.91540E-01    9.82714E-01    9.84688E-01
    1.21835E+02    6.32896E-01    3.64771E-03    2.77660E+02    1.39900E-05    3.64960E-03   -8.18809E-04    9.93055E-01    9.85245E-01    9.89625E-01
    1.23989E+02    6.37505E-01    4.60907E-03    2.81965E+02    1.71335E-05    3.82329E-03   -1.58618E-03    9.91981E-01    9.83686E-01    9.85245E-01
    1.26174E+02    6.42962E-01    5.45754E-03    2.86330E+02    1.96649E-05    4.06850E-03   -1.76415E-03    9.91281E-01    9.82332E-01    9.83686E-01
    1.28389E+02    6.46681E-01    3.71908E-03    2.95241E+02    1.29904E-05    3.51751E-03   -7.85797E-04    9.93001E-01    9.85157E-01    9.89524E-01
    1.30634E+02    6.51347E-01    4.66530E-03    2.99788E+02    1.57973E-05    3.67449E-03   -1.51508E-03    9.91954E-01    9.83647E-01    9.85157E-01
    1.32910E+02    6.56838E-01    5.49111E-03    3.04399E+02    1.80264E-05    3.90016E-03   -1.67786E-03    9.91277E-01    9.82339E-01    9.83647E-01
    1.35218E+02    6.60570E-01    3.73253E-03    3.13812E+02    1.18802E-05    3.36683E-03   -7.38039E-04    9.93005E-01    9.85182E-01    9.89555E-01
    1.37558E+02    6.65239E-01    4.66813E-03    3.18616E+02    1.44066E-05    3.51478E-03   -1.43282E-03    9.91972E-01    9.83693E-01    9.85182E-01
    1.39929E+02    6.70717E-01    5.47809E-03    3.23487E+02    1.63935E-05    3.72554E-03   -1.58550E-03    9.91310E-01    9.82413E-01    9.83693E-01
    1.42334E+02    6.74441E-01    3.72466E-03    3.33430E+02    1.08088E-05    3.21436E-03   -6.90406E-04    9.93028E-01    9.85246E-01    9.89619E-01
    1.44772E+02    6.79088E-01    4.64686E-03    3.38505E+02    1.30775E-05    3.35440E-03   -1.35108E-03    9.92010E-01    9.83776E-01    9.85246E-01
    1.47243E+02    6.84527E-01    5.43922E-03    3.43650E+02    1.48456E-05    3.55135E-03   -1.49449E-03    9.91361E-01    9.82524E-01    9.83776E-01
    1.49749E+02    6.88228E-01    3.70021E-03    3.54153E+02    9.79505E-06    3.06263E-03   -6.44474E-04    9.93066E-01    9.85340E-01    9.89704E-01
    1.52289E+02    6.92832E-01    4.60469E-03    3.59514E+02    1.18229E-05    3.19470E-03   -1.27152E-03    9.92063E-01    9.83893E-01    9.85340E-01
    1.54864E+02    6.98207E-01    5.37482E-03    3.64949E+02    1.33860E-05    3.37776E-03   -1.40597E-03    9.91430E-01    9.82673E-01    9.83893E-01
    1.57474E+02    7.01861E-01    3.65393E-03    3.76045E+02    8.82746E-06    2.90979E-03   -6.00489E-04    9.93122E-01    9.85473E-01    9.89813E-01
    1.60121E+02    7.06392E-01    4.53113E-03    3.81708E+02    1.06192E-05    3.03210E-03   -1.19398E-03    9.92143E-01    9.84063E-01    9.85473E-01
    1.62804E+02    7.11657E-01    5.26464E-03    3.87449E+02    1.19697E-05    3.19824E-03   -1.31946E-03    9.91535E-01    9.82895E-01    9.84063E-01
    1.65524E+02    7.15200E-01    3.54357E-03    3.99170E+02    7.81640E-06    2.73931E-03   -5.59074E-04    9.93235E-01    9.85732E-01    9.89981E-01
    1.68282E+02    7.19532E-01    4.33119E-03    4.05152E+02    9.26926E-06    2.83181E-03   -1.11808E-03    9.92330E-01    9.84467E-01    9.85732E-01
    1.71078E+02    7.24373E-01    4.84102E-03    4.11217E+02    1.00523E-05    2.91749E-03   -1.24119E-03    9.91892E-01    9.83679E-01    9.84467E-01
    1.73912E+02    7.29795E-01    5.42271E-03    4.17365E+02    1.09259E-05    3.04820E-03   -1.27842E-03    9.91432E-01    9.82733E-01    9.83679E-01
    1.76786E+02    7.33377E-01    3.58135E-03    4.29917E+02    7.00194E-06    2.59387E-03   -5.23225E-04    9.93216E-01    9.85712E-01    9.89955E-01
    1.79699E+02    7.37730E-01    4.35305E-03    4.36324E+02    8.25875E-06    2.67594E-03   -1.04790E-03    9.92333E-01    9.84485E-01    9.85712E-01
    1.82653E+02    7.42571E-01    4.84129E-03    4.42818E+02    8.91354E-06    2.75101E-03   -1.15994E-03    9.91916E-01    9.83735E-01    9.84485E-01
    1.85647E+02    7.47967E-01    5.39602E-03    4.49403E+02    9.64160E-06    2.86713E-03   -1.19213E-03    9.91478E-01    9.82834E-01    9.83735E-01
    1.88682E+02    7.51510E-01    3.54269E-03    4.62846E+02    6.14346E-06    2.43111E-03   -4.82882E-04    9.93269E-01    9.85839E-01    9.90046E-01
    1.91760E+02    7.55783E-01    4.27379E-03    4.69706E+02    7.19307E-06    2.49927E-03   -9.73006E-04    9.92424E-01    9.84680E-01    9.85839E-01
    1.94879E+02    7.60472E-01    4.68824E-03    4.76662E+02    7.65861E-06    2.54950E-03   -1.07641E-03    9.92065E-01    9.84056E-01    9.84680E-01
    1.98042E+02    7.65510E-01    5.03785E-03    4.83713E+02    7.98805E-06    2.59883E-03   -1.11093E-03    9.91783E-01    9.83507E-01    9.84056E-01
    2.01249E+02    7.71046E-01    5.53596E-03    4.90862E+02    8.52041E-06    2.69585E-03   -1.11929E-03    9.91400E-01    9.82696E-01    9.83507E-01
    2.04499E+02    7.74668E-01    3.62267E-03    5.05457E+02    5.41235E-06    2.28364E-03   -4.44199E-04    9.93218E-01    9.85743E-01    9.89998E-01
    2.07795E+02    7.79043E-01    4.37517E-03    5.12906E+02    6.34536E-06    2.35236E-03   -9.00986E-04    9.92363E-01    9.84558E-01    9.85743E-01
    2.11136E+02    7.83882E-01    4.83882E-03    5.20457E+02    6.81272E-06    2.41305E-03   -9.94934E-04    9.91969E-01    9.83851E-01    9.84558E-01
    2.14523E+02    7.89245E-01    5.36301E-03    5.28113E+02    7.33037E-06    2.50787E-03   -1.02027E-03    9.91556E-01    9.83003E-01    9.83851E-01
    2.17957E+02    7.92768E-01    3.52240E-03    5.43743E+02    4.67419E-06    2.12373E-03   -4.04904E-04    9.93326E-01    9.85983E-01    9.90183E-01
    2.21439E+02    7.96996E-01    4.22852E-03    5.51721E+02    5.44782E-06    2.18177E-03   -8.29280E-04    9.92508E-01    9.84861E-01    9.85983E-01
    2.24968E+02    8.01614E-01    4.61753E-03    5.59808E+02    5.77595E-06    2.22177E-03   -9.16338E-04    9.92170E-01    9.84275E-01    9.84861E-01
    2.28546E+02    8.06551E-01    4.93781E-03    5.68007E+02    5.99713E-06    2.25957E-03   -9.44186E-04    9.91911E-01    9.83771E-01    9.84275E-01
    2.32174E+02    8.11944E-01    5.39218E-03    5.76319E+02    6.35890E-06    2.33596E-03   -9.49824E-04    9.91558E-01    9.83026E-01    9.83771E-01
    2.35851E+02    8.15449E-01    3.50580E-03    5.93288E+02    4.01446E-06    1.96915E-03   -3.70024E-04    9.93358E-01    9.86067E-01    9.90240E-01
    2.39579E+02    8.19633E-01    4.18316E-03    6.01949E+02    4.65137E-06    2.01791E-03   -7.61186E-04    9.92570E-01    9.84995E-01    9.86067E-01
    2.43359E+02    8.24164E-01    4.53157E-03    6.10730E+02    4.89299E-06    2.04652E-03   -8.39492E-04    9.92266E-01    9.84478E-01    9.84995E-01
    2.47191E+02    8.28944E-01    4.77950E-03    6.19631E+02    5.01154E-06    2.06520E-03   -8.63987E-04    9.92064E-01    9.84096E-01    9.84478E-01
    2.51076E+02    8.33980E-01    5.03603E-03    6.28656E+02    5.12805E-06    2.08973E-03   -8.72389E-04    9.91861E-01    9.83688E-01    9.84096E-01
    2.55014E+02    8.39433E-01    5.45312E-03    6.37805E+02    5.39259E-06    2.15295E-03   -8.70285E-04    9.91542E-01    9.83004E-01    9.83688E-01
    2.59007E+02    8.42963E-01    3.53052E-03    6.56483E+02    3.39072E-06    1.81083E-03   -3.34067E-04    9.93357E-01    9.86077E-01    9.90258E-01
    2.63055E+02    8.47163E-01    4.19977E-03    6.66016E+02    3.91734E-06    1.85442E-03   -6.91708E-04    9.92582E-01    9.85024E-01    9.86077E-01
    2.67158E+02    8.51701E-01    4.53814E-03    6.75681E+02    4.11121E-06    1.87900E-03   -7.61936E-04    9.92287E-01    9.84524E-01    9.85024E-01
    2.71319E+02    8.56478E-01    4.77625E-03    6.85479E+02    4.20257E-06    1.89448E-03   -7.83268E-04    9.92094E-01    9.84158E-01    9.84524E-01
    2.75536E+02    8.61500E-01    5.02258E-03    6.95412E+02    4.29243E-06    1.91524E-03   -7.90125E-04    9.91899E-01    9.83766E-01    9.84158E-01
    2.79812E+02    8.66927E-01    5.42649E-03    7.05482E+02    4.50459E-06    1.97086E-03   -7.87603E-04    9.91590E-01    9.83105E-01    9.83766E-01
    2.84147E+02    8.70443E-01    3.51661E-03    7.26041E+02    2.83551E-06    1.65708E-03   -2.99331E-04    9.93390E-01    9.86157E-01    9.90334E-01
    2.88542E+02    8.74617E-01    4.17423E-03    7.36534E+02    3.26938E-06    1.69664E-03   -6.25123E-04    9.92627E-01    9.85120E-01    9.86157E-01
    2.92998E+02    8.79120E-01    4.50209E-03    7.47172E+02    3.42528E-06    1.71802E-03   -6.88255E-04    9.92341E-01    9.84635E-01    9.85120E-01
    2.97514E+02    8.83849E-01    4.72957E-03    7.57957E+02    3.49548E-06    1.73078E-03   -7.07033E-04    9.92156E-01    9.84284E-01    9.84635E-01
    3.02094E+02    8.88812E-01    4.96327E-03    7.68890E+02    3.56342E-06    1.74798E-03   -7.12726E-04    9.91971E-01    9.83912E-01    9.84284E-01
    3.06736E+02    8.94160E-01    5.34803E-03    7.79974E+02    3.73008E-06    1.79611E-03   -7.09980E-04    9.91674E-01    9.83279E-01    9.83912E-01
    3.11443E+02    8.97620E-01    3.46007E-03    8.02604E+02    2.34446E-06    1.50766E-03   -2.67277E-04    9.93459E-01    9.86315E-01    9.90455E-01
    3.16214E+02    9.01710E-01    4.08945E-03    8.14153E+02    2.69196E-06    1.54131E-03   -5.62416E-04    9.92722E-01    9.85317E-01    9.86315E-01
    3.21051E+02    9.06095E-01    4.38524E-03    8.25862E+02    2.80448E-06    1.55623E-03   -6.18579E-04    9.92461E-01    9.84882E-01    9.85317E-01
    3.25955E+02    9.10660E-01    4.56522E-03    8.37732E+02    2.83650E-06    1.56004E-03   -6.34653E-04    9.92313E-01    9.84610E-01    9.84882E-01
    3.30927E+02    9.15369E-01    4.70871E-03    8.49766E+02    2.84248E-06    1.56006E-03   -6.39281E-04    9.92198E-01    9.84389E-01    9.84610E-01
    3.35967E+02    9.20222E-01    4.85323E-03    8.61967E+02    2.84649E-06    1.56125E-03   -6.39531E-04    9.92085E-01    9.84162E-01    9.84389E-01
    3.41077E+02    9.25263E-01    5.04085E-03    8.74335E+02    2.87259E-06    1.57041E-03   -6.37494E-04    9.91940E-01    9.83860E-01    9.84162E-01
    3.46258E+02    9.30658E-01    5.39449E-03    8.86875E+02    2.98691E-06    1.60881E-03   -6.31385E-04    9.91670E-01    9.83278E-01    9.83860E-01
    3.51510E+02    9.34136E-01    3.47828E-03    9.12475E+02    1.87131E-06    1.34771E-03   -2.34472E-04    9.93464E-01    9.86338E-01    9.90484E-01
    3.56834E+02    9.38235E-01    4.09874E-03    9.25541E+02    2.14264E-06    1.37690E-03   -4.96782E-04    9.92740E-01    9.85359E-01    9.86338E-01
    3.62232E+02    9.42619E-01    4.38443E-03    9.38787E+02    2.22711E-06    1.38898E-03   -5.45741E-04    9.92489E-01    9.84941E-01    9.85359E-01
    3.67704E+02    9.47174E-01    4.55490E-03    9.52216E+02    2.24824E-06    1.39120E-03   -5.59291E-04    9.92349E-01    9.84684E-01    9.84941E-01
    3.73252E+02    9.51863E-01    4.68925E-03    9.65830E+02    2.24911E-06    1.39008E-03   -5.62828E-04    9.92242E-01    9.84477E-01    9.84684E-01
    3.78876E+02    9.56688E-01    4.82437E-03    9.79632E+02    2.24854E-06    1.38998E-03   -5.62570E-04    9.92136E-01    9.84264E-01    9.84477E-01
    3.84578E+02    9.61689E-01    5.00129E-03    9.93624E+02    2.26518E-06    1.39685E-03   -5.60343E-04    9.91998E-01    9.83979E-01    9.84264E-01
    3.90359E+02    9.67029E-01    5.33966E-03    1.00781E+03    2.35019E-06    1.42920E-03   -5.54589E-04    9.91739E-01    9.83420E-01    9.83979E-01
    3.96220E+02    9.70471E-01    3.44283E-03    1.03677E+03    1.47259E-06    1.19624E-03   -2.03942E-04    9.93517E-01    9.86458E-01    9.90584E-01
    4.02161E+02    9.74517E-01    4.04518E-03    1.05155E+03    1.68146E-06    1.22133E-03   -4.35680E-04    9.92810E-01    9.85504E-01    9.86458E-01
    4.08184E+02    9.78830E-01    4.31364E-03    1.06654E+03    1.74254E-06    1.23038E-03   -4.78246E-04    9.92573E-01    9.85111E-01    9.85504E-01
    4.14291E+02    9.83294E-01    4.46416E-03    1.08173E+03    1.75258E-06    1.22998E-03   -4.89615E-04    9.92448E-01    9.84886E-01    9.85111E-01
    4.20481E+02    9.87865E-01    4.57103E-03    1.09713E+03    1.74405E-06    1.22549E-03   -4.92154E-04    9.92362E-01    9.84724E-01    9.84886E-01
    4.26758E+02    9.92527E-01    4.66198E-03    1.11274E+03    1.72873E-06    1.21955E-03   -4.91347E-04    9.92291E-01    9.84584E-01    9.84724E-01
    4.33120E+02    9.97280E-01    4.75279E-03    1.12857E+03    1.71288E-06    1.21396E-03   -4.89065E-04    9.92221E-01    9.84444E-01    9.84584E-01
    4.39571E+02    1.00214E+00    4.85996E-03    1.14462E+03    1.70231E-06    1.21080E-03   -4.86075E-04    9.92138E-01    9.84274E-01    9.84444E-01
    4.46111E+02    1.00716E+00    5.01611E-03    1.16089E+03    1.70768E-06    1.21444E-03   -4.82508E-04    9.92017E-01    9.84021E-01    9.84274E-01
    4.52741E+02    1.01249E+00    5.33537E-03    1.17738E+03    1.76541E-06    1.24031E-03   -4.76497E-04    9.91773E-01    9.83494E-01    9.84021E-01
    4.59462E+02    1.01593E+00    3.43706E-03    1.21106E+03    1.10539E-06    1.03700E-03   -1.73273E-04    9.93544E-01    9.86526E-01    9.90647E-01
    4.66276E+02    1.01996E+00    4.02785E-03    1.22824E+03    1.25909E-06    1.05824E-03   -3.73113E-04    9.92851E-01    9.85591E-01    9.86526E-01
    4.73184E+02    1.02424E+00    4.28526E-03    1.24567E+03    1.30203E-06    1.06516E-03   -4.09212E-04    9.92624E-01    9.85215E-01    9.85591E-01
    4.80188E+02    1.02867E+00    4.42496E-03    1.26333E+03    1.30683E-06    1.06379E-03   -4.18544E-04    9.92507E-01    9.85006E-01    9.85215E-01
    4.87288E+02    1.03319E+00    4.52009E-03    1.28124E+03    1.29757E-06    1.05872E-03   -4.20338E-04    9.92431E-01    9.84862E-01    9.85006E-01
    4.94486E+02    1.03778E+00    4.59687E-03    1.29939E+03    1.28270E-06    1.05210E-03   -4.19278E-04    9.92371E-01    9.84746E-01    9.84862E-01
    5.01783E+02    1.04245E+00    4.66834E-03    1.31780E+03    1.26622E-06    1.04517E-03   -4.16953E-04    9.92315E-01    9.84636E-01    9.84746E-01
    5.09181E+02    1.04720E+00    4.74467E-03    1.33646E+03    1.25097E-06    1.03901E-03   -4.14038E-04    9.92256E-01    9.84517E-01    9.84636E-01
    5.16682E+02    1.05204E+00    4.83969E-03    1.35537E+03    1.24038E-06    1.03517E-03   -4.10844E-04    9.92183E-01    9.84366E-01    9.84517E-01
    5.24285E+02    1.05702E+00    4.98412E-03    1.37455E+03    1.24173E-06    1.03721E-03   -4.07334E-04    9.92071E-01    9.84130E-01    9.84366E-01
    5.31994E+02    1.06231E+00    5.28875E-03    1.39399E+03    1.28086E-06    1.05799E-03   -4.01884E-04    9.91838E-01    9.83626E-01    9.84130E-01
    5.39809E+02    1.06572E+00    3.40889E-03    1.43369E+03    8.02556E-07    8.84098E-04   -1.44664E-04    9.93591E-01    9.86634E-01    9.90739E-01
    5.47732E+02    1.06970E+00    3.98560E-03    1.45395E+03    9.12171E-07    9.01916E-04   -3.14194E-04    9.92913E-01    9.85718E-01    9.86634E-01
    5.55764E+02    1.07394E+00    4.23151E-03    1.47448E+03    9.41461E-07    9.07123E-04   -3.44369E-04    9.92694E-01    9.85358E-01    9.85718E-01
    5.63907E+02    1.07830E+00    4.36040E-03    1.49530E+03    9.43115E-07    9.05126E-04   -3.51940E-04    9.92586E-01    9.85165E-01    9.85358E-01
    5.72163E+02    1.08274E+00    4.44393E-03    1.51641E+03    9.34416E-07    8.99829E-04   -3.53163E-04    9.92519E-01    9.85039E-01    9.85165E-01
    5.80532E+02    1.08725E+00    4.50690E-03    1.53781E+03    9.21282E-07    8.92972E-04   -3.51971E-04    9.92469E-01    9.84944E-01    9.85039E-01
    5.89017E+02    1.09181E+00    4.56040E-03    1.55951E+03    9.06283E-07    8.85438E-04   -3.49689E-04    9.92427E-01    9.84863E-01    9.84944E-01
    5.97619E+02    1.09642E+00    4.61088E-03    1.58150E+03    8.90832E-07    8.77786E-04   -3.46876E-04    9.92389E-01    9.84786E-01    9.84863E-01
    6.06340E+02    1.10108E+00    4.66366E-03    1.60380E+03    8.75981E-07    8.70502E-04   -3.43812E-04    9.92348E-01    9.84705E-01    9.84786E-01
    6.15181E+02    1.10581E+00    4.72531E-03    1.62641E+03    8.62899E-07    8.64206E-04   -3.40655E-04    9.92301E-01    9.84608E-01    9.84705E-01
    6.24144E+02    1.11061E+00    4.80761E-03    1.64933E+03    8.53541E-07    8.60027E-04   -3.37483E-04    9.92237E-01    9.84476E-01    9.84608E-01
    6.33230E+02    1.11555E+00    4.93953E-03    1.67256E+03    8.52612E-07    8.60776E-04   -3.34180E-04    9.92135E-01    9.84260E-01    9.84476E-01
    6.42442E+02    1.12078E+00    5.22840E-03    1.69612E+03    8.77424E-07    8.76888E-04   -3.29380E-04    9.91912E-01    9.83779E-01    9.84260E-01
    6.51782E+02    1.12415E+00    3.37117E-03    1.74420E+03    5.50049E-07    7.32309E-04   -1.17355E-04    9.93647E-01    9.86760E-01    9.90844E-01
    6.61250E+02    1.12809E+00    3.93221E-03    1.76875E+03    6.23794E-07    7.46801E-04   -2.57065E-04    9.92984E-01    9.85865E-01    9.86760E-01
    6.70849E+02    1.13225E+00    4.16608E-03    1.79363E+03    6.42572E-07    7.50533E-04   -2.81553E-04    9.92775E-01    9.85521E-01    9.85865E-01
    6.80580E+02    1.13654E+00    4.28431E-03    1.81886E+03    6.42492E-07    7.48221E-04   -2.87501E-04    9.92675E-01    9.85344E-01    9.85521E-01
    6.90445E+02    1.14089E+00    4.35707E-03    1.84443E+03    6.35299E-07    7.43106E-04   -2.88259E-04    9.92615E-01    9.85234E-01    9.85344E-01
    7.00447E+02    1.14530E+00    4.40825E-03    1.87036E+03    6.24959E-07    7.36592E-04   -2.87039E-04    9.92575E-01    9.85157E-01    9.85234E-01
    7.10587E+02    1.14975E+00    4.44794E-03    1.89664E+03    6.13128E-07    7.29351E-04   -2.84912E-04    9.92544E-01    9.85098E-01    9.85157E-01
    7.20866E+02    1.15423E+00    4.48125E-03    1.92329E+03    6.00622E-07    7.21744E-04   -2.82324E-04    9.92519E-01    9.85048E-01    9.85098E-01
    7.31288E+02    1.15874E+00    4.51117E-03    1.95030E+03    5.87902E-07    7.13994E-04   -2.79491E-04    9.92496E-01    9.85004E-01    9.85048E-01
    7.41853E+02    1.16328E+00    4.53984E-03    1.97769E+03    5.75274E-07    7.06260E-04   -2.76533E-04    9.92475E-01    9.84962E-01    9.85004E-01
    7.52564E+02    1.16785E+00    4.56913E-03    2.00546E+03    5.62976E-07    6.98685E-04   -2.73523E-04    9.92453E-01    9.84918E-01    9.84962E-01
    7.63423E+02    1.17245E+00    4.60116E-03    2.03361E+03    5.51251E-07    6.91429E-04   -2.70513E-04    9.92429E-01    9.84869E-01    9.84918E-01
    7.74432E+02    1.17709E+00    4.63893E-03    2.06214E+03    5.40417E-07    6.84718E-04   -2.67542E-04    9.92400E-01    9.84811E-01    9.84869E-01
    7.85593E+02    1.18178E+00    4.68759E-03    2.09107E+03    5.31000E-07    6.78944E-04   -2.64643E-04    9.92363E-01    9.84734E-01    9.84811E-01
    7.96907E+02    1.18654E+00    4.75782E-03    2.12040E+03    5.24071E-07    6.74923E-04   -2.61822E-04    9.92308E-01    9.84620E-01    9.84734E-01
    8.08378E+02    1.19141E+00    4.87727E-03    2.15014E+03    5.22397E-07    6.74785E-04   -2.58963E-04    9.92215E-01    9.84422E-01    9.84620E-01
    8.20007E+02    1.19656E+00    5.14977E-03    2.18028E+03    5.36360E-07    6.86538E-04   -2.55000E-04    9.92004E-01    9.83965E-01    9.84422E-01
    8.31797E+02    1.19988E+00    3.32175E-03    2.24183E+03    3.36421E-07    5.73005E-04   -8.99238E-05    9.93715E-01    9.86913E-01    9.90967E-01
    8.43749E+02    1.20375E+00    3.86567E-03    2.27324E+03    3.80709E-07    5.84155E-04   -1.98675E-04    9.93069E-01    9.86039E-01    9.86913E-01
    8.55867E+02    1.20784E+00    4.08756E-03    2.30508E+03    3.91460E-07    5.86667E-04   -2.17445E-04    9.92869E-01    9.85712E-01    9.86039E-01
    8.68151E+02    1.21203E+00    4.19605E-03    2.33737E+03    3.90771E-07    5.84423E-04   -2.21857E-04    9.92777E-01    9.85548E-01    9.85712E-01
    8.80605E+02    1.21629E+00    4.25984E-03    2.37010E+03    3.85778E-07    5.79977E-04   -2.22270E-04    9.92724E-01    9.85451E-01    9.85548E-01
    8.93231E+02    1.22060E+00    4.30218E-03    2.40328E+03    3.78876E-07    5.74425E-04   -2.21161E-04    9.92690E-01    9.85387E-01    9.85451E-01
    9.06031E+02    1.22493E+00    4.33273E-03    2.43692E+03    3.71056E-07    5.68278E-04   -2.19354E-04    9.92666E-01    9.85342E-01    9.85387E-01
    9.19008E+02    1.22929E+00    4.35625E-03    2.47102E+03    3.62795E-07    5.61804E-04   -2.17188E-04    9.92648E-01    9.85307E-01    9.85342E-01
    9.32164E+02    1.23366E+00    4.37531E-03    2.50559E+03    3.54350E-07    5.55158E-04   -2.14826E-04    9.92634E-01    9.85280E-01    9.85307E-01
    9.45501E+02    1.23805E+00    4.39152E-03    2.54064E+03    3.45873E-07    5.48432E-04   -2.12355E-04    9.92622E-01    9.85257E-01    9.85280E-01
    9.59023E+02    1.24246E+00    4.40594E-03    2.57618E+03    3.37459E-07    5.41694E-04   -2.09826E-04    9.92612E-01    9.85237E-01    9.85257E-01
    9.72731E+02    1.24688E+00    4.41937E-03    2.61220E+03    3.29175E-07    5.34989E-04   -2.07271E-04    9.92602E-01    9.85218E-01    9.85237E-01
    9.86628E+02    1.25131E+00    4.43250E-03    2.64873E+03    3.21071E-07    5.28360E-04   -2.04713E-04    9.92593E-01    9.85200E-01    9.85218E-01
    1.00072E+03    1.25576E+00    4.44600E-03    2.68575E+03    3.13193E-07    5.21844E-04   -2.02168E-04    9.92584E-01    9.85181E-01    9.85200E-01
    1.01500E+03    1.26022E+00    4.46065E-03    2.72329E+03    3.05586E-07    5.15487E-04   -1.99649E-04    9.92573E-01    9.85160E-01    9.85181E-01
    1.02948E+03    1.26469E+00    4.47749E-03    2.76134E+03    2.98309E-07    5.09346E-04   -1.97169E-04    9.92561E-01    9.85135E-01    9.85160E-01
    1.04416E+03    1.26919E+00    4.49804E-03    2.79992E+03    2.91443E-07    5.03507E-04   -1.94740E-04    9.92546E-01    9.85103E-01    9.85135E-01
    1.05904E+03    1.27372E+00    4.52484E-03    2.83904E+03    2.85124E-07    4.98112E-04   -1.92376E-04    9.92525E-01    9.85061E-01    9.85103E-01
    1.07413E+03    1.27828E+00    4.56256E-03    2.87869E+03    2.79604E-07    4.93427E-04   -1.90088E-04    9.92496E-01    9.85000E-01    9.85061E-01
    1.08943E+03    1.28290E+00    4.62122E-03    2.91889E+03    2.75421E-07    4.90025E-04   -1.87875E-04    9.92449E-01    9.84902E-01    9.85000E-01
    1.10494E+03    1.28763E+00    4.72703E-03    2.95964E+03    2.73993E-07    4.89415E-04   -1.85648E-04    9.92365E-01    9.84724E-01    9.84902E-01
    1.12066E+03    1.29261E+00    4.97878E-03    3.00096E+03    2.80663E-07    4.97294E-04   -1.82652E-04    9.92167E-01    9.84296E-01    9.84724E-01
    1.13660E+03    1.29582E+00    3.21171E-03    3.08531E+03    1.76082E-07    4.14749E-04   -6.37554E-05    9.93841E-01    9.87185E-01    9.91171E-01
    1.15276E+03    1.29955E+00    3.72838E-03    3.12836E+03    1.98799E-07    4.22634E-04   -1.42054E-04    9.93218E-01    9.86342E-01    9.87185E-01
    1.16914E+03    1.30348E+00    3.93380E-03    3.17200E+03    2.03998E-07    4.24106E-04   -1.55346E-04    9.93030E-01    9.86034E-01    9.86342E-01
    1.18574E+03    1.30751E+00    4.03005E-03    3.21625E+03    2.03257E-07    4.22116E-04   -1.58351E-04    9.92946E-01    9.85887E-01    9.86034E-01
    1.20258E+03    1.31159E+00    4.08322E-03    3.26111E+03    2.00292E-07    4.18531E-04   -1.58503E-04    9.92901E-01    9.85806E-01    9.85887E-01
    1.21965E+03    1.31571E+00    4.11557E-03    3.30659E+03    1.96343E-07    4.14143E-04   -1.57572E-04    9.92874E-01    9.85756E-01    9.85806E-01
    1.23696E+03    1.31985E+00    4.13632E-03    3.35269E+03    1.91924E-07    4.09320E-04   -1.56145E-04    9.92857E-01    9.85726E-01    9.85756E-01
    1.25450E+03    1.32400E+00    4.14993E-03    3.39943E+03    1.87279E-07    4.04253E-04   -1.54461E-04    9.92847E-01    9.85706E-01    9.85726E-01
    1.27228E+03    1.32815E+00    4.15882E-03    3.44682E+03    1.82537E-07    3.99048E-04   -1.52636E-04    9.92841E-01    9.85695E-01    9.85706E-01
    1.29032E+03    1.33232E+00    4.16438E-03    3.49486E+03    1.77774E-07    3.93769E-04   -1.50731E-04    9.92837E-01    9.85689E-01    9.85695E-01
    1.30860E+03    1.33649E+00    4.16751E-03    3.54356E+03    1.73034E-07    3.88457E-04   -1.48781E-04    9.92836E-01    9.85686E-01    9.85689E-01
    1.32713E+03    1.34066E+00    4.16879E-03    3.59293E+03    1.68347E-07    3.83139E-04   -1.46806E-04    9.92836E-01    9.85687E-01    9.85686E-01
    1.34592E+03    1.34482E+00    4.16862E-03    3.64299E+03    1.63731E-07    3.77833E-04   -1.44821E-04    9.92838E-01    9.85690E-01    9.85687E-01
    1.36496E+03    1.34899E+00    4.16728E-03    3.69374E+03    1.59197E-07    3.72553E-04   -1.42835E-04    9.92840E-01    9.85695E-01    9.85690E-01
    1.38427E+03    1.35316E+00    4.16500E-03    3.74518E+03    1.54755E-07    3.67308E-04   -1.40854E-04    9.92843E-01    9.85702E-01    9.85695E-01
    1.40385E+03    1.35732E+00    4.16194E-03    3.79734E+03    1.50409E-07    3.62106E-04   -1.38884E-04    9.92847E-01    9.85710E-01    9.85702E-01
    1.42370E+03    1.36148E+00    4.15826E-03    3.85022E+03    1.46164E-07    3.56953E-04   -1.36927E-04    9.92851E-01    9.85719E-01    9.85710E-01
    1.44382E+03    1.36563E+00    4.15407E-03    3.90382E+03    1.42022E-07    3.51853E-04   -1.34987E-04    9.92856E-01    9.85728E-01    9.85719E-01
    1.46421E+03    1.36978E+00    4.14949E-03    3.95817E+03    1.37985E-07    3.46813E-04   -1.33064E-04    9.92861E-01    9.85739E-01    9.85728E-01
    1.48489E+03    1.37392E+00    4.14465E-03    4.01327E+03    1.34055E-07    3.41835E-04   -1.31162E-04    9.92867E-01    9.85749E-01    9.85739E-01
    1.50586E+03    1.37806E+00    4.13967E-03    4.06912E+03    1.30232E-07    3.36925E-04   -1.29281E-04    9.92872E-01    9.85760E-01    9.85749E-01
    1.52711E+03    1.38220E+00    4.13471E-03    4.12575E+03    1.26520E-07    3.32089E-04   -1.27424E-04    9.92878E-01    9.85771E-01    9.85760E-01
    1.54866E+03    1.38633E+00    4.12997E-03    4.18316E+03    1.22920E-07    3.27333E-04   -1.25591E-04    9.92883E-01    9.85781E-01    9.85771E-01
    1.57051E+03    1.39045E+00    4.12569E-03    4.24136E+03    1.19437E-07    3.22667E-04   -1.23786E-04    9.92888E-01    9.85791E-01    9.85781E-01
    1.59265E+03    1.39458E+00    4.12222E-03    4.30037E+03    1.16075E-07    3.18102E-04   -1.22009E-04    9.92892E-01    9.85798E-01    9.85791E-01
    1.61511E+03    1.39870E+00    4.12008E-03    4.36018E+03    1.12845E-07    3.13658E-04   -1.20263E-04    9.92895E-01    9.85804E-01    9.85798E-01
    1.63787E+03    1.40282E+00    4.12002E-03    4.42083E+03    1.09760E-07    3.09363E-04   -1.18553E-04    9.92896E-01    9.85806E-01    9.85804E-01
    1.66094E+03    1.40694E+00    4.12328E-03    4.48231E+03    1.06846E-07    3.05262E-04   -1.16882E-04    9.92894E-01    9.85801E-01    9.85806E-01
    1.68434E+03    1.41107E+00    4.13201E-03    4.54464E+03    1.04148E-07    3.01437E-04   -1.15256E-04    9.92887E-01    9.85787E-01    9.85801E-01
    1.70806E+03    1.41522E+00    4.15026E-03    4.60783E+03    1.01751E-07    2.98041E-04   -1.13681E-04    9.92873E-01    9.85756E-01    9.85787E-01
    1.73210E+03    1.41941E+00    4.18677E-03    4.67189E+03    9.98438E-08    2.95407E-04   -1.12154E-04    9.92842E-01    9.85691E-01    9.85756E-01
    1.75648E+03    1.42367E+00    4.26458E-03    4.73684E+03    9.89228E-08    2.94424E-04   -1.10621E-04    9.92777E-01    9.85551E-01    9.85691E-01
    1.78119E+03    1.42814E+00    4.47058E-03    4.80268E+03    1.00870E-07    2.98442E-04   -1.08641E-04    9.92607E-01    9.85181E-01    9.85551E-01
    1.80624E+03    1.43101E+00    2.87050E-03    4.93710E+03    6.29998E-08    2.48180E-04   -3.75025E-05    9.94198E-01    9.87937E-01    9.91695E-01
    1.83164E+03    1.43433E+00    3.31728E-03    5.00571E+03    7.08186E-08    2.52489E-04   -8.40715E-05    9.93627E-01    9.87170E-01    9.87937E-01
    1.85739E+03    1.43782E+00    3.48425E-03    5.07526E+03    7.23534E-08    2.52853E-04   -9.17548E-05    9.93464E-01    9.86909E-01    9.87170E-01
    1.88350E+03    1.44137E+00    3.55340E-03    5.14577E+03    7.17760E-08    2.51128E-04   -9.33322E-05    9.93400E-01    9.86799E-01    9.86909E-01
    1.90996E+03    1.44495E+00    3.58377E-03    5.21725E+03    7.04147E-08    2.48443E-04   -9.32234E-05    9.93373E-01    9.86753E-01    9.86799E-01
    1.93680E+03    1.44855E+00    3.59516E-03    5.28973E+03    6.87117E-08    2.45275E-04   -9.24752E-05    9.93363E-01    9.86737E-01    9.86753E-01
    1.96400E+03    1.45214E+00    3.59576E-03    5.36320E+03    6.68488E-08    2.41844E-04   -9.14338E-05    9.93363E-01    9.86740E-01    9.86737E-01
    1.99157E+03    1.45573E+00    3.58951E-03    5.43768E+03    6.49128E-08    2.38263E-04   -9.02407E-05    9.93370E-01    9.86754E-01    9.86740E-01
    2.01953E+03    1.45931E+00    3.57853E-03    5.51320E+03    6.29497E-08    2.34596E-04   -8.89633E-05    9.93381E-01    9.86777E-01    9.86754E-01
    2.04787E+03    1.46288E+00    3.56403E-03    5.58975E+03    6.09854E-08    2.30879E-04   -8.76372E-05    9.93395E-01    9.86806E-01    9.86777E-01
    2.07661E+03    1.46642E+00    3.54678E-03    5.66736E+03    5.90357E-08    2.27137E-04   -8.62828E-05    9.93412E-01    9.86841E-01    9.86806E-01
    2.10574E+03    1.46995E+00    3.52725E-03    5.74605E+03    5.71104E-08    2.23384E-04   -8.49124E-05    9.93431E-01    9.86879E-01    9.86841E-01
    2.13527E+03    1.47346E+00    3.50577E-03    5.82582E+03    5.52155E-08    2.19631E-04   -8.35338E-05    9.93452E-01    9.86921E-01    9.86879E-01
    2.16521E+03    1.47694E+00    3.48255E-03    5.90669E+03    5.33550E-08    2.15884E-04   -8.21522E-05    9.93474E-01    9.86966E-01    9.86921E-01
    2.19557E+03    1.48040E+00    3.45774E-03    5.98867E+03    5.15314E-08    2.12150E-04   -8.07711E-05    9.93498E-01    9.87014E-01    9.86966E-01
    2.22634E+03    1.48383E+00    3.43145E-03    6.07179E+03    4.97462E-08    2.08430E-04   -7.93928E-05    9.93524E-01    9.87066E-01    9.87014E-01
    2.25753E+03    1.48723E+00    3.40373E-03    6.15605E+03    4.80001E-08    2.04727E-04   -7.80190E-05    9.93550E-01    9.87120E-01    9.87066E-01
    2.28916E+03    1.49061E+00    3.37465E-03    6.24148E+03    4.62936E-08    2.01043E-04   -7.66509E-05    9.93579E-01    9.87177E-01    9.87120E-01
    2.32123E+03    1.49395E+00    3.34422E-03    6.32809E+03    4.46267E-08    1.97378E-04   -7.52893E-05    9.93608E-01    9.87236E-01    9.87177E-01
    2.35373E+03    1.49726E+00    3.31247E-03    6.41589E+03    4.29991E-08    1.93734E-04   -7.39346E-05    9.93640E-01    9.87299E-01    9.87236E-01
    2.38669E+03    1.50054E+00    3.27939E-03    6.50490E+03    4.14104E-08    1.90109E-04   -7.25872E-05    9.93672E-01    9.87364E-01    9.87299E-01
    2.42010E+03    1.50379E+00    3.24498E-03    6.59514E+03    3.98602E-08    1.86505E-04   -7.12471E-05    9.93706E-01    9.87432E-01    9.87364E-01
    2.45397E+03    1.50700E+00    3.20924E-03    6.68663E+03    3.83478E-08    1.82920E-04   -6.99146E-05    9.93741E-01    9.87503E-01    9.87432E-01
    2.48831E+03    1.51017E+00    3.17214E-03    6.77938E+03    3.68726E-08    1.79355E-04   -6.85895E-05    9.93778E-01    9.87577E-01    9.87503E-01
    2.52312E+03    1.51330E+00    3.13367E-03    6.87341E+03    3.54339E-08    1.75808E-04   -6.72717E-05    9.93817E-01    9.87654E-01    9.87577E-01
    2.55841E+03    1.51640E+00    3.09380E-03    6.96873E+03    3.40308E-08    1.72279E-04   -6.59610E-05    9.93857E-01    9.87735E-01    9.87654E-01
    2.59419E+03    1.51945E+00    3.05250E-03    7.06538E+03    3.26627E-08    1.68767E-04   -6.46572E-05    9.93898E-01    9.87819E-01    9.87735E-01
    2.63046E+03    1.52246E+00    3.00975E-03    7.16335E+03    3.13288E-08    1.65270E-04   -6.33599E-05    9.93942E-01    9.87906E-01    9.87819E-01
    2.66724E+03    1.52542E+00    2.96550E-03    7.26268E+03    3.00282E-08    1.61789E-04   -6.20689E-05    9.93987E-01    9.87997E-01    9.87906E-01
    2.70452E+03    1.52834E+00    2.91972E-03    7.36338E+03    2.87602E-08    1.58321E-04   -6.07838E-05    9.94034E-01    9.88091E-01    9.87997E-01
    2.74232E+03    1.53122E+00    2.87237E-03    7.46547E+03    2.75241E-08    1.54865E-04   -5.95042E-05    9.94083E-01    9.88190E-01    9.88091E-01
    2.78063E+03    1.53404E+00    2.82342E-03    7.56896E+03    2.63189E-08    1.51421E-04   -5.82296E-05    9.94134E-01    9.88293E-01    9.88190E-01
    2.81948E+03    1.53681E+00    2.77281E-03    7.67389E+03    2.51441E-08    1.47986E-04   -5.69595E-05    9.94188E-01    9.88400E-01    9.88293E-01
    2.85886E+03    1.53953E+00    2.72052E-03    7.78026E+03    2.39989E-08    1.44558E-04   -5.56935E-05    9.94243E-01    9.88511E-01    9.88400E-01
    2.89879E+03    1.54220E+00    2.66648E-03    7.88810E+03    2.28824E-08    1.41137E-04   -5.44310E-05    9.94301E-01    9.88628E-01    9.88511E-01
    2.93926E+03    1.54481E+00    2.61066E-03    7.99743E+03    2.17941E-08    1.37720E-04   -5.31715E-05    9.94362E-01    9.88749E-01    9.88628E-01
    2.98030E+03    1.54736E+00    2.55301E-03    8.10827E+03    2.07333E-08    1.34306E-04   -5.19143E-05    9.94425E-01    9.88876E-01    9.88749E-01
    3.02190E+03    1.54986E+00    2.49348E-03    8.22064E+03    1.96992E-08    1.30893E-04   -5.06588E-05    9.94491E-01    9.89008E-01    9.88876E-01
    3.06408E+03    1.55229E+00    2.43202E-03    8.33456E+03    1.86913E-08    1.27477E-04   -4.94042E-05    9.94559E-01    9.89146E-01    9.89008E-01
    3.10683E+03    1.55466E+00    2.36859E-03    8.45005E+03    1.77089E-08    1.24058E-04   -4.81499E-05    9.94631E-01    9.89290E-01    9.89146E-01
    3.15018E+03    1.55696E+00    2.30314E-03    8.56713E+03    1.67514E-08    1.20633E-04   -4.68951E-05    9.94706E-01    9.89441E-01    9.89290E-01
    3.19413E+03    1.55920E+00    2.23563E-03    8.68583E+03    1.58183E-08    1.17198E-04   -4.56389E-05    9.94785E-01    9.89599E-01    9.89441E-01
    3.23868E+03    1.56136E+00    2.16600E-03    8.80617E+03    1.49091E-08    1.13752E-04   -4.43805E-05    9.94867E-01    9.89765E-01    9.89599E-01
    3.28385E+03    1.56346E+00    2.09423E-03    8.92817E+03    1.40233E-08    1.10291E-04   -4.31188E-05    9.94953E-01    9.89938E-01    9.89765E-01
    3.32964E+03    1.56548E+00    2.02026E-03    9.05185E+03    1.31604E-08    1.06811E-04   -4.18529E-05    9.95044E-01    9.90119E-01    9.89938E-01
    3.37606E+03    1.56742E+00    1.94407E-03    9.17724E+03    1.23199E-08    1.03310E-04   -4.05817E-05    9.95139E-01    9.90310E-01    9.90119E-01
    3.42312E+03    1.56929E+00    1.86563E-03    9.30436E+03    1.15015E-08    9.97835E-05   -3.93039E-05    9.95238E-01    9.90510E-01    9.90310E-01
    3.47084E+03    1.57107E+00    1.78492E-03    9.43323E+03    1.07050E-08    9.62267E-05   -3.80182E-05    9.95343E-01    9.90720E-01    9.90510E-01
    3.51921E+03    1.57277E+00    1.70192E-03    9.56388E+03    9.92986E-09    9.26351E-05   -3.67233E-05    9.95453E-01    9.90941E-01    9.90720E-01
    3.56825E+03    1.57439E+00    1.61664E-03    9.69634E+03    9.17601E-09    8.90034E-05   -3.54175E-05    9.95568E-01    9.91174E-01    9.90941E-01
    3.61796E+03    1.57592E+00    1.52908E-03    9.83062E+03    8.44324E-09    8.53258E-05   -3.40991E-05    9.95690E-01    9.91419E-01    9.91174E-01
    3.66836E+03    1.57736E+00    1.43927E-03    9.96676E+03    7.73145E-09    8.15955E-05   -3.27663E-05    9.95819E-01    9.91679E-01    9.91419E-01
    3.71946E+03    1.57871E+00    1.34726E-03    1.01048E+04    7.04063E-09    7.78050E-05   -3.14169E-05    9.95956E-01    9.91953E-01    9.91679E-01
    3.77126E+03    1.57996E+00    1.25314E-03    1.02447E+04    6.37087E-09    7.39457E-05   -3.00485E-05    9.96100E-01    9.92243E-01    9.91953E-01
    3.82378E+03    1.58112E+00    1.15700E-03    1.03865E+04    5.72238E-09    7.00077E-05   -2.86584E-05    9.96253E-01    9.92551E-01    9.92243E-01
    3.87702E+03    1.58217E+00    1.05902E-03    1.05303E+04    5.09553E-09    6.59797E-05   -2.72435E-05    9.96416E-01    9.92879E-01    9.92551E-01
    3.93100E+03    1.58313E+00    9.59418E-04    1.06761E+04    4.49091E-09    6.18487E-05   -2.58002E-05    9.96589E-01    9.93228E-01    9.92879E-01
    3.98572E+03    1.58399E+00    8.58514E-04    1.08239E+04    3.90947E-09    5.76003E-05   -2.43244E-05    9.96774E-01    9.93600E-01    9.93228E-01
    4.04120E+03    1.58475E+00    7.56801E-04    1.09738E+04    3.35272E-09    5.32202E-05   -2.28108E-05    9.96972E-01    9.93999E-01    9.93600E-01
    4.09744E+03    1.58540E+00    6.55100E-04    1.11257E+04    2.82337E-09    4.87002E-05   -2.12523E-05    9.97184E-01    9.94426E-01    9.93999E-01
    4.15446E+03    1.58596E+00    5.55089E-04    1.12797E+04    2.32739E-09    4.40663E-05   -1.96355E-05    9.97409E-01    9.94879E-01    9.94426E-01
    4.21226E+03    1.58642E+00    4.61961E-04    1.14358E+04    1.88434E-09    3.95424E-05   -1.79090E-05    9.97637E-01    9.95336E-01    9.94879E-01
    4.27086E+03    1.58657E+00    1.49825E-04    1.17546E+04    5.94544E-10    2.36764E-05   -5.82873E-06    9.98659E-01    9.97262E-01    9.97736E-01
    4.33028E+03    1.58668E+00    1.10591E-04    1.19173E+04    4.26940E-10    1.81312E-05   -9.90954E-06    9.98852E-01    9.97767E-01    9.97262E-01
    4.39051E+03    1.58673E+00    5.16759E-05    1.20822E+04    1.94082E-10    1.04923E-05   -9.16483E-06    9.99258E-01    9.98622E-01    9.97767E-01
    4.45157E+03    1.58679E+00    5.93435E-05    1.20822E+04    2.16830E-10    9.14445E-06   -1.15416E-05    9.98622E-01    9.98060E-01    9.96744E-01
    4.51347E+03    1.58687E+00    7.40060E-05    1.20822E+04    2.63065E-10    8.15494E-06   -1.40201E-05    9.98060E-01    9.97551E-01    9.95779E-01
    4.57623E+03    1.58696E+00    9.46123E-05    1.20822E+04    3.27186E-10    7.39854E-06   -1.65060E-05    9.97551E-01    9.97084E-01    9.94866E-01
    4.63986E+03    1.58708E+00    1.20462E-04    1.20822E+04    4.05275E-10    6.79781E-06   -1.89490E-05    9.97084E-01    9.96648E-01    9.94001E-01
    4.70436E+03    1.58723E+00    1.51071E-04    1.20822E+04    4.94461E-10    6.30434E-06   -2.13241E-05    9.96648E-01    9.96239E-01    9.93179E-01
    4.76976E+03    1.58742E+00    1.86103E-04    1.20822E+04    5.92590E-10    5.88741E-06   -2.36205E-05    9.96239E-01    9.95851E-01    9.92396E-01
    4.83605E+03    1.58764E+00    2.25329E-04    1.20822E+04    6.98026E-10    5.52713E-06   -2.58356E-05    9.95851E-01    9.95482E-01    9.91648E-01
    4.90326E+03    1.58791E+00    2.68604E-04    1.20822E+04    8.09505E-10    5.21028E-06   -2.79707E-05    9.95482E-01    9.95130E-01    9.90932E-01
    4.97140E+03    1.58823E+00    3.15841E-04    1.20822E+04    9.26041E-10    4.92784E-06   -3.00293E-05    9.95130E-01    9.94792E-01    9.90244E-01
    5.04048E+03    1.58860E+00    3.67002E-04    1.20822E+04    1.04685E-09    4.67343E-06   -3.20158E-05    9.94792E-01    9.94467E-01    9.89583E-01
    5.11051E+03    1.58902E+00    4.22083E-04    1.20822E+04    1.17130E-09    4.44238E-06   -3.39348E-05    9.94467E-01    9.94153E-01    9.88946E-01
    5.18151E+03    1.58950E+00    4.81108E-04    1.20822E+04    1.29888E-09    4.23119E-06   -3.57908E-05    9.94153E-01    9.93851E-01    9.88331E-01
    5.25349E+03    1.59004E+00    5.44124E-04    1.20822E+04    1.42916E-09    4.03712E-06   -3.75881E-05    9.93851E-01    9.93558E-01    9.87736E-01
    5.32646E+03    1.59065E+00    6.11195E-04    1.20822E+04    1.56178E-09    3.85800E-06   -3.93306E-05    9.93558E-01    9.93275E-01    9.87160E-01
    5.40044E+03    1.59134E+00    6.82403E-04    1.20822E+04    1.69644E-09    3.69207E-06   -4.10221E-05    9.93275E-01    9.93000E-01    9.86601E-01
    5.47544E+03    1.59209E+00    7.57842E-04    1.20822E+04    1.83288E-09    3.53787E-06   -4.26657E-05    9.93000E-01    9.92733E-01    9.86059E-01
    5.55147E+03    1.59293E+00    8.37619E-04    1.20822E+04    1.97088E-09    3.39416E-06   -4.42647E-05    9.92733E-01    9.92473E-01    9.85531E-01
    5.62856E+03    1.59385E+00    9.21852E-04    1.20822E+04    2.11025E-09    3.25992E-06   -4.58217E-05    9.92473E-01    9.92220E-01    9.85018E-01
    5.70671E+03    1.59486E+00    1.01067E-03    1.20822E+04    2.25083E-09    3.13425E-06   -4.73393E-05    9.92220E-01    9.91973E-01    9.84518E-01
    5.78593E+03    1.59597E+00    1.10422E-03    1.20822E+04    2.39247E-09    3.01640E-06   -4.88198E-05    9.91973E-01    9.91733E-01    9.84031E-01
    5.86625E+03    1.59717E+00    1.20264E-03    1.20822E+04    2.53506E-09    2.90568E-06   -5.02655E-05    9.91733E-01    9.91498E-01    9.83555E-01
    5.94768E+03    1.59848E+00    1.30610E-03    1.20822E+04    2.67850E-09    2.80154E-06   -5.16783E-05    9.91498E-01    9.91268E-01    9.83090E-01
    6.03023E+03    1.59989E+00    1.41477E-03    1.20822E+04    2.82268E-09    2.70346E-06   -5.30601E-05    9.91268E-01    9.91043E-01    9.82636E-01
    6.11392E+03    1.60142E+00    1.52884E-03    1.20822E+04    2.96755E-09    2.61099E-06   -5.44127E-05    9.91043E-01    9.90823E-01    9.82191E-01
    6.19877E+03    1.60307E+00    1.64849E-03    1.20822E+04    3.11305E-09    2.52376E-06   -5.57376E-05    9.90823E-01    9.90608E-01    9.81755E-01
    6.28478E+03    1.60484E+00    1.77394E-03    1.20822E+04    3.25913E-09    2.44141E-06   -5.70365E-05    9.90608E-01    9.90396E-01    9.81329E-01
    6.37199E+03    1.60675E+00    1.90541E-03    1.20822E+04    3.40575E-09    2.36365E-06   -5.83109E-05    9.90396E-01    9.90189E-01    9.80910E-01
    6.46039E+03    1.60879E+00    2.04312E-03    1.20822E+04    3.55289E-09    2.29019E-06   -5.95621E-05    9.90189E-01    9.89985E-01    9.80499E-01
    6.55002E+03    1.61098E+00    2.18733E-03    1.20822E+04    3.70055E-09    2.22081E-06   -6.07916E-05    9.89985E-01    9.89784E-01    9.80095E-01
    6.64089E+03    1.61332E+00    2.33829E-03    1.20822E+04    3.84872E-09    2.15529E-06   -6.20006E-05    9.89784E-01    9.89587E-01    9.79698E-01
    6.73300E+03    1.61581E+00    2.49630E-03    1.20822E+04    3.99741E-09    2.09345E-06   -6.31904E-05    9.89587E-01    9.89393E-01    9.79307E-01
    6.82639E+03    1.61848E+00    2.66164E-03    1.20822E+04    4.14664E-09    2.03512E-06   -6.43622E-05    9.89393E-01    9.89202E-01    9.78922E-01
    6.92107E+03    1.62131E+00    2.83463E-03    1.20822E+04    4.29645E-09    1.98016E-06   -6.55174E-05    9.89202E-01    9.89013E-01    9.78543E-01
    7.01705E+03    1.62433E+00    3.01562E-03    1.20822E+04    4.44688E-09    1.92844E-06   -6.66571E-05    9.89013E-01    9.88827E-01    9.78169E-01
    7.11436E+03    1.62753E+00    3.20496E-03    1.20822E+04    4.59799E-09    1.87985E-06   -6.77824E-05    9.88827E-01    9.88642E-01    9.77799E-01
    7.21301E+03    1.63093E+00    3.40304E-03    1.20822E+04    4.74985E-09    1.83431E-06   -6.88947E-05    9.88642E-01    9.88460E-01    9.77434E-01
    7.31303E+03    1.63454E+00    3.61028E-03    1.20822E+04    4.90254E-09    1.79172E-06   -6.99952E-05    9.88460E-01    9.88280E-01    9.77073E-01
    7.41442E+03    1.63837E+00    3.82713E-03    1.20822E+04    5.05616E-09    1.75203E-06   -7.10851E-05    9.88280E-01    9.88101E-01    9.76715E-01
    7.51721E+03    1.64243E+00    4.05406E-03    1.20822E+04    5.21081E-09    1.71519E-06   -7.21656E-05    9.88101E-01    9.87923E-01    9.76361E-01
    7.62143E+03    1.64672E+00    4.29159E-03    1.20822E+04    5.36663E-09    1.68115E-06   -7.32380E-05    9.87923E-01    9.87747E-01    9.76009E-01
    7.72707E+03    1.65126E+00    4.54028E-03    1.20822E+04    5.52377E-09    1.64989E-06   -7.43038E-05    9.87747E-01    9.87572E-01    9.75659E-01
    7.83418E+03    1.65606E+00    4.80075E-03    1.20822E+04    5.68238E-09    1.62141E-06   -7.53642E-05    9.87572E-01    9.87397E-01    9.75311E-01
    7.94277E+03    1.66113E+00    5.07364E-03    1.20822E+04    5.84266E-09    1.59570E-06   -7.64207E-05    9.87397E-01    9.87222E-01    9.74964E-01
    8.05285E+03    1.66649E+00    5.35967E-03    1.20822E+04    6.00481E-09    1.57279E-06   -7.74748E-05    9.87222E-01    9.87048E-01    9.74618E-01
    8.16445E+03    1.67215E+00    5.65963E-03    1.20822E+04    6.16907E-09    1.55269E-06   -7.85280E-05    9.87048E-01    9.86873E-01    9.74272E-01
    8.27760E+03    1.67813E+00    5.97436E-03    1.20822E+04    6.33569E-09    1.53546E-06   -7.95822E-05    9.86873E-01    9.86698E-01    9.73926E-01
    8.39230E+03    1.68443E+00    6.30481E-03    1.20822E+04    6.50497E-09    1.52117E-06   -8.06390E-05    9.86698E-01    9.86523E-01    9.73580E-01
    8.50859E+03    1.69108E+00    6.65200E-03    1.20822E+04    6.67724E-09    1.50989E-06   -8.17004E-05    9.86523E-01    9.86346E-01    9.73231E-01
    8.62648E+03    1.69810E+00    7.01707E-03    1.20822E+04    6.85286E-09    1.50173E-06   -8.27684E-05    9.86346E-01    9.86168E-01    9.72881E-01
    8.74600E+03    1.70550E+00    7.40128E-03    1.20822E+04    7.03225E-09    1.49681E-06   -8.38452E-05    9.86168E-01    9.85988E-01    9.72527E-01
    8.86717E+03    1.71331E+00    7.80600E-03    1.20822E+04    7.21587E-09    1.49530E-06   -8.49331E-05    9.85988E-01    9.85805E-01    9.72170E-01
    8.99001E+03    1.72154E+00    8.23280E-03    1.20822E+04    7.40424E-09    1.49736E-06   -8.60348E-05    9.85805E-01    9.85620E-01    9.71808E-01
    9.11454E+03    1.73022E+00    8.68340E-03    1.20822E+04    7.59793E-09    1.50321E-06   -8.71531E-05    9.85620E-01    9.85432E-01    9.71441E-01
    9.24080E+03    1.73938E+00    9.15974E-03    1.20822E+04    7.79762E-09    1.51312E-06   -8.82911E-05    9.85432E-01    9.85239E-01    9.71068E-01
    9.36879E+03    1.74905E+00    9.66400E-03    1.20822E+04    8.00403E-09    1.52739E-06   -8.94522E-05    9.85239E-01    9.85042E-01    9.70686E-01
    9.49856E+03    1.75924E+00    1.01986E-02    1.20822E+04    8.21803E-09    1.54636E-06   -9.06402E-05    9.85042E-01    9.84840E-01    9.70296E-01
    9.63011E+03    1.77001E+00    1.07664E-02    1.20822E+04    8.44058E-09    1.57047E-06   -9.18592E-05    9.84840E-01    9.84632E-01    9.69896E-01
    9.76348E+03    1.78138E+00    1.13706E-02    1.20822E+04    8.67277E-09    1.60021E-06   -9.31140E-05    9.84632E-01    9.84417E-01    9.69484E-01
    9.89869E+03    1.79340E+00    1.20148E-02    1.20822E+04    8.91587E-09    1.63617E-06   -9.44097E-05    9.84417E-01    9.84195E-01    9.69058E-01
    1.00358E+04    1.80610E+00    1.27031E-02    1.20822E+04    9.17134E-09    1.67907E-06   -9.57524E-05    9.84195E-01    9.83963E-01    9.68617E-01
    1.01747E+04    1.81954E+00    1.34404E-02    1.20822E+04    9.44088E-09    1.72975E-06   -9.71488E-05    9.83963E-01    9.83721E-01    9.68158E-01
    1.03156E+04    1.83377E+00    1.42324E-02    1.20822E+04    9.72644E-09    1.78923E-06   -9.86065E-05    9.83721E-01    9.83467E-01    9.67679E-01
    1.04584E+04    1.84886E+00    1.50857E-02    1.20822E+04    1.00303E-08    1.85876E-06   -1.00134E-04    9.83467E-01    9.83200E-01    9.67177E-01
    1.06032E+04    1.86487E+00    1.60080E-02    1.20822E+04    1.03553E-08    1.93985E-06   -1.01742E-04    9.83200E-01    9.82917E-01    9.66648E-01
    1.07500E+04    1.88187E+00    1.70085E-02    1.20822E+04    1.07046E-08    2.03437E-06   -1.03443E-04    9.82917E-01    9.82616E-01    9.66088E-01
    1.08989E+04    1.89997E+00    1.80984E-02    1.20822E+04    1.10820E-08    2.14464E-06   -1.05249E-04    9.82616E-01    9.82295E-01    9.65494E-01
    1.10497E+04    1.91926E+00    1.92909E-02    1.20822E+04    1.14923E-08    2.27360E-06   -1.07178E-04    9.82295E-01    9.81950E-01    9.64858E-01
    1.12027E+04    1.93987E+00    2.06023E-02    1.20822E+04    1.19412E-08    2.42496E-06   -1.09249E-04    9.81950E-01    9.81576E-01    9.64176E-01
    1.13578E+04    1.96192E+00    2.20528E-02    1.20822E+04    1.24358E-08    2.60353E-06   -1.11485E-04    9.81576E-01    9.81170E-01    9.63439E-01
    1.15150E+04    1.98559E+00    2.36673E-02    1.20822E+04    1.29848E-08    2.81563E-06   -1.13916E-04    9.81170E-01    9.80724E-01    9.62637E-01
    1.16744E+04    2.01106E+00    2.54775E-02    1.20822E+04    1.35995E-08    3.06964E-06   -1.16576E-04    9.80724E-01    9.80231E-01    9.61758E-01
    1.18359E+04    2.03859E+00    2.75241E-02    1.20822E+04    1.42941E-08    3.37704E-06   -1.19510E-04    9.80231E-01    9.79682E-01    9.60789E-01
    1.19998E+04    2.06845E+00    2.98602E-02    1.20822E+04    1.50874E-08    3.75380E-06   -1.22774E-04    9.79682E-01    9.79063E-01    9.59708E-01
    1.21658E+04    2.10100E+00    3.25567E-02    1.20822E+04    1.60045E-08    4.22282E-06   -1.26438E-04    9.79063E-01    9.78357E-01    9.58493E-01
    1.23342E+04    2.13671E+00    3.57100E-02    1.20822E+04    1.70793E-08    4.81806E-06   -1.30599E-04    9.78357E-01    9.77540E-01    9.57110E-01
    1.25049E+04    2.17617E+00    3.94555E-02    1.20822E+04    1.83597E-08    5.59189E-06   -1.35383E-04    9.77540E-01    9.76579E-01    9.55515E-01
    1.26779E+04    2.22016E+00    4.39886E-02    1.20822E+04    1.99149E-08    6.62913E-06   -1.40964E-04    9.76579E-01    9.75424E-01    9.53646E-01
    1.28533E+04    2.26976E+00    4.96022E-02    1.20822E+04    2.18483E-08    8.07581E-06   -1.47591E-04    9.75424E-01    9.73998E-01    9.51413E-01
    1.30312E+04    2.32652E+00    5.67557E-02    1.20822E+04    2.43224E-08    1.02035E-05   -1.55622E-04    9.73998E-01    9.72170E-01    9.48680E-01
    1.32115E+04    2.39272E+00    6.62077E-02    1.20822E+04    2.76048E-08    1.35699E-05   -1.65592E-04    9.72170E-01    9.69707E-01    9.45231E-01
    1.33943E+04    2.47202E+00    7.92945E-02    1.20822E+04    3.21662E-08    1.94717E-05   -1.78289E-04    9.69707E-01    9.66123E-01    9.40702E-01
    1.35796E+04    2.57062E+00    9.86028E-02    1.20822E+04    3.89158E-08    3.14137E-05   -1.94754E-04    9.66123E-01    9.60262E-01    9.34439E-01
    1.37675E+04    2.70109E+00    1.30469E-01    1.20822E+04    5.00983E-08    6.05972E-05   -2.15468E-04    9.60262E-01    9.48799E-01    9.25208E-01
    1.39579E+04    2.90791E+00    2.06820E-01    1.20822E+04    7.72664E-08    1.49360E-04   -2.34432E-04    9.48799E-01    9.20157E-01    9.10660E-01
    1.41510E+04    3.20694E+00    2.99029E-01    1.22494E+04    1.08691E-07    2.34565E-04   -2.31667E-04    9.58366E-01    9.12763E-01    9.20157E-01
    1.43468E+04    3.50278E+00    2.95838E-01    1.25908E+04    1.04620E-07    2.96073E-04   -1.30234E-04    9.62202E-01    9.03846E-01    9.40125E-01
