 # rho, F_z,dF_z, z(rho), E2 (=>sigma2=e0^2*E2), Er, Ez, Ui,j , Ui+1,j , Ui,j-1
    2.50000E-01    1.09028E-04    1.09028E-04    0.00000E+00    8.72228E-04    7.53992E-03   -2.85548E-02    9.81953E-01    9.78183E-01    9.67675E-01
    7.40216E-01    3.13968E-04    2.04940E-04    5.00000E-01    5.76284E-04    2.79148E-03   -2.38431E-02    9.90104E-01    9.88763E-01    9.78183E-01
    1.22396E+00    6.37625E-04    3.23656E-04    5.00000E-01    5.42916E-04    8.99762E-04   -2.32832E-02    9.88763E-01    9.88325E-01    9.77122E-01
    1.71438E+00    1.10498E-03    4.67357E-04    5.00000E-01    5.52084E-04    5.03321E-04   -2.34911E-02    9.88325E-01    9.88076E-01    9.76579E-01
    2.21157E+00    1.73209E-03    6.27110E-04    5.00000E-01    5.66441E-04    4.41654E-04   -2.37959E-02    9.88076E-01    9.87855E-01    9.76178E-01
    2.71562E+00    2.53615E-03    8.04063E-04    5.00000E-01    5.83418E-04    5.02492E-04   -2.41488E-02    9.87855E-01    9.87600E-01    9.75781E-01
    3.22663E+00    3.53943E-03    1.00328E-03    5.00000E-01    6.04338E-04    6.54421E-04   -2.45746E-02    9.87600E-01    9.87264E-01    9.75313E-01
    3.74469E+00    4.77263E-03    1.23320E-03    5.00000E-01    6.31354E-04    9.43551E-04   -2.51090E-02    9.87264E-01    9.86771E-01    9.74709E-01
    4.26990E+00    6.27919E-03    1.50655E-03    5.00000E-01    6.67221E-04    1.53878E-03   -2.57848E-02    9.86771E-01    9.85958E-01    9.73879E-01
    4.80235E+00    8.12006E-03    1.84087E-03    5.00000E-01    7.15023E-04    2.98990E-03   -2.65722E-02    9.85958E-01    9.84355E-01    9.72672E-01
    5.34216E+00    1.03990E-02    2.27893E-03    5.00000E-01    7.84898E-04    7.29882E-03   -2.70486E-02    9.84355E-01    9.80388E-01    9.70830E-01
    5.88941E+00    1.22817E-02    1.88268E-03    9.80431E-01    5.80163E-04    5.20451E-03   -2.35176E-02    9.92147E-01    9.89279E-01    9.80388E-01
    6.44421E+00    1.43447E-02    2.06299E-03    9.80431E-01    5.73087E-04    3.17946E-03   -2.37271E-02    9.89279E-01    9.87503E-01    9.77415E-01
    7.00668E+00    1.69203E-02    2.57567E-03    9.80431E-01    6.49113E-04    3.86365E-03   -2.51830E-02    9.87503E-01    9.85315E-01    9.74911E-01
    7.57690E+00    2.02557E-02    3.33537E-03    9.80431E-01    7.66728E-04    8.36010E-03   -2.63977E-02    9.85315E-01    9.80515E-01    9.72116E-01
    8.15499E+00    2.29931E-02    2.73736E-03    1.46749E+00    5.76693E-04    5.80330E-03   -2.33027E-02    9.91710E-01    9.88332E-01    9.80515E-01
    8.74106E+00    2.61663E-02    3.17323E-03    1.46749E+00    6.15209E-04    4.99666E-03   -2.42949E-02    9.88332E-01    9.85384E-01    9.76660E-01
    9.33522E+00    3.04684E-02    4.30207E-03    1.46749E+00    7.70346E-04    9.63279E-03   -2.60299E-02    9.85384E-01    9.79621E-01    9.72878E-01
    9.93758E+00    3.41173E-02    3.64893E-03    1.96127E+00    6.05432E-04    7.42463E-03   -2.34586E-02    9.91047E-01    9.86544E-01    9.79621E-01
    1.05482E+01    3.87382E-02    4.62089E-03    1.96127E+00    7.12480E-04    1.03191E-02   -2.46170E-02    9.86544E-01    9.80200E-01    9.74554E-01
    1.11673E+01    4.25924E-02    3.85426E-03    2.46187E+00    5.53690E-04    7.45625E-03   -2.23180E-02    9.91220E-01    9.86572E-01    9.80200E-01
    1.17950E+01    4.77398E-02    5.14734E-03    2.46187E+00    6.90571E-04    1.06339E-02   -2.40311E-02    9.86572E-01    9.79852E-01    9.74706E-01
    1.24313E+01    5.21657E-02    4.42592E-03    2.96938E+00    5.55723E-04    7.88914E-03   -2.22145E-02    9.90972E-01    9.85918E-01    9.79852E-01
    1.30764E+01    5.83820E-02    6.21626E-03    2.96938E+00    7.31915E-04    1.21164E-02   -2.41890E-02    9.85918E-01    9.78049E-01    9.73809E-01
    1.37304E+01    6.44337E-02    6.05177E-03    3.48388E+00    6.69372E-04    1.27268E-02   -2.25255E-02    9.89480E-01    9.81100E-01    9.78049E-01
    1.43934E+01    6.88901E-02    4.45637E-03    4.00549E+00    4.63802E-04    8.12887E-03   -1.99430E-02    9.91361E-01    9.85935E-01    9.81100E-01
    1.50655E+01    7.60074E-02    7.11731E-03    4.00549E+00    6.98061E-04    1.29245E-02   -2.30439E-02    9.85935E-01    9.77188E-01    9.74078E-01
    1.57470E+01    8.36226E-02    7.61520E-03    4.53430E+00    7.04846E-04    1.45121E-02   -2.22316E-02    9.88784E-01    9.78827E-01    9.77188E-01
    1.64378E+01    9.05038E-02    6.88118E-03    5.07040E+00    6.01834E-04    1.39992E-02   -2.01459E-02    9.89480E-01    9.79743E-01    9.78827E-01
    1.71382E+01    9.69318E-02    6.42806E-03    5.61391E+00    5.31888E-04    1.29197E-02   -1.91042E-02    9.89985E-01    9.80874E-01    9.79743E-01
    1.78482E+01    1.02433E-01    5.50086E-03    6.16491E+00    4.31111E-04    9.05803E-03   -1.86832E-02    9.91028E-01    9.84553E-01    9.80874E-01
    1.85680E+01    1.12724E-01    1.02908E-02    6.16491E+00    7.64689E-04    1.64463E-02   -2.22308E-02    9.84553E-01    9.72633E-01    9.72470E-01
    1.92978E+01    1.18558E-01    5.83460E-03    7.28983E+00    4.11482E-04    1.45175E-02   -1.41677E-02    9.90918E-01    9.80250E-01    9.83003E-01
    2.00377E+01    1.25892E-01    7.33370E-03    7.86396E+00    4.91328E-04    1.42944E-02   -1.69410E-02    9.89844E-01    9.79196E-01    9.80250E-01
    2.07877E+01    1.34166E-01    8.27411E-03    8.44602E+00    5.27058E-04    1.46681E-02   -1.76608E-02    9.89336E-01    9.78259E-01    9.79196E-01
    2.15481E+01    1.43553E-01    9.38680E-03    9.03610E+00    5.68983E-04    1.55626E-02   -1.80773E-02    9.88781E-01    9.76866E-01    9.78259E-01
    2.23190E+01    1.55148E-01    1.15949E-02    9.63433E+00    6.69315E-04    1.81499E-02   -1.84363E-02    9.87745E-01    9.73657E-01    9.76866E-01
    2.31005E+01    1.62396E-01    7.24824E-03    1.08557E+01    3.98747E-04    1.55719E-02   -1.25006E-02    9.90524E-01    9.78271E-01    9.82943E-01
    2.38929E+01    1.73708E-01    1.13125E-02    1.14790E+01    5.93508E-04    1.82889E-02   -1.60943E-02    9.88167E-01    9.73577E-01    9.78271E-01
    2.46961E+01    1.82826E-01    9.11716E-03    1.27516E+01    4.56471E-04    1.78627E-02   -1.17215E-02    9.89763E-01    9.75317E-01    9.82356E-01
    2.55104E+01    1.91473E-01    8.64773E-03    1.40596E+01    4.13441E-04    1.73384E-02   -1.06218E-02    9.90127E-01    9.75911E-01    9.83228E-01
    2.63360E+01    2.00139E-01    8.66548E-03    1.54039E+01    3.95840E-04    1.71871E-02   -1.00222E-02    9.90181E-01    9.75894E-01    9.83491E-01
    2.71730E+01    2.09593E-01    9.45452E-03    1.67856E+01    4.12883E-04    1.79071E-02   -9.60300E-03    9.89869E-01    9.74779E-01    9.83280E-01
    2.80215E+01    2.17320E-01    7.72636E-03    1.89304E+01    3.22742E-04    1.64816E-02   -7.14829E-03    9.91061E-01    9.76981E-01    9.85951E-01
    2.88817E+01    2.24258E-01    6.93789E-03    2.11653E+01    2.77348E-04    1.54190E-02   -6.29293E-03    9.91501E-01    9.78147E-01    9.86814E-01
    2.97538E+01    2.30638E-01    6.38024E-03    2.34940E+01    2.44209E-04    1.45516E-02   -5.69732E-03    9.91793E-01    9.79016E-01    9.87371E-01
    3.06380E+01    2.36514E-01    5.87621E-03    2.59204E+01    2.15453E-04    1.37239E-02   -5.20663E-03    9.92054E-01    9.79837E-01    9.87843E-01
    3.15343E+01    2.41642E-01    5.12844E-03    2.84487E+01    1.80204E-04    1.25374E-02   -4.79773E-03    9.92462E-01    9.81148E-01    9.88419E-01
    3.24430E+01    2.47919E-01    6.27625E-03    3.01929E+01    2.11442E-04    1.34030E-02   -5.63935E-03    9.91509E-01    9.79246E-01    9.86625E-01
    3.33642E+01    2.53461E-01    5.54224E-03    3.29005E+01    1.79086E-04    1.26271E-02   -4.43206E-03    9.92140E-01    9.80428E-01    9.88141E-01
    3.42982E+01    2.58548E-01    5.08686E-03    3.57217E+01    1.57719E-04    1.19017E-02   -4.00856E-03    9.92415E-01    9.81223E-01    9.88646E-01
    3.52451E+01    2.62990E-01    4.44188E-03    3.86614E+01    1.32198E-04    1.08888E-02   -3.69213E-03    9.92811E-01    9.82430E-01    9.89193E-01
    3.62050E+01    2.68283E-01    5.29289E-03    4.06894E+01    1.51261E-04    1.14980E-02   -4.36550E-03    9.92001E-01    9.80888E-01    9.87605E-01
    3.71781E+01    2.72643E-01    4.36000E-03    4.38376E+01    1.19688E-04    1.03980E-02   -3.40124E-03    9.92800E-01    9.82612E-01    9.89231E-01
    3.81647E+01    2.77732E-01    5.08901E-03    4.60094E+01    1.34236E-04    1.08840E-02   -3.97164E-03    9.92082E-01    9.81270E-01    9.87799E-01
    3.91649E+01    2.81844E-01    4.11248E-03    4.93809E+01    1.04268E-04    9.74363E-03   -3.05448E-03    9.92939E-01    9.83127E-01    9.89507E-01
    4.01789E+01    2.86405E-01    4.56079E-03    5.17068E+01    1.11182E-04    9.91685E-03   -3.58304E-03    9.92406E-01    9.82281E-01    9.88267E-01
    4.12069E+01    2.91416E-01    5.01103E-03    5.40974E+01    1.17489E-04    1.02258E-02   -3.59483E-03    9.92045E-01    9.81461E-01    9.87778E-01
    4.22491E+01    2.95380E-01    3.96456E-03    5.78084E+01    8.94264E-05    9.07298E-03   -2.66598E-03    9.92998E-01    9.83478E-01    9.89701E-01
    4.33057E+01    2.99683E-01    4.30248E-03    6.03685E+01    9.33922E-05    9.14592E-03   -3.12160E-03    9.92554E-01    9.82824E-01    9.88585E-01
    4.43768E+01    3.04181E-01    4.49765E-03    6.29998E+01    9.39752E-05    9.17494E-03   -3.12979E-03    9.92367E-01    9.82472E-01    9.88277E-01
    4.54628E+01    3.08989E-01    4.80822E-03    6.57041E+01    9.67298E-05    9.34942E-03   -3.05257E-03    9.92126E-01    9.81904E-01    9.88027E-01
    4.65637E+01    3.12756E-01    3.76675E-03    6.99023E+01    7.29791E-05    8.24976E-03   -2.21823E-03    9.93105E-01    9.83961E-01    9.90001E-01
    4.76798E+01    3.16773E-01    4.01786E-03    7.27985E+01    7.49872E-05    8.25959E-03   -2.60121E-03    9.92736E-01    9.83455E-01    9.88995E-01
    4.88113E+01    3.20870E-01    4.09633E-03    7.57752E+01    7.36630E-05    8.18140E-03   -2.59376E-03    9.92642E-01    9.83321E-01    9.88808E-01
    4.99584E+01    3.24989E-01    4.11906E-03    7.88346E+01    7.13858E-05    8.06163E-03   -2.52903E-03    9.92611E-01    9.83300E-01    9.88769E-01
    5.11214E+01    3.29104E-01    4.11520E-03    8.19791E+01    6.87477E-05    7.92154E-03   -2.44884E-03    9.92607E-01    9.83331E-01    9.88783E-01
    5.23004E+01    3.33198E-01    4.09397E-03    8.52109E+01    6.59413E-05    7.76887E-03   -2.36345E-03    9.92619E-01    9.83397E-01    9.88826E-01
    5.34957E+01    3.37256E-01    4.05772E-03    8.85325E+01    6.30273E-05    7.60561E-03   -2.27639E-03    9.92645E-01    9.83492E-01    9.88890E-01
    5.47074E+01    3.41260E-01    4.00407E-03    9.19465E+01    5.99886E-05    7.42943E-03   -2.18909E-03    9.92687E-01    9.83622E-01    9.88975E-01
    5.59359E+01    3.45182E-01    3.92271E-03    9.54553E+01    5.66966E-05    7.23023E-03   -2.10245E-03    9.92752E-01    9.83809E-01    9.89089E-01
    5.71814E+01    3.48958E-01    3.77599E-03    9.90617E+01    5.26605E-05    6.97010E-03   -2.01943E-03    9.92874E-01    9.84134E-01    9.89257E-01
    5.84440E+01    3.52302E-01    3.34404E-03    1.02768E+02    4.50079E-05    6.41085E-03   -1.97709E-03    9.93240E-01    9.85090E-01    9.89601E-01
    5.97241E+01    3.57238E-01    4.93542E-03    1.04660E+02    6.41179E-05    7.22482E-03   -3.45252E-03    9.91532E-01    9.82221E-01    9.85090E-01
    6.10218E+01    3.61444E-01    4.20647E-03    1.08522E+02    5.27576E-05    6.97552E-03   -2.02478E-03    9.92472E-01    9.83357E-01    9.88588E-01
    6.23374E+01    3.65433E-01    3.98903E-03    1.12492E+02    4.83079E-05    6.70231E-03   -1.84037E-03    9.92686E-01    9.83808E-01    9.89058E-01
    6.36712E+01    3.69215E-01    3.78148E-03    1.16571E+02    4.42248E-05    6.41887E-03   -1.73864E-03    9.92870E-01    9.84250E-01    9.89347E-01
    6.50234E+01    3.72542E-01    3.32672E-03    1.20765E+02    3.75787E-05    5.89264E-03   -1.68980E-03    9.93264E-01    9.85242E-01    9.89746E-01
    6.63943E+01    3.77369E-01    4.82764E-03    1.22905E+02    5.26802E-05    6.59671E-03   -3.02716E-03    9.91632E-01    9.82527E-01    9.85242E-01
    6.77840E+01    3.81430E-01    4.06086E-03    1.27274E+02    4.28136E-05    6.31476E-03   -1.71387E-03    9.92601E-01    9.83765E-01    9.88883E-01
    6.91930E+01    3.85197E-01    3.76676E-03    1.31764E+02    3.83746E-05    5.99706E-03   -1.55238E-03    9.92884E-01    9.84376E-01    9.89422E-01
    7.06214E+01    3.88480E-01    3.28346E-03    1.36380E+02    3.23282E-05    5.48622E-03   -1.49320E-03    9.93314E-01    9.85424E-01    9.89892E-01
    7.20695E+01    3.93175E-01    4.69460E-03    1.38735E+02    4.46767E-05    6.10332E-03   -2.72510E-03    9.91756E-01    9.82857E-01    9.85424E-01
    7.35376E+01    3.97039E-01    3.86373E-03    1.43544E+02    3.55450E-05    5.76917E-03   -1.50389E-03    9.92779E-01    9.84251E-01    9.89187E-01
    7.50259E+01    4.00345E-01    3.30589E-03    1.48487E+02    2.94039E-05    5.24225E-03   -1.38666E-03    9.93298E-01    9.85442E-01    9.89894E-01
    7.65348E+01    4.05018E-01    4.67333E-03    1.51010E+02    4.01924E-05    5.80447E-03   -2.54961E-03    9.91786E-01    9.82968E-01    9.85442E-01
    7.80645E+01    4.08825E-01    3.80696E-03    1.56160E+02    3.16628E-05    5.45584E-03   -1.37716E-03    9.92838E-01    9.84435E-01    9.89316E-01
    7.96153E+01    4.12048E-01    3.22316E-03    1.61453E+02    2.59273E-05    4.93222E-03   -1.26511E-03    9.93387E-01    9.85686E-01    9.90062E-01
    8.11876E+01    4.16531E-01    4.48254E-03    1.64155E+02    3.48783E-05    5.41576E-03   -2.35537E-03    9.91963E-01    9.83390E-01    9.85686E-01
    8.27815E+01    4.19897E-01    3.36613E-03    1.69671E+02    2.53376E-05    4.86834E-03   -1.27937E-03    9.93236E-01    9.85423E-01    9.89732E-01
    8.43974E+01    4.24510E-01    4.61329E-03    1.72486E+02    3.35967E-05    5.31276E-03   -2.31761E-03    9.91858E-01    9.83215E-01    9.85423E-01
    8.60356E+01    4.27940E-01    3.43023E-03    1.78233E+02    2.41717E-05    4.75968E-03   -1.23174E-03    9.93183E-01    9.85333E-01    9.89668E-01
    8.76964E+01    4.32622E-01    4.68183E-03    1.81166E+02    3.19260E-05    5.18727E-03   -2.24015E-03    9.91814E-01    9.83140E-01    9.85333E-01
    8.93802E+01    4.36115E-01    3.49268E-03    1.87154E+02    2.30503E-05    4.65463E-03   -1.17672E-03    9.93136E-01    9.85245E-01    9.89637E-01
    9.10872E+01    4.40895E-01    4.78056E-03    1.90210E+02    3.05371E-05    5.08793E-03   -2.15640E-03    9.91746E-01    9.83001E-01    9.85245E-01
    9.28177E+01    4.44701E-01    3.80605E-03    1.96450E+02    2.35341E-05    4.72594E-03   -1.09525E-03    9.92878E-01    9.84643E-01    9.89484E-01
    9.45721E+01    4.47889E-01    3.18778E-03    2.02863E+02    1.90821E-05    4.25339E-03   -9.95406E-04    9.93463E-01    9.85949E-01    9.90293E-01
    9.63507E+01    4.52224E-01    4.33530E-03    2.06136E+02    2.51254E-05    4.63048E-03   -1.91940E-03    9.92146E-01    9.83854E-01    9.85949E-01
    9.81539E+01    4.55379E-01    3.15489E-03    2.12818E+02    1.77041E-05    4.08700E-03   -1.00025E-03    9.93480E-01    9.86060E-01    9.90161E-01
    9.99820E+01    4.59447E-01    4.06774E-03    2.16229E+02    2.21043E-05    4.30894E-03   -1.88077E-03    9.92387E-01    9.84456E-01    9.86060E-01
    1.01835E+02    4.64376E-01    4.92869E-03    2.19686E+02    2.59374E-05    4.63812E-03   -2.10361E-03    9.91630E-01    9.82976E-01    9.84456E-01
    1.03714E+02    4.67849E-01    3.47322E-03    2.26745E+02    1.77025E-05    4.09145E-03   -9.81096E-04    9.93185E-01    9.85445E-01    9.89746E-01
    1.05619E+02    4.72472E-01    4.62332E-03    2.30347E+02    2.28245E-05    4.41560E-03   -1.82398E-03    9.91927E-01    9.83459E-01    9.85445E-01
    1.07550E+02    4.75851E-01    3.37883E-03    2.37703E+02    1.61582E-05    3.91543E-03   -9.09701E-04    9.93291E-01    9.85679E-01    9.89969E-01
    1.09508E+02    4.80339E-01    4.48766E-03    2.41456E+02    2.07902E-05    4.22172E-03   -1.72259E-03    9.92057E-01    9.83735E-01    9.85679E-01
    1.11492E+02    4.83558E-01    3.21903E-03    2.49120E+02    1.44481E-05    3.70256E-03   -8.59737E-04    9.93452E-01    9.86053E-01    9.90180E-01
    1.13505E+02    4.87662E-01    4.10451E-03    2.53032E+02    1.78495E-05    3.89130E-03   -1.64539E-03    9.92401E-01    9.84518E-01    9.86053E-01
    1.15544E+02    4.92578E-01    4.91571E-03    2.56997E+02    2.07140E-05    4.16526E-03   -1.83427E-03    9.91692E-01    9.83137E-01    9.84518E-01
    1.17612E+02    4.96019E-01    3.44127E-03    2.65093E+02    1.40521E-05    3.65563E-03   -8.29694E-04    9.93252E-01    9.85640E-01    9.89916E-01
    1.19709E+02    5.00538E-01    4.51855E-03    2.69224E+02    1.78811E-05    3.92399E-03   -1.57587E-03    9.92063E-01    9.83779E-01    9.85640E-01
    1.21835E+02    5.03756E-01    3.21868E-03    2.77660E+02    1.23446E-05    3.42851E-03   -7.68034E-04    9.93477E-01    9.86140E-01    9.90260E-01
    1.23989E+02    5.07827E-01    4.07079E-03    2.81965E+02    1.51325E-05    3.59372E-03   -1.48920E-03    9.92464E-01    9.84667E-01    9.86140E-01
    1.26174E+02    5.12653E-01    4.82559E-03    2.86330E+02    1.73878E-05    3.82643E-03   -1.65718E-03    9.91801E-01    9.83385E-01    9.84667E-01
    1.28389E+02    5.15949E-01    3.29587E-03    2.95241E+02    1.15121E-05    3.31157E-03   -7.38668E-04    9.93412E-01    9.86027E-01    9.90143E-01
    1.30634E+02    5.20087E-01    4.13828E-03    2.99788E+02    1.40128E-05    3.46130E-03   -1.42553E-03    9.92422E-01    9.84597E-01    9.86027E-01
    1.32910E+02    5.24963E-01    4.87622E-03    3.04399E+02    1.60078E-05    3.67599E-03   -1.57953E-03    9.91780E-01    9.83356E-01    9.84597E-01
    1.35218E+02    5.28285E-01    3.32196E-03    3.13812E+02    1.05734E-05    3.17648E-03   -6.95266E-04    9.93402E-01    9.86021E-01    9.90152E-01
    1.37558E+02    5.32444E-01    4.15847E-03    3.18616E+02    1.28337E-05    3.31790E-03   -1.35103E-03    9.92423E-01    9.84608E-01    9.86021E-01
    1.39929E+02    5.37329E-01    4.88534E-03    3.23487E+02    1.46197E-05    3.51885E-03   -1.49578E-03    9.91794E-01    9.83390E-01    9.84608E-01
    1.42334E+02    5.40658E-01    3.32893E-03    3.33430E+02    9.66040E-06    3.03901E-03   -6.51771E-04    9.93410E-01    9.86052E-01    9.90191E-01
    1.44772E+02    5.44815E-01    4.15691E-03    3.38505E+02    1.16986E-05    3.17313E-03   -1.27665E-03    9.92443E-01    9.84654E-01    9.86052E-01
    1.47243E+02    5.49686E-01    4.87093E-03    3.43650E+02    1.32945E-05    3.36129E-03   -1.41288E-03    9.91825E-01    9.83461E-01    9.84654E-01
    1.49749E+02    5.53006E-01    3.32074E-03    3.54153E+02    8.79051E-06    2.90152E-03   -6.09676E-04    9.93431E-01    9.86112E-01    9.90251E-01
    1.52289E+02    5.57143E-01    4.13611E-03    3.59514E+02    1.06198E-05    3.02824E-03   -1.20396E-03    9.92478E-01    9.84734E-01    9.86112E-01
    1.54864E+02    5.61976E-01    4.83291E-03    3.64949E+02    1.20364E-05    3.20349E-03   -1.33194E-03    9.91874E-01    9.83568E-01    9.84734E-01
    1.57474E+02    5.65268E-01    3.29242E-03    3.76045E+02    7.95410E-06    2.76226E-03   -5.69224E-04    9.93471E-01    9.86211E-01    9.90335E-01
    1.60121E+02    5.69354E-01    4.08636E-03    3.81708E+02    9.57681E-06    2.87985E-03   -1.13283E-03    9.92539E-01    9.84864E-01    9.86211E-01
    1.62804E+02    5.74107E-01    4.75268E-03    3.87449E+02    1.08057E-05    3.03924E-03   -1.25250E-03    9.91957E-01    9.83746E-01    9.84864E-01
    1.65524E+02    5.77312E-01    3.20547E-03    3.99170E+02    7.07062E-06    2.60550E-03   -5.31023E-04    9.93566E-01    9.86430E-01    9.90476E-01
    1.68282E+02    5.81234E-01    3.92118E-03    4.05152E+02    8.39179E-06    2.69481E-03   -1.06291E-03    9.92702E-01    9.85219E-01    9.86430E-01
    1.71078E+02    5.85621E-01    4.38694E-03    4.11217E+02    9.10944E-06    2.77773E-03   -1.18053E-03    9.92281E-01    9.84462E-01    9.85219E-01
    1.73912E+02    5.90540E-01    4.91909E-03    4.17365E+02    9.91118E-06    2.90367E-03   -1.21651E-03    9.91840E-01    9.83553E-01    9.84462E-01
    1.76786E+02    5.93795E-01    3.25524E-03    4.29917E+02    6.36435E-06    2.47309E-03   -4.98181E-04    9.93533E-01    9.86378E-01    9.90428E-01
    1.79699E+02    5.97755E-01    3.95986E-03    4.36324E+02    7.51278E-06    2.55256E-03   -9.98607E-04    9.92688E-01    9.85201E-01    9.86378E-01
    1.82653E+02    6.02163E-01    4.40810E-03    4.42818E+02    8.11597E-06    2.62544E-03   -1.10590E-03    9.92286E-01    9.84479E-01    9.85201E-01
    1.85647E+02    6.07081E-01    4.91806E-03    4.49403E+02    8.78757E-06    2.73762E-03   -1.13711E-03    9.91864E-01    9.83611E-01    9.84479E-01
    1.88682E+02    6.10316E-01    3.23514E-03    4.62846E+02    5.61012E-06    2.32330E-03   -4.60859E-04    9.93568E-01    9.86468E-01    9.90492E-01
    1.91760E+02    6.14222E-01    3.90579E-03    4.69706E+02    6.57371E-06    2.38954E-03   -9.29412E-04    9.92757E-01    9.85354E-01    9.86468E-01
    1.94879E+02    6.18510E-01    4.28837E-03    4.76662E+02    7.00539E-06    2.43870E-03   -1.02865E-03    9.92411E-01    9.84751E-01    9.85354E-01
    1.98042E+02    6.23123E-01    4.61245E-03    4.83713E+02    7.31353E-06    2.48705E-03   -1.06212E-03    9.92138E-01    9.84218E-01    9.84751E-01
    2.01249E+02    6.28196E-01    5.07340E-03    4.90862E+02    7.80850E-06    2.58115E-03   -1.07059E-03    9.91767E-01    9.83434E-01    9.84218E-01
    2.04499E+02    6.31522E-01    3.32623E-03    5.05457E+02    4.96946E-06    2.18832E-03   -4.25106E-04    9.93501E-01    9.86339E-01    9.90421E-01
    2.07795E+02    6.35542E-01    4.02018E-03    5.12906E+02    5.83052E-06    2.25517E-03   -8.62973E-04    9.92680E-01    9.85197E-01    9.86339E-01
    2.11136E+02    6.39993E-01    4.45006E-03    5.20457E+02    6.26538E-06    2.31440E-03   -9.53381E-04    9.92298E-01    9.84513E-01    9.85197E-01
    2.14523E+02    6.44929E-01    4.93666E-03    5.28113E+02    6.74762E-06    2.40645E-03   -9.78071E-04    9.91899E-01    9.83692E-01    9.84513E-01
    2.17957E+02    6.48177E-01    3.24818E-03    5.43743E+02    4.31031E-06    2.03948E-03   -3.88359E-04    9.93591E-01    9.86539E-01    9.90577E-01
    2.21439E+02    6.52080E-01    3.90213E-03    5.51721E+02    5.02731E-06    2.09610E-03   -7.96028E-04    9.92803E-01    9.85456E-01    9.86539E-01
    2.24968E+02    6.56344E-01    4.26460E-03    5.59808E+02    5.33448E-06    2.13545E-03   -8.79972E-04    9.92476E-01    9.84887E-01    9.85456E-01
    2.28546E+02    6.60908E-01    4.56429E-03    5.68007E+02    5.54348E-06    2.17271E-03   -9.07093E-04    9.92223E-01    9.84396E-01    9.84887E-01
    2.32174E+02    6.65897E-01    4.98870E-03    5.76319E+02    5.88308E-06    2.24716E-03   -9.12883E-04    9.91880E-01    9.83673E-01    9.84396E-01
    2.35851E+02    6.69146E-01    3.24903E-03    5.93288E+02    3.72044E-06    1.89574E-03   -3.55808E-04    9.93606E-01    9.86587E-01    9.90608E-01
    2.39579E+02    6.73026E-01    3.87944E-03    6.01949E+02    4.31366E-06    1.94347E-03   -7.32504E-04    9.92845E-01    9.85549E-01    9.86587E-01
    2.43359E+02    6.77231E-01    4.20581E-03    6.10730E+02    4.54125E-06    1.97182E-03   -8.08189E-04    9.92549E-01    9.85045E-01    9.85549E-01
    2.47191E+02    6.81671E-01    4.43949E-03    6.19631E+02    4.65502E-06    1.99063E-03   -8.32102E-04    9.92351E-01    9.84671E-01    9.85045E-01
    2.51076E+02    6.86352E-01    4.68161E-03    6.28656E+02    4.76715E-06    2.01511E-03   -8.40531E-04    9.92153E-01    9.84271E-01    9.84671E-01
    2.55014E+02    6.91426E-01    5.07362E-03    6.37805E+02    5.01731E-06    2.07694E-03   -8.38833E-04    9.91841E-01    9.83605E-01    9.84271E-01
    2.59007E+02    6.94716E-01    3.29018E-03    6.56483E+02    3.15990E-06    1.74818E-03   -3.22142E-04    9.93587E-01    9.86560E-01    9.90599E-01
    2.63055E+02    6.98633E-01    3.91641E-03    6.66016E+02    3.65304E-06    1.79094E-03   -6.67509E-04    9.92836E-01    9.85537E-01    9.86560E-01
    2.67158E+02    7.02868E-01    4.23505E-03    6.75681E+02    3.83663E-06    1.81537E-03   -7.35565E-04    9.92549E-01    9.85049E-01    9.85537E-01
    2.71319E+02    7.07328E-01    4.46064E-03    6.85479E+02    3.92486E-06    1.83103E-03   -7.56443E-04    9.92359E-01    9.84689E-01    9.85049E-01
    2.75536E+02    7.12023E-01    4.69432E-03    6.95412E+02    4.01189E-06    1.85180E-03   -7.63354E-04    9.92169E-01    9.84305E-01    9.84689E-01
    2.79812E+02    7.17099E-01    5.07587E-03    7.05482E+02    4.21353E-06    1.90633E-03   -7.61199E-04    9.91866E-01    9.83659E-01    9.84305E-01
    2.84147E+02    7.20393E-01    3.29444E-03    7.26041E+02    2.65637E-06    1.60393E-03   -2.89420E-04    9.93602E-01    9.86602E-01    9.90647E-01
    2.88542E+02    7.24306E-01    3.91289E-03    7.36534E+02    3.06469E-06    1.64282E-03   -6.04848E-04    9.92862E-01    9.85592E-01    9.86602E-01
    2.92998E+02    7.28529E-01    4.22313E-03    7.47172E+02    3.21304E-06    1.66411E-03   -6.66175E-04    9.92583E-01    9.85117E-01    9.85592E-01
    2.97514E+02    7.32969E-01    4.43966E-03    7.57957E+02    3.28122E-06    1.67707E-03   -6.84593E-04    9.92400E-01    9.84773E-01    9.85117E-01
    3.02094E+02    7.37631E-01    4.66241E-03    7.68890E+02    3.34742E-06    1.69436E-03   -6.90349E-04    9.92218E-01    9.84406E-01    9.84773E-01
    3.06736E+02    7.42659E-01    5.02758E-03    7.79974E+02    3.50658E-06    1.74165E-03   -6.87929E-04    9.91927E-01    9.83786E-01    9.84406E-01
    3.11443E+02    7.45916E-01    3.25740E-03    8.02604E+02    2.20714E-06    1.46288E-03   -2.59078E-04    9.93654E-01    9.86721E-01    9.90742E-01
    3.16214E+02    7.49768E-01    3.85210E-03    8.14153E+02    2.53572E-06    1.49604E-03   -5.45523E-04    9.92936E-01    9.85749E-01    9.86721E-01
    3.21051E+02    7.53902E-01    4.13337E-03    8.25862E+02    2.64339E-06    1.51101E-03   -6.00203E-04    9.92681E-01    9.85322E-01    9.85749E-01
    3.25955E+02    7.58207E-01    4.30583E-03    8.37732E+02    2.67534E-06    1.51522E-03   -6.16004E-04    9.92534E-01    9.85053E-01    9.85322E-01
    3.30927E+02    7.62651E-01    4.44412E-03    8.49766E+02    2.68276E-06    1.51575E-03   -6.20702E-04    9.92421E-01    9.84833E-01    9.85053E-01
    3.35967E+02    7.67235E-01    4.58358E-03    8.61967E+02    2.68833E-06    1.51740E-03   -6.21151E-04    9.92308E-01    9.84608E-01    9.84833E-01
    3.41077E+02    7.71999E-01    4.76398E-03    8.74335E+02    2.71482E-06    1.52682E-03   -6.19377E-04    9.92164E-01    9.84309E-01    9.84608E-01
    3.46258E+02    7.77101E-01    5.10170E-03    8.86875E+02    2.82479E-06    1.56468E-03   -6.13639E-04    9.91899E-01    9.83738E-01    9.84309E-01
    3.51510E+02    7.80395E-01    3.29384E-03    9.12475E+02    1.77208E-06    1.31153E-03   -2.27965E-04    9.93640E-01    9.86705E-01    9.90742E-01
    3.56834E+02    7.84278E-01    3.88342E-03    9.25541E+02    2.03009E-06    1.34034E-03   -4.83291E-04    9.92934E-01    9.85748E-01    9.86705E-01
    3.62232E+02    7.88435E-01    4.15654E-03    9.38787E+02    2.11135E-06    1.35251E-03   -5.31086E-04    9.92687E-01    9.85337E-01    9.85748E-01
    3.67704E+02    7.92755E-01    4.32075E-03    9.52216E+02    2.13267E-06    1.35508E-03   -5.44437E-04    9.92548E-01    9.85082E-01    9.85337E-01
    3.73252E+02    7.97206E-01    4.45089E-03    9.65830E+02    2.13479E-06    1.35441E-03   -5.48047E-04    9.92441E-01    9.84876E-01    9.85082E-01
    3.78876E+02    8.01788E-01    4.58194E-03    9.79632E+02    2.13555E-06    1.35473E-03   -5.47963E-04    9.92336E-01    9.84664E-01    9.84876E-01
    3.84578E+02    8.06541E-01    4.75289E-03    9.93624E+02    2.15267E-06    1.36184E-03   -5.45958E-04    9.92199E-01    9.84381E-01    9.84664E-01
    3.90359E+02    8.11619E-01    5.07764E-03    1.00781E+03    2.23486E-06    1.39381E-03   -5.40512E-04    9.91944E-01    9.83832E-01    9.84381E-01
    3.96220E+02    8.14896E-01    3.27782E-03    1.03677E+03    1.40201E-06    1.16725E-03   -1.98830E-04    9.93674E-01    9.86786E-01    9.90815E-01
    4.02161E+02    8.18750E-01    3.85313E-03    1.05155E+03    1.60163E-06    1.19206E-03   -4.24998E-04    9.92983E-01    9.85852E-01    9.86786E-01
    4.08184E+02    8.22861E-01    4.11103E-03    1.06654E+03    1.66070E-06    1.20122E-03   -4.66653E-04    9.92749E-01    9.85464E-01    9.85852E-01
    4.14291E+02    8.27117E-01    4.25680E-03    1.08173E+03    1.67117E-06    1.20117E-03   -4.77879E-04    9.92625E-01    9.85240E-01    9.85464E-01
    4.20481E+02    8.31479E-01    4.36109E-03    1.09713E+03    1.66395E-06    1.19711E-03   -4.80490E-04    9.92540E-01    9.85078E-01    9.85240E-01
    4.26758E+02    8.35929E-01    4.45031E-03    1.11274E+03    1.65024E-06    1.19164E-03   -4.79834E-04    9.92468E-01    9.84938E-01    9.85078E-01
    4.33120E+02    8.40468E-01    4.53949E-03    1.12857E+03    1.63600E-06    1.18650E-03   -4.77738E-04    9.92397E-01    9.84796E-01    9.84938E-01
    4.39571E+02    8.45113E-01    4.64439E-03    1.14462E+03    1.62680E-06    1.18373E-03   -4.74947E-04    9.92314E-01    9.84626E-01    9.84796E-01
    4.46111E+02    8.49909E-01    4.79626E-03    1.16089E+03    1.63283E-06    1.18762E-03   -4.71589E-04    9.92194E-01    9.84374E-01    9.84626E-01
    4.52741E+02    8.55013E-01    5.10437E-03    1.17738E+03    1.68897E-06    1.21325E-03   -4.65837E-04    9.91953E-01    9.83854E-01    9.84374E-01
    4.59462E+02    8.58305E-01    3.29177E-03    1.21106E+03    1.05866E-06    1.01486E-03   -1.69445E-04    9.93682E-01    9.86814E-01    9.90849E-01
    4.66276E+02    8.62164E-01    3.85922E-03    1.22824E+03    1.20637E-06    1.03591E-03   -3.65055E-04    9.93003E-01    9.85895E-01    9.86814E-01
    4.73184E+02    8.66272E-01    4.10779E-03    1.24567E+03    1.24811E-06    1.04294E-03   -4.00477E-04    9.92778E-01    9.85524E-01    9.85895E-01
    4.80188E+02    8.70516E-01    4.24375E-03    1.26333E+03    1.25331E-06    1.04185E-03   -4.09710E-04    9.92662E-01    9.85316E-01    9.85524E-01
    4.87288E+02    8.74853E-01    4.33710E-03    1.28124E+03    1.24504E-06    1.03714E-03   -4.11567E-04    9.92586E-01    9.85171E-01    9.85316E-01
    4.94486E+02    8.79266E-01    4.41291E-03    1.29939E+03    1.23137E-06    1.03090E-03   -4.10629E-04    9.92525E-01    9.85053E-01    9.85171E-01
    5.01783E+02    8.83750E-01    4.48368E-03    1.31780E+03    1.21614E-06    1.02436E-03   -4.08452E-04    9.92469E-01    9.84942E-01    9.85053E-01
    5.09181E+02    8.88309E-01    4.55920E-03    1.33646E+03    1.20206E-06    1.01857E-03   -4.05695E-04    9.92409E-01    9.84822E-01    9.84942E-01
    5.16682E+02    8.92962E-01    4.65274E-03    1.35537E+03    1.19246E-06    1.01505E-03   -4.02662E-04    9.92335E-01    9.84670E-01    9.84822E-01
    5.24285E+02    8.97755E-01    4.79389E-03    1.37455E+03    1.19434E-06    1.01729E-03   -3.99317E-04    9.92224E-01    9.84436E-01    9.84670E-01
    5.31994E+02    9.02845E-01    5.08937E-03    1.39399E+03    1.23257E-06    1.03792E-03   -3.94066E-04    9.91993E-01    9.83937E-01    9.84436E-01
    5.39809E+02    9.06128E-01    3.28345E-03    1.43369E+03    7.73024E-07    8.67694E-04   -1.41884E-04    9.93710E-01    9.86882E-01    9.90913E-01
    5.47732E+02    9.09969E-01    3.84036E-03    1.45395E+03    8.78930E-07    8.85372E-04   -3.08295E-04    9.93043E-01    9.85980E-01    9.86882E-01
    5.55764E+02    9.14048E-01    4.07898E-03    1.47448E+03    9.07526E-07    8.90672E-04   -3.37979E-04    9.92827E-01    9.85624E-01    9.85980E-01
    5.63907E+02    9.18253E-01    4.20500E-03    1.49530E+03    9.09502E-07    8.88900E-04   -3.45483E-04    9.92720E-01    9.85432E-01    9.85624E-01
    5.72163E+02    9.22540E-01    4.28735E-03    1.51641E+03    9.01493E-07    8.83885E-04   -3.46758E-04    9.92652E-01    9.85305E-01    9.85432E-01
    5.80532E+02    9.26890E-01    4.34993E-03    1.53781E+03    8.89196E-07    8.77334E-04   -3.45661E-04    9.92601E-01    9.85208E-01    9.85305E-01
    5.89017E+02    9.31293E-01    4.40341E-03    1.55951E+03    8.75085E-07    8.70114E-04   -3.43493E-04    9.92559E-01    9.85125E-01    9.85208E-01
    5.97619E+02    9.35747E-01    4.45400E-03    1.58150E+03    8.60523E-07    8.62773E-04   -3.40801E-04    9.92519E-01    9.85047E-01    9.85125E-01
    6.06340E+02    9.40254E-01    4.50685E-03    1.60380E+03    8.46527E-07    8.55790E-04   -3.37861E-04    9.92478E-01    9.84964E-01    9.85047E-01
    6.15181E+02    9.44822E-01    4.56831E-03    1.62641E+03    8.34228E-07    8.49775E-04   -3.34829E-04    9.92430E-01    9.84866E-01    9.84964E-01
    6.24144E+02    9.49472E-01    4.64978E-03    1.64933E+03    8.25519E-07    8.45838E-04   -3.31779E-04    9.92366E-01    9.84733E-01    9.84866E-01
    6.33230E+02    9.54252E-01    4.77932E-03    1.67256E+03    8.24957E-07    8.46747E-04   -3.28598E-04    9.92263E-01    9.84516E-01    9.84733E-01
    6.42442E+02    9.59312E-01    5.06091E-03    1.69612E+03    8.49316E-07    8.62773E-04   -3.23942E-04    9.92043E-01    9.84041E-01    9.84516E-01
    6.51782E+02    9.62578E-01    3.26576E-03    1.74420E+03    5.32850E-07    7.20780E-04   -1.15441E-04    9.93747E-01    9.86969E-01    9.90990E-01
    6.61250E+02    9.66389E-01    3.81045E-03    1.76875E+03    6.04478E-07    7.35176E-04   -2.52970E-04    9.93093E-01    9.86085E-01    9.86969E-01
    6.70849E+02    9.70427E-01    4.03848E-03    1.79363E+03    6.22891E-07    7.38983E-04   -2.77120E-04    9.92886E-01    9.85744E-01    9.86085E-01
    6.80580E+02    9.74582E-01    4.15456E-03    1.81886E+03    6.23034E-07    7.36838E-04   -2.83025E-04    9.92787E-01    9.85567E-01    9.85744E-01
    6.90445E+02    9.78808E-01    4.22662E-03    1.84443E+03    6.16278E-07    7.31931E-04   -2.83823E-04    9.92727E-01    9.85457E-01    9.85567E-01
    7.00447E+02    9.83086E-01    4.27777E-03    1.87036E+03    6.06462E-07    7.25644E-04   -2.82672E-04    9.92685E-01    9.85378E-01    9.85457E-01
    7.10587E+02    9.87404E-01    4.31781E-03    1.89664E+03    5.95190E-07    7.18636E-04   -2.80627E-04    9.92654E-01    9.85317E-01    9.85378E-01
    7.20866E+02    9.91756E-01    4.35166E-03    1.92329E+03    5.83253E-07    7.11265E-04   -2.78128E-04    9.92628E-01    9.85266E-01    9.85317E-01
    7.31288E+02    9.96138E-01    4.38223E-03    1.95030E+03    5.71099E-07    7.03748E-04   -2.75386E-04    9.92604E-01    9.85220E-01    9.85266E-01
    7.41853E+02    1.00055E+00    4.41159E-03    1.97769E+03    5.59023E-07    6.96244E-04   -2.72518E-04    9.92582E-01    9.85175E-01    9.85220E-01
    7.52564E+02    1.00499E+00    4.44156E-03    2.00546E+03    5.47258E-07    6.88893E-04   -2.69599E-04    9.92559E-01    9.85130E-01    9.85175E-01
    7.63423E+02    1.00947E+00    4.47420E-03    2.03361E+03    5.36041E-07    6.81853E-04   -2.66677E-04    9.92534E-01    9.85079E-01    9.85130E-01
    7.74432E+02    1.01398E+00    4.51243E-03    2.06214E+03    5.25681E-07    6.75348E-04   -2.63793E-04    9.92505E-01    9.85019E-01    9.85079E-01
    7.85593E+02    1.01854E+00    4.56127E-03    2.09107E+03    5.16692E-07    6.69763E-04   -2.60977E-04    9.92467E-01    9.84940E-01    9.85019E-01
    7.96907E+02    1.02317E+00    4.63113E-03    2.12040E+03    5.10117E-07    6.65905E-04   -2.58239E-04    9.92412E-01    9.84825E-01    9.84940E-01
    8.08378E+02    1.02792E+00    4.74896E-03    2.15014E+03    5.08654E-07    6.65878E-04   -2.55460E-04    9.92318E-01    9.84628E-01    9.84825E-01
    8.20007E+02    1.03293E+00    5.01596E-03    2.18028E+03    5.22423E-07    6.77587E-04   -2.51591E-04    9.92109E-01    9.84175E-01    9.84628E-01
    8.31797E+02    1.03617E+00    3.23748E-03    2.24183E+03    3.27887E-07    5.65697E-04   -8.87360E-05    9.93796E-01    9.87081E-01    9.91084E-01
    8.43749E+02    1.03994E+00    3.76855E-03    2.27324E+03    3.71144E-07    5.76788E-04   -1.96111E-04    9.93157E-01    9.86215E-01    9.87081E-01
    8.55867E+02    1.04393E+00    3.98597E-03    2.30508E+03    3.81731E-07    5.79351E-04   -2.14671E-04    9.92958E-01    9.85890E-01    9.86215E-01
    8.68151E+02    1.04802E+00    4.09292E-03    2.33737E+03    3.81167E-07    5.77217E-04   -2.19059E-04    9.92866E-01    9.85727E-01    9.85890E-01
    8.80605E+02    1.05218E+00    4.15632E-03    2.37010E+03    3.76403E-07    5.72908E-04   -2.19498E-04    9.92813E-01    9.85629E-01    9.85727E-01
    8.93231E+02    1.05637E+00    4.19881E-03    2.40328E+03    3.69772E-07    5.67502E-04   -2.18434E-04    9.92778E-01    9.85564E-01    9.85629E-01
    9.06031E+02    1.06060E+00    4.22981E-03    2.43692E+03    3.62241E-07    5.61508E-04   -2.16680E-04    9.92753E-01    9.85517E-01    9.85564E-01
    9.19008E+02    1.06486E+00    4.25394E-03    2.47102E+03    3.54274E-07    5.55188E-04   -2.14571E-04    9.92735E-01    9.85481E-01    9.85517E-01
    9.32164E+02    1.06913E+00    4.27373E-03    2.50559E+03    3.46123E-07    5.48695E-04   -2.12267E-04    9.92720E-01    9.85452E-01    9.85481E-01
    9.45501E+02    1.07342E+00    4.29073E-03    2.54064E+03    3.37934E-07    5.42121E-04   -2.09854E-04    9.92707E-01    9.85427E-01    9.85452E-01
    9.59023E+02    1.07773E+00    4.30597E-03    2.57618E+03    3.29802E-07    5.35531E-04   -2.07383E-04    9.92696E-01    9.85405E-01    9.85427E-01
    9.72731E+02    1.08205E+00    4.32024E-03    2.61220E+03    3.21791E-07    5.28973E-04   -2.04886E-04    9.92686E-01    9.85385E-01    9.85405E-01
    9.86628E+02    1.08638E+00    4.33420E-03    2.64873E+03    3.13951E-07    5.22486E-04   -2.02385E-04    9.92676E-01    9.85365E-01    9.85385E-01
    1.00072E+03    1.09073E+00    4.34853E-03    2.68575E+03    3.06327E-07    5.16110E-04   -1.99895E-04    9.92665E-01    9.85344E-01    9.85365E-01
    1.01500E+03    1.09510E+00    4.36398E-03    2.72329E+03    2.98964E-07    5.09887E-04   -1.97430E-04    9.92654E-01    9.85321E-01    9.85344E-01
    1.02948E+03    1.09948E+00    4.38157E-03    2.76134E+03    2.91918E-07    5.03877E-04   -1.95003E-04    9.92641E-01    9.85295E-01    9.85321E-01
    1.04416E+03    1.10388E+00    4.40278E-03    2.79992E+03    2.85271E-07    4.98163E-04   -1.92625E-04    9.92625E-01    9.85262E-01    9.85295E-01
    1.05904E+03    1.10831E+00    4.43011E-03    2.83904E+03    2.79155E-07    4.92886E-04   -1.90310E-04    9.92604E-01    9.85218E-01    9.85262E-01
    1.07413E+03    1.11278E+00    4.46814E-03    2.87869E+03    2.73818E-07    4.88311E-04   -1.88070E-04    9.92574E-01    9.85156E-01    9.85218E-01
    1.08943E+03    1.11731E+00    4.52669E-03    2.91889E+03    2.69788E-07    4.85003E-04   -1.85904E-04    9.92527E-01    9.85057E-01    9.85156E-01
    1.10494E+03    1.12194E+00    4.63147E-03    2.95964E+03    2.68454E-07    4.84458E-04   -1.83723E-04    9.92443E-01    9.84879E-01    9.85057E-01
    1.12066E+03    1.12682E+00    4.87932E-03    3.00096E+03    2.75056E-07    4.92317E-04   -1.80779E-04    9.92246E-01    9.84453E-01    9.84879E-01
    1.13660E+03    1.12997E+00    3.14903E-03    3.08531E+03    1.72645E-07    4.10685E-04   -6.31090E-05    9.93902E-01    9.87311E-01    9.91258E-01
    1.15276E+03    1.13362E+00    3.65629E-03    3.12836E+03    1.94955E-07    4.18538E-04   -1.40646E-04    9.93284E-01    9.86474E-01    9.87311E-01
    1.16914E+03    1.13748E+00    3.85853E-03    3.17200E+03    2.00095E-07    4.20039E-04   -1.53824E-04    9.93097E-01    9.86169E-01    9.86474E-01
    1.18574E+03    1.14143E+00    3.95377E-03    3.21625E+03    1.99410E-07    4.18113E-04   -1.56816E-04    9.93013E-01    9.86021E-01    9.86169E-01
    1.20258E+03    1.14544E+00    4.00677E-03    3.26111E+03    1.96541E-07    4.14605E-04   -1.56983E-04    9.92967E-01    9.85939E-01    9.86021E-01
    1.21965E+03    1.14948E+00    4.03934E-03    3.30659E+03    1.92707E-07    4.10301E-04   -1.56078E-04    9.92940E-01    9.85889E-01    9.85939E-01
    1.23696E+03    1.15354E+00    4.06054E-03    3.35269E+03    1.88408E-07    4.05564E-04   -1.54680E-04    9.92923E-01    9.85857E-01    9.85889E-01
    1.25450E+03    1.15762E+00    4.07473E-03    3.39943E+03    1.83885E-07    4.00584E-04   -1.53028E-04    9.92912E-01    9.85836E-01    9.85857E-01
    1.27228E+03    1.16170E+00    4.08428E-03    3.44682E+03    1.79265E-07    3.95466E-04   -1.51236E-04    9.92905E-01    9.85823E-01    9.85836E-01
    1.29032E+03    1.16579E+00    4.09056E-03    3.49486E+03    1.74622E-07    3.90273E-04   -1.49363E-04    9.92901E-01    9.85816E-01    9.85823E-01
    1.30860E+03    1.16988E+00    4.09444E-03    3.54356E+03    1.70000E-07    3.85046E-04   -1.47445E-04    9.92899E-01    9.85812E-01    9.85816E-01
    1.32713E+03    1.17398E+00    4.09649E-03    3.59293E+03    1.65427E-07    3.79811E-04   -1.45503E-04    9.92899E-01    9.85812E-01    9.85812E-01
    1.34592E+03    1.17808E+00    4.09710E-03    3.64299E+03    1.60922E-07    3.74587E-04   -1.43549E-04    9.92899E-01    9.85813E-01    9.85812E-01
    1.36496E+03    1.18217E+00    4.09656E-03    3.69374E+03    1.56496E-07    3.69387E-04   -1.41594E-04    9.92901E-01    9.85817E-01    9.85813E-01
    1.38427E+03    1.18627E+00    4.09509E-03    3.74518E+03    1.52157E-07    3.64221E-04   -1.39645E-04    9.92904E-01    9.85822E-01    9.85817E-01
    1.40385E+03    1.19036E+00    4.09284E-03    3.79734E+03    1.47912E-07    3.59095E-04   -1.37704E-04    9.92907E-01    9.85829E-01    9.85822E-01
    1.42370E+03    1.19445E+00    4.08996E-03    3.85022E+03    1.43763E-07    3.54017E-04   -1.35777E-04    9.92910E-01    9.85836E-01    9.85829E-01
    1.44382E+03    1.19854E+00    4.08657E-03    3.90382E+03    1.39715E-07    3.48991E-04   -1.33864E-04    9.92915E-01    9.85845E-01    9.85836E-01
    1.46421E+03    1.20262E+00    4.08279E-03    3.95817E+03    1.35767E-07    3.44022E-04   -1.31970E-04    9.92919E-01    9.85853E-01    9.85845E-01
    1.48489E+03    1.20670E+00    4.07874E-03    4.01327E+03    1.31923E-07    3.39114E-04   -1.30095E-04    9.92924E-01    9.85863E-01    9.85853E-01
    1.50586E+03    1.21078E+00    4.07455E-03    4.06912E+03    1.28184E-07    3.34272E-04   -1.28241E-04    9.92928E-01    9.85872E-01    9.85863E-01
    1.52711E+03    1.21485E+00    4.07037E-03    4.12575E+03    1.24551E-07    3.29502E-04   -1.26410E-04    9.92933E-01    9.85882E-01    9.85872E-01
    1.54866E+03    1.21891E+00    4.06638E-03    4.18316E+03    1.21028E-07    3.24811E-04   -1.24603E-04    9.92938E-01    9.85891E-01    9.85882E-01
    1.57051E+03    1.22297E+00    4.06285E-03    4.24136E+03    1.17617E-07    3.20207E-04   -1.22821E-04    9.92942E-01    9.85899E-01    9.85891E-01
    1.59265E+03    1.22703E+00    4.06010E-03    4.30037E+03    1.14326E-07    3.15703E-04   -1.21069E-04    9.92945E-01    9.85906E-01    9.85899E-01
    1.61511E+03    1.23109E+00    4.05865E-03    4.36018E+03    1.11162E-07    3.11318E-04   -1.19346E-04    9.92948E-01    9.85910E-01    9.85906E-01
    1.63787E+03    1.23515E+00    4.05924E-03    4.42083E+03    1.08141E-07    3.07079E-04   -1.17659E-04    9.92948E-01    9.85911E-01    9.85910E-01
    1.66094E+03    1.23922E+00    4.06311E-03    4.48231E+03    1.05287E-07    3.03033E-04   -1.16010E-04    9.92946E-01    9.85905E-01    9.85911E-01
    1.68434E+03    1.24329E+00    4.07235E-03    4.54464E+03    1.02644E-07    2.99259E-04   -1.14405E-04    9.92939E-01    9.85890E-01    9.85905E-01
    1.70806E+03    1.24738E+00    4.09097E-03    4.60783E+03    1.00298E-07    2.95910E-04   -1.12850E-04    9.92924E-01    9.85858E-01    9.85890E-01
    1.73210E+03    1.25151E+00    4.12759E-03    4.67189E+03    9.84325E-08    2.93318E-04   -1.11343E-04    9.92893E-01    9.85792E-01    9.85858E-01
    1.75648E+03    1.25571E+00    4.20495E-03    4.73684E+03    9.75395E-08    2.92364E-04   -1.09830E-04    9.92828E-01    9.85652E-01    9.85792E-01
    1.78119E+03    1.26012E+00    4.40874E-03    4.80268E+03    9.94752E-08    2.96376E-04   -1.07872E-04    9.92658E-01    9.85284E-01    9.85652E-01
    1.80624E+03    1.26295E+00    2.83163E-03    4.93710E+03    6.21468E-08    2.46495E-04   -3.72398E-05    9.94237E-01    9.88019E-01    9.91752E-01
    1.83164E+03    1.26622E+00    3.27275E-03    5.00571E+03    6.98679E-08    2.50792E-04   -8.34949E-05    9.93670E-01    9.87256E-01    9.88019E-01
    1.85739E+03    1.26966E+00    3.43792E-03    5.07526E+03    7.13913E-08    2.51170E-04   -9.11319E-05    9.93508E-01    9.86996E-01    9.87256E-01
    1.88350E+03    1.27317E+00    3.50661E-03    5.14577E+03    7.08309E-08    2.49473E-04   -9.27049E-05    9.93444E-01    9.86887E-01    9.86996E-01
    1.90996E+03    1.27671E+00    3.53704E-03    5.21725E+03    6.94966E-08    2.46822E-04   -9.26029E-05    9.93416E-01    9.86839E-01    9.86887E-01
    1.93680E+03    1.28026E+00    3.54874E-03    5.28973E+03    6.78246E-08    2.43691E-04   -9.18659E-05    9.93406E-01    9.86823E-01    9.86839E-01
    1.96400E+03    1.28380E+00    3.54979E-03    5.36320E+03    6.59943E-08    2.40297E-04   -9.08372E-05    9.93406E-01    9.86825E-01    9.86823E-01
    1.99157E+03    1.28735E+00    3.54408E-03    5.43768E+03    6.40912E-08    2.36755E-04   -8.96578E-05    9.93412E-01    9.86838E-01    9.86825E-01
    2.01953E+03    1.29088E+00    3.53368E-03    5.51320E+03    6.21607E-08    2.33125E-04   -8.83943E-05    9.93423E-01    9.86860E-01    9.86838E-01
    2.04787E+03    1.29440E+00    3.51980E-03    5.58975E+03    6.02286E-08    2.29446E-04   -8.70823E-05    9.93436E-01    9.86888E-01    9.86860E-01
    2.07661E+03    1.29791E+00    3.50320E-03    5.66736E+03    5.83103E-08    2.25740E-04   -8.57418E-05    9.93453E-01    9.86922E-01    9.86888E-01
    2.10574E+03    1.30139E+00    3.48433E-03    5.74605E+03    5.64155E-08    2.22024E-04   -8.43852E-05    9.93471E-01    9.86959E-01    9.86922E-01
    2.13527E+03    1.30485E+00    3.46353E-03    5.82582E+03    5.45502E-08    2.18307E-04   -8.30203E-05    9.93491E-01    9.87000E-01    9.86959E-01
    2.16521E+03    1.30829E+00    3.44100E-03    5.90669E+03    5.27184E-08    2.14596E-04   -8.16521E-05    9.93513E-01    9.87044E-01    9.87000E-01
    2.19557E+03    1.31171E+00    3.41688E-03    5.98867E+03    5.09225E-08    2.10896E-04   -8.02842E-05    9.93537E-01    9.87091E-01    9.87044E-01
    2.22634E+03    1.31510E+00    3.39129E-03    6.07179E+03    4.91640E-08    2.07210E-04   -7.89189E-05    9.93562E-01    9.87142E-01    9.87091E-01
    2.25753E+03    1.31847E+00    3.36428E-03    6.15605E+03    4.74438E-08    2.03540E-04   -7.75579E-05    9.93588E-01    9.87195E-01    9.87142E-01
    2.28916E+03    1.32180E+00    3.33591E-03    6.24148E+03    4.57622E-08    1.99888E-04   -7.62023E-05    9.93616E-01    9.87250E-01    9.87195E-01
    2.32123E+03    1.32511E+00    3.30620E-03    6.32809E+03    4.41192E-08    1.96256E-04   -7.48528E-05    9.93645E-01    9.87309E-01    9.87250E-01
    2.35373E+03    1.32838E+00    3.27516E-03    6.41589E+03    4.25148E-08    1.92642E-04   -7.35101E-05    9.93675E-01    9.87370E-01    9.87309E-01
    2.38669E+03    1.33163E+00    3.24280E-03    6.50490E+03    4.09484E-08    1.89048E-04   -7.21744E-05    9.93707E-01    9.87435E-01    9.87370E-01
    2.42010E+03    1.33484E+00    3.20912E-03    6.59514E+03    3.94197E-08    1.85474E-04   -7.08458E-05    9.93741E-01    9.87502E-01    9.87435E-01
    2.45397E+03    1.33801E+00    3.17411E-03    6.68663E+03    3.79280E-08    1.81919E-04   -6.95245E-05    9.93776E-01    9.87572E-01    9.87502E-01
    2.48831E+03    1.34115E+00    3.13774E-03    6.77938E+03    3.64727E-08    1.78382E-04   -6.82104E-05    9.93812E-01    9.87645E-01    9.87572E-01
    2.52312E+03    1.34425E+00    3.10000E-03    6.87341E+03    3.50532E-08    1.74863E-04   -6.69034E-05    9.93850E-01    9.87721E-01    9.87645E-01
    2.55841E+03    1.34731E+00    3.06087E-03    6.96873E+03    3.36686E-08    1.71362E-04   -6.56033E-05    9.93889E-01    9.87800E-01    9.87721E-01
    2.59419E+03    1.35033E+00    3.02031E-03    7.06538E+03    3.23182E-08    1.67876E-04   -6.43098E-05    9.93931E-01    9.87883E-01    9.87800E-01
    2.63046E+03    1.35331E+00    2.97829E-03    7.16335E+03    3.10014E-08    1.64407E-04   -6.30226E-05    9.93974E-01    9.87969E-01    9.87883E-01
    2.66724E+03    1.35624E+00    2.93478E-03    7.26268E+03    2.97172E-08    1.60951E-04   -6.17416E-05    9.94018E-01    9.88059E-01    9.87969E-01
    2.70452E+03    1.35913E+00    2.88975E-03    7.36338E+03    2.84651E-08    1.57508E-04   -6.04662E-05    9.94065E-01    9.88153E-01    9.88059E-01
    2.74232E+03    1.36198E+00    2.84316E-03    7.46547E+03    2.72441E-08    1.54078E-04   -5.91960E-05    9.94113E-01    9.88250E-01    9.88153E-01
    2.78063E+03    1.36477E+00    2.79496E-03    7.56896E+03    2.60537E-08    1.50658E-04   -5.79308E-05    9.94164E-01    9.88352E-01    9.88250E-01
    2.81948E+03    1.36752E+00    2.74511E-03    7.67389E+03    2.48929E-08    1.47246E-04   -5.66699E-05    9.94217E-01    9.88458E-01    9.88352E-01
    2.85886E+03    1.37021E+00    2.69358E-03    7.78026E+03    2.37612E-08    1.43842E-04   -5.54128E-05    9.94272E-01    9.88568E-01    9.88458E-01
    2.89879E+03    1.37285E+00    2.64031E-03    7.88810E+03    2.26578E-08    1.40444E-04   -5.41592E-05    9.94329E-01    9.88684E-01    9.88568E-01
    2.93926E+03    1.37543E+00    2.58526E-03    7.99743E+03    2.15821E-08    1.37050E-04   -5.29083E-05    9.94389E-01    9.88804E-01    9.88684E-01
    2.98030E+03    1.37796E+00    2.52838E-03    8.10827E+03    2.05333E-08    1.33658E-04   -5.16595E-05    9.94452E-01    9.88929E-01    9.88804E-01
    3.02190E+03    1.38043E+00    2.46963E-03    8.22064E+03    1.95108E-08    1.30267E-04   -5.04123E-05    9.94517E-01    9.89061E-01    9.88929E-01
    3.06408E+03    1.38284E+00    2.40896E-03    8.33456E+03    1.85140E-08    1.26873E-04   -4.91660E-05    9.94585E-01    9.89198E-01    9.89061E-01
    3.10683E+03    1.38519E+00    2.34632E-03    8.45005E+03    1.75423E-08    1.23475E-04   -4.79197E-05    9.94657E-01    9.89341E-01    9.89198E-01
    3.15018E+03    1.38747E+00    2.28166E-03    8.56713E+03    1.65952E-08    1.20070E-04   -4.66728E-05    9.94731E-01    9.89491E-01    9.89341E-01
    3.19413E+03    1.38968E+00    2.21495E-03    8.68583E+03    1.56720E-08    1.16656E-04   -4.54244E-05    9.94809E-01    9.89647E-01    9.89491E-01
    3.23868E+03    1.39183E+00    2.14613E-03    8.80617E+03    1.47723E-08    1.13230E-04   -4.41736E-05    9.94891E-01    9.89812E-01    9.89647E-01
    3.28385E+03    1.39391E+00    2.07517E-03    8.92817E+03    1.38957E-08    1.09789E-04   -4.29195E-05    9.94976E-01    9.89984E-01    9.89812E-01
    3.32964E+03    1.39591E+00    2.00202E-03    9.05185E+03    1.30415E-08    1.06329E-04   -4.16610E-05    9.95066E-01    9.90164E-01    9.89984E-01
    3.37606E+03    1.39783E+00    1.92665E-03    9.17724E+03    1.22095E-08    1.02847E-04   -4.03970E-05    9.95160E-01    9.90353E-01    9.90164E-01
    3.42312E+03    1.39968E+00    1.84905E-03    9.30436E+03    1.13993E-08    9.93399E-05   -3.91265E-05    9.95259E-01    9.90552E-01    9.90353E-01
    3.47084E+03    1.40145E+00    1.76917E-03    9.43323E+03    1.06105E-08    9.58021E-05   -3.78479E-05    9.95363E-01    9.90761E-01    9.90552E-01
    3.51921E+03    1.40314E+00    1.68702E-03    9.56388E+03    9.84289E-09    9.22293E-05   -3.65601E-05    9.95472E-01    9.90981E-01    9.90761E-01
    3.56825E+03    1.40474E+00    1.60258E-03    9.69634E+03    9.09622E-09    8.86164E-05   -3.52612E-05    9.95588E-01    9.91212E-01    9.90981E-01
    3.61796E+03    1.40626E+00    1.51588E-03    9.83062E+03    8.37034E-09    8.49573E-05   -3.39498E-05    9.95709E-01    9.91456E-01    9.91212E-01
    3.66836E+03    1.40768E+00    1.42693E-03    9.96676E+03    7.66516E-09    8.12456E-05   -3.26239E-05    9.95837E-01    9.91714E-01    9.91456E-01
    3.71946E+03    1.40902E+00    1.33579E-03    1.01048E+04    6.98067E-09    7.74736E-05   -3.12813E-05    9.95973E-01    9.91987E-01    9.91714E-01
    3.77126E+03    1.41026E+00    1.24254E-03    1.02447E+04    6.31697E-09    7.36328E-05   -2.99197E-05    9.96116E-01    9.92276E-01    9.91987E-01
    3.82378E+03    1.41141E+00    1.14728E-03    1.03865E+04    5.67427E-09    6.97133E-05   -2.85364E-05    9.96269E-01    9.92582E-01    9.92276E-01
    3.87702E+03    1.41246E+00    1.05017E-03    1.05303E+04    5.05295E-09    6.57039E-05   -2.71283E-05    9.96431E-01    9.92908E-01    9.92582E-01
    3.93100E+03    1.41341E+00    9.51448E-04    1.06761E+04    4.45361E-09    6.15917E-05   -2.56918E-05    9.96603E-01    9.93256E-01    9.92908E-01
    3.98572E+03    1.41426E+00    8.51422E-04    1.08239E+04    3.87718E-09    5.73623E-05   -2.42228E-05    9.96787E-01    9.93627E-01    9.93256E-01
    4.04120E+03    1.41501E+00    7.50582E-04    1.09738E+04    3.32517E-09    5.30014E-05   -2.27161E-05    9.96984E-01    9.94024E-01    9.93627E-01
    4.09744E+03    1.41566E+00    6.49743E-04    1.11257E+04    2.80029E-09    4.85010E-05   -2.11645E-05    9.97195E-01    9.94449E-01    9.94024E-01
    4.15446E+03    1.41621E+00    5.50572E-04    1.12797E+04    2.30845E-09    4.38869E-05   -1.95548E-05    9.97419E-01    9.94900E-01    9.94449E-01
    4.21226E+03    1.41667E+00    4.58217E-04    1.14358E+04    1.86907E-09    3.93821E-05   -1.78359E-05    9.97647E-01    9.95355E-01    9.94900E-01
    4.27086E+03    1.41682E+00    1.48619E-04    1.17546E+04    5.89760E-10    2.35809E-05   -5.80507E-06    9.98664E-01    9.97273E-01    9.97745E-01
    4.33028E+03    1.41693E+00    1.09702E-04    1.19173E+04    4.23510E-10    1.80583E-05   -9.86954E-06    9.98856E-01    9.97776E-01    9.97273E-01
    4.39051E+03    1.41698E+00    5.12614E-05    1.20822E+04    1.92525E-10    1.04502E-05   -9.12794E-06    9.99261E-01    9.98627E-01    9.97776E-01
    4.45157E+03    1.41704E+00    5.88675E-05    1.20822E+04    2.15091E-10    9.10779E-06   -1.14952E-05    9.98627E-01    9.98067E-01    9.96757E-01
    4.51347E+03    1.41711E+00    7.34126E-05    1.20822E+04    2.60956E-10    8.12229E-06   -1.39637E-05    9.98067E-01    9.97561E-01    9.95796E-01
    4.57623E+03    1.41721E+00    9.38540E-05    1.20822E+04    3.24563E-10    7.36898E-06   -1.64396E-05    9.97561E-01    9.97096E-01    9.94887E-01
    4.63986E+03    1.41733E+00    1.19498E-04    1.20822E+04    4.02028E-10    6.77072E-06   -1.88729E-05    9.97096E-01    9.96662E-01    9.94025E-01
    4.70436E+03    1.41748E+00    1.49862E-04    1.20822E+04    4.90503E-10    6.27929E-06   -2.12385E-05    9.96662E-01    9.96254E-01    9.93207E-01
    4.76976E+03    1.41766E+00    1.84615E-04    1.20822E+04    5.87851E-10    5.86410E-06   -2.35258E-05    9.96254E-01    9.95868E-01    9.92427E-01
    4.83605E+03    1.41789E+00    2.23529E-04    1.20822E+04    6.92450E-10    5.50533E-06   -2.57321E-05    9.95868E-01    9.95500E-01    9.91682E-01
    4.90326E+03    1.41815E+00    2.66460E-04    1.20822E+04    8.03045E-10    5.18982E-06   -2.78588E-05    9.95500E-01    9.95149E-01    9.90968E-01
    4.97140E+03    1.41847E+00    3.13323E-04    1.20822E+04    9.18661E-10    4.90859E-06   -2.99093E-05    9.95149E-01    9.94812E-01    9.90283E-01
    5.04048E+03    1.41883E+00    3.64081E-04    1.20822E+04    1.03852E-09    4.65527E-06   -3.18880E-05    9.94812E-01    9.94489E-01    9.89625E-01
    5.11051E+03    1.41925E+00    4.18728E-04    1.20822E+04    1.16199E-09    4.42522E-06   -3.37996E-05    9.94489E-01    9.94177E-01    9.88990E-01
    5.18151E+03    1.41973E+00    4.77290E-04    1.20822E+04    1.28858E-09    4.21495E-06   -3.56484E-05    9.94177E-01    9.93875E-01    9.88377E-01
    5.25349E+03    1.42027E+00    5.39813E-04    1.20822E+04    1.41784E-09    4.02174E-06   -3.74388E-05    9.93875E-01    9.93584E-01    9.87784E-01
    5.32646E+03    1.42087E+00    6.06362E-04    1.20822E+04    1.54943E-09    3.84342E-06   -3.91747E-05    9.93584E-01    9.93301E-01    9.87211E-01
    5.40044E+03    1.42155E+00    6.77017E-04    1.20822E+04    1.68305E-09    3.67824E-06   -4.08598E-05    9.93301E-01    9.93027E-01    9.86654E-01
    5.47544E+03    1.42230E+00    7.51873E-04    1.20822E+04    1.81845E-09    3.52474E-06   -4.24973E-05    9.93027E-01    9.92761E-01    9.86114E-01
    5.55147E+03    1.42313E+00    8.31036E-04    1.20822E+04    1.95539E-09    3.38169E-06   -4.40903E-05    9.92761E-01    9.92502E-01    9.85588E-01
    5.62856E+03    1.42405E+00    9.14624E-04    1.20822E+04    2.09371E-09    3.24807E-06   -4.56416E-05    9.92502E-01    9.92250E-01    9.85077E-01
    5.70671E+03    1.42505E+00    1.00277E-03    1.20822E+04    2.23322E-09    3.12300E-06   -4.71537E-05    9.92250E-01    9.92005E-01    9.84579E-01
    5.78593E+03    1.42614E+00    1.09560E-03    1.20822E+04    2.37381E-09    3.00570E-06   -4.86289E-05    9.92005E-01    9.91765E-01    9.84093E-01
    5.86625E+03    1.42734E+00    1.19328E-03    1.20822E+04    2.51534E-09    2.89552E-06   -5.00695E-05    9.91765E-01    9.91531E-01    9.83619E-01
    5.94768E+03    1.42863E+00    1.29597E-03    1.20822E+04    2.65771E-09    2.79188E-06   -5.14774E-05    9.91531E-01    9.91302E-01    9.83156E-01
    6.03023E+03    1.43004E+00    1.40383E-03    1.20822E+04    2.80085E-09    2.69428E-06   -5.28544E-05    9.91302E-01    9.91078E-01    9.82703E-01
    6.11392E+03    1.43155E+00    1.51705E-03    1.20822E+04    2.94467E-09    2.60227E-06   -5.42024E-05    9.91078E-01    9.90859E-01    9.82260E-01
    6.19877E+03    1.43319E+00    1.63582E-03    1.20822E+04    3.08912E-09    2.51548E-06   -5.55229E-05    9.90859E-01    9.90644E-01    9.81826E-01
    6.28478E+03    1.43495E+00    1.76035E-03    1.20822E+04    3.23416E-09    2.43355E-06   -5.68176E-05    9.90644E-01    9.90433E-01    9.81400E-01
    6.37199E+03    1.43684E+00    1.89086E-03    1.20822E+04    3.37975E-09    2.35619E-06   -5.80878E-05    9.90433E-01    9.90226E-01    9.80983E-01
    6.46039E+03    1.43887E+00    2.02758E-03    1.20822E+04    3.52587E-09    2.28312E-06   -5.93351E-05    9.90226E-01    9.90023E-01    9.80573E-01
    6.55002E+03    1.44104E+00    2.17075E-03    1.20822E+04    3.67251E-09    2.21410E-06   -6.05608E-05    9.90023E-01    9.89823E-01    9.80170E-01
    6.64089E+03    1.44336E+00    2.32065E-03    1.20822E+04    3.81967E-09    2.14894E-06   -6.17661E-05    9.89823E-01    9.89626E-01    9.79774E-01
    6.73300E+03    1.44584E+00    2.47754E-03    1.20822E+04    3.96737E-09    2.08744E-06   -6.29524E-05    9.89626E-01    9.89433E-01    9.79385E-01
    6.82639E+03    1.44848E+00    2.64172E-03    1.20822E+04    4.11561E-09    2.02943E-06   -6.41209E-05    9.89433E-01    9.89242E-01    9.79001E-01
    6.92107E+03    1.45129E+00    2.81352E-03    1.20822E+04    4.26445E-09    1.97479E-06   -6.52729E-05    9.89242E-01    9.89054E-01    9.78623E-01
    7.01705E+03    1.45429E+00    2.99326E-03    1.20822E+04    4.41391E-09    1.92337E-06   -6.64094E-05    9.89054E-01    9.88868E-01    9.78250E-01
    7.11436E+03    1.45747E+00    3.18132E-03    1.20822E+04    4.56407E-09    1.87507E-06   -6.75319E-05    9.88868E-01    9.88684E-01    9.77881E-01
    7.21301E+03    1.46085E+00    3.37806E-03    1.20822E+04    4.71498E-09    1.82980E-06   -6.86414E-05    9.88684E-01    9.88502E-01    9.77517E-01
    7.31303E+03    1.46443E+00    3.58392E-03    1.20822E+04    4.86674E-09    1.78748E-06   -6.97391E-05    9.88502E-01    9.88322E-01    9.77157E-01
    7.41442E+03    1.46823E+00    3.79933E-03    1.20822E+04    5.01944E-09    1.74805E-06   -7.08264E-05    9.88322E-01    9.88144E-01    9.76800E-01
    7.51721E+03    1.47225E+00    4.02478E-03    1.20822E+04    5.17318E-09    1.71145E-06   -7.19045E-05    9.88144E-01    9.87967E-01    9.76446E-01
    7.62143E+03    1.47652E+00    4.26078E-03    1.20822E+04    5.32811E-09    1.67765E-06   -7.29746E-05    9.87967E-01    9.87791E-01    9.76095E-01
    7.72707E+03    1.48102E+00    4.50788E-03    1.20822E+04    5.48436E-09    1.64662E-06   -7.40381E-05    9.87791E-01    9.87616E-01    9.75746E-01
    7.83418E+03    1.48579E+00    4.76670E-03    1.20822E+04    5.64209E-09    1.61835E-06   -7.50964E-05    9.87616E-01    9.87441E-01    9.75398E-01
    7.94277E+03    1.49083E+00    5.03789E-03    1.20822E+04    5.80150E-09    1.59285E-06   -7.61509E-05    9.87441E-01    9.87267E-01    9.75052E-01
    8.05285E+03    1.49615E+00    5.32217E-03    1.20822E+04    5.96279E-09    1.57013E-06   -7.72032E-05    9.87267E-01    9.87093E-01    9.74707E-01
    8.16445E+03    1.50177E+00    5.62030E-03    1.20822E+04    6.12620E-09    1.55022E-06   -7.82547E-05    9.87093E-01    9.86919E-01    9.74362E-01
    8.27760E+03    1.50770E+00    5.93315E-03    1.20822E+04    6.29198E-09    1.53317E-06   -7.93072E-05    9.86919E-01    9.86744E-01    9.74016E-01
    8.39230E+03    1.51396E+00    6.26164E-03    1.20822E+04    6.46043E-09    1.51905E-06   -8.03624E-05    9.86744E-01    9.86569E-01    9.73670E-01
    8.50859E+03    1.52057E+00    6.60681E-03    1.20822E+04    6.63187E-09    1.50793E-06   -8.14223E-05    9.86569E-01    9.86392E-01    9.73322E-01
    8.62648E+03    1.52754E+00    6.96978E-03    1.20822E+04    6.80667E-09    1.49992E-06   -8.24889E-05    9.86392E-01    9.86214E-01    9.72972E-01
    8.74600E+03    1.53489E+00    7.35180E-03    1.20822E+04    6.98525E-09    1.49515E-06   -8.35644E-05    9.86214E-01    9.86034E-01    9.72619E-01
    8.86717E+03    1.54265E+00    7.75427E-03    1.20822E+04    7.16805E-09    1.49376E-06   -8.46512E-05    9.86034E-01    9.85852E-01    9.72262E-01
    8.99001E+03    1.55083E+00    8.17873E-03    1.20822E+04    7.35560E-09    1.49595E-06   -8.57518E-05    9.85852E-01    9.85667E-01    9.71901E-01
    9.11454E+03    1.55945E+00    8.62689E-03    1.20822E+04    7.54848E-09    1.50192E-06   -8.68690E-05    9.85667E-01    9.85479E-01    9.71534E-01
    9.24080E+03    1.56855E+00    9.10069E-03    1.20822E+04    7.74735E-09    1.51193E-06   -8.80060E-05    9.85479E-01    9.85286E-01    9.71161E-01
    9.36879E+03    1.57816E+00    9.60231E-03    1.20822E+04    7.95295E-09    1.52629E-06   -8.91662E-05    9.85286E-01    9.85090E-01    9.70780E-01
    9.49856E+03    1.58829E+00    1.01342E-02    1.20822E+04    8.16611E-09    1.54535E-06   -9.03533E-05    9.85090E-01    9.84888E-01    9.70390E-01
    9.63011E+03    1.59899E+00    1.06991E-02    1.20822E+04    8.38781E-09    1.56953E-06   -9.15716E-05    9.84888E-01    9.84680E-01    9.69990E-01
    9.76348E+03    1.61029E+00    1.13003E-02    1.20822E+04    8.61915E-09    1.59933E-06   -9.28256E-05    9.84680E-01    9.84465E-01    9.69578E-01
    9.89869E+03    1.62223E+00    1.19413E-02    1.20822E+04    8.86137E-09    1.63534E-06   -9.41206E-05    9.84465E-01    9.84242E-01    9.69153E-01
    1.00358E+04    1.63486E+00    1.26263E-02    1.20822E+04    9.11594E-09    1.67828E-06   -9.54627E-05    9.84242E-01    9.84011E-01    9.68712E-01
    1.01747E+04    1.64822E+00    1.33602E-02    1.20822E+04    9.38454E-09    1.72898E-06   -9.68584E-05    9.84011E-01    9.83769E-01    9.68253E-01
    1.03156E+04    1.66237E+00    1.41486E-02    1.20822E+04    9.66913E-09    1.78848E-06   -9.83155E-05    9.83769E-01    9.83515E-01    9.67774E-01
    1.04584E+04    1.67736E+00    1.49980E-02    1.20822E+04    9.97201E-09    1.85800E-06   -9.98427E-05    9.83515E-01    9.83248E-01    9.67272E-01
    1.06032E+04    1.69328E+00    1.59162E-02    1.20822E+04    1.02959E-08    1.93906E-06   -1.01450E-04    9.83248E-01    9.82965E-01    9.66743E-01
    1.07500E+04    1.71019E+00    1.69123E-02    1.20822E+04    1.06440E-08    2.03354E-06   -1.03150E-04    9.82965E-01    9.82665E-01    9.66184E-01
    1.08989E+04    1.72819E+00    1.79975E-02    1.20822E+04    1.10203E-08    2.14374E-06   -1.04956E-04    9.82665E-01    9.82344E-01    9.65590E-01
    1.10497E+04    1.74738E+00    1.91850E-02    1.20822E+04    1.14293E-08    2.27260E-06   -1.06884E-04    9.82344E-01    9.81998E-01    9.64955E-01
    1.12027E+04    1.76787E+00    2.04911E-02    1.20822E+04    1.18768E-08    2.42383E-06   -1.08954E-04    9.81998E-01    9.81625E-01    9.64273E-01
    1.13578E+04    1.78980E+00    2.19357E-02    1.20822E+04    1.23698E-08    2.60224E-06   -1.11189E-04    9.81625E-01    9.81219E-01    9.63536E-01
    1.15150E+04    1.81335E+00    2.35438E-02    1.20822E+04    1.29171E-08    2.81412E-06   -1.13619E-04    9.81219E-01    9.80773E-01    9.62734E-01
    1.16744E+04    1.83869E+00    2.53471E-02    1.20822E+04    1.35299E-08    3.06787E-06   -1.16277E-04    9.80773E-01    9.80281E-01    9.61856E-01
    1.18359E+04    1.86608E+00    2.73859E-02    1.20822E+04    1.42223E-08    3.37492E-06   -1.19210E-04    9.80281E-01    9.79732E-01    9.60887E-01
    1.19998E+04    1.89579E+00    2.97133E-02    1.20822E+04    1.50132E-08    3.75124E-06   -1.22471E-04    9.79732E-01    9.79113E-01    9.59807E-01
    1.21658E+04    1.92819E+00    3.23999E-02    1.20822E+04    1.59274E-08    4.21969E-06   -1.26133E-04    9.79113E-01    9.78408E-01    9.58593E-01
    1.23342E+04    1.96373E+00    3.55420E-02    1.20822E+04    1.69989E-08    4.81420E-06   -1.30291E-04    9.78408E-01    9.77592E-01    9.57211E-01
    1.25049E+04    2.00301E+00    3.92742E-02    1.20822E+04    1.82754E-08    5.58705E-06   -1.35071E-04    9.77592E-01    9.76631E-01    9.55617E-01
    1.26779E+04    2.04680E+00    4.37915E-02    1.20822E+04    1.98257E-08    6.62294E-06   -1.40648E-04    9.76631E-01    9.75477E-01    9.53750E-01
    1.28533E+04    2.09619E+00    4.93860E-02    1.20822E+04    2.17531E-08    8.06771E-06   -1.47268E-04    9.75477E-01    9.74052E-01    9.51519E-01
    1.30312E+04    2.15270E+00    5.65155E-02    1.20822E+04    2.42195E-08    1.01926E-05   -1.55292E-04    9.74052E-01    9.72227E-01    9.48788E-01
    1.32115E+04    2.21864E+00    6.59364E-02    1.20822E+04    2.74917E-08    1.35543E-05   -1.65251E-04    9.72227E-01    9.69767E-01    9.45343E-01
    1.33943E+04    2.29762E+00    7.89808E-02    1.20822E+04    3.20390E-08    1.94477E-05   -1.77935E-04    9.69767E-01    9.66187E-01    9.40819E-01
    1.35796E+04    2.39585E+00    9.82279E-02    1.20822E+04    3.87679E-08    3.13727E-05   -1.94380E-04    9.66187E-01    9.60334E-01    9.34564E-01
    1.37675E+04    2.52584E+00    1.29996E-01    1.20822E+04    4.99168E-08    6.05134E-05   -2.15070E-04    9.60334E-01    9.48887E-01    9.25345E-01
    1.39579E+04    2.73197E+00    2.06123E-01    1.20822E+04    7.70060E-08    1.49144E-04   -2.34013E-04    9.48887E-01    9.20286E-01    9.10816E-01
    1.41510E+04    3.03007E+00    2.98106E-01    1.22494E+04    1.08355E-07    2.34235E-04   -2.31278E-04    9.58431E-01    9.12892E-01    9.20286E-01
    1.43468E+04    3.32514E+00    2.95073E-01    1.25908E+04    1.04349E-07    2.95703E-04   -1.30036E-04    9.62252E-01    9.03970E-01    9.40209E-01
