 # rho, F_z,dF_z, z(rho), E2 (=>sigma2=e0^2*E2), Er, Ez, Ui,j , Ui+1,j , Ui,j-1
    2.50000E-01    8.58325E-05    8.58325E-05    0.00000E+00    6.86660E-04    6.69032E-03   -2.53357E-02    9.83987E-01    9.80642E-01    9.71319E-01
    7.40216E-01    2.47175E-04    1.61343E-04    5.00000E-01    4.53692E-04    2.47702E-03   -2.11555E-02    9.91220E-01    9.90030E-01    9.80642E-01
    1.22396E+00    5.01985E-04    2.54809E-04    5.00000E-01    4.27429E-04    7.98607E-04   -2.06589E-02    9.90030E-01    9.89641E-01    9.79700E-01
    1.71438E+00    8.69936E-04    3.67951E-04    5.00000E-01    4.34657E-04    4.46934E-04   -2.08436E-02    9.89641E-01    9.89420E-01    9.79219E-01
    2.21157E+00    1.36368E-03    4.93740E-04    5.00000E-01    4.45974E-04    3.92313E-04   -2.11144E-02    9.89420E-01    9.89223E-01    9.78863E-01
    2.71562E+00    1.99676E-03    6.33084E-04    5.00000E-01    4.59358E-04    4.46403E-04   -2.14280E-02    9.89223E-01    9.88997E-01    9.78509E-01
    3.22663E+00    2.78674E-03    7.89976E-04    5.00000E-01    4.75852E-04    5.81343E-04   -2.18063E-02    9.88997E-01    9.88698E-01    9.78094E-01
    3.74469E+00    3.75780E-03    9.71069E-04    5.00000E-01    4.97152E-04    8.38071E-04   -2.22812E-02    9.88698E-01    9.88261E-01    9.77557E-01
    4.26990E+00    4.94420E-03    1.18640E-03    5.00000E-01    5.25431E-04    1.36651E-03   -2.28815E-02    9.88261E-01    9.87538E-01    9.76820E-01
    4.80235E+00    6.39399E-03    1.44979E-03    5.00000E-01    5.63119E-04    2.65464E-03   -2.35812E-02    9.87538E-01    9.86115E-01    9.75747E-01
    5.34216E+00    8.18896E-03    1.79497E-03    5.00000E-01    6.18215E-04    6.47934E-03   -2.40049E-02    9.86115E-01    9.82593E-01    9.74112E-01
    5.88941E+00    9.67199E-03    1.48303E-03    9.80431E-01    4.57008E-04    4.62009E-03   -2.08725E-02    9.93030E-01    9.90484E-01    9.82593E-01
    6.44421E+00    1.12972E-02    1.62523E-03    9.80431E-01    4.51479E-04    2.82322E-03   -2.10597E-02    9.90484E-01    9.88907E-01    9.79954E-01
    7.00668E+00    1.33266E-02    2.02937E-03    9.80431E-01    5.11434E-04    3.43115E-03   -2.23531E-02    9.88907E-01    9.86964E-01    9.77730E-01
    7.57690E+00    1.59549E-02    2.62834E-03    9.80431E-01    6.04197E-04    7.42361E-03   -2.34326E-02    9.86964E-01    9.82702E-01    9.75247E-01
    8.15499E+00    1.81123E-02    2.15743E-03    1.46749E+00    4.54516E-04    5.15336E-03   -2.06872E-02    9.92640E-01    9.89641E-01    9.82702E-01
    8.74106E+00    2.06137E-02    2.50134E-03    1.46749E+00    4.84945E-04    4.43818E-03   -2.15696E-02    9.89641E-01    9.87022E-01    9.79278E-01
    9.33522E+00    2.40055E-02    3.39184E-03    1.46749E+00    6.07357E-04    8.55612E-03   -2.31117E-02    9.87022E-01    9.81903E-01    9.75918E-01
    9.93758E+00    2.68830E-02    2.87746E-03    1.96127E+00    4.77429E-04    6.59514E-03   -2.08311E-02    9.92049E-01    9.88050E-01    9.81903E-01
    1.05482E+01    3.05277E-02    3.64474E-03    1.96127E+00    5.61972E-04    9.16754E-03   -2.18616E-02    9.88050E-01    9.82413E-01    9.77402E-01
    1.11673E+01    3.35685E-02    3.04075E-03    2.46187E+00    4.36824E-04    6.62486E-03   -1.98226E-02    9.92201E-01    9.88071E-01    9.82413E-01
    1.17950E+01    3.76304E-02    4.06192E-03    2.46187E+00    5.44951E-04    9.44970E-03   -2.13460E-02    9.88071E-01    9.82100E-01    9.77531E-01
    1.24313E+01    4.11239E-02    3.49351E-03    2.96938E+00    4.38649E-04    7.01148E-03   -1.97355E-02    9.91979E-01    9.87487E-01    9.82100E-01
    1.30764E+01    4.60321E-02    4.90815E-03    2.96938E+00    5.77895E-04    1.07703E-02   -2.14918E-02    9.87487E-01    9.80492E-01    9.76729E-01
    1.37304E+01    5.08119E-02    4.77988E-03    3.48388E+00    5.28691E-04    1.13139E-02   -2.00172E-02    9.90651E-01    9.83201E-01    9.80492E-01
    1.43934E+01    5.43328E-02    3.52088E-03    4.00549E+00    3.66440E-04    7.22806E-03   -1.77255E-02    9.92321E-01    9.87496E-01    9.83201E-01
    1.50655E+01    5.99580E-02    5.62513E-03    4.00549E+00    5.51710E-04    1.14944E-02   -2.04838E-02    9.87496E-01    9.79717E-01    9.76957E-01
    1.57470E+01    6.59791E-02    6.02110E-03    4.53430E+00    5.57299E-04    1.29081E-02   -1.97656E-02    9.90027E-01    9.81170E-01    9.79717E-01
    1.64378E+01    7.14222E-02    5.44315E-03    5.07040E+00    4.76063E-04    1.24545E-02   -1.79150E-02    9.90644E-01    9.81981E-01    9.81170E-01
    1.71382E+01    7.65091E-02    5.08689E-03    5.61391E+00    4.20914E-04    1.14967E-02   -1.69923E-02    9.91091E-01    9.82983E-01    9.81981E-01
    1.78482E+01    8.08639E-02    4.35476E-03    6.16491E+00    3.41289E-04    8.06269E-03   -1.66217E-02    9.92017E-01    9.86253E-01    9.82983E-01
    1.85680E+01    8.90144E-02    8.15059E-03    6.16491E+00    6.05652E-04    1.46422E-02   -1.97802E-02    9.86253E-01    9.75641E-01    9.75503E-01
    1.92978E+01    9.36393E-02    4.62482E-03    7.28983E+00    3.26163E-04    1.29281E-02   -1.26106E-02    9.91914E-01    9.82415E-01    9.84870E-01
    2.00377E+01    9.94549E-02    5.81563E-03    7.86396E+00    3.89624E-04    1.27331E-02   -1.50829E-02    9.90957E-01    9.81472E-01    9.82415E-01
    2.07877E+01    1.06020E-01    6.56481E-03    8.44602E+00    4.18176E-04    1.30697E-02   -1.57277E-02    9.90501E-01    9.80631E-01    9.81472E-01
    2.15481E+01    1.13472E-01    7.45192E-03    9.03610E+00    4.51700E-04    1.38708E-02   -1.61028E-02    9.90004E-01    9.79384E-01    9.80631E-01
    2.23190E+01    1.22683E-01    9.21092E-03    9.63433E+00    5.31700E-04    1.61819E-02   -1.64270E-02    9.89078E-01    9.76518E-01    9.79384E-01
    2.31005E+01    1.28446E-01    5.76367E-03    1.08557E+01    3.17076E-04    1.38891E-02   -1.11432E-02    9.91551E-01    9.80622E-01    9.84793E-01
    2.38929E+01    1.37447E-01    9.00090E-03    1.14790E+01    4.72228E-04    1.63182E-02   -1.43508E-02    9.89445E-01    9.76427E-01    9.80622E-01
    2.46961E+01    1.44709E-01    7.26201E-03    1.27516E+01    3.63589E-04    1.59452E-02   -1.04565E-02    9.90865E-01    9.77969E-01    9.84257E-01
    2.55104E+01    1.51604E-01    6.89500E-03    1.40596E+01    3.29645E-04    1.54846E-02   -9.48000E-03    9.91185E-01    9.78489E-01    9.85027E-01
    2.63360E+01    1.58520E-01    6.91615E-03    1.54039E+01    3.15931E-04    1.53572E-02   -8.94921E-03    9.91229E-01    9.78463E-01    9.85255E-01
    2.71730E+01    1.66074E-01    7.55394E-03    1.67856E+01    3.29884E-04    1.60089E-02   -8.57901E-03    9.90945E-01    9.77455E-01    9.85059E-01
    2.80215E+01    1.72257E-01    6.18234E-03    1.89304E+01    2.58246E-04    1.47447E-02   -6.39056E-03    9.92005E-01    9.79408E-01    9.87437E-01
    2.88817E+01    1.77816E-01    5.55932E-03    2.11653E+01    2.22238E-04    1.38037E-02   -5.62983E-03    9.92393E-01    9.80438E-01    9.88200E-01
    2.97538E+01    1.82936E-01    5.11969E-03    2.34940E+01    1.95961E-04    1.30363E-02   -5.10053E-03    9.92649E-01    9.81202E-01    9.88690E-01
    3.06380E+01    1.87657E-01    4.72191E-03    2.59204E+01    1.73130E-04    1.23034E-02   -4.66450E-03    9.92878E-01    9.81926E-01    9.89106E-01
    3.15343E+01    1.91784E-01    4.12679E-03    2.84487E+01    1.45008E-04    1.12476E-02   -4.30123E-03    9.93239E-01    9.83088E-01    9.89614E-01
    3.24430E+01    1.96840E-01    5.05561E-03    3.01929E+01    1.70319E-04    1.20305E-02   -5.05820E-03    9.92380E-01    9.81373E-01    9.87999E-01
    3.33642E+01    2.01311E-01    4.47125E-03    3.29005E+01    1.44480E-04    1.13426E-02   -3.97821E-03    9.92941E-01    9.82420E-01    9.89351E-01
    3.42982E+01    2.05421E-01    4.11009E-03    3.57217E+01    1.27434E-04    1.06990E-02   -3.60077E-03    9.93183E-01    9.83122E-01    9.89797E-01
    3.52451E+01    2.09016E-01    3.59432E-03    3.86614E+01    1.06973E-04    9.79575E-03   -3.31906E-03    9.93534E-01    9.84195E-01    9.90282E-01
    3.62050E+01    2.13303E-01    4.28755E-03    4.06894E+01    1.22530E-04    1.03496E-02   -3.92643E-03    9.92801E-01    9.82799E-01    9.88847E-01
    3.71781E+01    2.16841E-01    3.53751E-03    4.38376E+01    9.71091E-05    9.36676E-03   -3.06153E-03    9.93516E-01    9.84338E-01    9.90303E-01
    3.81647E+01    2.20974E-01    4.13360E-03    4.60094E+01    1.09035E-04    9.81022E-03   -3.57690E-03    9.92865E-01    9.83120E-01    9.89007E-01
    3.91649E+01    2.24320E-01    3.34593E-03    4.93809E+01    8.48329E-05    8.78938E-03   -2.75312E-03    9.93632E-01    9.84780E-01    9.90538E-01
    4.01789E+01    2.28035E-01    3.71486E-03    5.17068E+01    9.05602E-05    8.95088E-03   -3.23139E-03    9.93147E-01    9.84008E-01    9.89414E-01
    4.12069E+01    2.32122E-01    4.08656E-03    5.40974E+01    9.58138E-05    9.23533E-03   -3.24383E-03    9.92817E-01    9.83258E-01    9.88967E-01
    4.22491E+01    2.35360E-01    3.23883E-03    5.78084E+01    7.30565E-05    8.20118E-03   -2.40774E-03    9.93672E-01    9.85066E-01    9.90694E-01
    4.33057E+01    2.38879E-01    3.51904E-03    6.03685E+01    7.63863E-05    8.27216E-03   -2.82095E-03    9.93266E-01    9.84466E-01    9.89680E-01
    4.43768E+01    2.42563E-01    3.68326E-03    6.29998E+01    7.69592E-05    8.30362E-03   -2.83003E-03    9.93093E-01    9.84138E-01    9.89395E-01
    4.54628E+01    2.46505E-01    3.94275E-03    6.57041E+01    7.93185E-05    8.46703E-03   -2.76186E-03    9.92871E-01    9.83613E-01    9.89162E-01
    4.65637E+01    2.49600E-01    3.09453E-03    6.99023E+01    5.99552E-05    7.47795E-03   -2.00882E-03    9.93751E-01    9.85462E-01    9.90940E-01
    4.76798E+01    2.52905E-01    3.30492E-03    7.27985E+01    6.16814E-05    7.49166E-03   -2.35720E-03    9.93413E-01    9.84994E-01    9.90023E-01
    4.88113E+01    2.56279E-01    3.37385E-03    7.57752E+01    6.06709E-05    7.42558E-03   -2.35193E-03    9.93323E-01    9.84863E-01    9.89846E-01
    4.99584E+01    2.59676E-01    3.39709E-03    7.88346E+01    5.88736E-05    7.32174E-03   -2.29472E-03    9.93290E-01    9.84834E-01    9.89804E-01
    5.11214E+01    2.63074E-01    3.39849E-03    8.19791E+01    5.67745E-05    7.19937E-03   -2.22341E-03    9.93282E-01    9.84852E-01    9.89810E-01
    5.23004E+01    2.66460E-01    3.38560E-03    8.52109E+01    5.45317E-05    7.06546E-03   -2.14732E-03    9.93289E-01    9.84901E-01    9.89842E-01
    5.34957E+01    2.69820E-01    3.36028E-03    8.85325E+01    5.21943E-05    6.92178E-03   -2.06962E-03    9.93308E-01    9.84977E-01    9.89894E-01
    5.47074E+01    2.73141E-01    3.32051E-03    9.19465E+01    4.97476E-05    6.76617E-03   -1.99162E-03    9.93341E-01    9.85085E-01    9.89964E-01
    5.59359E+01    2.76398E-01    3.25764E-03    9.54553E+01    4.70840E-05    6.58939E-03   -1.91412E-03    9.93396E-01    9.85245E-01    9.90061E-01
    5.71814E+01    2.79539E-01    3.14022E-03    9.90617E+01    4.37939E-05    6.35680E-03   -1.83984E-03    9.93502E-01    9.85531E-01    9.90207E-01
    5.84440E+01    2.82323E-01    2.78485E-03    1.02768E+02    3.74817E-05    5.85083E-03   -1.80261E-03    9.93832E-01    9.86394E-01    9.90514E-01
    5.97241E+01    2.86436E-01    4.11308E-03    1.04660E+02    5.34345E-05    6.59662E-03   -3.14945E-03    9.92270E-01    9.83769E-01    9.86394E-01
    6.10218E+01    2.89948E-01    3.51138E-03    1.08522E+02    4.40398E-05    6.37374E-03   -1.84804E-03    9.93122E-01    9.84794E-01    9.89578E-01
    6.23374E+01    2.93283E-01    3.33496E-03    1.12492E+02    4.03869E-05    6.12872E-03   -1.68098E-03    9.93313E-01    9.85195E-01    9.90000E-01
    6.36712E+01    2.96449E-01    3.16620E-03    1.16571E+02    3.70290E-05    5.87394E-03   -1.58927E-03    9.93476E-01    9.85588E-01    9.90256E-01
    6.50234E+01    2.99239E-01    2.78951E-03    1.20765E+02    3.15104E-05    5.39636E-03   -1.54585E-03    9.93833E-01    9.86486E-01    9.90614E-01
    6.63943E+01    3.03290E-01    4.05109E-03    1.22905E+02    4.42063E-05    6.04389E-03   -2.77085E-03    9.92335E-01    9.83993E-01    9.86486E-01
    6.77840E+01    3.06703E-01    3.41351E-03    1.27274E+02    3.59886E-05    5.79007E-03   -1.56961E-03    9.93217E-01    9.85115E-01    9.89812E-01
    6.91930E+01    3.09874E-01    3.17128E-03    1.31764E+02    3.23081E-05    5.50306E-03   -1.42284E-03    9.93471E-01    9.85664E-01    9.90298E-01
    7.06214E+01    3.12643E-01    2.76858E-03    1.36380E+02    2.72588E-05    5.03812E-03   -1.36973E-03    9.93861E-01    9.86616E-01    9.90722E-01
    7.20695E+01    3.16604E-01    3.96146E-03    1.38735E+02    3.76996E-05    5.60743E-03   -2.50127E-03    9.92427E-01    9.84251E-01    9.86616E-01
    7.35376E+01    3.19870E-01    3.26605E-03    1.43544E+02    3.00466E-05    5.30463E-03   -1.38113E-03    9.93361E-01    9.85520E-01    9.90063E-01
    7.50259E+01    3.22669E-01    2.79889E-03    1.48487E+02    2.48945E-05    4.82391E-03   -1.27455E-03    9.93833E-01    9.86605E-01    9.90705E-01
    7.65348E+01    3.26629E-01    3.95969E-03    1.51010E+02    3.40549E-05    5.34379E-03   -2.34495E-03    9.92440E-01    9.84321E-01    9.86605E-01
    7.80645E+01    3.29860E-01    3.23138E-03    1.56160E+02    2.68757E-05    5.02689E-03   -1.26732E-03    9.93402E-01    9.85660E-01    9.90161E-01
    7.96153E+01    3.32601E-01    2.74020E-03    1.61453E+02    2.20423E-05    4.54803E-03   -1.16522E-03    9.93903E-01    9.86802E-01    9.90841E-01
    8.11876E+01    3.36414E-01    3.81383E-03    1.64155E+02    2.96751E-05    4.99627E-03   -2.17080E-03    9.92587E-01    9.84678E-01    9.86802E-01
    8.27815E+01    3.39283E-01    2.86901E-03    1.69671E+02    2.15957E-05    4.49485E-03   -1.17983E-03    9.93756E-01    9.86542E-01    9.90525E-01
    8.43974E+01    3.43219E-01    3.93512E-03    1.72486E+02    2.86579E-05    4.90753E-03   -2.13870E-03    9.92481E-01    9.84496E-01    9.86542E-01
    8.60356E+01    3.46150E-01    2.93125E-03    1.78233E+02    2.06556E-05    4.40023E-03   -1.13735E-03    9.93699E-01    9.86441E-01    9.90453E-01
    8.76964E+01    3.50154E-01    4.00403E-03    1.81166E+02    2.73040E-05    4.79787E-03   -2.06988E-03    9.92430E-01    9.84407E-01    9.86441E-01
    8.93802E+01    3.53146E-01    2.99251E-03    1.87154E+02    1.97493E-05    4.30879E-03   -1.08794E-03    9.93647E-01    9.86342E-01    9.90412E-01
    9.10872E+01    3.57246E-01    4.09934E-03    1.90210E+02    2.61856E-05    4.71223E-03   -1.99511E-03    9.92357E-01    9.84258E-01    9.86342E-01
    9.28177E+01    3.60516E-01    3.26986E-03    1.96450E+02    2.02187E-05    4.38072E-03   -1.01390E-03    9.93399E-01    9.85766E-01    9.90258E-01
    9.45721E+01    3.63259E-01    2.74325E-03    2.02863E+02    1.64211E-05    3.94594E-03   -9.22317E-04    9.93936E-01    9.86966E-01    9.90999E-01
    9.63507E+01    3.66993E-01    3.73370E-03    2.06136E+02    2.16389E-05    4.29784E-03   -1.77974E-03    9.92712E-01    9.85015E-01    9.86966E-01
    9.81539E+01    3.69715E-01    2.72198E-03    2.12818E+02    1.52747E-05    3.79651E-03   -9.28026E-04    9.93944E-01    9.87052E-01    9.90865E-01
    9.99820E+01    3.73227E-01    3.51230E-03    2.16229E+02    1.90860E-05    4.00458E-03   -1.74623E-03    9.92926E-01    9.85555E-01    9.87052E-01
    1.01835E+02    3.77487E-01    4.25971E-03    2.19686E+02    2.24169E-05    4.31263E-03   -1.95398E-03    9.92219E-01    9.84172E-01    9.85555E-01
    1.03714E+02    3.80494E-01    3.00757E-03    2.26745E+02    1.53291E-05    3.80758E-03   -9.11855E-04    9.93659E-01    9.86456E-01    9.90463E-01
    1.05619E+02    3.84501E-01    4.00681E-03    2.30347E+02    1.97809E-05    4.11129E-03   -1.69651E-03    9.92485E-01    9.84600E-01    9.86456E-01
    1.07550E+02    3.87435E-01    2.93377E-03    2.37703E+02    1.40298E-05    3.64870E-03   -8.46639E-04    9.93749E-01    9.86655E-01    9.90657E-01
    1.09508E+02    3.91334E-01    3.89976E-03    2.41456E+02    1.80666E-05    3.93606E-03   -1.60439E-03    9.92596E-01    9.84837E-01    9.86655E-01
    1.11492E+02    3.94137E-01    2.80250E-03    2.49120E+02    1.25786E-05    3.45494E-03   -8.01228E-04    9.93891E-01    9.86987E-01    9.90842E-01
    1.13505E+02    3.97713E-01    3.57623E-03    2.53032E+02    1.55522E-05    3.63280E-03   -1.53458E-03    9.92907E-01    9.85547E-01    9.86987E-01
    1.15544E+02    4.02000E-01    4.28711E-03    2.56997E+02    1.80652E-05    3.89050E-03   -1.71150E-03    9.92242E-01    9.84251E-01    9.85547E-01
    1.17612E+02    4.05007E-01    3.00705E-03    2.65093E+02    1.22789E-05    3.41744E-03   -7.74616E-04    9.93692E-01    9.86577E-01    9.90578E-01
    1.19709E+02    4.08959E-01    3.95167E-03    2.69224E+02    1.56378E-05    3.67013E-03   -1.47240E-03    9.92577E-01    9.84830E-01    9.86577E-01
    1.21835E+02    4.11779E-01    2.82013E-03    2.77660E+02    1.08160E-05    3.20943E-03   -7.18037E-04    9.93895E-01    9.87026E-01    9.90887E-01
    1.23989E+02    4.15349E-01    3.56955E-03    2.81965E+02    1.32692E-05    3.36569E-03   -1.39334E-03    9.92943E-01    9.85641E-01    9.87026E-01
    1.26174E+02    4.19584E-01    4.23542E-03    2.86330E+02    1.52613E-05    3.58540E-03   -1.55120E-03    9.92319E-01    9.84433E-01    9.85641E-01
    1.28389E+02    4.22482E-01    2.89833E-03    2.95241E+02    1.01236E-05    3.10563E-03   -6.91837E-04    9.93822E-01    9.86897E-01    9.90761E-01
    1.30634E+02    4.26124E-01    3.64204E-03    2.99788E+02    1.23324E-05    3.24761E-03   -1.33621E-03    9.92891E-01    9.85549E-01    9.86897E-01
    1.32910E+02    4.30420E-01    4.29558E-03    3.04399E+02    1.41017E-05    3.45075E-03   -1.48122E-03    9.92286E-01    9.84377E-01    9.85549E-01
    1.35218E+02    4.33352E-01    2.93203E-03    3.13812E+02    9.33231E-06    2.98441E-03   -6.52376E-04    9.93801E-01    9.86867E-01    9.90752E-01
    1.37558E+02    4.37025E-01    3.67328E-03    3.18616E+02    1.13363E-05    3.11877E-03   -1.26870E-03    9.92879E-01    9.85533E-01    9.86867E-01
    1.39929E+02    4.41345E-01    4.31944E-03    3.23487E+02    1.29262E-05    3.30929E-03   -1.40526E-03    9.92284E-01    9.84381E-01    9.85533E-01
    1.42334E+02    4.44294E-01    2.94896E-03    3.33430E+02    8.55775E-06    2.86048E-03   -6.12683E-04    9.93798E-01    9.86872E-01    9.90772E-01
    1.44772E+02    4.47979E-01    3.68536E-03    3.38505E+02    1.03715E-05    2.98815E-03   -1.20105E-03    9.92884E-01    9.85550E-01    9.86872E-01
    1.47243E+02    4.52302E-01    4.32247E-03    3.43650E+02    1.17975E-05    3.16688E-03   -1.32981E-03    9.92299E-01    9.84419E-01    9.85550E-01
    1.49749E+02    4.55254E-01    2.95244E-03    3.54153E+02    7.81558E-06    2.73604E-03   -5.74156E-04    9.93807E-01    9.86905E-01    9.90812E-01
    1.52289E+02    4.58934E-01    3.68029E-03    3.59514E+02    9.44939E-06    2.85688E-03   -1.13473E-03    9.92905E-01    9.85599E-01    9.86905E-01
    1.54864E+02    4.63239E-01    4.30432E-03    3.64949E+02    1.07199E-05    3.02368E-03   -1.25591E-03    9.92331E-01    9.84492E-01    9.85599E-01
    1.57474E+02    4.66176E-01    2.93785E-03    3.76045E+02    7.09749E-06    2.60942E-03   -5.37031E-04    9.93833E-01    9.86974E-01    9.90874E-01
    1.60121E+02    4.69826E-01    3.64912E-03    3.81708E+02    8.55210E-06    2.72176E-03   -1.06962E-03    9.92949E-01    9.85696E-01    9.86974E-01
    1.62804E+02    4.74074E-01    4.24805E-03    3.87449E+02    9.65838E-06    2.87377E-03   -1.18314E-03    9.92396E-01    9.84633E-01    9.85696E-01
    1.65524E+02    4.76944E-01    2.87043E-03    3.99170E+02    6.33159E-06    2.46570E-03   -5.01891E-04    9.93912E-01    9.87159E-01    9.90991E-01
    1.68282E+02    4.80458E-01    3.51399E-03    4.05152E+02    7.52036E-06    2.55138E-03   -1.00541E-03    9.93092E-01    9.86007E-01    9.87159E-01
    1.71078E+02    4.84393E-01    3.93485E-03    4.11217E+02    8.17067E-06    2.63109E-03   -1.11715E-03    9.92690E-01    9.85284E-01    9.86007E-01
    1.73912E+02    4.88809E-01    4.41631E-03    4.17365E+02    8.89817E-06    2.75168E-03   -1.15170E-03    9.92268E-01    9.84415E-01    9.85284E-01
    1.76786E+02    4.91737E-01    2.92794E-03    4.29917E+02    5.72445E-06    2.34558E-03   -4.71897E-04    9.93867E-01    9.87081E-01    9.90926E-01
    1.79699E+02    4.95302E-01    3.56439E-03    4.36324E+02    6.76249E-06    2.42204E-03   -9.46680E-04    9.93063E-01    9.85959E-01    9.87081E-01
    1.82653E+02    4.99273E-01    3.97132E-03    4.42818E+02    7.31180E-06    2.49233E-03   -1.04886E-03    9.92678E-01    9.85267E-01    9.85959E-01
    1.85647E+02    5.03708E-01    4.43486E-03    4.49403E+02    7.92420E-06    2.60003E-03   -1.07892E-03    9.92274E-01    9.84436E-01    9.85267E-01
    1.88682E+02    5.06630E-01    2.92261E-03    4.62846E+02    5.06816E-06    2.20834E-03   -4.37506E-04    9.93887E-01    9.87138E-01    9.90967E-01
    1.91760E+02    5.10161E-01    3.53107E-03    4.69706E+02    5.94303E-06    2.27229E-03   -8.83019E-04    9.93114E-01    9.86073E-01    9.87138E-01
    1.94879E+02    5.14042E-01    3.88022E-03    4.76662E+02    6.33864E-06    2.32006E-03   -9.77734E-04    9.92781E-01    9.85493E-01    9.86073E-01
    1.98042E+02    5.18219E-01    4.17716E-03    4.83713E+02    6.62333E-06    2.36712E-03   -1.00998E-03    9.92518E-01    9.84980E-01    9.85493E-01
    2.01249E+02    5.22818E-01    4.59887E-03    4.90862E+02    7.07814E-06    2.45782E-03   -1.01846E-03    9.92162E-01    9.84227E-01    9.84980E-01
    2.04499E+02    5.25838E-01    3.02057E-03    5.05457E+02    4.51280E-06    2.08545E-03   -4.04617E-04    9.93808E-01    9.86982E-01    9.90875E-01
    2.07795E+02    5.29492E-01    3.65342E-03    5.12906E+02    5.29859E-06    2.15008E-03   -8.22033E-04    9.93022E-01    9.85887E-01    9.86982E-01
    2.11136E+02    5.33539E-01    4.04747E-03    5.20457E+02    5.69856E-06    2.20751E-03   -9.08541E-04    9.92655E-01    9.85229E-01    9.85887E-01
    2.14523E+02    5.38033E-01    4.49405E-03    5.28113E+02    6.14264E-06    2.29634E-03   -9.32454E-04    9.92270E-01    9.84439E-01    9.85229E-01
    2.17957E+02    5.40995E-01    2.96212E-03    5.43743E+02    3.93071E-06    1.94769E-03   -3.70430E-04    9.93880E-01    9.87146E-01    9.91005E-01
    2.21439E+02    5.44556E-01    3.56099E-03    5.51721E+02    4.58780E-06    2.00260E-03   -7.59871E-04    9.93125E-01    9.86105E-01    9.87146E-01
    2.24968E+02    5.48451E-01    3.89490E-03    5.59808E+02    4.87203E-06    2.04104E-03   -8.40352E-04    9.92809E-01    9.85556E-01    9.86105E-01
    2.28546E+02    5.52623E-01    4.17212E-03    5.68007E+02    5.06717E-06    2.07754E-03   -8.66607E-04    9.92565E-01    9.85080E-01    9.85556E-01
    2.32174E+02    5.57187E-01    4.56406E-03    5.76319E+02    5.38231E-06    2.14967E-03   -8.72491E-04    9.92234E-01    9.84382E-01    9.85080E-01
    2.35851E+02    5.60165E-01    2.97754E-03    5.93288E+02    3.40956E-06    1.81488E-03   -3.40228E-04    9.93880E-01    9.87160E-01    9.91013E-01
    2.39579E+02    5.63723E-01    3.55770E-03    6.01949E+02    3.95590E-06    1.86133E-03   -7.00966E-04    9.93148E-01    9.86161E-01    9.87160E-01
    2.43359E+02    5.67583E-01    3.86000E-03    6.10730E+02    4.16786E-06    1.88924E-03   -7.73707E-04    9.92862E-01    9.85672E-01    9.86161E-01
    2.47191E+02    5.71660E-01    4.07775E-03    6.19631E+02    4.27572E-06    1.90805E-03   -7.96918E-04    9.92670E-01    9.85308E-01    9.85672E-01
    2.51076E+02    5.75964E-01    4.30369E-03    6.28656E+02    4.38233E-06    1.93231E-03   -8.05312E-04    9.92477E-01    9.84919E-01    9.85308E-01
    2.55014E+02    5.80632E-01    4.66804E-03    6.37805E+02    4.61623E-06    1.99244E-03   -8.04002E-04    9.92174E-01    9.84273E-01    9.84919E-01
    2.59007E+02    5.83664E-01    3.03218E-03    6.56483E+02    2.91211E-06    1.67830E-03   -3.08910E-04    9.93844E-01    9.87097E-01    9.90979E-01
    2.63055E+02    5.87276E-01    3.61168E-03    6.66016E+02    3.36880E-06    1.72002E-03   -6.40567E-04    9.93121E-01    9.86111E-01    9.87097E-01
    2.67158E+02    5.91184E-01    3.90845E-03    6.75681E+02    3.54075E-06    1.74416E-03   -7.06154E-04    9.92842E-01    9.85636E-01    9.86111E-01
    2.71319E+02    5.95304E-01    4.11984E-03    6.85479E+02    3.62500E-06    1.75989E-03   -7.26477E-04    9.92657E-01    9.85285E-01    9.85636E-01
    2.75536E+02    5.99643E-01    4.33911E-03    6.95412E+02    3.70832E-06    1.78058E-03   -7.33396E-04    9.92471E-01    9.84909E-01    9.85285E-01
    2.79812E+02    6.04339E-01    4.69562E-03    7.05482E+02    3.89789E-06    1.83375E-03   -7.31604E-04    9.92177E-01    9.84282E-01    9.84909E-01
    2.84147E+02    6.07391E-01    3.05248E-03    7.26041E+02    2.46127E-06    1.54396E-03   -2.78289E-04    9.93842E-01    9.87103E-01    9.91001E-01
    2.88542E+02    6.11019E-01    3.62780E-03    7.36534E+02    2.84140E-06    1.58198E-03   -5.82008E-04    9.93127E-01    9.86127E-01    9.87103E-01
    2.92998E+02    6.14938E-01    3.91824E-03    7.47172E+02    2.98107E-06    1.60308E-03   -6.41260E-04    9.92855E-01    9.85664E-01    9.86127E-01
    2.97514E+02    6.19060E-01    4.12219E-03    7.57957E+02    3.04659E-06    1.61617E-03   -6.59232E-04    9.92677E-01    9.85327E-01    9.85664E-01
    3.02094E+02    6.23392E-01    4.33229E-03    7.68890E+02    3.11041E-06    1.63345E-03   -6.65020E-04    9.92499E-01    9.84967E-01    9.85327E-01
    3.06736E+02    6.28067E-01    4.67524E-03    7.79974E+02    3.26083E-06    1.67969E-03   -6.62928E-04    9.92215E-01    9.84364E-01    9.84967E-01
    3.11443E+02    6.31101E-01    3.03368E-03    8.02604E+02    2.05555E-06    1.41180E-03   -2.49766E-04    9.93876E-01    9.87186E-01    9.91069E-01
    3.16214E+02    6.34691E-01    3.58968E-03    8.14153E+02    2.36298E-06    1.44430E-03   -5.26281E-04    9.93181E-01    9.86242E-01    9.87186E-01
    3.21051E+02    6.38545E-01    3.85440E-03    8.25862E+02    2.46498E-06    1.45927E-03   -5.79239E-04    9.92932E-01    9.85825E-01    9.86242E-01
    3.25955E+02    6.42563E-01    4.01802E-03    8.37732E+02    2.49651E-06    1.46385E-03   -5.94696E-04    9.92788E-01    9.85560E-01    9.85825E-01
    3.30927E+02    6.46713E-01    4.14999E-03    8.49766E+02    2.50520E-06    1.46488E-03   -5.99442E-04    9.92676E-01    9.85343E-01    9.85560E-01
    3.35967E+02    6.50996E-01    4.28327E-03    8.61967E+02    2.51220E-06    1.46700E-03   -6.00087E-04    9.92565E-01    9.85120E-01    9.85343E-01
    3.41077E+02    6.55451E-01    4.45506E-03    8.74335E+02    2.53877E-06    1.47664E-03   -5.98583E-04    9.92423E-01    9.84826E-01    9.85120E-01
    3.46258E+02    6.60226E-01    4.77438E-03    8.86875E+02    2.64356E-06    1.51381E-03   -5.93243E-04    9.92163E-01    9.84267E-01    9.84826E-01
    3.51510E+02    6.63313E-01    3.08689E-03    9.12475E+02    1.66074E-06    1.26970E-03   -2.20472E-04    9.93843E-01    9.87129E-01    9.91041E-01
    3.56834E+02    6.66954E-01    3.64148E-03    9.25541E+02    1.90361E-06    1.29802E-03   -4.67715E-04    9.93157E-01    9.86199E-01    9.87129E-01
    3.62232E+02    6.70854E-01    3.90005E-03    9.38787E+02    1.98106E-06    1.31024E-03   -5.14143E-04    9.92916E-01    9.85796E-01    9.86199E-01
    3.67704E+02    6.74911E-01    4.05678E-03    9.52216E+02    2.00237E-06    1.31316E-03   -5.27241E-04    9.92779E-01    9.85544E-01    9.85796E-01
    3.73252E+02    6.79093E-01    4.18172E-03    9.65830E+02    2.00569E-06    1.31294E-03   -5.30912E-04    9.92674E-01    9.85340E-01    9.85544E-01
    3.78876E+02    6.83400E-01    4.30771E-03    9.79632E+02    2.00773E-06    1.31368E-03   -5.31005E-04    9.92569E-01    9.85129E-01    9.85340E-01
    3.84578E+02    6.87872E-01    4.47142E-03    9.93624E+02    2.02519E-06    1.32102E-03   -5.29235E-04    9.92434E-01    9.84850E-01    9.85129E-01
    3.90359E+02    6.92652E-01    4.78020E-03    1.00781E+03    2.10394E-06    1.35249E-03   -5.24124E-04    9.92184E-01    9.84312E-01    9.84850E-01
    3.96220E+02    6.95742E-01    3.08988E-03    1.03677E+03    1.32162E-06    1.13332E-03   -1.92870E-04    9.93858E-01    9.87171E-01    9.91085E-01
    4.02161E+02    6.99376E-01    3.63410E-03    1.05155E+03    1.51059E-06    1.15776E-03   -4.12514E-04    9.93185E-01    9.86259E-01    9.87171E-01
    4.08184E+02    7.03256E-01    3.87962E-03    1.06654E+03    1.56721E-06    1.16702E-03   -4.53087E-04    9.92956E-01    9.85879E-01    9.86259E-01
    4.14291E+02    7.07275E-01    4.01959E-03    1.08173E+03    1.57805E-06    1.16732E-03   -4.64127E-04    9.92834E-01    9.85657E-01    9.85879E-01
    4.20481E+02    7.11396E-01    4.12057E-03    1.09713E+03    1.57218E-06    1.16373E-03   -4.66805E-04    9.92748E-01    9.85495E-01    9.85657E-01
    4.26758E+02    7.15603E-01    4.20743E-03    1.11274E+03    1.56018E-06    1.15876E-03   -4.66310E-04    9.92677E-01    9.85354E-01    9.85495E-01
    4.33120E+02    7.19898E-01    4.29435E-03    1.12857E+03    1.54766E-06    1.15411E-03   -4.64414E-04    9.92605E-01    9.85212E-01    9.85354E-01
    4.39571E+02    7.24294E-01    4.39628E-03    1.14462E+03    1.53989E-06    1.15178E-03   -4.61841E-04    9.92522E-01    9.85042E-01    9.85212E-01
    4.46111E+02    7.28837E-01    4.54281E-03    1.16089E+03    1.54655E-06    1.15591E-03   -4.58714E-04    9.92403E-01    9.84792E-01    9.85042E-01
    4.52741E+02    7.33674E-01    4.83765E-03    1.17738E+03    1.60072E-06    1.18122E-03   -4.53253E-04    9.92166E-01    9.84281E-01    9.84792E-01
    4.59462E+02    7.36798E-01    3.12351E-03    1.21106E+03    1.00455E-06    9.88610E-04   -1.64920E-04    9.93846E-01    9.87156E-01    9.91088E-01
    4.66276E+02    7.40461E-01    3.66370E-03    1.22824E+03    1.14525E-06    1.00939E-03   -3.55509E-04    9.93182E-01    9.86257E-01    9.87156E-01
    4.73184E+02    7.44363E-01    3.90175E-03    1.24567E+03    1.18550E-06    1.01652E-03   -3.90114E-04    9.92962E-01    9.85891E-01    9.86257E-01
    4.80188E+02    7.48396E-01    4.03309E-03    1.26333E+03    1.19110E-06    1.01574E-03   -3.99219E-04    9.92847E-01    9.85684E-01    9.85891E-01
    4.87288E+02    7.52520E-01    4.12406E-03    1.28124E+03    1.18388E-06    1.01142E-03   -4.01140E-04    9.92770E-01    9.85540E-01    9.85684E-01
    4.94486E+02    7.56719E-01    4.19845E-03    1.29939E+03    1.17152E-06    1.00561E-03   -4.00336E-04    9.92709E-01    9.85421E-01    9.85540E-01
    5.01783E+02    7.60987E-01    4.26812E-03    1.31780E+03    1.15767E-06    9.99504E-04   -3.98323E-04    9.92652E-01    9.85308E-01    9.85421E-01
    5.09181E+02    7.65329E-01    4.34238E-03    1.33646E+03    1.14490E-06    9.94126E-04   -3.95743E-04    9.92592E-01    9.85187E-01    9.85308E-01
    5.16682E+02    7.69763E-01    4.43390E-03    1.35537E+03    1.13638E-06    9.90965E-04   -3.92891E-04    9.92518E-01    9.85034E-01    9.85187E-01
    5.24285E+02    7.74334E-01    4.57092E-03    1.37455E+03    1.13879E-06    9.93426E-04   -3.89733E-04    9.92407E-01    9.84801E-01    9.85034E-01
    5.31994E+02    7.79189E-01    4.85535E-03    1.39399E+03    1.17590E-06    1.01385E-03   -3.84709E-04    9.92179E-01    9.84310E-01    9.84801E-01
    5.39809E+02    7.82325E-01    3.13583E-03    1.43369E+03    7.38268E-07    8.47981E-04   -1.38554E-04    9.93853E-01    9.87181E-01    9.91122E-01
    5.47732E+02    7.85995E-01    3.66925E-03    1.45395E+03    8.39768E-07    8.65470E-04   -3.01214E-04    9.93200E-01    9.86296E-01    9.87181E-01
    5.55764E+02    7.89894E-01    3.89908E-03    1.47448E+03    8.67500E-07    8.70863E-04   -3.30299E-04    9.92987E-01    9.85944E-01    9.86296E-01
    5.63907E+02    7.93915E-01    4.02148E-03    1.49530E+03    8.69808E-07    8.69343E-04   -3.37716E-04    9.92880E-01    9.85753E-01    9.85944E-01
    5.72163E+02    7.98017E-01    4.10223E-03    1.51641E+03    8.62568E-07    8.64648E-04   -3.39045E-04    9.92812E-01    9.85625E-01    9.85753E-01
    5.80532E+02    8.02181E-01    4.16413E-03    1.53781E+03    8.51215E-07    8.58448E-04   -3.38055E-04    9.92761E-01    9.85527E-01    9.85625E-01
    5.89017E+02    8.06399E-01    4.21736E-03    1.55951E+03    8.38111E-07    8.51589E-04   -3.36017E-04    9.92718E-01    9.85443E-01    9.85527E-01
    5.97619E+02    8.10667E-01    4.26787E-03    1.58150E+03    8.24562E-07    8.44608E-04   -3.33465E-04    9.92677E-01    9.85362E-01    9.85443E-01
    6.06340E+02    8.14987E-01    4.32057E-03    1.60380E+03    8.11539E-07    8.37973E-04   -3.30668E-04    9.92635E-01    9.85277E-01    9.85362E-01
    6.15181E+02    8.19369E-01    4.38158E-03    1.62641E+03    8.00129E-07    8.32280E-04   -3.27778E-04    9.92586E-01    9.85178E-01    9.85277E-01
    6.24144E+02    8.23831E-01    4.46184E-03    1.64933E+03    7.92153E-07    8.28621E-04   -3.24870E-04    9.92522E-01    9.85044E-01    9.85178E-01
    6.33230E+02    8.28419E-01    4.58833E-03    1.67256E+03    7.91991E-07    8.29708E-04   -3.21831E-04    9.92420E-01    9.84829E-01    9.85044E-01
    6.42442E+02    8.33280E-01    4.86101E-03    1.69612E+03    8.15769E-07    8.45613E-04   -3.17344E-04    9.92202E-01    9.84359E-01    9.84829E-01
    6.51782E+02    8.36420E-01    3.13967E-03    1.74420E+03    5.12277E-07    7.06740E-04   -1.13117E-04    9.93869E-01    9.87223E-01    9.91168E-01
    6.61250E+02    8.40084E-01    3.66467E-03    1.76875E+03    5.81353E-07    7.21010E-04   -2.47987E-04    9.93227E-01    9.86353E-01    9.87223E-01
    6.70849E+02    8.43970E-01    3.88557E-03    1.79363E+03    5.99305E-07    7.24895E-04   -2.71721E-04    9.93022E-01    9.86017E-01    9.86353E-01
    6.80580E+02    8.47969E-01    3.99891E-03    1.81886E+03    5.99692E-07    7.22943E-04   -2.77570E-04    9.92923E-01    9.85840E-01    9.86017E-01
    6.90445E+02    8.52039E-01    4.06996E-03    1.84443E+03    5.93437E-07    7.18279E-04   -2.78411E-04    9.92863E-01    9.85728E-01    9.85840E-01
    7.00447E+02    8.56160E-01    4.12094E-03    1.87036E+03    5.84228E-07    7.12257E-04   -2.77341E-04    9.92821E-01    9.85648E-01    9.85728E-01
    7.10587E+02    8.60321E-01    4.16123E-03    1.89664E+03    5.73606E-07    7.05525E-04   -2.75393E-04    9.92788E-01    9.85585E-01    9.85648E-01
    7.20866E+02    8.64517E-01    4.19558E-03    1.92329E+03    5.62333E-07    6.98431E-04   -2.72996E-04    9.92761E-01    9.85532E-01    9.85585E-01
    7.31288E+02    8.68743E-01    4.22678E-03    1.95030E+03    5.50840E-07    6.91191E-04   -2.70361E-04    9.92737E-01    9.85484E-01    9.85532E-01
    7.41853E+02    8.73000E-01    4.25682E-03    1.97769E+03    5.39410E-07    6.83959E-04   -2.67601E-04    9.92713E-01    9.85437E-01    9.85484E-01
    7.52564E+02    8.77288E-01    4.28746E-03    2.00546E+03    5.28271E-07    6.76874E-04   -2.64788E-04    9.92689E-01    9.85390E-01    9.85437E-01
    7.63423E+02    8.81608E-01    4.32069E-03    2.03361E+03    5.17649E-07    6.70090E-04   -2.61971E-04    9.92663E-01    9.85337E-01    9.85390E-01
    7.74432E+02    8.85968E-01    4.35933E-03    2.06214E+03    5.07846E-07    6.63827E-04   -2.59190E-04    9.92633E-01    9.85275E-01    9.85337E-01
    7.85593E+02    8.90376E-01    4.40825E-03    2.09107E+03    4.99358E-07    6.58467E-04   -2.56475E-04    9.92594E-01    9.85195E-01    9.85275E-01
    7.96907E+02    8.94853E-01    4.47752E-03    2.12040E+03    4.93197E-07    6.54802E-04   -2.53833E-04    9.92538E-01    9.85079E-01    9.85195E-01
    8.08378E+02    8.99447E-01    4.59323E-03    2.15014E+03    4.91974E-07    6.54903E-04   -2.51150E-04    9.92445E-01    9.84881E-01    9.85079E-01
    8.20007E+02    9.04300E-01    4.85339E-03    2.18028E+03    5.05491E-07    6.66549E-04   -2.47393E-04    9.92238E-01    9.84433E-01    9.84881E-01
    8.31797E+02    9.07435E-01    3.13493E-03    2.24183E+03    3.17501E-07    5.56672E-04   -8.72722E-05    9.93895E-01    9.87287E-01    9.91228E-01
    8.43749E+02    9.11085E-01    3.65027E-03    2.27324E+03    3.59495E-07    5.67685E-04   -1.92948E-04    9.93265E-01    9.86433E-01    9.87287E-01
    8.55867E+02    9.14947E-01    3.86215E-03    2.30508E+03    3.69873E-07    5.70305E-04   -2.11246E-04    9.93069E-01    9.86111E-01    9.86433E-01
    8.68151E+02    9.18915E-01    3.96712E-03    2.33737E+03    3.69451E-07    5.68302E-04   -2.15601E-04    9.92976E-01    9.85947E-01    9.86111E-01
    8.80605E+02    9.22944E-01    4.02994E-03    2.37010E+03    3.64957E-07    5.64155E-04   -2.16071E-04    9.92923E-01    9.85849E-01    9.85947E-01
    8.93231E+02    9.27017E-01    4.07251E-03    2.40328E+03    3.58650E-07    5.58926E-04   -2.15060E-04    9.92887E-01    9.85782E-01    9.85849E-01
    9.06031E+02    9.31121E-01    4.10396E-03    2.43692E+03    3.51463E-07    5.53115E-04   -2.13370E-04    9.92862E-01    9.85733E-01    9.85782E-01
    9.19008E+02    9.35250E-01    4.12874E-03    2.47102E+03    3.43848E-07    5.46981E-04   -2.11328E-04    9.92842E-01    9.85696E-01    9.85733E-01
    9.32164E+02    9.39399E-01    4.14932E-03    2.50559E+03    3.36047E-07    5.40672E-04   -2.09094E-04    9.92826E-01    9.85665E-01    9.85696E-01
    9.45501E+02    9.43566E-01    4.16718E-03    2.54064E+03    3.28204E-07    5.34282E-04   -2.06752E-04    9.92813E-01    9.85638E-01    9.85665E-01
    9.59023E+02    9.47750E-01    4.18334E-03    2.57618E+03    3.20409E-07    5.27873E-04   -2.04351E-04    9.92801E-01    9.85614E-01    9.85638E-01
    9.72731E+02    9.51948E-01    4.19855E-03    2.61220E+03    3.12727E-07    5.21492E-04   -2.01924E-04    9.92789E-01    9.85592E-01    9.85614E-01
    9.86628E+02    9.56162E-01    4.21346E-03    2.64873E+03    3.05205E-07    5.15178E-04   -1.99490E-04    9.92778E-01    9.85570E-01    9.85592E-01
    1.00072E+03    9.60390E-01    4.22871E-03    2.68575E+03    2.97887E-07    5.08970E-04   -1.97068E-04    9.92767E-01    9.85547E-01    9.85570E-01
    1.01500E+03    9.64635E-01    4.24506E-03    2.72329E+03    2.90817E-07    5.02912E-04   -1.94669E-04    9.92755E-01    9.85522E-01    9.85547E-01
    1.02948E+03    9.68899E-01    4.26347E-03    2.76134E+03    2.84050E-07    4.97060E-04   -1.92305E-04    9.92741E-01    9.85494E-01    9.85522E-01
    1.04416E+03    9.73184E-01    4.28542E-03    2.79992E+03    2.77666E-07    4.91498E-04   -1.89990E-04    9.92724E-01    9.85459E-01    9.85494E-01
    1.05904E+03    9.77498E-01    4.31332E-03    2.83904E+03    2.71796E-07    4.86365E-04   -1.87736E-04    9.92702E-01    9.85414E-01    9.85459E-01
    1.07413E+03    9.81849E-01    4.35166E-03    2.87869E+03    2.66679E-07    4.81922E-04   -1.85554E-04    9.92671E-01    9.85350E-01    9.85414E-01
    1.08943E+03    9.86259E-01    4.40999E-03    2.91889E+03    2.62832E-07    4.78728E-04   -1.83444E-04    9.92624E-01    9.85251E-01    9.85350E-01
    1.10494E+03    9.90773E-01    4.51340E-03    2.95964E+03    2.61610E-07    4.78261E-04   -1.81319E-04    9.92540E-01    9.85072E-01    9.85251E-01
    1.12066E+03    9.95529E-01    4.75636E-03    3.00096E+03    2.68125E-07    4.86091E-04   -1.78438E-04    9.92344E-01    9.84650E-01    9.85072E-01
    1.13660E+03    9.98600E-01    3.07144E-03    3.08531E+03    1.68391E-07    4.05598E-04   -6.23010E-05    9.93977E-01    9.87468E-01    9.91368E-01
    1.15276E+03    1.00217E+00    3.56701E-03    3.12836E+03    1.90194E-07    4.13407E-04   -1.38885E-04    9.93366E-01    9.86640E-01    9.87468E-01
    1.16914E+03    1.00593E+00    3.76526E-03    3.17200E+03    1.95258E-07    4.14944E-04   -1.51918E-04    9.93181E-01    9.86337E-01    9.86640E-01
    1.18574E+03    1.00979E+00    3.85917E-03    3.21625E+03    1.94639E-07    4.13094E-04   -1.54893E-04    9.93097E-01    9.86189E-01    9.86337E-01
    1.20258E+03    1.01370E+00    3.91190E-03    3.26111E+03    1.91888E-07    4.09681E-04   -1.55079E-04    9.93051E-01    9.86106E-01    9.86189E-01
    1.21965E+03    1.01765E+00    3.94471E-03    3.30659E+03    1.88192E-07    4.05479E-04   -1.54204E-04    9.93023E-01    9.86055E-01    9.86106E-01
    1.23696E+03    1.02161E+00    3.96641E-03    3.35269E+03    1.84040E-07    4.00849E-04   -1.52843E-04    9.93006E-01    9.86022E-01    9.86055E-01
    1.25450E+03    1.02560E+00    3.98127E-03    3.39943E+03    1.79667E-07    3.95976E-04   -1.51230E-04    9.92994E-01    9.85999E-01    9.86022E-01
    1.27228E+03    1.02959E+00    3.99158E-03    3.44682E+03    1.75197E-07    3.90964E-04   -1.49477E-04    9.92986E-01    9.85985E-01    9.85999E-01
    1.29032E+03    1.03359E+00    3.99870E-03    3.49486E+03    1.70701E-07    3.85878E-04   -1.47645E-04    9.92981E-01    9.85976E-01    9.85985E-01
    1.30860E+03    1.03759E+00    4.00346E-03    3.54356E+03    1.66223E-07    3.80756E-04   -1.45767E-04    9.92978E-01    9.85970E-01    9.85976E-01
    1.32713E+03    1.04160E+00    4.00642E-03    3.59293E+03    1.61790E-07    3.75624E-04   -1.43864E-04    9.92977E-01    9.85968E-01    9.85970E-01
    1.34592E+03    1.04560E+00    4.00797E-03    3.64299E+03    1.57421E-07    3.70501E-04   -1.41950E-04    9.92977E-01    9.85968E-01    9.85968E-01
    1.36496E+03    1.04961E+00    4.00838E-03    3.69374E+03    1.53127E-07    3.65401E-04   -1.40034E-04    9.92978E-01    9.85970E-01    9.85968E-01
    1.38427E+03    1.05362E+00    4.00786E-03    3.74518E+03    1.48916E-07    3.60332E-04   -1.38122E-04    9.92980E-01    9.85974E-01    9.85970E-01
    1.40385E+03    1.05763E+00    4.00658E-03    3.79734E+03    1.44794E-07    3.55301E-04   -1.36218E-04    9.92982E-01    9.85979E-01    9.85974E-01
    1.42370E+03    1.06163E+00    4.00466E-03    3.85022E+03    1.40765E-07    3.50316E-04   -1.34327E-04    9.92985E-01    9.85984E-01    9.85979E-01
    1.44382E+03    1.06563E+00    4.00224E-03    3.90382E+03    1.36831E-07    3.45381E-04   -1.32450E-04    9.92988E-01    9.85991E-01    9.85984E-01
    1.46421E+03    1.06963E+00    3.99942E-03    3.95817E+03    1.32995E-07    3.40501E-04   -1.30591E-04    9.92992E-01    9.85998E-01    9.85991E-01
    1.48489E+03    1.07363E+00    3.99632E-03    4.01327E+03    1.29257E-07    3.35680E-04   -1.28749E-04    9.92996E-01    9.86006E-01    9.85998E-01
    1.50586E+03    1.07762E+00    3.99307E-03    4.06912E+03    1.25620E-07    3.30922E-04   -1.26929E-04    9.93000E-01    9.86014E-01    9.86006E-01
    1.52711E+03    1.08161E+00    3.98982E-03    4.12575E+03    1.22086E-07    3.26234E-04   -1.25130E-04    9.93003E-01    9.86022E-01    9.86014E-01
    1.54866E+03    1.08560E+00    3.98675E-03    4.18316E+03    1.18658E-07    3.21623E-04   -1.23354E-04    9.93007E-01    9.86030E-01    9.86022E-01
    1.57051E+03    1.08958E+00    3.98411E-03    4.24136E+03    1.15338E-07    3.17097E-04   -1.21604E-04    9.93011E-01    9.86036E-01    9.86030E-01
    1.59265E+03    1.09357E+00    3.98223E-03    4.30037E+03    1.12133E-07    3.12669E-04   -1.19880E-04    9.93013E-01    9.86041E-01    9.86036E-01
    1.61511E+03    1.09755E+00    3.98161E-03    4.36018E+03    1.09052E-07    3.08357E-04   -1.18188E-04    9.93015E-01    9.86044E-01    9.86041E-01
    1.63787E+03    1.10153E+00    3.98299E-03    4.42083E+03    1.06110E-07    3.04189E-04   -1.16528E-04    9.93015E-01    9.86043E-01    9.86044E-01
    1.66094E+03    1.10552E+00    3.98757E-03    4.48231E+03    1.03330E-07    3.00210E-04   -1.14906E-04    9.93012E-01    9.86037E-01    9.86043E-01
    1.68434E+03    1.10952E+00    3.99742E-03    4.54464E+03    1.00756E-07    2.96501E-04   -1.13328E-04    9.93004E-01    9.86020E-01    9.86037E-01
    1.70806E+03    1.11353E+00    4.01648E-03    4.60783E+03    9.84715E-08    2.93211E-04   -1.11799E-04    9.92989E-01    9.85987E-01    9.86020E-01
    1.73210E+03    1.11758E+00    4.05322E-03    4.67189E+03    9.66589E-08    2.90670E-04   -1.10317E-04    9.92958E-01    9.85921E-01    9.85987E-01
    1.75648E+03    1.12171E+00    4.12997E-03    4.73684E+03    9.58003E-08    2.89753E-04   -1.08828E-04    9.92892E-01    9.85781E-01    9.85921E-01
    1.78119E+03    1.12605E+00    4.33097E-03    4.80268E+03    9.77204E-08    2.93757E-04   -1.06898E-04    9.92723E-01    9.85414E-01    9.85781E-01
    1.80624E+03    1.12883E+00    2.78271E-03    4.93710E+03    6.10730E-08    2.44358E-04   -3.69069E-05    9.94287E-01    9.88123E-01    9.91824E-01
    1.83164E+03    1.13205E+00    3.21668E-03    5.00571E+03    6.86709E-08    2.48638E-04   -8.27637E-05    9.93724E-01    9.87365E-01    9.88123E-01
    1.85739E+03    1.13542E+00    3.37956E-03    5.07526E+03    7.01795E-08    2.49034E-04   -9.03417E-05    9.93563E-01    9.87107E-01    9.87365E-01
    1.88350E+03    1.13887E+00    3.44765E-03    5.14577E+03    6.96400E-08    2.47372E-04   -9.19088E-05    9.93499E-01    9.86997E-01    9.87107E-01
    1.90996E+03    1.14235E+00    3.47814E-03    5.21725E+03    6.83394E-08    2.44764E-04   -9.18154E-05    9.93471E-01    9.86949E-01    9.86997E-01
    1.93680E+03    1.14584E+00    3.49022E-03    5.28973E+03    6.67061E-08    2.41678E-04   -9.10922E-05    9.93461E-01    9.86932E-01    9.86949E-01
    1.96400E+03    1.14933E+00    3.49182E-03    5.36320E+03    6.49165E-08    2.38332E-04   -9.00796E-05    9.93460E-01    9.86933E-01    9.86932E-01
    1.99157E+03    1.15282E+00    3.48675E-03    5.43768E+03    6.30546E-08    2.34837E-04   -8.89173E-05    9.93466E-01    9.86945E-01    9.86933E-01
    2.01953E+03    1.15630E+00    3.47707E-03    5.51320E+03    6.11650E-08    2.31255E-04   -8.76714E-05    9.93475E-01    9.86966E-01    9.86945E-01
    2.04787E+03    1.15976E+00    3.46396E-03    5.58975E+03    5.92731E-08    2.27623E-04   -8.63770E-05    9.93489E-01    9.86993E-01    9.86966E-01
    2.07661E+03    1.16321E+00    3.44816E-03    5.66736E+03    5.73941E-08    2.23964E-04   -8.50541E-05    9.93504E-01    9.87025E-01    9.86993E-01
    2.10574E+03    1.16664E+00    3.43011E-03    5.74605E+03    5.55376E-08    2.20294E-04   -8.37149E-05    9.93522E-01    9.87061E-01    9.87025E-01
    2.13527E+03    1.17005E+00    3.41015E-03    5.82582E+03    5.37094E-08    2.16622E-04   -8.23672E-05    9.93542E-01    9.87100E-01    9.87061E-01
    2.16521E+03    1.17344E+00    3.38847E-03    5.90669E+03    5.19136E-08    2.12955E-04   -8.10160E-05    9.93563E-01    9.87143E-01    9.87100E-01
    2.19557E+03    1.17680E+00    3.36522E-03    5.98867E+03    5.01525E-08    2.09299E-04   -7.96647E-05    9.93586E-01    9.87189E-01    9.87143E-01
    2.22634E+03    1.18014E+00    3.34049E-03    6.07179E+03    4.84276E-08    2.05656E-04   -7.83158E-05    9.93610E-01    9.87238E-01    9.87189E-01
    2.25753E+03    1.18346E+00    3.31437E-03    6.15605E+03    4.67399E-08    2.02028E-04   -7.69708E-05    9.93636E-01    9.87290E-01    9.87238E-01
    2.28916E+03    1.18674E+00    3.28688E-03    6.24148E+03    4.50896E-08    1.98418E-04   -7.56309E-05    9.93663E-01    9.87344E-01    9.87290E-01
    2.32123E+03    1.19000E+00    3.25806E-03    6.32809E+03    4.34769E-08    1.94825E-04   -7.42969E-05    9.93691E-01    9.87402E-01    9.87344E-01
    2.35373E+03    1.19323E+00    3.22792E-03    6.41589E+03    4.19016E-08    1.91251E-04   -7.29693E-05    9.93721E-01    9.87462E-01    9.87402E-01
    2.38669E+03    1.19643E+00    3.19647E-03    6.50490E+03    4.03633E-08    1.87696E-04   -7.16484E-05    9.93753E-01    9.87525E-01    9.87462E-01
    2.42010E+03    1.19959E+00    3.16369E-03    6.59514E+03    3.88617E-08    1.84160E-04   -7.03344E-05    9.93785E-01    9.87590E-01    9.87525E-01
    2.45397E+03    1.20272E+00    3.12959E-03    6.68663E+03    3.73961E-08    1.80641E-04   -6.90273E-05    9.93819E-01    9.87659E-01    9.87590E-01
    2.48831E+03    1.20581E+00    3.09414E-03    6.77938E+03    3.59659E-08    1.77141E-04   -6.77271E-05    9.93855E-01    9.87731E-01    9.87659E-01
    2.52312E+03    1.20887E+00    3.05732E-03    6.87341E+03    3.45705E-08    1.73658E-04   -6.64338E-05    9.93892E-01    9.87806E-01    9.87731E-01
    2.55841E+03    1.21189E+00    3.01910E-03    6.96873E+03    3.32092E-08    1.70191E-04   -6.51470E-05    9.93931E-01    9.87884E-01    9.87806E-01
    2.59419E+03    1.21487E+00    2.97947E-03    7.06538E+03    3.18813E-08    1.66740E-04   -6.38666E-05    9.93972E-01    9.87965E-01    9.87884E-01
    2.63046E+03    1.21781E+00    2.93839E-03    7.16335E+03    3.05860E-08    1.63304E-04   -6.25923E-05    9.94014E-01    9.88050E-01    9.87965E-01
    2.66724E+03    1.22070E+00    2.89582E-03    7.26268E+03    2.93226E-08    1.59881E-04   -6.13238E-05    9.94058E-01    9.88138E-01    9.88050E-01
    2.70452E+03    1.22356E+00    2.85172E-03    7.36338E+03    2.80905E-08    1.56471E-04   -6.00607E-05    9.94104E-01    9.88231E-01    9.88138E-01
    2.74232E+03    1.22636E+00    2.80607E-03    7.46547E+03    2.68888E-08    1.53072E-04   -5.88027E-05    9.94152E-01    9.88327E-01    9.88231E-01
    2.78063E+03    1.22912E+00    2.75882E-03    7.56896E+03    2.57168E-08    1.49683E-04   -5.75493E-05    9.94202E-01    9.88427E-01    9.88327E-01
    2.81948E+03    1.23183E+00    2.70993E-03    7.67389E+03    2.45739E-08    1.46302E-04   -5.63000E-05    9.94254E-01    9.88532E-01    9.88427E-01
    2.85886E+03    1.23449E+00    2.65936E-03    7.78026E+03    2.34594E-08    1.42928E-04   -5.50544E-05    9.94308E-01    9.88641E-01    9.88532E-01
    2.89879E+03    1.23710E+00    2.60706E-03    7.88810E+03    2.23725E-08    1.39559E-04   -5.38119E-05    9.94365E-01    9.88755E-01    9.88641E-01
    2.93926E+03    1.23965E+00    2.55298E-03    7.99743E+03    2.13126E-08    1.36194E-04   -5.25720E-05    9.94424E-01    9.88874E-01    9.88755E-01
    2.98030E+03    1.24215E+00    2.49708E-03    8.10827E+03    2.02791E-08    1.32830E-04   -5.13340E-05    9.94486E-01    9.88998E-01    9.88874E-01
    3.02190E+03    1.24459E+00    2.43931E-03    8.22064E+03    1.92713E-08    1.29466E-04   -5.00974E-05    9.94551E-01    9.89128E-01    9.88998E-01
    3.06408E+03    1.24697E+00    2.37963E-03    8.33456E+03    1.82886E-08    1.26100E-04   -4.88614E-05    9.94618E-01    9.89264E-01    9.89128E-01
    3.10683E+03    1.24928E+00    2.31799E-03    8.45005E+03    1.73306E-08    1.22729E-04   -4.76254E-05    9.94689E-01    9.89405E-01    9.89264E-01
    3.15018E+03    1.25154E+00    2.25434E-03    8.56713E+03    1.63965E-08    1.19351E-04   -4.63885E-05    9.94763E-01    9.89554E-01    9.89405E-01
    3.19413E+03    1.25373E+00    2.18864E-03    8.68583E+03    1.54859E-08    1.15963E-04   -4.51500E-05    9.94840E-01    9.89709E-01    9.89554E-01
    3.23868E+03    1.25585E+00    2.12085E-03    8.80617E+03    1.45983E-08    1.12563E-04   -4.39090E-05    9.94921E-01    9.89872E-01    9.89709E-01
    3.28385E+03    1.25790E+00    2.05091E-03    8.92817E+03    1.37333E-08    1.09147E-04   -4.26645E-05    9.95006E-01    9.90042E-01    9.89872E-01
    3.32964E+03    1.25988E+00    1.97880E-03    9.05185E+03    1.28903E-08    1.05712E-04   -4.14155E-05    9.95095E-01    9.90221E-01    9.90042E-01
    3.37606E+03    1.26178E+00    1.90448E-03    9.17724E+03    1.20690E-08    1.02255E-04   -4.01609E-05    9.95188E-01    9.90409E-01    9.90221E-01
    3.42312E+03    1.26361E+00    1.82793E-03    9.30436E+03    1.12691E-08    9.87722E-05   -3.88995E-05    9.95286E-01    9.90606E-01    9.90409E-01
    3.47084E+03    1.26536E+00    1.74912E-03    9.43323E+03    1.04902E-08    9.52587E-05   -3.76301E-05    9.95390E-01    9.90813E-01    9.90606E-01
    3.51921E+03    1.26703E+00    1.66803E-03    9.56388E+03    9.73214E-09    9.17100E-05   -3.63512E-05    9.95498E-01    9.91032E-01    9.90813E-01
    3.56825E+03    1.26861E+00    1.58468E-03    9.69634E+03    8.99461E-09    8.81210E-05   -3.50613E-05    9.95612E-01    9.91261E-01    9.91032E-01
    3.61796E+03    1.27011E+00    1.49906E-03    9.83062E+03    8.27749E-09    8.44857E-05   -3.37587E-05    9.95733E-01    9.91504E-01    9.91261E-01
    3.66836E+03    1.27152E+00    1.41121E-03    9.96676E+03    7.58072E-09    8.07976E-05   -3.24416E-05    9.95860E-01    9.91760E-01    9.91504E-01
    3.71946E+03    1.27284E+00    1.32117E-03    1.01048E+04    6.90428E-09    7.70493E-05   -3.11077E-05    9.95995E-01    9.92031E-01    9.91760E-01
    3.77126E+03    1.27407E+00    1.22903E-03    1.02447E+04    6.24829E-09    7.32321E-05   -2.97548E-05    9.96138E-01    9.92318E-01    9.92031E-01
    3.82378E+03    1.27521E+00    1.13488E-03    1.03865E+04    5.61297E-09    6.93364E-05   -2.83802E-05    9.96289E-01    9.92623E-01    9.92318E-01
    3.87702E+03    1.27625E+00    1.03890E-03    1.05303E+04    4.99869E-09    6.53508E-05   -2.69807E-05    9.96450E-01    9.92947E-01    9.92623E-01
    3.93100E+03    1.27719E+00    9.41290E-04    1.06761E+04    4.40606E-09    6.12626E-05   -2.55530E-05    9.96621E-01    9.93292E-01    9.92947E-01
    3.98572E+03    1.27803E+00    8.42382E-04    1.08239E+04    3.83601E-09    5.70575E-05   -2.40927E-05    9.96804E-01    9.93661E-01    9.93292E-01
    4.04120E+03    1.27877E+00    7.42655E-04    1.09738E+04    3.29005E-09    5.27212E-05   -2.25948E-05    9.97000E-01    9.94056E-01    9.93661E-01
    4.09744E+03    1.27942E+00    6.42915E-04    1.11257E+04    2.77086E-09    4.82459E-05   -2.10521E-05    9.97210E-01    9.94478E-01    9.94056E-01
    4.15446E+03    1.27996E+00    5.44812E-04    1.12797E+04    2.28430E-09    4.36571E-05   -1.94515E-05    9.97433E-01    9.94927E-01    9.94478E-01
    4.21226E+03    1.28041E+00    4.53444E-04    1.14358E+04    1.84960E-09    3.91767E-05   -1.77421E-05    9.97659E-01    9.95379E-01    9.94927E-01
    4.27086E+03    1.28056E+00    1.47082E-04    1.17546E+04    5.83659E-10    2.34587E-05   -5.77476E-06    9.98671E-01    9.97287E-01    9.97757E-01
    4.33028E+03    1.28067E+00    1.08570E-04    1.19173E+04    4.19137E-10    1.79649E-05   -9.81829E-06    9.98862E-01    9.97788E-01    9.97287E-01
    4.39051E+03    1.28072E+00    5.07328E-05    1.20822E+04    1.90540E-10    1.03962E-05   -9.08069E-06    9.99265E-01    9.98634E-01    9.97788E-01
    4.45157E+03    1.28078E+00    5.82606E-05    1.20822E+04    2.12873E-10    9.06082E-06   -1.14357E-05    9.98634E-01    9.98077E-01    9.96774E-01
    4.51347E+03    1.28085E+00    7.26559E-05    1.20822E+04    2.58266E-10    8.08047E-06   -1.38914E-05    9.98077E-01    9.97574E-01    9.95817E-01
    4.57623E+03    1.28094E+00    9.28870E-05    1.20822E+04    3.21219E-10    7.33111E-06   -1.63546E-05    9.97574E-01    9.97110E-01    9.94913E-01
    4.63986E+03    1.28106E+00    1.18267E-04    1.20822E+04    3.97888E-10    6.73601E-06   -1.87754E-05    9.97110E-01    9.96679E-01    9.94056E-01
    4.70436E+03    1.28121E+00    1.48320E-04    1.20822E+04    4.85456E-10    6.24720E-06   -2.11288E-05    9.96679E-01    9.96273E-01    9.93242E-01
    4.76976E+03    1.28139E+00    1.82717E-04    1.20822E+04    5.81808E-10    5.83423E-06   -2.34045E-05    9.96273E-01    9.95889E-01    9.92466E-01
    4.83605E+03    1.28161E+00    2.21233E-04    1.20822E+04    6.85338E-10    5.47739E-06   -2.55995E-05    9.95889E-01    9.95523E-01    9.91724E-01
    4.90326E+03    1.28188E+00    2.63726E-04    1.20822E+04    7.94807E-10    5.16360E-06   -2.77154E-05    9.95523E-01    9.95174E-01    9.91015E-01
    4.97140E+03    1.28219E+00    3.10113E-04    1.20822E+04    9.09247E-10    4.88391E-06   -2.97556E-05    9.95174E-01    9.94839E-01    9.90333E-01
    5.04048E+03    1.28255E+00    3.60355E-04    1.20822E+04    1.02789E-09    4.63199E-06   -3.17244E-05    9.94839E-01    9.94517E-01    9.89678E-01
    5.11051E+03    1.28296E+00    4.14449E-04    1.20822E+04    1.15012E-09    4.40323E-06   -3.36264E-05    9.94517E-01    9.94206E-01    9.89046E-01
    5.18151E+03    1.28344E+00    4.72421E-04    1.20822E+04    1.27543E-09    4.19415E-06   -3.54660E-05    9.94206E-01    9.93907E-01    9.88436E-01
    5.25349E+03    1.28397E+00    5.34315E-04    1.20822E+04    1.40340E-09    4.00203E-06   -3.72476E-05    9.93907E-01    9.93616E-01    9.87847E-01
    5.32646E+03    1.28457E+00    6.00197E-04    1.20822E+04    1.53368E-09    3.82474E-06   -3.89750E-05    9.93616E-01    9.93335E-01    9.87276E-01
    5.40044E+03    1.28524E+00    6.70147E-04    1.20822E+04    1.66597E-09    3.66051E-06   -4.06519E-05    9.93335E-01    9.93063E-01    9.86722E-01
    5.47544E+03    1.28598E+00    7.44259E-04    1.20822E+04    1.80003E-09    3.50790E-06   -4.22815E-05    9.93063E-01    9.92798E-01    9.86184E-01
    5.55147E+03    1.28681E+00    8.22639E-04    1.20822E+04    1.93563E-09    3.36570E-06   -4.38669E-05    9.92798E-01    9.92540E-01    9.85661E-01
    5.62856E+03    1.28771E+00    9.05403E-04    1.20822E+04    2.07260E-09    3.23288E-06   -4.54109E-05    9.92540E-01    9.92289E-01    9.85153E-01
    5.70671E+03    1.28871E+00    9.92681E-04    1.20822E+04    2.21076E-09    3.10856E-06   -4.69159E-05    9.92289E-01    9.92045E-01    9.84657E-01
    5.78593E+03    1.28979E+00    1.08461E-03    1.20822E+04    2.34999E-09    2.99198E-06   -4.83843E-05    9.92045E-01    9.91806E-01    9.84173E-01
    5.86625E+03    1.29097E+00    1.18134E-03    1.20822E+04    2.49017E-09    2.88247E-06   -4.98183E-05    9.91806E-01    9.91573E-01    9.83701E-01
    5.94768E+03    1.29225E+00    1.28304E-03    1.20822E+04    2.63120E-09    2.77948E-06   -5.12198E-05    9.91573E-01    9.91345E-01    9.83240E-01
    6.03023E+03    1.29364E+00    1.38986E-03    1.20822E+04    2.77298E-09    2.68250E-06   -5.25908E-05    9.91345E-01    9.91122E-01    9.82789E-01
    6.11392E+03    1.29515E+00    1.50200E-03    1.20822E+04    2.91547E-09    2.59108E-06   -5.39328E-05    9.91122E-01    9.90904E-01    9.82348E-01
    6.19877E+03    1.29677E+00    1.61965E-03    1.20822E+04    3.05858E-09    2.50485E-06   -5.52477E-05    9.90904E-01    9.90690E-01    9.81916E-01
    6.28478E+03    1.29851E+00    1.74301E-03    1.20822E+04    3.20230E-09    2.42346E-06   -5.65369E-05    9.90690E-01    9.90480E-01    9.81492E-01
    6.37199E+03    1.30038E+00    1.87230E-03    1.20822E+04    3.34657E-09    2.34661E-06   -5.78019E-05    9.90480E-01    9.90274E-01    9.81076E-01
    6.46039E+03    1.30239E+00    2.00775E-03    1.20822E+04    3.49138E-09    2.27403E-06   -5.90441E-05    9.90274E-01    9.90072E-01    9.80668E-01
    6.55002E+03    1.30454E+00    2.14960E-03    1.20822E+04    3.63673E-09    2.20549E-06   -6.02649E-05    9.90072E-01    9.89872E-01    9.80267E-01
    6.64089E+03    1.30684E+00    2.29813E-03    1.20822E+04    3.78260E-09    2.14078E-06   -6.14656E-05    9.89872E-01    9.89677E-01    9.79873E-01
    6.73300E+03    1.30929E+00    2.45359E-03    1.20822E+04    3.92902E-09    2.07971E-06   -6.26474E-05    9.89677E-01    9.89484E-01    9.79485E-01
    6.82639E+03    1.31191E+00    2.61630E-03    1.20822E+04    4.07601E-09    2.02212E-06   -6.38116E-05    9.89484E-01    9.89294E-01    9.79102E-01
    6.92107E+03    1.31469E+00    2.78656E-03    1.20822E+04    4.22359E-09    1.96788E-06   -6.49594E-05    9.89294E-01    9.89106E-01    9.78726E-01
    7.01705E+03    1.31766E+00    2.96472E-03    1.20822E+04    4.37182E-09    1.91685E-06   -6.60920E-05    9.89106E-01    9.88921E-01    9.78354E-01
    7.11436E+03    1.32081E+00    3.15113E-03    1.20822E+04    4.52076E-09    1.86892E-06   -6.72106E-05    9.88921E-01    9.88738E-01    9.77986E-01
    7.21301E+03    1.32415E+00    3.34617E-03    1.20822E+04    4.67047E-09    1.82400E-06   -6.83165E-05    9.88738E-01    9.88556E-01    9.77623E-01
    7.31303E+03    1.32771E+00    3.55026E-03    1.20822E+04    4.82103E-09    1.78203E-06   -6.94108E-05    9.88556E-01    9.88377E-01    9.77264E-01
    7.41442E+03    1.33147E+00    3.76384E-03    1.20822E+04    4.97255E-09    1.74292E-06   -7.04947E-05    9.88377E-01    9.88199E-01    9.76908E-01
    7.51721E+03    1.33546E+00    3.98739E-03    1.20822E+04    5.12513E-09    1.70663E-06   -7.15696E-05    9.88199E-01    9.88022E-01    9.76556E-01
    7.62143E+03    1.33968E+00    4.22143E-03    1.20822E+04    5.27890E-09    1.67313E-06   -7.26368E-05    9.88022E-01    9.87847E-01    9.76205E-01
    7.72707E+03    1.34414E+00    4.46650E-03    1.20822E+04    5.43401E-09    1.64239E-06   -7.36974E-05    9.87847E-01    9.87672E-01    9.75857E-01
    7.83418E+03    1.34887E+00    4.72322E-03    1.20822E+04    5.59062E-09    1.61440E-06   -7.47530E-05    9.87672E-01    9.87498E-01    9.75511E-01
    7.94277E+03    1.35386E+00    4.99223E-03    1.20822E+04    5.74892E-09    1.58916E-06   -7.58050E-05    9.87498E-01    9.87324E-01    9.75166E-01
    8.05285E+03    1.35913E+00    5.27425E-03    1.20822E+04    5.90911E-09    1.56669E-06   -7.68548E-05    9.87324E-01    9.87151E-01    9.74821E-01
    8.16445E+03    1.36470E+00    5.57005E-03    1.20822E+04    6.07142E-09    1.54703E-06   -7.79040E-05    9.87151E-01    9.86977E-01    9.74477E-01
    8.27760E+03    1.37058E+00    5.88048E-03    1.20822E+04    6.23613E-09    1.53020E-06   -7.89543E-05    9.86977E-01    9.86803E-01    9.74132E-01
    8.39230E+03    1.37679E+00    6.20647E-03    1.20822E+04    6.40351E-09    1.51630E-06   -8.00075E-05    9.86803E-01    9.86627E-01    9.73786E-01
    8.50859E+03    1.38334E+00    6.54904E-03    1.20822E+04    6.57389E-09    1.50538E-06   -8.10655E-05    9.86627E-01    9.86451E-01    9.73439E-01
    8.62648E+03    1.39025E+00    6.90932E-03    1.20822E+04    6.74763E-09    1.49757E-06   -8.21303E-05    9.86451E-01    9.86273E-01    9.73090E-01
    8.74600E+03    1.39754E+00    7.28856E-03    1.20822E+04    6.92516E-09    1.49297E-06   -8.32041E-05    9.86273E-01    9.86094E-01    9.72737E-01
    8.86717E+03    1.40523E+00    7.68814E-03    1.20822E+04    7.10692E-09    1.49176E-06   -8.42893E-05    9.86094E-01    9.85912E-01    9.72381E-01
    8.99001E+03    1.41334E+00    8.10958E-03    1.20822E+04    7.29342E-09    1.49410E-06   -8.53885E-05    9.85912E-01    9.85727E-01    9.72020E-01
    9.11454E+03    1.42189E+00    8.55462E-03    1.20822E+04    7.48525E-09    1.50022E-06   -8.65043E-05    9.85727E-01    9.85539E-01    9.71654E-01
    9.24080E+03    1.43092E+00    9.02518E-03    1.20822E+04    7.68307E-09    1.51037E-06   -8.76401E-05    9.85539E-01    9.85347E-01    9.71281E-01
    9.36879E+03    1.44044E+00    9.52342E-03    1.20822E+04    7.88760E-09    1.52485E-06   -8.87991E-05    9.85347E-01    9.85150E-01    9.70900E-01
    9.49856E+03    1.45049E+00    1.00518E-02    1.20822E+04    8.09970E-09    1.54401E-06   -8.99851E-05    9.85150E-01    9.84949E-01    9.70511E-01
    9.63011E+03    1.46110E+00    1.06130E-02    1.20822E+04    8.32031E-09    1.56829E-06   -9.12023E-05    9.84949E-01    9.84741E-01    9.70111E-01
    9.76348E+03    1.47231E+00    1.12103E-02    1.20822E+04    8.55054E-09    1.59817E-06   -9.24553E-05    9.84741E-01    9.84526E-01    9.69700E-01
    9.89869E+03    1.48416E+00    1.18473E-02    1.20822E+04    8.79163E-09    1.63425E-06   -9.37494E-05    9.84526E-01    9.84304E-01    9.69274E-01
    1.00358E+04    1.49669E+00    1.25281E-02    1.20822E+04    9.04503E-09    1.67723E-06   -9.50906E-05    9.84304E-01    9.84072E-01    9.68834E-01
    1.01747E+04    1.50995E+00    1.32576E-02    1.20822E+04    9.31242E-09    1.72797E-06   -9.64854E-05    9.84072E-01    9.83831E-01    9.68375E-01
    1.03156E+04    1.52399E+00    1.40412E-02    1.20822E+04    9.59576E-09    1.78747E-06   -9.79417E-05    9.83831E-01    9.83577E-01    9.67897E-01
    1.04584E+04    1.53887E+00    1.48857E-02    1.20822E+04    9.89734E-09    1.85698E-06   -9.94680E-05    9.83577E-01    9.83310E-01    9.67395E-01
    1.06032E+04    1.55467E+00    1.57986E-02    1.20822E+04    1.02199E-08    1.93802E-06   -1.01075E-04    9.83310E-01    9.83027E-01    9.66866E-01
    1.07500E+04    1.57146E+00    1.67892E-02    1.20822E+04    1.05665E-08    2.03243E-06   -1.02773E-04    9.83027E-01    9.82727E-01    9.66307E-01
    1.08989E+04    1.58933E+00    1.78684E-02    1.20822E+04    1.09412E-08    2.14255E-06   -1.04578E-04    9.82727E-01    9.82406E-01    9.65713E-01
    1.10497E+04    1.60838E+00    1.90495E-02    1.20822E+04    1.13485E-08    2.27128E-06   -1.06505E-04    9.82406E-01    9.82061E-01    9.65079E-01
    1.12027E+04    1.62873E+00    2.03486E-02    1.20822E+04    1.17942E-08    2.42235E-06   -1.08574E-04    9.82061E-01    9.81688E-01    9.64397E-01
    1.13578E+04    1.65051E+00    2.17858E-02    1.20822E+04    1.22852E-08    2.60054E-06   -1.10808E-04    9.81688E-01    9.81282E-01    9.63661E-01
    1.15150E+04    1.67390E+00    2.33857E-02    1.20822E+04    1.28303E-08    2.81215E-06   -1.13236E-04    9.81282E-01    9.80837E-01    9.62860E-01
    1.16744E+04    1.69908E+00    2.51799E-02    1.20822E+04    1.34406E-08    3.06554E-06   -1.15893E-04    9.80837E-01    9.80345E-01    9.61982E-01
    1.18359E+04    1.72629E+00    2.72087E-02    1.20822E+04    1.41303E-08    3.37215E-06   -1.18823E-04    9.80345E-01    9.79796E-01    9.61014E-01
    1.19998E+04    1.75581E+00    2.95250E-02    1.20822E+04    1.49180E-08    3.74791E-06   -1.22082E-04    9.79796E-01    9.79178E-01    9.59935E-01
    1.21658E+04    1.78801E+00    3.21989E-02    1.20822E+04    1.58286E-08    4.21563E-06   -1.25741E-04    9.79178E-01    9.78473E-01    9.58722E-01
    1.23342E+04    1.82334E+00    3.53264E-02    1.20822E+04    1.68958E-08    4.80919E-06   -1.29895E-04    9.78473E-01    9.77658E-01    9.57341E-01
    1.25049E+04    1.86238E+00    3.90416E-02    1.20822E+04    1.81671E-08    5.58077E-06   -1.34670E-04    9.77658E-01    9.76699E-01    9.55749E-01
    1.26779E+04    1.90592E+00    4.35387E-02    1.20822E+04    1.97112E-08    6.61493E-06   -1.40241E-04    9.76699E-01    9.75546E-01    9.53883E-01
    1.28533E+04    1.95503E+00    4.91086E-02    1.20822E+04    2.16309E-08    8.05723E-06   -1.46854E-04    9.75546E-01    9.74123E-01    9.51655E-01
    1.30312E+04    2.01123E+00    5.62073E-02    1.20822E+04    2.40874E-08    1.01784E-05   -1.54867E-04    9.74123E-01    9.72301E-01    9.48928E-01
    1.32115E+04    2.07682E+00    6.55881E-02    1.20822E+04    2.73465E-08    1.35341E-05   -1.64813E-04    9.72301E-01    9.69844E-01    9.45488E-01
    1.33943E+04    2.15540E+00    7.85780E-02    1.20822E+04    3.18756E-08    1.94169E-05   -1.77478E-04    9.69844E-01    9.66270E-01    9.40970E-01
    1.35796E+04    2.25315E+00    9.77464E-02    1.20822E+04    3.85778E-08    3.13197E-05   -1.93899E-04    9.66270E-01    9.60426E-01    9.34725E-01
    1.37675E+04    2.38254E+00    1.29388E-01    1.20822E+04    4.96836E-08    6.04054E-05   -2.14557E-04    9.60426E-01    9.49000E-01    9.25521E-01
    1.39579E+04    2.58776E+00    2.05227E-01    1.20822E+04    7.66712E-08    1.48866E-04   -2.33474E-04    9.49000E-01    9.20452E-01    9.11017E-01
    1.41510E+04    2.88468E+00    2.96920E-01    1.22494E+04    1.07924E-07    2.33809E-04   -2.30776E-04    9.58514E-01    9.13058E-01    9.20452E-01
    1.43468E+04    3.17877E+00    2.94088E-01    1.25908E+04    1.04001E-07    2.95225E-04   -1.29781E-04    9.62318E-01    9.04129E-01    9.40318E-01
