 # rho, F_z,dF_z, z(rho), E2 (=>sigma2=e0^2*E2), Er, Ez, Ui,j , Ui+1,j , Ui,j-1
    2.50000E-01    2.41014E-01    2.41014E-01    0.00000E+00    1.92811E+00   -3.54856E-01    1.34246E+00    1.84866E+00    2.02608E+00    2.51988E+00
    7.40956E-01    6.95937E-01    4.54923E-01    5.00000E-01    1.27402E+00   -1.30990E-01    1.12110E+00    1.46553E+00    1.52866E+00    2.02608E+00
    1.22528E+00    1.41218E+00    7.16245E-01    5.00000E-01    1.20098E+00   -4.24648E-02    1.09507E+00    1.52866E+00    1.54933E+00    2.07620E+00
    1.71444E+00    2.44191E+00    1.02973E+00    5.00000E-01    1.22177E+00   -2.40420E-02    1.10507E+00    1.54933E+00    1.56115E+00    2.10187E+00
    2.20850E+00    3.81703E+00    1.37512E+00    5.00000E-01    1.25404E+00   -2.13053E-02    1.11964E+00    1.56115E+00    1.57173E+00    2.12097E+00
    2.70750E+00    5.57152E+00    1.75449E+00    5.00000E-01    1.29220E+00   -2.43665E-02    1.13649E+00    1.57173E+00    1.58395E+00    2.13997E+00
    3.21149E+00    7.74972E+00    2.17820E+00    5.00000E-01    1.33911E+00   -3.18178E-02    1.15676E+00    1.58395E+00    1.60006E+00    2.16233E+00
    3.72051E+00    1.04132E+01    2.66346E+00    5.00000E-01    1.39941E+00   -4.59292E-02    1.18208E+00    1.60006E+00    1.62356E+00    2.19110E+00
    4.23463E+00    1.36488E+01    3.23565E+00    5.00000E-01    1.47886E+00   -7.47961E-02    1.21378E+00    1.62356E+00    1.66220E+00    2.23045E+00
    4.75389E+00    1.75772E+01    3.92834E+00    5.00000E-01    1.58351E+00   -1.44190E-01    1.25009E+00    1.66220E+00    1.73745E+00    2.28725E+00
    5.27834E+00    2.24006E+01    4.82340E+00    5.00000E-01    1.73379E+00   -3.45105E-01    1.27070E+00    1.73745E+00    1.91934E+00    2.37280E+00
    5.80804E+00    2.64021E+01    4.00153E+00    9.81913E-01    1.29424E+00   -2.55998E-01    1.10847E+00    1.36510E+00    1.50138E+00    1.91934E+00
    6.34303E+00    3.07070E+01    4.30485E+00    9.81913E-01    1.26229E+00   -1.56860E-01    1.11251E+00    1.50138E+00    1.58572E+00    2.05764E+00
    6.88337E+00    3.60122E+01    5.30524E+00    9.81913E-01    1.41932E+00   -1.86642E-01    1.17664E+00    1.58572E+00    1.68707E+00    2.17404E+00
    7.42912E+00    4.27807E+01    6.76851E+00    9.81913E-01    1.66115E+00   -3.88973E-01    1.22876E+00    1.68707E+00    1.90041E+00    2.30145E+00
    7.98032E+00    4.83470E+01    5.56634E+00    1.46864E+00    1.25916E+00   -2.80730E-01    1.08644E+00    1.37684E+00    1.53235E+00    1.90041E+00
    8.53704E+00    5.45998E+01    6.25272E+00    1.46864E+00    1.30910E+00   -2.31279E-01    1.12054E+00    1.53235E+00    1.66174E+00    2.07235E+00
    9.09932E+00    6.27757E+01    8.17593E+00    1.46864E+00    1.59008E+00   -4.14919E-01    1.19076E+00    1.66174E+00    1.89621E+00    2.23559E+00
    9.66723E+00    6.94683E+01    6.69262E+00    1.96024E+00    1.21300E+00   -2.87641E-01    1.06314E+00    1.37874E+00    1.54291E+00    1.89621E+00
    1.02408E+01    7.72474E+01    7.77915E+00    1.96024E+00    1.31778E+00   -2.53478E-01    1.11961E+00    1.54291E+00    1.68902E+00    2.08786E+00
    1.08201E+01    8.78338E+01    1.05863E+01    1.96024E+00    1.68050E+00   -4.72447E-01    1.20718E+00    1.68902E+00    1.96408E+00    2.27660E+00
    1.14052E+01    9.69807E+01    9.14696E+00    2.45676E+00    1.36388E+00   -3.78033E-01    1.10498E+00    1.42088E+00    1.64317E+00    1.96408E+00
    1.19962E+01    1.08524E+02    1.15431E+01    2.45676E+00    1.62017E+00   -5.21707E-01    1.16103E+00    1.64317E+00    1.95301E+00    2.21393E+00
    1.25931E+01    1.18381E+02    9.85768E+00    2.95824E+00    1.30498E+00   -4.01602E-01    1.06944E+00    1.42202E+00    1.66292E+00    1.95301E+00
    1.31959E+01    1.31769E+02    1.33874E+01    2.95824E+00    1.67455E+00   -5.92547E-01    1.15041E+00    1.66292E+00    2.02191E+00    2.23412E+00
    1.38048E+01    1.44773E+02    1.30039E+01    3.46473E+00    1.53943E+00   -6.26744E-01    1.07081E+00    1.48492E+00    1.86843E+00    2.02191E+00
    1.44198E+01    1.54101E+02    9.32831E+00    3.97629E+00    1.04675E+00   -4.07246E-01    9.38562E-01    1.39305E+00    1.64474E+00    1.86843E+00
    1.50409E+01    1.68553E+02    1.44520E+01    3.97629E+00    1.53933E+00   -6.17375E-01    1.07618E+00    1.64474E+00    2.03010E+00    2.18982E+00
    1.56682E+01    1.83772E+02    1.52193E+01    4.49297E+00    1.54074E+00   -6.82279E-01    1.03694E+00    1.49965E+00    1.92979E+00    2.03010E+00
    1.63018E+01    1.96592E+02    1.28201E+01    5.01481E+00    1.23506E+00   -6.15938E-01    9.25031E-01    1.45184E+00    1.84404E+00    1.92979E+00
    1.69417E+01    2.06782E+02    1.01897E+01    5.54187E+00    9.35227E-01   -4.09524E-01    8.76080E-01    1.38687E+00    1.65024E+00    1.84404E+00
    1.75881E+01    2.23717E+02    1.69347E+01    5.54187E+00    1.48234E+00   -6.43908E-01    1.03331E+00    1.65024E+00    2.06848E+00    2.18946E+00
    1.82408E+01    2.42846E+02    1.91292E+01    6.07420E+00    1.59853E+00   -7.37780E-01    1.02675E+00    1.52732E+00    2.01134E+00    2.06848E+00
    1.89002E+01    2.60959E+02    1.81130E+01    6.61186E+00    1.44634E+00   -7.41056E-01    9.47195E-01    1.50712E+00    1.99814E+00    2.01134E+00
    1.95661E+01    2.79360E+02    1.84009E+01    7.15489E+00    1.40528E+00   -7.50353E-01    9.17739E-01    1.50471E+00    2.00687E+00    1.99814E+00
    2.02387E+01    2.98958E+02    1.95983E+01    7.70335E+00    1.43266E+00   -7.80858E-01    9.07149E-01    1.51426E+00    2.04206E+00    2.00687E+00
    2.09180E+01    3.21784E+02    2.28258E+01    8.25730E+00    1.59842E+00   -8.83739E-01    9.04113E-01    1.54619E+00    2.14950E+00    2.04206E+00
    2.16040E+01    3.34645E+02    1.28607E+01    9.38186E+00    8.63360E-01   -7.20345E-01    5.86910E-01    1.40110E+00    1.89778E+00    1.72947E+00
    2.22970E+01    3.52228E+02    1.75832E+01    9.95259E+00    1.13238E+00   -7.50320E-01    7.54586E-01    1.47138E+00    1.99390E+00    1.89778E+00
    2.29969E+01    3.75160E+02    2.29320E+01    1.05290E+01    1.41773E+00   -8.70406E-01    8.12479E-01    1.53020E+00    2.14241E+00    1.99390E+00
    2.37038E+01    3.89936E+02    1.47765E+01    1.16993E+01    8.77511E-01   -7.53702E-01    5.56277E-01    1.41468E+00    1.95011E+00    1.73854E+00
    2.44177E+01    4.12956E+02    2.30197E+01    1.22932E+01    1.31393E+00   -8.81226E-01    7.33054E-01    1.51905E+00    2.15133E+00    1.95011E+00
    2.51388E+01    4.31550E+02    1.85934E+01    1.34989E+01    1.02063E+00   -8.60312E-01    5.29620E-01    1.44809E+00    2.07154E+00    1.76578E+00
    2.58671E+01    4.49101E+02    1.75514E+01    1.47288E+01    9.27037E-01   -8.33227E-01    4.82462E-01    1.43043E+00    2.04029E+00    1.72565E+00
    2.66027E+01    4.66383E+02    1.72819E+01    1.59834E+01    8.78779E-01   -8.18316E-01    4.57316E-01    1.42404E+00    2.02898E+00    1.70950E+00
    2.73456E+01    4.84012E+02    1.76292E+01    1.72633E+01    8.63448E-01   -8.18013E-01    4.40797E-01    1.42522E+00    2.03598E+00    1.70590E+00
    2.80960E+01    5.03414E+02    1.94023E+01    1.85689E+01    9.15755E-01   -8.55774E-01    4.28259E-01    1.44024E+00    2.08558E+00    1.71842E+00
    2.88539E+01    5.19583E+02    1.61685E+01    2.05766E+01    7.35722E-01   -7.94557E-01    3.23111E-01    1.39068E+00    1.99585E+00    1.60692E+00
    2.96193E+01    5.34350E+02    1.47674E+01    2.26452E+01    6.48121E-01   -7.51060E-01    2.89878E-01    1.37294E+00    1.95070E+00    1.57281E+00
    3.03924E+01    5.48194E+02    1.38437E+01    2.47765E+01    5.86264E-01   -7.17433E-01    2.67497E-01    1.36185E+00    1.91926E+00    1.55188E+00
    3.11733E+01    5.61323E+02    1.31287E+01    2.69723E+01    5.36689E-01   -6.88832E-01    2.49398E-01    1.35348E+00    1.89402E+00    1.53602E+00
    3.19619E+01    5.73836E+02    1.25137E+01    2.92347E+01    4.93989E-01   -6.62867E-01    2.33657E-01    1.34636E+00    1.87173E+00    1.52256E+00
    3.27584E+01    5.85762E+02    1.19252E+01    3.15656E+01    4.54763E-01   -6.37676E-01    2.19393E-01    1.33951E+00    1.84997E+00    1.50997E+00
    3.35629E+01    5.97015E+02    1.12532E+01    3.39672E+01    4.14703E-01   -6.10106E-01    2.06092E-01    1.33148E+00    1.82475E+00    1.49645E+00
    3.43755E+01    6.07018E+02    1.00035E+01    3.64415E+01    3.56371E-01   -5.64391E-01    1.94509E-01    1.31590E+00    1.77678E+00    1.47632E+00
    3.51961E+01    6.19115E+02    1.20969E+01    3.81326E+01    4.16731E-01   -6.02081E-01    2.32872E-01    1.35339E+00    1.84996E+00    1.54931E+00
    3.60250E+01    6.29245E+02    1.01294E+01    4.07331E+01    3.37547E-01   -5.50496E-01    1.85744E-01    1.31942E+00    1.77798E+00    1.48043E+00
    3.68622E+01    6.41294E+02    1.20493E+01    4.25105E+01    3.88522E-01   -5.83437E-01    2.19370E-01    1.35387E+00    1.84473E+00    1.54784E+00
    3.77077E+01    6.51329E+02    1.00349E+01    4.52437E+01    3.13183E-01   -5.32201E-01    1.73046E-01    1.31881E+00    1.77104E+00    1.47646E+00
    3.85617E+01    6.63177E+02    1.18485E+01    4.71117E+01    3.58012E-01   -5.62357E-01    2.04369E-01    1.35186E+00    1.83450E+00    1.54179E+00
    3.94242E+01    6.73025E+02    9.84800E+00    4.99843E+01    2.88175E-01   -5.12314E-01    1.60338E-01    1.31673E+00    1.76082E+00    1.47026E+00
    4.02954E+01    6.84554E+02    1.15286E+01    5.19476E+01    3.26790E-01   -5.39299E-01    1.89595E-01    1.34813E+00    1.82028E+00    1.53332E+00
    4.11753E+01    6.94008E+02    9.45434E+00    5.49667E+01    2.59671E-01   -4.87600E-01    1.48042E-01    1.31160E+00    1.74276E+00    1.46058E+00
    4.20639E+01    7.04572E+02    1.05637E+01    5.70301E+01    2.81197E-01   -5.00182E-01    1.76111E-01    1.33575E+00    1.78246E+00    1.51654E+00
    4.29615E+01    7.16286E+02    1.17137E+01    5.91350E+01    3.02273E-01   -5.19910E-01    1.78793E-01    1.35271E+00    1.82167E+00    1.53994E+00
    4.38680E+01    7.25742E+02    9.45692E+00    6.23720E+01    2.36628E-01   -4.67286E-01    1.35173E-01    1.31250E+00    1.73821E+00    1.45834E+00
    4.47836E+01    7.36201E+02    1.04583E+01    6.45843E+01    2.53796E-01   -4.77533E-01    1.60496E-01    1.33477E+00    1.77417E+00    1.51142E+00
    4.57083E+01    7.47671E+02    1.14702E+01    6.68410E+01    2.70020E-01   -4.93666E-01    1.62215E-01    1.34988E+00    1.80867E+00    1.53201E+00
    4.66423E+01    7.56843E+02    9.17219E+00    7.03114E+01    2.09504E-01   -4.41257E-01    1.21639E-01    1.30873E+00    1.72291E+00    1.44944E+00
    4.75857E+01    7.66767E+02    9.92353E+00    7.26833E+01    2.19972E-01   -4.46170E-01    1.44584E-01    1.32725E+00    1.75023E+00    1.49787E+00
    4.85384E+01    7.77025E+02    1.02587E+01    7.51028E+01    2.20731E-01   -4.46431E-01    1.46391E-01    1.33338E+00    1.76085E+00    1.50960E+00
    4.95007E+01    7.87487E+02    1.04619E+01    7.75710E+01    2.18541E-01   -4.44450E-01    1.44933E-01    1.33669E+00    1.76651E+00    1.51466E+00
    5.04727E+01    7.98094E+02    1.06068E+01    8.00888E+01    2.15150E-01   -4.41407E-01    1.42514E-01    1.33888E+00    1.77003E+00    1.51740E+00
    5.14543E+01    8.08814E+02    1.07197E+01    8.26571E+01    2.11181E-01   -4.37790E-01    1.39716E-01    1.34051E+00    1.77240E+00    1.51904E+00
    5.24458E+01    8.19626E+02    1.08124E+01    8.52771E+01    2.06910E-01   -4.33831E-01    1.36752E-01    1.34179E+00    1.77406E+00    1.52005E+00
    5.34471E+01    8.30517E+02    1.08906E+01    8.79498E+01    2.02477E-01   -4.29648E-01    1.33715E-01    1.34284E+00    1.77522E+00    1.52064E+00
    5.44585E+01    8.41474E+02    1.09575E+01    9.06762E+01    1.97959E-01   -4.25310E-01    1.30654E-01    1.34372E+00    1.77601E+00    1.52094E+00
    5.54800E+01    8.52489E+02    1.10147E+01    9.34574E+01    1.93394E-01   -4.20849E-01    1.27595E-01    1.34445E+00    1.77649E+00    1.52100E+00
    5.65117E+01    8.63552E+02    1.10627E+01    9.62945E+01    1.88802E-01   -4.16280E-01    1.24553E-01    1.34505E+00    1.77667E+00    1.52085E+00
    5.75537E+01    8.74653E+02    1.11009E+01    9.91886E+01    1.84183E-01   -4.11598E-01    1.21536E-01    1.34551E+00    1.77654E+00    1.52050E+00
    5.86062E+01    8.85780E+02    1.11279E+01    1.02141E+02    1.79520E-01   -4.06777E-01    1.18544E-01    1.34580E+00    1.77605E+00    1.51992E+00
    5.96692E+01    8.96921E+02    1.11403E+01    1.05152E+02    1.74771E-01   -4.01762E-01    1.15578E-01    1.34589E+00    1.77508E+00    1.51907E+00
    6.07428E+01    9.08052E+02    1.11316E+01    1.08225E+02    1.69849E-01   -3.96439E-01    1.12631E-01    1.34568E+00    1.77342E+00    1.51783E+00
    6.18271E+01    9.19141E+02    1.10882E+01    1.11359E+02    1.64575E-01   -3.90565E-01    1.09696E-01    1.34497E+00    1.77059E+00    1.51601E+00
    6.29223E+01    9.30117E+02    1.09766E+01    1.14555E+02    1.58498E-01   -3.83531E-01    1.06779E-01    1.34329E+00    1.76542E+00    1.51312E+00
    6.40284E+01    9.40804E+02    1.06865E+01    1.17817E+02    1.50140E-01   -3.73257E-01    1.04016E-01    1.33908E+00    1.75400E+00    1.50784E+00
    6.51456E+01    9.50389E+02    9.58506E+00    1.21143E+02    1.31046E-01   -3.46926E-01    1.03384E-01    1.32331E+00    1.71283E+00    1.49442E+00
    6.62740E+01    9.64558E+02    1.41695E+01    1.22832E+02    1.88540E-01   -3.93399E-01    1.83787E-01    1.40560E+00    1.85171E+00    1.71283E+00
    6.74137E+01    9.76805E+02    1.22463E+01    1.26259E+02    1.58610E-01   -3.83325E-01    1.08037E-01    1.36270E+00    1.80173E+00    1.54693E+00
    6.85647E+01    9.88577E+02    1.17720E+01    1.29756E+02    1.48422E-01   -3.72140E-01    9.96721E-02    1.35443E+00    1.78491E+00    1.52781E+00
    6.97273E+01    9.99891E+02    1.13146E+01    1.33322E+02    1.38888E-01   -3.60194E-01    9.56472E-02    1.34759E+00    1.76842E+00    1.51731E+00
    7.09015E+01    1.00998E+03    1.00927E+01    1.36961E+02    1.20632E-01   -3.34222E-01    9.44852E-02    1.33031E+00    1.72470E+00    1.50134E+00
    7.20874E+01    1.02472E+03    1.47336E+01    1.38807E+02    1.71489E-01   -3.77098E-01    1.71131E-01    1.41183E+00    1.86127E+00    1.72470E+00
    7.32852E+01    1.03731E+03    1.25970E+01    1.42556E+02    1.42797E-01   -3.64947E-01    9.80327E-02    1.36663E+00    1.80593E+00    1.54946E+00
    7.44949E+01    1.04918E+03    1.18681E+01    1.46380E+02    1.31038E-01   -3.50555E-01    9.02743E-02    1.35505E+00    1.78125E+00    1.52679E+00
    7.57168E+01    1.05968E+03    1.05002E+01    1.50281E+02    1.12935E-01   -3.24242E-01    8.83301E-02    1.33579E+00    1.73394E+00    1.50721E+00
    7.69509E+01    1.07483E+03    1.51519E+01    1.52260E+02    1.58765E-01   -3.63995E-01    1.62090E-01    1.41623E+00    1.86766E+00    1.73394E+00
    7.81973E+01    1.08754E+03    1.27022E+01    1.56279E+02    1.29678E-01   -3.48373E-01    9.11832E-02    1.36741E+00    1.80379E+00    1.54973E+00
    7.94562E+01    1.09859E+03    1.10521E+01    1.60379E+02    1.09945E-01   -3.20340E-01    8.56019E-02    1.34362E+00    1.74890E+00    1.51823E+00
    8.07277E+01    1.11441E+03    1.58163E+01    1.62460E+02    1.53328E-01   -3.58401E-01    1.57722E-01    1.42398E+00    1.88194E+00    1.74890E+00
    8.20118E+01    1.12759E+03    1.31891E+01    1.66684E+02    1.24611E-01   -3.42042E-01    8.72806E-02    1.37336E+00    1.81479E+00    1.55678E+00
    8.33089E+01    1.13905E+03    1.14554E+01    1.70993E+02    1.05491E-01   -3.14344E-01    8.17246E-02    1.34882E+00    1.75857E+00    1.52402E+00
    8.46189E+01    1.15535E+03    1.63003E+01    1.73180E+02    1.46319E-01   -3.50960E-01    1.52139E-01    1.42916E+00    1.89120E+00    1.75857E+00
    8.59420E+01    1.16889E+03    1.35353E+01    1.77619E+02    1.18445E-01   -3.33977E-01    8.30927E-02    1.37730E+00    1.82139E+00    1.56083E+00
    8.72783E+01    1.18056E+03    1.16786E+01    1.82148E+02    9.96354E-02   -3.05930E-01    7.77329E-02    1.35139E+00    1.76225E+00    1.52653E+00
    8.86280E+01    1.19698E+03    1.64139E+01    1.84446E+02    1.36537E-01   -3.39377E-01    1.46150E-01    1.42967E+00    1.89000E+00    1.76225E+00
    8.99912E+01    1.20965E+03    1.26672E+01    1.89112E+02    1.02747E-01   -3.10213E-01    8.07150E-02    1.36598E+00    1.79096E+00    1.55335E+00
    9.13680E+01    1.22734E+03    1.76900E+01    1.91480E+02    1.39927E-01   -3.43732E-01    1.47563E-01    1.44499E+00    1.92060E+00    1.79096E+00
    9.27586E+01    1.24183E+03    1.44976E+01    1.96288E+02    1.11837E-01   -3.25187E-01    7.80442E-02    1.38876E+00    1.84321E+00    1.57542E+00
    9.41631E+01    1.25428E+03    1.24514E+01    2.01192E+02    9.36832E-02   -2.97348E-01    7.25751E-02    1.36113E+00    1.78083E+00    1.53819E+00
    9.55817E+01    1.27162E+03    1.73378E+01    2.03680E+02    1.27239E-01   -3.28702E-01    1.38543E-01    1.43943E+00    1.90803E+00    1.78083E+00
    9.70144E+01    1.28488E+03    1.32613E+01    2.08733E+02    9.49360E-02   -2.98843E-01    7.50259E-02    1.37287E+00    1.80316E+00    1.56147E+00
    9.84614E+01    1.30311E+03    1.82286E+01    2.11297E+02    1.27305E-01   -3.28529E-01    1.39191E-01    1.44978E+00    1.92754E+00    1.80316E+00
    9.99230E+01    1.31692E+03    1.38108E+01    2.16503E+02    9.41003E-02   -2.97699E-01    7.39987E-02    1.37977E+00    1.81703E+00    1.57142E+00
    1.01399E+02    1.33583E+03    1.89107E+01    2.19145E+02    1.25716E-01   -3.26777E-01    1.37595E-01    1.45711E+00    1.94188E+00    1.81703E+00
    1.02890E+02    1.35014E+03    1.43055E+01    2.24508E+02    9.27951E-02   -2.95860E-01    7.25388E-02    1.38570E+00    1.82900E+00    1.57926E+00
    1.04396E+02    1.36968E+03    1.95402E+01    2.27230E+02    1.23686E-01   -3.24514E-01    1.35560E-01    1.46366E+00    1.95474E+00    1.82900E+00
    1.05917E+02    1.38446E+03    1.47839E+01    2.32756E+02    9.13225E-02   -2.93744E-01    7.09712E-02    1.39129E+00    1.84026E+00    1.58641E+00
    1.07453E+02    1.40462E+03    2.01524E+01    2.35561E+02    1.21490E-01   -3.22020E-01    1.33389E-01    1.46988E+00    1.96699E+00    1.84026E+00
    1.09004E+02    1.41987E+03    1.52572E+01    2.41254E+02    8.97723E-02   -2.91478E-01    6.93762E-02    1.39672E+00    1.85118E+00    1.59323E+00
    1.10571E+02    1.44063E+03    2.07575E+01    2.44143E+02    1.19212E-01   -3.19385E-01    1.31169E-01    1.47593E+00    1.97888E+00    1.85118E+00
    1.12154E+02    1.45636E+03    1.57272E+01    2.50009E+02    8.81668E-02   -2.89089E-01    6.77804E-02    1.40203E+00    1.86182E+00    1.59984E+00
    1.13752E+02    1.47771E+03    2.13551E+01    2.52986E+02    1.16866E-01   -3.16613E-01    1.28927E-01    1.48181E+00    1.99042E+00    1.86182E+00
    1.15367E+02    1.49390E+03    1.61883E+01    2.59030E+02    8.64857E-02   -2.86539E-01    6.61912E-02    1.40715E+00    1.87205E+00    1.60618E+00
    1.16997E+02    1.51583E+03    2.19337E+01    2.62097E+02    1.14404E-01   -3.13625E-01    1.26660E-01    1.48741E+00    2.00134E+00    1.87205E+00
    1.18644E+02    1.53246E+03    1.66213E+01    2.68324E+02    8.46448E-02   -2.83674E-01    6.46054E-02    1.41188E+00    1.88139E+00    1.61202E+00
    1.20308E+02    1.55491E+03    2.24571E+01    2.71484E+02    1.11666E-01   -3.10170E-01    1.24339E-01    1.49235E+00    2.01084E+00    1.88139E+00
    1.21987E+02    1.57187E+03    1.69617E+01    2.77899E+02    8.23557E-02   -2.79971E-01    6.30218E-02    1.41549E+00    1.88818E+00    1.61664E+00
    1.23684E+02    1.59466E+03    2.27875E+01    2.81155E+02    1.08044E-01   -3.05260E-01    1.21900E-01    1.49521E+00    2.01575E+00    1.88818E+00
    1.25398E+02    1.61148E+03    1.68184E+01    2.87765E+02    7.78734E-02   -2.72150E-01    6.17086E-02    1.41362E+00    1.88234E+00    1.61655E+00
    1.27129E+02    1.63317E+03    2.16847E+01    2.91120E+02    9.80583E-02   -2.89153E-01    1.20203E-01    1.48310E+00    1.98609E+00    1.88234E+00
    1.28877E+02    1.65948E+03    2.63188E+01    2.94508E+02    1.16237E-01   -3.12891E-01    1.35410E-01    1.53184E+00    2.08156E+00    1.98609E+00
    1.30643E+02    1.67845E+03    1.89685E+01    3.01386E+02    8.18235E-02   -2.79206E-01    6.21918E-02    1.43773E+00    1.93317E+00    1.65055E+00
    1.32426E+02    1.70367E+03    2.52219E+01    3.04877E+02    1.06271E-01   -3.03116E-01    1.19963E-01    1.51855E+00    2.06180E+00    1.93317E+00
    1.34227E+02    1.72216E+03    1.84857E+01    3.11963E+02    7.60825E-02   -2.69327E-01    5.95441E-02    1.43172E+00    1.91924E+00    1.64165E+00
    1.36047E+02    1.74585E+03    2.36854E+01    3.15560E+02    9.52273E-02   -2.85537E-01    1.17031E-01    1.50250E+00    2.02452E+00    1.91924E+00
    1.37884E+02    1.77436E+03    2.85191E+01    3.19193E+02    1.12013E-01   -3.07707E-01    1.31641E-01    1.55107E+00    2.11926E+00    2.02452E+00
    1.39740E+02    1.79447E+03    2.01098E+01    3.26567E+02    7.71636E-02   -2.71248E-01    5.98999E-02    1.44926E+00    1.95513E+00    1.66902E+00
    1.41614E+02    1.82013E+03    2.56537E+01    3.30309E+02    9.61719E-02   -2.87176E-01    1.17055E-01    1.52138E+00    2.06232E+00    1.95513E+00
    1.43507E+02    1.85098E+03    3.08492E+01    3.34090E+02    1.12993E-01   -3.09493E-01    1.31176E-01    1.57138E+00    2.16018E+00    2.06232E+00
    1.45419E+02    1.87318E+03    2.22003E+01    3.41763E+02    7.94510E-02   -2.75673E-01    5.87806E-02    1.47017E+00    1.99988E+00    1.69459E+00
    1.47350E+02    1.90251E+03    2.93343E+01    3.45658E+02    1.02581E-01   -2.98791E-01    1.15346E-01    1.55511E+00    2.13497E+00    1.99988E+00
    1.49301E+02    1.92405E+03    2.15402E+01    3.53564E+02    7.36047E-02   -2.65444E-01    5.60706E-02    1.46277E+00    1.98307E+00    1.68332E+00
    1.51270E+02    1.95152E+03    2.74628E+01    3.57577E+02    9.17039E-02   -2.81258E-01    1.12240E-01    1.53717E+00    2.09398E+00    1.98307E+00
    1.53260E+02    1.98441E+03    3.28913E+01    3.61629E+02    1.07331E-01   -3.02335E-01    1.26194E-01    1.58762E+00    2.19214E+00    2.09398E+00
    1.55270E+02    2.00762E+03    2.32088E+01    3.69857E+02    7.40149E-02   -2.66179E-01    5.62452E-02    1.47950E+00    2.01705E+00    1.70972E+00
    1.57299E+02    2.03702E+03    2.94098E+01    3.74032E+02    9.16638E-02   -2.81325E-01    1.11893E-01    1.55447E+00    2.12829E+00    2.01705E+00
    1.59349E+02    2.07207E+03    3.50477E+01    3.78249E+02    1.06763E-01   -3.01758E-01    1.25319E-01    1.60502E+00    2.22668E+00    2.12829E+00
    1.61419E+02    2.09673E+03    2.46546E+01    3.86811E+02    7.34060E-02   -2.65227E-01    5.53250E-02    1.49306E+00    2.04491E+00    1.72871E+00
    1.63511E+02    2.12787E+03    3.11457E+01    3.91156E+02    9.06403E-02   -2.80020E-01    1.10586E-01    1.56917E+00    2.15764E+00    2.04491E+00
    1.65623E+02    2.16484E+03    3.69709E+01    3.95544E+02    1.05169E-01   -2.99753E-01    1.23763E-01    1.61988E+00    2.25612E+00    2.15764E+00
    1.67756E+02    2.19061E+03    2.57665E+01    4.04453E+02    7.16478E-02   -2.62099E-01    5.43339E-02    1.50311E+00    2.06499E+00    1.74394E+00
    1.69910E+02    2.22273E+03    3.21204E+01    4.08975E+02    8.73103E-02   -2.74626E-01    1.09045E-01    1.57683E+00    2.17145E+00    2.06499E+00
    1.72086E+02    2.25944E+03    3.67105E+01    4.13542E+02    9.75500E-02   -2.87226E-01    1.22683E-01    1.61674E+00    2.24486E+00    2.17145E+00
    1.74284E+02    2.30162E+03    4.21795E+01    4.18154E+02    1.09574E-01   -3.05235E-01    1.28082E-01    1.65995E+00    2.33413E+00    2.24486E+00
    1.76504E+02    2.33085E+03    2.92341E+01    4.27517E+02    7.42465E-02   -2.67003E-01    5.43684E-02    1.53393E+00    2.12955E+00    1.78720E+00
    1.78746E+02    2.36762E+03    3.67689E+01    4.32269E+02    9.12985E-02   -2.81647E-01    1.09423E-01    1.61471E+00    2.24929E+00    2.12955E+00
    1.81010E+02    2.41115E+03    4.35228E+01    4.37069E+02    1.05660E-01   -3.01209E-01    1.22203E-01    1.66857E+00    2.35402E+00    2.24929E+00
    1.83297E+02    2.44181E+03    3.06662E+01    4.46813E+02    7.27915E-02   -2.64599E-01    5.27171E-02    1.54559E+00    2.15374E+00    1.80114E+00
    1.85607E+02    2.48038E+03    3.85627E+01    4.51758E+02    8.95009E-02   -2.79246E-01    1.07343E-01    1.62818E+00    2.27641E+00    2.15374E+00
    1.87940E+02    2.52594E+03    4.55639E+01    4.56752E+02    1.03403E-01   -2.98307E-01    1.20069E-01    1.68267E+00    2.38208E+00    2.27641E+00
    1.90296E+02    2.55780E+03    3.18602E+01    4.66892E+02    7.07018E-02   -2.60841E-01    5.16119E-02    1.55529E+00    2.17297E+00    1.81564E+00
    1.92676E+02    2.59734E+03    3.95371E+01    4.72037E+02    8.57961E-02   -2.73217E-01    1.05586E-01    1.63502E+00    2.28848E+00    2.17297E+00
    1.95080E+02    2.64232E+03    4.49817E+01    4.77235E+02    9.54537E-02   -2.85229E-01    1.18735E-01    1.67749E+00    2.36650E+00    2.28848E+00
    1.97508E+02    2.69368E+03    5.13653E+01    4.82484E+02    1.06594E-01   -3.02091E-01    1.23835E-01    1.72289E+00    2.45993E+00    2.36650E+00
    1.99959E+02    2.72902E+03    3.53319E+01    4.93140E+02    7.17053E-02   -2.62763E-01    5.15859E-02    1.58322E+00    2.23072E+00    1.85672E+00
    2.02436E+02    2.77269E+03    4.36778E+01    4.98549E+02    8.66918E-02   -2.74859E-01    1.05567E-01    1.66543E+00    2.34951E+00    2.23072E+00
    2.04937E+02    2.82224E+03    4.95451E+01    5.04011E+02    9.61752E-02   -2.86608E-01    1.18454E-01    1.70887E+00    2.42933E+00    2.34951E+00
    2.07464E+02    2.87867E+03    5.64363E+01    5.09528E+02    1.07147E-01   -3.03199E-01    1.23359E-01    1.75549E+00    2.52527E+00    2.42933E+00
    2.10015E+02    2.91751E+03    3.88310E+01    5.20728E+02    7.21056E-02   -2.63642E-01    5.09763E-02    1.60973E+00    2.28578E+00    1.89378E+00
    2.12592E+02    2.96544E+03    4.79309E+01    5.26412E+02    8.70537E-02   -2.75748E-01    1.04960E-01    1.69507E+00    2.40923E+00    2.28578E+00
    2.15195E+02    3.01974E+03    5.42987E+01    5.32154E+02    9.64618E-02   -2.87402E-01    1.17737E-01    1.73999E+00    2.49177E+00    2.40923E+00
    2.17824E+02    3.08150E+03    6.17609E+01    5.37952E+02    1.07321E-01   -3.03808E-01    1.22564E-01    1.78813E+00    2.59077E+00    2.49177E+00
    2.20479E+02    3.12403E+03    4.25329E+01    5.49723E+02    7.22958E-02   -2.64134E-01    5.02898E-02    1.63650E+00    2.34130E+00    1.93102E+00
    2.23161E+02    3.17644E+03    5.24125E+01    5.55698E+02    8.71467E-02   -2.76200E-01    1.04211E-01    1.72489E+00    2.46926E+00    2.34130E+00
    2.25869E+02    3.23571E+03    5.92697E+01    5.61731E+02    9.64025E-02   -2.87653E-01    1.16869E-01    1.77107E+00    2.55406E+00    2.46926E+00
    2.28605E+02    3.30296E+03    6.72496E+01    5.67826E+02    1.07003E-01   -3.03668E-01    1.21609E-01    1.82029E+00    2.65513E+00    2.55406E+00
    2.31368E+02    3.34909E+03    4.61286E+01    5.80198E+02    7.18022E-02   -2.63331E-01    4.95879E-02    1.66140E+00    2.39260E+00    1.96663E+00
    2.34158E+02    3.40557E+03    5.64757E+01    5.86476E+02    8.60003E-02   -2.74478E-01    1.03257E-01    1.75068E+00    2.52044E+00    2.39260E+00
    2.36977E+02    3.46860E+03    6.30389E+01    5.92818E+02    9.39138E-02   -2.83735E-01    1.15794E-01    1.79338E+00    2.59707E+00    2.52044E+00
    2.39824E+02    3.53759E+03    6.89867E+01    5.99223E+02    1.00549E-01   -2.93070E-01    1.21075E-01    1.82925E+00    2.66767E+00    2.59707E+00
    2.42699E+02    3.61482E+03    7.72267E+01    6.05692E+02    1.10125E-01   -3.07983E-01    1.23575E-01    1.87616E+00    2.76607E+00    2.66767E+00
    2.45603E+02    3.66743E+03    5.26154E+01    6.18825E+02    7.34080E-02   -2.66367E-01    4.95616E-02    1.70422E+00    2.48158E+00    2.02805E+00
    2.48536E+02    3.73169E+03    6.42563E+01    6.25491E+02    8.77139E-02   -2.77465E-01    1.03572E-01    1.79808E+00    2.61592E+00    2.48158E+00
    2.51498E+02    3.80328E+03    7.15879E+01    6.32222E+02    9.56149E-02   -2.86630E-01    1.16009E-01    1.84270E+00    2.69600E+00    2.61592E+00
    2.54490E+02    3.88150E+03    7.82274E+01    6.39021E+02    1.02232E-01   -2.95882E-01    1.21187E-01    1.88019E+00    2.76984E+00    2.69600E+00
    2.57512E+02    3.96895E+03    8.74467E+01    6.45889E+02    1.11821E-01   -3.10711E-01    1.23611E-01    1.92939E+00    2.87298E+00    2.76984E+00
    2.60564E+02    4.02862E+03    5.96701E+01    6.59830E+02    7.46619E-02   -2.68775E-01    4.92118E-02    1.74773E+00    2.57212E+00    2.08905E+00
    2.63646E+02    4.10141E+03    7.27909E+01    6.66905E+02    8.91231E-02   -2.80006E-01    1.03537E-01    1.84683E+00    2.71425E+00    2.57212E+00
    2.66759E+02    4.18244E+03    8.10297E+01    6.74051E+02    9.70818E-02   -2.89198E-01    1.15957E-01    1.89383E+00    2.79870E+00    2.71425E+00
    2.69904E+02    4.27092E+03    8.84780E+01    6.81268E+02    1.03733E-01   -2.98441E-01    1.21103E-01    1.93330E+00    2.87642E+00    2.79870E+00
    2.73080E+02    4.36973E+03    9.88088E+01    6.88558E+02    1.13364E-01   -3.13228E-01    1.23502E-01    1.98505E+00    2.98480E+00    2.87642E+00
    2.76288E+02    4.43727E+03    6.75438E+01    7.03356E+02    7.58357E-02   -2.71020E-01    4.88272E-02    1.79337E+00    2.66705E+00    2.15286E+00
    2.79527E+02    4.51957E+03    8.22968E+01    7.10867E+02    9.04245E-02   -2.82357E-01    1.03436E-01    1.89789E+00    2.81721E+00    2.66705E+00
    2.82800E+02    4.61108E+03    9.15138E+01    7.18452E+02    9.84044E-02   -2.91525E-01    1.15834E-01    1.94725E+00    2.90592E+00    2.81721E+00
    2.86105E+02    4.71089E+03    9.98055E+01    7.26114E+02    1.05030E-01   -3.00673E-01    1.20939E-01    1.98853E+00    2.98717E+00    2.90592E+00
    2.89443E+02    4.82215E+03    1.11266E+02    7.33852E+02    1.14594E-01   -3.15264E-01    1.23300E-01    2.04251E+00    3.10009E+00    2.98717E+00
    2.92814E+02    4.89812E+03    7.59617E+01    7.49561E+02    7.65677E-02   -2.72438E-01    4.84261E-02    1.83936E+00    2.76241E+00    2.21783E+00
    2.96219E+02    4.99032E+03    9.22046E+01    7.57533E+02    9.09621E-02   -2.83403E-01    1.03175E-01    1.94799E+00    2.91779E+00    2.76241E+00
    2.99658E+02    5.09223E+03    1.01906E+02    7.65586E+02    9.83946E-02   -2.91647E-01    1.15485E-01    1.99708E+00    3.00507E+00    2.91779E+00
    3.03131E+02    5.20200E+03    1.09777E+02    7.73718E+02    1.03743E-01   -2.98675E-01    1.20567E-01    2.03424E+00    3.07685E+00    3.00507E+00
    3.06640E+02    5.32023E+03    1.18223E+02    7.81933E+02    1.09353E-01   -3.06757E-01    1.23504E-01    2.07241E+00    3.15394E+00    3.07685E+00
    3.10183E+02    5.45116E+03    1.30929E+02    7.90229E+02    1.18537E-01   -3.20804E-01    1.24987E-01    2.12728E+00    3.26965E+00    3.15394E+00
    3.13762E+02    5.54029E+03    8.91371E+01    8.07071E+02    7.89901E-02   -2.76830E-01    4.85308E-02    1.90656E+00    2.90220E+00    2.31321E+00
    3.17376E+02    5.64827E+03    1.07982E+02    8.15619E+02    9.36631E-02   -2.87859E-01    1.03925E-01    2.02268E+00    3.06833E+00    2.90220E+00
    3.21027E+02    5.76743E+03    1.19153E+02    8.24252E+02    1.01166E-01   -2.96067E-01    1.16234E-01    2.07480E+00    3.16102E+00    3.06833E+00
    3.24714E+02    5.89561E+03    1.28182E+02    8.32971E+02    1.06531E-01   -3.03028E-01    1.21262E-01    2.11415E+00    3.23703E+00    3.16102E+00
    3.28438E+02    6.03347E+03    1.37857E+02    8.41778E+02    1.12151E-01   -3.11029E-01    1.24146E-01    2.15455E+00    3.31861E+00    3.23703E+00
    3.32200E+02    6.18588E+03    1.52416E+02    8.50672E+02    1.21377E-01   -3.24973E-01    1.25578E-01    2.21268E+00    3.44108E+00    3.31861E+00
    3.35998E+02    6.28961E+03    1.03732E+02    8.68730E+02    8.08649E-02   -2.80215E-01    4.84183E-02    1.97534E+00    3.04515E+00    2.41032E+00
    3.39835E+02    6.41494E+03    1.25329E+02    8.77894E+02    9.56417E-02   -2.91135E-01    1.04316E-01    2.09864E+00    3.22126E+00    3.04515E+00
    3.43711E+02    6.55274E+03    1.37798E+02    8.87150E+02    1.02942E-01   -2.98904E-01    1.16612E-01    2.15260E+00    3.31669E+00    3.22126E+00
    3.47625E+02    6.70011E+03    1.47369E+02    8.96498E+02    1.07775E-01   -3.04947E-01    1.21582E-01    2.19135E+00    3.39086E+00    3.31669E+00
    3.51578E+02    6.85672E+03    1.56606E+02    9.05940E+02    1.12121E-01   -3.10853E-01    1.24465E-01    2.22731E+00    3.46228E+00    3.39086E+00
    3.55570E+02    7.02411E+03    1.67399E+02    9.15476E+02    1.17329E-01   -3.18322E-01    1.26492E-01    2.26795E+00    3.54524E+00    3.46228E+00
    3.59603E+02    7.20848E+03    1.84365E+02    9.25108E+02    1.26506E-01   -3.32037E-01    1.27506E-01    2.32931E+00    3.67495E+00    3.54524E+00
    3.63676E+02    7.33387E+03    1.25388E+02    9.44661E+02    8.42318E-02   -2.86112E-01    4.87028E-02    2.06901E+00    3.24012E+00    2.54279E+00
    3.67790E+02    7.48512E+03    1.51256E+02    9.54585E+02    9.94782E-02   -2.97214E-01    1.05555E-01    2.20302E+00    3.43175E+00    3.24012E+00
    3.71944E+02    7.65123E+03    1.66106E+02    9.64607E+02    1.06955E-01   -3.05033E-01    1.17939E-01    2.26138E+00    3.53504E+00    3.43175E+00
    3.76141E+02    7.82870E+03    1.77470E+02    9.74730E+02    1.11878E-01   -3.11084E-01    1.22903E-01    2.30321E+00    3.61513E+00    3.53504E+00
    3.80379E+02    8.01712E+03    1.88422E+02    9.84955E+02    1.16297E-01   -3.16985E-01    1.25765E-01    2.34201E+00    3.69218E+00    3.61513E+00
    3.84660E+02    8.21833E+03    2.01211E+02    9.95281E+02    1.21592E-01   -3.24449E-01    1.27768E-01    2.38585E+00    3.78163E+00    3.69218E+00
    3.88983E+02    8.43965E+03    2.21315E+02    1.00571E+03    1.30945E-01   -3.38182E-01    1.28755E-01    2.45205E+00    3.92146E+00    3.78163E+00
    3.93350E+02    8.59026E+03    1.50614E+02    1.02688E+03    8.72517E-02   -2.91319E-01    4.88356E-02    2.16838E+00    3.44682E+00    2.68281E+00
    3.97761E+02    8.77159E+03    1.81330E+02    1.03763E+03    1.02852E-01   -3.02494E-01    1.06534E-01    2.31337E+00    3.65413E+00    3.44682E+00
    4.02215E+02    8.97026E+03    1.98669E+02    1.04848E+03    1.10335E-01   -3.10124E-01    1.18988E-01    2.37551E+00    3.76384E+00    3.65413E+00
    4.06714E+02    9.18181E+03    2.11554E+02    1.05944E+03    1.15041E-01   -3.15727E-01    1.23927E-01    2.41883E+00    3.84637E+00    3.76384E+00
    4.11258E+02    9.40516E+03    2.23344E+02    1.07052E+03    1.18922E-01   -3.20715E-01    1.26744E-01    2.45704E+00    3.92163E+00    3.84637E+00
    4.15848E+02    9.64090E+03    2.35744E+02    1.08170E+03    1.22909E-01   -3.26082E-01    1.28763E-01    2.49605E+00    4.00005E+00    3.92163E+00
    4.20483E+02    9.89178E+03    2.50877E+02    1.09299E+03    1.28077E-01   -3.33290E-01    1.30362E-01    2.54233E+00    4.09495E+00    4.00005E+00
    4.25165E+02    1.01670E+04    2.75244E+02    1.10440E+03    1.37594E-01   -3.46988E-01    1.31123E-01    2.61406E+00    4.24665E+00    4.09495E+00
    4.29893E+02    1.03544E+04    1.87384E+02    1.12756E+03    9.17250E-02   -2.98819E-01    4.93187E-02    2.29926E+00    3.71927E+00    2.86746E+00
    4.34669E+02    1.05797E+04    2.25289E+02    1.13931E+03    1.07988E-01   -3.10263E-01    1.08282E-01    2.45929E+00    3.94843E+00    3.71927E+00
    4.39493E+02    1.08263E+04    2.46575E+02    1.15118E+03    1.15737E-01   -3.17994E-01    1.20898E-01    2.52758E+00    4.06909E+00    3.94843E+00
    4.44365E+02    1.10886E+04    2.62342E+02    1.16317E+03    1.20581E-01   -3.23635E-01    1.25863E-01    2.57509E+00    4.15964E+00    4.06909E+00
    4.49285E+02    1.13654E+04    2.76742E+02    1.17528E+03    1.24561E-01   -3.28638E-01    1.28680E-01    2.61694E+00    4.24206E+00    4.15964E+00
    4.54255E+02    1.16572E+04    2.91860E+02    1.18751E+03    1.28642E-01   -3.34011E-01    1.30688E-01    2.65962E+00    4.32783E+00    4.24206E+00
    4.59274E+02    1.19675E+04    3.10292E+02    1.19986E+03    1.33932E-01   -3.41228E-01    1.32271E-01    2.71021E+00    4.43151E+00    4.32783E+00
    4.64344E+02    1.23075E+04    3.39967E+02    1.21233E+03    1.43702E-01   -3.54981E-01    1.33005E-01    2.78864E+00    4.59722E+00    4.43151E+00
    4.69464E+02    1.25390E+04    2.31535E+02    1.23766E+03    9.58424E-02   -3.05573E-01    4.96756E-02    2.44042E+00    4.01285E+00    3.06635E+00
    4.74636E+02    1.28168E+04    2.77790E+02    1.25051E+03    1.12610E-01   -3.17114E-01    1.09769E-01    2.61590E+00    4.26404E+00    4.01285E+00
    4.79859E+02    1.31201E+04    3.03299E+02    1.26350E+03    1.20409E-01   -3.24659E-01    1.22498E-01    2.68951E+00    4.39373E+00    4.26404E+00
    4.85135E+02    1.34417E+04    3.21650E+02    1.27661E+03    1.25055E-01   -3.29871E-01    1.27439E-01    2.73932E+00    4.48821E+00    4.39373E+00
    4.90463E+02    1.37794E+04    3.37656E+02    1.28985E+03    1.28566E-01   -3.34094E-01    1.30183E-01    2.78127E+00    4.57027E+00    4.48821E+00
    4.95845E+02    1.41326E+04    3.53179E+02    1.30323E+03    1.31700E-01   -3.38009E-01    1.32098E-01    2.82089E+00    4.64895E+00    4.57027E+00
    5.01280E+02    1.45020E+04    3.69378E+02    1.31673E+03    1.34898E-01   -3.42104E-01    1.33654E-01    2.86128E+00    4.72998E+00    4.64895E+00
    5.06770E+02    1.48896E+04    3.87611E+02    1.33038E+03    1.38637E-01   -3.46989E-01    1.35040E-01    2.90571E+00    4.82006E+00    4.72998E+00
    5.12314E+02    1.53003E+04    4.10731E+02    1.34416E+03    1.43878E-01   -3.53987E-01    1.36277E-01    2.96066E+00    4.93314E+00    4.82006E+00
    5.17914E+02    1.57492E+04    4.48851E+02    1.35808E+03    1.53991E-01   -3.67804E-01    1.36792E-01    3.04806E+00    5.11802E+00    4.93314E+00
    5.23570E+02    1.60549E+04    3.05746E+02    1.38633E+03    1.02735E-01   -3.16494E-01    5.06595E-02    2.64987E+00    4.44888E+00    3.36203E+00
    5.29283E+02    1.64212E+04    3.66312E+02    1.40067E+03    1.20552E-01   -3.28419E-01    1.12660E-01    2.84930E+00    4.73477E+00    4.44888E+00
    5.35053E+02    1.68207E+04    3.99534E+02    1.41516E+03    1.28779E-01   -3.36133E-01    1.25673E-01    2.93258E+00    4.88163E+00    4.73477E+00
    5.40880E+02    1.72441E+04    4.23365E+02    1.42979E+03    1.33654E-01   -3.41431E-01    1.30685E-01    2.98884E+00    4.98841E+00    4.88163E+00
    5.46766E+02    1.76882E+04    4.44126E+02    1.44456E+03    1.37325E-01   -3.45711E-01    1.33451E-01    3.03621E+00    5.08109E+00    4.98841E+00
    5.52710E+02    1.81525E+04    4.64249E+02    1.45948E+03    1.40597E-01   -3.49672E-01    1.35376E-01    3.08095E+00    5.16994E+00    5.08109E+00
    5.58714E+02    1.86377E+04    4.85238E+02    1.47456E+03    1.43935E-01   -3.53814E-01    1.36934E-01    3.12654E+00    5.26141E+00    5.16994E+00
    5.64779E+02    1.91466E+04    5.08851E+02    1.48978E+03    1.47841E-01   -3.58759E-01    1.38320E-01    3.17669E+00    5.36305E+00    5.26141E+00
    5.70903E+02    1.96854E+04    5.38782E+02    1.50515E+03    1.53324E-01   -3.65854E-01    1.39554E-01    3.23869E+00    5.49058E+00    5.36305E+00
    5.77089E+02    2.02735E+04    5.88140E+02    1.52068E+03    1.63937E-01   -3.79898E-01    1.40051E-01    3.33734E+00    5.69905E+00    5.49058E+00
    5.83337E+02    2.06746E+04    4.01102E+02    1.55221E+03    1.09510E-01   -3.26891E-01    5.14989E-02    2.88446E+00    4.93697E+00    3.69216E+00
    5.89647E+02    2.11544E+04    4.79825E+02    1.56820E+03    1.28318E-01   -3.39147E-01    1.15313E-01    3.11034E+00    5.26110E+00    4.93697E+00
    5.96021E+02    2.16770E+04    5.22557E+02    1.58436E+03    1.36882E-01   -3.46910E-01    1.28591E-01    3.20378E+00    5.42577E+00    5.26110E+00
    6.02458E+02    2.22298E+04    5.52775E+02    1.60068E+03    1.41832E-01   -3.52092E-01    1.33653E-01    3.26608E+00    5.54381E+00    5.42577E+00
    6.08959E+02    2.28084E+04    5.78596E+02    1.61717E+03    1.45418E-01   -3.56106E-01    1.36406E-01    3.31759E+00    5.64433E+00    5.54381E+00
    6.15526E+02    2.34113E+04    6.02929E+02    1.63382E+03    1.48433E-01   -3.59599E-01    1.38282E-01    3.36493E+00    5.73798E+00    5.64433E+00
    6.22158E+02    2.40385E+04    6.27192E+02    1.65063E+03    1.51248E-01   -3.62924E-01    1.39763E-01    3.41112E+00    5.83007E+00    5.73798E+00
    6.28856E+02    2.46909E+04    6.52407E+02    1.66761E+03    1.54112E-01   -3.66352E-01    1.41059E-01    3.45816E+00    5.92437E+00    5.83007E+00
    6.35622E+02    2.53706E+04    6.79739E+02    1.68477E+03    1.57286E-01   -3.70195E-01    1.42272E-01    3.50814E+00    6.02515E+00    5.92437E+00
    6.42455E+02    2.60818E+04    7.11196E+02    1.70209E+03    1.61202E-01   -3.74998E-01    1.43453E-01    3.56449E+00    6.13965E+00    6.02515E+00
    6.49357E+02    2.68335E+04    7.51657E+02    1.71959E+03    1.66894E-01   -3.82096E-01    1.44556E-01    3.63528E+00    6.28542E+00    6.13965E+00
    6.56327E+02    2.76525E+04    8.19064E+02    1.73726E+03    1.78148E-01   -3.96406E-01    1.44949E-01    3.74913E+00    6.52601E+00    6.28542E+00
    6.63367E+02    2.82115E+04    5.58946E+02    1.77314E+03    1.19090E-01   -3.41018E-01    5.28888E-02    3.21770E+00    5.63048E+00    4.16174E+00
    6.70478E+02    2.88791E+04    6.67649E+02    1.79135E+03    1.39349E-01   -3.53747E-01    1.19213E-01    3.48131E+00    6.00917E+00    5.63048E+00
    6.77659E+02    2.96053E+04    7.26163E+02    1.80974E+03    1.48471E-01   -3.61680E-01    1.32886E-01    3.58955E+00    6.19994E+00    6.00917E+00
    6.84913E+02    3.03725E+04    7.67180E+02    1.82831E+03    1.53659E-01   -3.66881E-01    1.38048E-01    3.66117E+00    6.33559E+00    6.19994E+00
    6.92239E+02    3.11744E+04    8.01892E+02    1.84707E+03    1.57339E-01   -3.70820E-01    1.40824E-01    3.71989E+00    6.45005E+00    6.33559E+00
    6.99638E+02    3.20086E+04    8.34204E+02    1.86602E+03    1.60344E-01   -3.74145E-01    1.42687E-01    3.77324E+00    6.55542E+00    6.45005E+00
    7.07112E+02    3.28744E+04    8.65868E+02    1.88516E+03    1.63041E-01   -3.77182E-01    1.44134E-01    3.82443E+00    6.65725E+00    6.55542E+00
    7.14660E+02    3.37723E+04    8.97906E+02    1.90449E+03    1.65631E-01   -3.80129E-01    1.45372E-01    3.87524E+00    6.75875E+00    6.65725E+00
    7.22283E+02    3.47035E+04    9.31136E+02    1.92401E+03    1.68266E-01   -3.83146E-01    1.46507E-01    3.92698E+00    6.86243E+00    6.75875E+00
    7.29983E+02    3.56700E+04    9.66480E+02    1.94373E+03    1.71099E-01   -3.86411E-01    1.47600E-01    3.98101E+00    6.97108E+00    6.86243E+00
    7.37760E+02    3.66753E+04    1.00535E+03    1.96364E+03    1.74361E-01   -3.90194E-01    1.48691E-01    4.03933E+00    7.08887E+00    6.97108E+00
    7.45614E+02    3.77258E+04    1.05051E+03    1.98375E+03    1.78489E-01   -3.95032E-01    1.49798E-01    4.10576E+00    7.22398E+00    7.08887E+00
    7.53547E+02    3.88348E+04    1.10899E+03    2.00407E+03    1.84596E-01   -4.02292E-01    1.50854E-01    4.18981E+00    7.39710E+00    7.22398E+00
    7.61560E+02    4.00417E+04    1.20691E+03    2.02458E+03    1.96813E-01   -4.17078E-01    1.51192E-01    4.32571E+00    7.68412E+00    7.39710E+00
    7.69652E+02    4.08665E+04    8.24740E+02    2.06624E+03    1.31760E-01   -3.58834E-01    5.47570E-02    3.68526E+00    6.60357E+00    4.81997E+00
    7.77825E+02    4.18504E+04    9.83927E+02    2.08738E+03    1.54000E-01   -3.72226E-01    1.24290E-01    4.00219E+00    7.05969E+00    6.60357E+00
    7.86081E+02    4.29195E+04    1.06911E+03    2.10873E+03    1.63937E-01   -3.80463E-01    1.38509E-01    4.13171E+00    7.28812E+00    7.05969E+00
    7.94418E+02    4.40480E+04    1.12851E+03    2.13029E+03    1.69532E-01   -3.85801E-01    1.43839E-01    4.21706E+00    7.44976E+00    7.28812E+00
    8.02839E+02    4.52265E+04    1.17850E+03    2.15207E+03    1.73451E-01   -3.89789E-01    1.46681E-01    4.28670E+00    7.58548E+00    7.44976E+00
    8.11345E+02    4.64512E+04    1.22474E+03    2.17407E+03    1.76600E-01   -3.93099E-01    1.48572E-01    4.34962E+00    7.70968E+00    7.58548E+00
    8.19935E+02    4.77209E+04    1.26967E+03    2.19629E+03    1.79368E-01   -3.96057E-01    1.50023E-01    4.40953E+00    7.82873E+00    7.70968E+00
    8.28611E+02    4.90355E+04    1.31461E+03    2.21873E+03    1.81953E-01   -3.98844E-01    1.51249E-01    4.46835E+00    7.94604E+00    7.82873E+00
    8.37374E+02    5.03960E+04    1.36043E+03    2.24139E+03    1.84479E-01   -4.01581E-01    1.52354E-01    4.52726E+00    8.06383E+00    7.94604E+00
    8.46225E+02    5.18038E+04    1.40788E+03    2.26428E+03    1.87046E-01   -4.04370E-01    1.53397E-01    4.58721E+00    8.18396E+00    8.06383E+00
    8.55164E+02    5.32616E+04    1.45780E+03    2.28740E+03    1.89756E-01   -4.07322E-01    1.54418E-01    4.64921E+00    8.30844E+00    8.18396E+00
    8.64193E+02    5.47730E+04    1.51138E+03    2.31075E+03    1.92748E-01   -4.10591E-01    1.55445E-01    4.71460E+00    8.44009E+00    8.30844E+00
    8.73312E+02    5.63437E+04    1.57066E+03    2.33434E+03    1.96254E-01   -4.14441E-01    1.56501E-01    4.78566E+00    8.58369E+00    8.44009E+00
    8.82522E+02    5.79835E+04    1.63983E+03    2.35816E+03    2.00751E-01   -4.19423E-01    1.57592E-01    4.86696E+00    8.74907E+00    8.58369E+00
    8.91824E+02    5.97132E+04    1.72966E+03    2.38222E+03    2.07465E-01   -4.26963E-01    1.58643E-01    4.97015E+00    8.96157E+00    8.74907E+00
    9.01219E+02    6.15936E+04    1.88043E+03    2.40651E+03    2.20987E-01   -4.42404E-01    1.58954E-01    5.13739E+00    9.31451E+00    8.96157E+00
    9.10708E+02    6.28807E+04    1.28710E+03    2.45584E+03    1.48201E-01   -3.80703E-01    5.71483E-02    4.34411E+00    7.97461E+00    5.74664E+00
    9.20292E+02    6.44145E+04    1.53376E+03    2.48088E+03    1.73034E-01   -3.94923E-01    1.30649E-01    4.73615E+00    8.53992E+00    7.97461E+00
    9.29972E+02    6.60795E+04    1.66505E+03    2.50616E+03    1.84049E-01   -4.03560E-01    1.45564E-01    4.89568E+00    8.82151E+00    8.53992E+00
    9.39749E+02    6.78356E+04    1.75612E+03    2.53170E+03    1.90195E-01   -4.09095E-01    1.51117E-01    5.00041E+00    9.01987E+00    8.82151E+00
    9.49623E+02    6.96680E+04    1.83240E+03    2.55750E+03    1.94448E-01   -4.13176E-01    1.54056E-01    5.08550E+00    9.18566E+00    9.01987E+00
    9.59596E+02    7.15706E+04    1.90254E+03    2.58355E+03    1.97815E-01   -4.16511E-01    1.55993E-01    5.16199E+00    9.33658E+00    9.18566E+00
    9.69669E+02    7.35408E+04    1.97024E+03    2.60986E+03    2.00718E-01   -4.19433E-01    1.57463E-01    5.23437E+00    9.48028E+00    9.33658E+00
    9.79843E+02    7.55782E+04    2.03734E+03    2.63644E+03    2.03365E-01   -4.22118E-01    1.58688E-01    5.30482E+00    9.62064E+00    9.48028E+00
    9.90118E+02    7.76831E+04    2.10492E+03    2.66328E+03    2.05872E-01   -4.24670E-01    1.59773E-01    5.37458E+00    9.75991E+00    9.62064E+00
    1.00050E+03    7.98568E+04    2.17373E+03    2.69039E+03    2.08313E-01   -4.27158E-01    1.60778E-01    5.44443E+00    9.89956E+00    9.75991E+00
    1.01098E+03    8.21011E+04    2.24435E+03    2.71777E+03    2.10744E-01   -4.29634E-01    1.61735E-01    5.51497E+00    1.00407E+01    9.89956E+00
    1.02156E+03    8.44185E+04    2.31734E+03    2.74542E+03    2.13211E-01   -4.32145E-01    1.62670E-01    5.58671E+00    1.01845E+01    1.00407E+01
    1.03226E+03    8.68118E+04    2.39333E+03    2.77335E+03    2.15763E-01   -4.34740E-01    1.63598E-01    5.66020E+00    1.03318E+01    1.01845E+01
    1.04306E+03    8.92849E+04    2.47311E+03    2.80157E+03    2.18463E-01   -4.37482E-01    1.64536E-01    5.73612E+00    1.04842E+01    1.03318E+01
    1.05396E+03    9.18428E+04    2.55783E+03    2.83006E+03    2.21394E-01   -4.40459E-01    1.65498E-01    5.81543E+00    1.06436E+01    1.04842E+01
    1.06498E+03    9.44921E+04    2.64935E+03    2.85884E+03    2.24697E-01   -4.43819E-01    1.66498E-01    5.89968E+00    1.08134E+01    1.06436E+01
    1.07611E+03    9.72432E+04    2.75108E+03    2.88790E+03    2.28626E-01   -4.47831E-01    1.67550E-01    5.99169E+00    1.09994E+01    1.08134E+01
    1.08735E+03    1.00113E+05    2.87018E+03    2.91726E+03    2.33721E-01   -4.53075E-01    1.68656E-01    6.09734E+00    1.12143E+01    1.09994E+01
    1.09870E+03    1.03139E+05    3.02526E+03    2.94691E+03    2.41391E-01   -4.61067E-01    1.69729E-01    6.23178E+00    1.14911E+01    1.12143E+01
    1.11016E+03    1.06425E+05    3.28600E+03    2.97685E+03    2.56918E-01   -4.77505E-01    1.70022E-01    6.45003E+00    1.19513E+01    1.14911E+01
    1.12174E+03    1.08678E+05    2.25354E+03    3.03765E+03    1.72650E-01   -4.11056E-01    6.06828E-02    5.41031E+00    1.01934E+01    7.24569E+00
    1.13343E+03    1.11361E+05    2.68276E+03    3.06850E+03    2.01399E-01   -4.26460E-01    1.39752E-01    5.92428E+00    1.09362E+01    1.01934E+01
    1.14524E+03    1.14271E+05    2.91037E+03    3.09966E+03    2.14092E-01   -4.35723E-01    1.55683E-01    6.13291E+00    1.13049E+01    1.09362E+01
    1.15717E+03    1.17339E+05    3.06786E+03    3.13113E+03    2.21139E-01   -4.41622E-01    1.61584E-01    6.26967E+00    1.15641E+01    1.13049E+01
    1.16922E+03    1.20539E+05    3.19949E+03    3.16292E+03    2.25990E-01   -4.45944E-01    1.64694E-01    6.38065E+00    1.17804E+01    1.15641E+01
    1.18139E+03    1.23859E+05    3.32027E+03    3.19503E+03    2.29808E-01   -4.49453E-01    1.66733E-01    6.48025E+00    1.19769E+01    1.17804E+01
    1.19368E+03    1.27295E+05    3.43654E+03    3.22746E+03    2.33075E-01   -4.52503E-01    1.68274E-01    6.57429E+00    1.21636E+01    1.19769E+01
    1.20610E+03    1.30847E+05    3.55142E+03    3.26021E+03    2.36027E-01   -4.55280E-01    1.69549E-01    6.66559E+00    1.23454E+01    1.21636E+01
    1.21863E+03    1.34514E+05    3.66667E+03    3.29329E+03    2.38792E-01   -4.57890E-01    1.70672E-01    6.75566E+00    1.25252E+01    1.23454E+01
    1.23130E+03    1.38297E+05    3.78343E+03    3.32670E+03    2.41447E-01   -4.60397E-01    1.71703E-01    6.84543E+00    1.27046E+01    1.25252E+01
    1.24409E+03    1.42199E+05    3.90247E+03    3.36044E+03    2.44044E-01   -4.62847E-01    1.72675E-01    6.93553E+00    1.28847E+01    1.27046E+01
    1.25700E+03    1.46224E+05    4.02444E+03    3.39452E+03    2.46619E-01   -4.65272E-01    1.73612E-01    7.02641E+00    1.30666E+01    1.28847E+01
    1.27005E+03    1.50374E+05    4.14989E+03    3.42894E+03    2.49202E-01   -4.67698E-01    1.74528E-01    7.11845E+00    1.32509E+01    1.30666E+01
    1.28323E+03    1.54653E+05    4.27938E+03    3.46371E+03    2.51821E-01   -4.70152E-01    1.75435E-01    7.21200E+00    1.34382E+01    1.32509E+01
    1.29654E+03    1.59067E+05    4.41354E+03    3.49882E+03    2.54504E-01   -4.72660E-01    1.76343E-01    7.30743E+00    1.36295E+01    1.34382E+01
    1.30998E+03    1.63620E+05    4.55309E+03    3.53429E+03    2.57284E-01   -4.75251E-01    1.77259E-01    7.40519E+00    1.38254E+01    1.36295E+01
    1.32356E+03    1.68319E+05    4.69903E+03    3.57011E+03    2.60205E-01   -4.77968E-01    1.78192E-01    7.50583E+00    1.40273E+01    1.38254E+01
    1.33727E+03    1.73172E+05    4.85275E+03    3.60629E+03    2.63329E-01   -4.80867E-01    1.79152E-01    7.61017E+00    1.42369E+01    1.40273E+01
    1.35112E+03    1.78188E+05    5.01636E+03    3.64283E+03    2.66749E-01   -4.84041E-01    1.80148E-01    7.71944E+00    1.44566E+01    1.42369E+01
    1.36511E+03    1.83381E+05    5.19340E+03    3.67973E+03    2.70627E-01   -4.87643E-01    1.81195E-01    7.83573E+00    1.46909E+01    1.44566E+01
    1.37923E+03    1.88772E+05    5.39040E+03    3.71701E+03    2.75263E-01   -4.91963E-01    1.82305E-01    7.96287E+00    1.49479E+01    1.46909E+01
    1.39350E+03    1.94393E+05    5.62120E+03    3.75465E+03    2.81296E-01   -4.97627E-01    1.83476E-01    8.10898E+00    1.52451E+01    1.49479E+01
    1.40792E+03    2.00315E+05    5.92184E+03    3.79268E+03    2.90404E-01   -5.06282E-01    1.84614E-01    8.29494E+00    1.56278E+01    1.52451E+01
    1.42247E+03    2.06742E+05    6.42735E+03    3.83108E+03    3.08879E-01   -5.24106E-01    1.84911E-01    8.59681E+00    1.62637E+01    1.56278E+01
    1.43717E+03    2.11159E+05    4.41718E+03    3.90904E+03    2.08025E-01   -4.51366E-01    6.55216E-02    7.15536E+00    1.38242E+01    9.69679E+00
    1.45202E+03    2.16413E+05    5.25351E+03    3.94861E+03    2.42457E-01   -4.68343E-01    1.52025E-01    7.86853E+00    1.48574E+01    1.38242E+01
    1.46702E+03    2.22108E+05    5.69545E+03    3.98857E+03    2.57590E-01   -4.78452E-01    1.69332E-01    8.15736E+00    1.53685E+01    1.48574E+01
    1.48217E+03    2.28109E+05    6.00049E+03    4.02894E+03    2.65953E-01   -4.84848E-01    1.75713E-01    8.34643E+00    1.57270E+01    1.53685E+01
    1.49747E+03    2.34364E+05    6.25489E+03    4.06970E+03    2.71679E-01   -4.89506E-01    1.79060E-01    8.49966E+00    1.60257E+01    1.57270E+01
    1.51292E+03    2.40852E+05    6.48785E+03    4.11088E+03    2.76158E-01   -4.93263E-01    1.81246E-01    8.63696E+00    1.62966E+01    1.60257E+01
    1.52852E+03    2.47563E+05    6.71158E+03    4.15246E+03    2.79965E-01   -4.96505E-01    1.82887E-01    8.76636E+00    1.65534E+01    1.62966E+01
    1.54428E+03    2.54495E+05    6.93208E+03    4.19446E+03    2.83378E-01   -4.99433E-01    1.84239E-01    8.89171E+00    1.68030E+01    1.65534E+01
    1.56020E+03    2.61648E+05    7.15265E+03    4.23689E+03    2.86546E-01   -5.02160E-01    1.85421E-01    9.01505E+00    1.70491E+01    1.68030E+01
    1.57628E+03    2.69023E+05    7.37531E+03    4.27973E+03    2.89556E-01   -5.04753E-01    1.86497E-01    9.13762E+00    1.72939E+01    1.70491E+01
    1.59252E+03    2.76625E+05    7.60141E+03    4.32300E+03    2.92465E-01   -5.07255E-01    1.87504E-01    9.26016E+00    1.75388E+01    1.72939E+01
    1.60893E+03    2.84456E+05    7.83190E+03    4.36671E+03    2.95308E-01   -5.09695E-01    1.88464E-01    9.38320E+00    1.77849E+01    1.75388E+01
    1.62549E+03    2.92524E+05    8.06754E+03    4.41086E+03    2.98112E-01   -5.12096E-01    1.89393E-01    9.50711E+00    1.80328E+01    1.77849E+01
    1.64222E+03    3.00833E+05    8.30893E+03    4.45544E+03    3.00895E-01   -5.14471E-01    1.90300E-01    9.63218E+00    1.82830E+01    1.80328E+01
    1.65912E+03    3.09390E+05    8.55664E+03    4.50047E+03    3.03672E-01   -5.16834E-01    1.91193E-01    9.75862E+00    1.85361E+01    1.82830E+01
    1.67619E+03    3.18201E+05    8.81116E+03    4.54595E+03    3.06456E-01   -5.19194E-01    1.92077E-01    9.88665E+00    1.87924E+01    1.85361E+01
    1.69343E+03    3.27274E+05    9.07301E+03    4.59189E+03    3.09258E-01   -5.21561E-01    1.92956E-01    1.00164E+01    1.90523E+01    1.87924E+01
    1.71084E+03    3.36616E+05    9.34271E+03    4.63829E+03    3.12089E-01   -5.23944E-01    1.93835E-01    1.01482E+01    1.93160E+01    1.90523E+01
    1.72843E+03    3.46237E+05    9.62083E+03    4.68515E+03    3.14960E-01   -5.26352E-01    1.94716E-01    1.02820E+01    1.95841E+01    1.93160E+01
    1.74619E+03    3.56145E+05    9.90800E+03    4.73247E+03    3.17884E-01   -5.28794E-01    1.95603E-01    1.04182E+01    1.98570E+01    1.95841E+01
    1.76413E+03    3.66350E+05    1.02050E+04    4.78028E+03    3.20874E-01   -5.31284E-01    1.96498E-01    1.05570E+01    2.01350E+01    1.98570E+01
    1.78224E+03    3.76863E+05    1.05127E+04    4.82856E+03    3.23950E-01   -5.33836E-01    1.97405E-01    1.06987E+01    2.04190E+01    2.01350E+01
    1.80054E+03    3.87695E+05    1.08324E+04    4.87732E+03    3.27136E-01   -5.36471E-01    1.98329E-01    1.08437E+01    2.07096E+01    2.04190E+01
    1.81903E+03    3.98861E+05    1.11655E+04    4.92657E+03    3.30465E-01   -5.39217E-01    1.99273E-01    1.09926E+01    2.10082E+01    2.07096E+01
    1.83769E+03    4.10375E+05    1.15142E+04    4.97631E+03    3.33984E-01   -5.42113E-01    2.00245E-01    1.11461E+01    2.13161E+01    2.10082E+01
    1.85655E+03    4.22257E+05    1.18817E+04    5.02655E+03    3.37767E-01   -5.45220E-01    2.01251E-01    1.13054E+01    2.16360E+01    2.13161E+01
    1.87559E+03    4.34530E+05    1.22730E+04    5.07729E+03    3.41930E-01   -5.48638E-01    2.02303E-01    1.14723E+01    2.19716E+01    2.16360E+01
    1.89482E+03    4.47226E+05    1.26965E+04    5.12854E+03    3.46672E-01   -5.52535E-01    2.03412E-01    1.16500E+01    2.23297E+01    2.19716E+01
    1.91425E+03    4.60394E+05    1.31678E+04    5.18031E+03    3.52368E-01   -5.57235E-01    2.04592E-01    1.18444E+01    2.27226E+01    2.23297E+01
    1.93387E+03    4.74114E+05    1.37202E+04    5.23259E+03    3.59828E-01   -5.63434E-01    2.05839E-01    1.20679E+01    2.31771E+01    2.27226E+01
    1.95368E+03    4.88555E+05    1.44406E+04    5.28539E+03    3.71166E-01   -5.72973E-01    2.07047E-01    1.23527E+01    2.37630E+01    2.31771E+01
    1.97370E+03    5.04209E+05    1.56544E+04    5.33872E+03    3.94340E-01   -5.92756E-01    2.07318E-01    1.28160E+01    2.47383E+01    2.37630E+01
    1.99391E+03    5.14980E+05    1.07705E+04    5.44699E+03    2.65904E-01   -5.10477E-01    7.29197E-02    1.05817E+01    2.09517E+01    1.45094E+01
    2.01433E+03    5.27772E+05    1.27921E+04    5.50193E+03    3.09519E-01   -5.29614E-01    1.70375E-01    1.16829E+01    2.25493E+01    2.09517E+01
    2.03495E+03    5.41624E+05    1.38522E+04    5.55743E+03    3.28487E-01   -5.40834E-01    1.89699E-01    1.21259E+01    2.33335E+01    2.25493E+01
    2.05577E+03    5.56203E+05    1.45788E+04    5.61348E+03    3.38826E-01   -5.47826E-01    1.96756E-01    1.24143E+01    2.38803E+01    2.33335E+01
    2.07681E+03    5.71384E+05    1.51811E+04    5.67009E+03    3.45794E-01   -5.52836E-01    2.00414E-01    1.26468E+01    2.43334E+01    2.38803E+01
    2.09805E+03    5.87114E+05    1.57299E+04    5.72727E+03    3.51155E-01   -5.56812E-01    2.02769E-01    1.28543E+01    2.47426E+01    2.43334E+01
    2.11951E+03    6.03368E+05    1.62546E+04    5.78502E+03    3.55637E-01   -5.60189E-01    2.04511E-01    1.30491E+01    2.51292E+01    2.47426E+01
    2.14118E+03    6.20138E+05    1.67693E+04    5.84335E+03    3.59590E-01   -5.63192E-01    2.05924E-01    1.32371E+01    2.55033E+01    2.51292E+01
    2.16307E+03    6.37420E+05    1.72820E+04    5.90226E+03    3.63202E-01   -5.65946E-01    2.07141E-01    1.34214E+01    2.58709E+01    2.55033E+01
    2.18518E+03    6.55217E+05    1.77973E+04    5.96176E+03    3.66581E-01   -5.68525E-01    2.08232E-01    1.36039E+01    2.62351E+01    2.58709E+01
    2.20751E+03    6.73535E+05    1.83181E+04    6.02185E+03    3.69793E-01   -5.70975E-01    2.09238E-01    1.37855E+01    2.65981E+01    2.62351E+01
    2.23006E+03    6.92382E+05    1.88464E+04    6.08255E+03    3.72882E-01   -5.73328E-01    2.10184E-01    1.39672E+01    2.69612E+01    2.65981E+01
    2.25284E+03    7.11765E+05    1.93837E+04    6.14385E+03    3.75877E-01   -5.75604E-01    2.11085E-01    1.41494E+01    2.73254E+01    2.69612E+01
    2.27584E+03    7.31696E+05    1.99311E+04    6.20576E+03    3.78797E-01   -5.77818E-01    2.11951E-01    1.43323E+01    2.76913E+01    2.73254E+01
    2.29908E+03    7.52186E+05    2.04894E+04    6.26830E+03    3.81655E-01   -5.79979E-01    2.12790E-01    1.45163E+01    2.80594E+01    2.76913E+01
    2.32254E+03    7.73245E+05    2.10593E+04    6.33146E+03    3.84463E-01   -5.82096E-01    2.13606E-01    1.47016E+01    2.84300E+01    2.80594E+01
    2.34625E+03    7.94886E+05    2.16414E+04    6.39525E+03    3.87226E-01   -5.84172E-01    2.14404E-01    1.48882E+01    2.88034E+01    2.84300E+01
    2.37019E+03    8.17123E+05    2.22362E+04    6.45968E+03    3.89951E-01   -5.86213E-01    2.15186E-01    1.50764E+01    2.91798E+01    2.88034E+01
    2.39436E+03    8.39967E+05    2.28441E+04    6.52475E+03    3.92640E-01   -5.88221E-01    2.15953E-01    1.52660E+01    2.95593E+01    2.91798E+01
    2.41879E+03    8.63432E+05    2.34656E+04    6.59048E+03    3.95296E-01   -5.90198E-01    2.16707E-01    1.54573E+01    2.99420E+01    2.95593E+01
    2.44345E+03    8.87533E+05    2.41009E+04    6.65686E+03    3.97921E-01   -5.92146E-01    2.17449E-01    1.56503E+01    3.03281E+01    2.99420E+01
    2.46836E+03    9.12284E+05    2.47504E+04    6.72391E+03    4.00515E-01   -5.94065E-01    2.18180E-01    1.58449E+01    3.07176E+01    3.03281E+01
    2.49352E+03    9.37698E+05    2.54144E+04    6.79162E+03    4.03080E-01   -5.95955E-01    2.18900E-01    1.60413E+01    3.11104E+01    3.07176E+01
    2.51893E+03    9.63791E+05    2.60932E+04    6.86001E+03    4.05615E-01   -5.97818E-01    2.19609E-01    1.62394E+01    3.15068E+01    3.11104E+01
    2.54460E+03    9.90578E+05    2.67871E+04    6.92909E+03    4.08120E-01   -5.99654E-01    2.20308E-01    1.64392E+01    3.19066E+01    3.15068E+01
    2.57052E+03    1.01807E+06    2.74963E+04    6.99886E+03    4.10595E-01   -6.01461E-01    2.20997E-01    1.66408E+01    3.23100E+01    3.19066E+01
    2.59671E+03    1.04630E+06    2.82212E+04    7.06932E+03    4.13040E-01   -6.03241E-01    2.21676E-01    1.68441E+01    3.27169E+01    3.23100E+01
    2.62315E+03    1.07526E+06    2.89620E+04    7.14049E+03    4.15454E-01   -6.04993E-01    2.22344E-01    1.70493E+01    3.31273E+01    3.27169E+01
    2.64986E+03    1.10498E+06    2.97189E+04    7.21238E+03    4.17837E-01   -6.06718E-01    2.23003E-01    1.72561E+01    3.35412E+01    3.31273E+01
    2.67683E+03    1.13547E+06    3.04922E+04    7.28498E+03    4.20187E-01   -6.08414E-01    2.23651E-01    1.74648E+01    3.39587E+01    3.35412E+01
    2.70408E+03    1.16675E+06    3.12823E+04    7.35830E+03    4.22507E-01   -6.10083E-01    2.24288E-01    1.76753E+01    3.43798E+01    3.39587E+01
    2.73160E+03    1.19884E+06    3.20895E+04    7.43236E+03    4.24795E-01   -6.11726E-01    2.24915E-01    1.78875E+01    3.48046E+01    3.43798E+01
    2.75939E+03    1.23175E+06    3.29142E+04    7.50716E+03    4.27053E-01   -6.13342E-01    2.25532E-01    1.81017E+01    3.52330E+01    3.48046E+01
    2.78746E+03    1.26551E+06    3.37569E+04    7.58271E+03    4.29283E-01   -6.14934E-01    2.26139E-01    1.83177E+01    3.56653E+01    3.52330E+01
    2.81581E+03    1.30013E+06    3.46181E+04    7.65902E+03    4.31487E-01   -6.16505E-01    2.26736E-01    1.85357E+01    3.61015E+01    3.56653E+01
    2.84445E+03    1.33563E+06    3.54986E+04    7.73608E+03    4.33671E-01   -6.18057E-01    2.27324E-01    1.87558E+01    3.65419E+01    3.61015E+01
    2.87337E+03    1.37203E+06    3.63993E+04    7.81392E+03    4.35841E-01   -6.19598E-01    2.27903E-01    1.89781E+01    3.69869E+01    3.65419E+01
    2.90258E+03    1.40935E+06    3.73217E+04    7.89254E+03    4.38008E-01   -6.21134E-01    2.28474E-01    1.92030E+01    3.74369E+01    3.69869E+01
    2.93208E+03    1.44762E+06    3.82675E+04    7.97194E+03    4.40186E-01   -6.22677E-01    2.29040E-01    1.94306E+01    3.78927E+01    3.74369E+01
    2.96188E+03    1.48686E+06    3.92393E+04    8.05214E+03    4.42400E-01   -6.24245E-01    2.29603E-01    1.96617E+01    3.83553E+01    3.78927E+01
    2.99197E+03    1.52710E+06    4.02409E+04    8.13314E+03    4.44682E-01   -6.25864E-01    2.30166E-01    1.98968E+01    3.88263E+01    3.83553E+01
    3.02237E+03    1.56838E+06    4.12782E+04    8.21494E+03    4.47086E-01   -6.27573E-01    2.30734E-01    2.01373E+01    3.93083E+01    3.88263E+01
    3.05307E+03    1.61074E+06    4.23601E+04    8.29757E+03    4.49694E-01   -6.29435E-01    2.31314E-01    2.03849E+01    3.98050E+01    3.93083E+01
    3.08408E+03    1.65424E+06    4.35017E+04    8.38102E+03    4.52643E-01   -6.31553E-01    2.31915E-01    2.06427E+01    4.03231E+01    3.98050E+01
    3.11540E+03    1.69897E+06    4.47291E+04    8.46531E+03    4.56175E-01   -6.34110E-01    2.32549E-01    2.09163E+01    4.08740E+01    4.03231E+01
    3.14703E+03    1.74506E+06    4.60926E+04    8.55044E+03    4.60749E-01   -6.37459E-01    2.33228E-01    2.12159E+01    4.14796E+01    4.08740E+01
    3.17898E+03    1.79276E+06    4.77013E+04    8.63642E+03    4.67364E-01   -6.42365E-01    2.33946E-01    2.15637E+01    4.21876E+01    4.14796E+01
    3.21124E+03    1.84260E+06    4.98429E+04    8.72326E+03    4.78653E-01   -6.50864E-01    2.34584E-01    2.20178E+01    4.31235E+01    4.21876E+01
    3.24383E+03    1.89621E+06    5.36024E+04    8.81097E+03    5.04539E-01   -6.70608E-01    2.34145E-01    2.27901E+01    4.47535E+01    4.31235E+01
    3.27675E+03    1.93260E+06    3.63977E+04    8.98903E+03    3.35799E-01   -5.73714E-01    8.15553E-02    1.85631E+01    3.75410E+01    2.57879E+01
    3.30999E+03    1.97551E+06    4.29031E+04    9.07940E+03    3.87961E-01   -5.93030E-01    1.90462E-01    2.04999E+01    4.03129E+01    3.75410E+01
    3.34357E+03    2.02158E+06    4.60720E+04    9.17067E+03    4.08349E-01   -6.03097E-01    2.11243E-01    2.12235E+01    4.15743E+01    4.03129E+01
    3.37748E+03    2.06964E+06    4.80643E+04    9.26285E+03    4.17554E-01   -6.08223E-01    2.18219E-01    2.16573E+01    4.23863E+01    4.15743E+01
    3.41173E+03    2.11923E+06    4.95907E+04    9.35596E+03    4.22267E-01   -6.10961E-01    2.21344E-01    2.19819E+01    4.30125E+01    4.23863E+01
    3.44633E+03    2.17012E+06    5.08883E+04    9.44999E+03    4.24719E-01   -6.12378E-01    2.22963E-01    2.22535E+01    4.35436E+01    4.30125E+01
    3.48127E+03    2.22217E+06    5.20536E+04    9.54497E+03    4.25827E-01   -6.12961E-01    2.23844E-01    2.24941E+01    4.40176E+01    4.35436E+01
    3.51656E+03    2.27531E+06    5.31317E+04    9.64090E+03    4.26025E-01   -6.12955E-01    2.24302E-01    2.27142E+01    4.44527E+01    4.40176E+01
    3.55220E+03    2.32945E+06    5.41454E+04    9.73778E+03    4.25541E-01   -6.12494E-01    2.24482E-01    2.29189E+01    4.48583E+01    4.44527E+01
    3.58820E+03    2.38456E+06    5.51064E+04    9.83564E+03    4.24503E-01   -6.11654E-01    2.24462E-01    2.31111E+01    4.52395E+01    4.48583E+01
    3.62456E+03    2.44058E+06    5.60207E+04    9.93447E+03    4.22987E-01   -6.10479E-01    2.24283E-01    2.32923E+01    4.55991E+01    4.52395E+01
    3.66128E+03    2.49747E+06    5.68906E+04    1.00343E+04    4.21037E-01   -6.08995E-01    2.23971E-01    2.34633E+01    4.59384E+01    4.55991E+01
    3.69837E+03    2.55519E+06    5.77167E+04    1.01351E+04    4.18680E-01   -6.07215E-01    2.23539E-01    2.36244E+01    4.62578E+01    4.59384E+01
    3.73583E+03    2.61368E+06    5.84975E+04    1.02369E+04    4.15930E-01   -6.05147E-01    2.22996E-01    2.37754E+01    4.65574E+01    4.62578E+01
    3.77366E+03    2.67291E+06    5.92309E+04    1.03398E+04    4.12795E-01   -6.02791E-01    2.22346E-01    2.39163E+01    4.68365E+01    4.65574E+01
    3.81188E+03    2.73283E+06    5.99139E+04    1.04437E+04    4.09276E-01   -6.00144E-01    2.21592E-01    2.40466E+01    4.70944E+01    4.68365E+01
    3.85047E+03    2.79337E+06    6.05427E+04    1.05486E+04    4.05372E-01   -5.97201E-01    2.20733E-01    2.41658E+01    4.73299E+01    4.70944E+01
    3.88946E+03    2.85448E+06    6.11131E+04    1.06545E+04    4.01079E-01   -5.93954E-01    2.19768E-01    2.42733E+01    4.75417E+01    4.73299E+01
    3.92883E+03    2.91610E+06    6.16202E+04    1.07616E+04    3.96391E-01   -5.90393E-01    2.18695E-01    2.43682E+01    4.77285E+01    4.75417E+01
    3.96859E+03    2.97816E+06    6.20591E+04    1.08697E+04    3.91301E-01   -5.86506E-01    2.17512E-01    2.44499E+01    4.78884E+01    4.77285E+01
    4.00875E+03    3.04059E+06    6.24241E+04    1.09788E+04    3.85801E-01   -5.82282E-01    2.16214E-01    2.45173E+01    4.80198E+01    4.78884E+01
    4.04932E+03    3.10330E+06    6.27092E+04    1.10891E+04    3.79882E-01   -5.77706E-01    2.14797E-01    2.45696E+01    4.81205E+01    4.80198E+01
    4.09029E+03    3.16621E+06    6.29083E+04    1.12005E+04    3.73535E-01   -5.72762E-01    2.13258E-01    2.46056E+01    4.81884E+01    4.81205E+01
    4.13167E+03    3.22922E+06    6.30147E+04    1.13129E+04    3.66752E-01   -5.67435E-01    2.11590E-01    2.46241E+01    4.82213E+01    4.81884E+01
    4.17346E+03    3.29224E+06    6.30216E+04    1.14265E+04    3.59524E-01   -5.61705E-01    2.09788E-01    2.46241E+01    4.82165E+01    4.82213E+01
    4.21567E+03    3.35516E+06    6.29218E+04    1.15413E+04    3.51842E-01   -5.55556E-01    2.07846E-01    2.46040E+01    4.81715E+01    4.82165E+01
    4.25831E+03    3.41787E+06    6.27080E+04    1.16572E+04    3.43699E-01   -5.48965E-01    2.05757E-01    2.45625E+01    4.80833E+01    4.81715E+01
    4.30137E+03    3.48024E+06    6.23725E+04    1.17742E+04    3.35087E-01   -5.41912E-01    2.03515E-01    2.44980E+01    4.79488E+01    4.80833E+01
    4.34486E+03    3.54215E+06    6.19077E+04    1.18924E+04    3.26001E-01   -5.34373E-01    2.01112E-01    2.44090E+01    4.77648E+01    4.79488E+01
    4.38878E+03    3.60346E+06    6.13058E+04    1.20118E+04    3.16436E-01   -5.26325E-01    1.98540E-01    2.42936E+01    4.75276E+01    4.77648E+01
    4.43315E+03    3.66402E+06    6.05589E+04    1.21324E+04    3.06389E-01   -5.17740E-01    1.95791E-01    2.41499E+01    4.72336E+01    4.75276E+01
    4.47796E+03    3.72368E+06    5.96593E+04    1.22542E+04    2.95858E-01   -5.08591E-01    1.92857E-01    2.39759E+01    4.68785E+01    4.72336E+01
    4.52321E+03    3.78227E+06    5.85991E+04    1.23773E+04    2.84845E-01   -4.98847E-01    1.89726E-01    2.37695E+01    4.64579E+01    4.68785E+01
    4.56892E+03    3.83965E+06    5.73711E+04    1.25015E+04    2.73352E-01   -4.88478E-01    1.86390E-01    2.35283E+01    4.59673E+01    4.64579E+01
    4.61509E+03    3.89561E+06    5.59682E+04    1.26270E+04    2.61386E-01   -4.77448E-01    1.82838E-01    2.32498E+01    4.54014E+01    4.59673E+01
    4.66172E+03    3.95000E+06    5.43837E+04    1.27538E+04    2.48956E-01   -4.65720E-01    1.79057E-01    2.29312E+01    4.47547E+01    4.54014E+01
    4.70881E+03    4.00261E+06    5.26118E+04    1.28818E+04    2.36075E-01   -4.53253E-01    1.75035E-01    2.25695E+01    4.40212E+01    4.47547E+01
    4.75638E+03    4.05326E+06    5.06475E+04    1.30111E+04    2.22761E-01   -4.40002E-01    1.70760E-01    2.21615E+01    4.31944E+01    4.40212E+01
    4.80442E+03    4.10174E+06    4.84869E+04    1.31417E+04    2.09035E-01   -4.25920E-01    1.66215E-01    2.17037E+01    4.22669E+01    4.31944E+01
    4.85294E+03    4.14787E+06    4.61275E+04    1.32735E+04    1.94926E-01   -4.10950E-01    1.61386E-01    2.11919E+01    4.12309E+01    4.22669E+01
    4.90194E+03    4.19144E+06    4.35684E+04    1.34068E+04    1.80466E-01   -3.95033E-01    1.56254E-01    2.06220E+01    4.00774E+01    4.12309E+01
    4.95144E+03    4.23225E+06    4.08109E+04    1.35413E+04    1.65698E-01   -3.78096E-01    1.50801E-01    1.99889E+01    3.87963E+01    4.00774E+01
    5.00143E+03    4.27011E+06    3.78589E+04    1.36772E+04    1.50669E-01   -3.60059E-01    1.45004E-01    1.92869E+01    3.73763E+01    3.87963E+01
    5.05192E+03    4.30483E+06    3.47193E+04    1.38144E+04    1.35439E-01   -3.40826E-01    1.38839E-01    1.85094E+01    3.58038E+01    3.73763E+01
    5.10292E+03    4.33623E+06    3.14028E+04    1.39531E+04    1.20076E-01   -3.20279E-01    1.32278E-01    1.76488E+01    3.40631E+01    3.58038E+01
    5.15442E+03    4.36416E+06    2.79249E+04    1.40931E+04    1.04664E-01   -2.98273E-01    1.25287E-01    1.66956E+01    3.21349E+01    3.40631E+01
    5.20645E+03    4.38846E+06    2.43069E+04    1.42345E+04    8.93003E-02   -2.74621E-01    1.17829E-01    1.56379E+01    2.99951E+01    3.21349E+01
    5.25899E+03    4.40904E+06    2.05778E+04    1.43773E+04    7.41038E-02   -2.49069E-01    1.09857E-01    1.44605E+01    2.76121E+01    2.99951E+01
    5.31205E+03    4.42582E+06    1.67769E+04    1.45215E+04    5.92204E-02   -2.21260E-01    1.01313E-01    1.31423E+01    2.49423E+01    2.76121E+01
    5.36565E+03    4.43878E+06    1.29582E+04    1.46672E+04    4.48354E-02   -1.90650E-01    9.21301E-02    1.16526E+01    2.19218E+01    2.49423E+01
    5.41979E+03    4.44798E+06    9.19926E+03    1.48144E+04    3.11997E-02   -1.56326E-01    8.22304E-02    9.94142E+00    1.84460E+01    2.19218E+01
    5.47446E+03    4.45360E+06    5.62326E+03    1.49630E+04    1.86941E-02   -1.16503E-01    7.15625E-02    7.91562E+00    1.43171E+01    1.84460E+01
    5.52968E+03    4.45608E+06    2.47778E+03    1.51131E+04    8.07421E-03   -6.65580E-02    6.03676E-02    5.34521E+00    9.03892E+00    1.43171E+01
    5.58546E+03    4.45890E+06    2.82036E+03    1.51131E+04    9.00869E-03   -5.76563E-02    7.53952E-02    9.03892E+00    1.22706E+01    2.02442E+01
    5.64179E+03    4.46236E+06    3.46323E+03    1.51131E+04    1.08432E-02   -5.11264E-02    9.07156E-02    1.22706E+01    1.51650E+01    2.57528E+01
    5.69868E+03    4.46671E+06    4.34757E+03    1.51131E+04    1.33427E-02   -4.61884E-02    1.05874E-01    1.51650E+01    1.78059E+01    3.09001E+01
    5.75615E+03    4.47214E+06    5.43559E+03    1.51131E+04    1.63518E-02   -4.23471E-02    1.20659E-01    1.78059E+01    2.02515E+01    3.57383E+01
    5.81418E+03    4.47885E+06    6.70246E+03    1.51131E+04    1.97640E-02   -3.92818E-02    1.34985E-01    2.02515E+01    2.25427E+01    4.03130E+01
    5.87280E+03    4.48698E+06    8.13204E+03    1.51131E+04    2.35051E-02   -3.67805E-02    1.48837E-01    2.25427E+01    2.47094E+01    4.46629E+01
    5.93201E+03    4.49669E+06    9.71417E+03    1.51131E+04    2.75227E-02   -3.47000E-02    1.62230E-01    2.47094E+01    2.67740E+01    4.88202E+01
    5.99180E+03    4.50814E+06    1.14429E+04    1.51131E+04    3.17794E-02   -3.29412E-02    1.75198E-01    2.67740E+01    2.87536E+01    5.28121E+01
    6.05220E+03    4.52145E+06    1.33155E+04    1.51131E+04    3.62484E-02   -3.14342E-02    1.87777E-01    2.87536E+01    3.06615E+01    5.66612E+01
    6.11320E+03    4.53678E+06    1.53314E+04    1.51131E+04    4.09107E-02   -3.01286E-02    2.00007E-01    3.06615E+01    3.25085E+01    6.03868E+01
    6.17481E+03    4.55427E+06    1.74919E+04    1.51131E+04    4.57526E-02   -2.89871E-02    2.11925E-01    3.25085E+01    3.43032E+01    6.40050E+01
    6.23703E+03    4.57407E+06    1.97997E+04    1.51131E+04    5.07645E-02   -2.79817E-02    2.23565E-01    3.43032E+01    3.60531E+01    6.75297E+01
    6.29988E+03    4.59633E+06    2.22585E+04    1.51131E+04    5.59400E-02   -2.70909E-02    2.34960E-01    3.60531E+01    3.77641E+01    7.09730E+01
    6.36335E+03    4.62121E+06    2.48732E+04    1.51131E+04    6.12750E-02   -2.62981E-02    2.46137E-01    3.77641E+01    3.94417E+01    7.43452E+01
    6.42747E+03    4.64886E+06    2.76496E+04    1.51131E+04    6.67675E-02   -2.55900E-02    2.57124E-01    3.94417E+01    4.10905E+01    7.76557E+01
    6.49222E+03    4.67945E+06    3.05942E+04    1.51131E+04    7.24169E-02   -2.49560E-02    2.67944E-01    4.10905E+01    4.27144E+01    8.09125E+01
    6.55762E+03    4.71316E+06    3.37143E+04    1.51131E+04    7.82242E-02   -2.43876E-02    2.78621E-01    4.27144E+01    4.43173E+01    8.41232E+01
    6.62367E+03    4.75018E+06    3.70181E+04    1.51131E+04    8.41913E-02   -2.38777E-02    2.89173E-01    4.43173E+01    4.59023E+01    8.72945E+01
    6.69038E+03    4.79070E+06    4.05146E+04    1.51131E+04    9.03213E-02   -2.34205E-02    2.99621E-01    4.59023E+01    4.74726E+01    9.04323E+01
    6.75776E+03    4.83491E+06    4.42134E+04    1.51131E+04    9.66184E-02   -2.30112E-02    3.09982E-01    4.74726E+01    4.90308E+01    9.35424E+01
    6.82582E+03    4.88303E+06    4.81252E+04    1.51131E+04    1.03087E-01   -2.26457E-02    3.20273E-01    4.90308E+01    5.05796E+01    9.66300E+01
    6.89455E+03    4.93530E+06    5.22616E+04    1.51131E+04    1.09734E-01   -2.23206E-02    3.30509E-01    5.05796E+01    5.21215E+01    9.97001E+01
    6.96398E+03    4.99193E+06    5.66347E+04    1.51131E+04    1.16566E-01   -2.20330E-02    3.40705E-01    5.21215E+01    5.36587E+01    1.02757E+02
    7.03409E+03    5.05319E+06    6.12582E+04    1.51131E+04    1.23589E-01   -2.17804E-02    3.50877E-01    5.36587E+01    5.51934E+01    1.05806E+02
    7.10491E+03    5.11934E+06    6.61464E+04    1.51131E+04    1.30813E-01   -2.15608E-02    3.61037E-01    5.51934E+01    5.67279E+01    1.08851E+02
    7.17644E+03    5.19065E+06    7.13150E+04    1.51131E+04    1.38246E-01   -2.13724E-02    3.71200E-01    5.67279E+01    5.82642E+01    1.11896E+02
    7.24868E+03    5.26743E+06    7.67808E+04    1.51131E+04    1.45899E-01   -2.12136E-02    3.81378E-01    5.82642E+01    5.98043E+01    1.14945E+02
    7.32164E+03    5.34999E+06    8.25619E+04    1.51131E+04    1.53783E-01   -2.10832E-02    3.91585E-01    5.98043E+01    6.13503E+01    1.18002E+02
    7.39533E+03    5.43867E+06    8.86780E+04    1.51131E+04    1.61910E-01   -2.09802E-02    4.01834E-01    6.13503E+01    6.29041E+01    1.21071E+02
    7.46976E+03    5.53382E+06    9.51501E+04    1.51131E+04    1.70293E-01   -2.09037E-02    4.12136E-01    6.29041E+01    6.44677E+01    1.24156E+02
    7.54494E+03    5.63582E+06    1.02001E+05    1.51131E+04    1.78946E-01   -2.08529E-02    4.22506E-01    6.44677E+01    6.60431E+01    1.27261E+02
    7.62087E+03    5.74508E+06    1.09256E+05    1.51131E+04    1.87885E-01   -2.08273E-02    4.32957E-01    6.60431E+01    6.76323E+01    1.30389E+02
    7.69755E+03    5.86202E+06    1.16941E+05    1.51131E+04    1.97126E-01   -2.08266E-02    4.43500E-01    6.76323E+01    6.92373E+01    1.33546E+02
    7.77500E+03    5.98710E+06    1.25085E+05    1.51131E+04    2.06687E-01   -2.08503E-02    4.54150E-01    6.92373E+01    7.08603E+01    1.36733E+02
    7.85323E+03    6.12082E+06    1.33719E+05    1.51131E+04    2.16587E-01   -2.08985E-02    4.64920E-01    7.08603E+01    7.25032E+01    1.39957E+02
    7.93224E+03    6.26370E+06    1.42877E+05    1.51131E+04    2.26847E-01   -2.09709E-02    4.75823E-01    7.25032E+01    7.41684E+01    1.43220E+02
    8.01204E+03    6.41630E+06    1.52597E+05    1.51131E+04    2.37491E-01   -2.10678E-02    4.86875E-01    7.41684E+01    7.58579E+01    1.46528E+02
    8.09264E+03    6.57921E+06    1.62917E+05    1.51131E+04    2.48542E-01   -2.11892E-02    4.98089E-01    7.58579E+01    7.75742E+01    1.49884E+02
    8.17404E+03    6.75309E+06    1.73881E+05    1.51131E+04    2.60027E-01   -2.13355E-02    5.09482E-01    7.75742E+01    7.93196E+01    1.53294E+02
    8.25626E+03    6.93863E+06    1.85537E+05    1.51131E+04    2.71974E-01   -2.15071E-02    5.21068E-01    7.93196E+01    8.10967E+01    1.56761E+02
    8.33930E+03    7.13657E+06    1.97935E+05    1.51131E+04    2.84415E-01   -2.17046E-02    5.32864E-01    8.10967E+01    8.29080E+01    1.60291E+02
    8.42317E+03    7.34770E+06    2.11132E+05    1.51131E+04    2.97384E-01   -2.19286E-02    5.44888E-01    8.29080E+01    8.47563E+01    1.63890E+02
    8.50787E+03    7.57289E+06    2.25189E+05    1.51131E+04    3.10916E-01   -2.21799E-02    5.57157E-01    8.47563E+01    8.66445E+01    1.67561E+02
    8.59343E+03    7.81306E+06    2.40173E+05    1.51131E+04    3.25053E-01   -2.24594E-02    5.69691E-01    8.66445E+01    8.85756E+01    1.71312E+02
    8.67984E+03    8.06922E+06    2.56157E+05    1.51131E+04    3.39836E-01   -2.27681E-02    5.82510E-01    8.85756E+01    9.05528E+01    1.75149E+02
    8.76712E+03    8.34244E+06    2.73222E+05    1.51131E+04    3.55314E-01   -2.31074E-02    5.95634E-01    9.05528E+01    9.25795E+01    1.79076E+02
    8.85526E+03    8.63389E+06    2.91455E+05    1.51131E+04    3.71537E-01   -2.34786E-02    6.09086E-01    9.25795E+01    9.46594E+01    1.83102E+02
    8.94429E+03    8.94485E+06    3.10955E+05    1.51131E+04    3.88563E-01   -2.38833E-02    6.22890E-01    9.46594E+01    9.67963E+01    1.87234E+02
    9.03421E+03    9.27667E+06    3.31827E+05    1.51131E+04    4.06453E-01   -2.43233E-02    6.37072E-01    9.67963E+01    9.89943E+01    1.91478E+02
    9.12503E+03    9.63086E+06    3.54189E+05    1.51131E+04    4.25274E-01   -2.48005E-02    6.51659E-01    9.89943E+01    1.01258E+02    1.95844E+02
    9.21676E+03    1.00090E+07    3.78173E+05    1.51131E+04    4.45101E-01   -2.53172E-02    6.66678E-01    1.01258E+02    1.03592E+02    2.00340E+02
    9.30940E+03    1.04130E+07    4.03922E+05    1.51131E+04    4.66016E-01   -2.58759E-02    6.82163E-01    1.03592E+02    1.06001E+02    2.04975E+02
    9.40298E+03    1.08446E+07    4.31597E+05    1.51131E+04    4.88109E-01   -2.64795E-02    6.98146E-01    1.06001E+02    1.08491E+02    2.09760E+02
    9.49748E+03    1.13059E+07    4.61376E+05    1.51131E+04    5.11480E-01   -2.71312E-02    7.14663E-01    1.08491E+02    1.11068E+02    2.14705E+02
    9.59293E+03    1.17994E+07    4.93457E+05    1.51131E+04    5.36239E-01   -2.78344E-02    7.31754E-01    1.11068E+02    1.13738E+02    2.19822E+02
    9.68934E+03    1.23275E+07    5.28061E+05    1.51131E+04    5.62509E-01   -2.85934E-02    7.49461E-01    1.13738E+02    1.16508E+02    2.25123E+02
    9.78671E+03    1.28929E+07    5.65438E+05    1.51131E+04    5.90427E-01   -2.94124E-02    7.67829E-01    1.16508E+02    1.19386E+02    2.30624E+02
    9.88505E+03    1.34988E+07    6.05864E+05    1.51131E+04    6.20144E-01   -3.02968E-02    7.86909E-01    1.19386E+02    1.22381E+02    2.36337E+02
    9.98438E+03    1.41484E+07    6.49653E+05    1.51131E+04    6.51832E-01   -3.12523E-02    8.06756E-01    1.22381E+02    1.25500E+02    2.42281E+02
    1.00847E+04    1.48456E+07    6.97158E+05    1.51131E+04    6.85681E-01   -3.22854E-02    8.27429E-01    1.25500E+02    1.28755E+02    2.48473E+02
    1.01860E+04    1.55943E+07    7.48778E+05    1.51131E+04    7.21906E-01   -3.34036E-02    8.48994E-01    1.28755E+02    1.32157E+02    2.54933E+02
    1.02884E+04    1.63993E+07    8.04966E+05    1.51131E+04    7.60751E-01   -3.46156E-02    8.71523E-01    1.32157E+02    1.35717E+02    2.61683E+02
    1.03917E+04    1.72655E+07    8.66238E+05    1.51131E+04    8.02490E-01   -3.59310E-02    8.95097E-01    1.35717E+02    1.39449E+02    2.68747E+02
    1.04961E+04    1.81987E+07    9.33183E+05    1.51131E+04    8.47435E-01   -3.73610E-02    9.19804E-01    1.39449E+02    1.43369E+02    2.76151E+02
    1.06016E+04    1.92052E+07    1.00648E+06    1.51131E+04    8.95944E-01   -3.89188E-02    9.45743E-01    1.43369E+02    1.47493E+02    2.83926E+02
    1.07080E+04    2.02921E+07    1.08689E+06    1.51131E+04    9.48424E-01   -4.06194E-02    9.73023E-01    1.47493E+02    1.51840E+02    2.92104E+02
    1.08156E+04    2.14674E+07    1.17533E+06    1.51131E+04    1.00534E+00   -4.24802E-02    1.00177E+00    1.51840E+02    1.56432E+02    3.00724E+02
    1.09242E+04    2.27403E+07    1.27284E+06    1.51131E+04    1.06725E+00   -4.45220E-02    1.03212E+00    1.56432E+02    1.61292E+02    3.09826E+02
    1.10340E+04    2.41209E+07    1.38063E+06    1.51131E+04    1.13477E+00   -4.67690E-02    1.06423E+00    1.61292E+02    1.66449E+02    3.19459E+02
    1.11448E+04    2.56210E+07    1.50013E+06    1.51131E+04    1.20864E+00   -4.92499E-02    1.09828E+00    1.66449E+02    1.71934E+02    3.29676E+02
    1.12567E+04    2.72540E+07    1.63301E+06    1.51131E+04    1.28972E+00   -5.19993E-02    1.13447E+00    1.71934E+02    1.77783E+02    3.40540E+02
    1.13697E+04    2.90353E+07    1.78128E+06    1.51131E+04    1.37904E+00   -5.50583E-02    1.17304E+00    1.77783E+02    1.84038E+02    3.52121E+02
    1.14839E+04    3.09826E+07    1.94730E+06    1.51131E+04    1.47781E+00   -5.84773E-02    1.21425E+00    1.84038E+02    1.90748E+02    3.64500E+02
    1.15992E+04    3.31166E+07    2.13395E+06    1.51131E+04    1.58749E+00   -6.23178E-02    1.25841E+00    1.90748E+02    1.97970E+02    3.77774E+02
    1.17157E+04    3.54613E+07    2.34469E+06    1.51131E+04    1.70982E+00   -6.66558E-02    1.30590E+00    1.97970E+02    2.05772E+02    3.92054E+02
    1.18333E+04    3.80450E+07    2.58376E+06    1.51131E+04    1.84696E+00   -7.15863E-02    1.35714E+00    2.05772E+02    2.14235E+02    4.07471E+02
    1.19521E+04    4.09014E+07    2.85638E+06    1.51131E+04    2.00152E+00   -7.72296E-02    1.41264E+00    2.14235E+02    2.23456E+02    4.24183E+02
    1.20721E+04    4.40705E+07    3.16906E+06    1.51131E+04    2.17678E+00   -8.37401E-02    1.47301E+00    2.23456E+02    2.33555E+02    4.42377E+02
    1.21933E+04    4.76005E+07    3.53002E+06    1.51131E+04    2.37685E+00   -9.13191E-02    1.53900E+00    2.33555E+02    2.44678E+02    4.62282E+02
    1.23158E+04    5.15502E+07    3.94974E+06    1.51131E+04    2.60696E+00   -1.00233E-01    1.61149E+00    2.44678E+02    2.57008E+02    4.84179E+02
    1.24394E+04    5.59920E+07    4.44182E+06    1.51131E+04    2.87387E+00   -1.10844E-01    1.69162E+00    2.57008E+02    2.70781E+02    5.08418E+02
    1.25643E+04    6.10162E+07    5.02416E+06    1.51131E+04    3.18648E+00   -1.23651E-01    1.78078E+00    2.70781E+02    2.86298E+02    5.35442E+02
    1.26904E+04    6.67370E+07    5.72081E+06    1.51131E+04    3.55668E+00   -1.39366E-01    1.88076E+00    2.86298E+02    3.03962E+02    5.65818E+02
    1.28178E+04    7.33017E+07    6.56472E+06    1.51131E+04    4.00078E+00   -1.59035E-01    1.99386E+00    3.03962E+02    3.24321E+02    6.00291E+02
    1.29464E+04    8.09040E+07    7.60223E+06    1.51131E+04    4.54162E+00   -1.84256E-01    2.12313E+00    3.24321E+02    3.48144E+02    6.39862E+02
    1.30764E+04    8.98044E+07    8.90039E+06    1.51131E+04    5.21219E+00   -2.17583E-01    2.27263E+00    3.48144E+02    3.76558E+02    6.85904E+02
    1.32076E+04    1.00364E+08    1.05595E+07    1.51131E+04    6.06173E+00   -2.63344E-01    2.44793E+00    3.76558E+02    4.11291E+02    7.40372E+02
    1.33401E+04    1.13099E+08    1.27356E+07    1.51131E+04    7.16662E+00   -3.29397E-01    2.65671E+00    4.11291E+02    4.55171E+02    8.06134E+02
    1.34740E+04    1.28783E+08    1.56832E+07    1.51131E+04    8.65112E+00   -4.31282E-01    2.90949E+00    4.55171E+02    5.13197E+02    8.87581E+02
    1.36092E+04    1.48627E+08    1.98442E+07    1.51131E+04    1.07303E+01   -6.02984E-01    3.21974E+00    5.13197E+02    5.95137E+02    9.91718E+02
    1.37458E+04    1.74700E+08    2.60729E+07    1.51131E+04    1.38201E+01   -9.27772E-01    3.59990E+00    5.95137E+02    7.22472E+02    1.13016E+03
    1.38837E+04    2.11225E+08    3.65247E+07    1.51131E+04    1.89780E+01   -1.63552E+00    4.03771E+00    7.22472E+02    9.49190E+02    1.32256E+03
    1.40231E+04    2.72198E+08    6.09732E+07    1.51131E+04    3.10559E+01   -3.43887E+00    4.38521E+00    9.49190E+02    1.43066E+03    1.60092E+03
    1.41638E+04    3.71108E+08    9.89100E+07    1.52647E+04    4.93843E+01   -5.23823E+00    4.68458E+00    7.27471E+02    1.46820E+03    1.43066E+03
    1.43059E+04    5.09258E+08    1.38151E+08    1.54178E+04    6.76152E+01   -7.09510E+00    4.15630E+00    8.38068E+02    1.85140E+03    1.46820E+03
