 # rho, F_z,dF_z, z(rho), E2 (=>sigma2=e0^2*E2), Er, Ez, Ui,j , Ui+1,j , Ui,j-1
    2.50000E-01    2.81630E-01    2.81630E-01    0.00000E+00    2.25304E+00   -3.89578E-01    1.44957E+00    1.91958E+00    2.11437E+00    2.64436E+00
    7.31707E-01    7.93013E-01    5.11383E-01    5.00000E-01    1.50813E+00   -1.51826E-01    1.21864E+00    1.50505E+00    1.57540E+00    2.11437E+00
    1.19774E+00    1.59171E+00    7.98698E-01    5.00000E-01    1.42289E+00   -5.45144E-02    1.19160E+00    1.57540E+00    1.60095E+00    2.17120E+00
    1.66904E+00    2.74303E+00    1.15132E+00    5.00000E-01    1.45546E+00   -3.53244E-02    1.20591E+00    1.60095E+00    1.61769E+00    2.20391E+00
    2.14566E+00    4.29355E+00    1.55051E+00    5.00000E-01    1.50766E+00   -3.51681E-02    1.22736E+00    1.61769E+00    1.63455E+00    2.23138E+00
    2.62767E+00    6.29736E+00    2.00381E+00    5.00000E-01    1.57325E+00   -4.38155E-02    1.25353E+00    1.63455E+00    1.65579E+00    2.26131E+00
    3.11513E+00    8.82864E+00    2.53128E+00    5.00000E-01    1.65765E+00   -6.20298E-02    1.28600E+00    1.65579E+00    1.68619E+00    2.29879E+00
    3.60810E+00    1.19935E+01    3.16488E+00    5.00000E-01    1.76942E+00   -9.90520E-02    1.32650E+00    1.68619E+00    1.73530E+00    2.34945E+00
    4.10663E+00    1.59448E+01    3.95125E+00    5.00000E-01    1.91920E+00   -1.84933E-01    1.37295E+00    1.73530E+00    1.82801E+00    2.42177E+00
    4.61080E+00    2.09581E+01    5.01329E+00    5.00000E-01    2.14455E+00   -4.21971E-01    1.40232E+00    1.82801E+00    2.04195E+00    2.52917E+00
    5.12067E+00    2.54545E+01    4.49640E+00    9.63414E-01    1.71257E+00   -3.39522E-01    1.26384E+00    1.41003E+00    1.58411E+00    2.04195E+00
    5.63630E+00    3.04873E+01    5.03284E+00    9.63414E-01    1.72206E+00   -2.87876E-01    1.28031E+00    1.58411E+00    1.73339E+00    2.22427E+00
    6.15775E+00    3.71666E+01    6.67933E+00    9.63414E-01    2.06853E+00   -5.14812E-01    1.34294E+00    1.73339E+00    2.00335E+00    2.40486E+00
    6.68510E+00    4.31330E+01    5.96636E+00    1.43207E+00    1.68295E+00   -4.23670E-01    1.22616E+00    1.43513E+00    1.65980E+00    2.00335E+00
    7.21840E+00    5.05336E+01    7.40060E+00    1.43207E+00    1.91168E+00   -5.57340E-01    1.26533E+00    1.65980E+00    1.95871E+00    2.24618E+00
    7.75774E+00    5.68482E+01    6.31463E+00    1.90601E+00    1.50080E+00   -4.21523E-01    1.15027E+00    1.41963E+00    1.64825E+00    1.95871E+00
    8.30316E+00    6.50918E+01    8.24357E+00    1.90601E+00    1.81010E+00   -5.66288E-01    1.22042E+00    1.64825E+00    1.95885E+00    2.22020E+00
    8.85475E+00    7.22887E+01    7.19692E+00    2.38531E+00    1.46528E+00   -4.30368E-01    1.13140E+00    1.42263E+00    1.66135E+00    1.95885E+00
    9.41258E+00    8.19914E+01    9.70272E+00    2.38531E+00    1.83762E+00   -5.98227E-01    1.21645E+00    1.66135E+00    1.99693E+00    2.23788E+00
    9.97670E+00    9.07621E+01    8.77070E+00    2.87003E+00    1.54966E+00   -4.75605E-01    1.15042E+00    1.44553E+00    1.71534E+00    1.99693E+00
    1.05472E+01    1.03343E+02    1.25806E+01    2.87003E+00    2.07910E+00   -7.23242E-01    1.24741E+00    1.71534E+00    2.13027E+00    2.31323E+00
    1.11242E+01    1.17021E+02    1.36778E+01    3.36023E+00    2.11923E+00   -8.35961E-01    1.19181E+00    1.55258E+00    2.03759E+00    2.13027E+00
    1.17076E+01    1.29427E+02    1.24067E+01    3.85596E+00    1.80608E+00   -8.23353E-01    1.06215E+00    1.51693E+00    2.00003E+00    2.03759E+00
    1.22977E+01    1.41592E+02    1.21653E+01    4.35730E+00    1.66713E+00   -8.11411E-01    1.00436E+00    1.50213E+00    1.98360E+00    2.00003E+00
    1.28944E+01    1.53931E+02    1.23386E+01    4.86430E+00    1.59461E+00   -8.06210E-01    9.71922E-01    1.49634E+00    1.98014E+00    1.98360E+00
    1.34979E+01    1.66745E+02    1.28137E+01    5.37703E+00    1.56430E+00   -8.09651E-01    9.53291E-01    1.49681E+00    1.98816E+00    1.98014E+00
    1.41082E+01    1.80381E+02    1.36367E+01    5.89556E+00    1.57496E+00   -8.25988E-01    9.44830E-01    1.50372E+00    2.01064E+00    1.98816E+00
    1.47254E+01    1.95444E+02    1.50626E+01    6.41994E+00    1.64811E+00   -8.68387E-01    9.45522E-01    1.52037E+00    2.05933E+00    2.01064E+00
    1.53495E+01    2.13690E+02    1.82454E+01    6.95025E+00    1.89378E+00   -9.95093E-01    9.50563E-01    1.56087E+00    2.18546E+00    2.05933E+00
    1.59807E+01    2.25082E+02    1.13924E+01    8.02892E+00    1.12308E+00   -8.58666E-01    6.21106E-01    1.42930E+00    1.97435E+00    1.76240E+00
    1.66191E+01    2.42717E+02    1.76348E+01    8.57741E+00    1.65300E+00   -9.95725E-01    8.13348E-01    1.53322E+00    2.17241E+00    1.97435E+00
    1.72646E+01    2.57115E+02    1.43987E+01    9.69305E+00    1.28468E+00   -9.75657E-01    5.76866E-01    1.46036E+00    2.09374E+00    1.78034E+00
    1.79175E+01    2.71193E+02    1.40780E+01    1.08341E+01    1.19678E+00   -9.60462E-01    5.23728E-01    1.44740E+00    2.07797E+00    1.74451E+00
    1.85777E+01    2.86535E+02    1.53417E+01    1.20010E+01    1.24380E+00   -9.98845E-01    4.96096E-01    1.45814E+00    2.12131E+00    1.74597E+00
    1.92454E+01    2.99894E+02    1.33584E+01    1.38013E+01    1.03375E+00   -9.47915E-01    3.67709E-01    1.41221E+00    2.04869E+00    1.63287E+00
    1.99207E+01    3.10527E+02    1.06338E+01    1.62981E+01    7.86129E-01   -8.41957E-01    2.77917E-01    1.36352E+00    1.93524E+00    1.53796E+00
    2.06035E+01    3.19487E+02    8.95960E+00    1.89097E+01    6.33253E-01   -7.58589E-01    2.40410E-01    1.33676E+00    1.85769E+00    1.49460E+00
    2.12941E+01    3.29029E+02    9.54180E+00    2.09469E+01    6.45240E-01   -7.64355E-01    2.46986E-01    1.35088E+00    1.88169E+00    1.51859E+00
    2.19925E+01    3.37374E+02    8.34513E+00    2.37722E+01    5.40292E-01   -7.06389E-01    2.03239E-01    1.32746E+00    1.82356E+00    1.47181E+00
    2.26988E+01    3.44714E+02    7.33989E+00    2.67274E+01    4.55279E-01   -6.49832E-01    1.81649E-01    1.31051E+00    1.77205E+00    1.44545E+00
    2.34130E+01    3.52550E+02    7.83639E+00    2.90326E+01    4.65981E-01   -6.56040E-01    1.88661E-01    1.32414E+00    1.79536E+00    1.46910E+00
    2.41354E+01    3.59233E+02    6.68242E+00    3.22296E+01    3.81162E-01   -5.97188E-01    1.56616E-01    1.29999E+00    1.73378E+00    1.42586E+00
    2.48659E+01    3.66083E+02    6.85062E+00    3.47234E+01    3.75039E-01   -5.90579E-01    1.62035E-01    1.30734E+00    1.74118E+00    1.44203E+00
    2.56046E+01    3.72901E+02    6.81765E+00    3.73028E+01    3.58416E-01   -5.78147E-01    1.55438E-01    1.30765E+00    1.73715E+00    1.44128E+00
    2.63517E+01    3.79630E+02    6.72921E+00    3.99705E+01    3.39896E-01   -5.64031E-01    1.47527E-01    1.30643E+00    1.73018E+00    1.43761E+00
    2.71072E+01    3.86247E+02    6.61735E+00    4.27298E+01    3.21299E-01   -5.49390E-01    1.39532E-01    1.30459E+00    1.72201E+00    1.43292E+00
    2.78713E+01    3.92738E+02    6.49113E+00    4.55836E+01    3.03105E-01   -5.34555E-01    1.31742E-01    1.30238E+00    1.71311E+00    1.42770E+00
    2.86440E+01    3.99089E+02    6.35091E+00    4.85353E+01    2.85333E-01   -5.19517E-01    1.24238E-01    1.29980E+00    1.70350E+00    1.42204E+00
    2.94255E+01    4.05278E+02    6.18885E+00    5.15882E+01    2.67643E-01   -5.03931E-01    1.17033E-01    1.29669E+00    1.69269E+00    1.41578E+00
    3.02157E+01    4.11253E+02    5.97427E+00    5.47457E+01    2.48795E-01   -4.86478E-01    1.10156E-01    1.29233E+00    1.67894E+00    1.40826E+00
    3.10149E+01    4.16767E+02    5.51440E+00    5.80115E+01    2.21227E-01   -4.58588E-01    1.04517E-01    1.28249E+00    1.65105E+00    1.39626E+00
    3.18232E+01    4.23279E+02    6.51244E+00    6.02507E+01    2.51785E-01   -4.85116E-01    1.28248E-01    1.31097E+00    1.70526E+00    1.45375E+00
    3.26405E+01    4.29190E+02    5.91021E+00    6.37052E+01    2.20291E-01   -4.59028E-01    9.78974E-02    1.29180E+00    1.66911E+00    1.40453E+00
    3.34671E+01    4.34547E+02    5.35744E+00    6.72782E+01    1.92579E-01   -4.29303E-01    9.09806E-02    1.27904E+00    1.63590E+00    1.38739E+00
    3.43031E+01    4.40735E+02    6.18844E+00    6.97280E+01    2.14604E-01   -4.49616E-01    1.11579E-01    1.30370E+00    1.68167E+00    1.43961E+00
    3.51485E+01    4.46034E+02    5.29856E+00    7.35074E+01    1.77321E-01   -4.12414E-01    8.50658E-02    1.27789E+00    1.62850E+00    1.38505E+00
    3.60034E+01    4.51892E+02    5.85795E+00    7.60988E+01    1.89248E-01   -4.22431E-01    1.03923E-01    1.29617E+00    1.65935E+00    1.43006E+00
    3.68680E+01    4.58290E+02    6.39811E+00    7.87490E+01    1.99596E-01   -4.34350E-01    1.04576E-01    1.30861E+00    1.68626E+00    1.44641E+00
    3.77424E+01    4.63717E+02    5.42670E+00    8.28378E+01    1.63522E-01   -3.97064E-01    7.65647E-02    1.28051E+00    1.62964E+00    1.38486E+00
    3.86267E+01    4.69825E+02    6.10793E+00    8.56412E+01    1.77827E-01   -4.11380E-01    9.27018E-02    1.30087E+00    1.66668E+00    1.43008E+00
    3.95209E+01    4.74988E+02    5.16377E+00    8.99662E+01    1.45295E-01   -3.74829E-01    6.92661E-02    1.27376E+00    1.61084E+00    1.37362E+00
    4.04252E+01    4.80564E+02    5.57592E+00    9.29317E+01    1.51668E-01   -3.80072E-01    8.49293E-02    1.28815E+00    1.63380E+00    1.41337E+00
    4.13398E+01    4.86349E+02    5.78468E+00    9.59645E+01    1.52146E-01   -3.80541E-01    8.56432E-02    1.29336E+00    1.64335E+00    1.42250E+00
    4.22647E+01    4.92318E+02    5.96850E+00    9.90662E+01    1.51830E-01   -3.80422E-01    8.43134E-02    1.29738E+00    1.65122E+00    1.42741E+00
    4.32001E+01    4.98611E+02    6.29375E+00    1.02238E+02    1.54887E-01   -3.84951E-01    8.18521E-02    1.30423E+00    1.66632E+00    1.43333E+00
    4.41460E+01    5.03826E+02    5.21431E+00    1.07133E+02    1.24170E-01   -3.47501E-01    5.84199E-02    1.27375E+00    1.60431E+00    1.36905E+00
    4.51026E+01    5.09378E+02    5.55200E+00    1.10488E+02    1.27961E-01   -3.50489E-01    7.15434E-02    1.28579E+00    1.62296E+00    1.40515E+00
    4.60700E+01    5.15059E+02    5.68157E+00    1.13920E+02    1.26765E-01   -3.48740E-01    7.17308E-02    1.28903E+00    1.62830E+00    1.41142E+00
    4.70484E+01    5.20810E+02    5.75077E+00    1.17430E+02    1.24237E-01   -3.45381E-01    7.03479E-02    1.29038E+00    1.63019E+00    1.41314E+00
    4.80378E+01    5.26604E+02    5.79397E+00    1.21019E+02    1.21222E-01   -3.41350E-01    6.85738E-02    1.29101E+00    1.63064E+00    1.41339E+00
    4.90384E+01    5.32426E+02    5.82244E+00    1.24691E+02    1.17999E-01   -3.36977E-01    6.66746E-02    1.29125E+00    1.63032E+00    1.41295E+00
    5.00503E+01    5.38267E+02    5.84064E+00    1.28445E+02    1.14679E-01   -3.32397E-01    6.47390E-02    1.29124E+00    1.62948E+00    1.41210E+00
    5.10736E+01    5.44117E+02    5.85024E+00    1.32285E+02    1.11308E-01   -3.27664E-01    6.28039E-02    1.29103E+00    1.62822E+00    1.41093E+00
    5.21085E+01    5.49968E+02    5.85120E+00    1.36212E+02    1.07896E-01   -3.22783E-01    6.08863E-02    1.29061E+00    1.62654E+00    1.40950E+00
    5.31551E+01    5.55810E+02    5.84176E+00    1.40229E+02    1.04421E-01   -3.17712E-01    5.89946E-02    1.28996E+00    1.62434E+00    1.40777E+00
    5.42135E+01    5.61627E+02    5.81707E+00    1.44337E+02    1.00811E-01   -3.12324E-01    5.71352E-02    1.28896E+00    1.62138E+00    1.40565E+00
    5.52839E+01    5.67392E+02    5.76428E+00    1.48538E+02    9.68672E-02   -3.06278E-01    5.53252E-02    1.28730E+00    1.61697E+00    1.40286E+00
    5.63664E+01    5.73031E+02    5.63983E+00    1.52834E+02    9.19170E-02   -2.98389E-01    5.36725E-02    1.28398E+00    1.60879E+00    1.39864E+00
    5.74611E+01    5.78211E+02    5.18001E+00    1.57229E+02    8.18893E-02   -2.81132E-01    5.34256E-02    1.27281E+00    1.58229E+00    1.38953E+00
    5.85682E+01    5.85426E+02    7.21421E+00    1.59463E+02    1.10641E-01   -3.12615E-01    1.13636E-01    1.33121E+00    1.67925E+00    1.58229E+00
    5.96878E+01    5.91693E+02    6.26717E+00    1.64008E+02    9.32602E-02   -3.00451E-01    5.46757E-02    1.29806E+00    1.63633E+00    1.42161E+00
    6.08200E+01    5.97743E+02    6.05067E+00    1.68656E+02    8.73750E-02   -2.91341E-01    4.99567E-02    1.29188E+00    1.62360E+00    1.40734E+00
    6.19650E+01    6.03599E+02    5.85512E+00    1.73410E+02    8.20614E-02   -2.82453E-01    4.77651E-02    1.28683E+00    1.61207E+00    1.39973E+00
    6.31230E+01    6.08953E+02    5.35437E+00    1.78272E+02    7.28434E-02   -2.65723E-01    4.72747E-02    1.27487E+00    1.58429E+00    1.38914E+00
    6.42940E+01    6.16322E+02    7.36862E+00    1.80744E+02    9.73207E-02   -2.94332E-01    1.03389E-01    1.33155E+00    1.67816E+00    1.58429E+00
    6.54783E+01    6.22672E+02    6.35049E+00    1.85773E+02    8.14366E-02   -2.81289E-01    4.80932E-02    1.29759E+00    1.63259E+00    1.41783E+00
    6.66760E+01    6.28711E+02    6.03903E+00    1.90916E+02    7.52017E-02   -2.70686E-01    4.39409E-02    1.28943E+00    1.61545E+00    1.40179E+00
    6.78872E+01    6.34198E+02    5.48674E+00    1.96176E+02    6.63554E-02   -2.53965E-01    4.30953E-02    1.27636E+00    1.58569E+00    1.38906E+00
    6.91121E+01    6.41670E+02    7.47219E+00    1.98850E+02    8.77736E-02   -2.80234E-01    9.61384E-02    1.33144E+00    1.67662E+00    1.58569E+00
    7.03508E+01    6.48017E+02    6.34747E+00    2.04290E+02    7.24305E-02   -2.65557E-01    4.37017E-02    1.29577E+00    1.62657E+00    1.41397E+00
    7.16036E+01    6.53701E+02    5.68323E+00    2.09854E+02    6.30043E-02   -2.47644E-01    4.09469E-02    1.27986E+00    1.59184E+00    1.39313E+00
    7.28704E+01    6.61382E+02    7.68110E+00    2.12683E+02    8.27374E-02   -2.72496E-01    9.21062E-02    1.33417E+00    1.68133E+00    1.59184E+00
    7.41516E+01    6.67880E+02    6.49810E+00    2.18438E+02    6.80167E-02   -2.57551E-01    4.10392E-02    1.29777E+00    1.62960E+00    1.41518E+00
    7.54473E+01    6.73690E+02    5.81000E+00    2.24323E+02    5.91020E-02   -2.40063E-01    3.83658E-02    1.28156E+00    1.59435E+00    1.39382E+00
    7.67576E+01    6.81499E+02    7.80916E+00    2.27316E+02    7.72098E-02   -2.63700E-01    8.75901E-02    1.33515E+00    1.68263E+00    1.59435E+00
    7.80828E+01    6.88083E+02    6.58384E+00    2.33403E+02    6.32752E-02   -2.48602E-01    3.83672E-02    1.29835E+00    1.62963E+00    1.41446E+00
    7.94229E+01    6.93935E+02    5.85247E+00    2.39628E+02    5.46794E-02   -2.31069E-01    3.58654E-02    1.28133E+00    1.59272E+00    1.39234E+00
    8.07781E+01    7.01714E+02    7.77896E+00    2.42794E+02    7.06607E-02   -2.52529E-01    8.30056E-02    1.33290E+00    1.67706E+00    1.59272E+00
    8.21487E+01    7.07897E+02    6.18252E+00    2.49232E+02    5.46053E-02   -2.30754E-01    3.68477E-02    1.28861E+00    1.60665E+00    1.40658E+00
    8.35347E+01    7.16026E+02    8.12903E+00    2.52507E+02    6.98171E-02   -2.50974E-01    8.26382E-02    1.33911E+00    1.68893E+00    1.60665E+00
    8.49364E+01    7.22464E+02    6.43809E+00    2.59166E+02    5.37740E-02   -2.29091E-01    3.59353E-02    1.29347E+00    1.61640E+00    1.41246E+00
    8.63540E+01    7.30943E+02    8.47878E+00    2.62552E+02    6.88781E-02   -2.49619E-01    8.10453E-02    1.34502E+00    1.70085E+00    1.61640E+00
    8.77875E+01    7.38008E+02    7.06553E+00    2.69440E+02    5.58292E-02   -2.33842E-01    3.38668E-02    1.30569E+00    1.64280E+00    1.42167E+00
    8.92373E+01    7.44274E+02    6.26529E+00    2.76485E+02    4.81575E-02   -2.17182E-01    3.14540E-02    1.28787E+00    1.60451E+00    1.39804E+00
    9.07034E+01    7.52519E+02    8.24570E+00    2.80067E+02    6.16586E-02   -2.36702E-01    7.50388E-02    1.33872E+00    1.68771E+00    1.60451E+00
    9.21861E+01    7.59068E+02    6.54860E+00    2.87353E+02    4.76423E-02   -2.15889E-01    3.21609E-02    1.29387E+00    1.61577E+00    1.41037E+00
    9.36856E+01    7.67590E+02    8.52261E+00    2.91058E+02    6.03295E-02   -2.34090E-01    7.43720E-02    1.34331E+00    1.69629E+00    1.61577E+00
    9.52020E+01    7.74303E+02    6.71238E+00    2.98594E+02    4.62360E-02   -2.12737E-01    3.12913E-02    1.29666E+00    1.62107E+00    1.41390E+00
    9.67356E+01    7.83002E+02    8.69955E+00    3.02425E+02    5.83150E-02   -2.30294E-01    7.26600E-02    1.34576E+00    1.70091E+00    1.62107E+00
    9.82864E+01    7.89827E+02    6.82417E+00    3.10220E+02    4.45190E-02   -2.08811E-01    3.02835E-02    1.29828E+00    1.62394E+00    1.41564E+00
    9.98548E+01    7.98625E+02    8.79871E+00    3.14183E+02    5.58675E-02   -2.25526E-01    7.07497E-02    1.34668E+00    1.70238E+00    1.62394E+00
    1.01441E+02    8.05405E+02    6.77933E+00    3.22244E+02    4.18990E-02   -2.02564E-01    2.94408E-02    1.29666E+00    1.61976E+00    1.41466E+00
    1.03045E+02    8.13862E+02    8.45735E+00    3.26343E+02    5.08812E-02   -2.14681E-01    6.92341E-02    1.33913E+00    1.68543E+00    1.61976E+00
    1.04667E+02    8.23791E+02    9.92888E+00    3.30489E+02    5.81513E-02   -2.28289E-01    7.76878E-02    1.36697E+00    1.73938E+00    1.68543E+00
    1.06308E+02    8.31282E+02    7.49146E+00    3.38921E+02    4.27161E-02   -2.04619E-01    2.91044E-02    1.31028E+00    1.64785E+00    1.43230E+00
    1.07967E+02    8.40880E+02    9.59757E+00    3.43208E+02    5.32820E-02   -2.20560E-01    6.80840E-02    1.35919E+00    1.72717E+00    1.64785E+00
    1.09645E+02    8.48380E+02    7.50057E+00    3.51929E+02    4.05450E-02   -1.99473E-01    2.74846E-02    1.30955E+00    1.64610E+00    1.42872E+00
    1.11341E+02    8.57983E+02    9.60278E+00    3.56364E+02    5.05464E-02   -2.15033E-01    6.56307E-02    1.35831E+00    1.72521E+00    1.64610E+00
    1.13057E+02    8.65392E+02    7.40880E+00    3.65384E+02    3.79769E-02   -1.93056E-01    2.65772E-02    1.30707E+00    1.64020E+00    1.42626E+00
    1.14793E+02    8.74585E+02    9.19262E+00    3.69970E+02    4.58897E-02   -2.04433E-01    6.40078E-02    1.34990E+00    1.70665E+00    1.64020E+00
    1.16547E+02    8.85315E+02    1.07303E+01    3.74609E+02    5.21699E-02   -2.16849E-01    7.17389E-02    1.37761E+00    1.76030E+00    1.70665E+00
    1.18322E+02    8.93413E+02    8.09768E+00    3.84044E+02    3.83464E-02   -1.94062E-01    2.61956E-02    1.31962E+00    1.66597E+00    1.44250E+00
    1.20117E+02    9.03699E+02    1.02867E+01    3.88841E+02    4.74482E-02   -2.08590E-01    6.27552E-02    1.36827E+00    1.74475E+00    1.66597E+00
    1.21932E+02    9.11613E+02    7.91348E+00    3.98599E+02    3.55565E-02   -1.86916E-01    2.48810E-02    1.31531E+00    1.65649E+00    1.43603E+00
    1.23768E+02    9.21382E+02    9.76922E+00    4.03561E+02    4.27604E-02   -1.97650E-01    6.07855E-02    1.35824E+00    1.72309E+00    1.65649E+00
    1.25624E+02    9.32715E+02    1.13332E+01    4.08579E+02    4.83271E-02   -2.09039E-01    6.80417E-02    1.38547E+00    1.77570E+00    1.72309E+00
    1.27501E+02    9.41143E+02    8.42785E+00    4.18786E+02    3.50132E-02   -1.85495E-01    2.45920E-02    1.32425E+00    1.67444E+00    1.44905E+00
    1.29400E+02    9.51506E+02    1.03630E+01    4.23976E+02    4.19472E-02   -1.95881E-01    5.98142E-02    1.36747E+00    1.74145E+00    1.67444E+00
    1.31320E+02    9.63512E+02    1.20054E+01    4.29225E+02    4.73495E-02   -2.07116E-01    6.67278E-02    1.39513E+00    1.79502E+00    1.74145E+00
    1.33262E+02    9.72582E+02    9.07064E+00    4.39901E+02    3.48596E-02   -1.85201E-01    2.36711E-02    1.33495E+00    1.69657E+00    1.46060E+00
    1.35225E+02    9.84039E+02    1.14566E+01    4.45329E+02    4.29049E-02   -1.98817E-01    5.81104E-02    1.38464E+00    1.77723E+00    1.69657E+00
    1.37211E+02    9.92880E+02    8.84094E+00    4.56371E+02    3.22656E-02   -1.78220E-01    2.24322E-02    1.33011E+00    1.68601E+00    1.45326E+00
    1.39219E+02    1.00374E+03    1.08617E+01    4.61986E+02    3.86322E-02   -1.88343E-01    5.62045E-02    1.37396E+00    1.75432E+00    1.68601E+00
    1.41250E+02    1.01628E+03    1.25368E+01    4.67664E+02    4.34579E-02   -1.98765E-01    6.28521E-02    1.40142E+00    1.80737E+00    1.75432E+00
    1.43304E+02    1.02562E+03    9.33727E+00    4.79214E+02    3.15465E-02   -1.76228E-01    2.21428E-02    1.33825E+00    1.70223E+00    1.46540E+00
    1.45381E+02    1.03702E+03    1.14024E+01    4.85087E+02    3.75491E-02   -1.85754E-01    5.51760E-02    1.38181E+00    1.76981E+00    1.70223E+00
    1.47482E+02    1.05011E+03    1.30896E+01    4.91026E+02    4.20162E-02   -1.95542E-01    6.14794E-02    1.40875E+00    1.82180E+00    1.76981E+00
    1.49606E+02    1.05977E+03    9.66502E+00    5.03107E+02    3.02415E-02   -1.72568E-01    2.14895E-02    1.34311E+00    1.71175E+00    1.47218E+00
    1.51754E+02    1.07144E+03    1.16704E+01    5.09249E+02    3.55971E-02   -1.80842E-01    5.37903E-02    1.38502E+00    1.77571E+00    1.71175E+00
    1.53927E+02    1.08444E+03    1.29999E+01    5.15462E+02    3.86558E-02   -1.87178E-01    6.01669E-02    1.40611E+00    1.81506E+00    1.77571E+00
    1.56124E+02    1.09894E+03    1.44988E+01    5.21744E+02    4.20313E-02   -1.95329E-01    6.22718E-02    1.42821E+00    1.85978E+00    1.81506E+00
    1.58346E+02    1.10958E+03    1.06344E+01    5.34523E+02    3.00562E-02   -1.72087E-01    2.10268E-02    1.35826E+00    1.74278E+00    1.49186E+00
    1.60593E+02    1.12249E+03    1.29132E+01    5.41021E+02    3.55840E-02   -1.81075E-01    5.28745E-02    1.40305E+00    1.81223E+00    1.74278E+00
    1.62866E+02    1.13724E+03    1.47520E+01    5.47592E+02    3.96361E-02   -1.90223E-01    5.87494E-02    1.43048E+00    1.86518E+00    1.81223E+00
    1.65164E+02    1.14814E+03    1.09017E+01    5.60958E+02    2.85607E-02   -1.67794E-01    2.01468E-02    1.36172E+00    1.74950E+00    1.49561E+00
    1.67488E+02    1.16126E+03    1.31189E+01    5.67755E+02    3.35138E-02   -1.75748E-01    5.12492E-02    1.40507E+00    1.81583E+00    1.74950E+00
    1.69838E+02    1.17583E+03    1.45666E+01    5.74628E+02    3.62871E-02   -1.81680E-01    5.72651E-02    1.42662E+00    1.85604E+00    1.81583E+00
    1.72215E+02    1.19201E+03    1.61825E+01    5.81579E+02    3.93119E-02   -1.89223E-01    5.92162E-02    1.44902E+00    1.90132E+00    1.85604E+00
    1.74619E+02    1.20383E+03    1.18188E+01    5.95718E+02    2.79997E-02   -1.66166E-01    1.97081E-02    1.37517E+00    1.77685E+00    1.51371E+00
    1.77050E+02    1.21801E+03    1.41803E+01    6.02907E+02    3.27626E-02   -1.73880E-01    5.02824E-02    1.41939E+00    1.84446E+00    1.77685E+00
    1.79508E+02    1.23372E+03    1.57116E+01    6.10178E+02    3.54035E-02   -1.79605E-01    5.60852E-02    1.44124E+00    1.88526E+00    1.84446E+00
    1.81994E+02    1.25115E+03    1.74249E+01    6.17531E+02    3.82949E-02   -1.86918E-01    5.79345E-02    1.46405E+00    1.93137E+00    1.88526E+00
    1.84509E+02    1.26389E+03    1.27465E+01    6.32487E+02    2.73228E-02   -1.64188E-01    1.91023E-02    1.38815E+00    1.80329E+00    1.53019E+00
    1.87052E+02    1.27917E+03    1.52758E+01    6.40091E+02    3.19383E-02   -1.71817E-01    4.91647E-02    1.43357E+00    1.87291E+00    1.80329E+00
    1.89623E+02    1.29608E+03    1.69112E+01    6.47782E+02    3.44883E-02   -1.77434E-01    5.48220E-02    1.45600E+00    1.91482E+00    1.87291E+00
    1.92223E+02    1.31482E+03    1.87390E+01    6.55560E+02    3.72776E-02   -1.84586E-01    5.66171E-02    1.47939E+00    1.96211E+00    1.91482E+00
    1.94853E+02    1.32856E+03    1.37407E+01    6.71380E+02    2.66644E-02   -1.62240E-01    1.85058E-02    1.40158E+00    1.83065E+00    1.54714E+00
    1.97513E+02    1.34501E+03    1.64507E+01    6.79424E+02    3.11413E-02   -1.69796E-01    4.80696E-02    1.44828E+00    1.90241E+00    1.83065E+00
    2.00203E+02    1.36321E+03    1.81975E+01    6.87560E+02    3.36055E-02   -1.75310E-01    5.35912E-02    1.47130E+00    1.94547E+00    1.90241E+00
    2.02923E+02    1.38335E+03    2.01458E+01    6.95787E+02    3.62948E-02   -1.82298E-01    5.53374E-02    1.49529E+00    1.99394E+00    1.94547E+00
    2.05673E+02    1.39815E+03    1.48012E+01    7.12521E+02    2.60152E-02   -1.60292E-01    1.79336E-02    1.41542E+00    1.85883E+00    1.56463E+00
    2.08455E+02    1.41585E+03    1.76957E+01    7.21030E+02    3.03449E-02   -1.67737E-01    4.70030E-02    1.46333E+00    1.93258E+00    1.85883E+00
    2.11269E+02    1.43540E+03    1.95475E+01    7.29636E+02    3.27044E-02   -1.73090E-01    5.23862E-02    1.48681E+00    1.97650E+00    1.93258E+00
    2.14114E+02    1.45700E+03    2.16000E+01    7.38338E+02    3.52596E-02   -1.79820E-01    5.40774E-02    1.51114E+00    2.02562E+00    1.97650E+00
    2.16991E+02    1.47283E+03    1.58347E+01    7.56040E+02    2.52208E-02   -1.57854E-01    1.74004E-02    1.42841E+00    1.88515E+00    1.58155E+00
    2.19901E+02    1.49166E+03    1.88299E+01    7.65041E+02    2.92637E-02   -1.64788E-01    4.59203E-02    1.47643E+00    1.95862E+00    1.88515E+00
    2.22843E+02    1.51225E+03    2.05858E+01    7.74144E+02    3.12174E-02   -1.69112E-01    5.11731E-02    1.49801E+00    1.99844E+00    1.95862E+00
    2.25819E+02    1.53436E+03    2.21151E+01    7.83349E+02    3.27248E-02   -1.72951E-01    5.30344E-02    1.51569E+00    2.03326E+00    1.99844E+00
    2.28829E+02    1.55852E+03    2.41584E+01    7.92659E+02    3.48840E-02   -1.78868E-01    5.37609E-02    1.53836E+00    2.07969E+00    2.03326E+00
    2.31872E+02    1.57611E+03    1.75855E+01    8.11595E+02    2.47796E-02   -1.56492E-01    1.70262E-02    1.44979E+00    1.92875E+00    1.61009E+00
    2.34950E+02    1.59693E+03    2.08229E+01    8.21224E+02    2.86334E-02   -1.63084E-01    4.51345E-02    1.49902E+00    2.00380E+00    1.92875E+00
    2.38063E+02    1.61957E+03    2.26375E+01    8.30961E+02    3.03785E-02   -1.66901E-01    5.02262E-02    1.52018E+00    2.04261E+00    2.00380E+00
    2.41211E+02    1.64364E+03    2.40765E+01    8.40809E+02    3.15315E-02   -1.69778E-01    5.20274E-02    1.53599E+00    2.07343E+00    2.04261E+00
    2.44394E+02    1.66924E+03    2.55959E+01    8.50768E+02    3.27151E-02   -1.72953E-01    5.29389E-02    1.55211E+00    2.10579E+00    2.07343E+00
    2.47614E+02    1.69706E+03    2.78209E+01    8.60839E+02    3.47045E-02   -1.78504E-01    5.32999E-02    1.57498E+00    2.15289E+00    2.10579E+00
    2.50870E+02    1.71733E+03    2.02692E+01    8.81325E+02    2.46773E-02   -1.56204E-01    1.66580E-02    1.48072E+00    1.99215E+00    1.65038E+00
    2.54162E+02    1.74134E+03    2.40111E+01    8.91741E+02    2.85319E-02   -1.62936E-01    4.45405E-02    1.53336E+00    2.07286E+00    1.99215E+00
    2.57492E+02    1.76752E+03    2.61800E+01    9.02276E+02    3.03638E-02   -1.67062E-01    4.95388E-02    1.55683E+00    2.11623E+00    2.07286E+00
    2.60859E+02    1.79559E+03    2.80696E+01    9.12929E+02    3.17759E-02   -1.70725E-01    5.12737E-02    1.57609E+00    2.15423E+00    2.11623E+00
    2.64265E+02    1.82619E+03    3.06024E+01    9.23703E+02    3.38147E-02   -1.76401E-01    5.19367E-02    1.60092E+00    2.20502E+00    2.15423E+00
    2.67709E+02    1.84857E+03    2.23748E+01    9.45618E+02    2.41327E-02   -1.54504E-01    1.61581E-02    1.50345E+00    2.03854E+00    1.67950E+00
    2.71192E+02    1.87501E+03    2.64403E+01    9.56761E+02    2.78368E-02   -1.61038E-01    4.36286E-02    1.55781E+00    2.12184E+00    2.03854E+00
    2.74714E+02    1.90371E+03    2.87036E+01    9.68030E+02    2.94988E-02   -1.64755E-01    4.85254E-02    1.58111E+00    2.16467E+00    2.12184E+00
    2.78276E+02    1.93420E+03    3.04906E+01    9.79426E+02    3.05886E-02   -1.67524E-01    5.02431E-02    1.59848E+00    2.19855E+00    2.16467E+00
    2.81878E+02    1.96657E+03    3.23680E+01    9.90952E+02    3.16989E-02   -1.70549E-01    5.11070E-02    1.61611E+00    2.23393E+00    2.19855E+00
    2.85521E+02    2.00167E+03    3.51038E+01    1.00261E+03    3.35602E-02   -1.75823E-01    5.14450E-02    1.64101E+00    2.28513E+00    2.23393E+00
    2.89205E+02    2.02728E+03    2.56056E+01    1.02631E+03    2.38978E-02   -1.53777E-01    1.58223E-02    1.53658E+00    2.10630E+00    1.72308E+00
    2.92931E+02    2.05745E+03    3.01746E+01    1.03837E+03    2.74932E-02   -1.60135E-01    4.30123E-02    1.59358E+00    2.19356E+00    2.10630E+00
    2.96699E+02    2.09011E+03    3.26520E+01    1.05056E+03    2.90444E-02   -1.63585E-01    4.77938E-02    1.61739E+00    2.23723E+00    2.19356E+00
    3.00509E+02    2.12463E+03    3.45183E+01    1.06289E+03    2.99764E-02   -1.65925E-01    4.94507E-02    1.63436E+00    2.27016E+00    2.23723E+00
    3.04363E+02    2.16092E+03    3.62992E+01    1.07536E+03    3.07762E-02   -1.68066E-01    5.02983E-02    1.65003E+00    2.30131E+00    2.27016E+00
    3.08260E+02    2.19927E+03    3.83442E+01    1.08797E+03    3.17404E-02   -1.70754E-01    5.08282E-02    1.66756E+00    2.33674E+00    2.30131E+00
    3.12201E+02    2.24073E+03    4.14579E+01    1.10072E+03    3.35059E-02   -1.75795E-01    5.10109E-02    1.69353E+00    2.39025E+00    2.33674E+00
    3.16187E+02    2.27098E+03    3.02503E+01    1.12666E+03    2.38701E-02   -1.53718E-01    1.55244E-02    1.58081E+00    2.19691E+00    1.78101E+00
    3.20217E+02    2.30658E+03    3.56003E+01    1.13985E+03    2.74282E-02   -1.60055E-01    4.25525E-02    1.64196E+00    2.29071E+00    2.19691E+00
    3.24294E+02    2.34506E+03    3.84880E+01    1.15318E+03    2.89531E-02   -1.63462E-01    4.72564E-02    1.66745E+00    2.33750E+00    2.29071E+00
    3.28416E+02    2.38573E+03    4.06610E+01    1.16667E+03    2.98664E-02   -1.65764E-01    4.88750E-02    1.68560E+00    2.37277E+00    2.33750E+00
    3.32585E+02    2.42846E+03    4.27343E+01    1.18031E+03    3.06495E-02   -1.67867E-01    4.96996E-02    1.70238E+00    2.40613E+00    2.37277E+00
    3.36801E+02    2.47357E+03    4.51137E+01    1.19411E+03    3.15940E-02   -1.70507E-01    5.02138E-02    1.72115E+00    2.44404E+00    2.40613E+00
    3.41064E+02    2.52231E+03    4.87331E+01    1.20806E+03    3.33255E-02   -1.75461E-01    5.03886E-02    1.74892E+00    2.50122E+00    2.44404E+00
    3.45376E+02    2.55792E+03    3.56148E+01    1.23644E+03    2.37819E-02   -1.53462E-01    1.52056E-02    1.62787E+00    2.29329E+00    1.84240E+00
    3.49737E+02    2.59977E+03    4.18449E+01    1.25087E+03    2.72854E-02   -1.59741E-01    4.20508E-02    1.69329E+00    2.39376E+00    2.29329E+00
    3.54147E+02    2.64492E+03    4.51575E+01    1.26546E+03    2.87539E-02   -1.63018E-01    4.66793E-02    1.72020E+00    2.44311E+00    2.39376E+00
    3.58606E+02    2.69251E+03    4.75869E+01    1.28022E+03    2.95896E-02   -1.65108E-01    4.82582E-02    1.73890E+00    2.47936E+00    2.44311E+00
    3.63116E+02    2.74231E+03    4.97980E+01    1.29514E+03    3.02382E-02   -1.66828E-01    4.90570E-02    1.75540E+00    2.51203E+00    2.47936E+00
    3.67677E+02    2.79441E+03    5.21004E+01    1.31023E+03    3.08947E-02   -1.68633E-01    4.95738E-02    1.77218E+00    2.54563E+00    2.51203E+00
    3.72290E+02    2.84927E+03    5.48576E+01    1.32550E+03    3.17676E-02   -1.71094E-01    4.99443E-02    1.79183E+00    2.58543E+00    2.54563E+00
    3.76954E+02    2.90841E+03    5.91453E+01    1.34093E+03    3.34488E-02   -1.75910E-01    5.00448E-02    1.82158E+00    2.64675E+00    2.58543E+00
    3.81672E+02    2.95169E+03    4.32759E+01    1.37233E+03    2.39015E-02   -1.53876E-01    1.49568E-02    1.68940E+00    2.41936E+00    1.92288E+00
    3.86442E+02    3.00247E+03    5.07844E+01    1.38830E+03    2.73927E-02   -1.60161E-01    4.17263E-02    1.76064E+00    2.52901E+00    2.41936E+00
    3.91267E+02    3.05723E+03    5.47584E+01    1.40444E+03    2.88461E-02   -1.63409E-01    4.62975E-02    1.78986E+00    2.58267E+00    2.52901E+00
    3.96146E+02    3.11490E+03    5.76671E+01    1.42077E+03    2.96689E-02   -1.65468E-01    4.78467E-02    1.81016E+00    2.62203E+00    2.58267E+00
    4.01080E+02    3.17521E+03    6.03110E+01    1.43728E+03    3.03050E-02   -1.67154E-01    4.86264E-02    1.82806E+00    2.65747E+00    2.62203E+00
    4.06070E+02    3.23827E+03    6.30602E+01    1.45398E+03    3.09473E-02   -1.68919E-01    4.91286E-02    1.84623E+00    2.69387E+00    2.65747E+00
    4.11116E+02    3.30462E+03    6.63476E+01    1.47087E+03    3.18016E-02   -1.71326E-01    4.94864E-02    1.86749E+00    2.73693E+00    2.69387E+00
    4.16220E+02    3.37607E+03    7.14557E+01    1.48795E+03    3.34521E-02   -1.76051E-01    4.95783E-02    1.89966E+00    2.80316E+00    2.73693E+00
    4.21381E+02    3.42841E+03    5.23367E+01    1.52269E+03    2.39310E-02   -1.53997E-01    1.46927E-02    1.75553E+00    2.55478E+00    2.00929E+00
    4.26600E+02    3.48971E+03    6.13014E+01    1.54035E+03    2.73778E-02   -1.60214E-01    4.13421E-02    1.83267E+00    2.67358E+00    2.55478E+00
    4.31879E+02    3.55567E+03    6.59625E+01    1.55821E+03    2.87743E-02   -1.63318E-01    4.58433E-02    1.86380E+00    2.73069E+00    2.67358E+00
    4.37217E+02    3.62496E+03    6.92833E+01    1.57628E+03    2.95203E-02   -1.65162E-01    4.73481E-02    1.88488E+00    2.77146E+00    2.73069E+00
    4.42615E+02    3.69713E+03    7.21771E+01    1.59455E+03    3.00388E-02   -1.66512E-01    4.80888E-02    1.90271E+00    2.80665E+00    2.77146E+00
    4.48074E+02    3.77211E+03    7.49741E+01    1.61303E+03    3.04783E-02   -1.67692E-01    4.85548E-02    1.91956E+00    2.84019E+00    2.80665E+00
    4.53595E+02    3.84998E+03    7.78700E+01    1.63171E+03    3.09208E-02   -1.68906E-01    4.89020E-02    1.93667E+00    2.87444E+00    2.84019E+00
    4.59179E+02    3.93106E+03    8.10850E+01    1.65061E+03    3.14505E-02   -1.70384E-01    4.91908E-02    1.95531E+00    2.91198E+00    2.87444E+00
    4.64825E+02    4.01613E+03    8.50718E+01    1.66972E+03    3.22318E-02   -1.72594E-01    4.94272E-02    1.97800E+00    2.95803E+00    2.91198E+00
    4.70535E+02    4.10754E+03    9.14080E+01    1.68904E+03    3.38299E-02   -1.77158E-01    4.94450E-02    2.01315E+00    3.03046E+00    2.95803E+00
    4.76310E+02    4.17450E+03    6.69575E+01    1.72835E+03    2.42068E-02   -1.54907E-01    1.45129E-02    1.85114E+00    2.75072E+00    2.13478E+00
    4.82150E+02    4.25279E+03    7.82905E+01    1.74834E+03    2.76487E-02   -1.61102E-01    4.11676E-02    1.93706E+00    2.88319E+00    2.75072E+00
    4.88056E+02    4.33691E+03    8.41187E+01    1.76855E+03    2.90196E-02   -1.64130E-01    4.56159E-02    1.97141E+00    2.94622E+00    2.88319E+00
    4.94029E+02    4.42514E+03    8.82285E+01    1.78899E+03    2.97334E-02   -1.65881E-01    4.70839E-02    1.99447E+00    2.99081E+00    2.94622E+00
    5.00069E+02    4.51691E+03    9.17689E+01    1.80967E+03    3.02116E-02   -1.67115E-01    4.77946E-02    2.01378E+00    3.02887E+00    2.99081E+00
    5.06178E+02    4.61204E+03    9.51365E+01    1.83057E+03    3.05966E-02   -1.68137E-01    4.82324E-02    2.03174E+00    3.06459E+00    3.02887E+00
    5.12356E+02    4.71058E+03    9.85338E+01    1.85172E+03    3.09573E-02   -1.69115E-01    4.85514E-02    2.04952E+00    3.10012E+00    3.06459E+00
    5.18603E+02    4.81271E+03    1.02132E+02    1.87310E+03    3.13468E-02   -1.70188E-01    4.88141E-02    2.06803E+00    3.13723E+00    3.10012E+00
    5.24921E+02    4.91889E+03    1.06178E+02    1.89472E+03    3.18369E-02   -1.71555E-01    4.90476E-02    2.08849E+00    3.17846E+00    3.13723E+00
    5.31310E+02    5.03013E+03    1.11240E+02    1.91659E+03    3.25853E-02   -1.73667E-01    4.92442E-02    2.11361E+00    3.22947E+00    3.17846E+00
    5.37772E+02    5.14947E+03    1.19342E+02    1.93871E+03    3.41525E-02   -1.78125E-01    4.92334E-02    2.15283E+00    3.31026E+00    3.22947E+00
    5.44306E+02    5.23695E+03    8.74816E+01    1.98369E+03    2.44581E-02   -1.55734E-01    1.43219E-02    1.96911E+00    2.99248E+00    2.28942E+00
    5.50915E+02    5.33907E+03    1.02115E+02    2.00656E+03    2.78917E-02   -1.61905E-01    4.09693E-02    2.06585E+00    3.14179E+00    2.99248E+00
    5.57598E+02    5.44862E+03    1.09551E+02    2.02970E+03    2.92337E-02   -1.64850E-01    4.53652E-02    2.10413E+00    3.21204E+00    3.14179E+00
    5.64357E+02    5.56334E+03    1.14729E+02    2.05309E+03    2.99107E-02   -1.66496E-01    4.67963E-02    2.12955E+00    3.26115E+00    3.21204E+00
    5.71192E+02    5.68247E+03    1.19127E+02    2.07675E+03    3.03429E-02   -1.67598E-01    4.74752E-02    2.15055E+00    3.30251E+00    3.26115E+00
    5.78104E+02    5.80571E+03    1.23236E+02    2.10067E+03    3.06678E-02   -1.68449E-01    4.78810E-02    2.16976E+00    3.34066E+00    3.30251E+00
    5.85094E+02    5.93298E+03    1.27276E+02    2.12487E+03    3.09450E-02   -1.69190E-01    4.81653E-02    2.18831E+00    3.37765E+00    3.34066E+00
    5.92163E+02    6.06437E+03    1.31381E+02    2.14934E+03    3.12090E-02   -1.69904E-01    4.83895E-02    2.20684E+00    3.41470E+00    3.37765E+00
    5.99313E+02    6.20004E+03    1.35672E+02    2.17408E+03    3.14881E-02   -1.70669E-01    4.85838E-02    2.22591E+00    3.45291E+00    3.41470E+00
    6.06543E+02    6.34035E+03    1.40313E+02    2.19911E+03    3.18174E-02   -1.71579E-01    4.87648E-02    2.24622E+00    3.49370E+00    3.45291E+00
    6.13854E+02    6.48595E+03    1.45603E+02    2.22441E+03    3.22591E-02   -1.72812E-01    4.89395E-02    2.26900E+00    3.53965E+00    3.49370E+00
    6.21249E+02    6.63824E+03    1.52287E+02    2.25001E+03    3.29660E-02   -1.74803E-01    4.90905E-02    2.29728E+00    3.59709E+00    3.53965E+00
    6.28727E+02    6.80133E+03    1.63087E+02    2.27589E+03    3.44942E-02   -1.79134E-01    4.90447E-02    2.34186E+00    3.68892E+00    3.59709E+00
    6.36289E+02    6.92091E+03    1.19584E+02    2.32854E+03    2.47132E-02   -1.56567E-01    1.41383E-02    2.12853E+00    3.31920E+00    2.49860E+00
    6.43937E+02    7.06025E+03    1.39337E+02    2.35531E+03    2.81353E-02   -1.62704E-01    4.07754E-02    2.23983E+00    3.49116E+00    3.31920E+00
    6.51671E+02    7.20950E+03    1.49247E+02    2.38238E+03    2.94460E-02   -1.65562E-01    4.51151E-02    2.28341E+00    3.57110E+00    3.49116E+00
    6.59493E+02    7.36557E+03    1.56070E+02    2.40976E+03    3.00869E-02   -1.67105E-01    4.65062E-02    2.31205E+00    3.62643E+00    3.57110E+00
    6.67403E+02    7.52737E+03    1.61804E+02    2.43745E+03    3.04782E-02   -1.68092E-01    4.71511E-02    2.33550E+00    3.67258E+00    3.62643E+00
    6.75402E+02    7.69447E+03    1.67103E+02    2.46545E+03    3.07560E-02   -1.68812E-01    4.75242E-02    2.35673E+00    3.71471E+00    3.67258E+00
    6.83492E+02    7.86672E+03    1.72244E+02    2.49376E+03    3.09769E-02   -1.69395E-01    4.77748E-02    2.37698E+00    3.75505E+00    3.71471E+00
    6.91673E+02    8.04409E+03    1.77376E+02    2.52240E+03    3.11704E-02   -1.69912E-01    4.79627E-02    2.39687E+00    3.79477E+00    3.75505E+00
    6.99947E+02    8.22669E+03    1.82603E+02    2.55136E+03    3.13554E-02   -1.70412E-01    4.81168E-02    2.41683E+00    3.83468E+00    3.79477E+00
    7.08314E+02    8.41472E+03    1.88023E+02    2.58065E+03    3.15481E-02   -1.70938E-01    4.82531E-02    2.43723E+00    3.87553E+00    3.83468E+00
    7.16776E+02    8.60848E+03    1.93759E+02    2.61027E+03    3.17678E-02   -1.71543E-01    4.83820E-02    2.45851E+00    3.91821E+00    3.87553E+00
    7.25333E+02    8.80849E+03    2.00013E+02    2.64022E+03    3.20442E-02   -1.72311E-01    4.85104E-02    2.48138E+00    3.96418E+00    3.91821E+00
    7.33987E+02    9.01568E+03    2.07190E+02    2.67052E+03    3.24362E-02   -1.73408E-01    4.86399E-02    2.50723E+00    4.01633E+00    3.96418E+00
    7.42739E+02    9.23200E+03    2.16322E+02    2.70115E+03    3.30928E-02   -1.75260E-01    4.87507E-02    2.53957E+00    4.08203E+00    4.01633E+00
    7.51590E+02    9.46321E+03    2.31211E+02    2.73213E+03    3.45633E-02   -1.79428E-01    4.86708E-02    2.59102E+00    4.18801E+00    4.08203E+00
    7.60540E+02    9.63271E+03    1.69494E+02    2.79515E+03    2.47594E-02   -1.56736E-01    1.39052E-02    2.33832E+00    3.74910E+00    2.77398E+00
    7.69592E+02    9.82979E+03    1.97081E+02    2.82719E+03    2.81327E-02   -1.62786E-01    4.04163E-02    2.46851E+00    3.95031E+00    3.74910E+00
    7.78746E+02    1.00405E+04    2.10702E+02    2.85960E+03    2.93914E-02   -1.65516E-01    4.46758E-02    2.51876E+00    4.04243E+00    3.95031E+00
    7.88004E+02    1.02604E+04    2.19936E+02    2.89237E+03    2.99804E-02   -1.66922E-01    4.60143E-02    2.55134E+00    4.10532E+00    4.04243E+00
    7.97366E+02    1.04880E+04    2.27597E+02    2.92551E+03    3.03177E-02   -1.67764E-01    4.66150E-02    2.57770E+00    4.15716E+00    4.10532E+00
    8.06834E+02    1.07226E+04    2.34589E+02    2.95902E+03    3.05374E-02   -1.68325E-01    4.69462E-02    2.60130E+00    4.20395E+00    4.15716E+00
    8.16409E+02    1.09639E+04    2.41286E+02    2.99292E+03    3.06940E-02   -1.68732E-01    4.71542E-02    2.62353E+00    4.24822E+00    4.20395E+00
    8.26092E+02    1.12118E+04    2.47873E+02    3.02720E+03    3.08140E-02   -1.69047E-01    4.72975E-02    2.64508E+00    4.29119E+00    4.24822E+00
    8.35885E+02    1.14662E+04    2.54455E+02    3.06186E+03    3.09125E-02   -1.69309E-01    4.74033E-02    2.66632E+00    4.33360E+00    4.29119E+00
    8.45788E+02    1.17273E+04    2.61107E+02    3.09692E+03    3.09988E-02   -1.69540E-01    4.74863E-02    2.68749E+00    4.37592E+00    4.33360E+00
    8.55803E+02    1.19952E+04    2.67886E+02    3.13237E+03    3.10803E-02   -1.69761E-01    4.75553E-02    2.70879E+00    4.41852E+00    4.37592E+00
    8.65932E+02    1.22701E+04    2.74851E+02    3.16823E+03    3.11632E-02   -1.69988E-01    4.76161E-02    2.73039E+00    4.46176E+00    4.41852E+00
    8.76174E+02    1.25521E+04    2.82071E+02    3.20448E+03    3.12548E-02   -1.70241E-01    4.76733E-02    2.75250E+00    4.50605E+00    4.46176E+00
    8.86533E+02    1.28418E+04    2.89644E+02    3.24115E+03    3.13645E-02   -1.70547E-01    4.77304E-02    2.77540E+00    4.55194E+00    4.50605E+00
    8.97009E+02    1.31395E+04    2.97725E+02    3.27824E+03    3.15070E-02   -1.70947E-01    4.77910E-02    2.79953E+00    4.60036E+00    4.55194E+00
    9.07603E+02    1.34461E+04    3.06596E+02    3.31574E+03    3.17088E-02   -1.71518E-01    4.78578E-02    2.82566E+00    4.65292E+00    4.60036E+00
    9.18316E+02    1.37630E+04    3.16852E+02    3.35366E+03    3.20253E-02   -1.72418E-01    4.79301E-02    2.85546E+00    4.71307E+00    4.65292E+00
    9.29151E+02    1.40930E+04    3.30031E+02    3.39202E+03    3.26000E-02   -1.74061E-01    4.79869E-02    2.89314E+00    4.78964E+00    4.71307E+00
    9.40108E+02    1.44448E+04    3.51827E+02    3.43080E+03    3.39641E-02   -1.77971E-01    4.78603E-02    2.95399E+00    4.91500E+00    4.78964E+00
    9.51189E+02    1.47023E+04    2.57516E+02    3.50970E+03    2.42955E-02   -1.55280E-01    1.35506E-02    2.64291E+00    4.37323E+00    3.17444E+00
    9.62395E+02    1.50010E+04    2.98652E+02    3.54982E+03    2.75372E-02   -1.61135E-01    3.96580E-02    2.80003E+00    4.61588E+00    4.37323E+00
    9.73728E+02    1.53195E+04    3.18520E+02    3.59039E+03    2.87030E-02   -1.63664E-01    4.37826E-02    2.85944E+00    4.72464E+00    4.61588E+00
    9.85189E+02    1.56512E+04    3.31711E+02    3.63142E+03    2.92138E-02   -1.64879E-01    4.50427E-02    2.89723E+00    4.79751E+00    4.72464E+00
    9.96779E+02    1.59937E+04    3.42473E+02    3.67291E+03    2.94778E-02   -1.65530E-01    4.55813E-02    2.92735E+00    4.85668E+00    4.79751E+00
    1.00850E+03    1.63459E+04    3.52165E+02    3.71487E+03    2.96250E-02   -1.65898E-01    4.58560E-02    2.95399E+00    4.90947E+00    4.85668E+00
    1.02035E+03    1.67072E+04    3.61343E+02    3.75731E+03    2.97083E-02   -1.66107E-01    4.60094E-02    2.97884E+00    4.95890E+00    4.90947E+00
    1.03234E+03    1.70775E+04    3.70273E+02    3.80022E+03    2.97528E-02   -1.66216E-01    4.60980E-02    3.00270E+00    5.00645E+00    4.95890E+00
    1.04447E+03    1.74566E+04    3.79102E+02    3.84362E+03    2.97722E-02   -1.66260E-01    4.61483E-02    3.02598E+00    5.05292E+00    5.00645E+00
    1.05673E+03    1.78445E+04    3.87919E+02    3.88751E+03    2.97747E-02   -1.66261E-01    4.61740E-02    3.04895E+00    5.09880E+00    5.05292E+00
    1.06912E+03    1.82413E+04    3.96786E+02    3.93190E+03    2.97657E-02   -1.66231E-01    4.61833E-02    3.07178E+00    5.14442E+00    5.09880E+00
    1.08166E+03    1.86470E+04    4.05748E+02    3.97679E+03    2.97490E-02   -1.66182E-01    4.61811E-02    3.09460E+00    5.19004E+00    5.14442E+00
    1.09434E+03    1.90619E+04    4.14847E+02    4.02218E+03    2.97278E-02   -1.66121E-01    4.61709E-02    3.11750E+00    5.23584E+00    5.19004E+00
    1.10717E+03    1.94860E+04    4.24125E+02    4.06809E+03    2.97049E-02   -1.66056E-01    4.61553E-02    3.14060E+00    5.28204E+00    5.23584E+00
    1.12014E+03    1.99196E+04    4.33629E+02    4.11452E+03    2.96835E-02   -1.65997E-01    4.61363E-02    3.16400E+00    5.32886E+00    5.28204E+00
    1.13325E+03    2.03630E+04    4.43420E+02    4.16147E+03    2.96672E-02   -1.65953E-01    4.61158E-02    3.18784E+00    5.37660E+00    5.32886E+00
    1.14652E+03    2.08166E+04    4.53585E+02    4.20895E+03    2.96611E-02   -1.65941E-01    4.60956E-02    3.21232E+00    5.42564E+00    5.37660E+00
    1.15993E+03    2.12809E+04    4.64261E+02    4.25697E+03    2.96729E-02   -1.65981E-01    4.60779E-02    3.23775E+00    5.47663E+00    5.42564E+00
    1.17349E+03    2.17566E+04    4.75677E+02    4.30553E+03    2.97153E-02   -1.66112E-01    4.60649E-02    3.26464E+00    5.53061E+00    5.47663E+00
    1.18721E+03    2.22448E+04    4.88260E+02    4.35464E+03    2.98120E-02   -1.66405E-01    4.60584E-02    3.29394E+00    5.58955E+00    5.53061E+00
    1.20109E+03    2.27478E+04    5.02923E+02    4.40431E+03    3.00135E-02   -1.67010E-01    4.60573E-02    3.32766E+00    5.65765E+00    5.58955E+00
    1.21512E+03    2.32698E+04    5.22042E+02    4.45454E+03    3.04506E-02   -1.68318E-01    4.60413E-02    3.37099E+00    5.74576E+00    5.65765E+00
    1.22930E+03    2.38242E+04    5.54435E+02    4.50533E+03    3.16096E-02   -1.71777E-01    4.58518E-02    3.44279E+00    5.89375E+00    5.74576E+00
    1.24365E+03    2.42284E+04    4.04186E+02    4.60865E+03    2.25232E-02   -1.49525E-01    1.28654E-02    3.05048E+00    5.20806E+00    3.71136E+00
    1.25816E+03    2.46954E+04    4.67024E+02    4.66118E+03    2.54373E-02   -1.54935E-01    3.78477E-02    3.24193E+00    5.50282E+00    5.20806E+00
    1.27284E+03    2.51917E+04    4.96286E+02    4.71431E+03    2.64209E-02   -1.57103E-01    4.17058E-02    3.31179E+00    5.63024E+00    5.50282E+00
    1.28768E+03    2.57067E+04    5.14993E+02    4.76804E+03    2.67980E-02   -1.57998E-01    4.28309E-02    3.35467E+00    5.71268E+00    5.63024E+00
    1.30269E+03    2.62365E+04    5.29786E+02    4.82238E+03    2.69456E-02   -1.58346E-01    4.32688E-02    3.38786E+00    5.77776E+00    5.71268E+00
    1.31787E+03    2.67793E+04    5.42784E+02    4.87733E+03    2.69838E-02   -1.58416E-01    4.34549E-02    3.41656E+00    5.83453E+00    5.77776E+00
    1.33322E+03    2.73341E+04    5.54841E+02    4.93290E+03    2.69610E-02   -1.58324E-01    4.35244E-02    3.44284E+00    5.88672E+00    5.83453E+00
    1.34874E+03    2.79005E+04    5.66363E+02    4.98910E+03    2.69002E-02   -1.58130E-01    4.35307E-02    3.46765E+00    5.93611E+00    5.88672E+00
    1.36444E+03    2.84781E+04    5.77565E+02    5.04593E+03    2.68136E-02   -1.57865E-01    4.34987E-02    3.49151E+00    5.98368E+00    5.93611E+00
    1.38031E+03    2.90666E+04    5.88573E+02    5.10341E+03    2.67086E-02   -1.57548E-01    4.34413E-02    3.51471E+00    6.02999E+00    5.98368E+00
    1.39637E+03    2.96661E+04    5.99461E+02    5.16154E+03    2.65894E-02   -1.57190E-01    4.33660E-02    3.53745E+00    6.07536E+00    6.02999E+00
    1.41261E+03    3.02764E+04    6.10279E+02    5.22032E+03    2.64592E-02   -1.56800E-01    4.32773E-02    3.55982E+00    6.12004E+00    6.07536E+00
    1.42903E+03    3.08974E+04    6.21060E+02    5.27977E+03    2.63198E-02   -1.56382E-01    4.31779E-02    3.58191E+00    6.16416E+00    6.12004E+00
    1.44563E+03    3.15293E+04    6.31826E+02    5.33989E+03    2.61727E-02   -1.55941E-01    4.30699E-02    3.60377E+00    6.20784E+00    6.16416E+00
    1.46243E+03    3.21719E+04    6.42594E+02    5.40068E+03    2.60190E-02   -1.55480E-01    4.29547E-02    3.62544E+00    6.25114E+00    6.20784E+00
    1.47941E+03    3.28252E+04    6.53375E+02    5.46217E+03    2.58596E-02   -1.55000E-01    4.28331E-02    3.64696E+00    6.29414E+00    6.25114E+00
    1.49658E+03    3.34894E+04    6.64180E+02    5.52435E+03    2.56953E-02   -1.54504E-01    4.27060E-02    3.66834E+00    6.33686E+00    6.29414E+00
    1.51395E+03    3.41644E+04    6.75019E+02    5.58723E+03    2.55265E-02   -1.53994E-01    4.25739E-02    3.68961E+00    6.37937E+00    6.33686E+00
    1.53152E+03    3.48503E+04    6.85900E+02    5.65083E+03    2.53540E-02   -1.53470E-01    4.24374E-02    3.71078E+00    6.42170E+00    6.37937E+00
    1.54928E+03    3.55472E+04    6.96834E+02    5.71514E+03    2.51783E-02   -1.52936E-01    4.22969E-02    3.73189E+00    6.46389E+00    6.42170E+00
    1.56725E+03    3.62550E+04    7.07833E+02    5.78018E+03    2.50001E-02   -1.52392E-01    4.21528E-02    3.75296E+00    6.50600E+00    6.46389E+00
    1.58541E+03    3.69739E+04    7.18915E+02    5.84595E+03    2.48201E-02   -1.51841E-01    4.20055E-02    3.77402E+00    6.54810E+00    6.50600E+00
    1.60379E+03    3.77040E+04    7.30103E+02    5.91247E+03    2.46391E-02   -1.51285E-01    4.18555E-02    3.79511E+00    6.59029E+00    6.54810E+00
    1.62237E+03    3.84454E+04    7.41432E+02    5.97974E+03    2.44585E-02   -1.50729E-01    4.17033E-02    3.81631E+00    6.63268E+00    6.59029E+00
    1.64116E+03    3.91984E+04    7.52952E+02    6.04777E+03    2.42798E-02   -1.50178E-01    4.15495E-02    3.83770E+00    6.67547E+00    6.63268E+00
    1.66016E+03    3.99631E+04    7.64739E+02    6.11656E+03    2.41052E-02   -1.49638E-01    4.13950E-02    3.85942E+00    6.71895E+00    6.67547E+00
    1.67938E+03    4.07400E+04    7.76914E+02    6.18614E+03    2.39382E-02   -1.49122E-01    4.12408E-02    3.88169E+00    6.76356E+00    6.71895E+00
    1.69881E+03    4.15297E+04    7.89676E+02    6.25650E+03    2.37844E-02   -1.48648E-01    4.10881E-02    3.90486E+00    6.81002E+00    6.76356E+00
    1.71847E+03    4.23331E+04    8.03374E+02    6.32766E+03    2.36529E-02   -1.48246E-01    4.09384E-02    3.92955E+00    6.85960E+00    6.81002E+00
    1.73834E+03    4.31518E+04    8.18675E+02    6.39962E+03    2.35616E-02   -1.47978E-01    4.07932E-02    3.95691E+00    6.91471E+00    6.85960E+00
    1.75845E+03    4.39888E+04    8.37019E+02    6.47239E+03    2.35480E-02   -1.47971E-01    4.06512E-02    3.98944E+00    6.98053E+00    6.91471E+00
    1.77877E+03    4.48510E+04    8.62180E+02    6.54598E+03    2.37107E-02   -1.48563E-01    4.04946E-02    4.03360E+00    7.07058E+00    6.98053E+00
    1.79933E+03    4.57592E+04    9.08223E+02    6.62041E+03    2.44157E-02   -1.50999E-01    4.01876E-02    4.11294E+00    7.23460E+00    7.07058E+00
    1.82012E+03    4.64126E+04    6.53445E+02    6.77180E+03    1.71718E-02   -1.30564E-01    1.11735E-02    3.59711E+00    6.32682E+00    4.43812E+00
    1.84115E+03    4.71619E+04    7.49248E+02    6.84878E+03    1.92471E-02   -1.34793E-01    3.28310E-02    3.82775E+00    6.67772E+00    6.32682E+00
    1.86241E+03    4.79517E+04    7.89804E+02    6.92663E+03    1.98332E-02   -1.36143E-01    3.60297E-02    3.90418E+00    6.81523E+00    6.67772E+00
    1.88391E+03    4.87646E+04    8.12885E+02    7.00536E+03    1.99543E-02   -1.36367E-01    3.68551E-02    3.94609E+00    6.89487E+00    6.81523E+00
    1.90566E+03    4.95938E+04    8.29267E+02    7.08497E+03    1.98993E-02   -1.36103E-01    3.70839E-02    3.97530E+00    6.95163E+00    6.89487E+00
    1.92765E+03    5.04362E+04    8.42369E+02    7.16549E+03    1.97598E-02   -1.35587E-01    3.70928E-02    3.99837E+00    6.99691E+00    6.95163E+00
    1.94989E+03    5.12898E+04    8.53563E+02    7.24692E+03    1.95728E-02   -1.34922E-01    3.69985E-02    4.01787E+00    7.03542E+00    6.99691E+00
    1.97238E+03    5.21533E+04    8.63492E+02    7.32927E+03    1.93560E-02   -1.34158E-01    3.68474E-02    4.03501E+00    7.06937E+00    7.03542E+00
    1.99513E+03    5.30258E+04    8.72493E+02    7.41255E+03    1.91187E-02   -1.33322E-01    3.66608E-02    4.05043E+00    7.09997E+00    7.06937E+00
    2.01813E+03    5.39065E+04    8.80752E+02    7.49677E+03    1.88665E-02   -1.32431E-01    3.64498E-02    4.06448E+00    7.12787E+00    7.09997E+00
    2.04139E+03    5.47949E+04    8.88378E+02    7.58194E+03    1.86028E-02   -1.31495E-01    3.62208E-02    4.07737E+00    7.15347E+00    7.12787E+00
    2.06492E+03    5.56903E+04    8.95435E+02    7.66807E+03    1.83299E-02   -1.30520E-01    3.59776E-02    4.08922E+00    7.17702E+00    7.15347E+00
    2.08871E+03    5.65923E+04    9.01960E+02    7.75518E+03    1.80492E-02   -1.29511E-01    3.57225E-02    4.10011E+00    7.19866E+00    7.17702E+00
    2.11277E+03    5.75003E+04    9.07972E+02    7.84327E+03    1.77618E-02   -1.28470E-01    3.54573E-02    4.11008E+00    7.21847E+00    7.19866E+00
    2.13710E+03    5.84137E+04    9.13479E+02    7.93236E+03    1.74687E-02   -1.27401E-01    3.51829E-02    4.11916E+00    7.23649E+00    7.21847E+00
    2.16171E+03    5.93322E+04    9.18483E+02    8.02245E+03    1.71705E-02   -1.26303E-01    3.49002E-02    4.12735E+00    7.25275E+00    7.23649E+00
    2.18659E+03    6.02552E+04    9.22977E+02    8.11356E+03    1.68675E-02   -1.25179E-01    3.46096E-02    4.13466E+00    7.26724E+00    7.25275E+00
    2.21176E+03    6.11821E+04    9.26953E+02    8.20570E+03    1.65603E-02   -1.24028E-01    3.43115E-02    4.14107E+00    7.27994E+00    7.26724E+00
    2.23721E+03    6.21125E+04    9.30398E+02    8.29888E+03    1.62491E-02   -1.22852E-01    3.40062E-02    4.14658E+00    7.29081E+00    7.27994E+00
    2.26295E+03    6.30458E+04    9.33297E+02    8.39312E+03    1.59343E-02   -1.21651E-01    3.36938E-02    4.15115E+00    7.29983E+00    7.29081E+00
    2.28898E+03    6.39815E+04    9.35634E+02    8.48842E+03    1.56161E-02   -1.20425E-01    3.33746E-02    4.15477E+00    7.30694E+00    7.29983E+00
    2.31530E+03    6.49189E+04    9.37391E+02    8.58480E+03    1.52947E-02   -1.19174E-01    3.30486E-02    4.15741E+00    7.31209E+00    7.30694E+00
    2.34192E+03    6.58574E+04    9.38548E+02    8.68226E+03    1.49704E-02   -1.17898E-01    3.27157E-02    4.15905E+00    7.31521E+00    7.31209E+00
    2.36884E+03    6.67965E+04    9.39085E+02    8.78083E+03    1.46432E-02   -1.16598E-01    3.23762E-02    4.15964E+00    7.31625E+00    7.31521E+00
    2.39607E+03    6.77355E+04    9.38982E+02    8.88051E+03    1.43135E-02   -1.15272E-01    3.20299E-02    4.15916E+00    7.31514E+00    7.31625E+00
    2.42360E+03    6.86737E+04    9.38216E+02    8.98132E+03    1.39814E-02   -1.13921E-01    3.16768E-02    4.15756E+00    7.31180E+00    7.31514E+00
    2.45145E+03    6.96105E+04    9.36767E+02    9.08326E+03    1.36470E-02   -1.12544E-01    3.13169E-02    4.15482E+00    7.30617E+00    7.31180E+00
    2.47961E+03    7.05451E+04    9.34610E+02    9.18636E+03    1.33105E-02   -1.11142E-01    3.09503E-02    4.15089E+00    7.29814E+00    7.30617E+00
    2.50808E+03    7.14768E+04    9.31725E+02    9.29063E+03    1.29722E-02   -1.09714E-01    3.05767E-02    4.14573E+00    7.28765E+00    7.29814E+00
    2.53688E+03    7.24049E+04    9.28087E+02    9.39607E+03    1.26321E-02   -1.08260E-01    3.01962E-02    4.13929E+00    7.27461E+00    7.28765E+00
    2.56601E+03    7.33286E+04    9.23676E+02    9.50270E+03    1.22905E-02   -1.06780E-01    2.98086E-02    4.13154E+00    7.25892E+00    7.27461E+00
    2.59546E+03    7.42470E+04    9.18469E+02    9.61054E+03    1.19475E-02   -1.05273E-01    2.94140E-02    4.12241E+00    7.24050E+00    7.25892E+00
    2.62525E+03    7.51595E+04    9.12443E+02    9.71960E+03    1.16033E-02   -1.03738E-01    2.90122E-02    4.11188E+00    7.21924E+00    7.24050E+00
    2.65537E+03    7.60651E+04    9.05577E+02    9.82989E+03    1.12582E-02   -1.02177E-01    2.86031E-02    4.09987E+00    7.19503E+00    7.21924E+00
    2.68583E+03    7.69629E+04    8.97852E+02    9.94142E+03    1.09122E-02   -1.00587E-01    2.81866E-02    4.08635E+00    7.16779E+00    7.19503E+00
    2.71664E+03    7.78522E+04    8.89247E+02    1.00542E+04    1.05657E-02   -9.89692E-02    2.77628E-02    4.07126E+00    7.13740E+00    7.16779E+00
    2.74780E+03    7.87319E+04    8.79743E+02    1.01683E+04    1.02188E-02   -9.73230E-02    2.73313E-02    4.05454E+00    7.10376E+00    7.13740E+00
    2.77931E+03    7.96012E+04    8.69325E+02    1.02836E+04    9.87174E-03   -9.56480E-02    2.68923E-02    4.03614E+00    7.06674E+00    7.10376E+00
    2.81117E+03    8.04592E+04    8.57978E+02    1.04003E+04    9.52482E-03   -9.39439E-02    2.64455E-02    4.01601E+00    7.02625E+00    7.06674E+00
    2.84339E+03    8.13049E+04    8.45689E+02    1.05183E+04    9.17828E-03   -9.22104E-02    2.59908E-02    3.99408E+00    6.98216E+00    7.02625E+00
    2.87598E+03    8.21373E+04    8.32449E+02    1.06376E+04    8.83242E-03   -9.04474E-02    2.55282E-02    3.97031E+00    6.93438E+00    6.98216E+00
    2.90894E+03    8.29556E+04    8.18256E+02    1.07583E+04    8.48755E-03   -8.86548E-02    2.50577E-02    3.94463E+00    6.88279E+00    6.93438E+00
    2.94227E+03    8.37587E+04    8.03110E+02    1.08803E+04    8.14406E-03   -8.68328E-02    2.45790E-02    3.91702E+00    6.82731E+00    6.88279E+00
    2.97597E+03    8.45457E+04    7.87021E+02    1.10037E+04    7.80235E-03   -8.49818E-02    2.40923E-02    3.88742E+00    6.76786E+00    6.82731E+00
    3.01006E+03    8.53157E+04    7.70012E+02    1.11285E+04    7.46295E-03   -8.31030E-02    2.35974E-02    3.85582E+00    6.70440E+00    6.76786E+00
    3.04453E+03    8.60679E+04    7.52123E+02    1.12547E+04    7.12650E-03   -8.11982E-02    2.30945E-02    3.82223E+00    6.63697E+00    6.70440E+00
    3.07939E+03    8.68013E+04    7.33421E+02    1.13823E+04    6.79386E-03   -7.92707E-02    2.25836E-02    3.78670E+00    6.56567E+00    6.63697E+00
    3.11465E+03    8.75153E+04    7.14026E+02    1.15114E+04    6.46626E-03   -7.73265E-02    2.20650E-02    3.74939E+00    6.49084E+00    6.56567E+00
    3.15030E+03    8.82095E+04    6.94148E+02    1.16420E+04    6.14565E-03   -7.53772E-02    2.15389E-02    3.71064E+00    6.41318E+00    6.49084E+00
    3.18635E+03    8.88836E+04    6.74192E+02    1.17740E+04    5.83549E-03   -7.34456E-02    2.10055E-02    3.67119E+00    6.33423E+00    6.41318E+00
    3.22282E+03    8.95387E+04    6.55032E+02    1.19075E+04    5.54287E-03   -7.15828E-02    2.04638E-02    3.63277E+00    6.25760E+00    6.33423E+00
    3.25969E+03    9.01776E+04    6.38961E+02    1.20425E+04    5.28598E-03   -6.99267E-02    1.99058E-02    3.60011E+00    6.19318E+00    6.25760E+00
    3.29699E+03    9.08122E+04    6.34551E+02    1.21790E+04    5.13213E-03   -6.89974E-02    1.92738E-02    3.59099E+00    6.17852E+00    6.19318E+00
    3.33470E+03    9.12148E+04    4.02635E+02    1.24567E+04    3.18363E-03   -5.61732E-02    5.31015E-03    3.03425E+00    5.16465E+00    3.76748E+00
    3.37284E+03    9.16494E+04    4.34570E+02    1.25980E+04    3.35932E-03   -5.61266E-02    1.44611E-02    3.14529E+00    5.29798E+00    5.16465E+00
    3.41141E+03    9.20767E+04    4.27355E+02    1.27408E+04    3.22970E-03   -5.47127E-02    1.53696E-02    3.12749E+00    5.24966E+00    5.29798E+00
    3.45042E+03    9.24844E+04    4.07678E+02    1.28852E+04    3.01213E-03   -5.27336E-02    1.52085E-02    3.07766E+00    5.14618E+00    5.24966E+00
    3.48986E+03    9.28673E+04    3.82918E+02    1.30313E+04    2.76595E-03   -5.04765E-02    1.47675E-02    3.01333E+00    5.01569E+00    5.14618E+00
    3.52976E+03    9.32228E+04    3.55475E+02    1.31790E+04    2.51033E-03   -4.80448E-02    1.42138E-02    2.93961E+00    4.86704E+00    5.01569E+00
    3.57010E+03    9.35492E+04    3.26386E+02    1.33284E+04    2.25340E-03   -4.54804E-02    1.35990E-02    2.85832E+00    4.70349E+00    4.86704E+00
    3.61090E+03    9.38454E+04    2.96217E+02    1.34794E+04    1.99941E-03   -4.28007E-02    1.29427E-02    2.77011E+00    4.52618E+00    4.70349E+00
    3.65216E+03    9.41108E+04    2.65348E+02    1.36322E+04    1.75103E-03   -4.00110E-02    1.22535E-02    2.67507E+00    4.33524E+00    4.52618E+00
    3.69389E+03    9.43449E+04    2.34081E+02    1.37867E+04    1.51018E-03   -3.71097E-02    1.15349E-02    2.57298E+00    4.13017E+00    4.33524E+00
    3.73609E+03    9.45475E+04    2.02696E+02    1.39430E+04    1.27848E-03   -3.40896E-02    1.07882E-02    2.46338E+00    3.91000E+00    4.13017E+00
    3.77876E+03    9.47190E+04    1.71480E+02    1.41010E+04    1.05743E-03   -3.09383E-02    1.00127E-02    2.34554E+00    3.67326E+00    3.91000E+00
    3.82192E+03    9.48598E+04    1.40752E+02    1.42608E+04    8.48556E-04   -2.76367E-02    9.20695E-03    2.21845E+00    3.41789E+00    3.67326E+00
    3.86557E+03    9.49707E+04    1.10884E+02    1.44224E+04    6.53559E-04   -2.41564E-02    8.36834E-03    2.08064E+00    3.14088E+00    3.41789E+00
    3.90971E+03    9.50530E+04    8.23394E+01    1.45858E+04    4.74472E-04   -2.04530E-02    7.49327E-03    1.92993E+00    2.83777E+00    3.14088E+00
    3.95434E+03    9.51087E+04    5.57275E+01    1.47511E+04    3.13952E-04   -1.64526E-02    6.57747E-03    1.76281E+00    2.50134E+00    2.83777E+00
    3.99949E+03    9.51407E+04    3.19378E+01    1.49182E+04    1.75909E-04   -1.20144E-02    5.61814E-03    1.57279E+00    2.11819E+00    2.50134E+00
    4.04514E+03    9.51532E+04    1.25406E+01    1.50873E+04    6.75296E-05   -6.78963E-03    4.62930E-03    1.34442E+00    1.65612E+00    2.11819E+00
    4.09131E+03    9.51670E+04    1.37597E+01    1.50873E+04    7.24395E-05   -6.15976E-03    5.87340E-03    1.65612E+00    1.94210E+00    2.63783E+00
    4.13799E+03    9.51831E+04    1.60844E+01    1.50873E+04    8.27869E-05   -5.65319E-03    7.12940E-03    1.94210E+00    2.20753E+00    3.13375E+00
    4.18521E+03    9.52025E+04    1.94055E+01    1.50873E+04    9.76508E-05   -5.23847E-03    8.37910E-03    2.20753E+00    2.45626E+00    3.60805E+00
    4.23296E+03    9.52261E+04    2.36450E+01    1.50873E+04    1.16327E-04   -4.89309E-03    9.61171E-03    2.45626E+00    2.69123E+00    4.06281E+00
    4.28125E+03    9.52549E+04    2.87463E+01    1.50873E+04    1.38267E-04   -4.60083E-03    1.08212E-02    2.69123E+00    2.91465E+00    4.49994E+00
    4.33009E+03    9.52895E+04    3.46694E+01    1.50873E+04    1.63033E-04   -4.34983E-03    1.20047E-02    2.91465E+00    3.12827E+00    4.92117E+00
    4.37948E+03    9.53309E+04    4.13870E+01    1.50873E+04    1.90278E-04   -4.13137E-03    1.31609E-02    3.12827E+00    3.33346E+00    5.32805E+00
    4.42942E+03    9.53798E+04    4.88821E+01    1.50873E+04    2.19720E-04   -3.93894E-03    1.42900E-02    3.33346E+00    3.53130E+00    5.72196E+00
    4.47993E+03    9.54369E+04    5.71454E+01    1.50873E+04    2.51129E-04   -3.76764E-03    1.53927E-02    3.53130E+00    3.72267E+00    6.10410E+00
    4.53101E+03    9.55031E+04    6.61745E+01    1.50873E+04    2.84317E-04   -3.61371E-03    1.64699E-02    3.72267E+00    3.90830E+00    6.47553E+00
    4.58267E+03    9.55791E+04    7.59723E+01    1.50873E+04    3.19127E-04   -3.47426E-03    1.75230E-02    3.90830E+00    4.08878E+00    6.83719E+00
    4.63491E+03    9.56656E+04    8.65463E+01    1.50873E+04    3.55430E-04   -3.34703E-03    1.85534E-02    4.08878E+00    4.26462E+00    7.18988E+00
    4.68775E+03    9.57635E+04    9.79077E+01    1.50873E+04    3.93115E-04   -3.23021E-03    1.95622E-02    4.26462E+00    4.43624E+00    7.53435E+00
    4.74118E+03    9.58736E+04    1.10071E+02    1.50873E+04    4.32089E-04   -3.12238E-03    2.05509E-02    4.43624E+00    4.60400E+00    7.87122E+00
    4.79521E+03    9.59967E+04    1.23053E+02    1.50873E+04    4.72272E-04   -3.02237E-03    2.15206E-02    4.60400E+00    4.76823E+00    8.20106E+00
    4.84985E+03    9.61335E+04    1.36874E+02    1.50873E+04    5.13594E-04   -2.92921E-03    2.24725E-02    4.76823E+00    4.92919E+00    8.52439E+00
    4.90511E+03    9.62851E+04    1.51556E+02    1.50873E+04    5.55996E-04   -2.84213E-03    2.34077E-02    4.92919E+00    5.08713E+00    8.84166E+00
    4.96100E+03    9.64522E+04    1.67123E+02    1.50873E+04    5.99426E-04   -2.76046E-03    2.43271E-02    5.08713E+00    5.24227E+00    9.15328E+00
    5.01752E+03    9.66358E+04    1.83602E+02    1.50873E+04    6.43837E-04   -2.68364E-03    2.52316E-02    5.24227E+00    5.39479E+00    9.45961E+00
    5.07467E+03    9.68368E+04    2.01020E+02    1.50873E+04    6.89190E-04   -2.61120E-03    2.61222E-02    5.39479E+00    5.54487E+00    9.76099E+00
    5.13247E+03    9.70562E+04    2.19407E+02    1.50873E+04    7.35448E-04   -2.54274E-03    2.69997E-02    5.54487E+00    5.69267E+00    1.00577E+01
    5.19093E+03    9.72950E+04    2.38796E+02    1.50873E+04    7.82581E-04   -2.47791E-03    2.78647E-02    5.69267E+00    5.83833E+00    1.03501E+01
    5.25004E+03    9.75543E+04    2.59219E+02    1.50873E+04    8.30561E-04   -2.41640E-03    2.87180E-02    5.83833E+00    5.98198E+00    1.06384E+01
    5.30983E+03    9.78350E+04    2.80712E+02    1.50873E+04    8.79364E-04   -2.35794E-03    2.95602E-02    5.98198E+00    6.12374E+00    1.09228E+01
    5.37028E+03    9.81383E+04    3.03313E+02    1.50873E+04    9.28967E-04   -2.30232E-03    3.03919E-02    6.12374E+00    6.26372E+00    1.12036E+01
    5.43143E+03    9.84653E+04    3.27059E+02    1.50873E+04    9.79353E-04   -2.24931E-03    3.12137E-02    6.26372E+00    6.40202E+00    1.14809E+01
    5.49326E+03    9.88173E+04    3.51992E+02    1.50873E+04    1.03051E-03   -2.19873E-03    3.20261E-02    6.40202E+00    6.53873E+00    1.17550E+01
    5.55579E+03    9.91955E+04    3.78155E+02    1.50873E+04    1.08241E-03   -2.15044E-03    3.28296E-02    6.53873E+00    6.67396E+00    1.20260E+01
    5.61903E+03    9.96011E+04    4.05593E+02    1.50873E+04    1.13505E-03   -2.10427E-03    3.36248E-02    6.67396E+00    6.80778E+00    1.22942E+01
    5.68298E+03    1.00035E+05    4.34351E+02    1.50873E+04    1.18843E-03   -2.06009E-03    3.44119E-02    6.80778E+00    6.94027E+00    1.25596E+01
    5.74766E+03    1.00500E+05    4.64480E+02    1.50873E+04    1.24252E-03   -2.01780E-03    3.51916E-02    6.94027E+00    7.07150E+00    1.28224E+01
    5.81306E+03    1.00996E+05    4.96030E+02    1.50873E+04    1.29733E-03   -1.97728E-03    3.59642E-02    7.07150E+00    7.20155E+00    1.30827E+01
    5.87921E+03    1.01525E+05    5.29055E+02    1.50873E+04    1.35285E-03   -1.93844E-03    3.67300E-02    7.20155E+00    7.33049E+00    1.33408E+01
    5.94610E+03    1.02089E+05    5.63610E+02    1.50873E+04    1.40907E-03   -1.90118E-03    3.74895E-02    7.33049E+00    7.45838E+00    1.35967E+01
    6.01375E+03    1.02688E+05    5.99754E+02    1.50873E+04    1.46600E-03   -1.86543E-03    3.82430E-02    7.45838E+00    7.58529E+00    1.38505E+01
    6.08216E+03    1.03326E+05    6.37547E+02    1.50873E+04    1.52364E-03   -1.83111E-03    3.89908E-02    7.58529E+00    7.71126E+00    1.41024E+01
    6.15135E+03    1.04003E+05    6.77053E+02    1.50873E+04    1.58198E-03   -1.79815E-03    3.97334E-02    7.71126E+00    7.83637E+00    1.43525E+01
    6.22132E+03    1.04721E+05    7.18338E+02    1.50873E+04    1.64102E-03   -1.76650E-03    4.04710E-02    7.83637E+00    7.96066E+00    1.46009E+01
    6.29208E+03    1.05483E+05    7.61472E+02    1.50873E+04    1.70078E-03   -1.73609E-03    4.12039E-02    7.96066E+00    8.08419E+00    1.48477E+01
    6.36364E+03    1.06289E+05    8.06526E+02    1.50873E+04    1.76125E-03   -1.70687E-03    4.19325E-02    8.08419E+00    8.20702E+00    1.50930E+01
    6.43600E+03    1.07143E+05    8.53575E+02    1.50873E+04    1.82244E-03   -1.67879E-03    4.26570E-02    8.20702E+00    8.32919E+00    1.53369E+01
    6.50919E+03    1.08046E+05    9.02700E+02    1.50873E+04    1.88436E-03   -1.65180E-03    4.33778E-02    8.32919E+00    8.45076E+00    1.55796E+01
    6.58320E+03    1.09000E+05    9.53981E+02    1.50873E+04    1.94702E-03   -1.62586E-03    4.40951E-02    8.45076E+00    8.57177E+00    1.58210E+01
    6.65805E+03    1.10007E+05    1.00751E+03    1.50873E+04    2.01042E-03   -1.60094E-03    4.48092E-02    8.57177E+00    8.69227E+00    1.60614E+01
    6.73374E+03    1.11070E+05    1.06336E+03    1.50873E+04    2.07459E-03   -1.57699E-03    4.55204E-02    8.69227E+00    8.81231E+00    1.63008E+01
    6.81029E+03    1.12192E+05    1.12165E+03    1.50873E+04    2.13953E-03   -1.55398E-03    4.62289E-02    8.81231E+00    8.93193E+00    1.65392E+01
    6.88770E+03    1.13375E+05    1.18246E+03    1.50873E+04    2.20525E-03   -1.53188E-03    4.69351E-02    8.93193E+00    9.05118E+00    1.67769E+01
    6.96599E+03    1.14620E+05    1.24589E+03    1.50873E+04    2.27177E-03   -1.51065E-03    4.76392E-02    9.05118E+00    9.17012E+00    1.70138E+01
    7.04517E+03    1.15932E+05    1.31206E+03    1.50873E+04    2.33911E-03   -1.49026E-03    4.83414E-02    9.17012E+00    9.28877E+00    1.72501E+01
    7.12523E+03    1.17314E+05    1.38108E+03    1.50873E+04    2.40728E-03   -1.47070E-03    4.90420E-02    9.28877E+00    9.40719E+00    1.74859E+01
    7.20621E+03    1.18767E+05    1.45306E+03    1.50873E+04    2.47631E-03   -1.45193E-03    4.97413E-02    9.40719E+00    9.52541E+00    1.77212E+01
    7.28809E+03    1.20295E+05    1.52813E+03    1.50873E+04    2.54621E-03   -1.43393E-03    5.04396E-02    9.52541E+00    9.64349E+00    1.79561E+01
    7.37091E+03    1.21901E+05    1.60642E+03    1.50873E+04    2.61700E-03   -1.41668E-03    5.11370E-02    9.64349E+00    9.76147E+00    1.81908E+01
    7.45466E+03    1.23589E+05    1.68805E+03    1.50873E+04    2.68872E-03   -1.40015E-03    5.18339E-02    9.76147E+00    9.87939E+00    1.84253E+01
    7.53935E+03    1.25362E+05    1.77317E+03    1.50873E+04    2.76137E-03   -1.38432E-03    5.25305E-02    9.87939E+00    9.99730E+00    1.86596E+01
    7.62500E+03    1.27224E+05    1.86194E+03    1.50873E+04    2.83499E-03   -1.36918E-03    5.32270E-02    9.99730E+00    1.01152E+01    1.88939E+01
    7.71162E+03    1.29179E+05    1.95449E+03    1.50873E+04    2.90961E-03   -1.35470E-03    5.39238E-02    1.01152E+01    1.02332E+01    1.91283E+01
    7.79922E+03    1.31230E+05    2.05100E+03    1.50873E+04    2.98525E-03   -1.34087E-03    5.46210E-02    1.02332E+01    1.03514E+01    1.93629E+01
    7.88781E+03    1.33381E+05    2.15163E+03    1.50873E+04    3.06195E-03   -1.32768E-03    5.53189E-02    1.03514E+01    1.04696E+01    1.95976E+01
    7.97740E+03    1.35638E+05    2.25656E+03    1.50873E+04    3.13973E-03   -1.31509E-03    5.60178E-02    1.04696E+01    1.05881E+01    1.98327E+01
    8.06801E+03    1.38004E+05    2.36597E+03    1.50873E+04    3.21863E-03   -1.30311E-03    5.67180E-02    1.05881E+01    1.07068E+01    2.00682E+01
    8.15963E+03    1.40484E+05    2.48007E+03    1.50873E+04    3.29868E-03   -1.29171E-03    5.74196E-02    1.07068E+01    1.08259E+01    2.03042E+01
    8.25229E+03    1.43083E+05    2.59905E+03    1.50873E+04    3.37992E-03   -1.28089E-03    5.81230E-02    1.08259E+01    1.09452E+01    2.05408E+01
    8.34600E+03    1.45806E+05    2.72313E+03    1.50873E+04    3.46239E-03   -1.27062E-03    5.88284E-02    1.09452E+01    1.10650E+01    2.07781E+01
    8.44077E+03    1.48659E+05    2.85253E+03    1.50873E+04    3.54614E-03   -1.26089E-03    5.95361E-02    1.10650E+01    1.11851E+01    2.10161E+01
    8.53661E+03    1.51646E+05    2.98749E+03    1.50873E+04    3.63119E-03   -1.25170E-03    6.02463E-02    1.11851E+01    1.13058E+01    2.12550E+01
    8.63353E+03    1.54775E+05    3.12826E+03    1.50873E+04    3.71759E-03   -1.24303E-03    6.09594E-02    1.13058E+01    1.14269E+01    2.14948E+01
    8.73155E+03    1.58050E+05    3.27510E+03    1.50873E+04    3.80540E-03   -1.23488E-03    6.16755E-02    1.14269E+01    1.15486E+01    2.17357E+01
    8.83067E+03    1.61478E+05    3.42827E+03    1.50873E+04    3.89465E-03   -1.22722E-03    6.23950E-02    1.15486E+01    1.16710E+01    2.19776E+01
    8.93091E+03    1.65066E+05    3.58806E+03    1.50873E+04    3.98539E-03   -1.22005E-03    6.31182E-02    1.16710E+01    1.17939E+01    2.22208E+01
    9.03229E+03    1.68821E+05    3.75479E+03    1.50873E+04    4.07769E-03   -1.21336E-03    6.38453E-02    1.17939E+01    1.19176E+01    2.24654E+01
    9.13481E+03    1.72749E+05    3.92875E+03    1.50873E+04    4.17159E-03   -1.20714E-03    6.45765E-02    1.19176E+01    1.20421E+01    2.27113E+01
    9.23850E+03    1.76860E+05    4.11028E+03    1.50873E+04    4.26714E-03   -1.20138E-03    6.53123E-02    1.20421E+01    1.21674E+01    2.29587E+01
    9.34335E+03    1.81159E+05    4.29973E+03    1.50873E+04    4.36441E-03   -1.19608E-03    6.60529E-02    1.21674E+01    1.22935E+01    2.32078E+01
    9.44939E+03    1.85657E+05    4.49747E+03    1.50873E+04    4.46346E-03   -1.19122E-03    6.67985E-02    1.22935E+01    1.24205E+01    2.34585E+01
    9.55662E+03    1.90361E+05    4.70388E+03    1.50873E+04    4.56435E-03   -1.18679E-03    6.75496E-02    1.24205E+01    1.25485E+01    2.37111E+01
    9.66507E+03    1.95280E+05    4.91937E+03    1.50873E+04    4.66715E-03   -1.18280E-03    6.83063E-02    1.25485E+01    1.26775E+01    2.39655E+01
    9.77474E+03    2.00425E+05    5.14436E+03    1.50873E+04    4.77191E-03   -1.17923E-03    6.90690E-02    1.26775E+01    1.28075E+01    2.42220E+01
    9.88565E+03    2.05804E+05    5.37929E+03    1.50873E+04    4.87873E-03   -1.17607E-03    6.98380E-02    1.28075E+01    1.29387E+01    2.44806E+01
    9.99782E+03    2.11429E+05    5.62465E+03    1.50873E+04    4.98766E-03   -1.17333E-03    7.06136E-02    1.29387E+01    1.30710E+01    2.47414E+01
    1.01113E+04    2.17309E+05    5.88092E+03    1.50873E+04    5.09879E-03   -1.17098E-03    7.13962E-02    1.30710E+01    1.32046E+01    2.50046E+01
    1.02260E+04    2.23458E+05    6.14863E+03    1.50873E+04    5.21220E-03   -1.16904E-03    7.21861E-02    1.32046E+01    1.33395E+01    2.52702E+01
    1.03420E+04    2.29886E+05    6.42833E+03    1.50873E+04    5.32796E-03   -1.16748E-03    7.29836E-02    1.33395E+01    1.34757E+01    2.55383E+01
    1.04593E+04    2.36607E+05    6.72059E+03    1.50873E+04    5.44618E-03   -1.16631E-03    7.37890E-02    1.34757E+01    1.36133E+01    2.58091E+01
    1.05779E+04    2.43633E+05    7.02603E+03    1.50873E+04    5.56693E-03   -1.16553E-03    7.46027E-02    1.36133E+01    1.37524E+01    2.60828E+01
    1.06979E+04    2.50978E+05    7.34529E+03    1.50873E+04    5.69030E-03   -1.16511E-03    7.54251E-02    1.37524E+01    1.38929E+01    2.63593E+01
    1.08193E+04    2.58657E+05    7.67904E+03    1.50873E+04    5.81641E-03   -1.16507E-03    7.62565E-02    1.38929E+01    1.40351E+01    2.66388E+01
    1.09420E+04    2.66685E+05    8.02800E+03    1.50873E+04    5.94535E-03   -1.16540E-03    7.70973E-02    1.40351E+01    1.41789E+01    2.69215E+01
    1.10661E+04    2.75078E+05    8.39291E+03    1.50873E+04    6.07722E-03   -1.16610E-03    7.79478E-02    1.41789E+01    1.43245E+01    2.72075E+01
    1.11916E+04    2.83853E+05    8.77458E+03    1.50873E+04    6.21214E-03   -1.16715E-03    7.88085E-02    1.43245E+01    1.44718E+01    2.74969E+01
    1.13185E+04    2.93027E+05    9.17384E+03    1.50873E+04    6.35021E-03   -1.16856E-03    7.96797E-02    1.44718E+01    1.46209E+01    2.77898E+01
    1.14469E+04    3.02618E+05    9.59158E+03    1.50873E+04    6.49157E-03   -1.17033E-03    8.05618E-02    1.46209E+01    1.47720E+01    2.80864E+01
    1.15767E+04    3.12647E+05    1.00287E+04    1.50873E+04    6.63632E-03   -1.17244E-03    8.14552E-02    1.47720E+01    1.49250E+01    2.83868E+01
    1.17080E+04    3.23133E+05    1.04862E+04    1.50873E+04    6.78461E-03   -1.17491E-03    8.23604E-02    1.49250E+01    1.50801E+01    2.86911E+01
    1.18407E+04    3.34098E+05    1.09652E+04    1.50873E+04    6.93656E-03   -1.17772E-03    8.32777E-02    1.50801E+01    1.52373E+01    2.89996E+01
    1.19750E+04    3.45565E+05    1.14666E+04    1.50873E+04    7.09232E-03   -1.18088E-03    8.42076E-02    1.52373E+01    1.53968E+01    2.93122E+01
    1.21108E+04    3.57557E+05    1.19918E+04    1.50873E+04    7.25202E-03   -1.18438E-03    8.51506E-02    1.53968E+01    1.55585E+01    2.96293E+01
    1.22481E+04    3.70099E+05    1.25418E+04    1.50873E+04    7.41583E-03   -1.18822E-03    8.61070E-02    1.55585E+01    1.57226E+01    2.99509E+01
    1.23869E+04    3.83217E+05    1.31181E+04    1.50873E+04    7.58390E-03   -1.19241E-03    8.70774E-02    1.57226E+01    1.58891E+01    3.02771E+01
    1.25274E+04    3.96939E+05    1.37219E+04    1.50873E+04    7.75640E-03   -1.19694E-03    8.80623E-02    1.58891E+01    1.60581E+01    3.06082E+01
    1.26694E+04    4.11293E+05    1.43547E+04    1.50873E+04    7.93349E-03   -1.20180E-03    8.90620E-02    1.60581E+01    1.62297E+01    3.09444E+01
    1.28130E+04    4.26311E+05    1.50180E+04    1.50873E+04    8.11536E-03   -1.20701E-03    9.00772E-02    1.62297E+01    1.64041E+01    3.12857E+01
    1.29582E+04    4.42025E+05    1.57135E+04    1.50873E+04    8.30220E-03   -1.21256E-03    9.11083E-02    1.64041E+01    1.65812E+01    3.16324E+01
    1.31051E+04    4.58467E+05    1.64428E+04    1.50873E+04    8.49419E-03   -1.21846E-03    9.21559E-02    1.65812E+01    1.67612E+01    3.19846E+01
    1.32537E+04    4.75675E+05    1.72078E+04    1.50873E+04    8.69155E-03   -1.22469E-03    9.32204E-02    1.67612E+01    1.69441E+01    3.23425E+01
    1.34039E+04    4.93686E+05    1.80105E+04    1.50873E+04    8.89448E-03   -1.23127E-03    9.43025E-02    1.69441E+01    1.71301E+01    3.27063E+01
    1.35558E+04    5.12538E+05    1.88527E+04    1.50873E+04    9.10321E-03   -1.23820E-03    9.54027E-02    1.71301E+01    1.73193E+01    3.30762E+01
    1.37095E+04    5.32275E+05    1.97367E+04    1.50873E+04    9.31797E-03   -1.24548E-03    9.65216E-02    1.73193E+01    1.75117E+01    3.34524E+01
    1.38648E+04    5.52940E+05    2.06648E+04    1.50873E+04    9.53901E-03   -1.25311E-03    9.76598E-02    1.75117E+01    1.77075E+01    3.38350E+01
    1.40220E+04    5.74579E+05    2.16394E+04    1.50873E+04    9.76657E-03   -1.26110E-03    9.88179E-02    1.77075E+01    1.79068E+01    3.42244E+01
    1.41809E+04    5.97242E+05    2.26630E+04    1.50873E+04    1.00009E-02   -1.26945E-03    9.99966E-02    1.79068E+01    1.81096E+01    3.46207E+01
    1.43416E+04    6.20981E+05    2.37383E+04    1.50873E+04    1.02424E-02   -1.27816E-03    1.01196E-01    1.81096E+01    1.83162E+01    3.50241E+01
    1.45041E+04    6.45849E+05    2.48684E+04    1.50873E+04    1.04912E-02   -1.28725E-03    1.02418E-01    1.83162E+01    1.85266E+01    3.54349E+01
    1.46684E+04    6.71905E+05    2.60561E+04    1.50873E+04    1.07476E-02   -1.29671E-03    1.03663E-01    1.85266E+01    1.87409E+01    3.58532E+01
    1.48347E+04    6.99210E+05    2.73048E+04    1.50873E+04    1.10121E-02   -1.30655E-03    1.04930E-01    1.87409E+01    1.89593E+01    3.62794E+01
    1.50027E+04    7.27828E+05    2.86180E+04    1.50873E+04    1.12849E-02   -1.31679E-03    1.06222E-01    1.89593E+01    1.91818E+01    3.67137E+01
    1.51727E+04    7.57827E+05    2.99994E+04    1.50873E+04    1.15663E-02   -1.32742E-03    1.07539E-01    1.91818E+01    1.94088E+01    3.71564E+01
    1.53446E+04    7.89280E+05    3.14527E+04    1.50873E+04    1.18568E-02   -1.33846E-03    1.08881E-01    1.94088E+01    1.96401E+01    3.76076E+01
    1.55185E+04    8.22262E+05    3.29823E+04    1.50873E+04    1.21568E-02   -1.34992E-03    1.10249E-01    1.96401E+01    1.98761E+01    3.80678E+01
    1.56943E+04    8.56855E+05    3.45925E+04    1.50873E+04    1.24665E-02   -1.36181E-03    1.11645E-01    1.98761E+01    2.01169E+01    3.85371E+01
    1.58721E+04    8.93143E+05    3.62880E+04    1.50873E+04    1.27866E-02   -1.37413E-03    1.13070E-01    2.01169E+01    2.03626E+01    3.90159E+01
    1.60519E+04    9.31217E+05    3.80740E+04    1.50873E+04    1.31174E-02   -1.38691E-03    1.14523E-01    2.03626E+01    2.06134E+01    3.95045E+01
    1.62338E+04    9.71172E+05    3.99557E+04    1.50873E+04    1.34594E-02   -1.40016E-03    1.16006E-01    2.06134E+01    2.08694E+01    4.00033E+01
    1.64177E+04    1.01311E+06    4.19388E+04    1.50873E+04    1.38131E-02   -1.41389E-03    1.17521E-01    2.08694E+01    2.11309E+01    4.05124E+01
    1.66036E+04    1.05714E+06    4.40295E+04    1.50873E+04    1.41790E-02   -1.42812E-03    1.19067E-01    2.11309E+01    2.13980E+01    4.10324E+01
    1.67917E+04    1.10338E+06    4.62343E+04    1.50873E+04    1.45578E-02   -1.44287E-03    1.20647E-01    2.13980E+01    2.16709E+01    4.15636E+01
    1.69819E+04    1.15194E+06    4.85601E+04    1.50873E+04    1.49499E-02   -1.45817E-03    1.22261E-01    2.16709E+01    2.19498E+01    4.21063E+01
    1.71743E+04    1.20295E+06    5.10144E+04    1.50873E+04    1.53561E-02   -1.47402E-03    1.23911E-01    2.19498E+01    2.22349E+01    4.26609E+01
    1.73688E+04    1.25655E+06    5.36050E+04    1.50873E+04    1.57769E-02   -1.49047E-03    1.25597E-01    2.22349E+01    2.25265E+01    4.32279E+01
    1.75655E+04    1.31290E+06    5.63406E+04    1.50873E+04    1.62131E-02   -1.50753E-03    1.27322E-01    2.25265E+01    2.28247E+01    4.38077E+01
    1.77645E+04    1.37213E+06    5.92303E+04    1.50873E+04    1.66655E-02   -1.52523E-03    1.29086E-01    2.28247E+01    2.31299E+01    4.44008E+01
    1.79657E+04    1.43441E+06    6.22838E+04    1.50873E+04    1.71348E-02   -1.54362E-03    1.30891E-01    2.31299E+01    2.34422E+01    4.50076E+01
    1.81692E+04    1.49992E+06    6.55116E+04    1.50873E+04    1.76218E-02   -1.56272E-03    1.32738E-01    2.34422E+01    2.37620E+01    4.56287E+01
    1.83749E+04    1.56885E+06    6.89250E+04    1.50873E+04    1.81275E-02   -1.58256E-03    1.34629E-01    2.37620E+01    2.40894E+01    4.62645E+01
    1.85830E+04    1.64138E+06    7.25361E+04    1.50873E+04    1.86528E-02   -1.60321E-03    1.36566E-01    2.40894E+01    2.44249E+01    4.69157E+01
    1.87935E+04    1.71774E+06    7.63580E+04    1.50873E+04    1.91988E-02   -1.62469E-03    1.38550E-01    2.44249E+01    2.47688E+01    4.75829E+01
    1.90063E+04    1.79814E+06    8.04046E+04    1.50873E+04    1.97665E-02   -1.64707E-03    1.40584E-01    2.47688E+01    2.51213E+01    4.82666E+01
    1.92215E+04    1.88284E+06    8.46911E+04    1.50873E+04    2.03571E-02   -1.67039E-03    1.42669E-01    2.51213E+01    2.54828E+01    4.89676E+01
    1.94392E+04    1.97207E+06    8.92337E+04    1.50873E+04    2.09719E-02   -1.69472E-03    1.44807E-01    2.54828E+01    2.58537E+01    4.96865E+01
    1.96593E+04    2.06612E+06    9.40502E+04    1.50873E+04    2.16122E-02   -1.72013E-03    1.47001E-01    2.58537E+01    2.62345E+01    5.04242E+01
    1.98819E+04    2.16528E+06    9.91596E+04    1.50873E+04    2.22794E-02   -1.74667E-03    1.49253E-01    2.62345E+01    2.66255E+01    5.11813E+01
    2.01070E+04    2.26986E+06    1.04583E+05    1.50873E+04    2.29751E-02   -1.77445E-03    1.51565E-01    2.66255E+01    2.70272E+01    5.19589E+01
    2.03347E+04    2.38020E+06    1.10341E+05    1.50873E+04    2.37010E-02   -1.80353E-03    1.53941E-01    2.70272E+01    2.74401E+01    5.27577E+01
    2.05649E+04    2.49666E+06    1.16460E+05    1.50873E+04    2.44589E-02   -1.83402E-03    1.56383E-01    2.74401E+01    2.78648E+01    5.35787E+01
    2.07978E+04    2.61963E+06    1.22966E+05    1.50873E+04    2.52508E-02   -1.86601E-03    1.58894E-01    2.78648E+01    2.83017E+01    5.44231E+01
    2.10332E+04    2.74952E+06    1.29887E+05    1.50873E+04    2.60787E-02   -1.89963E-03    1.61478E-01    2.83017E+01    2.87515E+01    5.52919E+01
    2.12714E+04    2.88677E+06    1.37255E+05    1.50873E+04    2.69450E-02   -1.93498E-03    1.64138E-01    2.87515E+01    2.92149E+01    5.61864E+01
    2.15122E+04    3.03188E+06    1.45104E+05    1.50873E+04    2.78522E-02   -1.97221E-03    1.66878E-01    2.92149E+01    2.96925E+01    5.71077E+01
    2.17557E+04    3.18535E+06    1.53471E+05    1.50873E+04    2.88030E-02   -2.01145E-03    1.69703E-01    2.96925E+01    3.01852E+01    5.80574E+01
    2.20020E+04    3.34774E+06    1.62397E+05    1.50873E+04    2.98004E-02   -2.05288E-03    1.72616E-01    3.01852E+01    3.06936E+01    5.90370E+01
    2.22511E+04    3.51967E+06    1.71928E+05    1.50873E+04    3.08476E-02   -2.09666E-03    1.75622E-01    3.06936E+01    3.12188E+01    6.00480E+01
    2.25030E+04    3.70178E+06    1.82113E+05    1.50873E+04    3.19482E-02   -2.14298E-03    1.78728E-01    3.12188E+01    3.17616E+01    6.10922E+01
    2.27578E+04    3.89479E+06    1.93006E+05    1.50873E+04    3.31061E-02   -2.19205E-03    1.81938E-01    3.17616E+01    3.23232E+01    6.21716E+01
    2.30154E+04    4.09946E+06    2.04667E+05    1.50873E+04    3.43255E-02   -2.24410E-03    1.85258E-01    3.23232E+01    3.29045E+01    6.32881E+01
    2.32759E+04    4.31662E+06    2.17164E+05    1.50873E+04    3.56112E-02   -2.29938E-03    1.88695E-01    3.29045E+01    3.35070E+01    6.44440E+01
    2.35394E+04    4.54719E+06    2.30568E+05    1.50873E+04    3.69684E-02   -2.35815E-03    1.92257E-01    3.35070E+01    3.41318E+01    6.56418E+01
    2.38058E+04    4.79215E+06    2.44963E+05    1.50873E+04    3.84028E-02   -2.42073E-03    1.95951E-01    3.41318E+01    3.47804E+01    6.68841E+01
    2.40753E+04    5.05259E+06    2.60438E+05    1.50873E+04    3.99208E-02   -2.48744E-03    1.99786E-01    3.47804E+01    3.54545E+01    6.81737E+01
    2.43478E+04    5.32969E+06    2.77095E+05    1.50873E+04    4.15293E-02   -2.55864E-03    2.03771E-01    3.54545E+01    3.61556E+01    6.95138E+01
    2.46234E+04    5.62473E+06    2.95047E+05    1.50873E+04    4.32363E-02   -2.63473E-03    2.07917E-01    3.61556E+01    3.68858E+01    7.09079E+01
    2.49021E+04    5.93915E+06    3.14419E+05    1.50873E+04    4.50504E-02   -2.71616E-03    2.12234E-01    3.68858E+01    3.76471E+01    7.23596E+01
    2.51840E+04    6.27451E+06    3.35354E+05    1.50873E+04    4.69814E-02   -2.80342E-03    2.16734E-01    3.76471E+01    3.84416E+01    7.38730E+01
    2.54690E+04    6.63252E+06    3.58012E+05    1.50873E+04    4.90401E-02   -2.89705E-03    2.21431E-01    3.84416E+01    3.92720E+01    7.54527E+01
    2.57573E+04    7.01509E+06    3.82571E+05    1.50873E+04    5.12388E-02   -2.99765E-03    2.26340E-01    3.92720E+01    4.01410E+01    7.71036E+01
    2.60488E+04    7.42432E+06    4.09235E+05    1.50873E+04    5.35910E-02   -3.10591E-03    2.31476E-01    4.01410E+01    4.10515E+01    7.88311E+01
    2.63436E+04    7.86256E+06    4.38235E+05    1.50873E+04    5.61123E-02   -3.22259E-03    2.36858E-01    4.10515E+01    4.20069E+01    8.06412E+01
    2.66417E+04    8.33239E+06    4.69832E+05    1.50873E+04    5.88202E-02   -3.34852E-03    2.42506E-01    4.20069E+01    4.30108E+01    8.25405E+01
    2.69432E+04    8.83671E+06    5.04324E+05    1.50873E+04    6.17343E-02   -3.48467E-03    2.48439E-01    4.30108E+01    4.40674E+01    8.45362E+01
    2.72481E+04    9.37877E+06    5.42054E+05    1.50873E+04    6.48772E-02   -3.63212E-03    2.54684E-01    4.40674E+01    4.51811E+01    8.66366E+01
    2.75565E+04    9.96218E+06    5.83413E+05    1.50873E+04    6.82745E-02   -3.79210E-03    2.61266E-01    4.51811E+01    4.63570E+01    8.88505E+01
    2.78684E+04    1.05910E+07    6.28853E+05    1.50873E+04    7.19555E-02   -3.96598E-03    2.68216E-01    4.63570E+01    4.76007E+01    9.11879E+01
    2.81837E+04    1.12699E+07    6.78893E+05    1.50873E+04    7.59538E-02   -4.15538E-03    2.75566E-01    4.76007E+01    4.89186E+01    9.36602E+01
    2.85027E+04    1.20041E+07    7.34140E+05    1.50873E+04    8.03082E-02   -4.36211E-03    2.83353E-01    4.89186E+01    5.03176E+01    9.62797E+01
    2.88252E+04    1.27994E+07    7.95297E+05    1.50873E+04    8.50635E-02   -4.58827E-03    2.91620E-01    5.03176E+01    5.18058E+01    9.90605E+01
    2.91514E+04    1.36626E+07    8.63187E+05    1.50873E+04    9.02718E-02   -4.83629E-03    3.00414E-01    5.18058E+01    5.33922E+01    1.02018E+02
    2.94812E+04    1.46013E+07    9.38778E+05    1.50873E+04    9.59938E-02   -5.10900E-03    3.09787E-01    5.33922E+01    5.50870E+01    1.05171E+02
    2.98148E+04    1.56245E+07    1.02321E+06    1.50873E+04    1.02301E-01   -5.40968E-03    3.19799E-01    5.50870E+01    5.69018E+01    1.08540E+02
    3.01522E+04    1.67424E+07    1.11784E+06    1.50873E+04    1.09276E-01   -5.74221E-03    3.30520E-01    5.69018E+01    5.88499E+01    1.12147E+02
    3.04934E+04    1.79667E+07    1.22428E+06    1.50873E+04    1.17020E-01   -6.11114E-03    3.42028E-01    5.88499E+01    6.09466E+01    1.16018E+02
    3.08384E+04    1.93111E+07    1.34446E+06    1.50873E+04    1.25650E-01   -6.52192E-03    3.54412E-01    6.09466E+01    6.32095E+01    1.20185E+02
    3.11873E+04    2.07919E+07    1.48073E+06    1.50873E+04    1.35308E-01   -6.98102E-03    3.67777E-01    6.32095E+01    6.56591E+01    1.24681E+02
    3.15402E+04    2.24278E+07    1.63592E+06    1.50873E+04    1.46165E-01   -7.49626E-03    3.82242E-01    6.56591E+01    6.83192E+01    1.29549E+02
    3.18971E+04    2.42413E+07    1.81351E+06    1.50873E+04    1.58429E-01   -8.07714E-03    3.97949E-01    6.83192E+01    7.12178E+01    1.34834E+02
    3.22580E+04    2.62590E+07    2.01776E+06    1.50873E+04    1.72353E-01   -8.73529E-03    4.15062E-01    7.12178E+01    7.43880E+01    1.40593E+02
    3.26230E+04    2.85131E+07    2.25401E+06    1.50873E+04    1.88252E-01   -9.48512E-03    4.33776E-01    7.43880E+01    7.78693E+01    1.46892E+02
    3.29921E+04    3.10420E+07    2.52893E+06    1.50873E+04    2.06516E-01   -1.03446E-02    4.54322E-01    7.78693E+01    8.17089E+01    1.53807E+02
    3.33653E+04    3.38930E+07    2.85097E+06    1.50873E+04    2.27638E-01   -1.13366E-02    4.76979E-01    8.17089E+01    8.59643E+01    1.61434E+02
    3.37428E+04    3.71239E+07    3.23099E+06    1.50873E+04    2.52244E-01   -1.24904E-02    5.02083E-01    8.59643E+01    9.07057E+01    1.69885E+02
    3.41246E+04    4.08070E+07    3.68304E+06    1.50873E+04    2.81142E-01   -1.38440E-02    5.30047E-01    9.07057E+01    9.60204E+01    1.79300E+02
    3.45106E+04    4.50326E+07    4.22563E+06    1.50873E+04    3.15388E-01   -1.54479E-02    5.61381E-01    9.60204E+01    1.02018E+02    1.89852E+02
    3.49010E+04    4.99161E+07    4.88351E+06    1.50873E+04    3.56385E-01   -1.73704E-02    5.96727E-01    1.02018E+02    1.08838E+02    2.01758E+02
    3.52959E+04    5.56064E+07    5.69033E+06    1.50873E+04    4.06031E-01   -1.97059E-02    6.36901E-01    1.08838E+02    1.16662E+02    2.15293E+02
    3.56952E+04    6.22993E+07    6.69288E+06    1.50873E+04    4.66949E-01   -2.25879E-02    6.82963E-01    1.16662E+02    1.25732E+02    2.30816E+02
    3.60990E+04    7.02571E+07    7.95773E+06    1.50873E+04    5.42850E-01   -2.62120E-02    7.36317E-01    1.25732E+02    1.36376E+02    2.48804E+02
    3.65074E+04    7.98394E+07    9.58235E+06    1.50873E+04    6.39142E-01   -3.08747E-02    7.98867E-01    1.36376E+02    1.49056E+02    2.69903E+02
    3.69204E+04    9.15538E+07    1.17144E+07    1.50873E+04    7.63977E-01   -3.70453E-02    8.73273E-01    1.49056E+02    1.64441E+02    2.95019E+02
    3.73380E+04    1.06141E+08    1.45871E+07    1.50873E+04    9.30174E-01   -4.55092E-02    9.63381E-01    1.64441E+02    1.83555E+02    3.25465E+02
    3.77604E+04    1.24729E+08    1.85883E+07    1.50873E+04    1.15896E+00   -5.76748E-02    1.07500E+00    1.83555E+02    2.08053E+02    3.63237E+02
    3.81876E+04    1.49136E+08    2.44071E+07    1.50873E+04    1.48793E+00   -7.63104E-02    1.21742E+00    2.08053E+02    2.40832E+02    4.11538E+02
    3.86195E+04    1.82517E+08    3.33809E+07    1.50873E+04    1.98974E+00   -1.07595E-01    1.40647E+00    2.40832E+02    2.87571E+02    4.75917E+02
    3.90564E+04    2.30961E+08    4.84435E+07    1.50873E+04    2.82338E+00   -1.68134E-01    1.67186E+00    2.87571E+02    3.61435E+02    5.67014E+02
    3.94982E+04    3.08320E+08    7.73593E+07    1.50873E+04    4.40840E+00   -3.17270E-01    2.07551E+00    3.61435E+02    5.02390E+02    7.08346E+02
    3.99450E+04    4.58508E+08    1.50188E+08    1.50873E+04    8.36833E+00   -8.77072E-01    2.75664E+00    5.02390E+02    8.96457E+02    9.63149E+02
    4.03968E+04    1.14333E+09    6.84820E+08    1.50873E+04    3.73092E+01   -4.71612E+00    3.88167E+00    8.96457E+02    3.03934E+03    1.54526E+03
