 # rho, F_z,dF_z, z(rho), E2 (=>sigma2=e0^2*E2), Er, Ez, Ui,j , Ui+1,j , Ui,j-1
    2.50000E-01    2.83339E-01    2.83339E-01    0.00000E+00    2.26671E+00   -3.90766E-01    1.45397E+00    1.92237E+00    2.11775E+00    2.64935E+00
    7.31707E-01    7.97831E-01    5.14492E-01    5.00000E-01    1.51730E+00   -1.52290E-01    1.22234E+00    1.50658E+00    1.57715E+00    2.11775E+00
    1.19774E+00    1.60139E+00    8.03557E-01    5.00000E-01    1.43154E+00   -5.46846E-02    1.19522E+00    1.57715E+00    1.60278E+00    2.17476E+00
    1.66904E+00    2.75973E+00    1.15834E+00    5.00000E-01    1.46433E+00   -3.54380E-02    1.20958E+00    1.60278E+00    1.61958E+00    2.20757E+00
    2.14566E+00    4.31970E+00    1.55997E+00    5.00000E-01    1.51686E+00   -3.52830E-02    1.23110E+00    1.61958E+00    1.63649E+00    2.23513E+00
    2.62767E+00    6.33576E+00    2.01606E+00    5.00000E-01    1.58286E+00   -4.39591E-02    1.25735E+00    1.63649E+00    1.65780E+00    2.26516E+00
    3.11513E+00    8.88254E+00    2.54678E+00    5.00000E-01    1.66781E+00   -6.22319E-02    1.28994E+00    1.65780E+00    1.68830E+00    2.30276E+00
    3.60810E+00    1.20669E+01    3.18432E+00    5.00000E-01    1.78029E+00   -9.93716E-02    1.33057E+00    1.68830E+00    1.73756E+00    2.35359E+00
    4.10663E+00    1.60425E+01    3.97561E+00    5.00000E-01    1.93103E+00   -1.85523E-01    1.37717E+00    1.73756E+00    1.83057E+00    2.42615E+00
    4.61080E+00    2.10868E+01    5.04432E+00    5.00000E-01    2.15783E+00   -4.23305E-01    1.40664E+00    1.83057E+00    2.04519E+00    2.53389E+00
    5.12067E+00    2.56112E+01    4.52437E+00    9.63414E-01    1.72323E+00   -3.40593E-01    1.26776E+00    1.41131E+00    1.58594E+00    2.04519E+00
    5.63630E+00    3.06755E+01    5.06429E+00    9.63414E-01    1.73283E+00   -2.88798E-01    1.28430E+00    1.58594E+00    1.73569E+00    2.22809E+00
    6.15775E+00    3.73968E+01    6.72132E+00    9.63414E-01    2.08153E+00   -5.16463E-01    1.34714E+00    1.73569E+00    2.00651E+00    2.40926E+00
    6.68510E+00    4.34009E+01    6.00412E+00    1.43207E+00    1.69360E+00   -4.25032E-01    1.23002E+00    1.43651E+00    1.66190E+00    2.00651E+00
    7.21840E+00    5.08486E+01    7.44775E+00    1.43207E+00    1.92386E+00   -5.59148E-01    1.26934E+00    1.66190E+00    1.96178E+00    2.25013E+00
    7.75774E+00    5.72038E+01    6.35514E+00    1.90601E+00    1.51043E+00   -4.22898E-01    1.15394E+00    1.42098E+00    1.65034E+00    1.96178E+00
    8.30316E+00    6.55006E+01    8.29686E+00    1.90601E+00    1.82180E+00   -5.68154E-01    1.22434E+00    1.65034E+00    1.96197E+00    2.22413E+00
    8.85475E+00    7.27444E+01    7.24380E+00    2.38531E+00    1.47482E+00   -4.31795E-01    1.13507E+00    1.42401E+00    1.66352E+00    1.96197E+00
    9.41258E+00    8.25109E+01    9.76647E+00    2.38531E+00    1.84969E+00   -6.00234E-01    1.22041E+00    1.66352E+00    2.00023E+00    2.24193E+00
    9.97670E+00    9.13397E+01    8.82883E+00    2.87003E+00    1.55994E+00   -4.77213E-01    1.15421E+00    1.44701E+00    1.71773E+00    2.00023E+00
    1.05472E+01    1.04005E+02    1.26649E+01    2.87003E+00    2.09302E+00   -7.25715E-01    1.25154E+00    1.71773E+00    2.13408E+00    2.31760E+00
    1.11242E+01    1.17775E+02    1.37705E+01    3.36023E+00    2.13360E+00   -8.38839E-01    1.19580E+00    1.55445E+00    2.04114E+00    2.13408E+00
    1.17076E+01    1.30267E+02    1.24919E+01    3.85596E+00    1.81848E+00   -8.26222E-01    1.06576E+00    1.51870E+00    2.00349E+00    2.04114E+00
    1.22977E+01    1.42517E+02    1.22499E+01    4.35730E+00    1.67873E+00   -8.14273E-01    1.00782E+00    1.50388E+00    1.98705E+00    2.00349E+00
    1.28944E+01    1.54942E+02    1.24256E+01    4.86430E+00    1.60585E+00   -8.09090E-01    9.75306E-01    1.49809E+00    1.98361E+00    1.98705E+00
    1.34979E+01    1.67848E+02    1.29052E+01    5.37703E+00    1.57547E+00   -8.12581E-01    9.56652E-01    1.49859E+00    1.99171E+00    1.98361E+00
    1.41082E+01    1.81583E+02    1.37354E+01    5.89556E+00    1.58636E+00   -8.29017E-01    9.48203E-01    1.50554E+00    2.01432E+00    1.99171E+00
    1.47254E+01    1.96756E+02    1.51732E+01    6.41994E+00    1.66021E+00   -8.71617E-01    9.48942E-01    1.52227E+00    2.06324E+00    2.01432E+00
    1.53495E+01    2.15138E+02    1.83815E+01    6.95025E+00    1.90790E+00   -9.98848E-01    9.54046E-01    1.56296E+00    2.18990E+00    2.06324E+00
    1.59807E+01    2.26617E+02    1.14794E+01    8.02892E+00    1.13165E+00   -8.61966E-01    6.23431E-01    1.43093E+00    1.97807E+00    1.76528E+00
    1.66191E+01    2.44388E+02    1.77711E+01    8.57741E+00    1.66578E+00   -9.99611E-01    8.16433E-01    1.53527E+00    2.17695E+00    1.97807E+00
    1.72646E+01    2.58901E+02    1.45127E+01    9.69305E+00    1.29485E+00   -9.79540E-01    5.79099E-01    1.46217E+00    2.09807E+00    1.78339E+00
    1.79175E+01    2.73093E+02    1.41919E+01    1.08341E+01    1.20646E+00   -9.64363E-01    5.25798E-01    1.44920E+00    2.08233E+00    1.74748E+00
    1.85777E+01    2.88561E+02    1.54685E+01    1.20010E+01    1.25408E+00   -1.00298E+00    4.98096E-01    1.46002E+00    2.12594E+00    1.74901E+00
    1.92454E+01    3.02033E+02    1.34719E+01    1.38013E+01    1.04254E+00   -9.51949E-01    3.69233E-01    1.41395E+00    2.05313E+00    1.63552E+00
    1.99207E+01    3.12760E+02    1.07272E+01    1.62981E+01    7.93033E-01   -8.45654E-01    2.79109E-01    1.36511E+00    1.93934E+00    1.54030E+00
    2.06035E+01    3.21801E+02    9.04059E+00    1.89097E+01    6.38978E-01   -7.62016E-01    2.41473E-01    1.33828E+00    1.86156E+00    1.49681E+00
    2.12941E+01    3.31431E+02    9.62989E+00    2.09469E+01    6.51196E-01   -7.67881E-01    2.48101E-01    1.35249E+00    1.88575E+00    1.52095E+00
    2.19925E+01    3.39855E+02    8.42420E+00    2.37722E+01    5.45412E-01   -7.09733E-01    2.04182E-01    1.32900E+00    1.82746E+00    1.47402E+00
    2.26988E+01    3.47266E+02    7.41111E+00    2.67274E+01    4.59696E-01   -6.52982E-01    1.82514E-01    1.31201E+00    1.77579E+00    1.44760E+00
    2.34130E+01    3.55180E+02    7.91374E+00    2.90326E+01    4.70581E-01   -6.59274E-01    1.89574E-01    1.32573E+00    1.79927E+00    1.47140E+00
    2.41354E+01    3.61930E+02    6.74978E+00    3.22296E+01    3.85005E-01   -6.00194E-01    1.57392E-01    1.30149E+00    1.73747E+00    1.42799E+00
    2.48659E+01    3.68850E+02    6.92071E+00    3.47234E+01    3.78876E-01   -5.93596E-01    1.62850E-01    1.30891E+00    1.74496E+00    1.44428E+00
    2.56046E+01    3.75739E+02    6.88841E+00    3.73028E+01    3.62135E-01   -5.81143E-01    1.56232E-01    1.30924E+00    1.74097E+00    1.44356E+00
    2.63517E+01    3.82539E+02    6.79999E+00    3.99705E+01    3.43471E-01   -5.66992E-01    1.48291E-01    1.30803E+00    1.73401E+00    1.43989E+00
    2.71072E+01    3.89227E+02    6.68783E+00    4.27298E+01    3.24721E-01   -5.52310E-01    1.40264E-01    1.30621E+00    1.72584E+00    1.43521E+00
    2.78713E+01    3.95788E+02    6.56106E+00    4.55836E+01    3.06370E-01   -5.37429E-01    1.32442E-01    1.30400E+00    1.71695E+00    1.42999E+00
    2.86440E+01    4.02208E+02    6.42006E+00    4.85353E+01    2.88440E-01   -5.22339E-01    1.24905E-01    1.30143E+00    1.70731E+00    1.42432E+00
    2.94255E+01    4.08465E+02    6.25688E+00    5.15882E+01    2.70586E-01   -5.06695E-01    1.17668E-01    1.29831E+00    1.69649E+00    1.41805E+00
    3.02157E+01    4.14505E+02    6.04050E+00    5.47457E+01    2.51553E-01   -4.89168E-01    1.10760E-01    1.29394E+00    1.68269E+00    1.41051E+00
    3.10149E+01    4.20081E+02    5.57598E+00    5.80115E+01    2.23697E-01   -4.61142E-01    1.05094E-01    1.28406E+00    1.65468E+00    1.39846E+00
    3.18232E+01    4.26667E+02    6.58548E+00    6.02507E+01    2.54609E-01   -4.87830E-01    1.28961E-01    1.31271E+00    1.70920E+00    1.45628E+00
    3.26405E+01    4.32644E+02    5.97689E+00    6.37052E+01    2.22776E-01   -4.61610E-01    9.84449E-02    1.29344E+00    1.67287E+00    1.40680E+00
    3.34671E+01    4.38062E+02    5.41814E+00    6.72782E+01    1.94761E-01   -4.31729E-01    9.14924E-02    1.28062E+00    1.63949E+00    1.38958E+00
    3.43031E+01    4.44320E+02    6.25873E+00    6.97280E+01    2.17041E-01   -4.52162E-01    1.12208E-01    1.30542E+00    1.68553E+00    1.44209E+00
    3.51485E+01    4.49679E+02    5.35888E+00    7.35074E+01    1.79340E-01   -4.14755E-01    8.55476E-02    1.27947E+00    1.63207E+00    1.38724E+00
    3.60034E+01    4.55604E+02    5.92470E+00    7.60988E+01    1.91405E-01   -4.24831E-01    1.04513E-01    1.29785E+00    1.66310E+00    1.43250E+00
    3.68680E+01    4.62075E+02    6.47105E+00    7.87490E+01    2.01871E-01   -4.36819E-01    1.05171E-01    1.31037E+00    1.69016E+00    1.44895E+00
    3.77424E+01    4.67564E+02    5.48852E+00    8.28378E+01    1.65385E-01   -3.99319E-01    7.70001E-02    1.28210E+00    1.63322E+00    1.38704E+00
    3.86267E+01    4.73741E+02    6.17743E+00    8.56412E+01    1.79850E-01   -4.13713E-01    9.32288E-02    1.30258E+00    1.67046E+00    1.43253E+00
    3.95209E+01    4.78963E+02    5.22235E+00    8.99662E+01    1.46943E-01   -3.76949E-01    6.96593E-02    1.27531E+00    1.61429E+00    1.37573E+00
    4.04252E+01    4.84602E+02    5.63900E+00    9.29317E+01    1.53384E-01   -3.82216E-01    8.54104E-02    1.28977E+00    1.63737E+00    1.41570E+00
    4.13398E+01    4.90452E+02    5.84989E+00    9.59645E+01    1.53861E-01   -3.82679E-01    8.61272E-02    1.29501E+00    1.64696E+00    1.42488E+00
    4.22647E+01    4.96488E+02    6.03550E+00    9.90662E+01    1.53534E-01   -3.82551E-01    8.47884E-02    1.29905E+00    1.65486E+00    1.42981E+00
    4.32001E+01    5.02852E+02    6.36404E+00    1.02238E+02    1.56617E-01   -3.87094E-01    8.23116E-02    1.30593E+00    1.67003E+00    1.43575E+00
    4.41460E+01    5.08124E+02    5.27203E+00    1.07133E+02    1.25544E-01   -3.49418E-01    5.87457E-02    1.27527E+00    1.60765E+00    1.37110E+00
    4.51026E+01    5.13737E+02    5.61305E+00    1.10488E+02    1.29368E-01   -3.52410E-01    7.19399E-02    1.28736E+00    1.62638E+00    1.40738E+00
    4.60700E+01    5.19480E+02    5.74357E+00    1.13920E+02    1.28148E-01   -3.50637E-01    7.21258E-02    1.29060E+00    1.63172E+00    1.41367E+00
    4.70484E+01    5.25293E+02    5.81299E+00    1.17430E+02    1.25581E-01   -3.47244E-01    7.07326E-02    1.29195E+00    1.63359E+00    1.41538E+00
    4.80378E+01    5.31149E+02    5.85608E+00    1.21019E+02    1.22522E-01   -3.43174E-01    6.89458E-02    1.29257E+00    1.63401E+00    1.41562E+00
    4.90384E+01    5.37034E+02    5.88422E+00    1.24691E+02    1.19251E-01   -3.38759E-01    6.70331E-02    1.29280E+00    1.63366E+00    1.41515E+00
    5.00503E+01    5.42936E+02    5.90194E+00    1.28445E+02    1.15882E-01   -3.34136E-01    6.50839E-02    1.29277E+00    1.63278E+00    1.41427E+00
    5.10736E+01    5.48847E+02    5.91090E+00    1.32285E+02    1.12462E-01   -3.29357E-01    6.31350E-02    1.29254E+00    1.63147E+00    1.41307E+00
    5.21085E+01    5.54758E+02    5.91110E+00    1.36212E+02    1.09001E-01   -3.24430E-01    6.12037E-02    1.29210E+00    1.62974E+00    1.41161E+00
    5.31551E+01    5.60658E+02    5.90075E+00    1.40229E+02    1.05476E-01   -3.19311E-01    5.92985E-02    1.29142E+00    1.62749E+00    1.40984E+00
    5.42135E+01    5.66533E+02    5.87496E+00    1.44337E+02    1.01814E-01   -3.13873E-01    5.74256E-02    1.29039E+00    1.62447E+00    1.40768E+00
    5.52839E+01    5.72354E+02    5.82076E+00    1.48538E+02    9.78162E-02   -3.07774E-01    5.56025E-02    1.28871E+00    1.61999E+00    1.40485E+00
    5.63664E+01    5.78048E+02    5.69419E+00    1.52834E+02    9.28030E-02   -2.99823E-01    5.39375E-02    1.28535E+00    1.61172E+00    1.40057E+00
    5.74611E+01    5.83277E+02    5.22911E+00    1.57229E+02    8.26654E-02   -2.82459E-01    5.36849E-02    1.27410E+00    1.58504E+00    1.39139E+00
    5.85682E+01    5.90559E+02    7.28200E+00    1.59463E+02    1.11681E-01   -3.14077E-01    1.14178E-01    1.33277E+00    1.68243E+00    1.58504E+00
    5.96878E+01    5.96884E+02    6.32484E+00    1.64008E+02    9.41184E-02   -3.01829E-01    5.49347E-02    1.29943E+00    1.63925E+00    1.42357E+00
    6.08200E+01    6.02989E+02    6.10522E+00    1.68656E+02    8.81628E-02   -2.92650E-01    5.01891E-02    1.29320E+00    1.62641E+00    1.40919E+00
    6.19650E+01    6.08896E+02    5.90681E+00    1.73410E+02    8.27858E-02   -2.83696E-01    4.79830E-02    1.28810E+00    1.61476E+00    1.40151E+00
    6.31230E+01    6.14297E+02    5.40063E+00    1.78272E+02    7.34728E-02   -2.66867E-01    4.74856E-02    1.27605E+00    1.58681E+00    1.39084E+00
    6.42940E+01    6.21728E+02    7.43160E+00    1.80744E+02    9.81525E-02   -2.95584E-01    1.03840E-01    1.33296E+00    1.68105E+00    1.58681E+00
    6.54783E+01    6.28132E+02    6.40337E+00    1.85773E+02    8.21147E-02   -2.82457E-01    4.83012E-02    1.29883E+00    1.63522E+00    1.41959E+00
    6.66760E+01    6.34220E+02    6.08808E+00    1.90916E+02    7.58124E-02   -2.71782E-01    4.41266E-02    1.29061E+00    1.61794E+00    1.40344E+00
    6.78872E+01    6.39750E+02    5.53018E+00    1.96176E+02    6.68808E-02   -2.54967E-01    4.32726E-02    1.27746E+00    1.58801E+00    1.39062E+00
    6.91121E+01    6.47281E+02    7.53062E+00    1.98850E+02    8.84599E-02   -2.81324E-01    9.65242E-02    1.33273E+00    1.67926E+00    1.58801E+00
    7.03508E+01    6.53676E+02    6.39564E+00    2.04290E+02    7.29801E-02   -2.66562E-01    4.38751E-02    1.29689E+00    1.62894E+00    1.41556E+00
    7.16036E+01    6.59402E+02    5.72515E+00    2.09854E+02    6.34690E-02   -2.48555E-01    4.11047E-02    1.28089E+00    1.59401E+00    1.39460E+00
    7.28704E+01    6.67139E+02    7.73698E+00    2.12683E+02    8.33393E-02   -2.73481E-01    9.24511E-02    1.33538E+00    1.68380E+00    1.59401E+00
    7.41516E+01    6.73682E+02    6.54383E+00    2.18438E+02    6.84953E-02   -2.58454E-01    4.11910E-02    1.29882E+00    1.63181E+00    1.41667E+00
    7.54473E+01    6.79532E+02    5.84963E+00    2.24323E+02    5.95052E-02   -2.40879E-01    3.85033E-02    1.28252E+00    1.59637E+00    1.39518E+00
    7.67576E+01    6.87394E+02    7.86163E+00    2.27316E+02    7.77286E-02   -2.64581E-01    8.78939E-02    1.33628E+00    1.68491E+00    1.59637E+00
    7.80828E+01    6.94020E+02    6.62651E+00    2.33403E+02    6.36853E-02   -2.49406E-01    3.84986E-02    1.29931E+00    1.63166E+00    1.41583E+00
    7.94229E+01    6.99909E+02    5.88915E+00    2.39628E+02    5.50221E-02   -2.31791E-01    3.59840E-02    1.28221E+00    1.59458E+00    1.39359E+00
    8.07781E+01    7.07736E+02    7.82693E+00    2.42794E+02    7.10964E-02   -2.53303E-01    8.32705E-02    1.33393E+00    1.67914E+00    1.59458E+00
    8.21487E+01    7.13955E+02    6.21923E+00    2.49232E+02    5.49295E-02   -2.31437E-01    3.69634E-02    1.28947E+00    1.60845E+00    1.40780E+00
    8.35347E+01    7.22132E+02    8.17648E+00    2.52507E+02    7.02246E-02   -2.51702E-01    8.28883E-02    1.34010E+00    1.69093E+00    1.60845E+00
    8.49364E+01    7.28606E+02    6.47419E+00    2.59166E+02    5.40756E-02   -2.29732E-01    3.60422E-02    1.29430E+00    1.61812E+00    1.41364E+00
    8.63540E+01    7.37132E+02    8.52548E+00    2.62552E+02    6.92575E-02   -2.50303E-01    8.12773E-02    1.34597E+00    1.70278E+00    1.61812E+00
    8.77875E+01    7.44234E+02    7.10284E+00    2.69440E+02    5.61241E-02   -2.34458E-01    3.39623E-02    1.30650E+00    1.64450E+00    1.42281E+00
    8.92373E+01    7.50532E+02    6.29711E+00    2.76485E+02    4.84022E-02   -2.17733E-01    3.15391E-02    1.28861E+00    1.60604E+00    1.39907E+00
    9.07034E+01    7.58818E+02    8.28682E+00    2.80067E+02    6.19661E-02   -2.37289E-01    7.52335E-02    1.33956E+00    1.68942E+00    1.60604E+00
    9.21861E+01    7.65398E+02    6.57989E+00    2.87353E+02    4.78699E-02   -2.16403E-01    3.22429E-02    1.29457E+00    1.61724E+00    1.41137E+00
    9.36856E+01    7.73961E+02    8.56258E+00    2.91058E+02    6.06124E-02   -2.34636E-01    7.45537E-02    1.34411E+00    1.69792E+00    1.61724E+00
    9.52020E+01    7.80703E+02    6.74252E+00    2.98594E+02    4.64436E-02   -2.13213E-01    3.13664E-02    1.29733E+00    1.62246E+00    1.41485E+00
    9.67356E+01    7.89441E+02    8.73786E+00    3.02425E+02    5.85718E-02   -2.30799E-01    7.28267E-02    1.34652E+00    1.70245E+00    1.62246E+00
    9.82864E+01    7.96294E+02    6.85293E+00    3.10220E+02    4.47067E-02   -2.09250E-01    3.03518E-02    1.29891E+00    1.62526E+00    1.41653E+00
    9.98548E+01    8.05129E+02    8.83508E+00    3.14183E+02    5.60985E-02   -2.25990E-01    7.09022E-02    1.34739E+00    1.70383E+00    1.62526E+00
    1.01441E+02    8.11935E+02    6.80617E+00    3.22244E+02    4.20648E-02   -2.02964E-01    2.95030E-02    1.29725E+00    1.62099E+00    1.41550E+00
    1.03045E+02    8.20426E+02    8.49021E+00    3.26343E+02    5.10788E-02   -2.15096E-01    6.93740E-02    1.33979E+00    1.68675E+00    1.62099E+00
    1.04667E+02    8.30392E+02    9.96663E+00    3.30489E+02    5.83724E-02   -2.28721E-01    7.78416E-02    1.36767E+00    1.74078E+00    1.68675E+00
    1.06308E+02    8.37911E+02    7.51870E+00    3.38921E+02    4.28714E-02   -2.04990E-01    2.91610E-02    1.31085E+00    1.64903E+00    1.43310E+00
    1.07967E+02    8.47543E+02    9.63182E+00    3.43208E+02    5.34722E-02   -2.20951E-01    6.82106E-02    1.35984E+00    1.72846E+00    1.64903E+00
    1.09645E+02    8.55069E+02    7.52624E+00    3.51929E+02    4.06837E-02   -1.99814E-01    2.75347E-02    1.31008E+00    1.64720E+00    1.42947E+00
    1.11341E+02    8.64704E+02    9.63506E+00    3.56364E+02    5.07164E-02   -2.15392E-01    6.57454E-02    1.35891E+00    1.72643E+00    1.64720E+00
    1.13057E+02    8.72137E+02    7.43275E+00    3.65384E+02    3.80997E-02   -1.93367E-01    2.66228E-02    1.30756E+00    1.64123E+00    1.42696E+00
    1.14793E+02    8.81359E+02    9.22186E+00    3.69970E+02    4.60357E-02   -2.04756E-01    6.41132E-02    1.35045E+00    1.70777E+00    1.64123E+00
    1.16547E+02    8.92122E+02    1.07638E+01    3.74609E+02    5.23328E-02   -2.17186E-01    7.18549E-02    1.37820E+00    1.76148E+00    1.70777E+00
    1.18322E+02    9.00245E+02    8.12208E+00    3.84044E+02    3.84619E-02   -1.94354E-01    2.62373E-02    1.32010E+00    1.66697E+00    1.44318E+00
    1.20117E+02    9.10562E+02    1.03172E+01    3.88841E+02    4.75890E-02   -2.08899E-01    6.28513E-02    1.36881E+00    1.74585E+00    1.66697E+00
    1.21932E+02    9.18498E+02    7.93626E+00    3.98599E+02    3.56589E-02   -1.87184E-01    2.49185E-02    1.31577E+00    1.65743E+00    1.43666E+00
    1.23768E+02    9.28295E+02    9.79701E+00    4.03561E+02    4.28821E-02   -1.97930E-01    6.08742E-02    1.35875E+00    1.72411E+00    1.65743E+00
    1.25624E+02    9.39660E+02    1.13651E+01    4.08579E+02    4.84628E-02   -2.09332E-01    6.81395E-02    1.38601E+00    1.77678E+00    1.72411E+00
    1.27501E+02    9.48111E+02    8.45094E+00    4.18786E+02    3.51091E-02   -1.85749E-01    2.46269E-02    1.32470E+00    1.67536E+00    1.44967E+00
    1.29400E+02    9.58502E+02    1.03912E+01    4.23976E+02    4.20612E-02   -1.96147E-01    5.98970E-02    1.36797E+00    1.74245E+00    1.67536E+00
    1.31320E+02    9.70540E+02    1.20377E+01    4.29225E+02    4.74770E-02   -2.07394E-01    6.68191E-02    1.39566E+00    1.79609E+00    1.74245E+00
    1.33262E+02    9.79635E+02    9.09467E+00    4.39901E+02    3.49520E-02   -1.85446E-01    2.37032E-02    1.33540E+00    1.69750E+00    1.46121E+00
    1.35225E+02    9.91121E+02    1.14868E+01    4.45329E+02    4.30180E-02   -1.99078E-01    5.81878E-02    1.38515E+00    1.77826E+00    1.69750E+00
    1.37211E+02    9.99985E+02    8.86406E+00    4.56371E+02    3.23500E-02   -1.78453E-01    2.24618E-02    1.33054E+00    1.68690E+00    1.45385E+00
    1.39219E+02    1.01088E+03    1.08901E+01    4.61986E+02    3.87330E-02   -1.88589E-01    5.62781E-02    1.37444E+00    1.75531E+00    1.68690E+00
    1.41250E+02    1.02345E+03    1.25695E+01    4.67664E+02    4.35712E-02   -1.99024E-01    6.29342E-02    1.40195E+00    1.80842E+00    1.75531E+00
    1.43304E+02    1.03281E+03    9.36166E+00    4.79214E+02    3.16289E-02   -1.76458E-01    2.21716E-02    1.33869E+00    1.70315E+00    1.46600E+00
    1.45381E+02    1.04424E+03    1.14323E+01    4.85087E+02    3.76474E-02   -1.85997E-01    5.52478E-02    1.38231E+00    1.77082E+00    1.70315E+00
    1.47482E+02    1.05736E+03    1.31240E+01    4.91026E+02    4.21266E-02   -1.95798E-01    6.15596E-02    1.40928E+00    1.82288E+00    1.77082E+00
    1.49606E+02    1.06705E+03    9.69071E+00    5.03107E+02    3.03219E-02   -1.72797E-01    2.15174E-02    1.34356E+00    1.71270E+00    1.47280E+00
    1.51754E+02    1.07876E+03    1.17016E+01    5.09249E+02    3.56923E-02   -1.81084E-01    5.38612E-02    1.38553E+00    1.77674E+00    1.71270E+00
    1.53927E+02    1.09179E+03    1.30350E+01    5.15462E+02    3.87601E-02   -1.87431E-01    6.02467E-02    1.40666E+00    1.81616E+00    1.77674E+00
    1.56124E+02    1.10633E+03    1.45383E+01    5.21744E+02    4.21458E-02   -1.95596E-01    6.23549E-02    1.42879E+00    1.86095E+00    1.81616E+00
    1.58346E+02    1.11699E+03    1.06640E+01    5.34523E+02    3.01399E-02   -1.72327E-01    2.10550E-02    1.35876E+00    1.74382E+00    1.49253E+00
    1.60593E+02    1.12994E+03    1.29495E+01    5.41021E+02    3.56843E-02   -1.81331E-01    5.29472E-02    1.40362E+00    1.81337E+00    1.74382E+00
    1.62866E+02    1.14474E+03    1.47941E+01    5.47592E+02    3.97493E-02   -1.90495E-01    5.88310E-02    1.43109E+00    1.86642E+00    1.81337E+00
    1.65164E+02    1.15567E+03    1.09338E+01    5.60958E+02    2.86448E-02   -1.68041E-01    2.01749E-02    1.36225E+00    1.75060E+00    1.49632E+00
    1.67488E+02    1.16883E+03    1.31580E+01    5.67755E+02    3.36138E-02   -1.76011E-01    5.13233E-02    1.40568E+00    1.81704E+00    1.75060E+00
    1.69838E+02    1.18344E+03    1.46108E+01    5.74628E+02    3.63971E-02   -1.81957E-01    5.73492E-02    1.42726E+00    1.85733E+00    1.81704E+00
    1.72215E+02    1.19967E+03    1.62325E+01    5.81579E+02    3.94333E-02   -1.89516E-01    5.93045E-02    1.44971E+00    1.90271E+00    1.85733E+00
    1.74619E+02    1.21153E+03    1.18567E+01    5.95718E+02    2.80894E-02   -1.66433E-01    1.97377E-02    1.37577E+00    1.77809E+00    1.51452E+00
    1.77050E+02    1.22575E+03    1.42265E+01    6.02907E+02    3.28694E-02   -1.74164E-01    5.03614E-02    1.42007E+00    1.84583E+00    1.77809E+00
    1.79508E+02    1.24152E+03    1.57638E+01    6.10178E+02    3.55211E-02   -1.79904E-01    5.61749E-02    1.44197E+00    1.88674E+00    1.84583E+00
    1.81994E+02    1.25900E+03    1.74840E+01    6.17531E+02    3.84248E-02   -1.87236E-01    5.80288E-02    1.46483E+00    1.93296E+00    1.88674E+00
    1.84509E+02    1.27179E+03    1.27916E+01    6.32487E+02    2.74195E-02   -1.64479E-01    1.91337E-02    1.38883E+00    1.80471E+00    1.53111E+00
    1.87052E+02    1.28712E+03    1.53309E+01    6.40091E+02    3.20535E-02   -1.72128E-01    4.92497E-02    1.43435E+00    1.87449E+00    1.80471E+00
    1.89623E+02    1.30410E+03    1.69734E+01    6.47782E+02    3.46153E-02   -1.77762E-01    5.49188E-02    1.45684E+00    1.91651E+00    1.87449E+00
    1.92223E+02    1.32291E+03    1.88095E+01    6.55560E+02    3.74180E-02   -1.84935E-01    5.67190E-02    1.48029E+00    1.96392E+00    1.91651E+00
    1.94853E+02    1.33670E+03    1.37949E+01    6.71380E+02    2.67694E-02   -1.62560E-01    1.85395E-02    1.40237E+00    1.83228E+00    1.54819E+00
    1.97513E+02    1.35322E+03    1.65167E+01    6.79424E+02    3.12664E-02   -1.70138E-01    4.81620E-02    1.44918E+00    1.90422E+00    1.83228E+00
    2.00203E+02    1.37149E+03    1.82721E+01    6.87560E+02    3.37434E-02   -1.75670E-01    5.36965E-02    1.47227E+00    1.94742E+00    1.90422E+00
    2.02923E+02    1.39172E+03    2.02305E+01    6.95787E+02    3.64472E-02   -1.82682E-01    5.54485E-02    1.49633E+00    1.99602E+00    1.94742E+00
    2.05673E+02    1.40659E+03    1.48663E+01    7.12521E+02    2.61296E-02   -1.60645E-01    1.79699E-02    1.41633E+00    1.86071E+00    1.56584E+00
    2.08455E+02    1.42436E+03    1.77751E+01    7.21030E+02    3.04810E-02   -1.68114E-01    4.71039E-02    1.46437E+00    1.93467E+00    1.86071E+00
    2.11269E+02    1.44400E+03    1.96372E+01    7.29636E+02    3.28544E-02   -1.73488E-01    5.25012E-02    1.48792E+00    1.97874E+00    1.93467E+00
    2.14114E+02    1.46570E+03    2.17013E+01    7.38338E+02    3.54251E-02   -1.80243E-01    5.41986E-02    1.51234E+00    2.02803E+00    1.97874E+00
    2.16991E+02    1.48161E+03    1.59125E+01    7.56040E+02    2.53446E-02   -1.58242E-01    1.74397E-02    1.42946E+00    1.88732E+00    1.58294E+00
    2.19901E+02    1.50054E+03    1.89241E+01    7.65041E+02    2.94103E-02   -1.65201E-01    4.60303E-02    1.47763E+00    1.96102E+00    1.88732E+00
    2.22843E+02    1.52123E+03    2.06911E+01    7.74144E+02    3.13771E-02   -1.69545E-01    5.12985E-02    1.49928E+00    2.00100E+00    1.96102E+00
    2.25819E+02    1.54346E+03    2.22307E+01    7.83349E+02    3.28959E-02   -1.73405E-01    5.31672E-02    1.51703E+00    2.03596E+00    2.00100E+00
    2.28829E+02    1.56775E+03    2.42876E+01    7.92659E+02    3.50706E-02   -1.79348E-01    5.38984E-02    1.53980E+00    2.08258E+00    2.03596E+00
    2.31872E+02    1.58543E+03    1.76838E+01    8.11595E+02    2.49182E-02   -1.56929E-01    1.70702E-02    1.45104E+00    1.93135E+00    1.61176E+00
    2.34950E+02    1.60637E+03    2.09415E+01    8.21224E+02    2.87966E-02   -1.63549E-01    4.52578E-02    1.50044E+00    2.00666E+00    1.93135E+00
    2.38063E+02    1.62914E+03    2.27691E+01    8.30961E+02    3.05551E-02   -1.67387E-01    5.03663E-02    1.52169E+00    2.04564E+00    2.00666E+00
    2.41211E+02    1.65336E+03    2.42194E+01    8.40809E+02    3.17187E-02   -1.70283E-01    5.21756E-02    1.53758E+00    2.07662E+00    2.04564E+00
    2.44394E+02    1.67911E+03    2.57511E+01    8.50768E+02    3.29135E-02   -1.73478E-01    5.30929E-02    1.55378E+00    2.10914E+00    2.07662E+00
    2.47614E+02    1.70711E+03    2.79933E+01    8.60839E+02    3.49195E-02   -1.79058E-01    5.34581E-02    1.57676E+00    2.15646E+00    2.10914E+00
    2.50870E+02    1.72751E+03    2.04002E+01    8.81325E+02    2.48369E-02   -1.56709E-01    1.67079E-02    1.48227E+00    1.99535E+00    1.65244E+00
    2.54162E+02    1.75168E+03    2.41690E+01    8.91741E+02    2.87196E-02   -1.63472E-01    4.46812E-02    1.53511E+00    2.07639E+00    1.99535E+00
    2.57492E+02    1.77803E+03    2.63556E+01    9.02276E+02    3.05674E-02   -1.67623E-01    4.96986E-02    1.55869E+00    2.11997E+00    2.07639E+00
    2.60859E+02    1.80629E+03    2.82615E+01    9.12929E+02    3.19933E-02   -1.71310E-01    5.14422E-02    1.57806E+00    2.15817E+00    2.11997E+00
    2.64265E+02    1.83711E+03    3.08160E+01    9.23703E+02    3.40507E-02   -1.77017E-01    5.21108E-02    1.60301E+00    2.20923E+00    2.15817E+00
    2.67709E+02    1.85965E+03    2.25372E+01    9.45618E+02    2.43078E-02   -1.55064E-01    1.62127E-02    1.50527E+00    2.04230E+00    1.68191E+00
    2.71192E+02    1.88628E+03    2.66354E+01    9.56761E+02    2.80422E-02   -1.61633E-01    4.37836E-02    1.55986E+00    2.12597E+00    2.04230E+00
    2.74714E+02    1.91520E+03    2.89191E+01    9.68030E+02    2.97203E-02   -1.65374E-01    4.87011E-02    1.58329E+00    2.16904E+00    2.12597E+00
    2.78276E+02    1.94592E+03    3.07236E+01    9.79426E+02    3.08224E-02   -1.68165E-01    5.04283E-02    1.60076E+00    2.20313E+00    2.16904E+00
    2.81878E+02    1.97854E+03    3.26200E+01    9.90952E+02    3.19457E-02   -1.71214E-01    5.12989E-02    1.61850E+00    2.23873E+00    2.20313E+00
    2.85521E+02    2.01393E+03    3.53821E+01    1.00261E+03    3.38263E-02   -1.76521E-01    5.16415E-02    1.64355E+00    2.29022E+00    2.23873E+00
    2.89205E+02    2.03974E+03    2.58160E+01    1.02631E+03    2.40941E-02   -1.54408E-01    1.58832E-02    1.53878E+00    2.11083E+00    1.72599E+00
    2.92931E+02    2.07017E+03    3.04263E+01    1.03837E+03    2.77225E-02   -1.60803E-01    4.31856E-02    1.59604E+00    2.19853E+00    2.11083E+00
    2.96699E+02    2.10310E+03    3.29287E+01    1.05056E+03    2.92905E-02   -1.64279E-01    4.79897E-02    1.62000E+00    2.24247E+00    2.19853E+00
    3.00509E+02    2.13791E+03    3.48155E+01    1.06289E+03    3.02345E-02   -1.66640E-01    4.96567E-02    1.63708E+00    2.27562E+00    2.24247E+00
    3.04363E+02    2.17453E+03    3.66169E+01    1.07536E+03    3.10455E-02   -1.68802E-01    5.05113E-02    1.65286E+00    2.30700E+00    2.27562E+00
    3.08260E+02    2.21321E+03    3.86852E+01    1.08797E+03    3.20226E-02   -1.71513E-01    5.10469E-02    1.67053E+00    2.34268E+00    2.30700E+00
    3.12201E+02    2.25505E+03    4.18326E+01    1.10072E+03    3.38088E-02   -1.76590E-01    5.12339E-02    1.69666E+00    2.39652E+00    2.34268E+00
    3.16187E+02    2.28558E+03    3.05324E+01    1.12666E+03    2.40928E-02   -1.54433E-01    1.55927E-02    1.58351E+00    2.20248E+00    1.78459E+00
    3.20217E+02    2.32152E+03    3.59366E+01    1.13985E+03    2.76873E-02   -1.60810E-01    4.27475E-02    1.64498E+00    2.29680E+00    2.20248E+00
    3.24294E+02    2.36037E+03    3.88567E+01    1.15318E+03    2.92305E-02   -1.64245E-01    4.74762E-02    1.67064E+00    2.34390E+00    2.29680E+00
    3.28416E+02    2.40143E+03    4.10560E+01    1.16667E+03    3.01566E-02   -1.66569E-01    4.91056E-02    1.68893E+00    2.37943E+00    2.34390E+00
    3.32585E+02    2.44458E+03    4.31553E+01    1.18031E+03    3.09514E-02   -1.68694E-01    4.99375E-02    1.70583E+00    2.41305E+00    2.37943E+00
    3.36801E+02    2.49015E+03    4.55643E+01    1.19411E+03    3.19096E-02   -1.71358E-01    5.04575E-02    1.72475E+00    2.45125E+00    2.41305E+00
    3.41064E+02    2.53938E+03    4.92268E+01    1.20806E+03    3.36631E-02   -1.76349E-01    5.06365E-02    1.75270E+00    2.50881E+00    2.45125E+00
    3.45376E+02    2.57536E+03    3.59853E+01    1.23644E+03    2.40293E-02   -1.54259E-01    1.52809E-02    1.63113E+00    2.30000E+00    1.84672E+00
    3.49737E+02    2.61765E+03    4.22851E+01    1.25087E+03    2.75724E-02   -1.60580E-01    4.22662E-02    1.69693E+00    2.40107E+00    2.30000E+00
    3.54147E+02    2.66328E+03    4.56381E+01    1.26546E+03    2.90598E-02   -1.63885E-01    4.69214E-02    1.72402E+00    2.45078E+00    2.40107E+00
    3.58606E+02    2.71138E+03    4.80993E+01    1.28022E+03    2.99082E-02   -1.65996E-01    4.85116E-02    1.74287E+00    2.48731E+00    2.45078E+00
    3.63116E+02    2.76172E+03    5.03404E+01    1.29514E+03    3.05675E-02   -1.67736E-01    4.93177E-02    1.75951E+00    2.52025E+00    2.48731E+00
    3.67677E+02    2.81440E+03    5.26744E+01    1.31023E+03    3.12351E-02   -1.69561E-01    4.98404E-02    1.77642E+00    2.55413E+00    2.52025E+00
    3.72290E+02    2.86987E+03    5.54689E+01    1.32550E+03    3.21216E-02   -1.72046E-01    5.02159E-02    1.79623E+00    2.59425E+00    2.55413E+00
    3.76954E+02    2.92968E+03    5.98118E+01    1.34093E+03    3.38257E-02   -1.76900E-01    5.03200E-02    1.82619E+00    2.65601E+00    2.59425E+00
    3.81672E+02    2.97345E+03    4.37740E+01    1.37233E+03    2.41766E-02   -1.54759E-01    1.50394E-02    1.69335E+00    2.42751E+00    1.92812E+00
    3.86442E+02    3.02483E+03    5.13740E+01    1.38830E+03    2.77107E-02   -1.61089E-01    4.19634E-02    1.76504E+00    2.53786E+00    2.42751E+00
    3.91267E+02    3.08023E+03    5.53999E+01    1.40444E+03    2.91840E-02   -1.64365E-01    4.65631E-02    1.79448E+00    2.59192E+00    2.53786E+00
    3.96146E+02    3.13858E+03    5.83489E+01    1.42077E+03    3.00197E-02   -1.66445E-01    4.81239E-02    1.81494E+00    2.63159E+00    2.59192E+00
    4.01080E+02    3.19961E+03    6.10304E+01    1.43728E+03    3.06665E-02   -1.68149E-01    4.89107E-02    1.83298E+00    2.66733E+00    2.63159E+00
    4.06070E+02    3.26342E+03    6.38190E+01    1.45398E+03    3.13197E-02   -1.69934E-01    4.94185E-02    1.85131E+00    2.70404E+00    2.66733E+00
    4.11116E+02    3.33058E+03    6.71527E+01    1.47087E+03    3.21875E-02   -1.72364E-01    4.97810E-02    1.87274E+00    2.74744E+00    2.70404E+00
    4.16220E+02    3.40291E+03    7.23299E+01    1.48795E+03    3.38614E-02   -1.77126E-01    4.98759E-02    1.90515E+00    2.81417E+00    2.74744E+00
    4.21381E+02    3.45589E+03    5.29870E+01    1.52269E+03    2.42283E-02   -1.54951E-01    1.47812E-02    1.76020E+00    2.56441E+00    2.01550E+00
    4.26600E+02    3.51796E+03    6.20678E+01    1.54035E+03    2.77200E-02   -1.61214E-01    4.15963E-02    1.83785E+00    2.68401E+00    2.56441E+00
    4.31879E+02    3.58475E+03    6.67924E+01    1.55821E+03    2.91363E-02   -1.64343E-01    4.61273E-02    1.86922E+00    2.74155E+00    2.68401E+00
    4.37217E+02    3.65491E+03    7.01605E+01    1.57628E+03    2.98941E-02   -1.66205E-01    4.76433E-02    1.89046E+00    2.78265E+00    2.74155E+00
    4.42615E+02    3.72801E+03    7.30964E+01    1.59455E+03    3.04214E-02   -1.67570E-01    4.83907E-02    1.90844E+00    2.81812E+00    2.78265E+00
    4.48074E+02    3.80395E+03    7.59346E+01    1.61303E+03    3.08687E-02   -1.68764E-01    4.88615E-02    1.92543E+00    2.85194E+00    2.81812E+00
    4.53595E+02    3.88282E+03    7.88729E+01    1.63171E+03    3.13190E-02   -1.69992E-01    4.92127E-02    1.94268E+00    2.88648E+00    2.85194E+00
    4.59179E+02    3.96495E+03    8.21347E+01    1.65061E+03    3.18576E-02   -1.71484E-01    4.95051E-02    1.96148E+00    2.92432E+00    2.88648E+00
    4.64825E+02    4.05113E+03    8.61784E+01    1.66972E+03    3.26511E-02   -1.73714E-01    4.97447E-02    1.98434E+00    2.97072E+00    2.92432E+00
    4.70535E+02    4.14373E+03    9.26025E+01    1.68904E+03    3.42720E-02   -1.78313E-01    4.97642E-02    2.01975E+00    3.04369E+00    2.97072E+00
    4.76310E+02    4.21157E+03    6.78395E+01    1.72835E+03    2.45257E-02   -1.55924E-01    1.46069E-02    1.85672E+00    2.76222E+00    2.14220E+00
    4.82150E+02    4.29090E+03    7.93248E+01    1.74834E+03    2.80140E-02   -1.62163E-01    4.14369E-02    1.94322E+00    2.89559E+00    2.76222E+00
    4.88056E+02    4.37613E+03    8.52331E+01    1.76855E+03    2.94040E-02   -1.65214E-01    4.59154E-02    1.97783E+00    2.95908E+00    2.89559E+00
    4.94029E+02    4.46553E+03    8.94004E+01    1.78899E+03    3.01284E-02   -1.66980E-01    4.73940E-02    2.00105E+00    3.00399E+00    2.95908E+00
    5.00069E+02    4.55852E+03    9.29906E+01    1.80967E+03    3.06138E-02   -1.68224E-01    4.81104E-02    2.02050E+00    3.04233E+00    3.00399E+00
    5.06178E+02    4.65493E+03    9.64055E+01    1.83057E+03    3.10047E-02   -1.69255E-01    4.85519E-02    2.03860E+00    3.07831E+00    3.04233E+00
    5.12356E+02    4.75478E+03    9.98502E+01    1.85172E+03    3.13709E-02   -1.70242E-01    4.88737E-02    2.05651E+00    3.11410E+00    3.07831E+00
    5.18603E+02    4.85828E+03    1.03498E+02    1.87310E+03    3.17661E-02   -1.71323E-01    4.91387E-02    2.07515E+00    3.15148E+00    3.11410E+00
    5.24921E+02    4.96588E+03    1.07600E+02    1.89472E+03    3.22631E-02   -1.72700E-01    4.93743E-02    2.09575E+00    3.19299E+00    3.15148E+00
    5.31310E+02    5.07861E+03    1.12730E+02    1.91659E+03    3.30218E-02   -1.74827E-01    4.95726E-02    2.12104E+00    3.24435E+00    3.19299E+00
    5.37772E+02    5.19955E+03    1.20940E+02    1.93871E+03    3.46100E-02   -1.79314E-01    4.95620E-02    2.16052E+00    3.32568E+00    3.24435E+00
    5.44306E+02    5.28820E+03    8.86523E+01    1.98369E+03    2.47854E-02   -1.56772E-01    1.44177E-02    1.97557E+00    3.00577E+00    2.29803E+00
    5.50915E+02    5.39168E+03    1.03481E+02    2.00656E+03    2.82646E-02   -1.62984E-01    4.12428E-02    2.07295E+00    3.15606E+00    3.00577E+00
    5.57598E+02    5.50269E+03    1.11013E+02    2.02970E+03    2.96240E-02   -1.65947E-01    4.56678E-02    2.11148E+00    3.22675E+00    3.15606E+00
    5.64357E+02    5.61895E+03    1.16258E+02    2.05309E+03    3.03094E-02   -1.67601E-01    4.71082E-02    2.13705E+00    3.27617E+00    3.22675E+00
    5.71192E+02    5.73966E+03    1.20711E+02    2.07675E+03    3.07464E-02   -1.68708E-01    4.77911E-02    2.15817E+00    3.31777E+00    3.27617E+00
    5.78104E+02    5.86453E+03    1.24871E+02    2.10067E+03    3.10745E-02   -1.69562E-01    4.81991E-02    2.17749E+00    3.35613E+00    3.31777E+00
    5.85094E+02    5.99349E+03    1.28959E+02    2.12487E+03    3.13542E-02   -1.70304E-01    4.84845E-02    2.19614E+00    3.39331E+00    3.35613E+00
    5.92163E+02    6.12660E+03    1.33113E+02    2.14934E+03    3.16203E-02   -1.71020E-01    4.87094E-02    2.21477E+00    3.43056E+00    3.39331E+00
    5.99313E+02    6.26406E+03    1.37454E+02    2.17408E+03    3.19015E-02   -1.71784E-01    4.89040E-02    2.23393E+00    3.46896E+00    3.43056E+00
    6.06543E+02    6.40620E+03    1.42147E+02    2.19911E+03    3.22333E-02   -1.72696E-01    4.90851E-02    2.25433E+00    3.50994E+00    3.46896E+00
    6.13854E+02    6.55370E+03    1.47497E+02    2.22441E+03    3.26788E-02   -1.73932E-01    4.92597E-02    2.27722E+00    3.55611E+00    3.50994E+00
    6.21249E+02    6.70796E+03    1.54258E+02    2.25001E+03    3.33926E-02   -1.75930E-01    4.94103E-02    2.30565E+00    3.61383E+00    3.55611E+00
    6.28727E+02    6.87314E+03    1.65185E+02    2.27589E+03    3.49380E-02   -1.80281E-01    4.93627E-02    2.35046E+00    3.70616E+00    3.61383E+00
    6.36289E+02    6.99425E+03    1.21103E+02    2.32854E+03    2.50270E-02   -1.57558E-01    1.42300E-02    2.13567E+00    3.33388E+00    2.50815E+00
    6.43937E+02    7.13534E+03    1.41095E+02    2.35531E+03    2.84904E-02   -1.63727E-01    4.10352E-02    2.24763E+00    3.50682E+00    3.33388E+00
    6.51671E+02    7.28646E+03    1.51118E+02    2.38238E+03    2.98151E-02   -1.66595E-01    4.54008E-02    2.29143E+00    3.58716E+00    3.50682E+00
    6.59493E+02    7.44447E+03    1.58011E+02    2.40976E+03    3.04610E-02   -1.68140E-01    4.67987E-02    2.32019E+00    3.64270E+00    3.58716E+00
    6.67403E+02    7.60827E+03    1.63800E+02    2.43745E+03    3.08542E-02   -1.69124E-01    4.74455E-02    2.34371E+00    3.68901E+00    3.64270E+00
    6.75402E+02    7.77742E+03    1.69146E+02    2.46545E+03    3.11321E-02   -1.69839E-01    4.78187E-02    2.36500E+00    3.73125E+00    3.68901E+00
    6.83492E+02    7.95175E+03    1.74331E+02    2.49376E+03    3.13522E-02   -1.70416E-01    4.80683E-02    2.38529E+00    3.77167E+00    3.73125E+00
    6.91673E+02    8.13125E+03    1.79504E+02    2.52240E+03    3.15444E-02   -1.70926E-01    4.82549E-02    2.40523E+00    3.81147E+00    3.77167E+00
    6.99947E+02    8.31602E+03    1.84771E+02    2.55136E+03    3.17277E-02   -1.71419E-01    4.84072E-02    2.42522E+00    3.85145E+00    3.81147E+00
    7.08314E+02    8.50625E+03    1.90231E+02    2.58065E+03    3.19187E-02   -1.71937E-01    4.85415E-02    2.44564E+00    3.89235E+00    3.85145E+00
    7.16776E+02    8.70226E+03    1.96009E+02    2.61027E+03    3.21367E-02   -1.72534E-01    4.86682E-02    2.46695E+00    3.93509E+00    3.89235E+00
    7.25333E+02    8.90457E+03    2.02307E+02    2.64022E+03    3.24118E-02   -1.73294E-01    4.87942E-02    2.48985E+00    3.98112E+00    3.93509E+00
    7.33987E+02    9.11411E+03    2.09537E+02    2.67052E+03    3.28035E-02   -1.74385E-01    4.89212E-02    2.51574E+00    4.03335E+00    3.98112E+00
    7.42739E+02    9.33285E+03    2.18740E+02    2.70115E+03    3.34626E-02   -1.76235E-01    4.90293E-02    2.54814E+00    4.09919E+00    4.03335E+00
    7.51590E+02    9.56660E+03    2.33758E+02    2.73213E+03    3.49441E-02   -1.80412E-01    4.89456E-02    2.59976E+00    4.20550E+00    4.09919E+00
    7.60540E+02    9.73791E+03    1.71305E+02    2.79515E+03    2.50240E-02   -1.57571E-01    1.39836E-02    2.34546E+00    3.76375E+00    2.78358E+00
    7.69592E+02    9.93707E+03    1.99158E+02    2.82719E+03    2.84293E-02   -1.63640E-01    4.06351E-02    2.47624E+00    3.96581E+00    3.76375E+00
    7.78746E+02    1.01500E+04    2.12889E+02    2.85960E+03    2.96965E-02   -1.66371E-01    4.49141E-02    2.52663E+00    4.05817E+00    3.96581E+00
    7.88004E+02    1.03721E+04    2.22182E+02    2.89237E+03    3.02866E-02   -1.67771E-01    4.62560E-02    2.55924E+00    4.12112E+00    4.05817E+00
    7.97366E+02    1.06020E+04    2.29882E+02    2.92551E+03    3.06221E-02   -1.68602E-01    4.68560E-02    2.58560E+00    4.17295E+00    4.12112E+00
    8.06834E+02    1.08389E+04    2.36902E+02    2.95902E+03    3.08385E-02   -1.69151E-01    4.71849E-02    2.60917E+00    4.21969E+00    4.17295E+00
    8.16409E+02    1.10825E+04    2.43621E+02    2.99292E+03    3.09910E-02   -1.69544E-01    4.73899E-02    2.63137E+00    4.26387E+00    4.21969E+00
    8.26092E+02    1.13328E+04    2.50225E+02    3.02720E+03    3.11065E-02   -1.69845E-01    4.75296E-02    2.65287E+00    4.30675E+00    4.26387E+00
    8.35885E+02    1.15896E+04    2.56822E+02    3.06186E+03    3.11999E-02   -1.70092E-01    4.76316E-02    2.67405E+00    4.34905E+00    4.30675E+00
    8.45788E+02    1.18531E+04    2.63484E+02    3.09692E+03    3.12810E-02   -1.70308E-01    4.77106E-02    2.69515E+00    4.39123E+00    4.34905E+00
    8.55803E+02    1.21233E+04    2.70271E+02    3.13237E+03    3.13570E-02   -1.70513E-01    4.77754E-02    2.71638E+00    4.43369E+00    4.39123E+00
    8.65932E+02    1.24006E+04    2.77243E+02    3.16823E+03    3.14344E-02   -1.70723E-01    4.78319E-02    2.73791E+00    4.47677E+00    4.43369E+00
    8.76174E+02    1.26851E+04    2.84468E+02    3.20448E+03    3.15203E-02   -1.70960E-01    4.78846E-02    2.75993E+00    4.52088E+00    4.47677E+00
    8.86533E+02    1.29771E+04    2.92044E+02    3.24115E+03    3.16244E-02   -1.71250E-01    4.79371E-02    2.78274E+00    4.56660E+00    4.52088E+00
    8.97009E+02    1.32772E+04    3.00128E+02    3.27824E+03    3.17614E-02   -1.71633E-01    4.79930E-02    2.80678E+00    4.61484E+00    4.56660E+00
    9.07603E+02    1.35862E+04    3.09005E+02    3.31574E+03    3.19579E-02   -1.72188E-01    4.80551E-02    2.83282E+00    4.66722E+00    4.61484E+00
    9.18316E+02    1.39055E+04    3.19272E+02    3.35366E+03    3.22699E-02   -1.73072E-01    4.81227E-02    2.86253E+00    4.72719E+00    4.66722E+00
    9.29151E+02    1.42380E+04    3.32477E+02    3.39202E+03    3.28416E-02   -1.74702E-01    4.81746E-02    2.90014E+00    4.80363E+00    4.72719E+00
    9.40108E+02    1.45923E+04    3.54354E+02    3.43080E+03    3.42080E-02   -1.78606E-01    4.80424E-02    2.96100E+00    4.92901E+00    4.80363E+00
    9.51189E+02    1.48516E+04    2.59245E+02    3.50970E+03    2.44587E-02   -1.55800E-01    1.36019E-02    2.64843E+00    4.38454E+00    3.18197E+00
    9.62395E+02    1.51522E+04    3.00598E+02    3.54982E+03    2.77167E-02   -1.61657E-01    3.97956E-02    2.80589E+00    4.62763E+00    4.38454E+00
    9.73728E+02    1.54727E+04    3.20526E+02    3.59039E+03    2.88838E-02   -1.64177E-01    4.39295E-02    2.86529E+00    4.73633E+00    4.62763E+00
    9.85189E+02    1.58064E+04    3.33726E+02    3.63142E+03    2.93913E-02   -1.65376E-01    4.51889E-02    2.90299E+00    4.80900E+00    4.73633E+00
    9.96779E+02    1.61509E+04    3.44476E+02    3.67291E+03    2.96502E-02   -1.66011E-01    4.57241E-02    2.93297E+00    4.86791E+00    4.80900E+00
    1.00850E+03    1.65051E+04    3.54144E+02    3.71487E+03    2.97915E-02   -1.66361E-01    4.59945E-02    2.95947E+00    4.92041E+00    4.86791E+00
    1.02035E+03    1.68683E+04    3.63290E+02    3.75731E+03    2.98683E-02   -1.66551E-01    4.61432E-02    2.98417E+00    4.96952E+00    4.92041E+00
    1.03234E+03    1.72405E+04    3.72181E+02    3.80022E+03    2.99061E-02   -1.66641E-01    4.62268E-02    3.00785E+00    5.01672E+00    4.96952E+00
    1.04447E+03    1.76215E+04    3.80966E+02    3.84362E+03    2.99186E-02   -1.66666E-01    4.62718E-02    3.03096E+00    5.06284E+00    5.01672E+00
    1.05673E+03    1.80112E+04    3.89735E+02    3.88751E+03    2.99141E-02   -1.66647E-01    4.62922E-02    3.05374E+00    5.10835E+00    5.06284E+00
    1.06912E+03    1.84098E+04    3.98549E+02    3.93190E+03    2.98979E-02   -1.66597E-01    4.62960E-02    3.07638E+00    5.15359E+00    5.10835E+00
    1.08166E+03    1.88172E+04    4.07454E+02    3.97679E+03    2.98741E-02   -1.66528E-01    4.62884E-02    3.09900E+00    5.19880E+00    5.15359E+00
    1.09434E+03    1.92337E+04    4.16492E+02    4.02218E+03    2.98457E-02   -1.66447E-01    4.62727E-02    3.12170E+00    5.24419E+00    5.19880E+00
    1.10717E+03    1.96594E+04    4.25705E+02    4.06809E+03    2.98156E-02   -1.66362E-01    4.62516E-02    3.14458E+00    5.28997E+00    5.24419E+00
    1.12014E+03    2.00946E+04    4.35139E+02    4.11452E+03    2.97869E-02   -1.66283E-01    4.62270E-02    3.16776E+00    5.33636E+00    5.28997E+00
    1.13325E+03    2.05394E+04    4.44857E+02    4.16147E+03    2.97634E-02   -1.66219E-01    4.62009E-02    3.19138E+00    5.38365E+00    5.33636E+00
    1.14652E+03    2.09944E+04    4.54946E+02    4.20895E+03    2.97501E-02   -1.66186E-01    4.61752E-02    3.21564E+00    5.43224E+00    5.38365E+00
    1.15993E+03    2.14599E+04    4.65541E+02    4.25697E+03    2.97547E-02   -1.66207E-01    4.61519E-02    3.24084E+00    5.48276E+00    5.43224E+00
    1.17349E+03    2.19368E+04    4.76873E+02    4.30553E+03    2.97900E-02   -1.66318E-01    4.61332E-02    3.26749E+00    5.53626E+00    5.48276E+00
    1.18721E+03    2.24261E+04    4.89369E+02    4.35464E+03    2.98797E-02   -1.66591E-01    4.61212E-02    3.29654E+00    5.59472E+00    5.53626E+00
    1.20109E+03    2.29301E+04    5.03942E+02    4.40431E+03    3.00743E-02   -1.67176E-01    4.61145E-02    3.33002E+00    5.66232E+00    5.59472E+00
    1.21512E+03    2.34531E+04    5.22971E+02    4.45454E+03    3.05048E-02   -1.68464E-01    4.60930E-02    3.37310E+00    5.74994E+00    5.66232E+00
    1.22930E+03    2.40083E+04    5.55284E+02    4.50533E+03    3.16580E-02   -1.71905E-01    4.58978E-02    3.44466E+00    5.89745E+00    5.74994E+00
    1.24365E+03    2.44130E+04    4.04606E+02    4.60865E+03    2.25466E-02   -1.49602E-01    1.28780E-02    3.05156E+00    5.21025E+00    3.71308E+00
    1.25816E+03    2.48804E+04    4.67412E+02    4.66118E+03    2.54584E-02   -1.54997E-01    3.78719E-02    3.24286E+00    5.50467E+00    5.21025E+00
    1.27284E+03    2.53770E+04    4.96588E+02    4.71431E+03    2.64369E-02   -1.57149E-01    4.17276E-02    3.31249E+00    5.63161E+00    5.50467E+00
    1.28768E+03    2.58921E+04    5.15189E+02    4.76804E+03    2.68081E-02   -1.58026E-01    4.28483E-02    3.35512E+00    5.71354E+00    5.63161E+00
    1.30269E+03    2.64220E+04    5.29867E+02    4.82238E+03    2.69497E-02   -1.58355E-01    4.32815E-02    3.38805E+00    5.77808E+00    5.71354E+00
    1.31787E+03    2.69647E+04    5.42742E+02    4.87733E+03    2.69817E-02   -1.58407E-01    4.34626E-02    3.41647E+00    5.83430E+00    5.77808E+00
    1.33322E+03    2.75194E+04    5.54671E+02    4.93290E+03    2.69527E-02   -1.58298E-01    4.35271E-02    3.44246E+00    5.88593E+00    5.83430E+00
    1.34874E+03    2.80855E+04    5.66060E+02    4.98910E+03    2.68858E-02   -1.58086E-01    4.35284E-02    3.46699E+00    5.93475E+00    5.88593E+00
    1.36444E+03    2.86626E+04    5.77125E+02    5.04593E+03    2.67932E-02   -1.57803E-01    4.34914E-02    3.49056E+00    5.98175E+00    5.93475E+00
    1.38031E+03    2.92506E+04    5.87991E+02    5.10341E+03    2.66822E-02   -1.57468E-01    4.34291E-02    3.51347E+00    6.02746E+00    5.98175E+00
    1.39637E+03    2.98493E+04    5.98733E+02    5.16154E+03    2.65572E-02   -1.57092E-01    4.33489E-02    3.53591E+00    6.07224E+00    6.02746E+00
    1.41261E+03    3.04587E+04    6.09402E+02    5.22032E+03    2.64211E-02   -1.56685E-01    4.32552E-02    3.55798E+00    6.11631E+00    6.07224E+00
    1.42903E+03    3.10788E+04    6.20028E+02    5.27977E+03    2.62760E-02   -1.56250E-01    4.31511E-02    3.57976E+00    6.15983E+00    6.11631E+00
    1.44563E+03    3.17094E+04    6.30636E+02    5.33989E+03    2.61234E-02   -1.55792E-01    4.30383E-02    3.60131E+00    6.20289E+00    6.15983E+00
    1.46243E+03    3.23506E+04    6.41241E+02    5.40068E+03    2.59642E-02   -1.55313E-01    4.29183E-02    3.62268E+00    6.24557E+00    6.20289E+00
    1.47941E+03    3.30025E+04    6.51856E+02    5.46217E+03    2.57995E-02   -1.54817E-01    4.27921E-02    3.64388E+00    6.28794E+00    6.24557E+00
    1.49658E+03    3.36650E+04    6.62491E+02    5.52435E+03    2.56299E-02   -1.54305E-01    4.26604E-02    3.66494E+00    6.33003E+00    6.28794E+00
    1.51395E+03    3.43381E+04    6.73156E+02    5.58723E+03    2.54561E-02   -1.53778E-01    4.25238E-02    3.68589E+00    6.37190E+00    6.33003E+00
    1.53152E+03    3.50220E+04    6.83859E+02    5.65083E+03    2.52786E-02   -1.53239E-01    4.23828E-02    3.70675E+00    6.41358E+00    6.37190E+00
    1.54928E+03    3.57166E+04    6.94610E+02    5.71514E+03    2.50980E-02   -1.52689E-01    4.22378E-02    3.72753E+00    6.45513E+00    6.41358E+00
    1.56725E+03    3.64220E+04    7.05423E+02    5.78018E+03    2.49150E-02   -1.52130E-01    4.20894E-02    3.74827E+00    6.49658E+00    6.45513E+00
    1.58541E+03    3.71383E+04    7.16315E+02    5.84595E+03    2.47303E-02   -1.51564E-01    4.19378E-02    3.76900E+00    6.53802E+00    6.49658E+00
    1.60379E+03    3.78657E+04    7.27310E+02    5.91247E+03    2.45449E-02   -1.50993E-01    4.17836E-02    3.78976E+00    6.57954E+00    6.53802E+00
    1.62237E+03    3.86041E+04    7.38440E+02    5.97974E+03    2.43598E-02   -1.50423E-01    4.16272E-02    3.81062E+00    6.62126E+00    6.57954E+00
    1.64116E+03    3.93539E+04    7.49757E+02    6.04777E+03    2.41767E-02   -1.49857E-01    4.14694E-02    3.83167E+00    6.66338E+00    6.62126E+00
    1.66016E+03    4.01152E+04    7.61335E+02    6.11656E+03    2.39979E-02   -1.49303E-01    4.13108E-02    3.85305E+00    6.70617E+00    6.66338E+00
    1.67938E+03    4.08885E+04    7.73297E+02    6.18614E+03    2.38268E-02   -1.48772E-01    4.11526E-02    3.87497E+00    6.75009E+00    6.70617E+00
    1.69881E+03    4.16743E+04    7.85838E+02    6.25650E+03    2.36688E-02   -1.48284E-01    4.09960E-02    3.89779E+00    6.79584E+00    6.75009E+00
    1.71847E+03    4.24736E+04    7.99306E+02    6.32766E+03    2.35331E-02   -1.47868E-01    4.08425E-02    3.92212E+00    6.84470E+00    6.79584E+00
    1.73834E+03    4.32880E+04    8.14363E+02    6.39962E+03    2.34375E-02   -1.47586E-01    4.06934E-02    3.94911E+00    6.89907E+00    6.84470E+00
    1.75845E+03    4.41204E+04    8.32440E+02    6.47239E+03    2.34192E-02   -1.47564E-01    4.05476E-02    3.98125E+00    6.96411E+00    6.89907E+00
    1.77877E+03    4.49777E+04    8.57289E+02    6.54598E+03    2.35762E-02   -1.48139E-01    4.03873E-02    4.02498E+00    7.05330E+00    6.96411E+00
    1.79933E+03    4.58806E+04    9.02885E+02    6.62041E+03    2.42722E-02   -1.50552E-01    4.00772E-02    4.10378E+00    7.21621E+00    7.05330E+00
    1.82012E+03    4.65299E+04    6.49341E+02    6.77180E+03    1.70640E-02   -1.30153E-01    1.11426E-02    3.58896E+00    6.31007E+00    4.42764E+00
    1.84115E+03    4.72744E+04    7.44416E+02    6.84878E+03    1.91230E-02   -1.34356E-01    3.27310E-02    3.81862E+00    6.65935E+00    6.31007E+00
    1.86241E+03    4.80589E+04    7.84567E+02    6.92663E+03    1.97017E-02   -1.35690E-01    3.59164E-02    3.89454E+00    6.79588E+00    6.65935E+00
    1.88391E+03    4.88663E+04    8.07344E+02    7.00536E+03    1.98183E-02   -1.35900E-01    3.67358E-02    3.93604E+00    6.87471E+00    6.79588E+00
    1.90566E+03    4.96897E+04    8.23460E+02    7.08497E+03    1.97599E-02   -1.35624E-01    3.69603E-02    3.96487E+00    6.93071E+00    6.87471E+00
    1.92765E+03    5.05260E+04    8.36314E+02    7.16549E+03    1.96177E-02   -1.35097E-01    3.69657E-02    3.98757E+00    6.97528E+00    6.93071E+00
    1.94989E+03    5.13733E+04    8.47268E+02    7.24692E+03    1.94285E-02   -1.34422E-01    3.68683E-02    4.00672E+00    7.01308E+00    6.97528E+00
    1.97238E+03    5.22303E+04    8.56964E+02    7.32927E+03    1.92097E-02   -1.33648E-01    3.67143E-02    4.02352E+00    7.04635E+00    7.01308E+00
    1.99513E+03    5.30960E+04    8.65736E+02    7.41255E+03    1.89707E-02   -1.32803E-01    3.65249E-02    4.03860E+00    7.07626E+00    7.04635E+00
    2.01813E+03    5.39698E+04    8.73768E+02    7.49677E+03    1.87170E-02   -1.31903E-01    3.63113E-02    4.05231E+00    7.10349E+00    7.07626E+00
    2.04139E+03    5.48510E+04    8.81171E+02    7.58194E+03    1.84519E-02   -1.30959E-01    3.60798E-02    4.06486E+00    7.12842E+00    7.10349E+00
    2.06492E+03    5.57390E+04    8.88006E+02    7.66807E+03    1.81778E-02   -1.29976E-01    3.58342E-02    4.07638E+00    7.15130E+00    7.12842E+00
    2.08871E+03    5.66333E+04    8.94311E+02    7.75518E+03    1.78961E-02   -1.28959E-01    3.55769E-02    4.08694E+00    7.17228E+00    7.15130E+00
    2.11277E+03    5.75334E+04    9.00107E+02    7.84327E+03    1.76080E-02   -1.27911E-01    3.53094E-02    4.09658E+00    7.19144E+00    7.17228E+00
    2.13710E+03    5.84388E+04    9.05400E+02    7.93236E+03    1.73142E-02   -1.26834E-01    3.50330E-02    4.10534E+00    7.20881E+00    7.19144E+00
    2.16171E+03    5.93490E+04    9.10193E+02    8.02245E+03    1.70155E-02   -1.25730E-01    3.47482E-02    4.11321E+00    7.22443E+00    7.20881E+00
    2.18659E+03    6.02635E+04    9.14479E+02    8.11356E+03    1.67122E-02   -1.24599E-01    3.44557E-02    4.12020E+00    7.23828E+00    7.22443E+00
    2.21176E+03    6.11817E+04    9.18251E+02    8.20570E+03    1.64048E-02   -1.23443E-01    3.41558E-02    4.12629E+00    7.25035E+00    7.23828E+00
    2.23721E+03    6.21032E+04    9.21495E+02    8.29888E+03    1.60936E-02   -1.22262E-01    3.38488E-02    4.13149E+00    7.26060E+00    7.25035E+00
    2.26295E+03    6.30274E+04    9.24198E+02    8.39312E+03    1.57790E-02   -1.21055E-01    3.35349E-02    4.13575E+00    7.26901E+00    7.26060E+00
    2.28898E+03    6.39537E+04    9.26344E+02    8.48842E+03    1.54610E-02   -1.19824E-01    3.32141E-02    4.13907E+00    7.27551E+00    7.26901E+00
    2.31530E+03    6.48817E+04    9.27915E+02    8.58480E+03    1.51401E-02   -1.18569E-01    3.28866E-02    4.14141E+00    7.28006E+00    7.27551E+00
    2.34192E+03    6.58105E+04    9.28892E+02    8.68226E+03    1.48163E-02   -1.17289E-01    3.25525E-02    4.14275E+00    7.28260E+00    7.28006E+00
    2.36884E+03    6.67398E+04    9.29256E+02    8.78083E+03    1.44899E-02   -1.15984E-01    3.22117E-02    4.14306E+00    7.28307E+00    7.28260E+00
    2.39607E+03    6.76688E+04    9.28986E+02    8.88051E+03    1.41611E-02   -1.14655E-01    3.18643E-02    4.14229E+00    7.28140E+00    7.28307E+00
    2.42360E+03    6.85968E+04    9.28061E+02    8.98132E+03    1.38300E-02   -1.13301E-01    3.15102E-02    4.14043E+00    7.27751E+00    7.28140E+00
    2.45145E+03    6.95233E+04    9.26460E+02    9.08326E+03    1.34968E-02   -1.11922E-01    3.11494E-02    4.13742E+00    7.27134E+00    7.27751E+00
    2.47961E+03    7.04475E+04    9.24161E+02    9.18636E+03    1.31617E-02   -1.10518E-01    3.07819E-02    4.13323E+00    7.26280E+00    7.27134E+00
    2.50808E+03    7.13686E+04    9.21142E+02    9.29063E+03    1.28249E-02   -1.09088E-01    3.04076E-02    4.12781E+00    7.25180E+00    7.26280E+00
    2.53688E+03    7.22860E+04    9.17382E+02    9.39607E+03    1.24864E-02   -1.07633E-01    3.00265E-02    4.12113E+00    7.23828E+00    7.25180E+00
    2.56601E+03    7.31989E+04    9.12858E+02    9.50270E+03    1.21466E-02   -1.06151E-01    2.96384E-02    4.11314E+00    7.22212E+00    7.23828E+00
    2.59546E+03    7.41064E+04    9.07549E+02    9.61054E+03    1.18055E-02   -1.04644E-01    2.92434E-02    4.10380E+00    7.20325E+00    7.22212E+00
    2.62525E+03    7.50078E+04    9.01435E+02    9.71960E+03    1.14634E-02   -1.03109E-01    2.88414E-02    4.09305E+00    7.18157E+00    7.20325E+00
    2.65537E+03    7.59023E+04    8.94493E+02    9.82989E+03    1.11204E-02   -1.01548E-01    2.84322E-02    4.08084E+00    7.15696E+00    7.18157E+00
    2.68583E+03    7.67890E+04    8.86705E+02    9.94142E+03    1.07767E-02   -9.99593E-02    2.80157E-02    4.06713E+00    7.12935E+00    7.15696E+00
    2.71664E+03    7.76671E+04    8.78051E+02    1.00542E+04    1.04327E-02   -9.83430E-02    2.75920E-02    4.05186E+00    7.09861E+00    7.12935E+00
    2.74780E+03    7.85356E+04    8.68515E+02    1.01683E+04    1.00884E-02   -9.66987E-02    2.71608E-02    4.03499E+00    7.06464E+00    7.09861E+00
    2.77931E+03    7.93937E+04    8.58079E+02    1.02836E+04    9.74403E-03   -9.50261E-02    2.67221E-02    4.01644E+00    7.02733E+00    7.06464E+00
    2.81117E+03    8.02404E+04    8.46730E+02    1.04003E+04    9.39996E-03   -9.33249E-02    2.62758E-02    3.99617E+00    6.98658E+00    7.02733E+00
    2.84339E+03    8.10749E+04    8.34457E+02    1.05183E+04    9.05639E-03   -9.15949E-02    2.58218E-02    3.97413E+00    6.94227E+00    6.98658E+00
    2.87598E+03    8.18961E+04    8.21252E+02    1.06376E+04    8.71361E-03   -8.98358E-02    2.53600E-02    3.95026E+00    6.89429E+00    6.94227E+00
    2.90894E+03    8.27032E+04    8.07110E+02    1.07583E+04    8.37194E-03   -8.80478E-02    2.48903E-02    3.92451E+00    6.84255E+00    6.89429E+00
    2.94227E+03    8.34953E+04    7.92035E+02    1.08803E+04    8.03175E-03   -8.62309E-02    2.44128E-02    3.89683E+00    6.78695E+00    6.84255E+00
    2.97597E+03    8.42713E+04    7.76037E+02    1.10037E+04    7.69345E-03   -8.43856E-02    2.39273E-02    3.86720E+00    6.72743E+00    6.78695E+00
    3.01006E+03    8.50304E+04    7.59137E+02    1.11285E+04    7.35754E-03   -8.25130E-02    2.34338E-02    3.83558E+00    6.66394E+00    6.72743E+00
    3.04453E+03    8.57718E+04    7.41376E+02    1.12547E+04    7.02467E-03   -8.06150E-02    2.29324E-02    3.80199E+00    6.59651E+00    6.66394E+00
    3.07939E+03    8.64946E+04    7.22821E+02    1.13823E+04    6.69567E-03   -7.86948E-02    2.24232E-02    3.76649E+00    6.52527E+00    6.59651E+00
    3.11465E+03    8.71982E+04    7.03591E+02    1.15114E+04    6.37176E-03   -7.67585E-02    2.19064E-02    3.72922E+00    6.45054E+00    6.52527E+00
    3.15030E+03    8.78821E+04    6.83892E+02    1.16420E+04    6.05485E-03   -7.48174E-02    2.13824E-02    3.69054E+00    6.37301E+00    6.45054E+00
    3.18635E+03    8.85462E+04    6.64124E+02    1.17740E+04    5.74835E-03   -7.28943E-02    2.08511E-02    3.65117E+00    6.29422E+00    6.37301E+00
    3.22282E+03    8.91914E+04    6.45148E+02    1.19075E+04    5.45923E-03   -7.10398E-02    2.03117E-02    3.61283E+00    6.21775E+00    6.29422E+00
    3.25969E+03    8.98206E+04    6.29220E+02    1.20425E+04    5.20539E-03   -6.93908E-02    1.97563E-02    3.58021E+00    6.15342E+00    6.21775E+00
    3.29699E+03    9.04454E+04    6.24779E+02    1.21790E+04    5.05309E-03   -6.84633E-02    1.91276E-02    3.57096E+00    6.13846E+00    6.15342E+00
    3.33470E+03    9.08417E+04    3.96314E+02    1.24567E+04    3.13364E-03   -5.57304E-02    5.26966E-03    3.01822E+00    5.13183E+00    3.74586E+00
    3.37284E+03    9.12694E+04    4.27694E+02    1.25980E+04    3.30617E-03   -5.56804E-02    1.43481E-02    3.12825E+00    5.26383E+00    5.13183E+00
    3.41141E+03    9.16899E+04    4.20539E+02    1.27408E+04    3.17819E-03   -5.42741E-02    1.52484E-02    3.11046E+00    5.21562E+00    5.26383E+00
    3.45042E+03    9.20911E+04    4.01124E+02    1.28852E+04    2.96370E-03   -5.23074E-02    1.50875E-02    3.06089E+00    5.11270E+00    5.21562E+00
    3.48986E+03    9.24678E+04    3.76714E+02    1.30313E+04    2.72114E-03   -5.00654E-02    1.46490E-02    2.99696E+00    4.98300E+00    5.11270E+00
    3.52976E+03    9.28174E+04    3.49672E+02    1.31790E+04    2.46935E-03   -4.76505E-02    1.40989E-02    2.92371E+00    4.83533E+00    4.98300E+00
    3.57010E+03    9.31385E+04    3.21019E+02    1.33284E+04    2.21635E-03   -4.51045E-02    1.34881E-02    2.84298E+00    4.67290E+00    4.83533E+00
    3.61090E+03    9.34298E+04    2.91313E+02    1.34794E+04    1.96631E-03   -4.24445E-02    1.28364E-02    2.75539E+00    4.49686E+00    4.67290E+00
    3.65216E+03    9.36907E+04    2.60927E+02    1.36322E+04    1.72185E-03   -3.96759E-02    1.21521E-02    2.66105E+00    4.30732E+00    4.49686E+00
    3.69389E+03    9.39209E+04    2.30157E+02    1.37867E+04    1.48487E-03   -3.67970E-02    1.14389E-02    2.55974E+00    4.10380E+00    4.30732E+00
    3.73609E+03    9.41201E+04    1.99278E+02    1.39430E+04    1.25693E-03   -3.38007E-02    1.06977E-02    2.45099E+00    3.88535E+00    4.10380E+00
    3.77876E+03    9.42887E+04    1.68574E+02    1.41010E+04    1.03951E-03   -3.06747E-02    9.92822E-03    2.33409E+00    3.65050E+00    3.88535E+00
    3.82192E+03    9.44271E+04    1.38355E+02    1.42608E+04    8.34104E-04   -2.74001E-02    9.12884E-03    2.20802E+00    3.39720E+00    3.65050E+00
    3.86557E+03    9.45361E+04    1.08988E+02    1.44224E+04    6.42380E-04   -2.39487E-02    8.29696E-03    2.07135E+00    3.12248E+00    3.39720E+00
    3.90971E+03    9.46170E+04    8.09257E+01    1.45858E+04    4.66326E-04   -2.02765E-02    7.42905E-03    1.92191E+00    2.82192E+00    3.12248E+00
    3.95434E+03    9.46717E+04    5.47677E+01    1.47511E+04    3.08544E-04   -1.63102E-02    6.52085E-03    1.75621E+00    2.48835E+00    2.82192E+00
    3.99949E+03    9.47031E+04    3.13864E+01    1.49182E+04    1.72872E-04   -1.19101E-02    5.56959E-03    1.56782E+00    2.10849E+00    2.48835E+00
    4.04514E+03    9.47155E+04    1.23238E+01    1.50873E+04    6.63618E-05   -6.73062E-03    4.58917E-03    1.34143E+00    1.65042E+00    2.10849E+00
    4.09131E+03    9.47290E+04    1.35218E+01    1.50873E+04    7.11869E-05   -6.10619E-03    5.82248E-03    1.65042E+00    1.93391E+00    2.62362E+00
    4.13799E+03    9.47448E+04    1.58062E+01    1.50873E+04    8.13553E-05   -5.60398E-03    7.06759E-03    1.93391E+00    2.19703E+00    3.11522E+00
    4.18521E+03    9.47639E+04    1.90699E+01    1.50873E+04    9.59619E-05   -5.19281E-03    8.30642E-03    2.19703E+00    2.44360E+00    3.58541E+00
    4.23296E+03    9.47871E+04    2.32359E+01    1.50873E+04    1.14315E-04   -4.85039E-03    9.52830E-03    2.44360E+00    2.67651E+00    4.03621E+00
    4.28125E+03    9.48153E+04    2.82487E+01    1.50873E+04    1.35874E-04   -4.56061E-03    1.07273E-02    2.67651E+00    2.89798E+00    4.46952E+00
    4.33009E+03    9.48494E+04    3.40690E+01    1.50873E+04    1.60210E-04   -4.31173E-03    1.19004E-02    2.89798E+00    3.10973E+00    4.88707E+00
    4.37948E+03    9.48901E+04    4.06699E+01    1.50873E+04    1.86981E-04   -4.09510E-03    1.30465E-02    3.10973E+00    3.31311E+00    5.29039E+00
    4.42942E+03    9.49381E+04    4.80345E+01    1.50873E+04    2.15910E-04   -3.90427E-03    1.41657E-02    3.31311E+00    3.50921E+00    5.68084E+00
    4.47993E+03    9.49943E+04    5.61538E+01    1.50873E+04    2.46772E-04   -3.73438E-03    1.52586E-02    3.50921E+00    3.69889E+00    6.05961E+00
    4.53101E+03    9.50593E+04    6.50253E+01    1.50873E+04    2.79379E-04   -3.58171E-03    1.63264E-02    3.69889E+00    3.88288E+00    6.42777E+00
    4.58267E+03    9.51339E+04    7.46518E+01    1.50873E+04    3.13581E-04   -3.44340E-03    1.73702E-02    3.88288E+00    4.06176E+00    6.78622E+00
    4.63491E+03    9.52190E+04    8.50406E+01    1.50873E+04    3.49246E-04   -3.31718E-03    1.83914E-02    4.06176E+00    4.23603E+00    7.13578E+00
    4.68775E+03    9.53152E+04    9.62024E+01    1.50873E+04    3.86269E-04   -3.20130E-03    1.93912E-02    4.23603E+00    4.40611E+00    7.47718E+00
    4.74118E+03    9.54233E+04    1.08152E+02    1.50873E+04    4.24555E-04   -3.09431E-03    2.03711E-02    4.40611E+00    4.57237E+00    7.81103E+00
    4.79521E+03    9.55442E+04    1.20905E+02    1.50873E+04    4.64028E-04   -2.99507E-03    2.13321E-02    4.57237E+00    4.73511E+00    8.13791E+00
    4.84985E+03    9.56787E+04    1.34482E+02    1.50873E+04    5.04617E-04   -2.90263E-03    2.22754E-02    4.73511E+00    4.89461E+00    8.45832E+00
    4.90511E+03    9.58276E+04    1.48904E+02    1.50873E+04    5.46265E-04   -2.81621E-03    2.32020E-02    4.89461E+00    5.05111E+00    8.77271E+00
    4.96100E+03    9.59918E+04    1.64194E+02    1.50873E+04    5.88920E-04   -2.73514E-03    2.41130E-02    5.05111E+00    5.20483E+00    9.08149E+00
    5.01752E+03    9.61722E+04    1.80379E+02    1.50873E+04    6.32536E-04   -2.65889E-03    2.50093E-02    5.20483E+00    5.35594E+00    9.38501E+00
    5.07467E+03    9.63697E+04    1.97486E+02    1.50873E+04    6.77073E-04   -2.58697E-03    2.58917E-02    5.35594E+00    5.50463E+00    9.68361E+00
    5.13247E+03    9.65852E+04    2.15544E+02    1.50873E+04    7.22497E-04   -2.51900E-03    2.67610E-02    5.50463E+00    5.65105E+00    9.97760E+00
    5.19093E+03    9.68198E+04    2.34584E+02    1.50873E+04    7.68776E-04   -2.45461E-03    2.76180E-02    5.65105E+00    5.79534E+00    1.02673E+01
    5.25004E+03    9.70745E+04    2.54638E+02    1.50873E+04    8.15884E-04   -2.39352E-03    2.84632E-02    5.79534E+00    5.93763E+00    1.05528E+01
    5.30983E+03    9.73502E+04    2.75742E+02    1.50873E+04    8.63794E-04   -2.33546E-03    2.92974E-02    5.93763E+00    6.07804E+00    1.08346E+01
    5.37028E+03    9.76481E+04    2.97932E+02    1.50873E+04    9.12487E-04   -2.28019E-03    3.01212E-02    6.07804E+00    6.21667E+00    1.11126E+01
    5.43143E+03    9.79694E+04    3.21245E+02    1.50873E+04    9.61943E-04   -2.22752E-03    3.09351E-02    6.21667E+00    6.35363E+00    1.13873E+01
    5.49326E+03    9.83151E+04    3.45721E+02    1.50873E+04    1.01215E-03   -2.17726E-03    3.17397E-02    6.35363E+00    6.48901E+00    1.16588E+01
    5.55579E+03    9.86865E+04    3.71403E+02    1.50873E+04    1.06308E-03   -2.12925E-03    3.25354E-02    6.48901E+00    6.62291E+00    1.19271E+01
    5.61903E+03    9.90848E+04    3.98334E+02    1.50873E+04    1.11474E-03   -2.08335E-03    3.33227E-02    6.62291E+00    6.75539E+00    1.21926E+01
    5.68298E+03    9.95114E+04    4.26559E+02    1.50873E+04    1.16711E-03   -2.03942E-03    3.41020E-02    6.75539E+00    6.88655E+00    1.24554E+01
    5.74766E+03    9.99675E+04    4.56127E+02    1.50873E+04    1.22017E-03   -1.99736E-03    3.48738E-02    6.88655E+00    7.01646E+00    1.27155E+01
    5.81306E+03    1.00455E+05    4.87086E+02    1.50873E+04    1.27394E-03   -1.95705E-03    3.56386E-02    7.01646E+00    7.14518E+00    1.29733E+01
    5.87921E+03    1.00974E+05    5.19490E+02    1.50873E+04    1.32839E-03   -1.91840E-03    3.63966E-02    7.14518E+00    7.27279E+00    1.32287E+01
    5.94610E+03    1.01527E+05    5.53392E+02    1.50873E+04    1.38353E-03   -1.88132E-03    3.71482E-02    7.27279E+00    7.39934E+00    1.34819E+01
    6.01375E+03    1.02116E+05    5.88849E+02    1.50873E+04    1.43935E-03   -1.84573E-03    3.78938E-02    7.39934E+00    7.52490E+00    1.37331E+01
    6.08216E+03    1.02742E+05    6.25921E+02    1.50873E+04    1.49585E-03   -1.81155E-03    3.86338E-02    7.52490E+00    7.64953E+00    1.39823E+01
    6.15135E+03    1.03407E+05    6.64668E+02    1.50873E+04    1.55304E-03   -1.77873E-03    3.93684E-02    7.64953E+00    7.77329E+00    1.42298E+01
    6.22132E+03    1.04112E+05    7.05156E+02    1.50873E+04    1.61091E-03   -1.74719E-03    4.00980E-02    7.77329E+00    7.89622E+00    1.44755E+01
    6.29208E+03    1.04860E+05    7.47452E+02    1.50873E+04    1.66946E-03   -1.71688E-03    4.08230E-02    7.89622E+00    8.01839E+00    1.47196E+01
    6.36364E+03    1.05651E+05    7.91626E+02    1.50873E+04    1.72871E-03   -1.68774E-03    4.15435E-02    8.01839E+00    8.13984E+00    1.49622E+01
    6.43600E+03    1.06489E+05    8.37751E+02    1.50873E+04    1.78865E-03   -1.65974E-03    4.22599E-02    8.13984E+00    8.26062E+00    1.52034E+01
    6.50919E+03    1.07375E+05    8.85904E+02    1.50873E+04    1.84930E-03   -1.63281E-03    4.29725E-02    8.26062E+00    8.38079E+00    1.54433E+01
    6.58320E+03    1.08311E+05    9.36166E+02    1.50873E+04    1.91066E-03   -1.60693E-03    4.36815E-02    8.38079E+00    8.50039E+00    1.56819E+01
    6.65805E+03    1.09300E+05    9.88618E+02    1.50873E+04    1.97274E-03   -1.58204E-03    4.43873E-02    8.50039E+00    8.61947E+00    1.59195E+01
    6.73374E+03    1.10343E+05    1.04335E+03    1.50873E+04    2.03555E-03   -1.55811E-03    4.50901E-02    8.61947E+00    8.73807E+00    1.61561E+01
    6.81029E+03    1.11443E+05    1.10045E+03    1.50873E+04    2.09910E-03   -1.53512E-03    4.57902E-02    8.73807E+00    8.85624E+00    1.63917E+01
    6.88770E+03    1.12603E+05    1.16002E+03    1.50873E+04    2.16340E-03   -1.51301E-03    4.64878E-02    8.85624E+00    8.97403E+00    1.66264E+01
    6.96599E+03    1.13826E+05    1.22215E+03    1.50873E+04    2.22848E-03   -1.49177E-03    4.71832E-02    8.97403E+00    9.09147E+00    1.68605E+01
    7.04517E+03    1.15113E+05    1.28695E+03    1.50873E+04    2.29434E-03   -1.47137E-03    4.78766E-02    9.09147E+00    9.20862E+00    1.70938E+01
    7.12523E+03    1.16467E+05    1.35453E+03    1.50873E+04    2.36100E-03   -1.45177E-03    4.85684E-02    9.20862E+00    9.32552E+00    1.73266E+01
    7.20621E+03    1.17892E+05    1.42499E+03    1.50873E+04    2.42847E-03   -1.43296E-03    4.92587E-02    9.32552E+00    9.44220E+00    1.75589E+01
    7.28809E+03    1.19391E+05    1.49847E+03    1.50873E+04    2.49679E-03   -1.41490E-03    4.99478E-02    9.44220E+00    9.55871E+00    1.77907E+01
    7.37091E+03    1.20966E+05    1.57508E+03    1.50873E+04    2.56596E-03   -1.39758E-03    5.06360E-02    9.55871E+00    9.67510E+00    1.80223E+01
    7.45466E+03    1.22621E+05    1.65496E+03    1.50873E+04    2.63601E-03   -1.38097E-03    5.13235E-02    9.67510E+00    9.79141E+00    1.82536E+01
    7.53935E+03    1.24359E+05    1.73824E+03    1.50873E+04    2.70696E-03   -1.36506E-03    5.20106E-02    9.79141E+00    9.90767E+00    1.84847E+01
    7.62500E+03    1.26184E+05    1.82506E+03    1.50873E+04    2.77884E-03   -1.34982E-03    5.26974E-02    9.90767E+00    1.00239E+01    1.87158E+01
    7.71162E+03    1.28099E+05    1.91557E+03    1.50873E+04    2.85167E-03   -1.33523E-03    5.33843E-02    1.00239E+01    1.01402E+01    1.89469E+01
    7.79922E+03    1.30109E+05    2.00993E+03    1.50873E+04    2.92547E-03   -1.32128E-03    5.40715E-02    1.01402E+01    1.02566E+01    1.91780E+01
    7.88781E+03    1.32218E+05    2.10830E+03    1.50873E+04    3.00029E-03   -1.30796E-03    5.47592E-02    1.02566E+01    1.03732E+01    1.94094E+01
    7.97740E+03    1.34428E+05    2.21085E+03    1.50873E+04    3.07613E-03   -1.29523E-03    5.54478E-02    1.03732E+01    1.04899E+01    1.96410E+01
    8.06801E+03    1.36746E+05    2.31777E+03    1.50873E+04    3.15305E-03   -1.28310E-03    5.61373E-02    1.04899E+01    1.06068E+01    1.98729E+01
    8.15963E+03    1.39175E+05    2.42923E+03    1.50873E+04    3.23106E-03   -1.27154E-03    5.68282E-02    1.06068E+01    1.07239E+01    2.01053E+01
    8.25229E+03    1.41721E+05    2.54544E+03    1.50873E+04    3.31021E-03   -1.26054E-03    5.75206E-02    1.07239E+01    1.08414E+01    2.03382E+01
    8.34600E+03    1.44388E+05    2.66660E+03    1.50873E+04    3.39053E-03   -1.25009E-03    5.82148E-02    1.08414E+01    1.09592E+01    2.05717E+01
    8.44077E+03    1.47180E+05    2.79294E+03    1.50873E+04    3.47205E-03   -1.24017E-03    5.89111E-02    1.09592E+01    1.10774E+01    2.08059E+01
    8.53661E+03    1.50105E+05    2.92467E+03    1.50873E+04    3.55482E-03   -1.23077E-03    5.96096E-02    1.10774E+01    1.11960E+01    2.10408E+01
    8.63353E+03    1.53167E+05    3.06203E+03    1.50873E+04    3.63888E-03   -1.22189E-03    6.03108E-02    1.11960E+01    1.13151E+01    2.12766E+01
    8.73155E+03    1.56372E+05    3.20528E+03    1.50873E+04    3.72427E-03   -1.21350E-03    6.10147E-02    1.13151E+01    1.14347E+01    2.15134E+01
    8.83067E+03    1.59727E+05    3.35467E+03    1.50873E+04    3.81103E-03   -1.20561E-03    6.17218E-02    1.14347E+01    1.15549E+01    2.17512E+01
    8.93091E+03    1.63238E+05    3.51048E+03    1.50873E+04    3.89922E-03   -1.19819E-03    6.24322E-02    1.15549E+01    1.16756E+01    2.19901E+01
    9.03229E+03    1.66911E+05    3.67300E+03    1.50873E+04    3.98887E-03   -1.19124E-03    6.31463E-02    1.16756E+01    1.17971E+01    2.22302E+01
    9.13481E+03    1.70753E+05    3.84253E+03    1.50873E+04    4.08004E-03   -1.18475E-03    6.38642E-02    1.17971E+01    1.19192E+01    2.24717E+01
    9.23850E+03    1.74773E+05    4.01939E+03    1.50873E+04    4.17279E-03   -1.17871E-03    6.45864E-02    1.19192E+01    1.20421E+01    2.27145E+01
    9.34335E+03    1.78976E+05    4.20392E+03    1.50873E+04    4.26716E-03   -1.17311E-03    6.53130E-02    1.20421E+01    1.21658E+01    2.29589E+01
    9.44939E+03    1.83373E+05    4.39646E+03    1.50873E+04    4.36321E-03   -1.16795E-03    6.60443E-02    1.21658E+01    1.22904E+01    2.32048E+01
    9.55662E+03    1.87970E+05    4.59738E+03    1.50873E+04    4.46101E-03   -1.16321E-03    6.67806E-02    1.22904E+01    1.24158E+01    2.34524E+01
    9.66507E+03    1.92777E+05    4.80707E+03    1.50873E+04    4.56061E-03   -1.15889E-03    6.75223E-02    1.24158E+01    1.25422E+01    2.37018E+01
    9.77474E+03    1.97803E+05    5.02594E+03    1.50873E+04    4.66207E-03   -1.15498E-03    6.82696E-02    1.25422E+01    1.26696E+01    2.39531E+01
    9.88565E+03    2.03058E+05    5.25442E+03    1.50873E+04    4.76547E-03   -1.15147E-03    6.90228E-02    1.26696E+01    1.27980E+01    2.42064E+01
    9.99782E+03    2.08551E+05    5.49295E+03    1.50873E+04    4.87088E-03   -1.14836E-03    6.97822E-02    1.27980E+01    1.29275E+01    2.44618E+01
    1.01113E+04    2.14293E+05    5.74201E+03    1.50873E+04    4.97836E-03   -1.14564E-03    7.05482E-02    1.29275E+01    1.30582E+01    2.47193E+01
    1.02260E+04    2.20295E+05    6.00210E+03    1.50873E+04    5.08799E-03   -1.14331E-03    7.13210E-02    1.30582E+01    1.31901E+01    2.49792E+01
    1.03420E+04    2.26569E+05    6.27374E+03    1.50873E+04    5.19984E-03   -1.14136E-03    7.21009E-02    1.31901E+01    1.33233E+01    2.52414E+01
    1.04593E+04    2.33126E+05    6.55749E+03    1.50873E+04    5.31400E-03   -1.13978E-03    7.28883E-02    1.33233E+01    1.34577E+01    2.55062E+01
    1.05779E+04    2.39980E+05    6.85392E+03    1.50873E+04    5.43056E-03   -1.13857E-03    7.36835E-02    1.34577E+01    1.35936E+01    2.57736E+01
    1.06979E+04    2.47144E+05    7.16365E+03    1.50873E+04    5.54959E-03   -1.13773E-03    7.44869E-02    1.35936E+01    1.37309E+01    2.60437E+01
    1.08193E+04    2.54631E+05    7.48732E+03    1.50873E+04    5.67120E-03   -1.13724E-03    7.52988E-02    1.37309E+01    1.38696E+01    2.63167E+01
    1.09420E+04    2.62456E+05    7.82561E+03    1.50873E+04    5.79546E-03   -1.13712E-03    7.61194E-02    1.38696E+01    1.40100E+01    2.65926E+01
    1.10661E+04    2.70636E+05    8.17923E+03    1.50873E+04    5.92249E-03   -1.13734E-03    7.69493E-02    1.40100E+01    1.41519E+01    2.68717E+01
    1.11916E+04    2.79185E+05    8.54894E+03    1.50873E+04    6.05239E-03   -1.13791E-03    7.77888E-02    1.41519E+01    1.42955E+01    2.71539E+01
    1.13185E+04    2.88120E+05    8.93554E+03    1.50873E+04    6.18525E-03   -1.13883E-03    7.86381E-02    1.42955E+01    1.44409E+01    2.74395E+01
    1.14469E+04    2.97460E+05    9.33985E+03    1.50873E+04    6.32120E-03   -1.14009E-03    7.94978E-02    1.44409E+01    1.45880E+01    2.77285E+01
    1.15767E+04    3.07223E+05    9.76278E+03    1.50873E+04    6.46034E-03   -1.14170E-03    8.03682E-02    1.45880E+01    1.47371E+01    2.80212E+01
    1.17080E+04    3.17428E+05    1.02052E+04    1.50873E+04    6.60280E-03   -1.14364E-03    8.12496E-02    1.47371E+01    1.48880E+01    2.83175E+01
    1.18407E+04    3.28096E+05    1.06682E+04    1.50873E+04    6.74871E-03   -1.14591E-03    8.21425E-02    1.48880E+01    1.50410E+01    2.86178E+01
    1.19750E+04    3.39249E+05    1.11528E+04    1.50873E+04    6.89818E-03   -1.14853E-03    8.30473E-02    1.50410E+01    1.51961E+01    2.89220E+01
    1.21108E+04    3.50909E+05    1.16600E+04    1.50873E+04    7.05136E-03   -1.15147E-03    8.39645E-02    1.51961E+01    1.53533E+01    2.92303E+01
    1.22481E+04    3.63100E+05    1.21910E+04    1.50873E+04    7.20838E-03   -1.15475E-03    8.48943E-02    1.53533E+01    1.55128E+01    2.95430E+01
    1.23869E+04    3.75847E+05    1.27470E+04    1.50873E+04    7.36940E-03   -1.15836E-03    8.58374E-02    1.55128E+01    1.56745E+01    2.98601E+01
    1.25274E+04    3.89176E+05    1.33294E+04    1.50873E+04    7.53457E-03   -1.16230E-03    8.67941E-02    1.56745E+01    1.58387E+01    3.01817E+01
    1.26694E+04    4.03116E+05    1.39395E+04    1.50873E+04    7.70405E-03   -1.16658E-03    8.77650E-02    1.58387E+01    1.60053E+01    3.05081E+01
    1.28130E+04    4.17695E+05    1.45787E+04    1.50873E+04    7.87800E-03   -1.17119E-03    8.87504E-02    1.60053E+01    1.61744E+01    3.08394E+01
    1.29582E+04    4.32943E+05    1.52486E+04    1.50873E+04    8.05660E-03   -1.17613E-03    8.97509E-02    1.61744E+01    1.63462E+01    3.11758E+01
    1.31051E+04    4.48894E+05    1.59508E+04    1.50873E+04    8.24003E-03   -1.18141E-03    9.07669E-02    1.63462E+01    1.65207E+01    3.15174E+01
    1.32537E+04    4.65581E+05    1.66870E+04    1.50873E+04    8.42849E-03   -1.18704E-03    9.17991E-02    1.65207E+01    1.66980E+01    3.18645E+01
    1.34039E+04    4.83040E+05    1.74590E+04    1.50873E+04    8.62216E-03   -1.19300E-03    9.28479E-02    1.66980E+01    1.68783E+01    3.22171E+01
    1.35558E+04    5.01309E+05    1.82688E+04    1.50873E+04    8.82126E-03   -1.19931E-03    9.39139E-02    1.68783E+01    1.70615E+01    3.25755E+01
    1.37095E+04    5.20427E+05    1.91183E+04    1.50873E+04    9.02601E-03   -1.20597E-03    9.49977E-02    1.70615E+01    1.72478E+01    3.29399E+01
    1.38648E+04    5.40437E+05    2.00097E+04    1.50873E+04    9.23663E-03   -1.21298E-03    9.60997E-02    1.72478E+01    1.74373E+01    3.33104E+01
    1.40220E+04    5.61382E+05    2.09454E+04    1.50873E+04    9.45336E-03   -1.22035E-03    9.72207E-02    1.74373E+01    1.76302E+01    3.36873E+01
    1.41809E+04    5.83310E+05    2.19277E+04    1.50873E+04    9.67645E-03   -1.22808E-03    9.83613E-02    1.76302E+01    1.78264E+01    3.40708E+01
    1.43416E+04    6.06269E+05    2.29591E+04    1.50873E+04    9.90617E-03   -1.23619E-03    9.95221E-02    1.78264E+01    1.80262E+01    3.44610E+01
    1.45041E+04    6.30312E+05    2.40426E+04    1.50873E+04    1.01428E-02   -1.24468E-03    1.00704E-01    1.80262E+01    1.82296E+01    3.48583E+01
    1.46684E+04    6.55493E+05    2.51808E+04    1.50873E+04    1.03866E-02   -1.25355E-03    1.01907E-01    1.82296E+01    1.84368E+01    3.52628E+01
    1.48347E+04    6.81870E+05    2.63770E+04    1.50873E+04    1.06379E-02   -1.26282E-03    1.03132E-01    1.84368E+01    1.86479E+01    3.56748E+01
    1.50027E+04    7.09504E+05    2.76344E+04    1.50873E+04    1.08970E-02   -1.27250E-03    1.04381E-01    1.86479E+01    1.88630E+01    3.60946E+01
    1.51727E+04    7.38460E+05    2.89564E+04    1.50873E+04    1.11642E-02   -1.28259E-03    1.05653E-01    1.88630E+01    1.90822E+01    3.65223E+01
    1.53446E+04    7.68807E+05    3.03469E+04    1.50873E+04    1.14399E-02   -1.29312E-03    1.06950E-01    1.90822E+01    1.93058E+01    3.69583E+01
    1.55185E+04    8.00617E+05    3.18097E+04    1.50873E+04    1.17246E-02   -1.30409E-03    1.08272E-01    1.93058E+01    1.95337E+01    3.74029E+01
    1.56943E+04    8.33966E+05    3.33490E+04    1.50873E+04    1.20184E-02   -1.31551E-03    1.09621E-01    1.95337E+01    1.97663E+01    3.78563E+01
    1.58721E+04    8.68935E+05    3.49693E+04    1.50873E+04    1.23220E-02   -1.32741E-03    1.10996E-01    1.97663E+01    2.00037E+01    3.83188E+01
    1.60519E+04    9.05611E+05    3.66755E+04    1.50873E+04    1.26356E-02   -1.33980E-03    1.12400E-01    2.00037E+01    2.02459E+01    3.87908E+01
    1.62338E+04    9.44083E+05    3.84726E+04    1.50873E+04    1.29598E-02   -1.35270E-03    1.13833E-01    2.02459E+01    2.04933E+01    3.92726E+01
    1.64177E+04    9.84449E+05    4.03660E+04    1.50873E+04    1.32951E-02   -1.36614E-03    1.15296E-01    2.04933E+01    2.07460E+01    3.97645E+01
    1.66036E+04    1.02681E+06    4.23616E+04    1.50873E+04    1.36419E-02   -1.38012E-03    1.16790E-01    2.07460E+01    2.10041E+01    4.02669E+01
    1.67917E+04    1.07128E+06    4.44656E+04    1.50873E+04    1.40009E-02   -1.39468E-03    1.18317E-01    2.10041E+01    2.12678E+01    4.07802E+01
    1.69819E+04    1.11796E+06    4.66847E+04    1.50873E+04    1.43725E-02   -1.40984E-03    1.19877E-01    2.12678E+01    2.15375E+01    4.13047E+01
    1.71743E+04    1.16699E+06    4.90259E+04    1.50873E+04    1.47575E-02   -1.42562E-03    1.21472E-01    2.15375E+01    2.18133E+01    4.18410E+01
    1.73688E+04    1.21848E+06    5.14970E+04    1.50873E+04    1.51565E-02   -1.44207E-03    1.23103E-01    2.18133E+01    2.20954E+01    4.23894E+01
    1.75655E+04    1.27259E+06    5.41061E+04    1.50873E+04    1.55701E-02   -1.45921E-03    1.24772E-01    2.20954E+01    2.23841E+01    4.29503E+01
    1.77645E+04    1.32945E+06    5.68620E+04    1.50873E+04    1.59991E-02   -1.47708E-03    1.26479E-01    2.23841E+01    2.26796E+01    4.35244E+01
    1.79657E+04    1.38923E+06    5.97742E+04    1.50873E+04    1.64444E-02   -1.49571E-03    1.28227E-01    2.26796E+01    2.29822E+01    4.41120E+01
    1.81692E+04    1.45208E+06    6.28528E+04    1.50873E+04    1.69066E-02   -1.51515E-03    1.30017E-01    2.29822E+01    2.32922E+01    4.47138E+01
    1.83749E+04    1.51819E+06    6.61088E+04    1.50873E+04    1.73868E-02   -1.53544E-03    1.31850E-01    2.32922E+01    2.36099E+01    4.53303E+01
    1.85830E+04    1.58774E+06    6.95538E+04    1.50873E+04    1.78859E-02   -1.55662E-03    1.33729E-01    2.36099E+01    2.39357E+01    4.59621E+01
    1.87935E+04    1.66094E+06    7.32007E+04    1.50873E+04    1.84050E-02   -1.57876E-03    1.35656E-01    2.39357E+01    2.42698E+01    4.66098E+01
    1.90063E+04    1.73801E+06    7.70631E+04    1.50873E+04    1.89450E-02   -1.60189E-03    1.37632E-01    2.42698E+01    2.46126E+01    4.72742E+01
    1.92215E+04    1.81916E+06    8.11557E+04    1.50873E+04    1.95073E-02   -1.62609E-03    1.39659E-01    2.46126E+01    2.49646E+01    4.79560E+01
    1.94392E+04    1.90466E+06    8.54947E+04    1.50873E+04    2.00931E-02   -1.65141E-03    1.41741E-01    2.49646E+01    2.53260E+01    4.86558E+01
    1.96593E+04    1.99475E+06    9.00972E+04    1.50873E+04    2.07038E-02   -1.67792E-03    1.43878E-01    2.53260E+01    2.56975E+01    4.93746E+01
    1.98819E+04    2.08974E+06    9.49821E+04    1.50873E+04    2.13408E-02   -1.70571E-03    1.46075E-01    2.56975E+01    2.60793E+01    5.01131E+01
    2.01070E+04    2.18991E+06    1.00170E+05    1.50873E+04    2.20057E-02   -1.73484E-03    1.48333E-01    2.60793E+01    2.64720E+01    5.08724E+01
    2.03347E+04    2.29559E+06    1.05682E+05    1.50873E+04    2.27002E-02   -1.76541E-03    1.50656E-01    2.64720E+01    2.68762E+01    5.16534E+01
    2.05649E+04    2.40713E+06    1.11543E+05    1.50873E+04    2.34262E-02   -1.79751E-03    1.53046E-01    2.68762E+01    2.72924E+01    5.24571E+01
    2.07978E+04    2.52491E+06    1.17780E+05    1.50873E+04    2.41857E-02   -1.83123E-03    1.55507E-01    2.72924E+01    2.77212E+01    5.32846E+01
    2.10332E+04    2.64933E+06    1.24419E+05    1.50873E+04    2.49809E-02   -1.86670E-03    1.58042E-01    2.77212E+01    2.81632E+01    5.41372E+01
    2.12714E+04    2.78082E+06    1.31494E+05    1.50873E+04    2.58141E-02   -1.90402E-03    1.60656E-01    2.81632E+01    2.86192E+01    5.50161E+01
    2.15122E+04    2.91986E+06    1.39038E+05    1.50873E+04    2.66879E-02   -1.94333E-03    1.63353E-01    2.86192E+01    2.90898E+01    5.59227E+01
    2.17557E+04    3.06695E+06    1.47087E+05    1.50873E+04    2.76050E-02   -1.98476E-03    1.66136E-01    2.90898E+01    2.95759E+01    5.68585E+01
    2.20020E+04    3.22263E+06    1.55684E+05    1.50873E+04    2.85685E-02   -2.02847E-03    1.69010E-01    2.95759E+01    3.00783E+01    5.78251E+01
    2.22511E+04    3.38750E+06    1.64873E+05    1.50873E+04    2.95817E-02   -2.07462E-03    1.71981E-01    3.00783E+01    3.05980E+01    5.88240E+01
    2.25030E+04    3.56221E+06    1.74703E+05    1.50873E+04    3.06482E-02   -2.12339E-03    1.75053E-01    3.05980E+01    3.11358E+01    5.98573E+01
    2.27578E+04    3.74744E+06    1.85229E+05    1.50873E+04    3.17720E-02   -2.17498E-03    1.78234E-01    3.11358E+01    3.16930E+01    6.09267E+01
    2.30154E+04    3.94395E+06    1.96511E+05    1.50873E+04    3.29575E-02   -2.22960E-03    1.81528E-01    3.16930E+01    3.22706E+01    6.20346E+01
    2.32759E+04    4.15256E+06    2.08615E+05    1.50873E+04    3.42094E-02   -2.28748E-03    1.84944E-01    3.22706E+01    3.28699E+01    6.31830E+01
    2.35394E+04    4.37418E+06    2.21615E+05    1.50873E+04    3.55329E-02   -2.34889E-03    1.88487E-01    3.28699E+01    3.34923E+01    6.43746E+01
    2.38058E+04    4.60977E+06    2.35593E+05    1.50873E+04    3.69339E-02   -2.41410E-03    1.92167E-01    3.34923E+01    3.41392E+01    6.56120E+01
    2.40753E+04    4.86041E+06    2.50639E+05    1.50873E+04    3.84187E-02   -2.48343E-03    1.95991E-01    3.41392E+01    3.48121E+01    6.68981E+01
    2.43478E+04    5.12726E+06    2.66854E+05    1.50873E+04    3.99945E-02   -2.55722E-03    1.99970E-01    3.48121E+01    3.55129E+01    6.82361E+01
    2.46234E+04    5.41161E+06    2.84351E+05    1.50873E+04    4.16690E-02   -2.63585E-03    2.04113E-01    3.55129E+01    3.62434E+01    6.96293E+01
    2.49021E+04    5.71487E+06    3.03257E+05    1.50873E+04    4.34511E-02   -2.71974E-03    2.08431E-01    3.62434E+01    3.70056E+01    7.10817E+01
    2.51840E+04    6.03858E+06    3.23712E+05    1.50873E+04    4.53504E-02   -2.80937E-03    2.12938E-01    3.70056E+01    3.78019E+01    7.25971E+01
    2.54690E+04    6.38446E+06    3.45876E+05    1.50873E+04    4.73778E-02   -2.90525E-03    2.17645E-01    3.78019E+01    3.86347E+01    7.41802E+01
    2.57573E+04    6.75439E+06    3.69928E+05    1.50873E+04    4.95455E-02   -3.00798E-03    2.22568E-01    3.86347E+01    3.95066E+01    7.58358E+01
    2.60488E+04    7.15046E+06    3.96071E+05    1.50873E+04    5.18672E-02   -3.11821E-03    2.27722E-01    3.95066E+01    4.04207E+01    7.75692E+01
    2.63436E+04    7.57499E+06    4.24534E+05    1.50873E+04    5.43581E-02   -3.23667E-03    2.33126E-01    4.04207E+01    4.13803E+01    7.93865E+01
    2.66417E+04    8.03057E+06    4.55577E+05    1.50873E+04    5.70356E-02   -3.36421E-03    2.38798E-01    4.13803E+01    4.23889E+01    8.12941E+01
    2.69432E+04    8.52007E+06    4.89498E+05    1.50873E+04    5.99194E-02   -3.50176E-03    2.44759E-01    4.23889E+01    4.34507E+01    8.32992E+01
    2.72481E+04    9.04670E+06    5.26636E+05    1.50873E+04    6.30318E-02   -3.65039E-03    2.51035E-01    4.34507E+01    4.45700E+01    8.54099E+01
    2.75565E+04    9.61408E+06    5.67381E+05    1.50873E+04    6.63982E-02   -3.81131E-03    2.57650E-01    4.45700E+01    4.57518E+01    8.76349E+01
    2.78684E+04    1.02263E+07    6.12180E+05    1.50873E+04    7.00477E-02   -3.98591E-03    2.64635E-01    4.57518E+01    4.70018E+01    8.99843E+01
    2.81837E+04    1.08878E+07    6.61551E+05    1.50873E+04    7.40136E-02   -4.17578E-03    2.72022E-01    4.70018E+01    4.83261E+01    9.24690E+01
    2.85027E+04    1.16039E+07    7.16095E+05    1.50873E+04    7.83343E-02   -4.38272E-03    2.79848E-01    4.83261E+01    4.97318E+01    9.51014E+01
    2.88252E+04    1.23804E+07    7.76511E+05    1.50873E+04    8.30542E-02   -4.60883E-03    2.88154E-01    4.97318E+01    5.12267E+01    9.78954E+01
    2.91514E+04    1.32240E+07    8.43616E+05    1.50873E+04    8.82251E-02   -4.85653E-03    2.96987E-01    5.12267E+01    5.28197E+01    1.00867E+02
    2.94812E+04    1.41424E+07    9.18370E+05    1.50873E+04    9.39071E-02   -5.12862E-03    3.06400E-01    5.28197E+01    5.45210E+01    1.04033E+02
    2.98148E+04    1.51443E+07    1.00191E+06    1.50873E+04    1.00171E-01   -5.42838E-03    3.16451E-01    5.45210E+01    5.63420E+01    1.07414E+02
    3.01522E+04    1.62399E+07    1.09557E+06    1.50873E+04    1.07099E-01   -5.75962E-03    3.27209E-01    5.63420E+01    5.82960E+01    1.11033E+02
    3.04934E+04    1.74408E+07    1.20095E+06    1.50873E+04    1.14790E-01   -6.12686E-03    3.38752E-01    5.82960E+01    6.03981E+01    1.14917E+02
    3.08384E+04    1.87608E+07    1.31998E+06    1.50873E+04    1.23362E-01   -6.53546E-03    3.51168E-01    6.03981E+01    6.26657E+01    1.19094E+02
    3.11873E+04    2.02158E+07    1.45496E+06    1.50873E+04    1.32954E-01   -6.99179E-03    3.64561E-01    6.26657E+01    6.51191E+01    1.23600E+02
    3.15402E+04    2.18245E+07    1.60872E+06    1.50873E+04    1.43735E-01   -7.50355E-03    3.79049E-01    6.51191E+01    6.77818E+01    1.28475E+02
    3.18971E+04    2.36092E+07    1.78468E+06    1.50873E+04    1.55910E-01   -8.08005E-03    3.94772E-01    6.77818E+01    7.06815E+01    1.33766E+02
    3.22580E+04    2.55962E+07    1.98707E+06    1.50873E+04    1.69731E-01   -8.73269E-03    4.11892E-01    7.06815E+01    7.38507E+01    1.39527E+02
    3.26230E+04    2.78174E+07    2.22114E+06    1.50873E+04    1.85507E-01   -9.47561E-03    4.30601E-01    7.38507E+01    7.73285E+01    1.45823E+02
    3.29921E+04    3.03109E+07    2.49349E+06    1.50873E+04    2.03622E-01   -1.03264E-02    4.51127E-01    7.73285E+01    8.11614E+01    1.52732E+02
    3.33653E+04    3.31233E+07    2.81245E+06    1.50873E+04    2.24562E-01   -1.13076E-02    4.73745E-01    8.11614E+01    8.54059E+01    1.60345E+02
    3.37428E+04    3.63120E+07    3.18870E+06    1.50873E+04    2.48942E-01   -1.24477E-02    4.98786E-01    8.54059E+01    9.01311E+01    1.68775E+02
    3.41246E+04    3.99481E+07    3.63606E+06    1.50873E+04    2.77556E-01   -1.37842E-02    5.26655E-01    9.01311E+01    9.54228E+01    1.78159E+02
    3.45106E+04    4.41208E+07    4.17272E+06    1.50873E+04    3.11439E-01   -1.53668E-02    5.57855E-01    9.54228E+01    1.01389E+02    1.88666E+02
    3.49010E+04    4.89438E+07    4.82297E+06    1.50873E+04    3.51967E-01   -1.72625E-02    5.93017E-01    1.01389E+02    1.08166E+02    2.00509E+02
    3.52959E+04    5.45636E+07    5.61982E+06    1.50873E+04    4.01000E-01   -1.95641E-02    6.32943E-01    1.08166E+02    1.15934E+02    2.13960E+02
    3.56952E+04    6.11727E+07    6.60910E+06    1.50873E+04    4.61104E-01   -2.24032E-02    6.78677E-01    1.15934E+02    1.24930E+02    2.29372E+02
    3.60990E+04    6.90287E+07    7.85597E+06    1.50873E+04    5.35908E-01   -2.59722E-02    7.31597E-01    1.24930E+02    1.35477E+02    2.47213E+02
    3.65074E+04    7.84844E+07    9.45576E+06    1.50873E+04    6.30699E-01   -3.05628E-02    7.93577E-01    1.35477E+02    1.48028E+02    2.68120E+02
    3.69204E+04    9.00372E+07    1.15528E+07    1.50873E+04    7.53438E-01   -3.66373E-02    8.67235E-01    1.48028E+02    1.63244E+02    2.92982E+02
    3.73380E+04    1.04412E+08    1.43748E+07    1.50873E+04    9.16637E-01   -4.49687E-02    9.56355E-01    1.63244E+02    1.82131E+02    3.23094E+02
    3.77604E+04    1.22712E+08    1.83003E+07    1.50873E+04    1.14100E+00   -5.69433E-02    1.06666E+00    1.82131E+02    2.06318E+02    3.60418E+02
    3.81876E+04    1.46713E+08    2.40011E+07    1.50873E+04    1.46317E+00   -7.52865E-02    1.20727E+00    2.06318E+02    2.38657E+02    4.08107E+02
    3.86195E+04    1.79494E+08    3.27803E+07    1.50873E+04    1.95394E+00   -1.06081E-01    1.39380E+00    2.38657E+02    2.84739E+02    4.71625E+02
    3.90564E+04    2.26988E+08    4.74938E+07    1.50873E+04    2.76803E+00   -1.65674E-01    1.65547E+00    2.84739E+02    3.57522E+02    5.61443E+02
    3.94982E+04    3.02681E+08    7.56933E+07    1.50873E+04    4.31347E+00   -3.12486E-01    2.05325E+00    3.57522E+02    4.96352E+02    7.00712E+02
    3.99450E+04    4.49254E+08    1.46573E+08    1.50873E+04    8.16692E+00   -8.63603E-01    2.72417E+00    4.96352E+02    8.84367E+02    9.51684E+02
    4.03968E+04    1.11453E+09    6.65279E+08    1.50873E+04    3.62446E+01   -4.64327E+00    3.83205E+00    8.84367E+02    2.99415E+03    1.52487E+03
