 # rho, F_z,dF_z, z(rho), E2 (=>sigma2=e0^2*E2), Er, Ez, Ui,j , Ui+1,j , Ui,j-1
    2.50000E-01    2.16518E-04    2.16518E-04    0.00000E+00    1.73214E-03    1.07984E-02   -4.01937E-02    9.74504E-01    9.69105E-01    9.54407E-01
    7.31707E-01    6.09606E-04    3.93089E-04    5.00000E-01    1.15927E-03    4.20761E-03   -3.37870E-02    9.85998E-01    9.84048E-01    9.69105E-01
    1.19774E+00    1.22349E-03    6.13886E-04    5.00000E-01    1.09364E-03    1.50894E-03   -3.30358E-02    9.84048E-01    9.83341E-01    9.67530E-01
    1.66904E+00    2.10829E-03    8.84802E-04    5.00000E-01    1.11854E-03    9.76076E-04   -3.34303E-02    9.83341E-01    9.82879E-01    9.66626E-01
    2.14566E+00    3.29967E-03    1.19138E-03    5.00000E-01    1.15845E-03    9.70766E-04   -3.40222E-02    9.82879E-01    9.82413E-01    9.65867E-01
    2.62767E+00    4.83903E-03    1.53936E-03    5.00000E-01    1.20859E-03    1.20928E-03   -3.47437E-02    9.82413E-01    9.81827E-01    9.65041E-01
    3.11513E+00    6.78308E-03    1.94405E-03    5.00000E-01    1.27310E-03    1.71257E-03   -3.56394E-02    9.81827E-01    9.80988E-01    9.64007E-01
    3.60810E+00    9.21299E-03    2.42990E-03    5.00000E-01    1.35851E-03    2.73630E-03   -3.67562E-02    9.80988E-01    9.79631E-01    9.62610E-01
    4.10663E+00    1.22455E-02    3.03249E-03    5.00000E-01    1.47294E-03    5.11219E-03   -3.80369E-02    9.79631E-01    9.77068E-01    9.60613E-01
    4.61080E+00    1.60911E-02    3.84557E-03    5.00000E-01    1.64504E-03    1.16717E-02   -3.88434E-02    9.77068E-01    9.71151E-01    9.57647E-01
    5.12067E+00    1.95382E-02    3.44710E-03    9.63414E-01    1.31292E-03    9.39211E-03   -3.49958E-02    9.88649E-01    9.83833E-01    9.71151E-01
    5.63630E+00    2.33945E-02    3.85634E-03    9.63414E-01    1.31951E-03    7.95616E-03   -3.54430E-02    9.83833E-01    9.79707E-01    9.66111E-01
    6.15775E+00    2.85087E-02    5.11425E-03    9.63414E-01    1.58384E-03    1.42269E-02   -3.71676E-02    9.79707E-01    9.72247E-01    9.61124E-01
    6.68510E+00    3.30735E-02    4.56478E-03    1.43207E+00    1.28760E-03    1.17064E-02   -3.39199E-02    9.87966E-01    9.81758E-01    9.72247E-01
    7.21840E+00    3.87310E-02    5.65748E-03    1.43207E+00    1.46141E-03    1.53909E-02   -3.49933E-02    9.81758E-01    9.73504E-01    9.65542E-01
    7.75774E+00    4.35541E-02    4.82310E-03    1.90601E+00    1.14631E-03    1.16362E-02   -3.17948E-02    9.88405E-01    9.82093E-01    9.73504E-01
    8.30316E+00    4.98447E-02    6.29064E-03    1.90601E+00    1.38128E-03    1.56223E-02   -3.37227E-02    9.82093E-01    9.73525E-01    9.66289E-01
    8.85475E+00    5.53313E-02    5.48654E-03    2.38531E+00    1.11705E-03    1.18675E-02   -3.12444E-02    9.88333E-01    9.81750E-01    9.73525E-01
    9.41258E+00    6.27202E-02    7.38892E-03    2.38531E+00    1.39940E-03    1.64843E-02   -3.35808E-02    9.81750E-01    9.72503E-01    9.65835E-01
    9.97670E+00    6.93917E-02    6.67151E-03    2.87003E+00    1.17877E-03    1.30983E-02   -3.17364E-02    9.87715E-01    9.80284E-01    9.72503E-01
    1.05472E+01    7.89485E-02    9.55682E-03    2.87003E+00    1.57938E-03    1.99033E-02   -3.43983E-02    9.80284E-01    9.68865E-01    9.63797E-01
    1.11242E+01    8.93217E-02    1.03732E-02    3.36023E+00    1.60722E-03    2.29942E-02   -3.28403E-02    9.84784E-01    9.71443E-01    9.68865E-01
    1.17076E+01    9.87137E-02    9.39204E-03    3.85596E+00    1.36723E-03    2.26286E-02   -2.92434E-02    9.85778E-01    9.72500E-01    9.71443E-01
    1.22977E+01    1.07907E-01    9.19278E-03    4.35730E+00    1.25978E-03    2.22806E-02   -2.76288E-02    9.86197E-01    9.72976E-01    9.72500E-01
    1.28944E+01    1.17213E-01    9.30659E-03    4.86430E+00    1.20276E-03    2.21172E-02   -2.67132E-02    9.86368E-01    9.73096E-01    9.72976E-01
    1.34979E+01    1.26860E-01    9.64650E-03    5.37703E+00    1.17765E-03    2.21897E-02   -2.61775E-02    9.86368E-01    9.72902E-01    9.73096E-01
    1.41082E+01    1.37105E-01    1.02454E-02    5.89556E+00    1.18328E-03    2.26140E-02   -2.59209E-02    9.86193E-01    9.72314E-01    9.72902E-01
    1.47254E+01    1.48397E-01    1.12922E-02    6.41994E+00    1.23556E-03    2.37486E-02   -2.59146E-02    9.85751E-01    9.71012E-01    9.72314E-01
    1.53495E+01    1.62042E-01    1.36449E-02    6.95025E+00    1.41627E-03    2.71823E-02   -2.60268E-02    9.84660E-01    9.67598E-01    9.71012E-01
    1.59807E+01    1.70529E-01    8.48716E-03    8.02892E+00    8.36674E-04    2.34188E-02   -1.69774E-02    9.88279E-01    9.73414E-01    9.79174E-01
    1.66191E+01    1.83638E-01    1.31087E-02    8.57741E+00    1.22875E-03    2.71212E-02   -2.22080E-02    9.85459E-01    9.68049E-01    9.73414E-01
    1.72646E+01    1.94296E-01    1.06581E-02    9.69305E+00    9.50943E-04    2.65274E-02   -1.57239E-02    9.87470E-01    9.70249E-01    9.78749E-01
    1.79175E+01    2.04676E-01    1.03798E-02    1.08341E+01    8.82396E-04    2.60645E-02   -1.42492E-02    9.87847E-01    9.70735E-01    9.79763E-01
    1.85777E+01    2.15941E-01    1.12652E-02    1.20010E+01    9.13309E-04    2.70518E-02   -1.34725E-02    9.87580E-01    9.69619E-01    9.79763E-01
    1.92454E+01    2.25693E-01    9.75144E-03    1.38013E+01    7.54626E-04    2.56017E-02   -9.95893E-03    9.88857E-01    9.71667E-01    9.82881E-01
    1.99207E+01    2.33399E-01    7.70639E-03    1.62981E+01    5.69715E-04    2.26598E-02   -7.49997E-03    9.90209E-01    9.74823E-01    9.85502E-01
    2.06035E+01    2.39847E-01    6.44776E-03    1.89097E+01    4.55719E-04    2.03451E-02   -6.46493E-03    9.90962E-01    9.76991E-01    9.86718E-01
    2.12941E+01    2.46676E-01    6.82910E-03    2.09469E+01    4.61800E-04    2.04430E-02   -6.62448E-03    9.90609E-01    9.76412E-01    9.86111E-01
    2.19925E+01    2.52605E-01    5.92869E-03    2.37722E+01    3.83844E-04    1.88240E-02   -5.43156E-03    9.91268E-01    9.78048E-01    9.87410E-01
    2.26988E+01    2.57781E-01    5.17642E-03    2.67274E+01    3.21083E-04    1.72536E-02   -4.83685E-03    9.91751E-01    9.79496E-01    9.88157E-01
    2.34130E+01    2.63276E-01    5.49479E-03    2.90326E+01    3.26741E-04    1.73679E-02   -5.00981E-03    9.91413E-01    9.78938E-01    9.87564E-01
    2.41354E+01    2.67925E-01    4.64951E-03    3.22296E+01    2.65206E-04    1.57493E-02   -4.14302E-03    9.92084E-01    9.80644E-01    9.88754E-01
    2.48659E+01    2.72664E-01    4.73818E-03    3.47234E+01    2.59393E-04    1.55282E-02   -4.27396E-03    9.91914E-01    9.80507E-01    9.88361E-01
    2.56046E+01    2.77350E-01    4.68614E-03    3.73028E+01    2.46359E-04    1.51542E-02   -4.08775E-03    9.91931E-01    9.80673E-01    9.88417E-01
    2.63517E+01    2.81945E-01    4.59575E-03    3.99705E+01    2.32133E-04    1.47368E-02   -3.86775E-03    9.91989E-01    9.80917E-01    9.88550E-01
    2.71072E+01    2.86435E-01    4.48958E-03    4.27298E+01    2.17987E-04    1.43070E-02   -3.64656E-03    9.92063E-01    9.81193E-01    9.88709E-01
    2.78713E+01    2.90809E-01    4.37414E-03    4.55836E+01    2.04251E-04    1.38735E-02   -3.43176E-03    9.92147E-01    9.81487E-01    9.88883E-01
    2.86440E+01    2.95059E-01    4.24993E-03    4.85353E+01    1.90941E-04    1.34364E-02   -3.22545E-03    9.92241E-01    9.81801E-01    9.89068E-01
    2.94255E+01    2.99171E-01    4.11204E-03    5.15882E+01    1.77830E-04    1.29870E-02   -3.02796E-03    9.92349E-01    9.82144E-01    9.89268E-01
    3.02157E+01    3.03112E-01    3.94065E-03    5.47457E+01    1.64106E-04    1.24916E-02   -2.83998E-03    9.92489E-01    9.82562E-01    9.89500E-01
    3.10149E+01    3.06722E-01    3.61066E-03    5.80115E+01    1.44853E-04    1.17322E-02   -2.68465E-03    9.92769E-01    9.83340E-01    9.89846E-01
    3.18232E+01    3.10964E-01    4.24193E-03    6.02507E+01    1.64002E-04    1.23777E-02   -3.28573E-03    9.92060E-01    9.82000E-01    9.88402E-01
    3.26405E+01    3.14783E-01    3.81868E-03    6.37052E+01    1.42333E-04    1.16657E-02   -2.49912E-03    9.92580E-01    9.82991E-01    9.89702E-01
    3.34671E+01    3.18217E-01    3.43400E-03    6.72782E+01    1.23439E-04    1.08668E-02   -2.31321E-03    9.92933E-01    9.83900E-01    9.90178E-01
    3.43031E+01    3.22162E-01    3.94453E-03    6.97280E+01    1.36789E-04    1.13484E-02   -2.82889E-03    9.92329E-01    9.82789E-01    9.88884E-01
    3.51485E+01    3.25510E-01    3.34860E-03    7.35074E+01    1.12064E-04    1.03658E-02   -2.14817E-03    9.93011E-01    9.84199E-01    9.90305E-01
    3.60034E+01    3.29191E-01    3.68067E-03    7.60988E+01    1.18908E-04    1.05860E-02   -2.61633E-03    9.92573E-01    9.83472E-01    9.89202E-01
    3.68680E+01    3.33186E-01    3.99505E-03    7.87490E+01    1.24630E-04    1.08507E-02   -2.62539E-03    9.92285E-01    9.82851E-01    9.88826E-01
    3.77424E+01    3.36543E-01    3.35696E-03    8.28378E+01    1.01155E-04    9.87377E-03   -1.91398E-03    9.93020E-01    9.84339E-01    9.90412E-01
    3.86267E+01    3.40297E-01    3.75440E-03    8.56412E+01    1.09306E-04    1.01966E-02   -2.30974E-03    9.92538E-01    9.83470E-01    9.89318E-01
    3.95209E+01    3.43441E-01    3.14353E-03    8.99662E+01    8.84506E-05    9.24654E-03   -1.71814E-03    9.93243E-01    9.84928E-01    9.90766E-01
    4.04252E+01    3.46813E-01    3.37246E-03    9.29317E+01    9.17326E-05    9.34484E-03   -2.09920E-03    9.92911E-01    9.84412E-01    9.89816E-01
    4.13398E+01    3.50288E-01    3.47485E-03    9.59645E+01    9.13941E-05    9.32427E-03   -2.10997E-03    9.92807E-01    9.84231E-01    9.89625E-01
    4.22647E+01    3.53848E-01    3.55989E-03    9.90662E+01    9.05583E-05    9.28828E-03   -2.07030E-03    9.92734E-01    9.84095E-01    9.89542E-01
    4.32001E+01    3.57574E-01    3.72620E-03    1.02238E+02    9.17005E-05    9.36418E-03   -2.00315E-03    9.92594E-01    9.83786E-01    9.89435E-01
    4.41460E+01    3.60628E-01    3.05340E-03    1.07133E+02    7.27115E-05    8.40760E-03   -1.42257E-03    9.93373E-01    9.85375E-01    9.91052E-01
    4.51026E+01    3.63855E-01    3.22749E-03    1.10488E+02    7.43863E-05    8.44843E-03   -1.73504E-03    9.93107E-01    9.84979E-01    9.90212E-01
    4.60700E+01    3.67133E-01    3.27767E-03    1.13920E+02    7.31302E-05    8.37414E-03   -1.73322E-03    9.93055E-01    9.84908E-01    9.90098E-01
    4.70484E+01    3.70424E-01    3.29159E-03    1.17430E+02    7.11101E-05    8.26089E-03   -1.69344E-03    9.93050E-01    9.84923E-01    9.90095E-01
    4.80378E+01    3.73714E-01    3.28967E-03    1.21019E+02    6.88270E-05    8.13161E-03   -1.64439E-03    9.93063E-01    9.84972E-01    9.90128E-01
    4.90384E+01    3.76993E-01    3.27864E-03    1.24691E+02    6.64458E-05    7.99435E-03   -1.59255E-03    9.93086E-01    9.85042E-01    9.90179E-01
    5.00503E+01    3.80254E-01    3.26122E-03    1.28445E+02    6.40330E-05    7.85246E-03   -1.54009E-03    9.93115E-01    9.85125E-01    9.90240E-01
    5.10736E+01    3.83492E-01    3.23851E-03    1.32285E+02    6.16166E-05    7.70732E-03   -1.48790E-03    9.93150E-01    9.85218E-01    9.90309E-01
    5.21085E+01    3.86703E-01    3.21062E-03    1.36212E+02    5.92039E-05    7.55914E-03   -1.43639E-03    9.93190E-01    9.85323E-01    9.90385E-01
    5.31551E+01    3.89880E-01    3.17675E-03    1.40229E+02    5.67843E-05    7.40702E-03   -1.38578E-03    9.93235E-01    9.85440E-01    9.90468E-01
    5.42135E+01    3.93014E-01    3.13448E-03    1.44337E+02    5.43210E-05    7.24814E-03   -1.33620E-03    9.93290E-01    9.85575E-01    9.90561E-01
    5.52839E+01    3.96091E-01    3.07724E-03    1.48538E+02    5.17121E-05    7.07481E-03   -1.28806E-03    9.93359E-01    9.85744E-01    9.90669E-01
    5.63664E+01    3.99074E-01    2.98252E-03    1.52834E+02    4.86086E-05    6.86014E-03   -1.24379E-03    9.93467E-01    9.85999E-01    9.90810E-01
    5.74611E+01    4.01788E-01    2.71369E-03    1.57229E+02    4.28998E-05    6.43291E-03   -1.23184E-03    9.93753E-01    9.86672E-01    9.91062E-01
    5.85682E+01    4.05549E-01    3.76179E-03    1.59463E+02    5.76929E-05    7.13366E-03   -2.60842E-03    9.92435E-01    9.84493E-01    9.86672E-01
    5.96878E+01    4.08781E-01    3.23200E-03    1.64008E+02    4.80945E-05    6.82106E-03   -1.25208E-03    9.93228E-01    9.85549E-01    9.90399E-01
    6.08200E+01    4.11869E-01    3.08779E-03    1.68656E+02    4.45894E-05    6.57978E-03   -1.13836E-03    9.93403E-01    9.85912E-01    9.90773E-01
    6.19650E+01    4.14826E-01    2.95672E-03    1.73410E+02    4.14394E-05    6.34563E-03   -1.08279E-03    9.93552E-01    9.86245E-01    9.90992E-01
    6.31230E+01    4.17502E-01    2.67574E-03    1.78272E+02    3.64020E-05    5.93855E-03   -1.06567E-03    9.93853E-01    9.86938E-01    9.91277E-01
    6.42940E+01    4.21165E-01    3.66348E-03    1.80744E+02    4.83852E-05    6.55815E-03   -2.31860E-03    9.92606E-01    9.84883E-01    9.86938E-01
    6.54783E+01    4.24284E-01    3.11914E-03    1.85773E+02    3.99988E-05    6.23227E-03   -1.07593E-03    9.93402E-01    9.85979E-01    9.90712E-01
    6.66760E+01    4.27217E-01    2.93234E-03    1.90916E+02    3.65153E-05    5.96318E-03   -9.77624E-04    9.93619E-01    9.86437E-01    9.91120E-01
    6.78872E+01    4.29851E-01    2.63418E-03    1.96176E+02    3.18572E-05    5.56318E-03   -9.52973E-04    9.93942E-01    9.87166E-01    9.91450E-01
    6.91121E+01    4.33419E-01    3.56766E-03    1.98850E+02    4.19083E-05    6.11885E-03   -2.11375E-03    9.92756E-01    9.85219E-01    9.87166E-01
    7.03508E+01    4.36410E-01    2.99146E-03    2.04290E+02    3.41353E-05    5.76339E-03   -9.58427E-04    9.93576E-01    9.86397E-01    9.90984E-01
    7.16036E+01    4.39056E-01    2.64619E-03    2.09854E+02    2.93357E-05    5.34223E-03   -8.92303E-04    9.93958E-01    9.87229E-01    9.91490E-01
    7.28704E+01    4.42612E-01    3.55556E-03    2.12683E+02    3.82989E-05    5.85832E-03   -1.99473E-03    9.92809E-01    9.85345E-01    9.87229E-01
    7.41516E+01    4.45578E-01    2.96676E-03    2.18438E+02    3.10536E-05    5.50161E-03   -8.86502E-04    9.93635E-01    9.86546E-01    9.91098E-01
    7.54473E+01    4.48197E-01    2.61886E-03    2.24323E+02    2.66402E-05    5.09535E-03   -8.23175E-04    9.94020E-01    9.87381E-01    9.91611E-01
    7.67576E+01    4.51696E-01    3.49832E-03    2.27316E+02    3.45882E-05    5.57704E-03   -1.86678E-03    9.92905E-01    9.85556E-01    9.87381E-01
    7.80828E+01    4.54603E-01    2.90691E-03    2.33403E+02    2.79374E-05    5.22228E-03   -8.15595E-04    9.93728E-01    9.86769E-01    9.91260E-01
    7.94229E+01    4.57152E-01    2.54948E-03    2.39628E+02    2.38196E-05    4.82147E-03   -7.56977E-04    9.94126E-01    9.87628E-01    9.91783E-01
    8.07781E+01    4.60519E-01    3.36695E-03    2.42794E+02    3.05839E-05    5.24961E-03   -1.73940E-03    9.93073E-01    9.85918E-01    9.87628E-01
    8.21487E+01    4.63155E-01    2.63622E-03    2.49232E+02    2.32836E-05    4.76352E-03   -7.69710E-04    9.94038E-01    9.87472E-01    9.91573E-01
    8.35347E+01    4.66598E-01    3.44285E-03    2.52507E+02    2.95693E-05    5.16073E-03   -1.71352E-03    9.93020E-01    9.85826E-01    9.87472E-01
    8.49364E+01    4.69282E-01    2.68432E-03    2.59166E+02    2.24207E-05    4.67644E-03   -7.42727E-04    9.94005E-01    9.87413E-01    9.91545E-01
    8.63540E+01    4.72793E-01    3.51025E-03    2.62552E+02    2.85158E-05    5.07476E-03   -1.66210E-03    9.92978E-01    9.85744E-01    9.87413E-01
    8.77875E+01    4.75670E-01    2.87723E-03    2.69440E+02    2.27348E-05    4.71752E-03   -6.92692E-04    9.93828E-01    9.87027E-01    9.91456E-01
    8.92373E+01    4.78183E-01    2.51273E-03    2.76485E+02    1.93138E-05    4.34817E-03   -6.38133E-04    9.94232E-01    9.87893E-01    9.91997E-01
    9.07034E+01    4.81466E-01    3.28304E-03    2.80067E+02    2.45495E-05    4.71919E-03   -1.50956E-03    9.93240E-01    9.86282E-01    9.87893E-01
    9.21861E+01    4.84029E-01    2.56382E-03    2.87353E+02    1.86523E-05    4.27041E-03   -6.44874E-04    9.94183E-01    9.87815E-01    9.91846E-01
    9.36856E+01    4.87341E-01    3.31149E-03    2.91058E+02    2.34412E-05    4.61036E-03   -1.47843E-03    9.93231E-01    9.86279E-01    9.87815E-01
    9.52020E+01    4.89904E-01    2.56294E-03    2.98594E+02    1.76540E-05    4.15567E-03   -6.19955E-04    9.94200E-01    9.87863E-01    9.91877E-01
    9.67356E+01    4.93200E-01    3.29577E-03    3.02425E+02    2.20923E-05    4.47851E-03   -1.42663E-03    9.93269E-01    9.86362E-01    9.87863E-01
    9.82864E+01    4.95739E-01    2.53909E-03    3.10220E+02    1.65644E-05    4.02657E-03   -5.92572E-04    9.94243E-01    9.87964E-01    9.91947E-01
    9.98548E+01    4.98986E-01    3.24749E-03    3.14183E+02    2.06200E-05    4.32887E-03   -1.37145E-03    9.93338E-01    9.86511E-01    9.87964E-01
    1.01441E+02    5.01443E-01    2.45637E-03    3.22244E+02    1.51813E-05    3.85461E-03   -5.68618E-04    9.94350E-01    9.88202E-01    9.92071E-01
    1.03045E+02    5.04482E-01    3.03963E-03    3.26343E+02    1.82871E-05    4.06613E-03   -1.32425E-03    9.93569E-01    9.87011E-01    9.88202E-01
    1.04667E+02    5.08017E-01    3.53472E-03    3.30489E+02    2.07021E-05    4.30273E-03   -1.47940E-03    9.93075E-01    9.86056E-01    9.87011E-01
    1.06308E+02    5.10631E-01    2.61395E-03    3.38921E+02    1.49046E-05    3.82094E-03   -5.52314E-04    9.94201E-01    9.87897E-01    9.91885E-01
    1.07967E+02    5.13950E-01    3.31933E-03    3.43208E+02    1.84277E-05    4.09789E-03   -1.27865E-03    9.93319E-01    9.86482E-01    9.87897E-01
    1.09645E+02    5.16492E-01    2.54204E-03    3.51929E+02    1.37412E-05    3.67106E-03   -5.14330E-04    9.94298E-01    9.88104E-01    9.92068E-01
    1.11341E+02    5.19718E-01    3.22526E-03    3.56364E+02    1.69769E-05    3.93711E-03   -1.21493E-03    9.93432E-01    9.86714E-01    9.88104E-01
    1.13057E+02    5.22155E-01    2.43758E-03    3.65384E+02    1.24948E-05    3.50066E-03   -4.90127E-04    9.94427E-01    9.88387E-01    9.92229E-01
    1.14793E+02    5.25152E-01    2.99725E-03    3.69970E+02    1.49623E-05    3.68778E-03   -1.16729E-03    9.93681E-01    9.87245E-01    9.88387E-01
    1.16547E+02    5.28614E-01    3.46189E-03    3.74609E+02    1.68314E-05    3.89057E-03   -1.30186E-03    9.93216E-01    9.86350E-01    9.87245E-01
    1.18322E+02    5.31169E-01    2.55505E-03    3.84044E+02    1.20994E-05    3.44601E-03   -4.73686E-04    9.94319E-01    9.88169E-01    9.92097E-01
    1.20117E+02    5.34383E-01    3.21417E-03    3.88841E+02    1.48257E-05    3.68350E-03   -1.12138E-03    9.93489E-01    9.86841E-01    9.88169E-01
    1.21932E+02    5.36802E-01    2.41827E-03    3.98599E+02    1.08657E-05    3.26643E-03   -4.42870E-04    9.94485E-01    9.88523E-01    9.92336E-01
    1.23768E+02    5.39758E-01    2.95647E-03    4.03561E+02    1.29406E-05    3.43487E-03   -1.06877E-03    9.93767E-01    9.87426E-01    9.88523E-01
    1.25624E+02    5.43149E-01    3.39126E-03    4.08579E+02    1.44610E-05    3.61176E-03   -1.19002E-03    9.93331E-01    9.86589E-01    9.87426E-01
    1.27501E+02    5.45612E-01    2.46278E-03    4.18786E+02    1.02315E-05    3.16985E-03   -4.28446E-04    9.94454E-01    9.88470E-01    9.92280E-01
    1.29400E+02    5.48610E-01    2.99743E-03    4.23976E+02    1.21329E-05    3.32786E-03   -1.02872E-03    9.93749E-01    9.87396E-01    9.88470E-01
    1.31320E+02    5.52041E-01    3.43148E-03    4.29225E+02    1.35338E-05    3.49734E-03   -1.14125E-03    9.93319E-01    9.86566E-01    9.87396E-01
    1.33262E+02    5.54570E-01    2.52874E-03    4.39901E+02    9.71825E-06    3.09120E-03   -4.03378E-04    9.94404E-01    9.88368E-01    9.92263E-01
    1.35225E+02    5.57729E-01    3.15912E-03    4.45329E+02    1.18309E-05    3.29801E-03   -9.76748E-04    9.93611E-01    9.87099E-01    9.88368E-01
    1.37211E+02    5.60107E-01    2.37808E-03    4.56371E+02    8.67896E-06    2.92197E-03   -3.75555E-04    9.94583E-01    9.88748E-01    9.92521E-01
    1.39219E+02    5.62997E-01    2.89010E-03    4.61986E+02    1.02793E-05    3.06896E-03   -9.27780E-04    9.93899E-01    9.87701E-01    9.88748E-01
    1.41250E+02    5.66291E-01    3.29425E-03    4.67664E+02    1.14192E-05    3.21799E-03   -1.03138E-03    9.93492E-01    9.86920E-01    9.87701E-01
    1.43304E+02    5.68681E-01    2.38991E-03    4.79214E+02    8.07445E-06    2.81841E-03   -3.61931E-04    9.94585E-01    9.88764E-01    9.92507E-01
    1.45381E+02    5.71567E-01    2.88564E-03    4.85087E+02    9.50261E-06    2.95176E-03   -8.88682E-04    9.93925E-01    9.87759E-01    9.88764E-01
    1.47482E+02    5.74837E-01    3.26971E-03    4.91026E+02    1.04954E-05    3.08658E-03   -9.84097E-04    9.93539E-01    9.87019E-01    9.87759E-01
    1.49606E+02    5.77186E-01    2.34948E-03    5.03107E+02    7.35143E-06    2.68962E-03   -3.42568E-04    9.94647E-01    9.88902E-01    9.92590E-01
    1.51754E+02    5.79990E-01    2.80411E-03    5.09249E+02    8.55310E-06    2.80001E-03   -8.44424E-04    9.94031E-01    9.87982E-01    9.88902E-01
    1.53927E+02    5.83073E-01    3.08246E-03    5.15462E+02    9.16584E-06    2.87843E-03   -9.38346E-04    9.93746E-01    9.87457E-01    9.87982E-01
    1.56124E+02    5.86462E-01    3.38958E-03    5.21744E+02    9.82621E-06    2.98245E-03   -9.65002E-04    9.93452E-01    9.86862E-01    9.87457E-01
    1.58346E+02    5.88877E-01    2.41499E-03    5.34523E+02    6.82555E-06    2.59235E-03   -3.24490E-04    9.94598E-01    9.88805E-01    9.92536E-01
    1.60593E+02    5.91774E-01    2.89625E-03    5.41021E+02    7.98102E-06    2.70864E-03   -8.02675E-04    9.93963E-01    9.87842E-01    9.88805E-01
    1.62866E+02    5.95035E-01    3.26187E-03    5.47592E+02    8.76410E-06    2.82479E-03   -8.85816E-04    9.93598E-01    9.87142E-01    9.87842E-01
    1.65164E+02    5.97376E-01    2.34008E-03    5.60958E+02    6.13065E-06    2.45747E-03   -3.02491E-04    9.94697E-01    9.89018E-01    9.92687E-01
    1.67488E+02    6.00156E-01    2.78050E-03    5.67755E+02    7.10313E-06    2.55556E-03   -7.56468E-04    9.94102E-01    9.88129E-01    9.89018E-01
    1.69838E+02    6.03199E-01    3.04330E-03    5.74628E+02    7.58121E-06    2.62238E-03   -8.39245E-04    9.93833E-01    9.87635E-01    9.88129E-01
    1.72215E+02    6.06529E-01    3.32958E-03    5.81579E+02    8.08849E-06    2.71030E-03   -8.61839E-04    9.93558E-01    9.87080E-01    9.87635E-01
    1.74619E+02    6.08886E-01    2.35682E-03    5.95718E+02    5.58346E-06    2.34561E-03   -2.85585E-04    9.94699E-01    9.89028E-01    9.92691E-01
    1.77050E+02    6.11676E-01    2.79028E-03    6.02907E+02    6.44676E-06    2.43611E-03   -7.15620E-04    9.94116E-01    9.88161E-01    9.89028E-01
    1.79508E+02    6.14721E-01    3.04541E-03    6.10178E+02    6.86230E-06    2.49693E-03   -7.92236E-04    9.93856E-01    9.87683E-01    9.88161E-01
    1.81994E+02    6.18045E-01    3.32388E-03    6.17531E+02    7.30494E-06    2.57777E-03   -8.12427E-04    9.93590E-01    9.87145E-01    9.87683E-01
    1.84509E+02    6.20399E-01    2.35323E-03    6.32487E+02    5.04426E-06    2.23005E-03   -2.66700E-04    9.94722E-01    9.89084E-01    9.92739E-01
    1.87052E+02    6.23180E-01    2.78119E-03    6.40091E+02    5.81485E-06    2.31544E-03   -6.73493E-04    9.94149E-01    9.88228E-01    9.89084E-01
    1.89623E+02    6.26211E-01    3.03097E-03    6.47782E+02    6.18130E-06    2.37194E-03   -7.45127E-04    9.93895E-01    9.87761E-01    9.88228E-01
    1.92223E+02    6.29514E-01    3.30305E-03    6.55560E+02    6.57080E-06    2.44695E-03   -7.63704E-04    9.93634E-01    9.87235E-01    9.87761E-01
    1.94853E+02    6.31855E-01    2.34098E-03    6.71380E+02    4.54275E-06    2.11683E-03   -2.48529E-04    9.94755E-01    9.89156E-01    9.92800E-01
    1.97513E+02    6.34617E-01    2.76233E-03    6.79424E+02    5.22913E-06    2.19743E-03   -6.32782E-04    9.94190E-01    9.88313E-01    9.89156E-01
    2.00203E+02    6.37623E-01    3.00620E-03    6.87560E+02    5.55159E-06    2.24988E-03   -6.99736E-04    9.93942E-01    9.87856E-01    9.88313E-01
    2.02923E+02    6.40894E-01    3.27100E-03    6.95787E+02    5.89305E-06    2.31930E-03   -7.16852E-04    9.93688E-01    9.87344E-01    9.87856E-01
    2.05673E+02    6.43214E-01    2.31986E-03    7.12521E+02    4.07749E-06    2.00599E-03   -2.31300E-04    9.94796E-01    9.89246E-01    9.92871E-01
    2.08455E+02    6.45946E-01    2.73217E-03    7.21030E+02    4.68515E-06    2.08152E-03   -5.93654E-04    9.94242E-01    9.88419E-01    9.89246E-01
    2.11269E+02    6.48914E-01    2.96755E-03    7.29636E+02    4.96492E-06    2.12943E-03   -6.56071E-04    9.94001E-01    9.87977E-01    9.88419E-01
    2.14114E+02    6.52135E-01    3.22106E-03    7.38338E+02    5.25804E-06    2.19245E-03   -6.71729E-04    9.93757E-01    9.87484E-01    9.87977E-01
    2.16991E+02    6.54412E-01    2.27692E-03    7.56040E+02    3.62656E-06    1.89216E-03   -2.15182E-04    9.94859E-01    9.89384E-01    9.92965E-01
    2.19901E+02    6.57078E-01    2.66607E-03    7.65041E+02    4.14337E-06    1.95822E-03   -5.55637E-04    9.94330E-01    9.88600E-01    9.89384E-01
    2.22843E+02    6.59943E-01    2.86478E-03    7.74144E+02    4.34431E-06    1.99188E-03   -6.13787E-04    9.94124E-01    9.88230E-01    9.88600E-01
    2.25819E+02    6.62965E-01    3.02249E-03    7.83349E+02    4.47253E-06    2.01862E-03   -6.30648E-04    9.93971E-01    9.87930E-01    9.88230E-01
    2.28829E+02    6.66205E-01    3.24021E-03    7.92659E+02    4.67876E-06    2.06810E-03   -6.33807E-04    9.93764E-01    9.87505E-01    9.87930E-01
    2.31872E+02    6.68476E-01    2.27055E-03    8.11595E+02    3.19941E-06    1.77750E-03   -1.99805E-04    9.94885E-01    9.89445E-01    9.93004E-01
    2.34950E+02    6.71121E-01    2.64560E-03    8.21224E+02    3.63796E-06    1.83575E-03   -5.17682E-04    9.94374E-01    9.88692E-01    9.89445E-01
    2.38063E+02    6.73947E-01    2.82508E-03    8.30961E+02    3.79113E-06    1.86153E-03   -5.70825E-04    9.94188E-01    9.88361E-01    9.88692E-01
    2.41211E+02    6.76896E-01    2.94915E-03    8.40809E+02    3.86232E-06    1.87589E-03   -5.85980E-04    9.94067E-01    9.88129E-01    9.88361E-01
    2.44394E+02    6.79971E-01    3.07563E-03    8.50768E+02    3.93108E-06    1.89262E-03   -5.90820E-04    9.93947E-01    9.87888E-01    9.88129E-01
    2.47614E+02    6.83249E-01    3.27719E-03    8.60839E+02    4.08805E-06    1.93406E-03   -5.89450E-04    9.93759E-01    9.87497E-01    9.87888E-01
    2.50870E+02    6.85542E-01    2.29385E-03    8.81325E+02    2.79271E-06    1.66105E-03   -1.83369E-04    9.94882E-01    9.89444E-01    9.93015E-01
    2.54162E+02    6.88214E-01    2.67166E-03    8.91741E+02    3.17467E-06    1.71630E-03   -4.78524E-04    9.94373E-01    9.88690E-01    9.89444E-01
    2.57492E+02    6.91073E-01    2.85860E-03    9.02276E+02    3.31543E-06    1.74286E-03   -5.27132E-04    9.94181E-01    9.88345E-01    9.88690E-01
    2.60859E+02    6.94078E-01    3.00527E-03    9.12929E+02    3.40210E-06    1.76352E-03   -5.40472E-04    9.94038E-01    9.88067E-01    9.88345E-01
    2.64265E+02    6.97288E-01    3.21028E-03    9.23703E+02    3.54726E-06    1.80364E-03   -5.42347E-04    9.93844E-01    9.87668E-01    9.88067E-01
    2.67709E+02    6.99541E-01    2.25251E-03    9.45618E+02    2.42948E-06    1.54960E-03   -1.67961E-04    9.94945E-01    9.89578E-01    9.93115E-01
    2.71192E+02    7.02157E-01    2.61586E-03    9.56761E+02    2.75402E-06    1.59953E-03   -4.42202E-04    9.94451E-01    9.88848E-01    9.89578E-01
    2.74714E+02    7.04942E-01    2.78549E-03    9.68030E+02    2.86266E-06    1.62034E-03   -4.86985E-04    9.94275E-01    9.88536E-01    9.88848E-01
    2.78276E+02    7.07842E-01    2.90022E-03    9.79426E+02    2.90954E-06    1.63101E-03   -4.99336E-04    9.94163E-01    9.88320E-01    9.88536E-01
    2.81878E+02    7.10858E-01    3.01610E-03    9.90952E+02    2.95375E-06    1.64341E-03   -5.02947E-04    9.94052E-01    9.88099E-01    9.88320E-01
    2.85521E+02    7.14061E-01    3.20230E-03    1.00261E+03    3.06149E-06    1.67635E-03   -5.01334E-04    9.93877E-01    9.87736E-01    9.88099E-01
    2.89205E+02    7.16299E-01    2.23822E-03    1.02631E+03    2.08894E-06    1.43715E-03   -1.53478E-04    9.94979E-01    9.89655E-01    9.93170E-01
    2.92931E+02    7.18889E-01    2.59054E-03    1.03837E+03    2.36034E-06    1.48162E-03   -4.06366E-04    9.94499E-01    9.88948E-01    9.89655E-01
    2.96699E+02    7.21637E-01    2.74797E-03    1.05056E+03    2.44436E-06    1.49820E-03   -4.46928E-04    9.94336E-01    9.88659E-01    9.88948E-01
    3.00509E+02    7.24483E-01    2.84579E-03    1.06289E+03    2.47135E-06    1.50392E-03   -4.57779E-04    9.94240E-01    9.88477E-01    9.88659E-01
    3.04363E+02    7.27413E-01    2.93026E-03    1.07536E+03    2.48441E-06    1.50731E-03   -4.60894E-04    9.94159E-01    9.88318E-01    9.88477E-01
    3.08260E+02    7.30443E-01    3.02950E-03    1.08797E+03    2.50774E-06    1.51501E-03   -4.60971E-04    9.94066E-01    9.88129E-01    9.88318E-01
    3.12201E+02    7.33647E-01    3.20387E-03    1.10072E+03    2.58934E-06    1.54261E-03   -4.57913E-04    9.93903E-01    9.87789E-01    9.88129E-01
    3.16187E+02    7.35883E-01    2.23637E-03    1.12666E+03    1.76469E-06    1.32116E-03   -1.38717E-04    9.95002E-01    9.89707E-01    9.93213E-01
    3.20217E+02    7.38466E-01    2.58317E-03    1.13985E+03    1.99021E-06    1.36140E-03   -3.69862E-04    9.94530E-01    9.89012E-01    9.89707E-01
    3.24294E+02    7.41202E-01    2.73573E-03    1.15318E+03    2.05799E-06    1.37580E-03   -4.06396E-04    9.94372E-01    9.88733E-01    9.89012E-01
    3.28416E+02    7.44031E-01    2.82929E-03    1.16667E+03    2.07818E-06    1.38028E-03   -4.15946E-04    9.94281E-01    9.88559E-01    9.88733E-01
    3.32585E+02    7.46941E-01    2.90961E-03    1.18031E+03    2.08680E-06    1.38262E-03   -4.18517E-04    9.94204E-01    9.88408E-01    9.88559E-01
    3.36801E+02    7.49945E-01    3.00428E-03    1.19411E+03    2.10396E-06    1.38886E-03   -4.18364E-04    9.94115E-01    9.88226E-01    9.88408E-01
    3.41064E+02    7.53118E-01    3.17228E-03    1.20806E+03    2.16932E-06    1.41307E-03   -4.15402E-04    9.93957E-01    9.87898E-01    9.88226E-01
    3.45376E+02    7.55333E-01    2.21506E-03    1.23644E+03    1.47911E-06    1.20977E-03   -1.24788E-04    9.95044E-01    9.89799E-01    9.93284E-01
    3.49737E+02    7.57886E-01    2.55306E-03    1.25087E+03    1.66475E-06    1.24591E-03   -3.35339E-04    9.94584E-01    9.89120E-01    9.89799E-01
    3.54147E+02    7.60583E-01    2.69757E-03    1.26546E+03    1.71767E-06    1.25782E-03   -3.68196E-04    9.94433E-01    9.88855E-01    9.89120E-01
    3.58606E+02    7.63365E-01    2.78144E-03    1.28022E+03    1.72950E-06    1.26003E-03   -3.76585E-04    9.94351E-01    9.88700E-01    9.88855E-01
    3.63116E+02    7.66212E-01    2.84684E-03    1.29514E+03    1.72865E-06    1.25907E-03   -3.78685E-04    9.94288E-01    9.88578E-01    9.88700E-01
    3.67677E+02    7.69124E-01    2.91217E-03    1.31023E+03    1.72687E-06    1.25841E-03   -3.78500E-04    9.94227E-01    9.88455E-01    9.88578E-01
    3.72290E+02    7.72121E-01    2.99693E-03    1.32550E+03    1.73550E-06    1.26225E-03   -3.77144E-04    9.94147E-01    9.88292E-01    9.88455E-01
    3.76954E+02    7.75277E-01    3.15633E-03    1.34093E+03    1.78502E-06    1.28269E-03   -3.73795E-04    9.93998E-01    9.87981E-01    9.88292E-01
    3.81672E+02    7.77481E-01    2.20377E-03    1.37233E+03    1.21715E-06    1.09763E-03   -1.11221E-04    9.95076E-01    9.89869E-01    9.93340E-01
    3.86442E+02    7.80016E-01    2.53565E-03    1.38830E+03    1.36771E-06    1.13004E-03   -3.01184E-04    9.94624E-01    9.89203E-01    9.89869E-01
    3.91267E+02    7.82692E-01    2.67549E-03    1.40444E+03    1.40941E-06    1.14027E-03   -3.30442E-04    9.94478E-01    9.88946E-01    9.89203E-01
    3.96146E+02    7.85447E-01    2.75548E-03    1.42077E+03    1.41765E-06    1.14174E-03   -3.37759E-04    9.94399E-01    9.88797E-01    9.88946E-01
    4.01080E+02    7.88265E-01    2.81721E-03    1.43728E+03    1.41559E-06    1.14033E-03   -3.39467E-04    9.94340E-01    9.88682E-01    9.88797E-01
    4.06070E+02    7.91143E-01    2.87870E-03    1.45398E+03    1.41274E-06    1.13918E-03   -3.39144E-04    9.94282E-01    9.88566E-01    9.88682E-01
    4.11116E+02    7.94102E-01    2.95892E-03    1.47087E+03    1.41827E-06    1.14200E-03   -3.37782E-04    9.94206E-01    9.88411E-01    9.88566E-01
    4.16220E+02    7.97214E-01    3.11157E-03    1.48795E+03    1.45669E-06    1.15961E-03   -3.34653E-04    9.94063E-01    9.88111E-01    9.88411E-01
    4.21381E+02    7.99387E-01    2.17301E-03    1.52269E+03    9.93610E-07    9.91896E-04   -9.87506E-05    9.95128E-01    9.89980E-01    9.93422E-01
    4.26600E+02    8.01881E-01    2.49472E-03    1.54035E+03    1.11417E-06    1.02056E-03   -2.69499E-04    9.94687E-01    9.89330E-01    9.89980E-01
    4.31879E+02    8.04508E-01    2.62610E-03    1.55821E+03    1.14556E-06    1.02872E-03   -2.95444E-04    9.94549E-01    9.89089E-01    9.89330E-01
    4.37217E+02    8.07204E-01    2.69676E-03    1.57628E+03    1.14904E-06    1.02858E-03   -3.01745E-04    9.94479E-01    9.88958E-01    9.89089E-01
    4.42615E+02    8.09950E-01    2.74582E-03    1.59455E+03    1.14276E-06    1.02515E-03   -3.03025E-04    9.94432E-01    9.88867E-01    9.88958E-01
    4.48074E+02    8.12737E-01    2.78702E-03    1.61303E+03    1.13297E-06    1.02052E-03   -3.02493E-04    9.94393E-01    9.88791E-01    9.88867E-01
    4.53595E+02    8.15565E-01    2.82789E-03    1.63171E+03    1.12290E-06    1.01597E-03   -3.01178E-04    9.94355E-01    9.88714E-01    9.88791E-01
    4.59179E+02    8.18441E-01    2.87607E-03    1.65061E+03    1.11554E-06    1.01285E-03   -2.99478E-04    9.94310E-01    9.88623E-01    9.88714E-01
    4.64825E+02    8.21388E-01    2.94638E-03    1.66972E+03    1.11632E-06    1.01382E-03   -2.97455E-04    9.94244E-01    9.88487E-01    9.88623E-01
    4.70535E+02    8.24477E-01    3.08971E-03    1.68904E+03    1.14349E-06    1.02808E-03   -2.94181E-04    9.94109E-01    9.88205E-01    9.88487E-01
    4.76310E+02    8.26633E-01    2.15616E-03    1.72835E+03    7.79506E-07    8.78699E-04   -8.59882E-05    9.95166E-01    9.90063E-01    9.93486E-01
    4.82150E+02    8.29104E-01    2.47025E-03    1.74834E+03    8.72383E-07    9.03608E-04   -2.36381E-04    9.94735E-01    9.89429E-01    9.90063E-01
    4.88056E+02    8.31699E-01    2.59565E-03    1.76855E+03    8.95458E-07    9.10182E-04   -2.58895E-04    9.94603E-01    9.89198E-01    9.89429E-01
    4.94029E+02    8.34360E-01    2.66094E-03    1.78899E+03    8.96750E-07    9.09365E-04   -2.64206E-04    9.94538E-01    9.89076E-01    9.89198E-01
    5.00069E+02    8.37065E-01    2.70438E-03    1.80967E+03    8.90319E-07    9.05550E-04   -2.65140E-04    9.94496E-01    9.88996E-01    9.89076E-01
    5.06178E+02    8.39804E-01    2.73891E-03    1.83057E+03    8.80852E-07    9.00496E-04   -2.64496E-04    9.94464E-01    9.88932E-01    9.88996E-01
    5.12356E+02    8.42574E-01    2.77077E-03    1.85172E+03    8.70518E-07    8.95132E-04   -2.63168E-04    9.94434E-01    9.88874E-01    9.88932E-01
    5.18603E+02    8.45379E-01    2.80472E-03    1.87310E+03    8.60842E-07    8.90197E-04   -2.61518E-04    9.94403E-01    9.88810E-01    9.88874E-01
    5.24921E+02    8.48226E-01    2.84709E-03    1.89472E+03    8.53681E-07    8.86698E-04   -2.59705E-04    9.94363E-01    9.88730E-01    9.88810E-01
    5.31310E+02    8.51138E-01    2.91174E-03    1.91659E+03    8.52929E-07    8.86858E-04   -2.57704E-04    9.94302E-01    9.88604E-01    9.88730E-01
    5.37772E+02    8.54186E-01    3.04796E-03    1.93871E+03    8.72249E-07    8.98546E-04   -2.54682E-04    9.94173E-01    9.88335E-01    9.88604E-01
    5.44306E+02    8.56313E-01    2.12769E-03    1.98369E+03    5.94858E-07    7.67732E-04   -7.37939E-05    9.95217E-01    9.90172E-01    9.93566E-01
    5.50915E+02    8.58747E-01    2.43311E-03    2.00656E+03    6.64579E-07    7.89161E-04   -2.04459E-04    9.94796E-01    9.89552E-01    9.90172E-01
    5.57598E+02    8.61299E-01    2.55242E-03    2.02970E+03    6.81114E-07    7.94384E-04   -2.23760E-04    9.94670E-01    9.89331E-01    9.89552E-01
    5.64357E+02    8.63911E-01    2.61238E-03    2.05309E+03    6.81070E-07    7.93094E-04   -2.28192E-04    9.94610E-01    9.89219E-01    9.89331E-01
    5.71192E+02    8.66562E-01    2.65027E-03    2.07675E+03    6.75052E-07    7.89101E-04   -2.28850E-04    9.94573E-01    9.89149E-01    9.89219E-01
    5.78104E+02    8.69240E-01    2.67832E-03    2.10067E+03    6.66508E-07    7.83874E-04   -2.28144E-04    9.94547E-01    9.89098E-01    9.89149E-01
    5.85094E+02    8.71942E-01    2.70184E-03    2.12487E+03    6.56905E-07    7.78107E-04   -2.26836E-04    9.94525E-01    9.89055E-01    9.89098E-01
    5.92163E+02    8.74666E-01    2.72387E-03    2.14934E+03    6.47044E-07    7.72213E-04   -2.25237E-04    9.94505E-01    9.89015E-01    9.89055E-01
    5.99313E+02    8.77413E-01    2.74689E-03    2.17408E+03    6.37524E-07    7.66533E-04   -2.23496E-04    9.94484E-01    9.88973E-01    9.89015E-01
    6.06543E+02    8.80186E-01    2.77391E-03    2.19911E+03    6.29013E-07    7.61487E-04   -2.21698E-04    9.94459E-01    9.88922E-01    9.88973E-01
    6.13854E+02    8.82997E-01    2.81027E-03    2.22441E+03    6.22633E-07    7.57817E-04   -2.19878E-04    9.94425E-01    9.88853E-01    9.88922E-01
    6.21249E+02    8.85866E-01    2.86902E-03    2.25001E+03    6.21064E-07    7.57334E-04   -2.17968E-04    9.94369E-01    9.88737E-01    9.88853E-01
    6.28727E+02    8.88864E-01    2.99776E-03    2.27589E+03    6.34051E-07    7.66629E-04   -2.15246E-04    9.94246E-01    9.88481E-01    9.88737E-01
    6.36289E+02    8.90957E-01    2.09323E-03    2.32854E+03    4.32586E-07    6.54801E-04   -6.18191E-05    9.95275E-01    9.90295E-01    9.93657E-01
    6.43937E+02    8.93346E-01    2.38940E-03    2.35531E+03    4.82474E-07    6.72809E-04   -1.72630E-04    9.94865E-01    9.89690E-01    9.90295E-01
    6.51671E+02    8.95849E-01    2.50272E-03    2.38238E+03    4.93778E-07    6.76861E-04   -1.88779E-04    9.94744E-01    9.89480E-01    9.89690E-01
    6.59493E+02    8.98407E-01    2.55789E-03    2.40976E+03    4.93107E-07    6.75347E-04   -1.92387E-04    9.94688E-01    9.89376E-01    9.89480E-01
    6.67403E+02    9.00998E-01    2.59127E-03    2.43745E+03    4.88105E-07    6.71508E-04   -1.92825E-04    9.94655E-01    9.89314E-01    9.89376E-01
    6.75402E+02    9.03613E-01    2.61462E-03    2.46545E+03    4.81232E-07    6.66576E-04   -1.92116E-04    9.94633E-01    9.89271E-01    9.89314E-01
    6.83492E+02    9.06246E-01    2.63286E-03    2.49376E+03    4.73503E-07    6.61106E-04   -1.90898E-04    9.94616E-01    9.89238E-01    9.89271E-01
    6.91673E+02    9.08894E-01    2.64854E-03    2.52240E+03    4.65430E-07    6.55398E-04   -1.89428E-04    9.94602E-01    9.89210E-01    9.89238E-01
    6.99947E+02    9.11557E-01    2.66330E-03    2.55136E+03    4.57323E-07    6.49649E-04   -1.87827E-04    9.94589E-01    9.89184E-01    9.89210E-01
    7.08314E+02    9.14236E-01    2.67852E-03    2.58065E+03    4.49426E-07    6.44025E-04   -1.86166E-04    9.94575E-01    9.89156E-01    9.89184E-01
    7.16776E+02    9.16932E-01    2.69582E-03    2.61027E+03    4.41994E-07    6.38717E-04   -1.84485E-04    9.94560E-01    9.89125E-01    9.89156E-01
    7.25333E+02    9.19649E-01    2.71768E-03    2.64022E+03    4.35401E-07    6.34019E-04   -1.82813E-04    9.94539E-01    9.89083E-01    9.89125E-01
    7.33987E+02    9.22398E-01    2.74898E-03    2.67052E+03    4.30360E-07    6.30509E-04   -1.81159E-04    9.94510E-01    9.89023E-01    9.89083E-01
    7.42739E+02    9.25201E-01    2.80213E-03    2.70115E+03    4.28668E-07    6.29654E-04   -1.79454E-04    9.94459E-01    9.88917E-01    9.89023E-01
    7.51590E+02    9.28123E-01    2.92289E-03    2.73213E+03    4.36938E-07    6.36846E-04   -1.77104E-04    9.94343E-01    9.88674E-01    9.88917E-01
    7.60540E+02    9.30165E-01    2.04157E-03    2.79515E+03    2.98230E-07    5.43772E-04   -5.04242E-05    9.95352E-01    9.90457E-01    9.93772E-01
    7.69592E+02    9.32491E-01    2.32615E-03    2.82719E+03    3.32052E-07    5.58489E-04   -1.41920E-04    9.94954E-01    9.89870E-01    9.90457E-01
    7.78746E+02    9.34924E-01    2.43262E-03    2.85960E+03    3.39333E-07    5.61503E-04   -1.55071E-04    9.94839E-01    9.89670E-01    9.89870E-01
    7.88004E+02    9.37406E-01    2.48261E-03    2.89237E+03    3.38414E-07    5.59887E-04   -1.57924E-04    9.94788E-01    9.89575E-01    9.89670E-01
    7.97366E+02    9.39918E-01    2.51128E-03    2.92551E+03    3.34523E-07    5.56328E-04   -1.58182E-04    9.94759E-01    9.89521E-01    9.89575E-01
    8.06834E+02    9.42448E-01    2.52993E-03    2.95902E+03    3.29331E-07    5.51837E-04   -1.57501E-04    9.94741E-01    9.89487E-01    9.89521E-01
    8.16409E+02    9.44991E-01    2.54318E-03    2.99292E+03    3.23517E-07    5.46860E-04   -1.56400E-04    9.94729E-01    9.89463E-01    9.89487E-01
    8.26092E+02    9.47544E-01    2.55328E-03    3.02720E+03    3.17408E-07    5.41623E-04   -1.55087E-04    9.94720E-01    9.89446E-01    9.89463E-01
    8.35885E+02    9.50105E-01    2.56149E-03    3.06186E+03    3.11183E-07    5.36257E-04   -1.53659E-04    9.94713E-01    9.89432E-01    9.89446E-01
    8.45788E+02    9.52674E-01    2.56864E-03    3.09692E+03    3.04951E-07    5.30844E-04   -1.52169E-04    9.94707E-01    9.89420E-01    9.89432E-01
    8.55803E+02    9.55249E-01    2.57532E-03    3.13237E+03    2.98790E-07    5.25447E-04   -1.50647E-04    9.94702E-01    9.89410E-01    9.89420E-01
    8.65932E+02    9.57832E-01    2.58207E-03    3.16823E+03    2.92760E-07    5.20121E-04   -1.49113E-04    9.94696E-01    9.89399E-01    9.89410E-01
    8.76174E+02    9.60421E-01    2.58947E-03    3.20448E+03    2.86926E-07    5.14922E-04   -1.47583E-04    9.94690E-01    9.89386E-01    9.89399E-01
    8.86533E+02    9.63019E-01    2.59831E-03    3.24115E+03    2.81362E-07    5.09927E-04   -1.46068E-04    9.94682E-01    9.89371E-01    9.89386E-01
    8.97009E+02    9.65629E-01    2.60978E-03    3.27824E+03    2.76182E-07    5.05252E-04   -1.44578E-04    9.94672E-01    9.89349E-01    9.89371E-01
    9.07603E+02    9.68255E-01    2.62602E-03    3.31574E+03    2.71588E-07    5.01103E-04   -1.43122E-04    9.94657E-01    9.89318E-01    9.89349E-01
    9.18316E+02    9.70907E-01    2.65154E-03    3.35366E+03    2.68000E-07    4.97917E-04   -1.41699E-04    9.94632E-01    9.89268E-01    9.89318E-01
    9.29151E+02    9.73605E-01    2.69801E-03    3.39202E+03    2.66505E-07    4.96825E-04   -1.40250E-04    9.94587E-01    9.89174E-01    9.89268E-01
    9.40108E+02    9.76413E-01    2.80877E-03    3.43080E+03    2.71148E-07    5.02014E-04   -1.38312E-04    9.94479E-01    9.88947E-01    9.89174E-01
    9.51189E+02    9.78375E-01    1.96146E-03    3.50970E+03    1.85055E-07    4.28405E-04   -3.90371E-05    9.95463E-01    9.90689E-01    9.93931E-01
    9.62395E+02    9.80605E-01    2.23034E-03    3.54982E+03    2.05648E-07    4.39766E-04   -1.10701E-04    9.95080E-01    9.90124E-01    9.90689E-01
    9.73728E+02    9.82934E-01    2.32831E-03    3.59039E+03    2.09812E-07    4.41824E-04   -1.20847E-04    9.94972E-01    9.89937E-01    9.90124E-01
    9.85189E+02    9.85306E-01    2.37232E-03    3.63142E+03    2.08930E-07    4.40237E-04   -1.22970E-04    9.94926E-01    9.89852E-01    9.89937E-01
    9.96779E+02    9.87702E-01    2.39593E-03    3.67291E+03    2.06226E-07    4.37125E-04   -1.23079E-04    9.94902E-01    9.89807E-01    9.89852E-01
    1.00850E+03    9.90112E-01    2.40989E-03    3.71487E+03    2.02726E-07    4.33277E-04   -1.22461E-04    9.94888E-01    9.89781E-01    9.89807E-01
    1.02035E+03    9.92530E-01    2.41856E-03    3.75731E+03    1.98844E-07    4.29043E-04   -1.21519E-04    9.94880E-01    9.89766E-01    9.89781E-01
    1.03234E+03    9.94954E-01    2.42403E-03    3.80022E+03    1.94779E-07    4.24594E-04   -1.20411E-04    9.94876E-01    9.89757E-01    9.89766E-01
    1.04447E+03    9.97382E-01    2.42744E-03    3.84362E+03    1.90635E-07    4.20028E-04   -1.19213E-04    9.94873E-01    9.89753E-01    9.89757E-01
    1.05673E+03    9.99811E-01    2.42949E-03    3.88751E+03    1.86475E-07    4.15403E-04   -1.17964E-04    9.94872E-01    9.89751E-01    9.89753E-01
    1.06912E+03    1.00224E+00    2.43061E-03    3.93190E+03    1.82337E-07    4.10757E-04   -1.16687E-04    9.94872E-01    9.89751E-01    9.89751E-01
    1.08166E+03    1.00467E+00    2.43113E-03    3.97679E+03    1.78248E-07    4.06118E-04   -1.15396E-04    9.94873E-01    9.89752E-01    9.89751E-01
    1.09434E+03    1.00710E+00    2.43132E-03    4.02218E+03    1.74227E-07    4.01508E-04   -1.14100E-04    9.94874E-01    9.89754E-01    9.89752E-01
    1.10717E+03    1.00954E+00    2.43140E-03    4.06809E+03    1.70291E-07    3.96945E-04   -1.12807E-04    9.94875E-01    9.89756E-01    9.89754E-01
    1.12014E+03    1.01197E+00    2.43164E-03    4.11452E+03    1.66455E-07    3.92451E-04   -1.11522E-04    9.94875E-01    9.89757E-01    9.89756E-01
    1.13325E+03    1.01440E+00    2.43234E-03    4.16147E+03    1.62737E-07    3.88049E-04   -1.10248E-04    9.94876E-01    9.89758E-01    9.89757E-01
    1.14652E+03    1.01683E+00    2.43390E-03    4.20895E+03    1.59159E-07    3.83770E-04   -1.08992E-04    9.94875E-01    9.89756E-01    9.89758E-01
    1.15993E+03    1.01927E+00    2.43695E-03    4.25697E+03    1.55755E-07    3.79663E-04   -1.07757E-04    9.94873E-01    9.89752E-01    9.89756E-01
    1.17349E+03    1.02171E+00    2.44251E-03    4.30553E+03    1.52582E-07    3.75805E-04   -1.06549E-04    9.94868E-01    9.89742E-01    9.89752E-01
    1.18721E+03    1.02417E+00    2.45251E-03    4.35464E+03    1.49745E-07    3.72346E-04   -1.05370E-04    9.94859E-01    9.89722E-01    9.89742E-01
    1.20109E+03    1.02664E+00    2.47103E-03    4.40431E+03    1.47466E-07    3.69600E-04   -1.04220E-04    9.94840E-01    9.89684E-01    9.89722E-01
    1.21512E+03    1.02915E+00    2.50872E-03    4.45454E+03    1.46333E-07    3.68392E-04   -1.03054E-04    9.94802E-01    9.89605E-01    9.89684E-01
    1.22930E+03    1.03175E+00    2.60519E-03    4.50533E+03    1.48528E-07    3.71778E-04   -1.01537E-04    9.94704E-01    9.89400E-01    9.89605E-01
    1.24365E+03    1.03357E+00    1.81663E-03    4.60865E+03    1.01231E-07    3.16898E-04   -2.84094E-05    9.95650E-01    9.91077E-01    9.94191E-01
    1.25816E+03    1.03563E+00    2.06026E-03    4.66118E+03    1.12216E-07    3.25020E-04   -8.11022E-05    9.95290E-01    9.90548E-01    9.91077E-01
    1.27284E+03    1.03777E+00    2.14555E-03    4.71431E+03    1.14223E-07    3.26197E-04   -8.84241E-05    9.95193E-01    9.90379E-01    9.90548E-01
    1.28768E+03    1.03995E+00    2.18105E-03    4.76804E+03    1.13492E-07    3.24676E-04   -8.98744E-05    9.95154E-01    9.90309E-01    9.90379E-01
    1.30269E+03    1.04215E+00    2.19768E-03    4.82238E+03    1.11777E-07    3.22029E-04   -8.98565E-05    9.95136E-01    9.90276E-01    9.90309E-01
    1.31787E+03    1.04436E+00    2.20532E-03    4.87733E+03    1.09635E-07    3.18839E-04   -8.93093E-05    9.95129E-01    9.90262E-01    9.90276E-01
    1.33322E+03    1.04656E+00    2.20794E-03    4.93290E+03    1.07289E-07    3.15361E-04   -8.85255E-05    9.95127E-01    9.90259E-01    9.90262E-01
    1.34874E+03    1.04877E+00    2.20747E-03    4.98910E+03    1.04847E-07    3.11720E-04   -8.76211E-05    9.95128E-01    9.90262E-01    9.90259E-01
    1.36444E+03    1.05098E+00    2.20493E-03    5.04593E+03    1.02364E-07    3.07987E-04   -8.66502E-05    9.95132E-01    9.90270E-01    9.90262E-01
    1.38031E+03    1.05318E+00    2.20090E-03    5.10341E+03    9.98735E-08    3.04202E-04   -8.56411E-05    9.95137E-01    9.90280E-01    9.90270E-01
    1.39637E+03    1.05537E+00    2.19576E-03    5.16154E+03    9.73943E-08    3.00392E-04   -8.46101E-05    9.95144E-01    9.90294E-01    9.90280E-01
    1.41261E+03    1.05756E+00    2.18976E-03    5.22032E+03    9.49389E-08    2.96573E-04   -8.35668E-05    9.95151E-01    9.90309E-01    9.90294E-01
    1.42903E+03    1.05975E+00    2.18307E-03    5.27977E+03    9.25156E-08    2.92757E-04   -8.25176E-05    9.95159E-01    9.90325E-01    9.90309E-01
    1.44563E+03    1.06192E+00    2.17580E-03    5.33989E+03    9.01299E-08    2.88952E-04   -8.14667E-05    9.95168E-01    9.90343E-01    9.90325E-01
    1.46243E+03    1.06409E+00    2.16804E-03    5.40068E+03    8.77855E-08    2.85164E-04   -8.04171E-05    9.95178E-01    9.90362E-01    9.90343E-01
    1.47941E+03    1.06625E+00    2.15988E-03    5.46217E+03    8.54850E-08    2.81399E-04   -7.93709E-05    9.95187E-01    9.90381E-01    9.90362E-01
    1.49658E+03    1.06840E+00    2.15136E-03    5.52435E+03    8.32302E-08    2.77659E-04   -7.83297E-05    9.95198E-01    9.90402E-01    9.90381E-01
    1.51395E+03    1.07054E+00    2.14254E-03    5.58723E+03    8.10224E-08    2.73949E-04   -7.72947E-05    9.95208E-01    9.90423E-01    9.90402E-01
    1.53152E+03    1.07268E+00    2.13347E-03    5.65083E+03    7.88628E-08    2.70271E-04   -7.62668E-05    9.95219E-01    9.90445E-01    9.90423E-01
    1.54928E+03    1.07480E+00    2.12419E-03    5.71514E+03    7.67523E-08    2.66627E-04   -7.52470E-05    9.95230E-01    9.90467E-01    9.90445E-01
    1.56725E+03    1.07692E+00    2.11476E-03    5.78018E+03    7.46916E-08    2.63022E-04   -7.42359E-05    9.95242E-01    9.90490E-01    9.90467E-01
    1.58541E+03    1.07902E+00    2.10523E-03    5.84595E+03    7.26818E-08    2.59458E-04   -7.32343E-05    9.95253E-01    9.90513E-01    9.90490E-01
    1.60379E+03    1.08112E+00    2.09569E-03    5.91247E+03    7.07242E-08    2.55940E-04   -7.22429E-05    9.95264E-01    9.90536E-01    9.90513E-01
    1.62237E+03    1.08320E+00    2.08622E-03    5.97974E+03    6.88207E-08    2.52472E-04   -7.12626E-05    9.95276E-01    9.90558E-01    9.90536E-01
    1.64116E+03    1.08528E+00    2.07697E-03    6.04777E+03    6.69741E-08    2.49064E-04   -7.02942E-05    9.95287E-01    9.90581E-01    9.90558E-01
    1.66016E+03    1.08735E+00    2.06811E-03    6.11656E+03    6.51887E-08    2.45725E-04   -6.93390E-05    9.95298E-01    9.90602E-01    9.90581E-01
    1.67938E+03    1.08941E+00    2.05995E-03    6.18614E+03    6.34713E-08    2.42472E-04   -6.83985E-05    9.95308E-01    9.90622E-01    9.90602E-01
    1.69881E+03    1.09146E+00    2.05296E-03    6.25650E+03    6.18333E-08    2.39333E-04   -6.74745E-05    9.95316E-01    9.90639E-01    9.90622E-01
    1.71847E+03    1.09351E+00    2.04792E-03    6.32766E+03    6.02949E-08    2.36354E-04   -6.65694E-05    9.95323E-01    9.90651E-01    9.90639E-01
    1.73834E+03    1.09556E+00    2.04638E-03    6.39962E+03    5.88949E-08    2.33625E-04   -6.56849E-05    9.95325E-01    9.90655E-01    9.90651E-01
    1.75845E+03    1.09761E+00    2.05158E-03    6.47239E+03    5.77176E-08    2.31335E-04   -6.48190E-05    9.95320E-01    9.90643E-01    9.90655E-01
    1.77877E+03    1.09968E+00    2.07209E-03    6.54598E+03    5.69844E-08    2.29990E-04   -6.39452E-05    9.95297E-01    9.90595E-01    9.90643E-01
    1.79933E+03    1.10182E+00    2.13977E-03    6.62041E+03    5.75234E-08    2.31457E-04   -6.28588E-05    9.95222E-01    9.90437E-01    9.90595E-01
    1.82012E+03    1.10330E+00    1.48028E-03    6.77180E+03    3.89002E-08    1.96459E-04   -1.74321E-05    9.96089E-01    9.91981E-01    9.94777E-01
    1.84115E+03    1.10497E+00    1.66966E-03    6.84878E+03    4.28911E-08    2.01005E-04   -4.98795E-05    9.95778E-01    9.91528E-01    9.91981E-01
    1.86241E+03    1.10670E+00    1.72908E-03    6.92663E+03    4.34197E-08    2.01194E-04   -5.42285E-05    9.95703E-01    9.91401E-01    9.91528E-01
    1.88391E+03    1.10845E+00    1.74779E-03    7.00536E+03    4.29038E-08    1.99706E-04   -5.49679E-05    9.95680E-01    9.91362E-01    9.91401E-01
    1.90566E+03    1.11020E+00    1.75100E-03    7.08497E+03    4.20175E-08    1.97519E-04   -5.48077E-05    9.95677E-01    9.91357E-01    9.91362E-01
    1.92765E+03    1.11194E+00    1.74674E-03    7.16549E+03    4.09740E-08    1.94995E-04   -5.43236E-05    9.95682E-01    9.91370E-01    9.91357E-01
    1.94989E+03    1.11368E+00    1.73825E-03    7.24692E+03    3.98593E-08    1.92292E-04   -5.36948E-05    9.95693E-01    9.91393E-01    9.91370E-01
    1.97238E+03    1.11541E+00    1.72706E-03    7.32927E+03    3.87137E-08    1.89488E-04   -5.29920E-05    9.95708E-01    9.91422E-01    9.91393E-01
    1.99513E+03    1.11712E+00    1.71401E-03    7.41255E+03    3.75588E-08    1.86625E-04   -5.22485E-05    9.95724E-01    9.91456E-01    9.91422E-01
    2.01813E+03    1.11882E+00    1.69958E-03    7.49677E+03    3.64066E-08    1.83729E-04   -5.14814E-05    9.95743E-01    9.91493E-01    9.91456E-01
    2.04139E+03    1.12051E+00    1.68406E-03    7.58194E+03    3.52646E-08    1.80815E-04   -5.07005E-05    9.95763E-01    9.91533E-01    9.91493E-01
    2.06492E+03    1.12217E+00    1.66764E-03    7.66807E+03    3.41372E-08    1.77893E-04   -4.99118E-05    9.95784E-01    9.91576E-01    9.91533E-01
    2.08871E+03    1.12383E+00    1.65046E-03    7.75518E+03    3.30275E-08    1.74971E-04   -4.91189E-05    9.95806E-01    9.91620E-01    9.91576E-01
    2.11277E+03    1.12546E+00    1.63261E-03    7.84327E+03    3.19372E-08    1.72052E-04   -4.83244E-05    9.95830E-01    9.91667E-01    9.91620E-01
    2.13710E+03    1.12707E+00    1.61414E-03    7.93236E+03    3.08676E-08    1.69141E-04   -4.75299E-05    9.95854E-01    9.91715E-01    9.91667E-01
    2.16171E+03    1.12867E+00    1.59511E-03    8.02245E+03    2.98196E-08    1.66239E-04   -4.67367E-05    9.95879E-01    9.91765E-01    9.91715E-01
    2.18659E+03    1.13024E+00    1.57555E-03    8.11356E+03    2.87934E-08    1.63348E-04   -4.59456E-05    9.95904E-01    9.91817E-01    9.91765E-01
    2.21176E+03    1.13180E+00    1.55550E-03    8.20570E+03    2.77894E-08    1.60469E-04   -4.51572E-05    9.95931E-01    9.91870E-01    9.91817E-01
    2.23721E+03    1.13333E+00    1.53496E-03    8.29888E+03    2.68076E-08    1.57603E-04   -4.43718E-05    9.95958E-01    9.91925E-01    9.91870E-01
    2.26295E+03    1.13485E+00    1.51396E-03    8.39312E+03    2.58481E-08    1.54751E-04   -4.35899E-05    9.95987E-01    9.91981E-01    9.91925E-01
    2.28898E+03    1.13634E+00    1.49251E-03    8.48842E+03    2.49105E-08    1.51914E-04   -4.28115E-05    9.96016E-01    9.92039E-01    9.91981E-01
    2.31530E+03    1.13781E+00    1.47061E-03    8.58480E+03    2.39949E-08    1.49090E-04   -4.20369E-05    9.96045E-01    9.92099E-01    9.92039E-01
    2.34192E+03    1.13926E+00    1.44828E-03    8.68226E+03    2.31009E-08    1.46281E-04   -4.12662E-05    9.96076E-01    9.92160E-01    9.92099E-01
    2.36884E+03    1.14068E+00    1.42553E-03    8.78083E+03    2.22283E-08    1.43486E-04   -4.04993E-05    9.96107E-01    9.92223E-01    9.92160E-01
    2.39607E+03    1.14209E+00    1.40235E-03    8.88051E+03    2.13769E-08    1.40705E-04   -3.97364E-05    9.96139E-01    9.92287E-01    9.92223E-01
    2.42360E+03    1.14347E+00    1.37875E-03    8.98132E+03    2.05462E-08    1.37938E-04   -3.89773E-05    9.96172E-01    9.92353E-01    9.92287E-01
    2.45145E+03    1.14482E+00    1.35473E-03    9.08326E+03    1.97360E-08    1.35185E-04   -3.82222E-05    9.96206E-01    9.92421E-01    9.92353E-01
    2.47961E+03    1.14615E+00    1.33031E-03    9.18636E+03    1.89460E-08    1.32446E-04   -3.74708E-05    9.96241E-01    9.92490E-01    9.92421E-01
    2.50808E+03    1.14746E+00    1.30547E-03    9.29063E+03    1.81758E-08    1.29720E-04   -3.67232E-05    9.96276E-01    9.92562E-01    9.92490E-01
    2.53688E+03    1.14874E+00    1.28023E-03    9.39607E+03    1.74251E-08    1.27006E-04   -3.59793E-05    9.96313E-01    9.92635E-01    9.92562E-01
    2.56601E+03    1.14999E+00    1.25459E-03    9.50270E+03    1.66937E-08    1.24306E-04   -3.52390E-05    9.96350E-01    9.92710E-01    9.92635E-01
    2.59546E+03    1.15122E+00    1.22855E-03    9.61054E+03    1.59811E-08    1.21617E-04   -3.45022E-05    9.96389E-01    9.92787E-01    9.92710E-01
    2.62525E+03    1.15242E+00    1.20211E-03    9.71960E+03    1.52870E-08    1.18940E-04   -3.37688E-05    9.96428E-01    9.92866E-01    9.92787E-01
    2.65537E+03    1.15360E+00    1.17529E-03    9.82989E+03    1.46112E-08    1.16274E-04   -3.30387E-05    9.96469E-01    9.92946E-01    9.92866E-01
    2.68583E+03    1.15474E+00    1.14808E-03    9.94142E+03    1.39534E-08    1.13619E-04   -3.23118E-05    9.96510E-01    9.93029E-01    9.92946E-01
    2.71664E+03    1.15586E+00    1.12049E-03    1.00542E+04    1.33132E-08    1.10975E-04   -3.15879E-05    9.96553E-01    9.93114E-01    9.93029E-01
    2.74780E+03    1.15696E+00    1.09252E-03    1.01683E+04    1.26903E-08    1.08340E-04   -3.08670E-05    9.96596E-01    9.93202E-01    9.93114E-01
    2.77931E+03    1.15802E+00    1.06419E-03    1.02836E+04    1.20846E-08    1.05715E-04   -3.01489E-05    9.96641E-01    9.93291E-01    9.93202E-01
    2.81117E+03    1.15906E+00    1.03551E-03    1.04003E+04    1.14957E-08    1.03099E-04   -2.94334E-05    9.96687E-01    9.93383E-01    9.93291E-01
    2.84339E+03    1.16006E+00    1.00648E-03    1.05183E+04    1.09233E-08    1.00491E-04   -2.87206E-05    9.96734E-01    9.93477E-01    9.93383E-01
    2.87598E+03    1.16104E+00    9.77122E-04    1.06376E+04    1.03674E-08    9.78920E-05   -2.80101E-05    9.96782E-01    9.93574E-01    9.93477E-01
    2.90894E+03    1.16199E+00    9.47456E-04    1.07583E+04    9.82771E-09    9.53011E-05   -2.73020E-05    9.96831E-01    9.93673E-01    9.93574E-01
    2.94227E+03    1.16291E+00    9.17502E-04    1.08803E+04    9.30407E-09    9.27185E-05   -2.65962E-05    9.96882E-01    9.93775E-01    9.93673E-01
    2.97597E+03    1.16379E+00    8.87294E-04    1.10037E+04    8.79643E-09    9.01444E-05   -2.58925E-05    9.96934E-01    9.93879E-01    9.93775E-01
    3.01006E+03    1.16465E+00    8.56871E-04    1.11285E+04    8.30478E-09    8.75797E-05   -2.51909E-05    9.96987E-01    9.93985E-01    9.93879E-01
    3.04453E+03    1.16548E+00    8.26293E-04    1.12547E+04    7.82927E-09    8.50261E-05   -2.44914E-05    9.97042E-01    9.94095E-01    9.93985E-01
    3.07939E+03    1.16627E+00    7.95644E-04    1.13823E+04    7.37024E-09    8.24868E-05   -2.37941E-05    9.97098E-01    9.94206E-01    9.94095E-01
    3.11465E+03    1.16704E+00    7.65057E-04    1.15114E+04    6.92840E-09    7.99676E-05   -2.30992E-05    9.97154E-01    9.94319E-01    9.94206E-01
    3.15030E+03    1.16777E+00    7.34754E-04    1.16420E+04    6.50516E-09    7.74796E-05   -2.24068E-05    9.97211E-01    9.94433E-01    9.94319E-01
    3.18635E+03    1.16848E+00    7.05147E-04    1.17740E+04    6.10342E-09    7.50452E-05   -2.17172E-05    9.97268E-01    9.94547E-01    9.94433E-01
    3.22282E+03    1.16915E+00    6.77109E-04    1.19075E+04    5.72968E-09    7.27149E-05   -2.10291E-05    9.97323E-01    9.94657E-01    9.94547E-01
    3.25969E+03    1.16981E+00    6.52913E-04    1.20425E+04    5.40140E-09    7.06250E-05   -2.03347E-05    9.97372E-01    9.94753E-01    9.94657E-01
    3.29699E+03    1.17045E+00    6.41038E-04    1.21790E+04    5.18459E-09    6.92917E-05   -1.95766E-05    9.97396E-01    9.94797E-01    9.94753E-01
    3.33470E+03    1.17085E+00    3.97951E-04    1.24567E+04    3.14660E-09    5.58362E-05   -5.37701E-06    9.97977E-01    9.95859E-01    9.97235E-01
    3.37284E+03    1.17127E+00    4.25771E-04    1.25980E+04    3.29131E-09    5.55216E-05   -1.44448E-05    9.97876E-01    9.95747E-01    9.95859E-01
    3.41141E+03    1.17169E+00    4.14844E-04    1.27408E+04    3.13515E-09    5.38689E-05   -1.52737E-05    9.97904E-01    9.95814E-01    9.95747E-01
    3.45042E+03    1.17208E+00    3.92138E-04    1.28852E+04    2.89731E-09    5.16828E-05   -1.50399E-05    9.97962E-01    9.95935E-01    9.95814E-01
    3.48986E+03    1.17244E+00    3.65057E-04    1.30313E+04    2.63694E-09    4.92513E-05   -1.45344E-05    9.98034E-01    9.96081E-01    9.95935E-01
    3.52976E+03    1.17278E+00    3.35993E-04    1.31790E+04    2.37275E-09    4.66782E-05   -1.39248E-05    9.98114E-01    9.96242E-01    9.96081E-01
    3.57010E+03    1.17309E+00    3.05962E-04    1.33284E+04    2.11239E-09    4.40055E-05   -1.32629E-05    9.98201E-01    9.96416E-01    9.96242E-01
    3.61090E+03    1.17336E+00    2.75502E-04    1.34794E+04    1.85959E-09    4.12507E-05   -1.25685E-05    9.98293E-01    9.96601E-01    9.96416E-01
    3.65216E+03    1.17361E+00    2.44952E-04    1.36322E+04    1.61644E-09    3.84189E-05   -1.18501E-05    9.98391E-01    9.96797E-01    9.96601E-01
    3.69389E+03    1.17382E+00    2.14570E-04    1.37867E+04    1.38431E-09    3.55084E-05   -1.11112E-05    9.98494E-01    9.97004E-01    9.96797E-01
    3.73609E+03    1.17401E+00    1.84580E-04    1.39430E+04    1.16422E-09    3.25121E-05   -1.03529E-05    9.98604E-01    9.97224E-01    9.97004E-01
    3.77876E+03    1.17416E+00    1.55204E-04    1.41010E+04    9.57062E-10    2.94174E-05   -9.57479E-06    9.98720E-01    9.97458E-01    9.97224E-01
    3.82192E+03    1.17429E+00    1.26684E-04    1.42608E+04    7.63743E-10    2.62057E-05   -8.77519E-06    9.98844E-01    9.97707E-01    9.97458E-01
    3.86557E+03    1.17439E+00    9.93035E-05    1.44224E+04    5.85301E-10    2.28490E-05   -7.95147E-06    9.98977E-01    9.97975E-01    9.97707E-01
    3.90971E+03    1.17446E+00    7.34178E-05    1.45858E+04    4.23063E-10    1.93042E-05   -7.10003E-06    9.99122E-01    9.98265E-01    9.97975E-01
    3.95434E+03    1.17451E+00    4.95069E-05    1.47511E+04    2.78907E-10    1.55004E-05   -6.21657E-06    9.99281E-01    9.98585E-01    9.98265E-01
    3.99949E+03    1.17454E+00    2.82912E-05    1.49182E+04    1.55824E-10    1.13029E-05   -5.29811E-06    9.99461E-01    9.98948E-01    9.98585E-01
    4.04514E+03    1.17455E+00    1.10881E-05    1.50873E+04    5.97078E-11    6.38125E-06   -4.35746E-06    9.99676E-01    9.99383E-01    9.98948E-01
    4.09131E+03    1.17456E+00    1.21670E-05    1.50873E+04    6.40544E-11    5.78707E-06   -5.52848E-06    9.99383E-01    9.99115E-01    9.98459E-01
    4.13799E+03    1.17458E+00    1.42219E-05    1.50873E+04    7.32007E-11    5.30835E-06   -6.70985E-06    9.99115E-01    9.98865E-01    9.97993E-01
    4.18521E+03    1.17459E+00    1.71550E-05    1.50873E+04    8.63260E-11    4.91558E-06   -7.88435E-06    9.98865E-01    9.98632E-01    9.97548E-01
    4.23296E+03    1.17461E+00    2.08955E-05    1.50873E+04    1.02801E-10    4.58766E-06   -9.04179E-06    9.98632E-01    9.98412E-01    9.97121E-01
    4.28125E+03    1.17464E+00    2.53914E-05    1.50873E+04    1.22130E-10    4.30935E-06   -1.01764E-05    9.98412E-01    9.98202E-01    9.96711E-01
    4.33009E+03    1.17467E+00    3.06052E-05    1.50873E+04    1.43921E-10    4.06955E-06   -1.12854E-05    9.98202E-01    9.98003E-01    9.96316E-01
    4.37948E+03    1.17471E+00    3.65100E-05    1.50873E+04    1.67856E-10    3.86007E-06   -1.23675E-05    9.98003E-01    9.97811E-01    9.95935E-01
    4.42942E+03    1.17475E+00    4.30878E-05    1.50873E+04    1.93676E-10    3.67483E-06   -1.34228E-05    9.97811E-01    9.97626E-01    9.95567E-01
    4.47993E+03    1.17480E+00    5.03275E-05    1.50873E+04    2.21167E-10    3.50921E-06   -1.44517E-05    9.97626E-01    9.97448E-01    9.95211E-01
    4.53101E+03    1.17486E+00    5.82232E-05    1.50873E+04    2.50154E-10    3.35972E-06   -1.54553E-05    9.97448E-01    9.97275E-01    9.94865E-01
    4.58267E+03    1.17492E+00    6.67736E-05    1.50873E+04    2.80487E-10    3.22364E-06   -1.64346E-05    9.97275E-01    9.97108E-01    9.94528E-01
    4.63491E+03    1.17500E+00    7.59810E-05    1.50873E+04    3.12040E-10    3.09885E-06   -1.73907E-05    9.97108E-01    9.96945E-01    9.94201E-01
    4.68775E+03    1.17509E+00    8.58506E-05    1.50873E+04    3.44704E-10    2.98368E-06   -1.83249E-05    9.96945E-01    9.96787E-01    9.93882E-01
    4.74118E+03    1.17518E+00    9.63899E-05    1.50873E+04    3.78384E-10    2.87678E-06   -1.92382E-05    9.96787E-01    9.96632E-01    9.93571E-01
    4.79521E+03    1.17529E+00    1.07609E-04    1.50873E+04    4.12997E-10    2.77705E-06   -2.01317E-05    9.96632E-01    9.96481E-01    9.93267E-01
    4.84985E+03    1.17541E+00    1.19518E-04    1.50873E+04    4.48470E-10    2.68362E-06   -2.10064E-05    9.96481E-01    9.96334E-01    9.92970E-01
    4.90511E+03    1.17554E+00    1.32131E-04    1.50873E+04    4.84735E-10    2.59573E-06   -2.18632E-05    9.96334E-01    9.96189E-01    9.92679E-01
    4.96100E+03    1.17569E+00    1.45462E-04    1.50873E+04    5.21734E-10    2.51279E-06   -2.27029E-05    9.96189E-01    9.96048E-01    9.92395E-01
    5.01752E+03    1.17585E+00    1.59526E-04    1.50873E+04    5.59411E-10    2.43426E-06   -2.35263E-05    9.96048E-01    9.95910E-01    9.92116E-01
    5.07467E+03    1.17602E+00    1.74340E-04    1.50873E+04    5.97717E-10    2.35970E-06   -2.43341E-05    9.95910E-01    9.95774E-01    9.91843E-01
    5.13247E+03    1.17621E+00    1.89920E-04    1.50873E+04    6.36606E-10    2.28875E-06   -2.51270E-05    9.95774E-01    9.95641E-01    9.91574E-01
    5.19093E+03    1.17642E+00    2.06284E-04    1.50873E+04    6.76034E-10    2.22108E-06   -2.59056E-05    9.95641E-01    9.95511E-01    9.91311E-01
    5.25004E+03    1.17664E+00    2.23452E-04    1.50873E+04    7.15961E-10    2.15640E-06   -2.66704E-05    9.95511E-01    9.95382E-01    9.91053E-01
    5.30983E+03    1.17688E+00    2.41443E-04    1.50873E+04    7.56349E-10    2.09446E-06   -2.74219E-05    9.95382E-01    9.95257E-01    9.90799E-01
    5.37028E+03    1.17714E+00    2.60278E-04    1.50873E+04    7.97164E-10    2.03506E-06   -2.81606E-05    9.95257E-01    9.95133E-01    9.90550E-01
    5.43143E+03    1.17742E+00    2.79977E-04    1.50873E+04    8.38370E-10    1.97801E-06   -2.88870E-05    9.95133E-01    9.95011E-01    9.90305E-01
    5.49326E+03    1.17772E+00    3.00562E-04    1.50873E+04    8.79937E-10    1.92312E-06   -2.96013E-05    9.95011E-01    9.94892E-01    9.90063E-01
    5.55579E+03    1.17804E+00    3.22056E-04    1.50873E+04    9.21833E-10    1.87026E-06   -3.03040E-05    9.94892E-01    9.94774E-01    9.89826E-01
    5.61903E+03    1.17839E+00    3.44480E-04    1.50873E+04    9.64030E-10    1.81929E-06   -3.09955E-05    9.94774E-01    9.94658E-01    9.89593E-01
    5.68298E+03    1.17876E+00    3.67860E-04    1.50873E+04    1.00650E-09    1.77008E-06   -3.16760E-05    9.94658E-01    9.94544E-01    9.89364E-01
    5.74766E+03    1.17915E+00    3.92218E-04    1.50873E+04    1.04921E-09    1.72254E-06   -3.23457E-05    9.94544E-01    9.94432E-01    9.89138E-01
    5.81306E+03    1.17957E+00    4.17580E-04    1.50873E+04    1.09215E-09    1.67655E-06   -3.30051E-05    9.94432E-01    9.94322E-01    9.88916E-01
    5.87921E+03    1.18001E+00    4.43971E-04    1.50873E+04    1.13528E-09    1.63204E-06   -3.36544E-05    9.94322E-01    9.94214E-01    9.88697E-01
    5.94610E+03    1.18048E+00    4.71415E-04    1.50873E+04    1.17858E-09    1.58892E-06   -3.42937E-05    9.94214E-01    9.94107E-01    9.88482E-01
    6.01375E+03    1.18098E+00    4.99941E-04    1.50873E+04    1.22203E-09    1.54711E-06   -3.49232E-05    9.94107E-01    9.94001E-01    9.88269E-01
    6.08216E+03    1.18151E+00    5.29575E-04    1.50873E+04    1.26560E-09    1.50656E-06   -3.55433E-05    9.94001E-01    9.93898E-01    9.88061E-01
    6.15135E+03    1.18207E+00    5.60343E-04    1.50873E+04    1.30927E-09    1.46719E-06   -3.61541E-05    9.93898E-01    9.93796E-01    9.87855E-01
    6.22132E+03    1.18266E+00    5.92275E-04    1.50873E+04    1.35303E-09    1.42895E-06   -3.67558E-05    9.93796E-01    9.93695E-01    9.87652E-01
    6.29208E+03    1.18329E+00    6.25398E-04    1.50873E+04    1.39685E-09    1.39179E-06   -3.73485E-05    9.93695E-01    9.93596E-01    9.87453E-01
    6.36364E+03    1.18395E+00    6.59742E-04    1.50873E+04    1.44071E-09    1.35566E-06   -3.79324E-05    9.93596E-01    9.93499E-01    9.87256E-01
    6.43600E+03    1.18464E+00    6.95336E-04    1.50873E+04    1.48459E-09    1.32052E-06   -3.85077E-05    9.93499E-01    9.93403E-01    9.87062E-01
    6.50919E+03    1.18538E+00    7.32211E-04    1.50873E+04    1.52847E-09    1.28631E-06   -3.90745E-05    9.93403E-01    9.93308E-01    9.86871E-01
    6.58320E+03    1.18615E+00    7.70397E-04    1.50873E+04    1.57233E-09    1.25302E-06   -3.96329E-05    9.93308E-01    9.93215E-01    9.86683E-01
    6.65805E+03    1.18696E+00    8.09926E-04    1.50873E+04    1.61616E-09    1.22059E-06   -4.01830E-05    9.93215E-01    9.93123E-01    9.86498E-01
    6.73374E+03    1.18781E+00    8.50829E-04    1.50873E+04    1.65994E-09    1.18899E-06   -4.07250E-05    9.93123E-01    9.93032E-01    9.86316E-01
    6.81029E+03    1.18870E+00    8.93139E-04    1.50873E+04    1.70365E-09    1.15820E-06   -4.12591E-05    9.93032E-01    9.92943E-01    9.86136E-01
    6.88770E+03    1.18964E+00    9.36889E-04    1.50873E+04    1.74727E-09    1.12818E-06   -4.17852E-05    9.92943E-01    9.92855E-01    9.85959E-01
    6.96599E+03    1.19062E+00    9.82112E-04    1.50873E+04    1.79079E-09    1.09891E-06   -4.23035E-05    9.92855E-01    9.92769E-01    9.85784E-01
    7.04517E+03    1.19165E+00    1.02884E-03    1.50873E+04    1.83419E-09    1.07036E-06   -4.28141E-05    9.92769E-01    9.92684E-01    9.85613E-01
    7.12523E+03    1.19273E+00    1.07711E-03    1.50873E+04    1.87746E-09    1.04250E-06   -4.33171E-05    9.92684E-01    9.92600E-01    9.85443E-01
    7.20621E+03    1.19385E+00    1.12696E-03    1.50873E+04    1.92057E-09    1.01532E-06   -4.38126E-05    9.92600E-01    9.92517E-01    9.85277E-01
    7.28809E+03    1.19503E+00    1.17843E-03    1.50873E+04    1.96352E-09    9.88795E-07   -4.43006E-05    9.92517E-01    9.92435E-01    9.85112E-01
    7.37091E+03    1.19626E+00    1.23154E-03    1.50873E+04    2.00629E-09    9.62899E-07   -4.47813E-05    9.92435E-01    9.92355E-01    9.84950E-01
    7.45466E+03    1.19755E+00    1.28634E-03    1.50873E+04    2.04887E-09    9.37615E-07   -4.52547E-05    9.92355E-01    9.92276E-01    9.84791E-01
    7.53935E+03    1.19889E+00    1.34286E-03    1.50873E+04    2.09124E-09    9.12926E-07   -4.57210E-05    9.92276E-01    9.92199E-01    9.84634E-01
    7.62500E+03    1.20029E+00    1.40115E-03    1.50873E+04    2.13339E-09    8.88814E-07   -4.61801E-05    9.92199E-01    9.92122E-01    9.84480E-01
    7.71162E+03    1.20175E+00    1.46123E-03    1.50873E+04    2.17530E-09    8.65264E-07   -4.66321E-05    9.92122E-01    9.92047E-01    9.84328E-01
    7.79922E+03    1.20328E+00    1.52316E-03    1.50873E+04    2.21697E-09    8.42258E-07   -4.70772E-05    9.92047E-01    9.91972E-01    9.84178E-01
    7.88781E+03    1.20487E+00    1.58696E-03    1.50873E+04    2.25838E-09    8.19784E-07   -4.75153E-05    9.91972E-01    9.91899E-01    9.84030E-01
    7.97740E+03    1.20652E+00    1.65269E-03    1.50873E+04    2.29952E-09    7.97826E-07   -4.79466E-05    9.91899E-01    9.91828E-01    9.83885E-01
    8.06801E+03    1.20824E+00    1.72038E-03    1.50873E+04    2.34037E-09    7.76372E-07   -4.83711E-05    9.91828E-01    9.91757E-01    9.83743E-01
    8.15963E+03    1.21003E+00    1.79007E-03    1.50873E+04    2.38093E-09    7.55408E-07   -4.87889E-05    9.91757E-01    9.91687E-01    9.83602E-01
    8.25229E+03    1.21189E+00    1.86181E-03    1.50873E+04    2.42118E-09    7.34923E-07   -4.92000E-05    9.91687E-01    9.91619E-01    9.83464E-01
    8.34600E+03    1.21383E+00    1.93563E-03    1.50873E+04    2.46112E-09    7.14904E-07   -4.96045E-05    9.91619E-01    9.91551E-01    9.83328E-01
    8.44077E+03    1.21584E+00    2.01160E-03    1.50873E+04    2.50072E-09    6.95342E-07   -5.00024E-05    9.91551E-01    9.91485E-01    9.83194E-01
    8.53661E+03    1.21793E+00    2.08973E-03    1.50873E+04    2.53999E-09    6.76224E-07   -5.03938E-05    9.91485E-01    9.91420E-01    9.83062E-01
    8.63353E+03    1.22010E+00    2.17009E-03    1.50873E+04    2.57892E-09    6.57541E-07   -5.07788E-05    9.91420E-01    9.91356E-01    9.82932E-01
    8.73155E+03    1.22235E+00    2.25272E-03    1.50873E+04    2.61748E-09    6.39283E-07   -5.11573E-05    9.91356E-01    9.91293E-01    9.82805E-01
    8.83067E+03    1.22469E+00    2.33767E-03    1.50873E+04    2.65568E-09    6.21440E-07   -5.15296E-05    9.91293E-01    9.91231E-01    9.82680E-01
    8.93091E+03    1.22711E+00    2.42497E-03    1.50873E+04    2.69351E-09    6.04004E-07   -5.18955E-05    9.91231E-01    9.91170E-01    9.82557E-01
    9.03229E+03    1.22963E+00    2.51469E-03    1.50873E+04    2.73095E-09    5.86966E-07   -5.22552E-05    9.91170E-01    9.91110E-01    9.82436E-01
    9.13481E+03    1.23223E+00    2.60686E-03    1.50873E+04    2.76800E-09    5.70318E-07   -5.26087E-05    9.91110E-01    9.91051E-01    9.82317E-01
    9.23850E+03    1.23494E+00    2.70155E-03    1.50873E+04    2.80465E-09    5.54050E-07   -5.29560E-05    9.91051E-01    9.90994E-01    9.82200E-01
    9.34335E+03    1.23773E+00    2.79879E-03    1.50873E+04    2.84089E-09    5.38157E-07   -5.32973E-05    9.90994E-01    9.90937E-01    9.82085E-01
    9.44939E+03    1.24063E+00    2.89864E-03    1.50873E+04    2.87672E-09    5.22629E-07   -5.36325E-05    9.90937E-01    9.90881E-01    9.81972E-01
    9.55662E+03    1.24363E+00    3.00115E-03    1.50873E+04    2.91213E-09    5.07460E-07   -5.39618E-05    9.90881E-01    9.90826E-01    9.81862E-01
    9.66507E+03    1.24674E+00    3.10638E-03    1.50873E+04    2.94711E-09    4.92643E-07   -5.42851E-05    9.90826E-01    9.90773E-01    9.81753E-01
    9.77474E+03    1.24995E+00    3.21438E-03    1.50873E+04    2.98166E-09    4.78171E-07   -5.46025E-05    9.90773E-01    9.90720E-01    9.81646E-01
    9.88565E+03    1.25328E+00    3.32519E-03    1.50873E+04    3.01577E-09    4.64038E-07   -5.49141E-05    9.90720E-01    9.90668E-01    9.81541E-01
    9.99782E+03    1.25672E+00    3.43889E-03    1.50873E+04    3.04944E-09    4.50236E-07   -5.52199E-05    9.90668E-01    9.90617E-01    9.81438E-01
    1.01113E+04    1.26027E+00    3.55552E-03    1.50873E+04    3.08265E-09    4.36761E-07   -5.55199E-05    9.90617E-01    9.90568E-01    9.81337E-01
    1.02260E+04    1.26395E+00    3.67513E-03    1.50873E+04    3.11541E-09    4.23605E-07   -5.58143E-05    9.90568E-01    9.90519E-01    9.81238E-01
    1.03420E+04    1.26775E+00    3.79780E-03    1.50873E+04    3.14772E-09    4.10764E-07   -5.61030E-05    9.90519E-01    9.90471E-01    9.81141E-01
    1.04593E+04    1.27167E+00    3.92358E-03    1.50873E+04    3.17956E-09    3.98231E-07   -5.63861E-05    9.90471E-01    9.90424E-01    9.81046E-01
    1.05779E+04    1.27572E+00    4.05252E-03    1.50873E+04    3.21093E-09    3.86001E-07   -5.66637E-05    9.90424E-01    9.90378E-01    9.80953E-01
    1.06979E+04    1.27991E+00    4.18469E-03    1.50873E+04    3.24183E-09    3.74069E-07   -5.69359E-05    9.90378E-01    9.90333E-01    9.80861E-01
    1.08193E+04    1.28423E+00    4.32016E-03    1.50873E+04    3.27226E-09    3.62429E-07   -5.72025E-05    9.90333E-01    9.90288E-01    9.80771E-01
    1.09420E+04    1.28869E+00    4.45898E-03    1.50873E+04    3.30222E-09    3.51076E-07   -5.74639E-05    9.90288E-01    9.90245E-01    9.80684E-01
    1.10661E+04    1.29329E+00    4.60122E-03    1.50873E+04    3.33170E-09    3.40005E-07   -5.77199E-05    9.90245E-01    9.90203E-01    9.80597E-01
    1.11916E+04    1.29804E+00    4.74695E-03    1.50873E+04    3.36070E-09    3.29212E-07   -5.79706E-05    9.90203E-01    9.90161E-01    9.80513E-01
    1.13185E+04    1.30293E+00    4.89623E-03    1.50873E+04    3.38921E-09    3.18692E-07   -5.82161E-05    9.90161E-01    9.90120E-01    9.80431E-01
    1.14469E+04    1.30798E+00    5.04914E-03    1.50873E+04    3.41725E-09    3.08440E-07   -5.84564E-05    9.90120E-01    9.90081E-01    9.80350E-01
    1.15767E+04    1.31319E+00    5.20573E-03    1.50873E+04    3.44480E-09    2.98451E-07   -5.86917E-05    9.90081E-01    9.90042E-01    9.80271E-01
    1.17080E+04    1.31855E+00    5.36609E-03    1.50873E+04    3.47187E-09    2.88722E-07   -5.89219E-05    9.90042E-01    9.90003E-01    9.80193E-01
    1.18407E+04    1.32408E+00    5.53029E-03    1.50873E+04    3.49846E-09    2.79247E-07   -5.91471E-05    9.90003E-01    9.89966E-01    9.80117E-01
    1.19750E+04    1.32978E+00    5.69840E-03    1.50873E+04    3.52456E-09    2.70023E-07   -5.93674E-05    9.89966E-01    9.89930E-01    9.80043E-01
    1.21108E+04    1.33565E+00    5.87049E-03    1.50873E+04    3.55018E-09    2.61045E-07   -5.95828E-05    9.89930E-01    9.89894E-01    9.79971E-01
    1.22481E+04    1.34170E+00    6.04665E-03    1.50873E+04    3.57531E-09    2.52310E-07   -5.97934E-05    9.89894E-01    9.89859E-01    9.79900E-01
    1.23869E+04    1.34793E+00    6.22696E-03    1.50873E+04    3.59997E-09    2.43812E-07   -5.99993E-05    9.89859E-01    9.89825E-01    9.79831E-01
    1.25274E+04    1.35434E+00    6.41148E-03    1.50873E+04    3.62415E-09    2.35549E-07   -6.02004E-05    9.89825E-01    9.89792E-01    9.79763E-01
    1.26694E+04    1.36094E+00    6.60032E-03    1.50873E+04    3.64785E-09    2.27516E-07   -6.03970E-05    9.89792E-01    9.89759E-01    9.79697E-01
    1.28130E+04    1.36773E+00    6.79355E-03    1.50873E+04    3.67107E-09    2.19710E-07   -6.05890E-05    9.89759E-01    9.89728E-01    9.79632E-01
    1.29582E+04    1.37472E+00    6.99127E-03    1.50873E+04    3.69383E-09    2.12127E-07   -6.07765E-05    9.89728E-01    9.89697E-01    9.79569E-01
    1.31051E+04    1.38192E+00    7.19355E-03    1.50873E+04    3.71611E-09    2.04762E-07   -6.09596E-05    9.89697E-01    9.89666E-01    9.79508E-01
    1.32537E+04    1.38932E+00    7.40049E-03    1.50873E+04    3.73793E-09    1.97613E-07   -6.11383E-05    9.89666E-01    9.89637E-01    9.79448E-01
    1.34039E+04    1.39693E+00    7.61219E-03    1.50873E+04    3.75929E-09    1.90676E-07   -6.13127E-05    9.89637E-01    9.89608E-01    9.79389E-01
    1.35558E+04    1.40476E+00    7.82874E-03    1.50873E+04    3.78018E-09    1.83948E-07   -6.14829E-05    9.89608E-01    9.89580E-01    9.79332E-01
    1.37095E+04    1.41281E+00    8.05024E-03    1.50873E+04    3.80063E-09    1.77424E-07   -6.16490E-05    9.89580E-01    9.89553E-01    9.79276E-01
    1.38648E+04    1.42108E+00    8.27680E-03    1.50873E+04    3.82063E-09    1.71102E-07   -6.18110E-05    9.89553E-01    9.89526E-01    9.79221E-01
    1.40220E+04    1.42959E+00    8.50851E-03    1.50873E+04    3.84018E-09    1.64978E-07   -6.19689E-05    9.89526E-01    9.89500E-01    9.79168E-01
    1.41809E+04    1.43834E+00    8.74548E-03    1.50873E+04    3.85929E-09    1.59048E-07   -6.21230E-05    9.89500E-01    9.89474E-01    9.79116E-01
    1.43416E+04    1.44733E+00    8.98782E-03    1.50873E+04    3.87797E-09    1.53311E-07   -6.22732E-05    9.89474E-01    9.89450E-01    9.79066E-01
    1.45041E+04    1.45656E+00    9.23565E-03    1.50873E+04    3.89622E-09    1.47761E-07   -6.24196E-05    9.89450E-01    9.89426E-01    9.79017E-01
    1.46684E+04    1.46605E+00    9.48909E-03    1.50873E+04    3.91406E-09    1.42397E-07   -6.25623E-05    9.89426E-01    9.89402E-01    9.78969E-01
    1.48347E+04    1.47580E+00    9.74824E-03    1.50873E+04    3.93148E-09    1.37216E-07   -6.27013E-05    9.89402E-01    9.89379E-01    9.78922E-01
    1.50027E+04    1.48581E+00    1.00132E-02    1.50873E+04    3.94849E-09    1.32213E-07   -6.28369E-05    9.89379E-01    9.89357E-01    9.78876E-01
    1.51727E+04    1.49610E+00    1.02842E-02    1.50873E+04    3.96510E-09    1.27387E-07   -6.29689E-05    9.89357E-01    9.89335E-01    9.78832E-01
    1.53446E+04    1.50666E+00    1.05613E-02    1.50873E+04    3.98132E-09    1.22734E-07   -6.30976E-05    9.89335E-01    9.89314E-01    9.78788E-01
    1.55185E+04    1.51750E+00    1.08446E-02    1.50873E+04    3.99716E-09    1.18252E-07   -6.32230E-05    9.89314E-01    9.89293E-01    9.78746E-01
    1.56943E+04    1.52864E+00    1.11343E-02    1.50873E+04    4.01262E-09    1.13938E-07   -6.33451E-05    9.89293E-01    9.89273E-01    9.78705E-01
    1.58721E+04    1.54007E+00    1.14305E-02    1.50873E+04    4.02771E-09    1.09789E-07   -6.34642E-05    9.89273E-01    9.89253E-01    9.78665E-01
    1.60519E+04    1.55180E+00    1.17334E-02    1.50873E+04    4.04245E-09    1.05802E-07   -6.35802E-05    9.89253E-01    9.89234E-01    9.78626E-01
    1.62338E+04    1.56384E+00    1.20431E-02    1.50873E+04    4.05683E-09    1.01976E-07   -6.36932E-05    9.89234E-01    9.89215E-01    9.78588E-01
    1.64177E+04    1.57620E+00    1.23599E-02    1.50873E+04    4.07088E-09    9.83064E-08   -6.38034E-05    9.89215E-01    9.89197E-01    9.78551E-01
    1.66036E+04    1.58889E+00    1.26837E-02    1.50873E+04    4.08460E-09    9.47926E-08   -6.39108E-05    9.89197E-01    9.89180E-01    9.78515E-01
    1.67917E+04    1.60190E+00    1.30149E-02    1.50873E+04    4.09800E-09    9.14316E-08   -6.40156E-05    9.89180E-01    9.89162E-01    9.78480E-01
    1.69819E+04    1.61526E+00    1.33536E-02    1.50873E+04    4.11109E-09    8.82214E-08   -6.41178E-05    9.89162E-01    9.89145E-01    9.78445E-01
    1.71743E+04    1.62896E+00    1.37000E-02    1.50873E+04    4.12389E-09    8.51598E-08   -6.42175E-05    9.89145E-01    9.89129E-01    9.78412E-01
    1.73688E+04    1.64301E+00    1.40542E-02    1.50873E+04    4.13640E-09    8.22450E-08   -6.43148E-05    9.89129E-01    9.89113E-01    9.78379E-01
    1.75655E+04    1.65743E+00    1.44165E-02    1.50873E+04    4.14864E-09    7.94749E-08   -6.44099E-05    9.89113E-01    9.89097E-01    9.78347E-01
    1.77645E+04    1.67221E+00    1.47871E-02    1.50873E+04    4.16061E-09    7.68480E-08   -6.45028E-05    9.89097E-01    9.89082E-01    9.78316E-01
    1.79657E+04    1.68738E+00    1.51662E-02    1.50873E+04    4.17234E-09    7.43626E-08   -6.45936E-05    9.89082E-01    9.89067E-01    9.78285E-01
    1.81692E+04    1.70293E+00    1.55540E-02    1.50873E+04    4.18383E-09    7.20173E-08   -6.46825E-05    9.89067E-01    9.89052E-01    9.78255E-01
    1.83749E+04    1.71888E+00    1.59508E-02    1.50873E+04    4.19511E-09    6.98107E-08   -6.47696E-05    9.89052E-01    9.89038E-01    9.78226E-01
    1.85830E+04    1.73524E+00    1.63567E-02    1.50873E+04    4.20617E-09    6.77416E-08   -6.48550E-05    9.89038E-01    9.89023E-01    9.78197E-01
    1.87935E+04    1.75201E+00    1.67721E-02    1.50873E+04    4.21704E-09    6.58092E-08   -6.49387E-05    9.89023E-01    9.89009E-01    9.78169E-01
    1.90063E+04    1.76921E+00    1.71972E-02    1.50873E+04    4.22774E-09    6.40126E-08   -6.50210E-05    9.89009E-01    9.88996E-01    9.78141E-01
    1.92215E+04    1.78684E+00    1.76323E-02    1.50873E+04    4.23827E-09    6.23513E-08   -6.51020E-05    9.88996E-01    9.88982E-01    9.78114E-01
    1.94392E+04    1.80492E+00    1.80777E-02    1.50873E+04    4.24866E-09    6.08247E-08   -6.51817E-05    9.88982E-01    9.88969E-01    9.78087E-01
    1.96593E+04    1.82345E+00    1.85336E-02    1.50873E+04    4.25892E-09    5.94329E-08   -6.52604E-05    9.88969E-01    9.88956E-01    9.78061E-01
    1.98819E+04    1.84245E+00    1.90005E-02    1.50873E+04    4.26907E-09    5.81759E-08   -6.53381E-05    9.88956E-01    9.88943E-01    9.78035E-01
    2.01070E+04    1.86193E+00    1.94786E-02    1.50873E+04    4.27913E-09    5.70540E-08   -6.54150E-05    9.88943E-01    9.88930E-01    9.78009E-01
    2.03347E+04    1.88190E+00    1.99682E-02    1.50873E+04    4.28912E-09    5.60680E-08   -6.54914E-05    9.88930E-01    9.88917E-01    9.77983E-01
    2.05649E+04    1.90237E+00    2.04698E-02    1.50873E+04    4.29906E-09    5.52188E-08   -6.55672E-05    9.88917E-01    9.88904E-01    9.77958E-01
    2.07978E+04    1.92336E+00    2.09838E-02    1.50873E+04    4.30897E-09    5.45077E-08   -6.56428E-05    9.88904E-01    9.88891E-01    9.77932E-01
    2.10332E+04    1.94487E+00    2.15105E-02    1.50873E+04    4.31888E-09    5.39365E-08   -6.57182E-05    9.88891E-01    9.88879E-01    9.77907E-01
    2.12714E+04    1.96692E+00    2.20504E-02    1.50873E+04    4.32880E-09    5.35073E-08   -6.57936E-05    9.88879E-01    9.88866E-01    9.77882E-01
    2.15122E+04    1.98952E+00    2.26040E-02    1.50873E+04    4.33877E-09    5.32226E-08   -6.58693E-05    9.88866E-01    9.88853E-01    9.77856E-01
    2.17557E+04    2.01269E+00    2.31717E-02    1.50873E+04    4.34881E-09    5.30855E-08   -6.59455E-05    9.88853E-01    9.88840E-01    9.77830E-01
    2.20020E+04    2.03645E+00    2.37541E-02    1.50873E+04    4.35895E-09    5.30997E-08   -6.60223E-05    9.88840E-01    9.88827E-01    9.77805E-01
    2.22511E+04    2.06080E+00    2.43517E-02    1.50873E+04    4.36922E-09    5.32691E-08   -6.61000E-05    9.88827E-01    9.88813E-01    9.77778E-01
    2.25030E+04    2.08576E+00    2.49651E-02    1.50873E+04    4.37964E-09    5.35988E-08   -6.61789E-05    9.88813E-01    9.88800E-01    9.77752E-01
    2.27578E+04    2.11136E+00    2.55949E-02    1.50873E+04    4.39027E-09    5.40943E-08   -6.62591E-05    9.88800E-01    9.88786E-01    9.77725E-01
    2.30154E+04    2.13760E+00    2.62419E-02    1.50873E+04    4.40112E-09    5.47618E-08   -6.63410E-05    9.88786E-01    9.88772E-01    9.77697E-01
    2.32759E+04    2.16451E+00    2.69067E-02    1.50873E+04    4.41225E-09    5.56086E-08   -6.64248E-05    9.88772E-01    9.88757E-01    9.77669E-01
    2.35394E+04    2.19210E+00    2.75902E-02    1.50873E+04    4.42370E-09    5.66429E-08   -6.65108E-05    9.88757E-01    9.88742E-01    9.77640E-01
    2.38058E+04    2.22039E+00    2.82930E-02    1.50873E+04    4.43550E-09    5.78740E-08   -6.65995E-05    9.88742E-01    9.88727E-01    9.77610E-01
    2.40753E+04    2.24941E+00    2.90163E-02    1.50873E+04    4.44771E-09    5.93123E-08   -6.66911E-05    9.88727E-01    9.88711E-01    9.77580E-01
    2.43478E+04    2.27917E+00    2.97609E-02    1.50873E+04    4.46039E-09    6.09696E-08   -6.67861E-05    9.88711E-01    9.88694E-01    9.77548E-01
    2.46234E+04    2.30969E+00    3.05279E-02    1.50873E+04    4.47358E-09    6.28593E-08   -6.68848E-05    9.88694E-01    9.88677E-01    9.77514E-01
    2.49021E+04    2.34101E+00    3.13185E-02    1.50873E+04    4.48736E-09    6.49964E-08   -6.69877E-05    9.88677E-01    9.88658E-01    9.77480E-01
    2.51840E+04    2.37315E+00    3.21338E-02    1.50873E+04    4.50179E-09    6.73979E-08   -6.70953E-05    9.88658E-01    9.88639E-01    9.77444E-01
    2.54690E+04    2.40612E+00    3.29754E-02    1.50873E+04    4.51694E-09    7.00828E-08   -6.72082E-05    9.88639E-01    9.88619E-01    9.77406E-01
    2.57573E+04    2.43997E+00    3.38447E-02    1.50873E+04    4.53291E-09    7.30727E-08   -6.73269E-05    9.88619E-01    9.88598E-01    9.77366E-01
    2.60488E+04    2.47471E+00    3.47433E-02    1.50873E+04    4.54978E-09    7.63920E-08   -6.74520E-05    9.88598E-01    9.88576E-01    9.77324E-01
    2.63436E+04    2.51038E+00    3.56731E-02    1.50873E+04    4.56764E-09    8.00683E-08   -6.75843E-05    9.88576E-01    9.88552E-01    9.77279E-01
    2.66417E+04    2.54702E+00    3.66360E-02    1.50873E+04    4.58661E-09    8.41327E-08   -6.77245E-05    9.88552E-01    9.88527E-01    9.77232E-01
    2.69432E+04    2.58465E+00    3.76344E-02    1.50873E+04    4.60682E-09    8.86208E-08   -6.78735E-05    9.88527E-01    9.88500E-01    9.77182E-01
    2.72481E+04    2.62332E+00    3.86706E-02    1.50873E+04    4.62839E-09    9.35728E-08   -6.80322E-05    9.88500E-01    9.88471E-01    9.77128E-01
    2.75565E+04    2.66307E+00    3.97474E-02    1.50873E+04    4.65148E-09    9.90348E-08   -6.82017E-05    9.88471E-01    9.88440E-01    9.77071E-01
    2.78684E+04    2.70394E+00    4.08680E-02    1.50873E+04    4.67626E-09    1.05059E-07   -6.83831E-05    9.88440E-01    9.88407E-01    9.77010E-01
    2.81837E+04    2.74598E+00    4.20357E-02    1.50873E+04    4.70291E-09    1.11706E-07   -6.85777E-05    9.88407E-01    9.88372E-01    9.76945E-01
    2.85027E+04    2.78923E+00    4.32545E-02    1.50873E+04    4.73165E-09    1.19045E-07   -6.87869E-05    9.88372E-01    9.88334E-01    9.76875E-01
    2.88252E+04    2.83376E+00    4.45288E-02    1.50873E+04    4.76272E-09    1.27157E-07   -6.90124E-05    9.88334E-01    9.88293E-01    9.76799E-01
    2.91514E+04    2.87962E+00    4.58636E-02    1.50873E+04    4.79640E-09    1.36133E-07   -6.92559E-05    9.88293E-01    9.88248E-01    9.76717E-01
    2.94812E+04    2.92689E+00    4.72646E-02    1.50873E+04    4.83300E-09    1.46082E-07   -6.95196E-05    9.88248E-01    9.88199E-01    9.76628E-01
    2.98148E+04    2.97563E+00    4.87384E-02    1.50873E+04    4.87287E-09    1.57131E-07   -6.98058E-05    9.88199E-01    9.88147E-01    9.76532E-01
    3.01522E+04    3.02592E+00    5.02924E-02    1.50873E+04    4.91642E-09    1.69428E-07   -7.01170E-05    9.88147E-01    9.88089E-01    9.76427E-01
    3.04934E+04    3.07785E+00    5.19353E-02    1.50873E+04    4.96413E-09    1.83149E-07   -7.04564E-05    9.88089E-01    9.88026E-01    9.76313E-01
    3.08384E+04    3.13153E+00    5.36774E-02    1.50873E+04    5.01655E-09    1.98504E-07   -7.08273E-05    9.88026E-01    9.87957E-01    9.76188E-01
    3.11873E+04    3.18706E+00    5.55303E-02    1.50873E+04    5.07432E-09    2.15745E-07   -7.12339E-05    9.87957E-01    9.87882E-01    9.76051E-01
    3.15402E+04    3.24457E+00    5.75080E-02    1.50873E+04    5.13819E-09    2.35174E-07   -7.16808E-05    9.87882E-01    9.87798E-01    9.75901E-01
    3.18971E+04    3.30420E+00    5.96271E-02    1.50873E+04    5.20905E-09    2.57160E-07   -7.21733E-05    9.87798E-01    9.87706E-01    9.75735E-01
    3.22580E+04    3.36610E+00    6.19070E-02    1.50873E+04    5.28797E-09    2.82157E-07   -7.27179E-05    9.87706E-01    9.87604E-01    9.75552E-01
    3.26230E+04    3.43047E+00    6.43716E-02    1.50873E+04    5.37622E-09    3.10727E-07   -7.33221E-05    9.87604E-01    9.87490E-01    9.75348E-01
    3.29921E+04    3.49752E+00    6.70495E-02    1.50873E+04    5.47536E-09    3.43576E-07   -7.39949E-05    9.87490E-01    9.87362E-01    9.75122E-01
    3.33653E+04    3.56750E+00    6.99758E-02    1.50873E+04    5.58726E-09    3.81599E-07   -7.47470E-05    9.87362E-01    9.87219E-01    9.74868E-01
    3.37428E+04    3.64069E+00    7.31941E-02    1.50873E+04    5.71428E-09    4.25948E-07   -7.55916E-05    9.87219E-01    9.87057E-01    9.74584E-01
    3.41246E+04    3.71745E+00    7.67590E-02    1.50873E+04    5.85934E-09    4.78126E-07   -7.65448E-05    9.87057E-01    9.86874E-01    9.74263E-01
    3.45106E+04    3.79819E+00    8.07398E-02    1.50873E+04    6.02617E-09    5.40134E-07   -7.76265E-05    9.86874E-01    9.86664E-01    9.73899E-01
    3.49010E+04    3.88342E+00    8.52259E-02    1.50873E+04    6.21956E-09    6.14677E-07   -7.88618E-05    9.86664E-01    9.86423E-01    9.73483E-01
    3.52959E+04    3.97375E+00    9.03348E-02    1.50873E+04    6.44581E-09    7.05510E-07   -8.02827E-05    9.86423E-01    9.86142E-01    9.73004E-01
    3.56952E+04    4.06998E+00    9.62239E-02    1.50873E+04    6.71335E-09    8.17965E-07   -8.19309E-05    9.86142E-01    9.85814E-01    9.72448E-01
    3.60990E+04    4.17309E+00    1.03109E-01    1.50873E+04    7.03375E-09    9.59863E-07   -8.38620E-05    9.85814E-01    9.85424E-01    9.71797E-01
    3.65074E+04    4.28438E+00    1.11294E-01    1.50873E+04    7.42333E-09    1.14309E-06   -8.61511E-05    9.85424E-01    9.84955E-01    9.71024E-01
    3.69204E+04    4.40561E+00    1.21224E-01    1.50873E+04    7.90587E-09    1.38654E-06   -8.89041E-05    9.84955E-01    9.84379E-01    9.70095E-01
    3.73380E+04    4.53918E+00    1.33573E-01    1.50873E+04    8.51751E-09    1.72189E-06   -9.22743E-05    9.84379E-01    9.83656E-01    9.68956E-01
    3.77604E+04    4.68860E+00    1.49417E-01    1.50873E+04    9.31600E-09    2.20619E-06   -9.64942E-05    9.83656E-01    9.82719E-01    9.67527E-01
    3.81876E+04    4.85919E+00    1.70592E-01    1.50873E+04    1.03997E-08    2.95197E-06   -1.01936E-04    9.82719E-01    9.81451E-01    9.65680E-01
    3.86195E+04    5.05969E+00    2.00499E-01    1.50873E+04    1.19512E-08    4.21146E-06   -1.09240E-04    9.81451E-01    9.79621E-01    9.63192E-01
    3.90564E+04    5.30592E+00    2.46230E-01    1.50873E+04    1.43508E-08    6.66585E-06   -1.19609E-04    9.79621E-01    9.76693E-01    9.59629E-01
    3.94982E+04    5.63127E+00    3.25349E-01    1.50873E+04    1.85404E-08    1.27620E-05   -1.35564E-04    9.76693E-01    9.71023E-01    9.54034E-01
    3.99450E+04    6.12992E+00    4.98656E-01    1.50873E+04    2.77846E-08    3.58460E-05   -1.62787E-04    9.71023E-01    9.54917E-01    9.43814E-01
    4.03968E+04    7.62295E+00    1.49303E+00    1.50873E+04    8.13408E-08    1.95193E-04   -2.07943E-04    9.54917E-01    8.66227E-01    9.20161E-01
