 # rho, F_z,dF_z, z(rho), E2 (=>sigma2=e0^2*E2), Er, Ez, Ui,j , Ui+1,j , Ui,j-1
    2.50000E-01    3.13819E-01    3.13819E-01    0.00000E+00    2.51055E+00   -4.11270E-01    1.53017E+00    1.97072E+00    2.17635E+00    2.73580E+00
    7.31707E-01    8.83672E-01    5.69854E-01    5.00000E-01    1.68057E+00   -1.60286E-01    1.28642E+00    1.53314E+00    1.60742E+00    2.17635E+00
    1.19774E+00    1.77371E+00    8.90037E-01    5.00000E-01    1.58561E+00   -5.75682E-02    1.25789E+00    1.60742E+00    1.63440E+00    2.23637E+00
    1.66904E+00    3.05674E+00    1.28303E+00    5.00000E-01    1.62196E+00   -3.73180E-02    1.27302E+00    1.63440E+00    1.65209E+00    2.27091E+00
    2.14566E+00    4.78469E+00    1.72795E+00    5.00000E-01    1.68019E+00   -3.71616E-02    1.29569E+00    1.65209E+00    1.66990E+00    2.29993E+00
    2.62767E+00    7.01792E+00    2.23324E+00    5.00000E-01    1.75337E+00   -4.63008E-02    1.32334E+00    1.66990E+00    1.69234E+00    2.33157E+00
    3.11513E+00    9.83918E+00    2.82126E+00    5.00000E-01    1.84755E+00   -6.55431E-02    1.35767E+00    1.69234E+00    1.72447E+00    2.37118E+00
    3.60810E+00    1.33669E+01    3.52771E+00    5.00000E-01    1.97226E+00   -1.04648E-01    1.40047E+00    1.72447E+00    1.77635E+00    2.42470E+00
    4.10663E+00    1.77715E+01    4.40462E+00    5.00000E-01    2.13940E+00   -1.95351E-01    1.44957E+00    1.77635E+00    1.87429E+00    2.50113E+00
    4.61080E+00    2.33607E+01    5.58917E+00    5.00000E-01    2.39090E+00   -4.45683E-01    1.48063E+00    1.87429E+00    2.10025E+00    2.61460E+00
    5.12067E+00    2.83742E+01    5.01357E+00    9.63414E-01    1.90955E+00   -3.58593E-01    1.33453E+00    1.43298E+00    1.61685E+00    2.10025E+00
    5.63630E+00    3.39866E+01    5.61238E+00    9.63414E-01    1.92036E+00   -3.04109E-01    1.35199E+00    1.61685E+00    1.77453E+00    2.29284E+00
    6.15775E+00    4.14363E+01    7.44970E+00    9.63414E-01    2.30710E+00   -5.43853E-01    1.41821E+00    1.77453E+00    2.05972E+00    2.48364E+00
    6.68510E+00    4.80920E+01    6.65570E+00    1.43207E+00    1.87740E+00   -4.47584E-01    1.29502E+00    1.45959E+00    1.69695E+00    2.05972E+00
    7.21840E+00    5.63492E+01    8.25719E+00    1.43207E+00    2.13295E+00   -5.88877E-01    1.33648E+00    1.69695E+00    2.01277E+00    2.31629E+00
    7.75774E+00    6.33961E+01    7.04692E+00    1.90601E+00    1.67485E+00   -4.45411E-01    1.21509E+00    1.44331E+00    1.68489E+00    2.01277E+00
    8.30316E+00    7.25976E+01    9.20151E+00    1.90601E+00    2.02044E+00   -5.98469E-01    1.28929E+00    1.68489E+00    2.01314E+00    2.28911E+00
    8.85475E+00    8.06327E+01    8.03503E+00    2.38531E+00    1.63592E+00   -4.54871E-01    1.19541E+00    1.44658E+00    1.69889E+00    2.01314E+00
    9.41258E+00    9.14680E+01    1.08353E+01    2.38531E+00    2.05212E+00   -6.32392E-01    1.28538E+00    1.69889E+00    2.05364E+00    2.30809E+00
    9.97670E+00    1.01265E+02    9.79707E+00    2.87003E+00    1.73101E+00   -5.02830E-01    1.21580E+00    1.47090E+00    1.75615E+00    2.05364E+00
    1.05472E+01    1.15322E+02    1.40571E+01    2.87003E+00    2.32311E+00   -7.64774E-01    1.31842E+00    1.75615E+00    2.19491E+00    2.38808E+00
    1.11242E+01    1.30611E+02    1.52888E+01    3.36023E+00    2.36885E+00   -8.84063E-01    1.25987E+00    1.58423E+00    2.09715E+00    2.19491E+00
    1.17076E+01    1.44485E+02    1.38738E+01    3.85596E+00    2.01965E+00   -8.70896E-01    1.12303E+00    1.54665E+00    2.05764E+00    2.09715E+00
    1.22977E+01    1.58094E+02    1.36095E+01    4.35730E+00    1.86504E+00   -8.58439E-01    1.06213E+00    1.53110E+00    2.04048E+00    2.05764E+00
    1.28944E+01    1.71903E+02    1.38092E+01    4.86430E+00    1.78466E+00   -8.53119E-01    1.02803E+00    1.52509E+00    2.03703E+00    2.04048E+00
    1.34979E+01    1.86251E+02    1.43472E+01    5.37703E+00    1.75151E+00   -8.56953E-01    1.00853E+00    1.52570E+00    2.04575E+00    2.03703E+00
    1.41082E+01    2.01526E+02    1.52758E+01    5.89556E+00    1.76426E+00   -8.74452E-01    9.99796E-01    1.53313E+00    2.06980E+00    2.04575E+00
    1.47254E+01    2.18408E+02    1.68815E+01    6.41994E+00    1.84712E+00   -9.19572E-01    1.00075E+00    1.55088E+00    2.12162E+00    2.06980E+00
    1.53495E+01    2.38868E+02    2.04601E+01    6.95025E+00    2.12365E+00   -1.05403E+00    1.00632E+00    1.59392E+00    2.25550E+00    2.12162E+00
    1.59807E+01    2.51655E+02    1.27866E+01    8.02892E+00    1.26051E+00   -9.09847E-01    6.57793E-01    1.45478E+00    2.03232E+00    1.80756E+00
    1.66191E+01    2.71457E+02    1.98028E+01    8.57741E+00    1.85622E+00   -1.05540E+00    8.61604E-01    1.56502E+00    2.24251E+00    2.03232E+00
    1.72646E+01    2.87642E+02    1.61846E+01    9.69305E+00    1.44402E+00   -1.03455E+00    6.11334E-01    1.48803E+00    2.15965E+00    1.82713E+00
    1.79175E+01    3.03480E+02    1.58385E+01    1.08341E+01    1.34644E+00   -1.01889E+00    5.55257E-01    1.47451E+00    2.14343E+00    1.78950E+00
    1.85777E+01    3.20757E+02    1.72766E+01    1.20010E+01    1.40067E+00   -1.06009E+00    5.26185E-01    1.48612E+00    2.18996E+00    1.79141E+00
    1.92454E+01    3.35821E+02    1.50636E+01    1.38013E+01    1.16572E+00   -1.00669E+00    3.90255E-01    1.43769E+00    2.11362E+00    1.67187E+00
    1.99207E+01    3.47832E+02    1.20115E+01    1.62981E+01    8.87982E-01   -8.94894E-01    2.95205E-01    1.38632E+00    1.99398E+00    1.57161E+00
    2.06035E+01    3.57969E+02    1.01370E+01    1.89097E+01    7.16473E-01   -8.06942E-01    2.55574E-01    1.35817E+00    1.91231E+00    1.52596E+00
    2.12941E+01    3.68779E+02    1.08097E+01    2.09469E+01    7.30979E-01   -8.13606E-01    2.62725E-01    1.37342E+00    1.93844E+00    1.55182E+00
    2.19925E+01    3.78249E+02    9.47056E+00    2.37722E+01    6.13157E-01   -7.52555E-01    2.16374E-01    1.34881E+00    1.87734E+00    1.50249E+00
    2.26988E+01    3.86594E+02    8.34432E+00    2.67274E+01    5.17581E-01   -6.92905E-01    1.93556E-01    1.33104E+00    1.82318E+00    1.47483E+00
    2.34130E+01    3.95515E+02    8.92109E+00    2.90326E+01    5.30482E-01   -7.00012E-01    2.01158E-01    1.34581E+00    1.84861E+00    1.50038E+00
    2.41354E+01    4.03136E+02    7.62160E+00    3.22296E+01    4.34733E-01   -6.37805E-01    1.67144E-01    1.32034E+00    1.78364E+00    1.45468E+00
    2.48659E+01    4.10961E+02    7.82477E+00    3.47234E+01    4.28369E-01   -6.31208E-01    1.73049E-01    1.32844E+00    1.79212E+00    1.47228E+00
    2.56046E+01    4.18760E+02    7.79897E+00    3.73028E+01    4.10005E-01   -6.18391E-01    1.66124E-01    1.32901E+00    1.78841E+00    1.47184E+00
    2.63517E+01    4.26470E+02    7.70997E+00    3.99705E+01    3.89434E-01   -6.03769E-01    1.57787E-01    1.32796E+00    1.78157E+00    1.46827E+00
    2.71072E+01    4.34064E+02    7.59424E+00    4.27298E+01    3.68731E-01   -5.88578E-01    1.49353E-01    1.32627E+00    1.77346E+00    1.46363E+00
    2.78713E+01    4.41526E+02    7.46202E+00    4.55836E+01    3.48441E-01   -5.73170E-01    1.41129E-01    1.32417E+00    1.76458E+00    1.45842E+00
    2.86440E+01    4.48840E+02    7.31363E+00    4.85353E+01    3.28586E-01   -5.57533E-01    1.33201E-01    1.32169E+00    1.75493E+00    1.45274E+00
    2.94255E+01    4.55980E+02    7.13990E+00    5.15882E+01    3.08773E-01   -5.41296E-01    1.25585E-01    1.31863E+00    1.74400E+00    1.44643E+00
    3.02157E+01    4.62885E+02    6.90517E+00    5.47457E+01    2.87562E-01   -5.23034E-01    1.18311E-01    1.31425E+00    1.72991E+00    1.43877E+00
    3.10149E+01    4.69271E+02    6.38572E+00    5.80115E+01    2.56182E-01   -4.93515E-01    1.12360E-01    1.30396E+00    1.70059E+00    1.42627E+00
    3.18232E+01    4.76822E+02    7.55166E+00    6.02507E+01    2.91964E-01   -5.22426E-01    1.37965E-01    1.33483E+00    1.75944E+00    1.48842E+00
    3.26405E+01    4.83690E+02    6.86779E+00    6.37052E+01    2.55982E-01   -4.94844E-01    1.05412E-01    1.31452E+00    1.72126E+00    1.43590E+00
    3.34671E+01    4.89929E+02    6.23853E+00    6.72782E+01    2.24251E-01   -4.63285E-01    9.80674E-02    1.30108E+00    1.68619E+00    1.41787E+00
    3.43031E+01    4.97146E+02    7.21687E+00    6.97280E+01    2.50268E-01   -4.85574E-01    1.20360E-01    1.32794E+00    1.73613E+00    1.47453E+00
    3.51485E+01    5.03339E+02    6.19317E+00    7.35074E+01    2.07260E-01   -4.45896E-01    9.18560E-02    1.30041E+00    1.67948E+00    1.41612E+00
    3.60034E+01    5.10196E+02    6.85769E+00    7.60988E+01    2.21546E-01   -4.57091E-01    1.12311E-01    1.32041E+00    1.71339E+00    1.46511E+00
    3.68680E+01    5.17699E+02    7.50266E+00    7.87490E+01    2.34054E-01   -4.70385E-01    1.13101E-01    1.33415E+00    1.74314E+00    1.48319E+00
    3.77424E+01    5.24079E+02    6.37972E+00    8.28378E+01    1.92239E-01   -4.30542E-01    8.29012E-02    1.30411E+00    1.68268E+00    1.41710E+00
    3.86267E+01    5.31272E+02    7.19310E+00    8.56412E+01    2.09420E-01   -4.46461E-01    1.00464E-01    1.32647E+00    1.72348E+00    1.46650E+00
    3.95209E+01    5.37369E+02    6.09738E+00    8.99662E+01    1.71564E-01   -4.07327E-01    7.51570E-02    1.29745E+00    1.66375E+00    1.40580E+00
    4.04252E+01    5.43965E+02    6.59592E+00    9.29317E+01    1.79412E-01   -4.13405E-01    9.22424E-02    1.31336E+00    1.68933E+00    1.44936E+00
    4.13398E+01    5.50821E+02    6.85593E+00    9.59645E+01    1.80322E-01   -4.14311E-01    9.31013E-02    1.31934E+00    1.70038E+00    1.45972E+00
    4.22647E+01    5.57909E+02    7.08789E+00    9.90662E+01    1.80306E-01   -4.14595E-01    9.17406E-02    1.32404E+00    1.70965E+00    1.46552E+00
    4.32001E+01    5.65399E+02    7.48974E+00    1.02238E+02    1.84320E-01   -4.19968E-01    8.91457E-02    1.33184E+00    1.72687E+00    1.47245E+00
    4.41460E+01    5.71623E+02    6.22452E+00    1.07133E+02    1.48226E-01   -3.79693E-01    6.37148E-02    1.29907E+00    1.66024E+00    1.40300E+00
    4.51026E+01    5.78265E+02    6.64147E+00    1.10488E+02    1.53071E-01   -3.83365E-01    7.81181E-02    1.31254E+00    1.68134E+00    1.44287E+00
    4.60700E+01    5.85076E+02    6.81137E+00    1.13920E+02    1.51973E-01   -3.81871E-01    7.84044E-02    1.31642E+00    1.68793E+00    1.45020E+00
    4.70484E+01    5.91986E+02    6.90997E+00    1.17430E+02    1.49280E-01   -3.78622E-01    7.69754E-02    1.31827E+00    1.69078E+00    1.45259E+00
    4.80378E+01    5.98964E+02    6.97817E+00    1.21019E+02    1.45998E-01   -3.74641E-01    7.51172E-02    1.31933E+00    1.69208E+00    1.45339E+00
    4.90384E+01    6.05994E+02    7.02933E+00    1.24691E+02    1.42458E-01   -3.70286E-01    7.31199E-02    1.31998E+00    1.69257E+00    1.45344E+00
    5.00503E+01    6.13062E+02    7.06874E+00    1.28445E+02    1.38792E-01   -3.65705E-01    7.10804E-02    1.32036E+00    1.69250E+00    1.45305E+00
    5.10736E+01    6.20161E+02    7.09833E+00    1.32285E+02    1.35055E-01   -3.60955E-01    6.90388E-02    1.32053E+00    1.69199E+00    1.45234E+00
    5.21085E+01    6.27279E+02    7.11797E+00    1.36212E+02    1.31255E-01   -3.56040E-01    6.70136E-02    1.32049E+00    1.69103E+00    1.45134E+00
    5.31551E+01    6.34404E+02    7.12544E+00    1.40229E+02    1.27367E-01   -3.50913E-01    6.50139E-02    1.32020E+00    1.68953E+00    1.45003E+00
    5.42135E+01    6.41519E+02    7.11468E+00    1.44337E+02    1.23298E-01   -3.45432E-01    6.30467E-02    1.31952E+00    1.68719E+00    1.44829E+00
    5.52839E+01    6.48589E+02    7.06976E+00    1.48538E+02    1.18805E-01   -3.39217E-01    6.11310E-02    1.31813E+00    1.68326E+00    1.44582E+00
    5.63664E+01    6.55525E+02    6.93671E+00    1.52834E+02    1.13053E-01   -3.30948E-01    5.93869E-02    1.31490E+00    1.67516E+00    1.44177E+00
    5.74611E+01    6.61915E+02    6.38923E+00    1.57229E+02    1.01005E-01   -3.12251E-01    5.92030E-02    1.30294E+00    1.64668E+00    1.43229E+00
    5.85682E+01    6.70825E+02    8.91080E+00    1.59463E+02    1.36661E-01   -3.47507E-01    1.26094E-01    1.36808E+00    1.75496E+00    1.64668E+00
    5.96878E+01    6.78592E+02    7.76698E+00    1.64008E+02    1.15578E-01   -3.34503E-01    6.07127E-02    1.33177E+00    1.70838E+00    1.46896E+00
    6.08200E+01    6.86115E+02    7.52256E+00    1.68656E+02    1.08630E-01   -3.24874E-01    5.55556E-02    1.32541E+00    1.69531E+00    1.45380E+00
    6.19650E+01    6.93418E+02    7.30277E+00    1.73410E+02    1.02351E-01   -3.15468E-01    5.32018E-02    1.32029E+00    1.68354E+00    1.44604E+00
    6.31230E+01    7.00117E+02    6.69953E+00    1.78272E+02    9.11437E-02   -2.97257E-01    5.27457E-02    1.30742E+00    1.65357E+00    1.43492E+00
    6.42940E+01    7.09351E+02    9.23429E+00    1.80744E+02    1.21961E-01   -3.29565E-01    1.15536E-01    1.37113E+00    1.75924E+00    1.65357E+00
    6.54783E+01    7.17339E+02    7.98804E+00    1.85773E+02    1.02436E-01   -3.15505E-01    5.37828E-02    1.33372E+00    1.70946E+00    1.46818E+00
    6.66760E+01    7.24963E+02    7.62304E+00    1.90916E+02    9.49267E-02   -3.04145E-01    4.92222E-02    1.32514E+00    1.69145E+00    1.45100E+00
    6.78872E+01    7.31913E+02    6.95002E+00    1.96176E+02    8.40520E-02   -2.85854E-01    4.83655E-02    1.31100E+00    1.65917E+00    1.43748E+00
    6.91121E+01    7.41394E+02    9.48106E+00    1.98850E+02    1.11371E-01   -3.15735E-01    1.08087E-01    1.37332E+00    1.76223E+00    1.65917E+00
    7.03508E+01    7.49480E+02    8.08630E+00    2.04290E+02    9.22722E-02   -2.99757E-01    4.91706E-02    1.33378E+00    1.70718E+00    1.46677E+00
    7.16036E+01    7.56747E+02    7.26717E+00    2.09854E+02    8.05639E-02   -2.80059E-01    4.61616E-02    1.31642E+00    1.66923E+00    1.44412E+00
    7.28704E+01    7.66587E+02    9.83962E+00    2.12683E+02    1.05988E-01   -3.08487E-01    1.04036E-01    1.37819E+00    1.77121E+00    1.66923E+00
    7.41516E+01    7.74946E+02    8.35966E+00    2.18438E+02    8.75019E-02   -2.92147E-01    4.63908E-02    1.33769E+00    1.71409E+00    1.47042E+00
    7.54473E+01    7.82450E+02    7.50404E+00    2.24323E+02    7.63345E-02   -2.72848E-01    4.34594E-02    1.31994E+00    1.67545E+00    1.44710E+00
    7.67576E+01    7.92556E+02    1.01053E+01    2.27316E+02    9.99124E-02   -3.00045E-01    9.94251E-02    1.38123E+00    1.77659E+00    1.67545E+00
    7.80828E+01    8.01114E+02    8.55797E+00    2.33403E+02    8.22480E-02   -2.83458E-01    4.35856E-02    1.34010E+00    1.71782E+00    1.47200E+00
    7.94229E+01    8.08753E+02    7.63894E+00    2.39628E+02    7.13703E-02   -2.64013E-01    4.08338E-02    1.32136E+00    1.67716E+00    1.44775E+00
    8.07781E+01    8.18926E+02    1.01737E+01    2.42794E+02    9.24132E-02   -2.88864E-01    9.47145E-02    1.38068E+00    1.77436E+00    1.67716E+00
    8.21487E+01    8.27049E+02    8.12313E+00    2.49232E+02    7.17452E-02   -2.64526E-01    4.20862E-02    1.33078E+00    1.69536E+00    1.46551E+00
    8.35347E+01    8.37752E+02    1.07029E+01    2.52507E+02    9.19229E-02   -2.88051E-01    9.46026E-02    1.38908E+00    1.79058E+00    1.69536E+00
    8.49364E+01    8.46270E+02    8.51742E+00    2.59166E+02    7.11417E-02   -2.63526E-01    4.11785E-02    1.33751E+00    1.70897E+00    1.47385E+00
    8.63540E+01    8.57511E+02    1.12416E+01    2.62552E+02    9.13220E-02   -2.87499E-01    9.30937E-02    1.39724E+00    1.80708E+00    1.70897E+00
    8.77875E+01    8.66927E+02    9.41533E+00    2.69440E+02    7.43965E-02   -2.69964E-01    3.89330E-02    1.35283E+00    1.74201E+00    1.48616E+00
    8.92373E+01    8.75315E+02    8.38792E+00    2.76485E+02    6.44730E-02   -2.51314E-01    3.62496E-02    1.33304E+00    1.69943E+00    1.46000E+00
    9.07034E+01    8.86378E+02    1.10638E+01    2.80067E+02    8.27311E-02   -2.74251E-01    8.67044E-02    1.39232E+00    1.79668E+00    1.69943E+00
    9.21861E+01    8.95210E+02    8.83168E+00    2.87353E+02    6.42521E-02   -2.50736E-01    3.71974E-02    1.34122E+00    1.71508E+00    1.47597E+00
    9.36856E+01    9.06730E+02    1.15203E+01    2.91058E+02    8.15495E-02   -2.72234E-01    8.62465E-02    1.39912E+00    1.80962E+00    1.71508E+00
    9.52020E+01    9.15852E+02    9.12133E+00    2.98594E+02    6.28293E-02   -2.48012E-01    3.63239E-02    1.34577E+00    1.72397E+00    1.48187E+00
    9.67356E+01    9.27701E+02    1.18496E+01    3.02425E+02    7.94303E-02   -2.68844E-01    8.45775E-02    1.40350E+00    1.81810E+00    1.72397E+00
    9.82864E+01    9.37047E+02    9.34549E+00    3.10220E+02    6.09675E-02   -2.44381E-01    3.52866E-02    1.34901E+00    1.73015E+00    1.48575E+00
    9.98548E+01    9.49125E+02    1.20786E+01    3.14183E+02    7.66932E-02   -2.64308E-01    8.26719E-02    1.40616E+00    1.82303E+00    1.73015E+00
    1.01441E+02    9.58483E+02    9.35767E+00    3.22244E+02    5.78341E-02   -2.38008E-01    3.44392E-02    1.34849E+00    1.72812E+00    1.48652E+00
    1.03045E+02    9.70185E+02    1.17019E+01    3.26343E+02    7.04011E-02   -2.52594E-01    8.12244E-02    1.39889E+00    1.80634E+00    1.72812E+00
    1.04667E+02    9.83962E+02    1.37766E+01    3.30489E+02    8.06864E-02   -2.68994E-01    9.12615E-02    1.43225E+00    1.87106E+00    1.80634E+00
    1.06308E+02    9.94417E+02    1.04560E+01    3.38921E+02    5.96196E-02   -2.41761E-01    3.42244E-02    1.36651E+00    1.76535E+00    1.50999E+00
    1.07967E+02    1.00785E+03    1.34301E+01    3.43208E+02    7.45588E-02   -2.60978E-01    8.03076E-02    1.42487E+00    1.86028E+00    1.76535E+00
    1.09645E+02    1.01841E+03    1.05575E+01    3.51929E+02    5.70695E-02   -2.36678E-01    3.24528E-02    1.36719E+00    1.76652E+00    1.50791E+00
    1.11341E+02    1.03196E+03    1.35517E+01    3.56364E+02    7.13325E-02   -2.55517E-01    7.77401E-02    1.42562E+00    1.86161E+00    1.76652E+00
    1.13057E+02    1.04247E+03    1.05174E+01    3.65384E+02    5.39111E-02   -2.30039E-01    3.15152E-02    1.36580E+00    1.76275E+00    1.50714E+00
    1.14793E+02    1.05556E+03    1.30832E+01    3.69970E+02    6.53116E-02   -2.43954E-01    7.61452E-02    1.41740E+00    1.84312E+00    1.76275E+00
    1.16547E+02    1.07087E+03    1.53174E+01    3.74609E+02    7.44716E-02   -2.59168E-01    8.54623E-02    1.45113E+00    1.90851E+00    1.84312E+00
    1.18322E+02    1.08251E+03    1.16317E+01    3.84044E+02    5.50814E-02   -2.32606E-01    3.12381E-02    1.38301E+00    1.79814E+00    1.52954E+00
    1.20117E+02    1.09732E+03    1.48162E+01    3.88841E+02    6.83410E-02   -2.50406E-01    7.50871E-02    1.44194E+00    1.89390E+00    1.79814E+00
    1.21932E+02    1.10879E+03    1.14681E+01    3.98599E+02    5.15282E-02   -2.25033E-01    2.98027E-02    1.37952E+00    1.79027E+00    1.52412E+00
    1.23768E+02    1.12299E+03    1.41952E+01    4.03561E+02    6.21333E-02   -2.38319E-01    7.30583E-02    1.43181E+00    1.87173E+00    1.79027E+00
    1.25624E+02    1.13950E+03    1.65185E+01    4.08579E+02    7.04382E-02   -2.52449E-01    8.18991E-02    1.46535E+00    1.93661E+00    1.87173E+00
    1.27501E+02    1.15187E+03    1.23625E+01    4.18786E+02    5.13596E-02   -2.24681E-01    2.96316E-02    1.39265E+00    1.81682E+00    1.54303E+00
    1.29400E+02    1.16711E+03    1.52428E+01    4.23976E+02    6.16994E-02   -2.37631E-01    7.23252E-02    1.44564E+00    1.89933E+00    1.81682E+00
    1.31320E+02    1.18482E+03    1.77142E+01    4.29225E+02    6.98650E-02   -2.51665E-01    8.08057E-02    1.47994E+00    1.96585E+00    1.89933E+00
    1.33262E+02    1.19830E+03    1.34717E+01    4.39901E+02    5.17734E-02   -2.25721E-01    2.86930E-02    1.40814E+00    1.84888E+00    1.56044E+00
    1.35225E+02    1.21536E+03    1.70636E+01    4.45329E+02    6.39033E-02   -2.42705E-01    7.06951E-02    1.46939E+00    1.94865E+00    1.84888E+00
    1.37211E+02    1.22861E+03    1.32519E+01    4.56371E+02    4.83637E-02   -2.18214E-01    2.73186E-02    1.40409E+00    1.83986E+00    1.55407E+00
    1.39219E+02    1.24494E+03    1.63258E+01    4.61986E+02    5.80664E-02   -2.30970E-01    6.86979E-02    1.45844E+00    1.92489E+00    1.83986E+00
    1.41250E+02    1.26384E+03    1.89031E+01    4.67664E+02    6.55261E-02   -2.44144E-01    7.69396E-02    1.49290E+00    1.99152E+00    1.92489E+00
    1.43304E+02    1.27801E+03    1.41708E+01    4.79214E+02    4.78770E-02   -2.17119E-01    2.71329E-02    1.41663E+00    1.86508E+00    1.57244E+00
    1.45381E+02    1.29536E+03    1.73532E+01    4.85087E+02    5.71454E-02   -2.29217E-01    6.78606E-02    1.47099E+00    1.94978E+00    1.86508E+00
    1.47482E+02    1.31535E+03    1.99841E+01    4.91026E+02    6.41468E-02   -2.41686E-01    7.57290E-02    1.50503E+00    2.01556E+00    1.94978E+00
    1.49606E+02    1.33020E+03    1.48522E+01    5.03107E+02    4.64721E-02   -2.13939E-01    2.64971E-02    1.42527E+00    1.88229E+00    1.58442E+00
    1.51754E+02    1.34818E+03    1.79834E+01    5.09249E+02    5.48529E-02   -2.24547E-01    6.65717E-02    1.47792E+00    1.96303E+00    1.88229E+00
    1.53927E+02    1.36828E+03    2.00943E+01    5.15462E+02    5.97514E-02   -2.32786E-01    7.45802E-02    1.50489E+00    2.01348E+00    1.96303E+00
    1.56124E+02    1.39076E+03    2.24849E+01    5.21744E+02    6.51825E-02   -2.43324E-01    7.73058E-02    1.53323E+00    2.07085E+00    2.01348E+00
    1.58346E+02    1.40736E+03    1.66015E+01    5.34523E+02    4.69211E-02   -2.15031E-01    2.61290E-02    1.44756E+00    1.92804E+00    1.61357E+00
    1.60593E+02    1.42758E+03    2.02154E+01    5.41021E+02    5.57063E-02   -2.26619E-01    6.59539E-02    1.50427E+00    2.01636E+00    1.92804E+00
    1.62866E+02    1.45075E+03    2.31673E+01    5.47592E+02    6.22467E-02   -2.38453E-01    7.33952E-02    1.53945E+00    2.08437E+00    2.01636E+00
    1.65164E+02    1.46798E+03    1.72320E+01    5.60958E+02    4.51450E-02   -2.10975E-01    2.51935E-02    1.45471E+00    1.94228E+00    1.62213E+00
    1.67488E+02    1.48877E+03    2.07933E+01    5.67755E+02    5.31190E-02   -2.21316E-01    6.43287E-02    1.50995E+00    2.02720E+00    1.94228E+00
    1.69838E+02    1.51193E+03    2.31586E+01    5.74628E+02    5.76907E-02   -2.29146E-01    7.19919E-02    1.53790E+00    2.07951E+00    2.02720E+00
    1.72215E+02    1.53774E+03    2.58105E+01    5.81579E+02    6.27011E-02   -2.39045E-01    7.45560E-02    1.56706E+00    2.13844E+00    2.07951E+00
    1.74619E+02    1.55671E+03    1.89727E+01    5.95718E+02    4.49476E-02   -2.10549E-01    2.48369E-02    1.47528E+00    1.98424E+00    1.64987E+00
    1.77050E+02    1.57954E+03    2.28250E+01    6.02907E+02    5.27357E-02   -2.20658E-01    6.36062E-02    1.53206E+00    2.07148E+00    1.98424E+00
    1.79508E+02    1.60491E+03    2.53662E+01    6.10178E+02    5.71584E-02   -2.28275E-01    7.10559E-02    1.56063E+00    2.12498E+00    2.07148E+00
    1.81994E+02    1.63313E+03    2.82213E+01    6.17531E+02    6.20223E-02   -2.37948E-01    7.35070E-02    1.59054E+00    2.18545E+00    2.12498E+00
    1.84509E+02    1.65390E+03    2.07752E+01    6.32487E+02    4.45325E-02   -2.09628E-01    2.42588E-02    1.49547E+00    2.02550E+00    1.67585E+00
    1.87052E+02    1.67887E+03    2.49634E+01    6.40091E+02    5.21930E-02   -2.19694E-01    6.26688E-02    1.55424E+00    2.11600E+00    2.02550E+00
    1.89623E+02    1.70658E+03    2.77172E+01    6.47782E+02    5.65260E-02   -2.27218E-01    6.99854E-02    1.58377E+00    2.17133E+00    2.11600E+00
    1.92223E+02    1.73739E+03    3.08075E+01    6.55560E+02    6.12858E-02   -2.36742E-01    7.23811E-02    1.61466E+00    2.23377E+00    2.17133E+00
    1.94853E+02    1.76012E+03    2.27293E+01    6.71380E+02    4.41070E-02   -2.08677E-01    2.36785E-02    1.51642E+00    2.06830E+00    1.70267E+00
    1.97513E+02    1.78740E+03    2.72816E+01    6.79424E+02    5.16445E-02   -2.18709E-01    6.17307E-02    1.57727E+00    2.16222E+00    2.06830E+00
    2.00203E+02    1.81767E+03    3.02643E+01    6.87560E+02    5.58894E-02   -2.26140E-01    6.89221E-02    1.60778E+00    2.21944E+00    2.16222E+00
    2.02923E+02    1.85127E+03    3.36040E+01    6.95787E+02    6.05411E-02   -2.35504E-01    7.12671E-02    1.63966E+00    2.28385E+00    2.21944E+00
    2.05673E+02    1.87610E+03    2.48349E+01    7.12521E+02    4.36509E-02   -2.07645E-01    2.31143E-02    1.53804E+00    2.11244E+00    1.73036E+00
    2.08455E+02    1.90587E+03    2.97647E+01    7.21030E+02    5.10408E-02   -2.17588E-01    6.07964E-02    1.60089E+00    2.20959E+00    2.11244E+00
    2.11269E+02    1.93884E+03    3.29688E+01    7.29636E+02    5.51591E-02   -2.24844E-01    6.78545E-02    1.63220E+00    2.26831E+00    2.20959E+00
    2.14114E+02    1.97537E+03    3.65334E+01    7.38338E+02    5.96368E-02   -2.33917E-01    7.01388E-02    1.66474E+00    2.33400E+00    2.26831E+00
    2.16991E+02    2.00230E+03    2.69327E+01    7.56040E+02    4.28970E-02   -2.05881E-01    2.25853E-02    1.55865E+00    2.15435E+00    1.75743E+00
    2.19901E+02    2.03441E+03    3.21013E+01    7.65041E+02    4.98891E-02   -2.15203E-01    5.98060E-02    1.62205E+00    2.25176E+00    2.15435E+00
    2.22843E+02    2.06959E+03    3.51844E+01    7.74144E+02    5.33556E-02   -2.21138E-01    6.67365E-02    1.65106E+00    2.30545E+00    2.25176E+00
    2.25819E+02    2.10749E+03    3.78974E+01    7.83349E+02    5.60787E-02   -2.26457E-01    6.92535E-02    1.67505E+00    2.35275E+00    2.30545E+00
    2.28829E+02    2.14900E+03    4.15099E+01    7.92659E+02    5.99391E-02   -2.34517E-01    7.02914E-02    1.70568E+00    2.41543E+00    2.35275E+00
    2.31872E+02    2.17937E+03    3.03753E+01    8.11595E+02    4.28017E-02   -2.05683E-01    2.22772E-02    1.59108E+00    2.22060E+00    1.80082E+00
    2.34950E+02    2.21542E+03    3.60451E+01    8.21224E+02    4.95655E-02   -2.14606E-01    5.92434E-02    1.65653E+00    2.32079E+00    2.22060E+00
    2.38063E+02    2.25470E+03    3.92791E+01    8.30961E+02    5.27107E-02   -2.19894E-01    6.60094E-02    1.68520E+00    2.37351E+00    2.32079E+00
    2.41211E+02    2.29657E+03    4.18768E+01    8.40809E+02    5.48436E-02   -2.23957E-01    6.84596E-02    1.70687E+00    2.41583E+00    2.37351E+00
    2.44394E+02    2.34120E+03    4.46282E+01    8.50768E+02    5.70410E-02   -2.28423E-01    6.97430E-02    1.72902E+00    2.46028E+00    2.41583E+00
    2.47614E+02    2.38983E+03    4.86275E+01    8.60839E+02    6.06591E-02   -2.36044E-01    7.03014E-02    1.76015E+00    2.52435E+00    2.46028E+00
    2.50870E+02    2.42543E+03    3.55989E+01    8.81325E+02    4.33410E-02   -2.07021E-01    2.19855E-02    1.63702E+00    2.31482E+00    1.86094E+00
    2.54162E+02    2.46768E+03    4.22541E+01    8.91741E+02    5.02097E-02   -2.16179E-01    5.89591E-02    1.70752E+00    2.42331E+00    2.31482E+00
    2.57492E+02    2.51385E+03    4.61702E+01    9.02276E+02    5.35485E-02   -2.21897E-01    6.56505E-02    1.73945E+00    2.48247E+00    2.42331E+00
    2.60859E+02    2.56346E+03    4.96112E+01    9.12929E+02    5.61620E-02   -2.27013E-01    6.80241E-02    1.76588E+00    2.53462E+00    2.48247E+00
    2.64265E+02    2.61767E+03    5.42084E+01    9.23703E+02    5.98985E-02   -2.34820E-01    6.89776E-02    1.79977E+00    2.60394E+00    2.53462E+00
    2.67709E+02    2.65748E+03    3.98062E+01    9.45618E+02    4.29336E-02   -2.06089E-01    2.14716E-02    1.67145E+00    2.38520E+00    1.90540E+00
    2.71192E+02    2.70460E+03    4.71224E+01    9.56761E+02    4.96113E-02   -2.15016E-01    5.81319E-02    1.74466E+00    2.49774E+00    2.38520E+00
    2.74714E+02    2.75585E+03    5.12543E+01    9.68030E+02    5.26743E-02   -2.20194E-01    6.47232E-02    1.77651E+00    2.55644E+00    2.49774E+00
    2.78276E+02    2.81041E+03    5.45513E+01    9.79426E+02    5.47266E-02   -2.24113E-01    6.70806E-02    1.80050E+00    2.60329E+00    2.55644E+00
    2.81878E+02    2.86843E+03    5.80233E+01    9.90952E+02    5.68238E-02   -2.28383E-01    6.83009E-02    1.82489E+00    2.65222E+00    2.60329E+00
    2.85521E+02    2.93148E+03    6.30510E+01    1.00261E+03    6.02786E-02   -2.35675E-01    6.88179E-02    1.85907E+00    2.72246E+00    2.65222E+00
    2.89205E+02    2.97765E+03    4.61653E+01    1.02631E+03    4.30863E-02   -2.06489E-01    2.11758E-02    1.72043E+00    2.48545E+00    1.97004E+00
    2.92931E+02    3.03213E+03    5.44869E+01    1.03837E+03    4.96450E-02   -2.15210E-01    5.77021E-02    1.79761E+00    2.60395E+00    2.48545E+00
    2.96699E+02    3.09119E+03    5.90582E+01    1.05056E+03    5.25331E-02   -2.20034E-01    6.41743E-02    1.83032E+00    2.66404E+00    2.60395E+00
    3.00509E+02    3.15373E+03    6.25381E+01    1.06289E+03    5.43095E-02   -2.23367E-01    6.64561E-02    1.85385E+00    2.70976E+00    2.66404E+00
    3.04363E+02    3.21960E+03    6.58741E+01    1.07536E+03    5.58511E-02   -2.26438E-01    6.76527E-02    1.87566E+00    2.75315E+00    2.70976E+00
    3.08260E+02    3.28930E+03    6.97001E+01    1.08797E+03    5.76960E-02   -2.30248E-01    6.84225E-02    1.90003E+00    2.80236E+00    2.75315E+00
    3.12201E+02    3.36479E+03    7.54841E+01    1.10072E+03    6.10056E-02   -2.37240E-01    6.87239E-02    1.93580E+00    2.87604E+00    2.80236E+00
    3.16187E+02    3.42004E+03    5.52518E+01    1.12666E+03    4.35985E-02   -2.07752E-01    2.09236E-02    1.78490E+00    2.61758E+00    2.05473E+00
    3.20217E+02    3.48514E+03    6.51061E+01    1.13985E+03    5.01610E-02   -2.16469E-01    5.74658E-02    1.86813E+00    2.74555E+00    2.61758E+00
    3.24294E+02    3.55563E+03    7.04832E+01    1.15318E+03    5.30220E-02   -2.21231E-01    6.38658E-02    1.90322E+00    2.81007E+00    2.74555E+00
    3.28416E+02    3.63019E+03    7.45645E+01    1.16667E+03    5.47692E-02   -2.24499E-01    6.61002E-02    1.92843E+00    2.85908E+00    2.81007E+00
    3.32585E+02    3.70866E+03    7.84724E+01    1.18031E+03    5.62812E-02   -2.27502E-01    6.72624E-02    1.95179E+00    2.90554E+00    2.85908E+00
    3.36801E+02    3.79162E+03    8.29521E+01    1.19411E+03    5.80929E-02   -2.31232E-01    6.80047E-02    1.97788E+00    2.95822E+00    2.90554E+00
    3.41064E+02    3.88134E+03    8.97258E+01    1.20806E+03    6.13578E-02   -2.38107E-01    6.82861E-02    2.01620E+00    3.03709E+00    2.95822E+00
    3.45376E+02    3.94708E+03    6.57374E+01    1.23644E+03    4.38964E-02   -2.08498E-01    2.06132E-02    1.85299E+00    2.75704E+00    2.14382E+00
    3.49737E+02    4.02439E+03    7.73146E+01    1.25087E+03    5.04138E-02   -2.17149E-01    5.70966E-02    1.94237E+00    2.89457E+00    2.75704E+00
    3.54147E+02    4.10792E+03    8.35243E+01    1.26546E+03    5.31838E-02   -2.21725E-01    6.34186E-02    1.97947E+00    2.96272E+00    2.89457E+00
    3.58606E+02    4.19603E+03    8.81114E+01    1.28022E+03    5.47877E-02   -2.24687E-01    6.56005E-02    2.00544E+00    3.01309E+00    2.96272E+00
    3.63116E+02    4.28833E+03    9.23017E+01    1.29514E+03    5.60471E-02   -2.27146E-01    6.67229E-02    2.02843E+00    3.05862E+00    3.01309E+00
    3.67677E+02    4.38500E+03    9.66676E+01    1.31023E+03    5.73223E-02   -2.29720E-01    6.74618E-02    2.05180E+00    3.10544E+00    3.05862E+00
    3.72290E+02    4.48688E+03    1.01885E+02    1.32550E+03    5.90006E-02   -2.33188E-01    6.80011E-02    2.07911E+00    3.16073E+00    3.10544E+00
    3.76954E+02    4.59684E+03    1.09955E+02    1.34093E+03    6.21837E-02   -2.39867E-01    6.81716E-02    2.12020E+00    3.24538E+00    3.16073E+00
    3.81672E+02    4.67744E+03    8.06001E+01    1.37233E+03    4.45158E-02   -2.10001E-01    2.03793E-02    1.94081E+00    2.93702E+00    2.25894E+00
    3.86442E+02    4.77209E+03    9.46529E+01    1.38830E+03    5.10550E-02   -2.18666E-01    5.69208E-02    2.03843E+00    3.08747E+00    2.93702E+00
    3.91267E+02    4.87423E+03    1.02137E+02    1.40444E+03    5.38047E-02   -2.23187E-01    6.31836E-02    2.07874E+00    3.16157E+00    3.08747E+00
    3.96146E+02    4.98187E+03    1.07643E+02    1.42077E+03    5.53810E-02   -2.26084E-01    6.53241E-02    2.10688E+00    3.21616E+00    3.16157E+00
    4.01080E+02    5.09453E+03    1.12660E+02    1.43728E+03    5.66095E-02   -2.28470E-01    6.64145E-02    2.13174E+00    3.26540E+00    3.21616E+00
    4.06070E+02    5.21241E+03    1.17878E+02    1.45398E+03    5.78499E-02   -2.30963E-01    6.71256E-02    2.15699E+00    3.31596E+00    3.26540E+00
    4.11116E+02    5.33652E+03    1.24107E+02    1.47087E+03    5.94870E-02   -2.34333E-01    6.76388E-02    2.18646E+00    3.37563E+00    3.31596E+00
    4.16220E+02    5.47027E+03    1.33750E+02    1.48795E+03    6.26152E-02   -2.40874E-01    6.77875E-02    2.23085E+00    3.46703E+00    3.37563E+00
    4.21381E+02    5.56835E+03    9.80809E+01    1.52269E+03    4.48475E-02   -2.10817E-01    2.00925E-02    2.03426E+00    3.12841E+00    2.38129E+00
    4.26600E+02    5.68328E+03    1.14934E+02    1.54035E+03    5.13308E-02   -2.19384E-01    5.65801E-02    2.14014E+00    3.29162E+00    3.12841E+00
    4.31879E+02    5.80702E+03    1.23733E+02    1.55821E+03    5.39750E-02   -2.23688E-01    6.27579E-02    2.18306E+00    3.37040E+00    3.29162E+00
    4.37217E+02    5.93704E+03    1.30023E+02    1.57628E+03    5.54002E-02   -2.26267E-01    6.48346E-02    2.21221E+00    3.42681E+00    3.37040E+00
    4.42615E+02    6.07255E+03    1.35513E+02    1.59455E+03    5.63980E-02   -2.28166E-01    6.58652E-02    2.23691E+00    3.47555E+00    3.42681E+00
    4.48074E+02    6.21338E+03    1.40823E+02    1.61303E+03    5.72470E-02   -2.29831E-01    6.65189E-02    2.26027E+00    3.52203E+00    3.47555E+00
    4.53595E+02    6.35970E+03    1.46319E+02    1.63171E+03    5.81008E-02   -2.31540E-01    6.70092E-02    2.28396E+00    3.56947E+00    3.52203E+00
    4.59179E+02    6.51211E+03    1.52416E+02    1.65061E+03    5.91176E-02   -2.33607E-01    6.74187E-02    2.30976E+00    3.62141E+00    3.56947E+00
    4.64825E+02    6.67208E+03    1.59964E+02    1.66972E+03    6.06068E-02   -2.36677E-01    6.77558E-02    2.34109E+00    3.68499E+00    3.62141E+00
    4.70535E+02    6.84401E+03    1.71932E+02    1.68904E+03    6.36318E-02   -2.42973E-01    6.77921E-02    2.38951E+00    3.78475E+00    3.68499E+00
    4.76310E+02    6.97002E+03    1.26011E+02    1.72835E+03    4.55560E-02   -2.12509E-01    1.99002E-02    2.16762E+00    3.40171E+00    2.55654E+00
    4.82150E+02    7.11739E+03    1.47367E+02    1.74834E+03    5.20435E-02   -2.21031E-01    5.64690E-02    2.28561E+00    3.58370E+00    3.40171E+00
    4.88056E+02    7.27575E+03    1.58367E+02    1.76855E+03    5.46342E-02   -2.25207E-01    6.25783E-02    2.33288E+00    3.67044E+00    3.58370E+00
    4.94029E+02    7.44189E+03    1.66133E+02    1.78899E+03    5.59876E-02   -2.27628E-01    6.45991E-02    2.36463E+00    3.73185E+00    3.67044E+00
    5.00069E+02    7.61471E+03    1.72825E+02    1.80967E+03    5.68964E-02   -2.29337E-01    6.55805E-02    2.39123E+00    3.78427E+00    3.73185E+00
    5.06178E+02    7.79390E+03    1.79189E+02    1.83057E+03    5.76285E-02   -2.30755E-01    6.61868E-02    2.41597E+00    3.83346E+00    3.78427E+00
    5.12356E+02    7.97951E+03    1.85607E+02    1.85172E+03    5.83138E-02   -2.32109E-01    6.66293E-02    2.44044E+00    3.88237E+00    3.83346E+00
    5.18603E+02    8.17191E+03    1.92399E+02    1.87310E+03    5.90523E-02   -2.33590E-01    6.69939E-02    2.46590E+00    3.93342E+00    3.88237E+00
    5.24921E+02    8.37194E+03    2.00034E+02    1.89472E+03    5.99789E-02   -2.35472E-01    6.73178E-02    2.49402E+00    3.99009E+00    3.93342E+00
    5.31310E+02    8.58152E+03    2.09577E+02    1.91659E+03    6.13910E-02   -2.38375E-01    6.75902E-02    2.52853E+00    4.06015E+00    3.99009E+00
    5.37772E+02    8.80636E+03    2.24843E+02    1.93871E+03    6.43443E-02   -2.44495E-01    6.75771E-02    2.58237E+00    4.17106E+00    4.06015E+00
    5.44306E+02    8.97117E+03    1.64810E+02    1.98369E+03    4.60776E-02   -2.13755E-01    1.96590E-02    2.33017E+00    3.73482E+00    2.76985E+00
    5.50915E+02    9.16354E+03    1.92370E+02    2.00656E+03    5.25440E-02   -2.22220E-01    5.62346E-02    2.46291E+00    3.93968E+00    3.73482E+00
    5.57598E+02    9.36990E+03    2.06364E+02    2.02970E+03    5.50682E-02   -2.26254E-01    6.22674E-02    2.51541E+00    4.03599E+00    3.93968E+00
    5.64357E+02    9.58600E+03    2.16099E+02    2.05309E+03    5.63387E-02   -2.28502E-01    6.42300E-02    2.55022E+00    4.10326E+00    4.03599E+00
    5.71192E+02    9.81036E+03    2.24359E+02    2.07675E+03    5.71467E-02   -2.30002E-01    6.51595E-02    2.57896E+00    4.15986E+00    4.10326E+00
    5.78104E+02    1.00424E+04    2.32070E+02    2.10067E+03    5.77513E-02   -2.31156E-01    6.57135E-02    2.60523E+00    4.21201E+00    4.15986E+00
    5.85094E+02    1.02821E+04    2.39643E+02    2.12487E+03    5.82649E-02   -2.32155E-01    6.61001E-02    2.63056E+00    4.26252E+00    4.21201E+00
    5.92163E+02    1.05294E+04    2.47332E+02    2.14934E+03    5.87525E-02   -2.33116E-01    6.64035E-02    2.65586E+00    4.31310E+00    4.26252E+00
    5.99313E+02    1.07848E+04    2.55364E+02    2.17408E+03    5.92673E-02   -2.34143E-01    6.66653E-02    2.68188E+00    4.36522E+00    4.31310E+00
    6.06543E+02    1.10488E+04    2.64046E+02    2.19911E+03    5.98751E-02   -2.35369E-01    6.69082E-02    2.70956E+00    4.42084E+00    4.36522E+00
    6.13854E+02    1.13228E+04    2.73941E+02    2.22441E+03    6.06933E-02   -2.37034E-01    6.71417E-02    2.74062E+00    4.48348E+00    4.42084E+00
    6.21249E+02    1.16092E+04    2.86450E+02    2.25001E+03    6.20087E-02   -2.39737E-01    6.73423E-02    2.77921E+00    4.56186E+00    4.48348E+00
    6.28727E+02    1.19159E+04    3.06686E+02    2.27589E+03    6.48667E-02   -2.45644E-01    6.72723E-02    2.84011E+00    4.68733E+00    4.56186E+00
    6.36289E+02    1.21406E+04    2.24755E+02    2.32854E+03    4.64476E-02   -2.14643E-01    1.93928E-02    2.54715E+00    4.17948E+00    3.05477E+00
    6.43937E+02    1.24025E+04    2.61813E+02    2.35531E+03    5.28659E-02   -2.23025E-01    5.59086E-02    2.69952E+00    4.41476E+00    4.17948E+00
    6.51671E+02    1.26828E+04    2.80354E+02    2.38238E+03    5.53129E-02   -2.26908E-01    6.18505E-02    2.75901E+00    4.52383E+00    4.41476E+00
    6.59493E+02    1.29759E+04    2.93079E+02    2.40976E+03    5.64994E-02   -2.28988E-01    6.37487E-02    2.79798E+00    4.59911E+00    4.52383E+00
    6.67403E+02    1.32796E+04    3.03750E+02    2.43745E+03    5.72159E-02   -2.30304E-01    6.46230E-02    2.82982E+00    4.66176E+00    4.59911E+00
    6.75402E+02    1.35932E+04    3.13592E+02    2.46545E+03    5.77179E-02   -2.31250E-01    6.51243E-02    2.85860E+00    4.71886E+00    4.66176E+00
    6.83492E+02    1.39164E+04    3.23126E+02    2.49376E+03    5.81123E-02   -2.32008E-01    6.54570E-02    2.88600E+00    4.77344E+00    4.71886E+00
    6.91673E+02    1.42490E+04    3.32634E+02    2.52240E+03    5.84539E-02   -2.32674E-01    6.57034E-02    2.91290E+00    4.82715E+00    4.77344E+00
    6.99947E+02    1.45913E+04    3.42307E+02    2.55136E+03    5.87787E-02   -2.33314E-01    6.59029E-02    2.93987E+00    4.88108E+00    4.82715E+00
    7.08314E+02    1.49436E+04    3.52330E+02    2.58065E+03    5.91171E-02   -2.33989E-01    6.60775E-02    2.96741E+00    4.93624E+00    4.88108E+00
    7.16776E+02    1.53066E+04    3.62934E+02    2.61027E+03    5.95049E-02   -2.34770E-01    6.62416E-02    2.99614E+00    4.99386E+00    4.93624E+00
    7.25333E+02    1.56811E+04    3.74493E+02    2.64022E+03    5.99978E-02   -2.35772E-01    6.64043E-02    3.02702E+00    5.05593E+00    4.99386E+00
    7.33987E+02    1.60688E+04    3.87766E+02    2.67052E+03    6.07058E-02   -2.37222E-01    6.65683E-02    3.06196E+00    5.12642E+00    5.05593E+00
    7.42739E+02    1.64735E+04    4.04679E+02    2.70115E+03    6.19075E-02   -2.39704E-01    6.67062E-02    3.10573E+00    5.21536E+00    5.12642E+00
    7.51590E+02    1.69058E+04    4.32333E+02    2.73213E+03    6.46288E-02   -2.45348E-01    6.65832E-02    3.17561E+00    5.35931E+00    5.21536E+00
    7.60540E+02    1.72225E+04    3.16634E+02    2.79515E+03    4.62534E-02   -2.14223E-01    1.90221E-02    2.82923E+00    4.75745E+00    3.42521E+00
    7.69592E+02    1.75905E+04    3.68019E+02    2.82719E+03    5.25338E-02   -2.22443E-01    5.52537E-02    3.00675E+00    5.03158E+00    4.75745E+00
    7.78746E+02    1.79838E+04    3.93277E+02    2.85960E+03    5.48595E-02   -2.26121E-01    6.10630E-02    3.07495E+00    5.15652E+00    5.03158E+00
    7.88004E+02    1.83941E+04    4.10323E+02    2.89237E+03    5.59327E-02   -2.27989E-01    6.28781E-02    3.11896E+00    5.24145E+00    5.15652E+00
    7.97366E+02    1.88185E+04    4.24411E+02    2.92551E+03    5.65350E-02   -2.29084E-01    6.36843E-02    3.15444E+00    5.31122E+00    5.24145E+00
    8.06834E+02    1.92557E+04    4.37236E+02    2.95902E+03    5.69167E-02   -2.29794E-01    6.41216E-02    3.18613E+00    5.37404E+00    5.31122E+00
    8.16409E+02    1.97052E+04    4.49494E+02    2.99292E+03    5.71801E-02   -2.30291E-01    6.43903E-02    3.21594E+00    5.43336E+00    5.37404E+00
    8.26092E+02    2.01668E+04    4.61530E+02    3.02720E+03    5.73747E-02   -2.30663E-01    6.45699E-02    3.24478E+00    5.49088E+00    5.43336E+00
    8.35885E+02    2.06403E+04    4.73544E+02    3.06186E+03    5.75284E-02   -2.30960E-01    6.46982E-02    3.27317E+00    5.54758E+00    5.49088E+00
    8.45788E+02    2.11260E+04    4.85668E+02    3.09692E+03    5.76590E-02   -2.31215E-01    6.47950E-02    3.30145E+00    5.60411E+00    5.54758E+00
    8.55803E+02    2.16240E+04    4.98014E+02    3.13237E+03    5.77798E-02   -2.31455E-01    6.48724E-02    3.32988E+00    5.66097E+00    5.60411E+00
    8.65932E+02    2.21347E+04    5.10688E+02    3.16823E+03    5.79030E-02   -2.31702E-01    6.49385E-02    3.35871E+00    5.71865E+00    5.66097E+00
    8.76174E+02    2.26585E+04    5.23819E+02    3.20448E+03    5.80416E-02   -2.31984E-01    6.49992E-02    3.38820E+00    5.77772E+00    5.71865E+00
    8.86533E+02    2.31961E+04    5.37587E+02    3.24115E+03    5.82133E-02   -2.32337E-01    6.50596E-02    3.41874E+00    5.83893E+00    5.77772E+00
    8.97009E+02    2.37484E+04    5.52277E+02    3.27824E+03    5.84452E-02   -2.32818E-01    6.51244E-02    3.45092E+00    5.90353E+00    5.83893E+00
    9.07603E+02    2.43168E+04    5.68413E+02    3.31574E+03    5.87864E-02   -2.33529E-01    6.51976E-02    3.48582E+00    5.97371E+00    5.90353E+00
    9.18316E+02    2.49039E+04    5.87092E+02    3.35366E+03    5.93393E-02   -2.34687E-01    6.52780E-02    3.52567E+00    6.05416E+00    5.97371E+00
    9.29151E+02    2.55150E+04    6.11156E+02    3.39202E+03    6.03690E-02   -2.36855E-01    6.53371E-02    3.57621E+00    6.15688E+00    6.05416E+00
    9.40108E+02    2.61662E+04    6.51131E+02    3.43080E+03    6.28578E-02   -2.42103E-01    6.51467E-02    3.65824E+00    6.32590E+00    6.15688E+00
    9.51189E+02    2.66422E+04    4.76019E+02    3.50970E+03    4.49103E-02   -2.11116E-01    1.84438E-02    3.23373E+00    5.58625E+00    3.95721E+00
    9.62395E+02    2.71939E+04    5.51777E+02    3.54982E+03    5.08767E-02   -2.19015E-01    5.39349E-02    3.44670E+00    5.91482E+00    5.58625E+00
    9.73728E+02    2.77821E+04    5.88158E+02    3.59039E+03    5.30011E-02   -2.22391E-01    5.95271E-02    3.52675E+00    6.06123E+00    5.91482E+00
    9.85189E+02    2.83943E+04    6.12166E+02    3.63142E+03    5.39136E-02   -2.23976E-01    6.12230E-02    3.57736E+00    6.15875E+00    6.06123E+00
    9.96779E+02    2.90259E+04    6.31661E+02    3.67291E+03    5.43692E-02   -2.24795E-01    6.19374E-02    3.61751E+00    6.23762E+00    6.15875E+00
    1.00850E+03    2.96751E+04    6.49158E+02    3.71487E+03    5.46088E-02   -2.25230E-01    6.22927E-02    3.65292E+00    6.30776E+00    6.23762E+00
    1.02035E+03    3.03408E+04    6.65683E+02    3.75731E+03    5.47299E-02   -2.25446E-01    6.24829E-02    3.68587E+00    6.37328E+00    6.30776E+00
    1.03234E+03    3.10225E+04    6.81728E+02    3.80022E+03    5.47792E-02   -2.25527E-01    6.25849E-02    3.71744E+00    6.43619E+00    6.37328E+00
    1.04447E+03    3.17201E+04    6.97566E+02    3.84362E+03    5.47822E-02   -2.25520E-01    6.26346E-02    3.74821E+00    6.49760E+00    6.43619E+00
    1.05673E+03    3.24334E+04    7.13360E+02    3.88751E+03    5.47538E-02   -2.25452E-01    6.26508E-02    3.77853E+00    6.55816E+00    6.49760E+00
    1.06912E+03    3.31627E+04    7.29222E+02    3.93190E+03    5.47041E-02   -2.25344E-01    6.26446E-02    3.80864E+00    6.61833E+00    6.55816E+00
    1.08166E+03    3.39079E+04    7.45240E+02    3.97679E+03    5.46402E-02   -2.25208E-01    6.26228E-02    3.83871E+00    6.67843E+00    6.61833E+00
    1.09434E+03    3.46694E+04    7.61487E+02    4.02218E+03    5.45679E-02   -2.25056E-01    6.25900E-02    3.86887E+00    6.73875E+00    6.67843E+00
    1.10717E+03    3.54474E+04    7.78039E+02    4.06809E+03    5.44924E-02   -2.24900E-01    6.25498E-02    3.89927E+00    6.79956E+00    6.73875E+00
    1.12014E+03    3.62424E+04    7.94982E+02    4.11452E+03    5.44195E-02   -2.24750E-01    6.25049E-02    3.93006E+00    6.86117E+00    6.79956E+00
    1.13325E+03    3.70548E+04    8.12428E+02    4.16147E+03    5.43559E-02   -2.24622E-01    6.24578E-02    3.96142E+00    6.92396E+00    6.86117E+00
    1.14652E+03    3.78854E+04    8.30536E+02    4.20895E+03    5.43109E-02   -2.24534E-01    6.24113E-02    3.99363E+00    6.98848E+00    6.92396E+00
    1.15993E+03    3.87349E+04    8.49554E+02    4.25697E+03    5.42985E-02   -2.24519E-01    6.23680E-02    4.02710E+00    7.05558E+00    6.98848E+00
    1.17349E+03    3.96048E+04    8.69897E+02    4.30553E+03    5.43420E-02   -2.24626E-01    6.23309E-02    4.06251E+00    7.12667E+00    7.05558E+00
    1.18721E+03    4.04972E+04    8.92345E+02    4.35464E+03    5.44845E-02   -2.24951E-01    6.23028E-02    4.10115E+00    7.20442E+00    7.12667E+00
    1.20109E+03    4.14157E+04    9.18559E+02    4.40431E+03    5.48178E-02   -2.25696E-01    6.22818E-02    4.14574E+00    7.29448E+00    7.20442E+00
    1.21512E+03    4.23686E+04    9.52866E+02    4.45454E+03    5.55805E-02   -2.27391E-01    6.22407E-02    4.20327E+00    7.41150E+00    7.29448E+00
    1.22930E+03    4.33799E+04    1.01133E+03    4.50533E+03    5.76584E-02   -2.31989E-01    6.19653E-02    4.29920E+00    7.60928E+00    7.41150E+00
    1.24365E+03    4.41162E+04    7.36309E+02    4.60865E+03    4.10307E-02   -2.01813E-01    1.73856E-02    3.76761E+00    6.67967E+00    4.66067E+00
    1.25816E+03    4.49665E+04    8.50313E+02    4.66118E+03    4.63138E-02   -2.09052E-01    5.10996E-02    4.02513E+00    7.07573E+00    6.67967E+00
    1.27284E+03    4.58696E+04    9.03052E+02    4.71431E+03    4.80759E-02   -2.11913E-01    5.62910E-02    4.11846E+00    7.24576E+00    7.07573E+00
    1.28768E+03    4.68061E+04    9.36518E+02    4.76804E+03    4.87323E-02   -2.13055E-01    5.77918E-02    4.17533E+00    7.35501E+00    7.24576E+00
    1.30269E+03    4.77689E+04    9.62826E+02    4.82238E+03    4.89706E-02   -2.13458E-01    5.83649E-02    4.21909E+00    7.44078E+00    7.35501E+00
    1.31787E+03    4.87548E+04    9.85835E+02    4.87733E+03    4.90096E-02   -2.13485E-01    5.85978E-02    4.25677E+00    7.51528E+00    7.44078E+00
    1.33322E+03    4.97619E+04    1.00710E+03    4.93290E+03    4.89375E-02   -2.13296E-01    5.86733E-02    4.29115E+00    7.58356E+00    7.51528E+00
    1.34874E+03    5.07892E+04    1.02737E+03    4.98910E+03    4.87965E-02   -2.12967E-01    5.86635E-02    4.32354E+00    7.64803E+00    7.58356E+00
    1.36444E+03    5.18363E+04    1.04704E+03    5.04593E+03    4.86090E-02   -2.12544E-01    5.86020E-02    4.35462E+00    7.70999E+00    7.64803E+00
    1.38031E+03    5.29026E+04    1.06632E+03    5.10341E+03    4.83881E-02   -2.12050E-01    5.85064E-02    4.38480E+00    7.77020E+00    7.70999E+00
    1.39637E+03    5.39880E+04    1.08536E+03    5.16154E+03    4.81419E-02   -2.11502E-01    5.83867E-02    4.41432E+00    7.82912E+00    7.77020E+00
    1.41261E+03    5.50922E+04    1.10425E+03    5.22032E+03    4.78758E-02   -2.10910E-01    5.82488E-02    4.44333E+00    7.88705E+00    7.82912E+00
    1.42903E+03    5.62153E+04    1.12305E+03    5.27977E+03    4.75934E-02   -2.10281E-01    5.80967E-02    4.47195E+00    7.94421E+00    7.88705E+00
    1.44563E+03    5.73571E+04    1.14179E+03    5.33989E+03    4.72974E-02   -2.09621E-01    5.79331E-02    4.50024E+00    8.00072E+00    7.94421E+00
    1.46243E+03    5.85176E+04    1.16051E+03    5.40068E+03    4.69899E-02   -2.08935E-01    5.77597E-02    4.52825E+00    8.05669E+00    8.00072E+00
    1.47941E+03    5.96968E+04    1.17923E+03    5.46217E+03    4.66724E-02   -2.08224E-01    5.75780E-02    4.55603E+00    8.11220E+00    8.05669E+00
    1.49658E+03    6.08948E+04    1.19797E+03    5.52435E+03    4.63462E-02   -2.07491E-01    5.73889E-02    4.58362E+00    8.16732E+00    8.11220E+00
    1.51395E+03    6.21115E+04    1.21674E+03    5.58723E+03    4.60124E-02   -2.06740E-01    5.71932E-02    4.61103E+00    8.22210E+00    8.16732E+00
    1.53152E+03    6.33471E+04    1.23557E+03    5.65083E+03    4.56723E-02   -2.05971E-01    5.69917E-02    4.63830E+00    8.27660E+00    8.22210E+00
    1.54928E+03    6.46016E+04    1.25446E+03    5.71514E+03    4.53267E-02   -2.05188E-01    5.67848E-02    4.66545E+00    8.33088E+00    8.27660E+00
    1.56725E+03    6.58750E+04    1.27344E+03    5.78018E+03    4.49770E-02   -2.04393E-01    5.65732E-02    4.69254E+00    8.38501E+00    8.33088E+00
    1.58541E+03    6.71675E+04    1.29255E+03    5.84595E+03    4.46245E-02   -2.03589E-01    5.63575E-02    4.71959E+00    8.43909E+00    8.38501E+00
    1.60379E+03    6.84794E+04    1.31182E+03    5.91247E+03    4.42707E-02   -2.02779E-01    5.61383E-02    4.74667E+00    8.49324E+00    8.43909E+00
    1.62237E+03    6.98107E+04    1.33132E+03    5.97974E+03    4.39178E-02   -2.01968E-01    5.59162E-02    4.77386E+00    8.54763E+00    8.49324E+00
    1.64116E+03    7.11618E+04    1.35113E+03    6.04777E+03    4.35687E-02   -2.01164E-01    5.56921E-02    4.80130E+00    8.60252E+00    8.54763E+00
    1.66016E+03    7.25332E+04    1.37139E+03    6.11656E+03    4.32275E-02   -2.00377E-01    5.54671E-02    4.82915E+00    8.65828E+00    8.60252E+00
    1.67938E+03    7.39255E+04    1.39232E+03    6.18614E+03    4.29002E-02   -1.99621E-01    5.52426E-02    4.85773E+00    8.71551E+00    8.65828E+00
    1.69881E+03    7.53398E+04    1.41427E+03    6.25650E+03    4.25967E-02   -1.98921E-01    5.50203E-02    4.88748E+00    8.77517E+00    8.71551E+00
    1.71847E+03    7.67777E+04    1.43787E+03    6.32766E+03    4.23337E-02   -1.98319E-01    5.48021E-02    4.91923E+00    8.83896E+00    8.77517E+00
    1.73834E+03    7.82420E+04    1.46429E+03    6.39962E+03    4.21425E-02   -1.97895E-01    5.45900E-02    4.95454E+00    8.91010E+00    8.83896E+00
    1.75845E+03    7.97381E+04    1.49612E+03    6.47239E+03    4.20906E-02   -1.97821E-01    5.43822E-02    4.99674E+00    8.99548E+00    8.91010E+00
    1.77877E+03    8.12782E+04    1.54007E+03    6.54598E+03    4.23532E-02   -1.98546E-01    5.41552E-02    5.05443E+00    9.11318E+00    8.99548E+00
    1.79933E+03    8.28994E+04    1.62121E+03    6.62041E+03    4.35830E-02   -2.01733E-01    5.37275E-02    5.15907E+00    9.32958E+00    9.11318E+00
    1.82012E+03    8.40642E+04    1.16486E+03    6.77180E+03    3.06112E-02   -1.74322E-01    1.49371E-02    4.46761E+00    8.11215E+00    5.59190E+00
    1.84115E+03    8.53991E+04    1.33488E+03    6.84878E+03    3.42910E-02   -1.79912E-01    4.38489E-02    4.77442E+00    8.57835E+00    8.11215E+00
    1.86241E+03    8.68054E+04    1.40626E+03    6.92663E+03    3.53133E-02   -1.81657E-01    4.81055E-02    4.87523E+00    8.75945E+00    8.57835E+00
    1.88391E+03    8.82518E+04    1.44644E+03    7.00536E+03    3.55065E-02   -1.81897E-01    4.91919E-02    4.92991E+00    8.86322E+00    8.75945E+00
    1.90566E+03    8.97264E+04    1.47465E+03    7.08497E+03    3.53860E-02   -1.81487E-01    4.94816E-02    4.96761E+00    8.93639E+00    8.86322E+00
    1.92765E+03    9.12234E+04    1.49698E+03    7.16549E+03    3.51153E-02   -1.80741E-01    4.94776E-02    4.99707E+00    8.99420E+00    8.93639E+00
    1.94989E+03    9.27393E+04    1.51589E+03    7.24692E+03    3.47605E-02   -1.79796E-01    4.93360E-02    5.02176E+00    9.04292E+00    8.99420E+00
    1.97238E+03    9.42719E+04    1.53253E+03    7.32927E+03    3.43531E-02   -1.78719E-01    4.91186E-02    5.04330E+00    9.08555E+00    9.04292E+00
    1.99513E+03    9.58194E+04    1.54750E+03    7.41255E+03    3.39100E-02   -1.77548E-01    4.88540E-02    5.06252E+00    9.12366E+00    9.08555E+00
    2.01813E+03    9.73805E+04    1.56113E+03    7.49677E+03    3.34408E-02   -1.76304E-01    4.85570E-02    5.07990E+00    9.15815E+00    9.12366E+00
    2.04139E+03    9.89541E+04    1.57361E+03    7.58194E+03    3.29518E-02   -1.75000E-01    4.82362E-02    5.09572E+00    9.18955E+00    9.15815E+00
    2.06492E+03    1.00539E+05    1.58507E+03    7.66807E+03    3.24469E-02   -1.73646E-01    4.78966E-02    5.11014E+00    9.21819E+00    9.18955E+00
    2.08871E+03    1.02135E+05    1.59557E+03    7.75518E+03    3.19290E-02   -1.72246E-01    4.75415E-02    5.12327E+00    9.24426E+00    9.21819E+00
    2.11277E+03    1.03740E+05    1.60514E+03    7.84327E+03    3.14000E-02   -1.70806E-01    4.71730E-02    5.13516E+00    9.26788E+00    9.24426E+00
    2.13710E+03    1.05354E+05    1.61381E+03    7.93236E+03    3.08614E-02   -1.69328E-01    4.67925E-02    5.14586E+00    9.28910E+00    9.26788E+00
    2.16171E+03    1.06975E+05    1.62158E+03    8.02245E+03    3.03144E-02   -1.67813E-01    4.64012E-02    5.15538E+00    9.30796E+00    9.28910E+00
    2.18659E+03    1.08604E+05    1.62843E+03    8.11356E+03    2.97598E-02   -1.66264E-01    4.59996E-02    5.16371E+00    9.32445E+00    9.30796E+00
    2.21176E+03    1.10238E+05    1.63436E+03    8.20570E+03    2.91983E-02   -1.64682E-01    4.55883E-02    5.17084E+00    9.33854E+00    9.32445E+00
    2.23721E+03    1.11877E+05    1.63934E+03    8.29888E+03    2.86306E-02   -1.63066E-01    4.51676E-02    5.17675E+00    9.35021E+00    9.33854E+00
    2.26295E+03    1.13521E+05    1.64336E+03    8.39312E+03    2.80572E-02   -1.61418E-01    4.47379E-02    5.18143E+00    9.35939E+00    9.35021E+00
    2.28898E+03    1.15167E+05    1.64637E+03    8.48842E+03    2.74786E-02   -1.59738E-01    4.42993E-02    5.18484E+00    9.36603E+00    9.35939E+00
    2.31530E+03    1.16815E+05    1.64836E+03    8.58480E+03    2.68951E-02   -1.58026E-01    4.38519E-02    5.18694E+00    9.37006E+00    9.36603E+00
    2.34192E+03    1.18465E+05    1.64929E+03    8.68226E+03    2.63071E-02   -1.56282E-01    4.33957E-02    5.18771E+00    9.37140E+00    9.37006E+00
    2.36884E+03    1.20114E+05    1.64913E+03    8.78083E+03    2.57150E-02   -1.54506E-01    4.29310E-02    5.18709E+00    9.36998E+00    9.37140E+00
    2.39607E+03    1.21762E+05    1.64785E+03    8.88051E+03    2.51192E-02   -1.52698E-01    4.24576E-02    5.18505E+00    9.36570E+00    9.36998E+00
    2.42360E+03    1.23407E+05    1.64540E+03    8.98132E+03    2.45199E-02   -1.50857E-01    4.19755E-02    5.18154E+00    9.35848E+00    9.36570E+00
    2.45145E+03    1.25049E+05    1.64176E+03    9.08326E+03    2.39174E-02   -1.48985E-01    4.14847E-02    5.17651E+00    9.34822E+00    9.35848E+00
    2.47961E+03    1.26686E+05    1.63688E+03    9.18636E+03    2.33121E-02   -1.47079E-01    4.09852E-02    5.16991E+00    9.33480E+00    9.34822E+00
    2.50808E+03    1.28317E+05    1.63073E+03    9.29063E+03    2.27044E-02   -1.45141E-01    4.04770E-02    5.16168E+00    9.31814E+00    9.33480E+00
    2.53688E+03    1.29940E+05    1.62328E+03    9.39607E+03    2.20944E-02   -1.43170E-01    3.99598E-02    5.15178E+00    9.29810E+00    9.31814E+00
    2.56601E+03    1.31554E+05    1.61449E+03    9.50270E+03    2.14825E-02   -1.41165E-01    3.94337E-02    5.14014E+00    9.27459E+00    9.29810E+00
    2.59546E+03    1.33159E+05    1.60431E+03    9.61054E+03    2.08690E-02   -1.39126E-01    3.88986E-02    5.12670E+00    9.24748E+00    9.27459E+00
    2.62525E+03    1.34751E+05    1.59272E+03    9.71960E+03    2.02544E-02   -1.37052E-01    3.83544E-02    5.11140E+00    9.21664E+00    9.24748E+00
    2.65537E+03    1.36331E+05    1.57969E+03    9.82989E+03    1.96388E-02   -1.34944E-01    3.78010E-02    5.09418E+00    9.18194E+00    9.21664E+00
    2.68583E+03    1.37896E+05    1.56517E+03    9.94142E+03    1.90227E-02   -1.32800E-01    3.72382E-02    5.07497E+00    9.14326E+00    9.18194E+00
    2.71664E+03    1.39445E+05    1.54915E+03    1.00542E+04    1.84064E-02   -1.30621E-01    3.66660E-02    5.05370E+00    9.10045E+00    9.14326E+00
    2.74780E+03    1.40977E+05    1.53158E+03    1.01683E+04    1.77903E-02   -1.28406E-01    3.60842E-02    5.03030E+00    9.05338E+00    9.10045E+00
    2.77931E+03    1.42489E+05    1.51245E+03    1.02836E+04    1.71748E-02   -1.26155E-01    3.54928E-02    5.00471E+00    9.00192E+00    9.05338E+00
    2.81117E+03    1.43981E+05    1.49173E+03    1.04003E+04    1.65604E-02   -1.23867E-01    3.48915E-02    4.97685E+00    8.94590E+00    9.00192E+00
    2.84339E+03    1.45451E+05    1.46940E+03    1.05183E+04    1.59475E-02   -1.21541E-01    3.42804E-02    4.94665E+00    8.88520E+00    8.94590E+00
    2.87598E+03    1.46896E+05    1.44546E+03    1.06376E+04    1.53366E-02   -1.19179E-01    3.36592E-02    4.91404E+00    8.81968E+00    8.88520E+00
    2.90894E+03    1.48316E+05    1.41990E+03    1.07583E+04    1.47283E-02   -1.16779E-01    3.30280E-02    4.87896E+00    8.74921E+00    8.81968E+00
    2.94227E+03    1.49709E+05    1.39273E+03    1.08803E+04    1.41232E-02   -1.14343E-01    3.23866E-02    4.84135E+00    8.67367E+00    8.74921E+00
    2.97597E+03    1.51073E+05    1.36396E+03    1.10037E+04    1.35220E-02   -1.11870E-01    3.17350E-02    4.80117E+00    8.59297E+00    8.67367E+00
    3.01006E+03    1.52406E+05    1.33364E+03    1.11285E+04    1.29256E-02   -1.09362E-01    3.10732E-02    4.75838E+00    8.50707E+00    8.59297E+00
    3.04453E+03    1.53708E+05    1.30184E+03    1.12547E+04    1.23352E-02   -1.06822E-01    3.04012E-02    4.71301E+00    8.41601E+00    8.50707E+00
    3.07939E+03    1.54977E+05    1.26869E+03    1.13823E+04    1.17521E-02   -1.04254E-01    2.97193E-02    4.66513E+00    8.31995E+00    8.41601E+00
    3.11465E+03    1.56211E+05    1.23438E+03    1.15114E+04    1.11786E-02   -1.01666E-01    2.90278E-02    4.61496E+00    8.21932E+00    8.31995E+00
    3.15030E+03    1.57410E+05    1.19929E+03    1.16420E+04    1.06179E-02   -9.90732E-02    2.83269E-02    4.56293E+00    8.11506E+00    8.21932E+00
    3.18635E+03    1.58575E+05    1.16411E+03    1.17740E+04    1.00760E-02   -9.65054E-02    2.76170E-02    4.51002E+00    8.00919E+00    8.11506E+00
    3.22282E+03    1.59705E+05    1.13036E+03    1.19075E+04    9.56506E-03   -9.40300E-02    2.68966E-02    4.45851E+00    7.90645E+00    8.00919E+00
    3.25969E+03    1.60807E+05    1.10198E+03    1.20425E+04    9.11641E-03   -9.18276E-02    2.61554E-02    4.41461E+00    7.81983E+00    7.90645E+00
    3.29699E+03    1.61901E+05    1.09373E+03    1.21790E+04    8.84590E-03   -9.05810E-02    2.53177E-02    4.40163E+00    7.79859E+00    7.81983E+00
    3.33470E+03    1.62594E+05    6.93211E+02    1.24567E+04    5.48121E-03   -7.37060E-02    6.97429E-03    3.66924E+00    6.46458E+00    4.63226E+00
    3.37284E+03    1.63342E+05    7.47852E+02    1.25980E+04    5.78106E-03   -7.36263E-02    1.89795E-02    3.81426E+00    6.63814E+00    6.46458E+00
    3.41141E+03    1.64077E+05    7.35080E+02    1.27408E+04    5.55531E-03   -7.17539E-02    2.01666E-02    3.79023E+00    6.57339E+00    6.63814E+00
    3.45042E+03    1.64778E+05    7.00897E+02    1.28852E+04    5.17857E-03   -6.91416E-02    1.99501E-02    3.72422E+00    6.43636E+00    6.57339E+00
    3.48986E+03    1.65436E+05    6.58018E+02    1.30313E+04    4.75310E-03   -6.61667E-02    1.93667E-02    3.63925E+00    6.26402E+00    6.43636E+00
    3.52976E+03    1.66046E+05    6.10579E+02    1.31790E+04    4.31186E-03   -6.29647E-02    1.86361E-02    3.54203E+00    6.06801E+00    6.26402E+00
    3.57010E+03    1.66607E+05    5.60367E+02    1.33284E+04    3.86883E-03   -5.95909E-02    1.78257E-02    3.43495E+00    5.85260E+00    6.06801E+00
    3.61090E+03    1.67115E+05    5.08356E+02    1.34794E+04    3.43131E-03   -5.60680E-02    1.69615E-02    3.31888E+00    5.61930E+00    5.85260E+00
    3.65216E+03    1.67570E+05    4.55196E+02    1.36322E+04    3.00383E-03   -5.24030E-02    1.60548E-02    3.19393E+00    5.36828E+00    5.61930E+00
    3.69389E+03    1.67972E+05    4.01405E+02    1.37867E+04    2.58968E-03   -4.85939E-02    1.51101E-02    3.05983E+00    5.09891E+00    5.36828E+00
    3.73609E+03    1.68319E+05    3.47461E+02    1.39430E+04    2.19158E-03   -4.46312E-02    1.41290E-02    2.91595E+00    4.80992E+00    5.09891E+00
    3.77876E+03    1.68613E+05    2.93853E+02    1.41010E+04    1.81204E-03   -4.04987E-02    1.31109E-02    2.76138E+00    4.49940E+00    4.80992E+00
    3.82192E+03    1.68854E+05    2.41123E+02    1.42608E+04    1.45367E-03   -3.61715E-02    1.20536E-02    2.59476E+00    4.16462E+00    4.49940E+00
    3.86557E+03    1.69044E+05    1.89904E+02    1.44224E+04    1.11931E-03   -3.16120E-02    1.09539E-02    2.41420E+00    3.80167E+00    4.16462E+00
    3.90971E+03    1.69185E+05    1.40983E+02    1.45858E+04    8.12403E-04   -2.67624E-02    9.80694E-03    2.21683E+00    3.40472E+00    3.80167E+00
    3.95434E+03    1.69280E+05    9.53986E+01    1.47511E+04    5.37446E-04   -2.15259E-02    8.60719E-03    1.99804E+00    2.96430E+00    3.40472E+00
    3.99949E+03    1.69335E+05    5.46649E+01    1.49182E+04    3.01087E-04   -1.57179E-02    7.35092E-03    1.74936E+00    2.46288E+00    2.96430E+00
    4.04514E+03    1.69356E+05    2.14624E+01    1.50873E+04    1.15572E-04   -8.88207E-03    6.05647E-03    1.45057E+00    1.85833E+00    2.46288E+00
    4.09131E+03    1.69380E+05    2.35489E+01    1.50873E+04    1.23976E-04   -8.05791E-03    7.68411E-03    1.85833E+00    2.23244E+00    3.14269E+00
    4.13799E+03    1.69407E+05    2.75273E+01    1.50873E+04    1.41684E-04   -7.39502E-03    9.32726E-03    2.23244E+00    2.57965E+00    3.79144E+00
    4.18521E+03    1.69441E+05    3.32109E+01    1.50873E+04    1.67121E-04   -6.85226E-03    1.09621E-02    2.57965E+00    2.90501E+00    4.41191E+00
    4.23296E+03    1.69481E+05    4.04655E+01    1.50873E+04    1.99080E-04   -6.40019E-03    1.25745E-02    2.90501E+00    3.21234E+00    5.00677E+00
    4.28125E+03    1.69530E+05    4.91945E+01    1.50873E+04    2.36621E-04   -6.01758E-03    1.41566E-02    3.21234E+00    3.50456E+00    5.57854E+00
    4.33009E+03    1.69590E+05    5.93289E+01    1.50873E+04    2.78996E-04   -5.68893E-03    1.57045E-02    3.50456E+00    3.78395E+00    6.12949E+00
    4.37948E+03    1.69660E+05    7.08220E+01    1.50873E+04    3.25607E-04   -5.40282E-03    1.72167E-02    3.78395E+00    4.05228E+00    6.66164E+00
    4.42942E+03    1.69744E+05    8.36439E+01    1.50873E+04    3.75971E-04   -5.15075E-03    1.86933E-02    4.05228E+00    4.31098E+00    7.17678E+00
    4.47993E+03    1.69842E+05    9.77788E+01    1.50873E+04    4.29696E-04   -4.92629E-03    2.01352E-02    4.31098E+00    4.56121E+00    7.67649E+00
    4.53101E+03    1.69955E+05    1.13222E+02    1.50873E+04    4.86456E-04   -4.72455E-03    2.15438E-02    4.56121E+00    4.80390E+00    8.16214E+00
    4.58267E+03    1.70085E+05    1.29978E+02    1.50873E+04    5.45984E-04   -4.54173E-03    2.29207E-02    4.80390E+00    5.03984E+00    8.63497E+00
    4.63491E+03    1.70233E+05    1.48060E+02    1.50873E+04    6.08054E-04   -4.37488E-03    2.42676E-02    5.03984E+00    5.26967E+00    9.09604E+00
    4.68775E+03    1.70401E+05    1.67485E+02    1.50873E+04    6.72479E-04   -4.22164E-03    2.55863E-02    5.26967E+00    5.49396E+00    9.54629E+00
    4.74118E+03    1.70589E+05    1.88278E+02    1.50873E+04    7.39096E-04   -4.08014E-03    2.68784E-02    5.49396E+00    5.71319E+00    9.98655E+00
    4.79521E+03    1.70799E+05    2.10468E+02    1.50873E+04    8.07766E-04   -3.94885E-03    2.81456E-02    5.71319E+00    5.92776E+00    1.04176E+01
    4.84985E+03    1.71033E+05    2.34088E+02    1.50873E+04    8.78371E-04   -3.82653E-03    2.93893E-02    5.92776E+00    6.13803E+00    1.08400E+01
    4.90511E+03    1.71293E+05    2.59175E+02    1.50873E+04    9.50806E-04   -3.71213E-03    3.06109E-02    6.13803E+00    6.34431E+00    1.12545E+01
    4.96100E+03    1.71578E+05    2.85770E+02    1.50873E+04    1.02498E-03   -3.60479E-03    3.18117E-02    6.34431E+00    6.54690E+00    1.16615E+01
    5.01752E+03    1.71892E+05    3.13917E+02    1.50873E+04    1.10081E-03   -3.50379E-03    3.29930E-02    6.54690E+00    6.74604E+00    1.20615E+01
    5.07467E+03    1.72236E+05    3.43663E+02    1.50873E+04    1.17823E-03   -3.40851E-03    3.41558E-02    6.74604E+00    6.94195E+00    1.24550E+01
    5.13247E+03    1.72611E+05    3.75057E+02    1.50873E+04    1.25718E-03   -3.31842E-03    3.53011E-02    6.94195E+00    7.13484E+00    1.28424E+01
    5.19093E+03    1.73019E+05    4.08154E+02    1.50873E+04    1.33760E-03   -3.23306E-03    3.64300E-02    7.13484E+00    7.32489E+00    1.32239E+01
    5.25004E+03    1.73462E+05    4.43009E+02    1.50873E+04    1.41944E-03   -3.15203E-03    3.75434E-02    7.32489E+00    7.51227E+00    1.36001E+01
    5.30983E+03    1.73942E+05    4.79681E+02    1.50873E+04    1.50266E-03   -3.07500E-03    3.86420E-02    7.51227E+00    7.69713E+00    1.39711E+01
    5.37028E+03    1.74460E+05    5.18233E+02    1.50873E+04    1.58721E-03   -3.00164E-03    3.97266E-02    7.69713E+00    7.87963E+00    1.43372E+01
    5.43143E+03    1.75019E+05    5.58729E+02    1.50873E+04    1.67307E-03   -2.93170E-03    4.07980E-02    7.87963E+00    8.05988E+00    1.46988E+01
    5.49326E+03    1.75620E+05    6.01239E+02    1.50873E+04    1.76021E-03   -2.86493E-03    4.18569E-02    8.05988E+00    8.23803E+00    1.50561E+01
    5.55579E+03    1.76266E+05    6.45832E+02    1.50873E+04    1.84859E-03   -2.80112E-03    4.29039E-02    8.23803E+00    8.41417E+00    1.54092E+01
    5.61903E+03    1.76959E+05    6.92584E+02    1.50873E+04    1.93820E-03   -2.74009E-03    4.39396E-02    8.41417E+00    8.58842E+00    1.57585E+01
    5.68298E+03    1.77700E+05    7.41573E+02    1.50873E+04    2.02901E-03   -2.68166E-03    4.49647E-02    8.58842E+00    8.76088E+00    1.61040E+01
    5.74766E+03    1.78493E+05    7.92880E+02    1.50873E+04    2.12102E-03   -2.62567E-03    4.59796E-02    8.76088E+00    8.93166E+00    1.64461E+01
    5.81306E+03    1.79340E+05    8.46590E+02    1.50873E+04    2.21419E-03   -2.57198E-03    4.69849E-02    8.93166E+00    9.10082E+00    1.67849E+01
    5.87921E+03    1.80242E+05    9.02791E+02    1.50873E+04    2.30853E-03   -2.52048E-03    4.79810E-02    9.10082E+00    9.26848E+00    1.71206E+01
    5.94610E+03    1.81204E+05    9.61577E+02    1.50873E+04    2.40402E-03   -2.47104E-03    4.89685E-02    9.26848E+00    9.43470E+00    1.74533E+01
    6.01375E+03    1.82227E+05    1.02304E+03    1.50873E+04    2.50067E-03   -2.42355E-03    4.99479E-02    9.43470E+00    9.59957E+00    1.77832E+01
    6.08216E+03    1.83314E+05    1.08729E+03    1.50873E+04    2.59845E-03   -2.37792E-03    5.09195E-02    9.59957E+00    9.76317E+00    1.81105E+01
    6.15135E+03    1.84469E+05    1.15442E+03    1.50873E+04    2.69738E-03   -2.33406E-03    5.18838E-02    9.76317E+00    9.92556E+00    1.84353E+01
    6.22132E+03    1.85693E+05    1.22455E+03    1.50873E+04    2.79745E-03   -2.29190E-03    5.28413E-02    9.92556E+00    1.00868E+01    1.87577E+01
    6.29208E+03    1.86991E+05    1.29779E+03    1.50873E+04    2.89867E-03   -2.25134E-03    5.37922E-02    1.00868E+01    1.02470E+01    1.90779E+01
    6.36364E+03    1.88365E+05    1.37426E+03    1.50873E+04    3.00103E-03   -2.21232E-03    5.47370E-02    1.02470E+01    1.04062E+01    1.93960E+01
    6.43600E+03    1.89819E+05    1.45408E+03    1.50873E+04    3.10455E-03   -2.17479E-03    5.56761E-02    1.04062E+01    1.05645E+01    1.97122E+01
    6.50919E+03    1.91357E+05    1.53738E+03    1.50873E+04    3.20924E-03   -2.13866E-03    5.66098E-02    1.05645E+01    1.07219E+01    2.00265E+01
    6.58320E+03    1.92981E+05    1.62430E+03    1.50873E+04    3.31511E-03   -2.10390E-03    5.75385E-02    1.07219E+01    1.08785E+01    2.03392E+01
    6.65805E+03    1.94696E+05    1.71498E+03    1.50873E+04    3.42216E-03   -2.07045E-03    5.84626E-02    1.08785E+01    1.10343E+01    2.06502E+01
    6.73374E+03    1.96506E+05    1.80957E+03    1.50873E+04    3.53042E-03   -2.03825E-03    5.93824E-02    1.10343E+01    1.11895E+01    2.09598E+01
    6.81029E+03    1.98414E+05    1.90822E+03    1.50873E+04    3.63990E-03   -2.00727E-03    6.02982E-02    1.11895E+01    1.13440E+01    2.12680E+01
    6.88770E+03    2.00425E+05    2.01108E+03    1.50873E+04    3.75061E-03   -1.97745E-03    6.12103E-02    1.13440E+01    1.14979E+01    2.15750E+01
    6.96599E+03    2.02543E+05    2.11833E+03    1.50873E+04    3.86259E-03   -1.94876E-03    6.21192E-02    1.14979E+01    1.16513E+01    2.18808E+01
    7.04517E+03    2.04773E+05    2.23015E+03    1.50873E+04    3.97585E-03   -1.92116E-03    6.30251E-02    1.16513E+01    1.18043E+01    2.21857E+01
    7.12523E+03    2.07120E+05    2.34671E+03    1.50873E+04    4.09042E-03   -1.89462E-03    6.39283E-02    1.18043E+01    1.19569E+01    2.24896E+01
    7.20621E+03    2.09588E+05    2.46821E+03    1.50873E+04    4.20632E-03   -1.86909E-03    6.48292E-02    1.19569E+01    1.21090E+01    2.27927E+01
    7.28809E+03    2.12183E+05    2.59484E+03    1.50873E+04    4.32358E-03   -1.84456E-03    6.57281E-02    1.21090E+01    1.22609E+01    2.30952E+01
    7.37091E+03    2.14910E+05    2.72682E+03    1.50873E+04    4.44224E-03   -1.82098E-03    6.66252E-02    1.22609E+01    1.24126E+01    2.33970E+01
    7.45466E+03    2.17774E+05    2.86435E+03    1.50873E+04    4.56232E-03   -1.79833E-03    6.75210E-02    1.24126E+01    1.25640E+01    2.36984E+01
    7.53935E+03    2.20782E+05    3.00768E+03    1.50873E+04    4.68386E-03   -1.77657E-03    6.84157E-02    1.25640E+01    1.27154E+01    2.39994E+01
    7.62500E+03    2.23939E+05    3.15703E+03    1.50873E+04    4.80690E-03   -1.75570E-03    6.93096E-02    1.27154E+01    1.28666E+01    2.43001E+01
    7.71162E+03    2.27252E+05    3.31265E+03    1.50873E+04    4.93148E-03   -1.73567E-03    7.02031E-02    1.28666E+01    1.30178E+01    2.46007E+01
    7.79922E+03    2.30727E+05    3.47482E+03    1.50873E+04    5.05764E-03   -1.71647E-03    7.10963E-02    1.30178E+01    1.31690E+01    2.49012E+01
    7.88781E+03    2.34370E+05    3.64378E+03    1.50873E+04    5.18541E-03   -1.69807E-03    7.19898E-02    1.31690E+01    1.33203E+01    2.52017E+01
    7.97740E+03    2.38190E+05    3.81985E+03    1.50873E+04    5.31485E-03   -1.68046E-03    7.28837E-02    1.33203E+01    1.34717E+01    2.55024E+01
    8.06801E+03    2.42193E+05    4.00330E+03    1.50873E+04    5.44601E-03   -1.66361E-03    7.37783E-02    1.34717E+01    1.36232E+01    2.58033E+01
    8.15963E+03    2.46388E+05    4.19445E+03    1.50873E+04    5.57893E-03   -1.64749E-03    7.46741E-02    1.36232E+01    1.37750E+01    2.61046E+01
    8.25229E+03    2.50782E+05    4.39363E+03    1.50873E+04    5.71367E-03   -1.63211E-03    7.55712E-02    1.37750E+01    1.39271E+01    2.64064E+01
    8.34600E+03    2.55383E+05    4.60117E+03    1.50873E+04    5.85029E-03   -1.61742E-03    7.64701E-02    1.39271E+01    1.40795E+01    2.67087E+01
    8.44077E+03    2.60200E+05    4.81745E+03    1.50873E+04    5.98883E-03   -1.60343E-03    7.73709E-02    1.40795E+01    1.42323E+01    2.70117E+01
    8.53661E+03    2.65243E+05    5.04282E+03    1.50873E+04    6.12937E-03   -1.59011E-03    7.82741E-02    1.42323E+01    1.43856E+01    2.73155E+01
    8.63353E+03    2.70521E+05    5.27769E+03    1.50873E+04    6.27195E-03   -1.57744E-03    7.91800E-02    1.43856E+01    1.45393E+01    2.76201E+01
    8.73155E+03    2.76043E+05    5.52247E+03    1.50873E+04    6.41666E-03   -1.56542E-03    8.00888E-02    1.45393E+01    1.46936E+01    2.79258E+01
    8.83067E+03    2.81821E+05    5.77758E+03    1.50873E+04    6.56356E-03   -1.55402E-03    8.10009E-02    1.46936E+01    1.48485E+01    2.82325E+01
    8.93091E+03    2.87864E+05    6.04348E+03    1.50873E+04    6.71272E-03   -1.54323E-03    8.19166E-02    1.48485E+01    1.50041E+01    2.85405E+01
    9.03229E+03    2.94185E+05    6.32064E+03    1.50873E+04    6.86421E-03   -1.53304E-03    8.28363E-02    1.50041E+01    1.51604E+01    2.88498E+01
    9.13481E+03    3.00794E+05    6.60956E+03    1.50873E+04    7.01811E-03   -1.52344E-03    8.37603E-02    1.51604E+01    1.53175E+01    2.91605E+01
    9.23850E+03    3.07705E+05    6.91076E+03    1.50873E+04    7.17450E-03   -1.51441E-03    8.46889E-02    1.53175E+01    1.54754E+01    2.94728E+01
    9.34335E+03    3.14930E+05    7.22478E+03    1.50873E+04    7.33346E-03   -1.50595E-03    8.56224E-02    1.54754E+01    1.56341E+01    2.97867E+01
    9.44939E+03    3.22482E+05    7.55220E+03    1.50873E+04    7.49509E-03   -1.49803E-03    8.65612E-02    1.56341E+01    1.57939E+01    3.01024E+01
    9.55662E+03    3.30376E+05    7.89362E+03    1.50873E+04    7.65947E-03   -1.49066E-03    8.75057E-02    1.57939E+01    1.59546E+01    3.04200E+01
    9.66507E+03    3.38625E+05    8.24967E+03    1.50873E+04    7.82670E-03   -1.48381E-03    8.84562E-02    1.59546E+01    1.61165E+01    3.07396E+01
    9.77474E+03    3.47246E+05    8.62102E+03    1.50873E+04    7.99687E-03   -1.47749E-03    8.94130E-02    1.61165E+01    1.62794E+01    3.10614E+01
    9.88565E+03    3.56255E+05    9.00835E+03    1.50873E+04    8.17009E-03   -1.47167E-03    9.03765E-02    1.62794E+01    1.64436E+01    3.13854E+01
    9.99782E+03    3.65667E+05    9.41240E+03    1.50873E+04    8.34645E-03   -1.46635E-03    9.13472E-02    1.64436E+01    1.66090E+01    3.17118E+01
    1.01113E+04    3.75501E+05    9.83394E+03    1.50873E+04    8.52608E-03   -1.46153E-03    9.23252E-02    1.66090E+01    1.67757E+01    3.20406E+01
    1.02260E+04    3.85775E+05    1.02738E+04    1.50873E+04    8.70908E-03   -1.45719E-03    9.33111E-02    1.67757E+01    1.69438E+01    3.23721E+01
    1.03420E+04    3.96508E+05    1.07327E+04    1.50873E+04    8.89557E-03   -1.45333E-03    9.43051E-02    1.69438E+01    1.71133E+01    3.27064E+01
    1.04593E+04    4.07719E+05    1.12117E+04    1.50873E+04    9.08568E-03   -1.44994E-03    9.53078E-02    1.71133E+01    1.72844E+01    3.30435E+01
    1.05779E+04    4.19431E+05    1.17117E+04    1.50873E+04    9.27952E-03   -1.44701E-03    9.63194E-02    1.72844E+01    1.74570E+01    3.33837E+01
    1.06979E+04    4.31665E+05    1.22336E+04    1.50873E+04    9.47725E-03   -1.44453E-03    9.73404E-02    1.74570E+01    1.76313E+01    3.37270E+01
    1.08193E+04    4.44443E+05    1.27785E+04    1.50873E+04    9.67898E-03   -1.44250E-03    9.83712E-02    1.76313E+01    1.78074E+01    3.40736E+01
    1.09420E+04    4.57791E+05    1.33475E+04    1.50873E+04    9.88487E-03   -1.44092E-03    9.94122E-02    1.78074E+01    1.79852E+01    3.44236E+01
    1.10661E+04    4.71732E+05    1.39417E+04    1.50873E+04    1.00951E-02   -1.43977E-03    1.00464E-01    1.79852E+01    1.81649E+01    3.47772E+01
    1.11916E+04    4.86295E+05    1.45624E+04    1.50873E+04    1.03097E-02   -1.43906E-03    1.01527E-01    1.81649E+01    1.83465E+01    3.51345E+01
    1.13185E+04    5.01506E+05    1.52107E+04    1.50873E+04    1.05290E-02   -1.43877E-03    1.02601E-01    1.83465E+01    1.85301E+01    3.54957E+01
    1.14469E+04    5.17394E+05    1.58881E+04    1.50873E+04    1.07530E-02   -1.43891E-03    1.03687E-01    1.85301E+01    1.87159E+01    3.58608E+01
    1.15767E+04    5.33989E+05    1.65959E+04    1.50873E+04    1.09820E-02   -1.43947E-03    1.04785E-01    1.87159E+01    1.89038E+01    3.62302E+01
    1.17080E+04    5.51325E+05    1.73356E+04    1.50873E+04    1.12162E-02   -1.44044E-03    1.05897E-01    1.89038E+01    1.90939E+01    3.66038E+01
    1.18407E+04    5.69434E+05    1.81088E+04    1.50873E+04    1.14556E-02   -1.44183E-03    1.07021E-01    1.90939E+01    1.92864E+01    3.69820E+01
    1.19750E+04    5.88351E+05    1.89172E+04    1.50873E+04    1.17006E-02   -1.44363E-03    1.08160E-01    1.92864E+01    1.94813E+01    3.73648E+01
    1.21108E+04    6.08114E+05    1.97624E+04    1.50873E+04    1.19513E-02   -1.44584E-03    1.09313E-01    1.94813E+01    1.96787E+01    3.77523E+01
    1.22481E+04    6.28760E+05    2.06464E+04    1.50873E+04    1.22080E-02   -1.44846E-03    1.10480E-01    1.96787E+01    1.98787E+01    3.81449E+01
    1.23869E+04    6.50331E+05    2.15710E+04    1.50873E+04    1.24708E-02   -1.45149E-03    1.11663E-01    1.98787E+01    2.00814E+01    3.85427E+01
    1.25274E+04    6.72869E+05    2.25382E+04    1.50873E+04    1.27399E-02   -1.45492E-03    1.12862E-01    2.00814E+01    2.02869E+01    3.89457E+01
    1.26694E+04    6.96419E+05    2.35503E+04    1.50873E+04    1.30157E-02   -1.45876E-03    1.14077E-01    2.02869E+01    2.04952E+01    3.93543E+01
    1.28130E+04    7.21029E+05    2.46095E+04    1.50873E+04    1.32984E-02   -1.46300E-03    1.15309E-01    2.04952E+01    2.07065E+01    3.97686E+01
    1.29582E+04    7.46747E+05    2.57182E+04    1.50873E+04    1.35882E-02   -1.46766E-03    1.16559E-01    2.07065E+01    2.09209E+01    4.01888E+01
    1.31051E+04    7.73626E+05    2.68790E+04    1.50873E+04    1.38854E-02   -1.47272E-03    1.17827E-01    2.09209E+01    2.11384E+01    4.06151E+01
    1.32537E+04    8.01721E+05    2.80945E+04    1.50873E+04    1.41903E-02   -1.47820E-03    1.19114E-01    2.11384E+01    2.13592E+01    4.10477E+01
    1.34039E+04    8.31088E+05    2.93675E+04    1.50873E+04    1.45032E-02   -1.48410E-03    1.20420E-01    2.13592E+01    2.15834E+01    4.14868E+01
    1.35558E+04    8.61789E+05    3.07011E+04    1.50873E+04    1.48243E-02   -1.49041E-03    1.21746E-01    2.15834E+01    2.18111E+01    4.19327E+01
    1.37095E+04    8.93888E+05    3.20984E+04    1.50873E+04    1.51541E-02   -1.49715E-03    1.23093E-01    2.18111E+01    2.20424E+01    4.23855E+01
    1.38648E+04    9.27450E+05    3.35628E+04    1.50873E+04    1.54928E-02   -1.50432E-03    1.24461E-01    2.20424E+01    2.22775E+01    4.28455E+01
    1.40220E+04    9.62548E+05    3.50978E+04    1.50873E+04    1.58408E-02   -1.51192E-03    1.25851E-01    2.22775E+01    2.25164E+01    4.33129E+01
    1.41809E+04    9.99255E+05    3.67072E+04    1.50873E+04    1.61985E-02   -1.51996E-03    1.27264E-01    2.25164E+01    2.27593E+01    4.37880E+01
    1.43416E+04    1.03765E+06    3.83950E+04    1.50873E+04    1.65663E-02   -1.52846E-03    1.28701E-01    2.27593E+01    2.30063E+01    4.42710E+01
    1.45041E+04    1.07782E+06    4.01655E+04    1.50873E+04    1.69445E-02   -1.53741E-03    1.30162E-01    2.30063E+01    2.32575E+01    4.47622E+01
    1.46684E+04    1.11984E+06    4.20230E+04    1.50873E+04    1.73336E-02   -1.54682E-03    1.31648E-01    2.32575E+01    2.35132E+01    4.52619E+01
    1.48347E+04    1.16381E+06    4.39724E+04    1.50873E+04    1.77341E-02   -1.55672E-03    1.33160E-01    2.35132E+01    2.37734E+01    4.57703E+01
    1.50027E+04    1.20983E+06    4.60187E+04    1.50873E+04    1.81464E-02   -1.56711E-03    1.34699E-01    2.37734E+01    2.40383E+01    4.62877E+01
    1.51727E+04    1.25800E+06    4.81672E+04    1.50873E+04    1.85710E-02   -1.57799E-03    1.36266E-01    2.40383E+01    2.43080E+01    4.68145E+01
    1.53446E+04    1.30842E+06    5.04238E+04    1.50873E+04    1.90084E-02   -1.58939E-03    1.37862E-01    2.43080E+01    2.45828E+01    4.73509E+01
    1.55185E+04    1.36122E+06    5.27943E+04    1.50873E+04    1.94592E-02   -1.60133E-03    1.39487E-01    2.45828E+01    2.48628E+01    4.78973E+01
    1.56943E+04    1.41650E+06    5.52853E+04    1.50873E+04    1.99239E-02   -1.61380E-03    1.41143E-01    2.48628E+01    2.51481E+01    4.84541E+01
    1.58721E+04    1.47440E+06    5.79037E+04    1.50873E+04    2.04032E-02   -1.62684E-03    1.42830E-01    2.51481E+01    2.54390E+01    4.90215E+01
    1.60519E+04    1.53506E+06    6.06567E+04    1.50873E+04    2.08977E-02   -1.64047E-03    1.44551E-01    2.54390E+01    2.57356E+01    4.95999E+01
    1.62338E+04    1.59861E+06    6.35521E+04    1.50873E+04    2.14080E-02   -1.65470E-03    1.46306E-01    2.57356E+01    2.60382E+01    5.01898E+01
    1.64177E+04    1.66521E+06    6.65982E+04    1.50873E+04    2.19350E-02   -1.66955E-03    1.48095E-01    2.60382E+01    2.63469E+01    5.07916E+01
    1.66036E+04    1.73502E+06    6.98038E+04    1.50873E+04    2.24793E-02   -1.68505E-03    1.49921E-01    2.63469E+01    2.66621E+01    5.14056E+01
    1.67917E+04    1.80819E+06    7.31785E+04    1.50873E+04    2.30417E-02   -1.70123E-03    1.51785E-01    2.66621E+01    2.69838E+01    5.20323E+01
    1.69819E+04    1.88493E+06    7.67322E+04    1.50873E+04    2.36231E-02   -1.71810E-03    1.53689E-01    2.69838E+01    2.73125E+01    5.26721E+01
    1.71743E+04    1.96540E+06    8.04758E+04    1.50873E+04    2.42244E-02   -1.73572E-03    1.55632E-01    2.73125E+01    2.76482E+01    5.33256E+01
    1.73688E+04    2.04982E+06    8.44207E+04    1.50873E+04    2.48465E-02   -1.75409E-03    1.57618E-01    2.76482E+01    2.79914E+01    5.39933E+01
    1.75655E+04    2.13840E+06    8.85794E+04    1.50873E+04    2.54905E-02   -1.77326E-03    1.59648E-01    2.79914E+01    2.83422E+01    5.46756E+01
    1.77645E+04    2.23137E+06    9.29650E+04    1.50873E+04    2.61573E-02   -1.79327E-03    1.61722E-01    2.83422E+01    2.87009E+01    5.53732E+01
    1.79657E+04    2.32896E+06    9.75918E+04    1.50873E+04    2.68483E-02   -1.81416E-03    1.63844E-01    2.87009E+01    2.90680E+01    5.60867E+01
    1.81692E+04    2.43143E+06    1.02475E+05    1.50873E+04    2.75644E-02   -1.83596E-03    1.66015E-01    2.90680E+01    2.94437E+01    5.68166E+01
    1.83749E+04    2.53906E+06    1.07630E+05    1.50873E+04    2.83072E-02   -1.85873E-03    1.68237E-01    2.94437E+01    2.98283E+01    5.75636E+01
    1.85830E+04    2.65214E+06    1.13076E+05    1.50873E+04    2.90778E-02   -1.88251E-03    1.70512E-01    2.98283E+01    3.02222E+01    5.83285E+01
    1.87935E+04    2.77097E+06    1.18831E+05    1.50873E+04    2.98779E-02   -1.90735E-03    1.72842E-01    3.02222E+01    3.06259E+01    5.91118E+01
    1.90063E+04    2.89589E+06    1.24915E+05    1.50873E+04    3.07089E-02   -1.93332E-03    1.75229E-01    3.06259E+01    3.10396E+01    5.99145E+01
    1.92215E+04    3.02724E+06    1.31351E+05    1.50873E+04    3.15727E-02   -1.96048E-03    1.77676E-01    3.10396E+01    3.14639E+01    6.07373E+01
    1.94392E+04    3.16540E+06    1.38161E+05    1.50873E+04    3.24708E-02   -1.98889E-03    1.80186E-01    3.14639E+01    3.18993E+01    6.15811E+01
    1.96593E+04    3.31077E+06    1.45371E+05    1.50873E+04    3.34054E-02   -2.01862E-03    1.82760E-01    3.18993E+01    3.23461E+01    6.24467E+01
    1.98819E+04    3.46378E+06    1.53009E+05    1.50873E+04    3.43784E-02   -2.04975E-03    1.85403E-01    3.23461E+01    3.28050E+01    6.33353E+01
    2.01070E+04    3.62488E+06    1.61105E+05    1.50873E+04    3.53922E-02   -2.08238E-03    1.88117E-01    3.28050E+01    3.32764E+01    6.42477E+01
    2.03347E+04    3.79457E+06    1.69690E+05    1.50873E+04    3.64490E-02   -2.11658E-03    1.90905E-01    3.32764E+01    3.37610E+01    6.51851E+01
    2.05649E+04    3.97337E+06    1.78801E+05    1.50873E+04    3.75516E-02   -2.15246E-03    1.93770E-01    3.37610E+01    3.42593E+01    6.61487E+01
    2.07978E+04    4.16185E+06    1.88474E+05    1.50873E+04    3.87026E-02   -2.19012E-03    1.96718E-01    3.42593E+01    3.47722E+01    6.71397E+01
    2.10332E+04    4.36060E+06    1.98751E+05    1.50873E+04    3.99051E-02   -2.22969E-03    1.99750E-01    3.47722E+01    3.53001E+01    6.81594E+01
    2.12714E+04    4.57027E+06    2.09677E+05    1.50873E+04    4.11624E-02   -2.27128E-03    2.02872E-01    3.53001E+01    3.58440E+01    6.92093E+01
    2.15122E+04    4.79157E+06    2.21301E+05    1.50873E+04    4.24780E-02   -2.31505E-03    2.06089E-01    3.58440E+01    3.64047E+01    7.02908E+01
    2.17557E+04    5.02525E+06    2.33676E+05    1.50873E+04    4.38558E-02   -2.36115E-03    2.09404E-01    3.64047E+01    3.69830E+01    7.14056E+01
    2.20020E+04    5.27211E+06    2.46862E+05    1.50873E+04    4.52998E-02   -2.40973E-03    2.12824E-01    3.69830E+01    3.75798E+01    7.25554E+01
    2.22511E+04    5.53303E+06    2.60921E+05    1.50873E+04    4.68148E-02   -2.46099E-03    2.16353E-01    3.75798E+01    3.81963E+01    7.37422E+01
    2.25030E+04    5.80896E+06    2.75925E+05    1.50873E+04    4.84056E-02   -2.51513E-03    2.19998E-01    3.81963E+01    3.88334E+01    7.49679E+01
    2.27578E+04    6.10091E+06    2.91949E+05    1.50873E+04    5.00777E-02   -2.57237E-03    2.23766E-01    3.88334E+01    3.94923E+01    7.62347E+01
    2.30154E+04    6.40999E+06    3.09081E+05    1.50873E+04    5.18370E-02   -2.63295E-03    2.27662E-01    3.94923E+01    4.01745E+01    7.75449E+01
    2.32759E+04    6.73740E+06    3.27412E+05    1.50873E+04    5.36901E-02   -2.69714E-03    2.31696E-01    4.01745E+01    4.08811E+01    7.89012E+01
    2.35394E+04    7.08445E+06    3.47047E+05    1.50873E+04    5.56441E-02   -2.76525E-03    2.35874E-01    4.08811E+01    4.16138E+01    8.03062E+01
    2.38058E+04    7.45255E+06    3.68099E+05    1.50873E+04    5.77069E-02   -2.83760E-03    2.40206E-01    4.16138E+01    4.23741E+01    8.17629E+01
    2.40753E+04    7.84324E+06    3.90696E+05    1.50873E+04    5.98872E-02   -2.91455E-03    2.44701E-01    4.23741E+01    4.31639E+01    8.32747E+01
    2.43478E+04    8.25822E+06    4.14980E+05    1.50873E+04    6.21947E-02   -2.99652E-03    2.49371E-01    4.31639E+01    4.39850E+01    8.48449E+01
    2.46234E+04    8.69933E+06    4.41108E+05    1.50873E+04    6.46402E-02   -3.08395E-03    2.54226E-01    4.39850E+01    4.48397E+01    8.64776E+01
    2.49021E+04    9.16858E+06    4.69254E+05    1.50873E+04    6.72355E-02   -3.17735E-03    2.59279E-01    4.48397E+01    4.57302E+01    8.81768E+01
    2.51840E+04    9.66820E+06    4.99617E+05    1.50873E+04    6.99938E-02   -3.27727E-03    2.64543E-01    4.57302E+01    4.66591E+01    8.99473E+01
    2.54690E+04    1.02006E+07    5.32418E+05    1.50873E+04    7.29301E-02   -3.38434E-03    2.70035E-01    4.66591E+01    4.76292E+01    9.17940E+01
    2.57573E+04    1.07685E+07    5.67904E+05    1.50873E+04    7.60609E-02   -3.49926E-03    2.75769E-01    4.76292E+01    4.86435E+01    9.37226E+01
    2.60488E+04    1.13749E+07    6.06357E+05    1.50873E+04    7.94049E-02   -3.62282E-03    2.81765E-01    4.86435E+01    4.97056E+01    9.57392E+01
    2.63436E+04    1.20230E+07    6.48094E+05    1.50873E+04    8.29831E-02   -3.75589E-03    2.88043E-01    4.97056E+01    5.08191E+01    9.78506E+01
    2.66417E+04    1.27165E+07    6.93477E+05    1.50873E+04    8.68192E-02   -3.89948E-03    2.94625E-01    5.08191E+01    5.19882E+01    1.00064E+02
    2.69432E+04    1.34594E+07    7.42915E+05    1.50873E+04    9.09401E-02   -4.05469E-03    3.01536E-01    5.19882E+01    5.32176E+01    1.02388E+02
    2.72481E+04    1.42562E+07    7.96878E+05    1.50873E+04    9.53764E-02   -4.22279E-03    3.08802E-01    5.32176E+01    5.45124E+01    1.04832E+02
    2.75565E+04    1.51121E+07    8.55904E+05    1.50873E+04    1.00163E-01   -4.40523E-03    3.16455E-01    5.45124E+01    5.58785E+01    1.07406E+02
    2.78684E+04    1.60328E+07    9.20611E+05    1.50873E+04    1.05340E-01   -4.60362E-03    3.24528E-01    5.58785E+01    5.73222E+01    1.10122E+02
    2.81837E+04    1.70245E+07    9.91715E+05    1.50873E+04    1.10952E-01   -4.81984E-03    3.33060E-01    5.73222E+01    5.88507E+01    1.12991E+02
    2.85027E+04    1.80945E+07    1.07004E+06    1.50873E+04    1.17053E-01   -5.05602E-03    3.42093E-01    5.88507E+01    6.04723E+01    1.16030E+02
    2.88252E+04    1.92511E+07    1.15656E+06    1.50873E+04    1.23703E-01   -5.31460E-03    3.51675E-01    6.04723E+01    6.21961E+01    1.19253E+02
    2.91514E+04    2.05035E+07    1.25239E+06    1.50873E+04    1.30974E-01   -5.59842E-03    3.61860E-01    6.21961E+01    6.40325E+01    1.22679E+02
    2.94812E+04    2.18623E+07    1.35885E+06    1.50873E+04    1.38948E-01   -5.91074E-03    3.72710E-01    6.40325E+01    6.59932E+01    1.26329E+02
    2.98148E+04    2.33398E+07    1.47750E+06    1.50873E+04    1.47721E-01   -6.25537E-03    3.84294E-01    6.59932E+01    6.80917E+01    1.30226E+02
    3.01522E+04    2.49500E+07    1.61019E+06    1.50873E+04    1.57408E-01   -6.63679E-03    3.96691E-01    6.80917E+01    7.03433E+01    1.34397E+02
    3.04934E+04    2.67091E+07    1.75913E+06    1.50873E+04    1.68142E-01   -7.06024E-03    4.09991E-01    7.03433E+01    7.27656E+01    1.38871E+02
    3.08384E+04    2.86361E+07    1.92693E+06    1.50873E+04    1.80086E-01   -7.53196E-03    4.24299E-01    7.27656E+01    7.53790E+01    1.43685E+02
    3.11873E+04    3.07528E+07    2.11678E+06    1.50873E+04    1.93430E-01   -8.05938E-03    4.39733E-01    7.53790E+01    7.82070E+01    1.48878E+02
    3.15402E+04    3.30854E+07    2.33254E+06    1.50873E+04    2.08406E-01   -8.65143E-03    4.56434E-01    7.82070E+01    8.12770E+01    1.54498E+02
    3.18971E+04    3.56643E+07    2.57891E+06    1.50873E+04    2.25295E-01   -9.31898E-03    4.74561E-01    8.12770E+01    8.46213E+01    1.60597E+02
    3.22580E+04    3.85260E+07    2.86169E+06    1.50873E+04    2.44439E-01   -1.00753E-02    4.94305E-01    8.46213E+01    8.82778E+01    1.67242E+02
    3.26230E+04    4.17140E+07    3.18806E+06    1.50873E+04    2.66262E-01   -1.09368E-02    5.15890E-01    8.82778E+01    9.22919E+01    1.74506E+02
    3.29921E+04    4.52811E+07    3.56705E+06    1.50873E+04    2.91290E-01   -1.19240E-02    5.39581E-01    9.22919E+01    9.67177E+01    1.82480E+02
    3.33653E+04    4.92911E+07    4.01005E+06    1.50873E+04    3.20184E-01   -1.30630E-02    5.65698E-01    9.67177E+01    1.01621E+02    1.91271E+02
    3.37428E+04    5.38228E+07    4.53164E+06    1.50873E+04    3.53786E-01   -1.43871E-02    5.94625E-01    1.01621E+02    1.07083E+02    2.01010E+02
    3.41246E+04    5.89735E+07    5.15074E+06    1.50873E+04    3.93178E-01   -1.59398E-02    6.26836E-01    1.07083E+02    1.13202E+02    2.11855E+02
    3.45106E+04    6.48657E+07    5.89216E+06    1.50873E+04    4.39772E-01   -1.77787E-02    6.62915E-01    1.13202E+02    1.20104E+02    2.24005E+02
    3.49010E+04    7.16547E+07    6.78903E+06    1.50873E+04    4.95445E-01   -1.99818E-02    7.03595E-01    1.20104E+02    1.27949E+02    2.37706E+02
    3.52959E+04    7.95411E+07    7.88635E+06    1.50873E+04    5.62728E-01   -2.26567E-02    7.49810E-01    1.27949E+02    1.36945E+02    2.53276E+02
    3.56952E+04    8.87876E+07    9.24657E+06    1.50873E+04    6.45115E-01   -2.59562E-02    8.02771E-01    1.36945E+02    1.47368E+02    2.71124E+02
    3.60990E+04    9.97460E+07    1.09584E+07    1.50873E+04    7.47546E-01   -3.01036E-02    8.64083E-01    1.47368E+02    1.59592E+02    2.91795E+02
    3.65074E+04    1.12898E+08    1.31515E+07    1.50873E+04    8.77205E-01   -3.54374E-02    9.35922E-01    1.59592E+02    1.74146E+02    3.16027E+02
    3.69204E+04    1.28920E+08    1.60221E+07    1.50873E+04    1.04491E+00   -4.24938E-02    1.02133E+00    1.74146E+02    1.91794E+02    3.44855E+02
    3.73380E+04    1.48799E+08    1.98795E+07    1.50873E+04    1.26765E+00   -5.21696E-02    1.12469E+00    1.91794E+02    2.13705E+02    3.79780E+02
    3.77604E+04    1.74036E+08    2.52373E+07    1.50873E+04    1.57352E+00   -6.60733E-02    1.25266E+00    2.13705E+02    2.41770E+02    4.23081E+02
    3.81876E+04    2.07043E+08    3.30066E+07    1.50873E+04    2.01217E+00   -8.73657E-02    1.41582E+00    2.41770E+02    2.79298E+02    4.78416E+02
    3.86195E+04    2.51995E+08    4.49524E+07    1.50873E+04    2.67949E+00   -1.23101E-01    1.63228E+00    2.79298E+02    3.32773E+02    5.52125E+02
    3.90564E+04    3.16935E+08    6.49396E+07    1.50873E+04    3.78481E+00   -1.92240E-01    1.93594E+00    3.32773E+02    4.17227E+02    6.56356E+02
    3.94982E+04    4.20109E+08    1.03174E+08    1.50873E+04    5.87951E+00   -3.62526E-01    2.39752E+00    4.17227E+02    5.78289E+02    8.17959E+02
    3.99450E+04    6.19144E+08    1.99034E+08    1.50873E+04    1.10900E+01   -1.00165E+00    3.17596E+00    5.78289E+02    1.02833E+03    1.10913E+03
    4.03968E+04    1.51665E+09    8.97508E+08    1.50873E+04    4.88965E+01   -5.38459E+00    4.46124E+00    1.02833E+03    3.47495E+03    1.77400E+03
