 # rho, F_z,dF_z, z(rho), E2 (=>sigma2=e0^2*E2), Er, Ez, Ui,j , Ui+1,j , Ui,j-1
    2.50000E-01    4.18877E-01    4.18877E-01    0.00000E+00    3.35102E+00   -4.75011E-01    1.76787E+00    2.12144E+00    2.35895E+00    3.00538E+00
    7.31707E-01    1.17939E+00    7.60514E-01    5.00000E-01    2.24285E+00   -1.85099E-01    1.48613E+00    1.61588E+00    1.70166E+00    2.35895E+00
    1.19774E+00    2.36712E+00    1.18773E+00    5.00000E-01    2.11595E+00   -6.64069E-02    1.45311E+00    1.70166E+00    1.73278E+00    2.42822E+00
    1.66904E+00    4.07908E+00    1.71196E+00    5.00000E-01    2.16420E+00   -4.29807E-02    1.47049E+00    1.73278E+00    1.75315E+00    2.46803E+00
    2.14566E+00    6.38435E+00    2.30527E+00    5.00000E-01    2.24156E+00   -4.27614E-02    1.49657E+00    1.75315E+00    1.77365E+00    2.50144E+00
    2.62767E+00    9.36315E+00    2.97880E+00    5.00000E-01    2.33873E+00   -5.32709E-02    1.52836E+00    1.77365E+00    1.79947E+00    2.53783E+00
    3.11513E+00    1.31254E+01    3.76225E+00    5.00000E-01    2.46378E+00   -7.54332E-02    1.56783E+00    1.79947E+00    1.83645E+00    2.58338E+00
    3.60810E+00    1.78284E+01    4.70299E+00    5.00000E-01    2.62934E+00   -1.20503E-01    1.61704E+00    1.83645E+00    1.89618E+00    2.64497E+00
    4.10663E+00    2.36984E+01    5.87003E+00    5.00000E-01    2.85118E+00   -2.25084E-01    1.67348E+00    1.89618E+00    2.00903E+00    2.73292E+00
    4.61080E+00    3.11437E+01    7.44523E+00    5.00000E-01    3.18487E+00   -5.13790E-01    1.70906E+00    2.00903E+00    2.26952E+00    2.86356E+00
    5.12067E+00    3.78187E+01    6.67507E+00    9.63414E-01    2.54238E+00   -4.13430E-01    1.53995E+00    1.49954E+00    1.71152E+00    2.26952E+00
    5.63630E+00    4.52876E+01    7.46886E+00    9.63414E-01    2.55559E+00   -3.50332E-01    1.55976E+00    1.71152E+00    1.89318E+00    2.49140E+00
    6.15775E+00    5.51952E+01    9.90762E+00    9.63414E-01    3.06830E+00   -6.26471E-01    1.63580E+00    1.89318E+00    2.22169E+00    2.71108E+00
    6.68510E+00    6.40408E+01    8.84557E+00    1.43207E+00    2.49510E+00   -5.15513E-01    1.49310E+00    1.52976E+00    1.80315E+00    2.22169E+00
    7.21840E+00    7.50069E+01    1.09661E+01    1.43207E+00    2.83272E+00   -6.77908E-01    1.54051E+00    1.80315E+00    2.16671E+00    2.51704E+00
    7.75774E+00    8.43587E+01    9.35175E+00    1.90601E+00    2.22264E+00   -5.12598E-01    1.39996E+00    1.51062E+00    1.78863E+00    2.16671E+00
    8.30316E+00    9.65600E+01    1.22013E+01    1.90601E+00    2.67912E+00   -6.88359E-01    1.48502E+00    1.78863E+00    2.16619E+00    2.48459E+00
    8.85475E+00    1.07205E+02    1.06455E+01    2.38531E+00    2.16741E+00   -5.22999E-01    1.37618E+00    1.51395E+00    1.80405E+00    2.16619E+00
    9.41258E+00    1.21548E+02    1.43424E+01    2.38531E+00    2.71634E+00   -7.26663E-01    1.47929E+00    1.80405E+00    2.21168E+00    2.50516E+00
    9.97670E+00    1.34503E+02    1.29555E+01    2.87003E+00    2.28906E+00   -5.77527E-01    1.39840E+00    1.54142E+00    1.86905E+00    2.21168E+00
    1.05472E+01    1.53071E+02    1.85680E+01    2.87003E+00    3.06859E+00   -8.77830E-01    1.51592E+00    1.86905E+00    2.37267E+00    2.59564E+00
    1.11242E+01    1.73239E+02    2.01672E+01    3.36023E+00    3.12471E+00   -1.01436E+00    1.44768E+00    1.67095E+00    2.25947E+00    2.37267E+00
    1.17076E+01    1.91512E+02    1.82731E+01    3.85596E+00    2.66008E+00   -9.98575E-01    1.28954E+00    1.62734E+00    2.21325E+00    2.25947E+00
    1.22977E+01    2.09410E+02    1.78987E+01    4.35730E+00    2.45283E+00   -9.83587E-01    1.21877E+00    1.60907E+00    2.19270E+00    2.21325E+00
    1.28944E+01    2.27545E+02    1.81343E+01    4.86430E+00    2.34363E+00   -9.76764E-01    1.17880E+00    1.60173E+00    2.18786E+00    2.19270E+00
    1.34979E+01    2.46357E+02    1.88121E+01    5.37703E+00    2.29658E+00   -9.80395E-01    1.15560E+00    1.60197E+00    2.19694E+00    2.18786E+00
    1.41082E+01    2.66355E+02    1.99978E+01    5.89556E+00    2.30963E+00   -9.99607E-01    1.14473E+00    1.61000E+00    2.22348E+00    2.19694E+00
    1.47254E+01    2.88417E+02    2.20626E+01    6.41994E+00    2.41402E+00   -1.05030E+00    1.14495E+00    1.62979E+00    2.28166E+00    2.22348E+00
    1.53495E+01    3.15107E+02    2.66894E+01    6.95025E+00    2.77022E+00   -1.20281E+00    1.15042E+00    1.67840E+00    2.43337E+00    2.28166E+00
    1.59807E+01    3.31738E+02    1.66315E+01    8.02892E+00    1.63955E+00   -1.03708E+00    7.51015E-01    1.51877E+00    2.17707E+00    1.92154E+00
    1.66191E+01    3.57454E+02    2.57158E+01    8.57741E+00    2.41048E+00   -1.20182E+00    9.82907E-01    1.64397E+00    2.41546E+00    2.17707E+00
    1.72646E+01    3.78407E+02    2.09534E+01    9.69305E+00    1.86950E+00   -1.17659E+00    6.96517E-01    1.55544E+00    2.31927E+00    1.94179E+00
    1.79175E+01    3.98856E+02    2.04488E+01    1.08341E+01    1.73836E+00   -1.15724E+00    6.31786E-01    1.53932E+00    2.29907E+00    1.89773E+00
    1.85777E+01    4.21099E+02    2.22431E+01    1.20010E+01    1.80332E+00   -1.20241E+00    5.97933E-01    1.55175E+00    2.35009E+00    1.89867E+00
    1.92454E+01    4.40418E+02    1.93190E+01    1.38013E+01    1.49502E+00   -1.13977E+00    4.42651E-01    1.49582E+00    2.26111E+00    1.76145E+00
    1.99207E+01    4.55753E+02    1.53345E+01    1.62981E+01    1.13364E+00   -1.01096E+00    3.34054E-01    1.43662E+00    2.12309E+00    1.64629E+00
    2.06035E+01    4.68640E+02    1.28873E+01    1.89097E+01    9.10859E-01   -9.09715E-01    2.88577E-01    1.40395E+00    2.02866E+00    1.59341E+00
    2.12941E+01    4.82339E+02    1.36994E+01    2.09469E+01    9.26388E-01   -9.15782E-01    2.96193E-01    1.42049E+00    2.05646E+00    1.62161E+00
    2.19925E+01    4.94293E+02    1.19541E+01    2.37722E+01    7.73951E-01   -8.45392E-01    2.43441E-01    1.39197E+00    1.98570E+00    1.56487E+00
    2.26988E+01    5.04786E+02    1.04929E+01    2.67274E+01    6.50852E-01   -7.76926E-01    2.17343E-01    1.37130E+00    1.92311E+00    1.53276E+00
    2.34130E+01    5.15973E+02    1.11866E+01    2.90326E+01    6.65196E-01   -7.83784E-01    2.25564E-01    1.38732E+00    1.95029E+00    1.56063E+00
    2.41354E+01    5.25496E+02    9.52292E+00    3.22296E+01    5.43183E-01   -7.12872E-01    1.87076E-01    1.35814E+00    1.87597E+00    1.50849E+00
    2.48659E+01    5.35247E+02    9.75130E+00    3.47234E+01    5.33838E-01   -7.04573E-01    1.93427E-01    1.36671E+00    1.88429E+00    1.52749E+00
    2.56046E+01    5.44941E+02    9.69405E+00    3.73028E+01    5.09633E-01   -6.89379E-01    1.85444E-01    1.36687E+00    1.87901E+00    1.52631E+00
    2.63517E+01    5.54500E+02    9.55924E+00    3.99705E+01    4.82842E-01   -6.72232E-01    1.75913E-01    1.36524E+00    1.87029E+00    1.52167E+00
    2.71072E+01    5.63893E+02    9.39265E+00    4.27298E+01    4.56051E-01   -6.54518E-01    1.66302E-01    1.36290E+00    1.86019E+00    1.51585E+00
    2.78713E+01    5.73100E+02    9.20722E+00    4.55836E+01    4.29933E-01   -6.36631E-01    1.56954E-01    1.36014E+00    1.84931E+00    1.50944E+00
    2.86440E+01    5.82104E+02    9.00352E+00    4.85353E+01    4.04509E-01   -6.18560E-01    1.47963E-01    1.35698E+00    1.83763E+00    1.50255E+00
    2.94255E+01    5.90874E+02    8.77043E+00    5.15882E+01    3.79287E-01   -5.99891E-01    1.39345E-01    1.35319E+00    1.82460E+00    1.49499E+00
    3.02157E+01    5.99339E+02    8.46446E+00    5.47457E+01    3.52498E-01   -5.79053E-01    1.31131E-01    1.34796E+00    1.80814E+00    1.48597E+00
    3.10149E+01    6.07151E+02    7.81247E+00    5.80115E+01    3.13421E-01   -5.45843E-01    1.24404E-01    1.33624E+00    1.77492E+00    1.47166E+00
    3.18232E+01    6.16378E+02    9.22694E+00    6.02507E+01    3.56734E-01   -5.77437E-01    1.52647E-01    1.37015E+00    1.83947E+00    1.54009E+00
    3.26405E+01    6.24754E+02    8.37573E+00    6.37052E+01    3.12187E-01   -5.46452E-01    1.16524E-01    1.34737E+00    1.79653E+00    1.48154E+00
    3.34671E+01    6.32349E+02    7.59553E+00    6.72782E+01    2.73029E-01   -5.11175E-01    1.08303E-01    1.33224E+00    1.75716E+00    1.46123E+00
    3.43031E+01    6.41127E+02    8.77714E+00    6.97280E+01    3.04375E-01   -5.35470E-01    1.32842E-01    1.36168E+00    1.81182E+00    1.52348E+00
    3.51485E+01    6.48647E+02    7.52068E+00    7.35074E+01    2.51687E-01   -4.91350E-01    1.01302E-01    1.33106E+00    1.74878E+00    1.45868E+00
    3.60034E+01    6.56967E+02    8.31980E+00    7.60988E+01    2.68781E-01   -5.03445E-01    1.23792E-01    1.35294E+00    1.78577E+00    1.51243E+00
    3.68680E+01    6.66061E+02    9.09380E+00    7.87490E+01    2.83691E-01   -5.17847E-01    1.24604E-01    1.36791E+00    1.81815E+00    1.53210E+00
    3.77424E+01    6.73784E+02    7.72309E+00    8.28378E+01    2.32719E-01   -4.73696E-01    9.12721E-02    1.33462E+00    1.75113E+00    1.45901E+00
    3.86267E+01    6.82485E+02    8.70120E+00    8.56412E+01    2.53327E-01   -4.91024E-01    1.10558E-01    1.35909E+00    1.79572E+00    1.51319E+00
    3.95209E+01    6.89854E+02    7.36842E+00    8.99662E+01    2.07328E-01   -4.47766E-01    8.26632E-02    1.32700E+00    1.72966E+00    1.44617E+00
    4.04252E+01    6.97820E+02    7.96628E+00    9.29317E+01    2.16687E-01   -4.54315E-01    1.01417E-01    1.34439E+00    1.75756E+00    1.49392E+00
    4.13398E+01    7.06096E+02    8.27592E+00    9.59645E+01    2.17670E-01   -4.55190E-01    1.02330E-01    1.35086E+00    1.76950E+00    1.50516E+00
    4.22647E+01    7.14648E+02    8.55190E+00    9.90662E+01    2.17548E-01   -4.55397E-01    1.00806E-01    1.35594E+00    1.77951E+00    1.51140E+00
    4.32001E+01    7.23681E+02    9.03308E+00    1.02238E+02    2.22301E-01   -4.61206E-01    9.79305E-02    1.36444E+00    1.79826E+00    1.51890E+00
    4.41460E+01    7.31184E+02    7.50374E+00    1.07133E+02    1.78688E-01   -4.16884E-01    6.99724E-02    1.32837E+00    1.72492E+00    1.44251E+00
    4.51026E+01    7.39189E+02    8.00470E+00    1.10488E+02    1.84490E-01   -4.20872E-01    8.57749E-02    1.34313E+00    1.74800E+00    1.48623E+00
    4.60700E+01    7.47397E+02    8.20829E+00    1.13920E+02    1.83140E-01   -4.19203E-01    8.60783E-02    1.34736E+00    1.75519E+00    1.49424E+00
    4.70484E+01    7.55724E+02    8.32651E+00    1.17430E+02    1.79882E-01   -4.15622E-01    8.45016E-02    1.34937E+00    1.75828E+00    1.49683E+00
    4.80378E+01    7.64133E+02    8.40871E+00    1.21019E+02    1.75928E-01   -4.11253E-01    8.24569E-02    1.35053E+00    1.75972E+00    1.49770E+00
    4.90384E+01    7.72604E+02    8.47103E+00    1.24691E+02    1.71676E-01   -4.06490E-01    8.02628E-02    1.35126E+00    1.76028E+00    1.49776E+00
    5.00503E+01    7.81124E+02    8.51985E+00    1.28445E+02    1.67284E-01   -4.01493E-01    7.80254E-02    1.35171E+00    1.76026E+00    1.49737E+00
    5.10736E+01    7.89681E+02    8.55751E+00    1.32285E+02    1.62817E-01   -3.96325E-01    7.57884E-02    1.35194E+00    1.75979E+00    1.49663E+00
    5.21085E+01    7.98265E+02    8.58387E+00    1.36212E+02    1.58287E-01   -3.90991E-01    7.35719E-02    1.35195E+00    1.75885E+00    1.49560E+00
    5.31551E+01    8.06861E+02    8.59622E+00    1.40229E+02    1.53657E-01   -3.85436E-01    7.13858E-02    1.35169E+00    1.75735E+00    1.49425E+00
    5.42135E+01    8.15448E+02    8.58726E+00    1.44337E+02    1.48818E-01   -3.79506E-01    6.92375E-02    1.35103E+00    1.75496E+00    1.49244E+00
    5.52839E+01    8.23986E+02    8.53768E+00    1.48538E+02    1.43473E-01   -3.72779E-01    6.71477E-02    1.34960E+00    1.75085E+00    1.48985E+00
    5.63664E+01    8.32368E+02    8.38216E+00    1.52834E+02    1.36611E-01   -3.63804E-01    6.52483E-02    1.34615E+00    1.74217E+00    1.48554E+00
    5.74611E+01    8.40094E+02    7.72581E+00    1.57229E+02    1.22135E-01   -3.43368E-01    6.50665E-02    1.33311E+00    1.71111E+00    1.47527E+00
    5.85682E+01    8.50873E+02    1.07787E+01    1.59463E+02    1.65308E-01   -3.82218E-01    1.38627E-01    1.40482E+00    1.83034E+00    1.71111E+00
    5.96878E+01    8.60276E+02    9.40354E+00    1.64008E+02    1.39932E-01   -3.68069E-01    6.67571E-02    1.36504E+00    1.77944E+00    1.51589E+00
    6.08200E+01    8.69392E+02    9.11596E+00    1.68656E+02    1.31639E-01   -3.57638E-01    6.11100E-02    1.35821E+00    1.76541E+00    1.49944E+00
    6.19650E+01    8.78251E+02    8.85826E+00    1.73410E+02    1.24151E-01   -3.47453E-01    5.85462E-02    1.35274E+00    1.75282E+00    1.49112E+00
    6.31230E+01    8.86385E+02    8.13485E+00    1.78272E+02    1.10671E-01   -3.27564E-01    5.80737E-02    1.33874E+00    1.72018E+00    1.47912E+00
    6.42940E+01    8.97604E+02    1.12185E+01    1.80744E+02    1.48168E-01   -3.63277E-01    1.27271E-01    1.40906E+00    1.83686E+00    1.72018E+00
    6.54783E+01    9.07321E+02    9.71687E+00    1.85773E+02    1.24606E-01   -3.47986E-01    5.92585E-02    1.36804E+00    1.78247E+00    1.51620E+00
    6.66760E+01    9.16605E+02    9.28454E+00    1.90916E+02    1.15617E-01   -3.35667E-01    5.42641E-02    1.35881E+00    1.76308E+00    1.49756E+00
    6.78872E+01    9.25081E+02    8.47573E+00    1.96176E+02    1.02504E-01   -3.15685E-01    5.33547E-02    1.34342E+00    1.72793E+00    1.48295E+00
    6.91121E+01    9.36651E+02    1.15698E+01    1.98850E+02    1.35907E-01   -3.48814E-01    1.19314E-01    1.41238E+00    1.84204E+00    1.72793E+00
    7.03508E+01    9.46534E+02    9.88311E+00    2.04290E+02    1.12775E-01   -3.31403E-01    5.42930E-02    1.36898E+00    1.78181E+00    1.51583E+00
    7.16036E+01    9.55429E+02    8.89513E+00    2.09854E+02    9.86116E-02   -3.09854E-01    5.10087E-02    1.35006E+00    1.74040E+00    1.49116E+00
    7.28704E+01    9.67482E+02    1.20527E+01    2.12683E+02    1.29826E-01   -3.41453E-01    1.15048E-01    1.41855E+00    1.85357E+00    1.74040E+00
    7.41516E+01    9.77740E+02    1.02578E+01    2.18438E+02    1.07370E-01   -3.23630E-01    5.13164E-02    1.37404E+00    1.79101E+00    1.52086E+00
    7.54473E+01    9.86963E+02    9.22313E+00    2.24323E+02    9.38219E-02   -3.02501E-01    4.81146E-02    1.35467E+00    1.74882E+00    1.49546E+00
    7.67576E+01    9.99393E+02    1.24304E+01    2.27316E+02    1.22901E-01   -3.32811E-01    1.10171E-01    1.42281E+00    1.86134E+00    1.74882E+00
    7.80828E+01    1.00994E+03    1.05473E+01    2.33403E+02    1.01367E-01   -3.14694E-01    4.83118E-02    1.37754E+00    1.79689E+00    1.52375E+00
    7.94229E+01    1.01937E+03    9.43165E+00    2.39628E+02    8.81194E-02   -2.93372E-01    4.53043E-02    1.35707E+00    1.75242E+00    1.49729E+00
    8.07781E+01    1.03194E+03    1.25722E+01    2.42794E+02    1.14200E-01   -3.21149E-01    1.05186E-01    1.42317E+00    1.86085E+00    1.75242E+00
    8.21487E+01    1.04200E+03    1.00587E+01    2.49232E+02    8.88408E-02   -2.94371E-01    4.67585E-02    1.36806E+00    1.77378E+00    1.51775E+00
    8.35347E+01    1.05527E+03    1.32655E+01    2.52507E+02    1.13932E-01   -3.20722E-01    1.05212E-01    1.43315E+00    1.88019E+00    1.77378E+00
    8.49364E+01    1.06585E+03    1.05796E+01    2.59166E+02    8.83659E-02   -2.93712E-01    4.58160E-02    1.37613E+00    1.79014E+00    1.52783E+00
    8.63540E+01    1.07983E+03    1.39770E+01    2.62552E+02    1.13543E-01   -3.20612E-01    1.03690E-01    1.44293E+00    1.89997E+00    1.79014E+00
    8.77875E+01    1.09156E+03    1.17332E+01    2.69440E+02    9.27117E-02   -3.01380E-01    4.33800E-02    1.39384E+00    1.82832E+00    1.54240E+00
    8.92373E+01    1.10203E+03    1.04751E+01    2.76485E+02    8.05158E-02   -2.80857E-01    4.04357E-02    1.37215E+00    1.78161E+00    1.51377E+00
    9.07034E+01    1.11586E+03    1.38307E+01    2.80067E+02    1.03422E-01   -3.06668E-01    9.68317E-02    1.43863E+00    1.89078E+00    1.78161E+00
    9.21861E+01    1.12693E+03    1.10662E+01    2.87353E+02    8.05090E-02   -2.80681E-01    4.15607E-02    1.38193E+00    1.80044E+00    1.53248E+00
    9.36856E+01    1.14138E+03    1.44504E+01    2.91058E+02    1.02291E-01   -3.04930E-01    9.64801E-02    1.44699E+00    1.90679E+00    1.80044E+00
    9.52020E+01    1.15285E+03    1.14689E+01    2.98594E+02    7.89997E-02   -2.78113E-01    4.06525E-02    1.38769E+00    1.81180E+00    1.54001E+00
    9.67356E+01    1.16777E+03    1.49154E+01    3.02425E+02    9.99814E-02   -3.01660E-01    9.47756E-02    1.45269E+00    1.91790E+00    1.81180E+00
    9.82864E+01    1.17956E+03    1.17926E+01    3.10220E+02    7.69316E-02   -2.74530E-01    3.95597E-02    1.39202E+00    1.82018E+00    1.54532E+00
    9.98548E+01    1.19482E+03    1.52581E+01    3.14183E+02    9.68817E-02   -2.97101E-01    9.28039E-02    1.45648E+00    1.92507E+00    1.82018E+00
    1.01441E+02    1.20667E+03    1.18506E+01    3.22244E+02    7.32413E-02   -2.67853E-01    3.86792E-02    1.39215E+00    1.81938E+00    1.54717E+00
    1.03045E+02    1.22150E+03    1.48355E+01    3.26343E+02    8.92536E-02   -2.84446E-01    9.13457E-02    1.44913E+00    1.90796E+00    1.81938E+00
    1.04667E+02    1.23899E+03    1.74880E+01    3.30489E+02    1.02424E-01   -3.03113E-01    1.02695E-01    1.48700E+00    1.98146E+00    1.90796E+00
    1.06308E+02    1.25230E+03    1.33083E+01    3.38921E+02    7.58833E-02   -2.72761E-01    3.85299E-02    1.41346E+00    1.86344E+00    1.57499E+00
    1.07967E+02    1.26941E+03    1.71136E+01    3.43208E+02    9.50084E-02   -2.94638E-01    9.05367E-02    1.47960E+00    1.97116E+00    1.86344E+00
    1.09645E+02    1.28290E+03    1.34886E+01    3.51929E+02    7.29140E-02   -2.67534E-01    3.66037E-02    1.41501E+00    1.86640E+00    1.57373E+00
    1.11341E+02    1.30023E+03    1.73343E+01    3.56364E+02    9.12429E-02   -2.89020E-01    8.78086E-02    1.48136E+00    1.97451E+00    1.86640E+00
    1.13057E+02    1.31372E+03    1.34883E+01    3.65384E+02    6.91397E-02   -2.60521E-01    3.56143E-02    1.41423E+00    1.86377E+00    1.57395E+00
    1.14793E+02    1.33052E+03    1.67980E+01    3.69970E+02    8.38557E-02   -2.76460E-01    8.61729E-02    1.47295E+00    1.95539E+00    1.86377E+00
    1.16547E+02    1.35021E+03    1.96923E+01    3.74609E+02    9.57422E-02   -2.93899E-01    9.67773E-02    1.51151E+00    2.03017E+00    1.95539E+00
    1.18322E+02    1.36521E+03    1.49947E+01    3.84044E+02    7.10069E-02   -2.64111E-01    3.53899E-02    1.43483E+00    1.90620E+00    1.60084E+00
    1.20117E+02    1.38433E+03    1.91225E+01    3.88841E+02    8.82041E-02   -2.84511E-01    8.51919E-02    1.50206E+00    2.01557E+00    1.90620E+00
    1.21932E+02    1.39917E+03    1.48404E+01    3.98599E+02    6.66804E-02   -2.56000E-01    3.38297E-02    1.43170E+00    1.89898E+00    1.59583E+00
    1.23768E+02    1.41756E+03    1.83903E+01    4.03561E+02    8.04955E-02   -2.71289E-01    8.30519E-02    1.49148E+00    1.99226E+00    1.89898E+00
    1.25624E+02    1.43899E+03    2.14282E+01    4.08579E+02    9.13738E-02   -2.87567E-01    9.31604E-02    1.53000E+00    2.06682E+00    1.99226E+00
    1.27501E+02    1.45507E+03    1.60800E+01    4.18786E+02    6.68038E-02   -2.56255E-01    3.37215E-02    1.44779E+00    1.93156E+00    1.61891E+00
    1.29400E+02    1.47492E+03    1.98490E+01    4.23976E+02    8.03442E-02   -2.71200E-01    8.24296E-02    1.50853E+00    2.02630E+00    1.93156E+00
    1.31320E+02    1.49802E+03    2.30972E+01    4.29225E+02    9.10960E-02   -2.87409E-01    9.21527E-02    1.54803E+00    2.10295E+00    2.02630E+00
    1.33262E+02    1.51563E+03    1.76126E+01    4.39901E+02    6.76876E-02   -2.58101E-01    3.27358E-02    1.46664E+00    1.97060E+00    1.64040E+00
    1.35225E+02    1.53796E+03    2.23344E+01    4.45329E+02    8.36422E-02   -2.77700E-01    8.07761E-02    1.53700E+00    2.08536E+00    1.97060E+00
    1.37211E+02    1.55535E+03    1.73895E+01    4.56371E+02    6.34642E-02   -2.49978E-01    3.12278E-02    1.46287E+00    1.96206E+00    1.63431E+00
    1.39219E+02    1.57680E+03    2.14465E+01    4.61986E+02    7.62795E-02   -2.64754E-01    7.86435E-02    1.52543E+00    2.06011E+00    1.96206E+00
    1.41250E+02    1.60166E+03    2.48631E+01    4.67664E+02    8.61858E-02   -2.80033E-01    8.81317E-02    1.56527E+00    2.13720E+00    2.06011E+00
    1.43304E+02    1.62035E+03    1.86860E+01    4.79214E+02    6.31316E-02   -2.49329E-01    3.10925E-02    1.47840E+00    1.99337E+00    1.65694E+00
    1.45381E+02    1.64325E+03    2.29067E+01    4.85087E+02    7.54334E-02   -2.63380E-01    7.78755E-02    1.54113E+00    2.09127E+00    1.99337E+00
    1.47482E+02    1.66967E+03    2.64112E+01    4.91026E+02    8.47774E-02   -2.77878E-01    8.69566E-02    1.58058E+00    2.16756E+00    2.09127E+00
    1.49606E+02    1.68934E+03    1.96769E+01    5.03107E+02    6.15682E-02   -2.46256E-01    3.04378E-02    1.48946E+00    2.01552E+00    1.67228E+00
    1.51754E+02    1.71319E+03    2.38494E+01    5.09249E+02    7.27456E-02   -2.58614E-01    7.65790E-02    1.55036E+00    2.10907E+00    2.01552E+00
    1.53927E+02    1.73987E+03    2.66792E+01    5.15462E+02    7.93319E-02   -2.68259E-01    8.58415E-02    1.58176E+00    2.16785E+00    2.10907E+00
    1.56124E+02    1.76976E+03    2.98887E+01    5.21744E+02    8.66457E-02   -2.80570E-01    8.90282E-02    1.61478E+00    2.23470E+00    2.16785E+00
    1.58346E+02    1.79188E+03    2.21201E+01    5.34523E+02    6.25185E-02   -2.48218E-01    3.01025E-02    1.51660E+00    2.07123E+00    1.70785E+00
    1.60593E+02    1.81884E+03    2.69617E+01    5.41021E+02    7.42967E-02   -2.61740E-01    7.60863E-02    1.58236E+00    2.17381E+00    2.07123E+00
    1.62866E+02    1.84977E+03    3.09328E+01    5.47592E+02    8.31111E-02   -2.75561E-01    8.47172E-02    1.62333E+00    2.25305E+00    2.17381E+00
    1.65164E+02    1.87283E+03    2.30587E+01    5.60958E+02    6.04102E-02   -2.44057E-01    2.90902E-02    1.52597E+00    2.09000E+00    1.71929E+00
    1.67488E+02    1.90068E+03    2.78497E+01    5.67755E+02    7.11454E-02   -2.56152E-01    7.43738E-02    1.59016E+00    2.18883E+00    2.09000E+00
    1.69838E+02    1.93173E+03    3.10490E+01    5.74628E+02    7.73467E-02   -2.65352E-01    8.32774E-02    1.62283E+00    2.25001E+00    2.18883E+00
    1.72215E+02    1.96637E+03    3.46408E+01    5.81579E+02    8.41523E-02   -2.76960E-01    8.62865E-02    1.65693E+00    2.31894E+00    2.25001E+00
    1.74619E+02    1.99189E+03    2.55161E+01    5.95718E+02    6.04494E-02   -2.44177E-01    2.87542E-02    1.55115E+00    2.14140E+00    1.75328E+00
    1.77050E+02    2.02261E+03    3.07230E+01    6.02907E+02    7.09834E-02   -2.56023E-01    7.37268E-02    1.61727E+00    2.24315E+00    2.14140E+00
    1.79508E+02    2.05679E+03    3.41752E+01    6.10178E+02    7.70080E-02   -2.64987E-01    8.24019E-02    1.65073E+00    2.30584E+00    2.24315E+00
    1.81994E+02    2.09485E+03    3.80583E+01    6.17531E+02    8.36413E-02   -2.76348E-01    8.52839E-02    1.68578E+00    2.37670E+00    2.30584E+00
    1.84509E+02    2.12291E+03    2.80693E+01    6.32487E+02    6.01678E-02   -2.43670E-01    2.81538E-02    1.57589E+00    2.19200E+00    1.78524E+00
    1.87052E+02    2.15667E+03    3.37538E+01    6.40091E+02    7.05717E-02   -2.55480E-01    7.28112E-02    1.64447E+00    2.29773E+00    2.19200E+00
    1.89623E+02    2.19418E+03    3.75087E+01    6.47782E+02    7.64945E-02   -2.64343E-01    8.13479E-02    1.67909E+00    2.36265E+00    2.29773E+00
    1.92223E+02    2.23590E+03    4.17265E+01    6.55560E+02    8.30070E-02   -2.75541E-01    8.41677E-02    1.71533E+00    2.43591E+00    2.36265E+00
    1.94853E+02    2.26674E+03    3.08365E+01    6.71380E+02    5.98393E-02   -2.43065E-01    2.75416E-02    1.60149E+00    2.24432E+00    1.81812E+00
    1.97513E+02    2.30378E+03    3.70376E+01    6.79424E+02    7.01127E-02   -2.54847E-01    7.18732E-02    1.67260E+00    2.35420E+00    2.24432E+00
    2.00203E+02    2.34489E+03    4.11171E+01    6.87560E+02    7.59315E-02   -2.63604E-01    8.02777E-02    1.70842E+00    2.42141E+00    2.35420E+00
    2.02923E+02    2.39058E+03    4.56888E+01    6.95787E+02    8.23131E-02   -2.74622E-01    8.30397E-02    1.74586E+00    2.49704E+00    2.42141E+00
    2.05673E+02    2.42440E+03    3.38149E+01    7.12521E+02    5.94346E-02   -2.42299E-01    2.69388E-02    1.62781E+00    2.29807E+00    1.85194E+00
    2.08455E+02    2.46495E+03    4.05508E+01    7.21030E+02    6.95370E-02   -2.53984E-01    7.09172E-02    1.70136E+00    2.41188E+00    2.29807E+00
    2.11269E+02    2.50989E+03    4.49442E+01    7.29636E+02    7.51949E-02   -2.62537E-01    7.91772E-02    1.73814E+00    2.48089E+00    2.41188E+00
    2.14114E+02    2.55973E+03    4.98354E+01    7.38338E+02    8.13509E-02   -2.73219E-01    8.18685E-02    1.77638E+00    2.55808E+00    2.48089E+00
    2.16991E+02    2.59651E+03    3.67835E+01    7.56040E+02    5.85869E-02   -2.40607E-01    2.63676E-02    1.65286E+00    2.34904E+00    1.88492E+00
    2.19901E+02    2.64038E+03    4.38637E+01    7.65041E+02    6.81692E-02   -2.51569E-01    6.98729E-02    1.72714E+00    2.46326E+00    2.34904E+00
    2.22843E+02    2.68848E+03    4.81012E+01    7.74144E+02    7.29433E-02   -2.58574E-01    7.79922E-02    1.76125E+00    2.52641E+00    2.46326E+00
    2.25819E+02    2.74031E+03    5.18366E+01    7.83349E+02    7.67052E-02   -2.64861E-01    8.09554E-02    1.78950E+00    2.58213E+00    2.52641E+00
    2.28829E+02    2.79712E+03    5.68064E+01    7.92659E+02    8.20268E-02   -2.74357E-01    8.21896E-02    1.82552E+00    2.65584E+00    2.58213E+00
    2.31872E+02    2.83873E+03    4.16077E+01    8.11595E+02    5.86291E-02   -2.40729E-01    2.60524E-02    1.69178E+00    2.42856E+00    1.93706E+00
    2.34950E+02    2.88812E+03    4.93919E+01    8.21224E+02    6.79186E-02   -2.51223E-01    6.93224E-02    1.76853E+00    2.54612E+00    2.42856E+00
    2.38063E+02    2.94196E+03    5.38438E+01    8.30961E+02    7.22559E-02   -2.57463E-01    7.72563E-02    1.80223E+00    2.60814E+00    2.54612E+00
    2.41211E+02    2.99939E+03    5.74261E+01    8.40809E+02    7.52077E-02   -2.62269E-01    8.01403E-02    1.82777E+00    2.65800E+00    2.60814E+00
    2.44394E+02    3.06061E+03    6.12209E+01    8.50768E+02    7.82489E-02   -2.67546E-01    8.16585E-02    1.85386E+00    2.71036E+00    2.65800E+00
    2.47614E+02    3.12734E+03    6.67300E+01    8.60839E+02    8.32406E-02   -2.76519E-01    8.23272E-02    1.89047E+00    2.78570E+00    2.71036E+00
    2.50870E+02    3.17622E+03    4.88810E+01    8.81325E+02    5.95116E-02   -2.42587E-01    2.57495E-02    1.74644E+00    2.54070E+00    2.00871E+00
    2.54162E+02    3.23425E+03    5.80323E+01    8.91741E+02    6.89585E-02   -2.53351E-01    6.90787E-02    1.82916E+00    2.66803E+00    2.54070E+00
    2.57492E+02    3.29768E+03    6.34251E+01    9.02276E+02    7.35608E-02   -2.60082E-01    7.69294E-02    1.86668E+00    2.73756E+00    2.66803E+00
    2.60859E+02    3.36585E+03    6.81666E+01    9.12929E+02    7.71676E-02   -2.66106E-01    7.97207E-02    1.89775E+00    2.79887E+00    2.73756E+00
    2.64265E+02    3.44034E+03    7.44980E+01    9.23703E+02    8.23179E-02   -2.75285E-01    8.08474E-02    1.93757E+00    2.88031E+00    2.79887E+00
    2.67709E+02    3.49507E+03    5.47229E+01    9.45618E+02    5.90222E-02   -2.41638E-01    2.51687E-02    1.78726E+00    2.62413E+00    2.06149E+00
    2.71192E+02    3.55985E+03    6.47876E+01    9.56761E+02    6.82095E-02   -2.52120E-01    6.81548E-02    1.87315E+00    2.75619E+00    2.62413E+00
    2.74714E+02    3.63033E+03    7.04753E+01    9.68030E+02    7.24279E-02   -2.58203E-01    7.58879E-02    1.91055E+00    2.82511E+00    2.75619E+00
    2.78276E+02    3.70534E+03    7.50147E+01    9.79426E+02    7.52558E-02   -2.62810E-01    7.86567E-02    1.93871E+00    2.88011E+00    2.82511E+00
    2.81878E+02    3.78514E+03    7.97940E+01    9.90952E+02    7.81444E-02   -2.67824E-01    8.00915E-02    1.96735E+00    2.93754E+00    2.88011E+00
    2.85521E+02    3.87185E+03    8.67114E+01    1.00261E+03    8.28986E-02   -2.76380E-01    8.07009E-02    2.00744E+00    3.01995E+00    2.93754E+00
    2.89205E+02    3.93534E+03    6.34897E+01    1.02631E+03    5.92552E-02   -2.42154E-01    2.48336E-02    1.84487E+00    2.74201E+00    2.13759E+00
    2.92931E+02    4.01027E+03    7.49322E+01    1.03837E+03    6.82735E-02   -2.52377E-01    6.76693E-02    1.93536E+00    2.88095E+00    2.74201E+00
    2.96699E+02    4.09149E+03    8.12152E+01    1.05056E+03    7.22421E-02   -2.58027E-01    7.52591E-02    1.97369E+00    2.95137E+00    2.88095E+00
    3.00509E+02    4.17748E+03    8.59950E+01    1.06289E+03    7.46800E-02   -2.61928E-01    7.79340E-02    2.00125E+00    3.00493E+00    2.95137E+00
    3.04363E+02    4.26806E+03    9.05744E+01    1.07536E+03    7.67932E-02   -2.65517E-01    7.93354E-02    2.02679E+00    3.05572E+00    3.00493E+00
    3.08260E+02    4.36388E+03    9.58246E+01    1.08797E+03    7.93211E-02   -2.69969E-01    8.02354E-02    2.05531E+00    3.11331E+00    3.05572E+00
    3.12201E+02    4.46764E+03    1.03763E+02    1.10072E+03    8.38601E-02   -2.78148E-01    8.05854E-02    2.09718E+00    3.19955E+00    3.11331E+00
    3.16187E+02    4.54357E+03    7.59256E+01    1.12666E+03    5.99120E-02   -2.43536E-01    2.45353E-02    1.92011E+00    2.89621E+00    2.23652E+00
    3.20217E+02    4.63302E+03    8.94527E+01    1.13985E+03    6.89187E-02   -2.53732E-01    6.73709E-02    2.01759E+00    3.04604E+00    2.89621E+00
    3.24294E+02    4.72984E+03    9.68215E+01    1.15318E+03    7.28354E-02   -2.59288E-01    7.48677E-02    2.05861E+00    3.12147E+00    3.04604E+00
    3.28416E+02    4.83225E+03    1.02405E+02    1.16667E+03    7.52190E-02   -2.63089E-01    7.74800E-02    2.08804E+00    3.17866E+00    3.12147E+00
    3.32585E+02    4.93999E+03    1.07747E+02    1.18031E+03    7.72770E-02   -2.66575E-01    7.88343E-02    2.11528E+00    3.23284E+00    3.17866E+00
    3.36801E+02    5.05386E+03    1.13867E+02    1.19411E+03    7.97434E-02   -2.70910E-01    7.96954E-02    2.14570E+00    3.29427E+00    3.23284E+00
    3.41064E+02    5.17699E+03    1.23130E+02    1.20806E+03    8.42008E-02   -2.78923E-01    8.00158E-02    2.19042E+00    3.38633E+00    3.29427E+00
    3.45376E+02    5.26715E+03    9.01540E+01    1.23644E+03    6.02007E-02   -2.44167E-01    2.41536E-02    1.99893E+00    3.05764E+00    2.33971E+00
    3.49737E+02    5.37315E+03    1.06001E+02    1.25087E+03    6.91189E-02   -2.54257E-01    6.68759E-02    2.10343E+00    3.21835E+00    3.05764E+00
    3.54147E+02    5.48762E+03    1.14477E+02    1.26546E+03    7.28926E-02   -2.59570E-01    7.42690E-02    2.14669E+00    3.29777E+00    3.21835E+00
    3.58606E+02    5.60834E+03    1.20721E+02    1.28022E+03    7.50644E-02   -2.62991E-01    7.68120E-02    2.17688E+00    3.35631E+00    3.29777E+00
    3.63116E+02    5.73476E+03    1.26415E+02    1.29514E+03    7.67610E-02   -2.65818E-01    7.81128E-02    2.20357E+00    3.40915E+00    3.35631E+00
    3.67677E+02    5.86710E+03    1.32342E+02    1.31023E+03    7.84764E-02   -2.68777E-01    7.89638E-02    2.23067E+00    3.46345E+00    3.40915E+00
    3.72290E+02    6.00653E+03    1.39426E+02    1.32550E+03    8.07405E-02   -2.72777E-01    7.95801E-02    2.26236E+00    3.52762E+00    3.46345E+00
    3.76954E+02    6.15693E+03    1.50404E+02    1.34093E+03    8.50589E-02   -2.80529E-01    7.97643E-02    2.31014E+00    3.62606E+00    3.52762E+00
    3.81672E+02    6.26708E+03    1.10148E+02    1.37233E+03    6.08352E-02   -2.45493E-01    2.38437E-02    2.09984E+00    3.26442E+00    2.47205E+00
    3.86442E+02    6.39638E+03    1.29299E+02    1.38830E+03    6.97431E-02   -2.55564E-01    6.65572E-02    2.21370E+00    3.43976E+00    3.26442E+00
    3.91267E+02    6.53584E+03    1.39459E+02    1.40444E+03    7.34655E-02   -2.60787E-01    7.38635E-02    2.26052E+00    3.52577E+00    3.43976E+00
    3.96146E+02    6.68274E+03    1.46906E+02    1.42077E+03    7.55812E-02   -2.64106E-01    7.63484E-02    2.29309E+00    3.58892E+00    3.52577E+00
    4.01080E+02    6.83642E+03    1.53676E+02    1.43728E+03    7.72188E-02   -2.66826E-01    7.76045E-02    2.32180E+00    3.64577E+00    3.58892E+00
    4.06070E+02    6.99713E+03    1.60709E+02    1.45398E+03    7.88695E-02   -2.69667E-01    7.84162E-02    2.35093E+00    3.70412E+00    3.64577E+00
    4.11116E+02    7.16624E+03    1.69110E+02    1.47087E+03    8.10573E-02   -2.73527E-01    7.89959E-02    2.38496E+00    3.77303E+00    3.70412E+00
    4.16220E+02    7.34838E+03    1.82145E+02    1.48795E+03    8.52714E-02   -2.81081E-01    7.91494E-02    2.43638E+00    3.87890E+00    3.77303E+00
    4.21381E+02    7.48180E+03    1.33414E+02    1.52269E+03    6.10034E-02   -2.45872E-01    2.34587E-02    2.20628E+00    3.48236E+00    2.61145E+00
    4.26600E+02    7.63806E+03    1.56259E+02    1.54035E+03    6.97868E-02   -2.55792E-01    6.60086E-02    2.32941E+00    3.67198E+00    3.48236E+00
    4.31879E+02    7.80618E+03    1.68126E+02    1.55821E+03    7.33404E-02   -2.60735E-01    7.31950E-02    2.37906E+00    3.76304E+00    3.67198E+00
    4.37217E+02    7.98275E+03    1.76569E+02    1.57628E+03    7.52325E-02   -2.63662E-01    7.55957E-02    2.41262E+00    3.82796E+00    3.76304E+00
    4.42615E+02    8.16666E+03    1.83913E+02    1.59455E+03    7.65412E-02   -2.65795E-01    7.67750E-02    2.44097E+00    3.88388E+00    3.82796E+00
    4.48074E+02    8.35766E+03    1.91000E+02    1.61303E+03    7.76450E-02   -2.67650E-01    7.75139E-02    2.46772E+00    3.93711E+00    3.88388E+00
    4.53595E+02    8.55599E+03    1.98329E+02    1.63171E+03    7.87527E-02   -2.69554E-01    7.80614E-02    2.49484E+00    3.99141E+00    3.93711E+00
    4.59179E+02    8.76245E+03    2.06457E+02    1.65061E+03    8.00786E-02   -2.71872E-01    7.85141E-02    2.52437E+00    4.05087E+00    3.99141E+00
    4.64825E+02    8.97899E+03    2.16536E+02    1.66972E+03    8.20407E-02   -2.75351E-01    7.88816E-02    2.56031E+00    4.12382E+00    4.05087E+00
    4.70535E+02    9.21156E+03    2.32576E+02    1.68904E+03    8.60758E-02   -2.82579E-01    7.88989E-02    2.61609E+00    4.23876E+00    4.12382E+00
    4.76310E+02    9.38178E+03    1.70217E+02    1.72835E+03    6.15376E-02   -2.46984E-01    2.31585E-02    2.35709E+00    3.79139E+00    2.80970E+00
    4.82150E+02    9.58072E+03    1.98945E+02    1.74834E+03    7.02586E-02   -2.56804E-01    6.56540E-02    2.49375E+00    4.00193E+00    3.79139E+00
    4.88056E+02    9.79438E+03    2.13653E+02    1.76855E+03    7.37067E-02   -2.61566E-01    7.27322E-02    2.54815E+00    4.10166E+00    4.00193E+00
    4.94029E+02    1.00184E+04    2.23974E+02    1.78899E+03    7.54804E-02   -2.64286E-01    7.50555E-02    2.58448E+00    4.17188E+00    4.10166E+00
    5.00069E+02    1.02512E+04    2.32831E+02    1.80967E+03    7.66514E-02   -2.66176E-01    7.61697E-02    2.61479E+00    4.23160E+00    4.17188E+00
    5.06178E+02    1.04924E+04    2.41232E+02    1.83057E+03    7.75818E-02   -2.67724E-01    7.68470E-02    2.64291E+00    4.28751E+00    4.23160E+00
    5.12356E+02    1.07421E+04    2.49688E+02    1.85172E+03    7.84468E-02   -2.69196E-01    7.73332E-02    2.67070E+00    4.34302E+00    4.28751E+00
    5.18603E+02    1.10007E+04    2.58632E+02    1.87310E+03    7.93810E-02   -2.70812E-01    7.77284E-02    2.69959E+00    4.40097E+00    4.34302E+00
    5.24921E+02    1.12694E+04    2.68691E+02    1.89472E+03    8.05654E-02   -2.72891E-01    7.80755E-02    2.73154E+00    4.46535E+00    4.40097E+00
    5.31310E+02    1.15507E+04    2.81292E+02    1.91659E+03    8.23983E-02   -2.76148E-01    7.83625E-02    2.77085E+00    4.54518E+00    4.46535E+00
    5.37772E+02    1.18523E+04    3.01542E+02    1.93871E+03    8.62936E-02   -2.83125E-01    7.83184E-02    2.83250E+00    4.67221E+00    4.54518E+00
    5.44306E+02    1.20729E+04    2.20677E+02    1.98369E+03    6.16967E-02   -2.47341E-01    2.27816E-02    2.53924E+00    4.16459E+00    3.04875E+00
    5.50915E+02    1.23303E+04    2.57403E+02    2.00656E+03    7.03070E-02   -2.57040E-01    6.50972E-02    2.69223E+00    4.40040E+00    4.16459E+00
    5.57598E+02    1.26063E+04    2.75921E+02    2.02970E+03    7.36295E-02   -2.61606E-01    7.20530E-02    2.75230E+00    4.51046E+00    4.40040E+00
    5.64357E+02    1.28950E+04    2.88713E+02    2.05309E+03    7.52700E-02   -2.64102E-01    7.42958E-02    2.79185E+00    4.58685E+00    4.51046E+00
    5.71192E+02    1.31945E+04    2.99514E+02    2.07675E+03    7.62893E-02   -2.65731E-01    7.53419E-02    2.82435E+00    4.65083E+00    4.58685E+00
    5.78104E+02    1.35040E+04    3.09559E+02    2.10067E+03    7.70348E-02   -2.66957E-01    7.59528E-02    2.85396E+00    4.70960E+00    4.65083E+00
    5.85094E+02    1.38234E+04    3.19402E+02    2.12487E+03    7.76571E-02   -2.68002E-01    7.63693E-02    2.88246E+00    4.76641E+00    4.70960E+00
    5.92163E+02    1.41528E+04    3.29381E+02    2.14934E+03    7.82429E-02   -2.69001E-01    7.66892E-02    2.91088E+00    4.82323E+00    4.76641E+00
    5.99313E+02    1.44926E+04    3.39797E+02    2.17408E+03    7.88632E-02   -2.70075E-01    7.69603E-02    2.94010E+00    4.88177E+00    4.82323E+00
    6.06543E+02    1.48437E+04    3.51055E+02    2.19911E+03    7.96053E-02   -2.71374E-01    7.72091E-02    2.97121E+00    4.94427E+00    4.88177E+00
    6.13854E+02    1.52076E+04    3.63903E+02    2.22441E+03    8.06248E-02   -2.73179E-01    7.74467E-02    3.00618E+00    5.01480E+00    4.94427E+00
    6.21249E+02    1.55878E+04    3.80193E+02    2.25001E+03    8.23013E-02   -2.76175E-01    7.76458E-02    3.04977E+00    5.10337E+00    5.01480E+00
    6.28727E+02    1.59945E+04    4.06693E+02    2.27589E+03    8.60188E-02   -2.82856E-01    7.75333E-02    3.11901E+00    5.24605E+00    5.10337E+00
    6.36289E+02    1.62920E+04    2.97519E+02    2.32854E+03    6.14850E-02   -2.46953E-01    2.23485E-02    2.78012E+00    4.65816E+00    3.36510E+00
    6.43937E+02    1.66383E+04    3.46315E+02    2.35531E+03    6.99289E-02   -2.56491E-01    6.43533E-02    2.95465E+00    4.92727E+00    4.65816E+00
    6.51671E+02    1.70088E+04    3.70537E+02    2.38238E+03    7.31059E-02   -2.60848E-01    7.11625E-02    3.02223E+00    5.05103E+00    4.92727E+00
    6.59493E+02    1.73959E+04    3.87030E+02    2.40976E+03    7.46112E-02   -2.63127E-01    7.33160E-02    3.06617E+00    5.13582E+00    5.05103E+00
    6.67403E+02    1.77966E+04    4.00779E+02    2.43745E+03    7.54928E-02   -2.64526E-01    7.42902E-02    3.10185E+00    5.20602E+00    5.13582E+00
    6.75402E+02    1.82101E+04    4.13408E+02    2.46545E+03    7.60895E-02   -2.65498E-01    7.48347E-02    3.13399E+00    5.26975E+00    5.20602E+00
    6.83492E+02    1.86357E+04    4.25606E+02    2.49376E+03    7.65426E-02   -2.66251E-01    7.51847E-02    3.16451E+00    5.33054E+00    5.26975E+00
    6.91673E+02    1.90734E+04    4.37744E+02    2.52240E+03    7.69250E-02   -2.66898E-01    7.54350E-02    3.19442E+00    5.39024E+00    5.33054E+00
    6.99947E+02    1.95235E+04    4.50076E+02    2.55136E+03    7.72839E-02   -2.67514E-01    7.56310E-02    3.22437E+00    5.45013E+00    5.39024E+00
    7.08314E+02    1.99863E+04    4.62841E+02    2.58065E+03    7.76595E-02   -2.68168E-01    7.57981E-02    3.25495E+00    5.51137E+00    5.45013E+00
    7.16776E+02    2.04627E+04    4.76342E+02    2.61027E+03    7.80987E-02   -2.68942E-01    7.59526E-02    3.28685E+00    5.57535E+00    5.51137E+00
    7.25333E+02    2.09537E+04    4.91068E+02    2.64022E+03    7.86743E-02   -2.69967E-01    7.61053E-02    3.32118E+00    5.64435E+00    5.57535E+00
    7.33987E+02    2.14617E+04    5.08008E+02    2.67052E+03    7.95300E-02   -2.71504E-01    7.62592E-02    3.36010E+00    5.72291E+00    5.64435E+00
    7.42739E+02    2.19914E+04    5.29676E+02    2.70115E+03    8.10294E-02   -2.74217E-01    7.63828E-02    3.40910E+00    5.82248E+00    5.72291E+00
    7.51590E+02    2.25568E+04    5.65337E+02    2.73213E+03    8.45114E-02   -2.80542E-01    7.62082E-02    3.48787E+00    5.98481E+00    5.82248E+00
    7.60540E+02    2.29700E+04    4.13264E+02    2.79515E+03    6.03690E-02   -2.44735E-01    2.17696E-02    3.08985E+00    5.29271E+00    3.77191E+00
    7.69592E+02    2.34500E+04    4.79948E+02    2.82719E+03    6.85113E-02   -2.54014E-01    6.31535E-02    3.29170E+00    5.60392E+00    5.29271E+00
    7.78746E+02    2.39624E+04    5.12442E+02    2.85960E+03    7.14821E-02   -2.58100E-01    6.97618E-02    3.36854E+00    5.74450E+00    5.60392E+00
    7.88004E+02    2.44966E+04    5.34175E+02    2.89237E+03    7.28155E-02   -2.60115E-01    7.18037E-02    3.41770E+00    5.83927E+00    5.74450E+00
    7.97366E+02    2.50486E+04    5.52017E+02    2.92551E+03    7.35331E-02   -2.61245E-01    7.26918E-02    3.45707E+00    5.91664E+00    5.83927E+00
    8.06834E+02    2.56168E+04    5.68179E+02    2.95902E+03    7.39622E-02   -2.61935E-01    7.31580E-02    3.49208E+00    5.98601E+00    5.91664E+00
    8.16409E+02    2.62004E+04    5.83573E+02    2.99292E+03    7.42363E-02   -2.62382E-01    7.34311E-02    3.52490E+00    6.05131E+00    5.98601E+00
    8.26092E+02    2.67990E+04    5.98647E+02    3.02720E+03    7.44202E-02   -2.62684E-01    7.36024E-02    3.55658E+00    6.11449E+00    6.05131E+00
    8.35885E+02    2.74127E+04    6.13660E+02    3.06186E+03    7.45504E-02   -2.62900E-01    7.37147E-02    3.58772E+00    6.17666E+00    6.11449E+00
    8.45788E+02    2.80414E+04    6.28787E+02    3.09692E+03    7.46501E-02   -2.63068E-01    7.37909E-02    3.61869E+00    6.23857E+00    6.17666E+00
    8.55803E+02    2.86856E+04    6.44168E+02    3.13237E+03    7.47366E-02   -2.63218E-01    7.38448E-02    3.64980E+00    6.30079E+00    6.23857E+00
    8.65932E+02    2.93456E+04    6.59941E+02    3.16823E+03    7.48256E-02   -2.63375E-01    7.38855E-02    3.68133E+00    6.36387E+00    6.30079E+00
    8.76174E+02    3.00218E+04    6.76272E+02    3.20448E+03    7.49340E-02   -2.63571E-01    7.39200E-02    3.71357E+00    6.42845E+00    6.36387E+00
    8.86533E+02    3.07152E+04    6.93388E+02    3.24115E+03    7.50845E-02   -2.63847E-01    7.39540E-02    3.74697E+00    6.49540E+00    6.42845E+00
    8.97009E+02    3.14269E+04    7.11659E+02    3.27824E+03    7.53119E-02   -2.64267E-01    7.39928E-02    3.78220E+00    6.56610E+00    6.49540E+00
    9.07603E+02    3.21586E+04    7.31751E+02    3.31574E+03    7.56791E-02   -2.64947E-01    7.40408E-02    3.82046E+00    6.64307E+00    6.56610E+00
    9.18316E+02    3.29137E+04    7.55070E+02    3.35366E+03    7.63174E-02   -2.66133E-01    7.40971E-02    3.86430E+00    6.73158E+00    6.64307E+00
    9.29151E+02    3.36990E+04    7.85255E+02    3.39202E+03    7.75663E-02   -2.68461E-01    7.41290E-02    3.92019E+00    6.84524E+00    6.73158E+00
    9.40108E+02    3.45347E+04    8.35790E+02    3.43080E+03    8.06841E-02   -2.74274E-01    7.38785E-02    4.01169E+00    7.03384E+00    6.84524E+00
    9.51189E+02    3.51446E+04    6.09815E+02    3.50970E+03    5.75333E-02   -2.38948E-01    2.09137E-02    3.52831E+00    6.19096E+00    4.34867E+00
    9.62395E+02    3.58508E+04    7.06280E+02    3.54982E+03    6.51226E-02   -2.47775E-01    6.10754E-02    3.76816E+00    6.56037E+00    6.19096E+00
    9.73728E+02    3.66030E+04    7.52167E+02    3.59039E+03    6.77805E-02   -2.51478E-01    6.73762E-02    3.85742E+00    6.72338E+00    6.56037E+00
    9.85189E+02    3.73851E+04    7.82146E+02    3.63142E+03    6.88837E-02   -2.53153E-01    6.92637E-02    3.91331E+00    6.83096E+00    6.72338E+00
    9.96779E+02    3.81914E+04    8.06299E+02    3.67291E+03    6.94010E-02   -2.53960E-01    7.00394E-02    3.95730E+00    6.91734E+00    6.83096E+00
    1.00850E+03    3.90193E+04    8.27855E+02    3.71487E+03    6.96412E-02   -2.54330E-01    7.04083E-02    3.99590E+00    6.99375E+00    6.91734E+00
    1.02035E+03    3.98674E+04    8.48127E+02    3.75731E+03    6.97298E-02   -2.54454E-01    7.05901E-02    4.03168E+00    7.06487E+00    6.99375E+00
    1.03234E+03    4.07352E+04    8.67748E+02    3.80022E+03    6.97265E-02   -2.54425E-01    7.06719E-02    4.06585E+00    7.13298E+00    7.06487E+00
    1.04447E+03    4.16222E+04    8.87063E+02    3.84362E+03    6.96641E-02   -2.54296E-01    7.06945E-02    4.09910E+00    7.19930E+00    7.13298E+00
    1.05673E+03    4.25285E+04    9.06284E+02    3.88751E+03    6.95617E-02   -2.54099E-01    7.06793E-02    4.13180E+00    7.26461E+00    7.19930E+00
    1.06912E+03    4.34541E+04    9.25554E+02    3.93190E+03    6.94323E-02   -2.53855E-01    7.06387E-02    4.16423E+00    7.32941E+00    7.26461E+00
    1.08166E+03    4.43991E+04    9.44981E+02    3.97679E+03    6.92850E-02   -2.53581E-01    7.05805E-02    4.19658E+00    7.39406E+00    7.32941E+00
    1.09434E+03    4.53637E+04    9.64659E+02    4.02218E+03    6.91271E-02   -2.53289E-01    7.05099E-02    4.22900E+00    7.45889E+00    7.39406E+00
    1.10717E+03    4.63484E+04    9.84683E+02    4.06809E+03    6.89654E-02   -2.52992E-01    7.04309E-02    4.26165E+00    7.52421E+00    7.45889E+00
    1.12014E+03    4.73536E+04    1.00516E+03    4.11452E+03    6.88071E-02   -2.52702E-01    7.03466E-02    4.29470E+00    7.59035E+00    7.52421E+00
    1.13325E+03    4.83798E+04    1.02623E+03    4.16147E+03    6.86607E-02   -2.52437E-01    7.02601E-02    4.32837E+00    7.65776E+00    7.59035E+00
    1.14652E+03    4.94279E+04    1.04810E+03    4.20895E+03    6.85379E-02   -2.52217E-01    7.01741E-02    4.36296E+00    7.72704E+00    7.65776E+00
    1.15993E+03    5.04990E+04    1.07107E+03    4.25697E+03    6.84563E-02   -2.52078E-01    7.00917E-02    4.39891E+00    7.79913E+00    7.72704E+00
    1.17349E+03    5.15946E+04    1.09566E+03    4.30553E+03    6.84450E-02   -2.52077E-01    7.00165E-02    4.43702E+00    7.87564E+00    7.79913E+00
    1.18721E+03    5.27175E+04    1.12284E+03    4.35464E+03    6.85582E-02   -2.52319E-01    6.99512E-02    4.47870E+00    7.95953E+00    7.87564E+00
    1.20109E+03    5.38722E+04    1.15471E+03    4.40431E+03    6.89107E-02   -2.53033E-01    6.98941E-02    4.52701E+00    8.05712E+00    7.95953E+00
    1.21512E+03    5.50688E+04    1.19667E+03    4.45454E+03    6.98013E-02   -2.54808E-01    6.98146E-02    4.58976E+00    8.18481E+00    8.05712E+00
    1.22930E+03    5.63377E+04    1.26883E+03    4.50533E+03    7.23391E-02   -2.59832E-01    6.94729E-02    4.69543E+00    8.40279E+00    8.18481E+00
    1.24365E+03    5.72596E+04    9.21971E+02    4.60865E+03    5.13767E-02   -2.25825E-01    1.94900E-02    4.09703E+00    7.35558E+00    5.09819E+00
    1.25816E+03    5.83235E+04    1.06384E+03    4.66118E+03    5.79438E-02   -2.33819E-01    5.72076E-02    4.38373E+00    7.79574E+00    7.35558E+00
    1.27284E+03    5.94523E+04    1.12881E+03    4.71431E+03    6.00946E-02   -2.36911E-01    6.29898E-02    4.48654E+00    7.98275E+00    7.79574E+00
    1.28768E+03    6.06219E+04    1.16957E+03    4.76804E+03    6.08593E-02   -2.38078E-01    6.46396E-02    4.54850E+00    8.10163E+00    7.98275E+00
    1.30269E+03    6.18232E+04    1.20132E+03    4.82238E+03    6.11006E-02   -2.38418E-01    6.52506E-02    4.59575E+00    8.19415E+00    8.10163E+00
    1.31787E+03    6.30521E+04    1.22889E+03    4.87733E+03    6.10927E-02   -2.38338E-01    6.54807E-02    4.63615E+00    8.27400E+00    8.19415E+00
    1.33322E+03    6.43063E+04    1.25424E+03    4.93290E+03    6.09464E-02   -2.38016E-01    6.55347E-02    4.67283E+00    8.34682E+00    8.27400E+00
    1.34874E+03    6.55846E+04    1.27830E+03    4.98910E+03    6.07145E-02   -2.37540E-01    6.54933E-02    4.70726E+00    8.41533E+00    8.34682E+00
    1.36444E+03    6.68862E+04    1.30156E+03    5.04593E+03    6.04252E-02   -2.36957E-01    6.53944E-02    4.74020E+00    8.48098E+00    8.41533E+00
    1.38031E+03    6.82105E+04    1.32430E+03    5.10341E+03    6.00950E-02   -2.36297E-01    6.52574E-02    4.77210E+00    8.54461E+00    8.48098E+00
    1.39637E+03    6.95572E+04    1.34671E+03    5.16154E+03    5.97339E-02   -2.35577E-01    6.50936E-02    4.80324E+00    8.60676E+00    8.54461E+00
    1.41261E+03    7.09261E+04    1.36888E+03    5.22032E+03    5.93489E-02   -2.34810E-01    6.49099E-02    4.83379E+00    8.66775E+00    8.60676E+00
    1.42903E+03    7.23170E+04    1.39090E+03    5.27977E+03    5.89445E-02   -2.34002E-01    6.47105E-02    4.86386E+00    8.72782E+00    8.66775E+00
    1.44563E+03    7.37298E+04    1.41281E+03    5.33989E+03    5.85241E-02   -2.33161E-01    6.44984E-02    4.89356E+00    8.78712E+00    8.72782E+00
    1.46243E+03    7.51644E+04    1.43466E+03    5.40068E+03    5.80903E-02   -2.32290E-01    6.42758E-02    4.92292E+00    8.84578E+00    8.78712E+00
    1.47941E+03    7.66209E+04    1.45647E+03    5.46217E+03    5.76449E-02   -2.31394E-01    6.40441E-02    4.95200E+00    8.90388E+00    8.84578E+00
    1.49658E+03    7.80992E+04    1.47826E+03    5.52435E+03    5.71898E-02   -2.30475E-01    6.38045E-02    4.98083E+00    8.96150E+00    8.90388E+00
    1.51395E+03    7.95992E+04    1.50006E+03    5.58723E+03    5.67263E-02   -2.29536E-01    6.35578E-02    5.00946E+00    9.01870E+00    8.96150E+00
    1.53152E+03    8.11211E+04    1.52188E+03    5.65083E+03    5.62558E-02   -2.28579E-01    6.33049E-02    5.03790E+00    9.07555E+00    9.01870E+00
    1.54928E+03    8.26648E+04    1.54375E+03    5.71514E+03    5.57796E-02   -2.27607E-01    6.30464E-02    5.06620E+00    9.13210E+00    9.07555E+00
    1.56725E+03    8.42305E+04    1.56570E+03    5.78018E+03    5.52993E-02   -2.26622E-01    6.27830E-02    5.09439E+00    9.18846E+00    9.13210E+00
    1.58541E+03    8.58183E+04    1.58776E+03    5.84595E+03    5.48165E-02   -2.25629E-01    6.25153E-02    5.12253E+00    9.24471E+00    9.18846E+00
    1.60379E+03    8.74283E+04    1.60999E+03    5.91247E+03    5.43332E-02   -2.24630E-01    6.22440E-02    5.15068E+00    9.30099E+00    9.24471E+00
    1.62237E+03    8.90608E+04    1.63246E+03    5.97974E+03    5.38519E-02   -2.23633E-01    6.19699E-02    5.17894E+00    9.35751E+00    9.30099E+00
    1.64116E+03    9.07160E+04    1.65528E+03    6.04777E+03    5.33763E-02   -2.22643E-01    6.16939E-02    5.20745E+00    9.41454E+00    9.35751E+00
    1.66016E+03    9.23946E+04    1.67861E+03    6.11656E+03    5.29112E-02   -2.21673E-01    6.14172E-02    5.23640E+00    9.47249E+00    9.41454E+00
    1.67938E+03    9.40974E+04    1.70272E+03    6.18614E+03    5.24641E-02   -2.20739E-01    6.11414E-02    5.26612E+00    9.53203E+00    9.47249E+00
    1.69881E+03    9.58254E+04    1.72804E+03    6.25650E+03    5.20470E-02   -2.19868E-01    6.08682E-02    5.29713E+00    9.59421E+00    9.53203E+00
    1.71847E+03    9.75807E+04    1.75532E+03    6.32766E+03    5.16800E-02   -2.19106E-01    6.06001E-02    5.33032E+00    9.66091E+00    9.59421E+00
    1.73834E+03    9.93667E+04    1.78601E+03    6.39962E+03    5.14015E-02   -2.18542E-01    6.03390E-02    5.36742E+00    9.73566E+00    9.66091E+00
    1.75845E+03    1.01190E+05    1.82322E+03    6.47239E+03    5.12930E-02   -2.18365E-01    6.00830E-02    5.41207E+00    9.82609E+00    9.73566E+00
    1.77877E+03    1.03065E+05    1.87513E+03    6.54598E+03    5.15677E-02   -2.19068E-01    5.98061E-02    5.47379E+00    9.95208E+00    9.82609E+00
    1.79933E+03    1.05037E+05    1.97218E+03    6.62041E+03    5.30179E-02   -2.22487E-01    5.93085E-02    5.58723E+00    1.01868E+01    9.95208E+00
    1.82012E+03    1.06452E+05    1.41455E+03    6.77180E+03    3.71728E-02   -1.92096E-01    1.64870E-02    4.82133E+00    8.83748E+00    6.06228E+00
    1.84115E+03    1.08072E+05    1.61982E+03    6.84878E+03    4.16109E-02   -1.98177E-01    4.83408E-02    5.15783E+00    9.34794E+00    8.83748E+00
    1.86241E+03    1.09777E+05    1.70510E+03    6.92663E+03    4.28176E-02   -2.00019E-01    5.30113E-02    5.26718E+00    9.54401E+00    9.34794E+00
    1.88391E+03    1.11529E+05    1.75241E+03    7.00536E+03    4.30173E-02   -2.00203E-01    5.41865E-02    5.32564E+00    9.65479E+00    9.54401E+00
    1.90566E+03    1.13314E+05    1.78514E+03    7.08497E+03    4.28367E-02   -1.99670E-01    5.44835E-02    5.36537E+00    9.73179E+00    9.65479E+00
    1.92765E+03    1.15125E+05    1.81072E+03    7.16549E+03    4.24749E-02   -1.98769E-01    5.44570E-02    5.39602E+00    9.79186E+00    9.73179E+00
    1.94989E+03    1.16957E+05    1.83213E+03    7.24692E+03    4.20120E-02   -1.97651E-01    5.42792E-02    5.42141E+00    9.84190E+00    9.79186E+00
    1.97238E+03    1.18808E+05    1.85076E+03    7.32927E+03    4.14865E-02   -1.96389E-01    5.40182E-02    5.44331E+00    9.88521E+00    9.84190E+00
    1.99513E+03    1.20675E+05    1.86735E+03    7.41255E+03    4.09188E-02   -1.95024E-01    5.37056E-02    5.46266E+00    9.92354E+00    9.88521E+00
    2.01813E+03    1.22558E+05    1.88230E+03    7.49677E+03    4.03207E-02   -1.93581E-01    5.33579E-02    5.47998E+00    9.95789E+00    9.92354E+00
    2.04139E+03    1.24453E+05    1.89587E+03    7.58194E+03    3.96999E-02   -1.92074E-01    5.29843E-02    5.49558E+00    9.98884E+00    9.95789E+00
    2.06492E+03    1.26362E+05    1.90818E+03    7.66807E+03    3.90612E-02   -1.90514E-01    5.25904E-02    5.50964E+00    1.00168E+01    9.98884E+00
    2.08871E+03    1.28281E+05    1.91933E+03    7.75518E+03    3.84079E-02   -1.88905E-01    5.21800E-02    5.52230E+00    1.00418E+01    1.00168E+01
    2.11277E+03    1.30210E+05    1.92936E+03    7.84327E+03    3.77424E-02   -1.87253E-01    5.17553E-02    5.53360E+00    1.00643E+01    1.00418E+01
    2.13710E+03    1.32149E+05    1.93830E+03    7.93236E+03    3.70667E-02   -1.85562E-01    5.13180E-02    5.54359E+00    1.00841E+01    1.00643E+01
    2.16171E+03    1.34095E+05    1.94615E+03    8.02245E+03    3.63820E-02   -1.83832E-01    5.08692E-02    5.55229E+00    1.01013E+01    1.00841E+01
    2.18659E+03    1.36048E+05    1.95290E+03    8.11356E+03    3.56895E-02   -1.82067E-01    5.04097E-02    5.55969E+00    1.01159E+01    1.01013E+01
    2.21176E+03    1.38006E+05    1.95855E+03    8.20570E+03    3.49900E-02   -1.80266E-01    4.99400E-02    5.56579E+00    1.01279E+01    1.01159E+01
    2.23721E+03    1.39969E+05    1.96306E+03    8.29888E+03    3.42842E-02   -1.78432E-01    4.94605E-02    5.57057E+00    1.01373E+01    1.01279E+01
    2.26295E+03    1.41936E+05    1.96642E+03    8.39312E+03    3.35729E-02   -1.76564E-01    4.89716E-02    5.57401E+00    1.01440E+01    1.01373E+01
    2.28898E+03    1.43904E+05    1.96859E+03    8.48842E+03    3.28565E-02   -1.74662E-01    4.84735E-02    5.57607E+00    1.01479E+01    1.01440E+01
    2.31530E+03    1.45874E+05    1.96954E+03    8.58480E+03    3.21356E-02   -1.72728E-01    4.79663E-02    5.57671E+00    1.01490E+01    1.01479E+01
    2.34192E+03    1.47843E+05    1.96924E+03    8.68226E+03    3.14105E-02   -1.70760E-01    4.74501E-02    5.57591E+00    1.01472E+01    1.01490E+01
    2.36884E+03    1.49811E+05    1.96766E+03    8.78083E+03    3.06818E-02   -1.68760E-01    4.69249E-02    5.57361E+00    1.01424E+01    1.01472E+01
    2.39607E+03    1.51775E+05    1.96474E+03    8.88051E+03    2.99498E-02   -1.66726E-01    4.63909E-02    5.56977E+00    1.01345E+01    1.01424E+01
    2.42360E+03    1.53736E+05    1.96046E+03    8.98132E+03    2.92149E-02   -1.64660E-01    4.58479E-02    5.56435E+00    1.01235E+01    1.01345E+01
    2.45145E+03    1.55691E+05    1.95477E+03    9.08326E+03    2.84774E-02   -1.62560E-01    4.52959E-02    5.55729E+00    1.01091E+01    1.01235E+01
    2.47961E+03    1.57638E+05    1.94763E+03    9.18636E+03    2.77378E-02   -1.60426E-01    4.47349E-02    5.54853E+00    1.00914E+01    1.01091E+01
    2.50808E+03    1.59577E+05    1.93901E+03    9.29063E+03    2.69964E-02   -1.58259E-01    4.41649E-02    5.53803E+00    1.00701E+01    1.00914E+01
    2.53688E+03    1.61506E+05    1.92886E+03    9.39607E+03    2.62535E-02   -1.56057E-01    4.35858E-02    5.52571E+00    1.00453E+01    1.00701E+01
    2.56601E+03    1.63423E+05    1.91714E+03    9.50270E+03    2.55096E-02   -1.53821E-01    4.29975E-02    5.51153E+00    1.00167E+01    1.00453E+01
    2.59546E+03    1.65327E+05    1.90381E+03    9.61054E+03    2.47650E-02   -1.51549E-01    4.23999E-02    5.49542E+00    9.98418E+00    1.00167E+01
    2.62525E+03    1.67216E+05    1.88884E+03    9.71960E+03    2.40200E-02   -1.49243E-01    4.17929E-02    5.47731E+00    9.94770E+00    9.98418E+00
    2.65537E+03    1.69088E+05    1.87219E+03    9.82989E+03    2.32751E-02   -1.46900E-01    4.11764E-02    5.45713E+00    9.90708E+00    9.94770E+00
    2.68583E+03    1.70942E+05    1.85382E+03    9.94142E+03    2.25308E-02   -1.44521E-01    4.05502E-02    5.43482E+00    9.86218E+00    9.90708E+00
    2.71664E+03    1.72776E+05    1.83369E+03    1.00542E+04    2.17873E-02   -1.42106E-01    3.99144E-02    5.41030E+00    9.81285E+00    9.86218E+00
    2.74780E+03    1.74587E+05    1.81179E+03    1.01683E+04    2.10451E-02   -1.39653E-01    3.92687E-02    5.38350E+00    9.75896E+00    9.81285E+00
    2.77931E+03    1.76376E+05    1.78807E+03    1.02836E+04    2.03047E-02   -1.37163E-01    3.86131E-02    5.35435E+00    9.70035E+00    9.75896E+00
    2.81117E+03    1.78138E+05    1.76253E+03    1.04003E+04    1.95667E-02   -1.34635E-01    3.79474E-02    5.32277E+00    9.63688E+00    9.70035E+00
    2.84339E+03    1.79873E+05    1.73513E+03    1.05183E+04    1.88314E-02   -1.32069E-01    3.72714E-02    5.28868E+00    9.56838E+00    9.63688E+00
    2.87598E+03    1.81579E+05    1.70587E+03    1.06376E+04    1.80996E-02   -1.29465E-01    3.65852E-02    5.25202E+00    9.49473E+00    9.56838E+00
    2.90894E+03    1.83254E+05    1.67475E+03    1.07583E+04    1.73718E-02   -1.26822E-01    3.58885E-02    5.21271E+00    9.41577E+00    9.49473E+00
    2.94227E+03    1.84896E+05    1.64178E+03    1.08803E+04    1.66487E-02   -1.24141E-01    3.51814E-02    5.17069E+00    9.33140E+00    9.41577E+00
    2.97597E+03    1.86503E+05    1.60698E+03    1.10037E+04    1.59312E-02   -1.21423E-01    3.44637E-02    5.12592E+00    9.24151E+00    9.33140E+00
    3.01006E+03    1.88073E+05    1.57041E+03    1.11285E+04    1.52204E-02   -1.18669E-01    3.37356E-02    5.07838E+00    9.14607E+00    9.24151E+00
    3.04453E+03    1.89605E+05    1.53215E+03    1.12547E+04    1.45174E-02   -1.15882E-01    3.29970E-02    5.02807E+00    9.04512E+00    9.14607E+00
    3.07939E+03    1.91097E+05    1.49235E+03    1.13823E+04    1.38240E-02   -1.13066E-01    3.22481E-02    4.97509E+00    8.93884E+00    9.04512E+00
    3.11465E+03    1.92549E+05    1.45125E+03    1.15114E+04    1.31426E-02   -1.10232E-01    3.14893E-02    4.91967E+00    8.82770E+00    8.93884E+00
    3.15030E+03    1.93958E+05    1.40928E+03    1.16420E+04    1.24771E-02   -1.07393E-01    3.07210E-02    4.86228E+00    8.71272E+00    8.82770E+00
    3.18635E+03    1.95325E+05    1.36727E+03    1.17740E+04    1.18345E-02   -1.04584E-01    2.99434E-02    4.80400E+00    8.59609E+00    8.71272E+00
    3.22282E+03    1.96652E+05    1.32699E+03    1.19075E+04    1.12290E-02   -1.01877E-01    2.91551E-02    4.74727E+00    8.48294E+00    8.59609E+00
    3.25969E+03    1.97945E+05    1.29306E+03    1.20425E+04    1.06972E-02   -9.94674E-02    2.83447E-02    4.69882E+00    8.38735E+00    8.48294E+00
    3.29699E+03    1.99228E+05    1.28279E+03    1.21790E+04    1.03749E-02   -9.80943E-02    2.74304E-02    4.68391E+00    8.36262E+00    8.38735E+00
    3.33470E+03    2.00040E+05    8.12308E+02    1.24567E+04    6.42290E-03   -7.97861E-02    7.55534E-03    3.88949E+00    6.91542E+00    4.93274E+00
    3.37284E+03    2.00916E+05    8.76023E+02    1.25980E+04    6.77185E-03   -7.96843E-02    2.05493E-02    4.04590E+00    7.10212E+00    6.91542E+00
    3.41141E+03    2.01777E+05    8.60738E+02    1.27408E+04    6.50496E-03   -7.76429E-02    2.18299E-02    4.01932E+00    7.03089E+00    7.10212E+00
    3.45042E+03    2.02598E+05    8.20407E+02    1.28852E+04    6.06158E-03   -7.48023E-02    2.15913E-02    3.94734E+00    6.88152E+00    7.03089E+00
    3.48986E+03    2.03368E+05    7.69939E+02    1.30313E+04    5.56154E-03   -7.15709E-02    2.09559E-02    3.85489E+00    6.69404E+00    6.88152E+00
    3.52976E+03    2.04082E+05    7.14183E+02    1.31790E+04    5.04350E-03   -6.80956E-02    2.01615E-02    3.74924E+00    6.48106E+00    6.69404E+00
    3.57010E+03    2.04737E+05    6.55233E+02    1.33284E+04    4.52379E-03   -6.44362E-02    1.92813E-02    3.63300E+00    6.24722E+00    6.48106E+00
    3.61090E+03    2.05331E+05    5.94228E+02    1.34794E+04    4.01093E-03   -6.06172E-02    1.83434E-02    3.50709E+00    5.99416E+00    6.24722E+00
    3.65216E+03    2.05863E+05    5.31927E+02    1.36322E+04    3.51018E-03   -5.66464E-02    1.73598E-02    3.37164E+00    5.72206E+00    5.99416E+00
    3.69389E+03    2.06332E+05    4.68936E+02    1.37867E+04    3.02536E-03   -5.25215E-02    1.63358E-02    3.22636E+00    5.43024E+00    5.72206E+00
    3.73609E+03    2.06738E+05    4.05809E+02    1.39430E+04    2.55960E-03   -4.82322E-02    1.52727E-02    3.07058E+00    5.11735E+00    5.43024E+00
    3.77876E+03    2.07081E+05    3.43115E+02    1.41010E+04    2.11581E-03   -4.37610E-02    1.41702E-02    2.90329E+00    4.78131E+00    5.11735E+00
    3.82192E+03    2.07362E+05    2.81482E+02    1.42608E+04    1.69698E-03   -3.90808E-02    1.30258E-02    2.72306E+00    4.41918E+00    4.78131E+00
    3.86557E+03    2.07584E+05    2.21646E+02    1.44224E+04    1.30640E-03   -3.41512E-02    1.18359E-02    2.52782E+00    4.02674E+00    4.41918E+00
    3.90971E+03    2.07749E+05    1.64519E+02    1.45858E+04    9.48026E-04   -2.89096E-02    1.05954E-02    2.31447E+00    3.59767E+00    4.02674E+00
    3.95434E+03    2.07860E+05    1.11308E+02    1.47511E+04    6.27076E-04   -2.32512E-02    9.29826E-03    2.07805E+00    3.12176E+00    3.59767E+00
    3.99949E+03    2.07924E+05    6.37740E+01    1.49182E+04    3.51259E-04   -1.69767E-02    7.94042E-03    1.80939E+00    2.58005E+00    3.12176E+00
    4.04514E+03    2.07949E+05    2.50369E+01    1.50873E+04    1.34820E-04   -9.59306E-03    6.54168E-03    1.48664E+00    1.92704E+00    2.58005E+00
    4.09131E+03    2.07976E+05    2.74710E+01    1.50873E+04    1.44624E-04   -8.70280E-03    8.29971E-03    1.92704E+00    2.33109E+00    3.31430E+00
    4.13799E+03    2.08008E+05    3.21120E+01    1.50873E+04    1.65282E-04   -7.98669E-03    1.00744E-02    2.33109E+00    2.70608E+00    4.01498E+00
    4.18521E+03    2.08047E+05    3.87419E+01    1.50873E+04    1.94953E-04   -7.40030E-03    1.18401E-02    2.70608E+00    3.05746E+00    4.68510E+00
    4.23296E+03    2.08094E+05    4.72040E+01    1.50873E+04    2.32232E-04   -6.91185E-03    1.35815E-02    3.05746E+00    3.38936E+00    5.32755E+00
    4.28125E+03    2.08152E+05    5.73854E+01    1.50873E+04    2.76019E-04   -6.49839E-03    1.52902E-02    3.38936E+00    3.70494E+00    5.94504E+00
    4.33009E+03    2.08221E+05    6.92057E+01    1.50873E+04    3.25441E-04   -6.14319E-03    1.69618E-02    3.70494E+00    4.00663E+00    6.54001E+00
    4.37948E+03    2.08303E+05    8.26098E+01    1.50873E+04    3.79802E-04   -5.83394E-03    1.85948E-02    4.00663E+00    4.29637E+00    7.11466E+00
    4.42942E+03    2.08401E+05    9.75627E+01    1.50873E+04    4.38535E-04   -5.56142E-03    2.01892E-02    4.29637E+00    4.57570E+00    7.67090E+00
    4.47993E+03    2.08515E+05    1.14046E+02    1.50873E+04    5.01182E-04   -5.31872E-03    2.17461E-02    4.57570E+00    4.84586E+00    8.21046E+00
    4.53101E+03    2.08647E+05    1.32053E+02    1.50873E+04    5.67363E-04   -5.10053E-03    2.32669E-02    4.84586E+00    5.10787E+00    8.73480E+00
    4.58267E+03    2.08799E+05    1.51590E+02    1.50873E+04    6.36765E-04   -4.90278E-03    2.47533E-02    5.10787E+00    5.36256E+00    9.24526E+00
    4.63491E+03    2.08971E+05    1.72670E+02    1.50873E+04    7.09124E-04   -4.72226E-03    2.62073E-02    5.36256E+00    5.61065E+00    9.74298E+00
    4.68775E+03    2.09167E+05    1.95314E+02    1.50873E+04    7.84219E-04   -4.55644E-03    2.76307E-02    5.61065E+00    5.85272E+00    1.02290E+01
    4.74118E+03    2.09386E+05    2.19551E+02    1.50873E+04    8.61860E-04   -4.40327E-03    2.90254E-02    5.85272E+00    6.08931E+00    1.07042E+01
    4.79521E+03    2.09632E+05    2.45413E+02    1.50873E+04    9.41884E-04   -4.26113E-03    3.03929E-02    6.08931E+00    6.32085E+00    1.11693E+01
    4.84985E+03    2.09905E+05    2.72939E+02    1.50873E+04    1.02415E-03   -4.12865E-03    3.17349E-02    6.32085E+00    6.54772E+00    1.16252E+01
    4.90511E+03    2.10207E+05    3.02171E+02    1.50873E+04    1.10854E-03   -4.00473E-03    3.30530E-02    6.54772E+00    6.77027E+00    1.20724E+01
    4.96100E+03    2.10540E+05    3.33156E+02    1.50873E+04    1.19494E-03   -3.88843E-03    3.43485E-02    6.77027E+00    6.98879E+00    1.25114E+01
    5.01752E+03    2.10906E+05    3.65945E+02    1.50873E+04    1.28326E-03   -3.77896E-03    3.56227E-02    6.98879E+00    7.20357E+00    1.29430E+01
    5.07467E+03    2.11306E+05    4.00591E+02    1.50873E+04    1.37341E-03   -3.67566E-03    3.68768E-02    7.20357E+00    7.41484E+00    1.33673E+01
    5.13247E+03    2.11744E+05    4.37152E+02    1.50873E+04    1.46532E-03   -3.57796E-03    3.81120E-02    7.41484E+00    7.62281E+00    1.37851E+01
    5.19093E+03    2.12219E+05    4.75690E+02    1.50873E+04    1.55893E-03   -3.48536E-03    3.93292E-02    7.62281E+00    7.82769E+00    1.41965E+01
    5.25004E+03    2.12736E+05    5.16269E+02    1.50873E+04    1.65417E-03   -3.39743E-03    4.05294E-02    7.82769E+00    8.02966E+00    1.46020E+01
    5.30983E+03    2.13295E+05    5.58957E+02    1.50873E+04    1.75100E-03   -3.31380E-03    4.17135E-02    8.02966E+00    8.22888E+00    1.50019E+01
    5.37028E+03    2.13898E+05    6.03824E+02    1.50873E+04    1.84936E-03   -3.23413E-03    4.28823E-02    8.22888E+00    8.42551E+00    1.53964E+01
    5.43143E+03    2.14549E+05    6.50946E+02    1.50873E+04    1.94921E-03   -3.15815E-03    4.40368E-02    8.42551E+00    8.61969E+00    1.57860E+01
    5.49326E+03    2.15250E+05    7.00401E+02    1.50873E+04    2.05052E-03   -3.08559E-03    4.51774E-02    8.61969E+00    8.81155E+00    1.61709E+01
    5.55579E+03    2.16002E+05    7.52271E+02    1.50873E+04    2.15326E-03   -3.01622E-03    4.63051E-02    8.81155E+00    9.00122E+00    1.65512E+01
    5.61903E+03    2.16809E+05    8.06641E+02    1.50873E+04    2.25739E-03   -2.94984E-03    4.74203E-02    9.00122E+00    9.18881E+00    1.69273E+01
    5.68298E+03    2.17672E+05    8.63601E+02    1.50873E+04    2.36289E-03   -2.88625E-03    4.85238E-02    9.18881E+00    9.37443E+00    1.72993E+01
    5.74766E+03    2.18595E+05    9.23242E+02    1.50873E+04    2.46974E-03   -2.82530E-03    4.96162E-02    9.37443E+00    9.55819E+00    1.76675E+01
    5.81306E+03    2.19581E+05    9.85664E+02    1.50873E+04    2.57793E-03   -2.76684E-03    5.06979E-02    9.55819E+00    9.74017E+00    1.80321E+01
    5.87921E+03    2.20632E+05    1.05097E+03    1.50873E+04    2.68743E-03   -2.71072E-03    5.17695E-02    9.74017E+00    9.92048E+00    1.83932E+01
    5.94610E+03    2.21751E+05    1.11925E+03    1.50873E+04    2.79823E-03   -2.65681E-03    5.28315E-02    9.92048E+00    1.00992E+01    1.87510E+01
    6.01375E+03    2.22942E+05    1.19064E+03    1.50873E+04    2.91033E-03   -2.60502E-03    5.38845E-02    1.00992E+01    1.02764E+01    1.91057E+01
    6.08216E+03    2.24207E+05    1.26524E+03    1.50873E+04    3.02371E-03   -2.55523E-03    5.49289E-02    1.02764E+01    1.04522E+01    1.94575E+01
    6.15135E+03    2.25550E+05    1.34316E+03    1.50873E+04    3.13838E-03   -2.50734E-03    5.59651E-02    1.04522E+01    1.06267E+01    1.98065E+01
    6.22132E+03    2.26975E+05    1.42455E+03    1.50873E+04    3.25433E-03   -2.46127E-03    5.69936E-02    1.06267E+01    1.07998E+01    2.01529E+01
    6.29208E+03    2.28484E+05    1.50951E+03    1.50873E+04    3.37156E-03   -2.41693E-03    5.80148E-02    1.07998E+01    1.09718E+01    2.04967E+01
    6.36364E+03    2.30083E+05    1.59820E+03    1.50873E+04    3.49007E-03   -2.37425E-03    5.90291E-02    1.09718E+01    1.11427E+01    2.08382E+01
    6.43600E+03    2.31773E+05    1.69075E+03    1.50873E+04    3.60987E-03   -2.33316E-03    6.00369E-02    1.11427E+01    1.13125E+01    2.11775E+01
    6.50919E+03    2.33561E+05    1.78732E+03    1.50873E+04    3.73097E-03   -2.29359E-03    6.10386E-02    1.13125E+01    1.14813E+01    2.15148E+01
    6.58320E+03    2.35449E+05    1.88804E+03    1.50873E+04    3.85338E-03   -2.25549E-03    6.20346E-02    1.14813E+01    1.16491E+01    2.18500E+01
    6.65805E+03    2.37442E+05    1.99309E+03    1.50873E+04    3.97710E-03   -2.21879E-03    6.30252E-02    1.16491E+01    1.18161E+01    2.21835E+01
    6.73374E+03    2.39544E+05    2.10262E+03    1.50873E+04    4.10216E-03   -2.18345E-03    6.40109E-02    1.18161E+01    1.19823E+01    2.25152E+01
    6.81029E+03    2.41761E+05    2.21683E+03    1.50873E+04    4.22857E-03   -2.14940E-03    6.49919E-02    1.19823E+01    1.21478E+01    2.28454E+01
    6.88770E+03    2.44097E+05    2.33587E+03    1.50873E+04    4.35634E-03   -2.11661E-03    6.59687E-02    1.21478E+01    1.23126E+01    2.31741E+01
    6.96599E+03    2.46557E+05    2.45996E+03    1.50873E+04    4.48551E-03   -2.08504E-03    6.69415E-02    1.23126E+01    1.24767E+01    2.35015E+01
    7.04517E+03    2.49146E+05    2.58927E+03    1.50873E+04    4.61609E-03   -2.05463E-03    6.79107E-02    1.24767E+01    1.26403E+01    2.38277E+01
    7.12523E+03    2.51870E+05    2.72403E+03    1.50873E+04    4.74810E-03   -2.02536E-03    6.88767E-02    1.26403E+01    1.28034E+01    2.41527E+01
    7.20621E+03    2.54735E+05    2.86444E+03    1.50873E+04    4.88158E-03   -1.99718E-03    6.98397E-02    1.28034E+01    1.29660E+01    2.44767E+01
    7.28809E+03    2.57746E+05    3.01073E+03    1.50873E+04    5.01655E-03   -1.97007E-03    7.08002E-02    1.29660E+01    1.31282E+01    2.47999E+01
    7.37091E+03    2.60909E+05    3.16314E+03    1.50873E+04    5.15305E-03   -1.94398E-03    7.17584E-02    1.31282E+01    1.32901E+01    2.51223E+01
    7.45466E+03    2.64231E+05    3.32190E+03    1.50873E+04    5.29110E-03   -1.91889E-03    7.27147E-02    1.32901E+01    1.34517E+01    2.54440E+01
    7.53935E+03    2.67718E+05    3.48728E+03    1.50873E+04    5.43076E-03   -1.89476E-03    7.36693E-02    1.34517E+01    1.36131E+01    2.57652E+01
    7.62500E+03    2.71377E+05    3.65955E+03    1.50873E+04    5.57205E-03   -1.87157E-03    7.46227E-02    1.36131E+01    1.37743E+01    2.60859E+01
    7.71162E+03    2.75216E+05    3.83898E+03    1.50873E+04    5.71501E-03   -1.84930E-03    7.55751E-02    1.37743E+01    1.39354E+01    2.64063E+01
    7.79922E+03    2.79242E+05    4.02587E+03    1.50873E+04    5.85970E-03   -1.82791E-03    7.65268E-02    1.39354E+01    1.40964E+01    2.67265E+01
    7.88781E+03    2.83463E+05    4.22052E+03    1.50873E+04    6.00615E-03   -1.80738E-03    7.74783E-02    1.40964E+01    1.42575E+01    2.70465E+01
    7.97740E+03    2.87886E+05    4.42325E+03    1.50873E+04    6.15441E-03   -1.78770E-03    7.84297E-02    1.42575E+01    1.44185E+01    2.73666E+01
    8.06801E+03    2.92520E+05    4.63439E+03    1.50873E+04    6.30454E-03   -1.76883E-03    7.93814E-02    1.44185E+01    1.45797E+01    2.76867E+01
    8.15963E+03    2.97375E+05    4.85430E+03    1.50873E+04    6.45659E-03   -1.75075E-03    8.03338E-02    1.45797E+01    1.47410E+01    2.80071E+01
    8.25229E+03    3.02458E+05    5.08334E+03    1.50873E+04    6.61061E-03   -1.73345E-03    8.12872E-02    1.47410E+01    1.49025E+01    2.83277E+01
    8.34600E+03    3.07780E+05    5.32189E+03    1.50873E+04    6.76667E-03   -1.71691E-03    8.22418E-02    1.49025E+01    1.50643E+01    2.86488E+01
    8.44077E+03    3.13350E+05    5.57036E+03    1.50873E+04    6.92482E-03   -1.70111E-03    8.31981E-02    1.50643E+01    1.52264E+01    2.89705E+01
    8.53661E+03    3.19179E+05    5.82916E+03    1.50873E+04    7.08512E-03   -1.68602E-03    8.41563E-02    1.52264E+01    1.53889E+01    2.92927E+01
    8.63353E+03    3.25278E+05    6.09872E+03    1.50873E+04    7.24766E-03   -1.67164E-03    8.51168E-02    1.53889E+01    1.55518E+01    2.96158E+01
    8.73155E+03    3.31658E+05    6.37952E+03    1.50873E+04    7.41249E-03   -1.65795E-03    8.60798E-02    1.55518E+01    1.57153E+01    2.99397E+01
    8.83067E+03    3.38330E+05    6.67203E+03    1.50873E+04    7.57969E-03   -1.64492E-03    8.70459E-02    1.57153E+01    1.58792E+01    3.02645E+01
    8.93091E+03    3.45307E+05    6.97675E+03    1.50873E+04    7.74933E-03   -1.63256E-03    8.80151E-02    1.58792E+01    1.60438E+01    3.05905E+01
    9.03229E+03    3.52601E+05    7.29421E+03    1.50873E+04    7.92150E-03   -1.62083E-03    8.89881E-02    1.60438E+01    1.62090E+01    3.09177E+01
    9.13481E+03    3.60226E+05    7.62497E+03    1.50873E+04    8.09628E-03   -1.60973E-03    8.99649E-02    1.62090E+01    1.63750E+01    3.12462E+01
    9.23850E+03    3.68195E+05    7.96960E+03    1.50873E+04    8.27375E-03   -1.59925E-03    9.09461E-02    1.63750E+01    1.65418E+01    3.15762E+01
    9.34335E+03    3.76524E+05    8.32871E+03    1.50873E+04    8.45400E-03   -1.58937E-03    9.19319E-02    1.65418E+01    1.67093E+01    3.19077E+01
    9.44939E+03    3.85227E+05    8.70294E+03    1.50873E+04    8.63713E-03   -1.58008E-03    9.29227E-02    1.67093E+01    1.68778E+01    3.22409E+01
    9.55662E+03    3.94320E+05    9.09296E+03    1.50873E+04    8.82323E-03   -1.57137E-03    9.39189E-02    1.68778E+01    1.70473E+01    3.25759E+01
    9.66507E+03    4.03819E+05    9.49946E+03    1.50873E+04    9.01241E-03   -1.56322E-03    9.49209E-02    1.70473E+01    1.72178E+01    3.29128E+01
    9.77474E+03    4.13743E+05    9.92319E+03    1.50873E+04    9.20477E-03   -1.55563E-03    9.59289E-02    1.72178E+01    1.73893E+01    3.32518E+01
    9.88565E+03    4.24107E+05    1.03649E+04    1.50873E+04    9.40041E-03   -1.54859E-03    9.69433E-02    1.73893E+01    1.75621E+01    3.35929E+01
    9.99782E+03    4.34933E+05    1.08254E+04    1.50873E+04    9.59945E-03   -1.54209E-03    9.79647E-02    1.75621E+01    1.77360E+01    3.39364E+01
    1.01113E+04    4.46238E+05    1.13056E+04    1.50873E+04    9.80202E-03   -1.53611E-03    9.89932E-02    1.77360E+01    1.79112E+01    3.42822E+01
    1.02260E+04    4.58045E+05    1.18063E+04    1.50873E+04    1.00082E-02   -1.53065E-03    1.00029E-01    1.79112E+01    1.80878E+01    3.46306E+01
    1.03420E+04    4.70373E+05    1.23285E+04    1.50873E+04    1.02182E-02   -1.52570E-03    1.01074E-01    1.80878E+01    1.82658E+01    3.49817E+01
    1.04593E+04    4.83246E+05    1.28732E+04    1.50873E+04    1.04321E-02   -1.52126E-03    1.02126E-01    1.82658E+01    1.84453E+01    3.53357E+01
    1.05779E+04    4.96688E+05    1.34413E+04    1.50873E+04    1.06500E-02   -1.51731E-03    1.03187E-01    1.84453E+01    1.86263E+01    3.56925E+01
    1.06979E+04    5.10722E+05    1.40341E+04    1.50873E+04    1.08720E-02   -1.51385E-03    1.04258E-01    1.86263E+01    1.88090E+01    3.60525E+01
    1.08193E+04    5.25374E+05    1.46526E+04    1.50873E+04    1.10984E-02   -1.51087E-03    1.05338E-01    1.88090E+01    1.89933E+01    3.64157E+01
    1.09420E+04    5.40672E+05    1.52980E+04    1.50873E+04    1.13293E-02   -1.50837E-03    1.06429E-01    1.89933E+01    1.91795E+01    3.67824E+01
    1.10661E+04    5.56644E+05    1.59716E+04    1.50873E+04    1.15649E-02   -1.50633E-03    1.07529E-01    1.91795E+01    1.93675E+01    3.71525E+01
    1.11916E+04    5.73319E+05    1.66747E+04    1.50873E+04    1.18052E-02   -1.50477E-03    1.08641E-01    1.93675E+01    1.95574E+01    3.75263E+01
    1.13185E+04    5.90728E+05    1.74088E+04    1.50873E+04    1.20505E-02   -1.50366E-03    1.09764E-01    1.95574E+01    1.97493E+01    3.79040E+01
    1.14469E+04    6.08903E+05    1.81752E+04    1.50873E+04    1.23010E-02   -1.50301E-03    1.10900E-01    1.97493E+01    1.99433E+01    3.82856E+01
    1.15767E+04    6.27878E+05    1.89756E+04    1.50873E+04    1.25568E-02   -1.50281E-03    1.12047E-01    1.99433E+01    2.01395E+01    3.86714E+01
    1.17080E+04    6.47690E+05    1.98116E+04    1.50873E+04    1.28181E-02   -1.50307E-03    1.13207E-01    2.01395E+01    2.03379E+01    3.90615E+01
    1.18407E+04    6.68375E+05    2.06848E+04    1.50873E+04    1.30852E-02   -1.50377E-03    1.14381E-01    2.03379E+01    2.05387E+01    3.94561E+01
    1.19750E+04    6.89972E+05    2.15972E+04    1.50873E+04    1.33582E-02   -1.50491E-03    1.15568E-01    2.05387E+01    2.07418E+01    3.98553E+01
    1.21108E+04    7.12523E+05    2.25506E+04    1.50873E+04    1.36374E-02   -1.50650E-03    1.16770E-01    2.07418E+01    2.09475E+01    4.02593E+01
    1.22481E+04    7.36069E+05    2.35470E+04    1.50873E+04    1.39231E-02   -1.50853E-03    1.17986E-01    2.09475E+01    2.11558E+01    4.06684E+01
    1.23869E+04    7.60658E+05    2.45885E+04    1.50873E+04    1.42153E-02   -1.51100E-03    1.19218E-01    2.11558E+01    2.13668E+01    4.10826E+01
    1.25274E+04    7.86336E+05    2.56775E+04    1.50873E+04    1.45144E-02   -1.51391E-03    1.20466E-01    2.13668E+01    2.15806E+01    4.15022E+01
    1.26694E+04    8.13152E+05    2.68162E+04    1.50873E+04    1.48207E-02   -1.51727E-03    1.21731E-01    2.15806E+01    2.17973E+01    4.19273E+01
    1.28130E+04    8.41159E+05    2.80071E+04    1.50873E+04    1.51344E-02   -1.52107E-03    1.23012E-01    2.17973E+01    2.20170E+01    4.23582E+01
    1.29582E+04    8.70412E+05    2.92529E+04    1.50873E+04    1.54557E-02   -1.52532E-03    1.24312E-01    2.20170E+01    2.22398E+01    4.27951E+01
    1.31051E+04    9.00968E+05    3.05564E+04    1.50873E+04    1.57851E-02   -1.53001E-03    1.25630E-01    2.22398E+01    2.24658E+01    4.32381E+01
    1.32537E+04    9.32889E+05    3.19205E+04    1.50873E+04    1.61228E-02   -1.53516E-03    1.26966E-01    2.24658E+01    2.26951E+01    4.36876E+01
    1.34039E+04    9.66237E+05    3.33483E+04    1.50873E+04    1.64691E-02   -1.54076E-03    1.28323E-01    2.26951E+01    2.29279E+01    4.41436E+01
    1.35558E+04    1.00108E+06    3.48431E+04    1.50873E+04    1.68243E-02   -1.54683E-03    1.29699E-01    2.29279E+01    2.31642E+01    4.46065E+01
    1.37095E+04    1.03749E+06    3.64083E+04    1.50873E+04    1.71889E-02   -1.55336E-03    1.31097E-01    2.31642E+01    2.34042E+01    4.50764E+01
    1.38648E+04    1.07554E+06    3.80477E+04    1.50873E+04    1.75631E-02   -1.56037E-03    1.32517E-01    2.34042E+01    2.36480E+01    4.55537E+01
    1.40220E+04    1.11530E+06    3.97652E+04    1.50873E+04    1.79474E-02   -1.56786E-03    1.33959E-01    2.36480E+01    2.38957E+01    4.60385E+01
    1.41809E+04    1.15687E+06    4.15648E+04    1.50873E+04    1.83421E-02   -1.57583E-03    1.35424E-01    2.38957E+01    2.41476E+01    4.65312E+01
    1.43416E+04    1.20032E+06    4.34510E+04    1.50873E+04    1.87478E-02   -1.58431E-03    1.36913E-01    2.41476E+01    2.44036E+01    4.70319E+01
    1.45041E+04    1.24575E+06    4.54284E+04    1.50873E+04    1.91648E-02   -1.59329E-03    1.38428E-01    2.44036E+01    2.46640E+01    4.75411E+01
    1.46684E+04    1.29325E+06    4.75019E+04    1.50873E+04    1.95936E-02   -1.60280E-03    1.39968E-01    2.46640E+01    2.49289E+01    4.80589E+01
    1.48347E+04    1.34292E+06    4.96768E+04    1.50873E+04    2.00347E-02   -1.61284E-03    1.41535E-01    2.49289E+01    2.51985E+01    4.85857E+01
    1.50027E+04    1.39488E+06    5.19585E+04    1.50873E+04    2.04886E-02   -1.62343E-03    1.43129E-01    2.51985E+01    2.54729E+01    4.91218E+01
    1.51727E+04    1.44924E+06    5.43530E+04    1.50873E+04    2.09559E-02   -1.63458E-03    1.44752E-01    2.54729E+01    2.57523E+01    4.96675E+01
    1.53446E+04    1.50610E+06    5.68666E+04    1.50873E+04    2.14371E-02   -1.64630E-03    1.46405E-01    2.57523E+01    2.60369E+01    5.02232E+01
    1.55185E+04    1.56561E+06    5.95058E+04    1.50873E+04    2.19329E-02   -1.65863E-03    1.48088E-01    2.60369E+01    2.63269E+01    5.07891E+01
    1.56943E+04    1.62789E+06    6.22778E+04    1.50873E+04    2.24439E-02   -1.67157E-03    1.49803E-01    2.63269E+01    2.66224E+01    5.13658E+01
    1.58721E+04    1.69308E+06    6.51902E+04    1.50873E+04    2.29707E-02   -1.68514E-03    1.51552E-01    2.66224E+01    2.69237E+01    5.19535E+01
    1.60519E+04    1.76133E+06    6.82509E+04    1.50873E+04    2.35141E-02   -1.69938E-03    1.53334E-01    2.69237E+01    2.72310E+01    5.25527E+01
    1.62338E+04    1.83280E+06    7.14686E+04    1.50873E+04    2.40748E-02   -1.71429E-03    1.55151E-01    2.72310E+01    2.75445E+01    5.31637E+01
    1.64177E+04    1.90765E+06    7.48524E+04    1.50873E+04    2.46536E-02   -1.72992E-03    1.57005E-01    2.75445E+01    2.78644E+01    5.37871E+01
    1.66036E+04    1.98606E+06    7.84121E+04    1.50873E+04    2.52514E-02   -1.74628E-03    1.58897E-01    2.78644E+01    2.81910E+01    5.44233E+01
    1.67917E+04    2.06822E+06    8.21580E+04    1.50873E+04    2.58691E-02   -1.76341E-03    1.60829E-01    2.81910E+01    2.85245E+01    5.50728E+01
    1.69819E+04    2.15432E+06    8.61014E+04    1.50873E+04    2.65076E-02   -1.78135E-03    1.62802E-01    2.85245E+01    2.88653E+01    5.57360E+01
    1.71743E+04    2.24457E+06    9.02541E+04    1.50873E+04    2.71678E-02   -1.80011E-03    1.64817E-01    2.88653E+01    2.92135E+01    5.64136E+01
    1.73688E+04    2.33920E+06    9.46290E+04    1.50873E+04    2.78510E-02   -1.81975E-03    1.66876E-01    2.92135E+01    2.95694E+01    5.71060E+01
    1.75655E+04    2.43844E+06    9.92397E+04    1.50873E+04    2.85582E-02   -1.84030E-03    1.68982E-01    2.95694E+01    2.99335E+01    5.78139E+01
    1.77645E+04    2.54254E+06    1.04101E+05    1.50873E+04    2.92906E-02   -1.86181E-03    1.71135E-01    2.99335E+01    3.03060E+01    5.85378E+01
    1.79657E+04    2.65177E+06    1.09228E+05    1.50873E+04    3.00496E-02   -1.88432E-03    1.73338E-01    3.03060E+01    3.06872E+01    5.92785E+01
    1.81692E+04    2.76641E+06    1.14639E+05    1.50873E+04    3.08364E-02   -1.90789E-03    1.75593E-01    3.06872E+01    3.10776E+01    6.00367E+01
    1.83749E+04    2.88676E+06    1.20351E+05    1.50873E+04    3.16526E-02   -1.93256E-03    1.77901E-01    3.10776E+01    3.14775E+01    6.08129E+01
    1.85830E+04    3.01314E+06    1.26384E+05    1.50873E+04    3.24998E-02   -1.95840E-03    1.80266E-01    3.14775E+01    3.18873E+01    6.16081E+01
    1.87935E+04    3.14590E+06    1.32758E+05    1.50873E+04    3.33796E-02   -1.98547E-03    1.82690E-01    3.18873E+01    3.23075E+01    6.24231E+01
    1.90063E+04    3.28540E+06    1.39498E+05    1.50873E+04    3.42939E-02   -2.01384E-03    1.85175E-01    3.23075E+01    3.27385E+01    6.32586E+01
    1.92215E+04    3.43203E+06    1.46626E+05    1.50873E+04    3.52445E-02   -2.04358E-03    1.87724E-01    3.27385E+01    3.31808E+01    6.41157E+01
    1.94392E+04    3.58620E+06    1.54171E+05    1.50873E+04    3.62336E-02   -2.07477E-03    1.90340E-01    3.31808E+01    3.36350E+01    6.49952E+01
    1.96593E+04    3.74836E+06    1.62160E+05    1.50873E+04    3.72633E-02   -2.10750E-03    1.93026E-01    3.36350E+01    3.41015E+01    6.58982E+01
    1.98819E+04    3.91898E+06    1.70624E+05    1.50873E+04    3.83361E-02   -2.14186E-03    1.95784E-01    3.41015E+01    3.45810E+01    6.68259E+01
    2.01070E+04    4.09858E+06    1.79597E+05    1.50873E+04    3.94546E-02   -2.17795E-03    1.98620E-01    3.45810E+01    3.50740E+01    6.77793E+01
    2.03347E+04    4.28769E+06    1.89116E+05    1.50873E+04    4.06215E-02   -2.21589E-03    2.01536E-01    3.50740E+01    3.55813E+01    6.87597E+01
    2.05649E+04    4.48691E+06    1.99220E+05    1.50873E+04    4.18400E-02   -2.25578E-03    2.04536E-01    3.55813E+01    3.61036E+01    6.97685E+01
    2.07978E+04    4.69687E+06    2.09952E+05    1.50873E+04    4.31131E-02   -2.29777E-03    2.07624E-01    3.61036E+01    3.66416E+01    7.08070E+01
    2.10332E+04    4.91823E+06    2.21360E+05    1.50873E+04    4.44446E-02   -2.34199E-03    2.10806E-01    3.66416E+01    3.71962E+01    7.18768E+01
    2.12714E+04    5.15172E+06    2.33495E+05    1.50873E+04    4.58382E-02   -2.38860E-03    2.14085E-01    3.71962E+01    3.77682E+01    7.29795E+01
    2.15122E+04    5.39813E+06    2.46412E+05    1.50873E+04    4.72981E-02   -2.43776E-03    2.17468E-01    3.77682E+01    3.83586E+01    7.41168E+01
    2.17557E+04    5.65831E+06    2.60174E+05    1.50873E+04    4.88289E-02   -2.48966E-03    2.20959E-01    3.83586E+01    3.89683E+01    7.52907E+01
    2.20020E+04    5.93316E+06    2.74848E+05    1.50873E+04    5.04355E-02   -2.54450E-03    2.24564E-01    3.89683E+01    3.95986E+01    7.65031E+01
    2.22511E+04    6.22366E+06    2.90508E+05    1.50873E+04    5.21234E-02   -2.60251E-03    2.28291E-01    3.95986E+01    4.02504E+01    7.77562E+01
    2.25030E+04    6.53090E+06    3.07235E+05    1.50873E+04    5.38984E-02   -2.66392E-03    2.32145E-01    4.02504E+01    4.09252E+01    7.90523E+01
    2.27578E+04    6.85602E+06    3.25119E+05    1.50873E+04    5.57672E-02   -2.72900E-03    2.36135E-01    4.09252E+01    4.16243E+01    8.03940E+01
    2.30154E+04    7.20028E+06    3.44258E+05    1.50873E+04    5.77368E-02   -2.79804E-03    2.40269E-01    4.16243E+01    4.23492E+01    8.17840E+01
    2.32759E+04    7.56504E+06    3.64763E+05    1.50873E+04    5.98151E-02   -2.87136E-03    2.44554E-01    4.23492E+01    4.31015E+01    8.32253E+01
    2.35394E+04    7.95179E+06    3.86755E+05    1.50873E+04    6.20108E-02   -2.94932E-03    2.49002E-01    4.31015E+01    4.38829E+01    8.47210E+01
    2.38058E+04    8.36216E+06    4.10369E+05    1.50873E+04    6.43335E-02   -3.03229E-03    2.53622E-01    4.38829E+01    4.46954E+01    8.62746E+01
    2.40753E+04    8.79792E+06    4.35754E+05    1.50873E+04    6.67937E-02   -3.12072E-03    2.58426E-01    4.46954E+01    4.55411E+01    8.78900E+01
    2.43478E+04    9.26099E+06    4.63077E+05    1.50873E+04    6.94033E-02   -3.21507E-03    2.63425E-01    4.55411E+01    4.64222E+01    8.95713E+01
    2.46234E+04    9.75352E+06    4.92527E+05    1.50873E+04    7.21752E-02   -3.31587E-03    2.68634E-01    4.64222E+01    4.73411E+01    9.13230E+01
    2.49021E+04    1.02778E+07    5.24312E+05    1.50873E+04    7.51242E-02   -3.42368E-03    2.74067E-01    4.73411E+01    4.83006E+01    9.31499E+01
    2.51840E+04    1.08365E+07    5.58667E+05    1.50873E+04    7.82664E-02   -3.53916E-03    2.79739E-01    4.83006E+01    4.93038E+01    9.50576E+01
    2.54690E+04    1.14324E+07    5.95858E+05    1.50873E+04    8.16201E-02   -3.66302E-03    2.85669E-01    4.93038E+01    5.03537E+01    9.70519E+01
    2.57573E+04    1.20685E+07    6.36182E+05    1.50873E+04    8.52056E-02   -3.79603E-03    2.91875E-01    5.03537E+01    5.14541E+01    9.91392E+01
    2.60488E+04    1.27485E+07    6.79978E+05    1.50873E+04    8.90460E-02   -3.93909E-03    2.98380E-01    5.14541E+01    5.26089E+01    1.01327E+02
    2.63436E+04    1.34761E+07    7.27630E+05    1.50873E+04    9.31670E-02   -4.09316E-03    3.05205E-01    5.26089E+01    5.38223E+01    1.03622E+02
    2.66417E+04    1.42557E+07    7.79573E+05    1.50873E+04    9.75980E-02   -4.25936E-03    3.12378E-01    5.38223E+01    5.50994E+01    1.06035E+02
    2.69432E+04    1.50920E+07    8.36305E+05    1.50873E+04    1.02372E-01   -4.43890E-03    3.19925E-01    5.50994E+01    5.64453E+01    1.08573E+02
    2.72481E+04    1.59904E+07    8.98395E+05    1.50873E+04    1.07527E-01   -4.63317E-03    3.27880E-01    5.64453E+01    5.78659E+01    1.11249E+02
    2.75565E+04    1.69569E+07    9.66496E+05    1.50873E+04    1.13105E-01   -4.84373E-03    3.36276E-01    5.78659E+01    5.93679E+01    1.14073E+02
    2.78684E+04    1.79983E+07    1.04136E+06    1.50873E+04    1.19156E-01   -5.07233E-03    3.45153E-01    5.93679E+01    6.09586E+01    1.17058E+02
    2.81837E+04    1.91221E+07    1.12386E+06    1.50873E+04    1.25736E-01   -5.32098E-03    3.54553E-01    6.09586E+01    6.26461E+01    1.20220E+02
    2.85027E+04    2.03371E+07    1.21500E+06    1.50873E+04    1.32910E-01   -5.59197E-03    3.64525E-01    6.26461E+01    6.44396E+01    1.23575E+02
    2.88252E+04    2.16531E+07    1.31595E+06    1.50873E+04    1.40752E-01   -5.88790E-03    3.75123E-01    6.44396E+01    6.63493E+01    1.27139E+02
    2.91514E+04    2.30812E+07    1.42809E+06    1.50873E+04    1.49349E-01   -6.21179E-03    3.86407E-01    6.63493E+01    6.83869E+01    1.30935E+02
    2.94812E+04    2.46342E+07    1.55301E+06    1.50873E+04    1.58802E-01   -6.56711E-03    3.98445E-01    6.83869E+01    7.05654E+01    1.34985E+02
    2.98148E+04    2.63268E+07    1.69263E+06    1.50873E+04    1.69229E-01   -6.95791E-03    4.11316E-01    7.05654E+01    7.28995E+01    1.39315E+02
    3.01522E+04    2.81760E+07    1.84917E+06    1.50873E+04    1.80769E-01   -7.38893E-03    4.25105E-01    7.28995E+01    7.54063E+01    1.43954E+02
    3.04934E+04    3.02013E+07    2.02532E+06    1.50873E+04    1.93586E-01   -7.86575E-03    4.39914E-01    7.54063E+01    7.81050E+01    1.48936E+02
    3.08384E+04    3.24256E+07    2.22426E+06    1.50873E+04    2.07874E-01   -8.39498E-03    4.55854E-01    7.81050E+01    8.10178E+01    1.54299E+02
    3.11873E+04    3.48754E+07    2.44984E+06    1.50873E+04    2.23865E-01   -8.98453E-03    4.73058E-01    8.10178E+01    8.41704E+01    1.60087E+02
    3.15402E+04    3.75821E+07    2.70673E+06    1.50873E+04    2.41839E-01   -9.64391E-03    4.91677E-01    8.41704E+01    8.75926E+01    1.66352E+02
    3.18971E+04    4.05827E+07    3.00060E+06    1.50873E+04    2.62134E-01   -1.03847E-02    5.11885E-01    8.75926E+01    9.13193E+01    1.73152E+02
    3.22580E+04    4.39212E+07    3.33845E+06    1.50873E+04    2.85163E-01   -1.12210E-02    5.33889E-01    9.13193E+01    9.53917E+01    1.80556E+02
    3.26230E+04    4.76501E+07    3.72892E+06    1.50873E+04    3.11434E-01   -1.21704E-02    5.57930E-01    9.53917E+01    9.98585E+01    1.88647E+02
    3.29921E+04    5.18329E+07    4.18284E+06    1.50873E+04    3.41577E-01   -1.32549E-02    5.84295E-01    9.98585E+01    1.04778E+02    1.97521E+02
    3.33653E+04    5.65468E+07    4.71389E+06    1.50873E+04    3.76383E-01   -1.45022E-02    6.13329E-01    1.04778E+02    1.10222E+02    2.07293E+02
    3.37428E+04    6.18863E+07    5.33951E+06    1.50873E+04    4.16856E-01   -1.59481E-02    6.45447E-01    1.10222E+02    1.16276E+02    2.18105E+02
    3.41246E+04    6.79686E+07    6.08227E+06    1.50873E+04    4.64285E-01   -1.76392E-02    6.81156E-01    1.16276E+02    1.23048E+02    2.30128E+02
    3.45106E+04    7.49404E+07    6.97177E+06    1.50873E+04    5.20351E-01   -1.96373E-02    7.21086E-01    1.23048E+02    1.30671E+02    2.43574E+02
    3.49010E+04    8.29878E+07    8.04740E+06    1.50873E+04    5.87277E-01   -2.20258E-02    7.66024E-01    1.30671E+02    1.39319E+02    2.58708E+02
    3.52959E+04    9.23504E+07    9.36260E+06    1.50873E+04    6.68064E-01   -2.49204E-02    8.16972E-01    1.39319E+02    1.49214E+02    2.75872E+02
    3.56952E+04    1.03342E+08    1.09913E+07    1.50873E+04    7.66843E-01   -2.84846E-02    8.75232E-01    1.49214E+02    1.60652E+02    2.95505E+02
    3.60990E+04    1.16380E+08    1.30384E+07    1.50873E+04    8.89440E-01   -3.29582E-02    9.42525E-01    1.60652E+02    1.74036E+02    3.18190E+02
    3.65074E+04    1.32037E+08    1.56570E+07    1.50873E+04    1.04432E+00   -3.87040E-02    1.02119E+00    1.74036E+02    1.89930E+02    3.44722E+02
    3.69204E+04    1.51115E+08    1.90779E+07    1.50873E+04    1.24420E+00   -4.62970E-02    1.11448E+00    1.89930E+02    2.09158E+02    3.76210E+02
    3.73380E+04    1.74780E+08    2.36647E+07    1.50873E+04    1.50902E+00   -5.66988E-02    1.22711E+00    2.09158E+02    2.32972E+02    4.14264E+02
    3.77604E+04    2.04799E+08    3.00193E+07    1.50873E+04    1.87167E+00   -7.16335E-02    1.36621E+00    2.32972E+02    2.63398E+02    4.61327E+02
    3.81876E+04    2.44007E+08    3.92075E+07    1.50873E+04    2.39020E+00   -9.44890E-02    1.54314E+00    2.63398E+02    3.03986E+02    5.21326E+02
    3.86195E+04    2.97296E+08    5.32895E+07    1.50873E+04    3.17644E+00   -1.32825E-01    1.77730E+00    3.03986E+02    3.61686E+02    6.01053E+02
    3.90564E+04    3.74061E+08    7.67651E+07    1.50873E+04    4.47402E+00   -2.06960E-01    2.10504E+00    3.61686E+02    4.52606E+02    7.13532E+02
    3.94982E+04    4.95545E+08    1.21484E+08    1.50873E+04    6.92290E+00   -3.89488E-01    2.60215E+00    4.52606E+02    6.25647E+02    8.87543E+02
    3.99450E+04    7.28516E+08    2.32971E+08    1.50873E+04    1.29809E+01   -1.07441E+00    3.43897E+00    6.25647E+02    1.10838E+03    1.20045E+03
    4.03968E+04    1.76613E+09    1.03761E+09    1.50873E+04    5.65294E+01   -5.77112E+00    4.81909E+00    1.10838E+03    3.73063E+03    1.91386E+03
