 # rho, F_z,dF_z, z(rho), E2 (=>sigma2=e0^2*E2), Er, Ez, Ui,j , Ui+1,j , Ui,j-1
    2.50000E-01    5.85033E-01    5.85033E-01    0.00000E+00    4.68026E+00   -5.61317E-01    2.08930E+00    2.32531E+00    2.60597E+00    3.36996E+00
    7.31707E-01    1.64717E+00    1.06213E+00    5.00000E-01    3.13236E+00   -2.18718E-01    1.75628E+00    1.72783E+00    1.82918E+00    2.60597E+00
    1.19774E+00    3.30590E+00    1.65874E+00    5.00000E-01    2.95505E+00   -7.84398E-02    1.71724E+00    1.82918E+00    1.86595E+00    2.68780E+00
    1.66904E+00    5.69667E+00    2.39077E+00    5.00000E-01    3.02233E+00   -5.07426E-02    1.73774E+00    1.86595E+00    1.88999E+00    2.73482E+00
    2.14566E+00    8.91583E+00    3.21916E+00    5.00000E-01    3.13020E+00   -5.04686E-02    1.76852E+00    1.88999E+00    1.91418E+00    2.77425E+00
    2.62767E+00    1.30753E+01    4.15944E+00    5.00000E-01    3.26569E+00   -6.28699E-02    1.80603E+00    1.91418E+00    1.94466E+00    2.81720E+00
    3.11513E+00    1.83283E+01    5.25301E+00    5.00000E-01    3.44003E+00   -8.90353E-02    1.85259E+00    1.94466E+00    1.98830E+00    2.87096E+00
    3.60810E+00    2.48942E+01    6.56590E+00    5.00000E-01    3.67085E+00   -1.42257E-01    1.91066E+00    1.98830E+00    2.05883E+00    2.94363E+00
    4.10663E+00    3.30885E+01    8.19429E+00    5.00000E-01    3.98012E+00   -2.65772E-01    1.97724E+00    2.05883E+00    2.19207E+00    3.04745E+00
    4.61080E+00    4.34801E+01    1.03916E+01    5.00000E-01    4.44526E+00   -6.06774E-01    2.01918E+00    2.19207E+00    2.49970E+00    3.20166E+00
    5.12067E+00    5.27953E+01    9.31517E+00    9.63414E-01    3.54793E+00   -4.88267E-01    1.81921E+00    1.59010E+00    1.84045E+00    2.49970E+00
    5.63630E+00    6.32166E+01    1.04214E+01    9.63414E-01    3.56584E+00   -4.13644E-01    1.84248E+00    1.84045E+00    2.05493E+00    2.76169E+00
    6.15775E+00    7.70381E+01    1.38214E+01    9.63414E-01    4.28037E+00   -7.39672E-01    1.93216E+00    2.05493E+00    2.44280E+00    3.02101E+00
    6.68510E+00    8.93753E+01    1.23372E+01    1.43207E+00    3.48001E+00   -6.08644E-01    1.76339E+00    1.62562E+00    1.94839E+00    2.44280E+00
    7.21840E+00    1.04667E+02    1.52915E+01    1.43207E+00    3.95003E+00   -8.00256E-01    1.81924E+00    1.94839E+00    2.37757E+00    2.79145E+00
    7.75774E+00    1.17704E+02    1.30374E+01    1.90601E+00    3.09861E+00   -6.05060E-01    1.65303E+00    1.60288E+00    1.93104E+00    2.37757E+00
    8.30316E+00    1.34710E+02    1.70060E+01    1.90601E+00    3.73412E+00   -8.12396E-01    1.75332E+00    1.93104E+00    2.37663E+00    2.75273E+00
    8.85475E+00    1.49544E+02    1.48339E+01    2.38531E+00    3.02016E+00   -6.17177E-01    1.62458E+00    1.60667E+00    1.94901E+00    2.37663E+00
    9.41258E+00    1.69524E+02    1.99801E+01    2.38531E+00    3.78408E+00   -8.57373E-01    1.74614E+00    1.94901E+00    2.42996E+00    2.77658E+00
    9.97670E+00    1.87567E+02    1.80432E+01    2.87003E+00    3.18799E+00   -6.81333E-01    1.65039E+00    1.63892E+00    2.02544E+00    2.42996E+00
    1.05472E+01    2.13419E+02    2.58519E+01    2.87003E+00    4.27233E+00   -1.03544E+00    1.78891E+00    2.02544E+00    2.61948E+00    2.88287E+00
    1.11242E+01    2.41488E+02    2.80683E+01    3.36023E+00    4.34891E+00   -1.19638E+00    1.70810E+00    1.79153E+00    2.48566E+00    2.61948E+00
    1.17076E+01    2.66910E+02    2.54226E+01    3.85596E+00    3.70085E+00   -1.17757E+00    1.52124E+00    1.73995E+00    2.43089E+00    2.48566E+00
    1.22977E+01    2.91803E+02    2.48929E+01    4.35730E+00    3.41132E+00   -1.15971E+00    1.43749E+00    1.71827E+00    2.40642E+00    2.43089E+00
    1.28944E+01    3.17015E+02    2.52120E+01    4.86430E+00    3.25834E+00   -1.15148E+00    1.39012E+00    1.70950E+00    2.40048E+00    2.40642E+00
    1.34979E+01    3.43161E+02    2.61457E+01    5.37703E+00    3.19187E+00   -1.15558E+00    1.36253E+00    1.70968E+00    2.41095E+00    2.40048E+00
    1.41082E+01    3.70946E+02    2.77846E+01    5.89556E+00    3.20896E+00   -1.17805E+00    1.34950E+00    1.71902E+00    2.44201E+00    2.41095E+00
    1.47254E+01    4.01589E+02    3.06437E+01    6.41994E+00    3.35293E+00   -1.23760E+00    1.34955E+00    1.74224E+00    2.51036E+00    2.44201E+00
    1.53495E+01    4.38647E+02    3.70579E+01    6.95025E+00    3.84642E+00   -1.41712E+00    1.35580E+00    1.79940E+00    2.68888E+00    2.51036E+00
    1.59807E+01    4.61729E+02    2.30824E+01    8.02892E+00    2.27549E+00   -1.22166E+00    8.84894E-01    1.61117E+00    2.38663E+00    2.08574E+00
    1.66191E+01    4.97412E+02    3.56828E+01    8.57741E+00    3.34474E+00   -1.41556E+00    1.15798E+00    1.75859E+00    2.66729E+00    2.38663E+00
    1.72646E+01    5.26477E+02    2.90649E+01    9.69305E+00    2.59324E+00   -1.38568E+00    8.20439E-01    1.65420E+00    2.55376E+00    2.10929E+00
    1.79175E+01    5.54836E+02    2.83589E+01    1.08341E+01    2.41081E+00   -1.36277E+00    7.44087E-01    1.63513E+00    2.52982E+00    2.05725E+00
    1.85777E+01    5.85679E+02    3.08434E+01    1.20010E+01    2.50057E+00   -1.41589E+00    7.04143E-01    1.64973E+00    2.58980E+00    2.05827E+00
    1.92454E+01    6.12468E+02    2.67881E+01    1.38013E+01    2.07303E+00   -1.34214E+00    5.21237E-01    1.58385E+00    2.48502E+00    1.89664E+00
    1.99207E+01    6.33736E+02    2.12680E+01    1.62981E+01    1.57229E+00   -1.19061E+00    3.93369E-01    1.51419E+00    2.32265E+00    1.76109E+00
    2.06035E+01    6.51618E+02    1.78827E+01    1.89097E+01    1.26392E+00   -1.07164E+00    3.39870E-01    1.47583E+00    2.21173E+00    1.69896E+00
    2.12941E+01    6.70638E+02    1.90201E+01    2.09469E+01    1.28618E+00   -1.07909E+00    3.48908E-01    1.49543E+00    2.24483E+00    1.73235E+00
    2.19925E+01    6.87251E+02    1.66131E+01    2.37722E+01    1.07559E+00   -9.96640E-01    2.86877E-01    1.46206E+00    2.16201E+00    1.66581E+00
    2.26988E+01    7.01852E+02    1.46002E+01    2.67274E+01    9.05618E-01   -9.16489E-01    2.56255E-01    1.43795E+00    2.08888E+00    1.62832E+00
    2.34130E+01    7.17435E+02    1.55830E+01    2.90326E+01    9.26622E-01   -9.25110E-01    2.66072E-01    1.45710E+00    2.12158E+00    1.66154E+00
    2.41354E+01    7.30723E+02    1.32886E+01    3.22296E+01    7.57974E-01   -8.42142E-01    2.20841E-01    1.42303E+00    2.03475E+00    1.60052E+00
    2.48659E+01    7.44351E+02    1.36278E+01    3.47234E+01    7.46056E-01   -8.32975E-01    2.28490E-01    1.43347E+00    2.04537E+00    1.62340E+00
    2.56046E+01    7.57922E+02    1.35711E+01    3.73028E+01    7.13455E-01   -8.15718E-01    2.19225E-01    1.43403E+00    2.04003E+00    1.62251E+00
    2.63517E+01    7.71330E+02    1.34082E+01    3.99705E+01    6.77253E-01   -7.96199E-01    2.08135E-01    1.43251E+00    2.03069E+00    1.61759E+00
    2.71072E+01    7.84533E+02    1.32027E+01    4.27298E+01    6.41044E-01   -7.76051E-01    1.96950E-01    1.43020E+00    2.01983E+00    1.61134E+00
    2.78713E+01    7.97505E+02    1.29726E+01    4.55836E+01    6.05756E-01   -7.55733E-01    1.86075E-01    1.42743E+00    2.00811E+00    1.60443E+00
    2.86440E+01    8.10224E+02    1.27182E+01    4.85353E+01    5.71400E-01   -7.35227E-01    1.75620E-01    1.42421E+00    1.99552E+00    1.59699E+00
    2.94255E+01    8.22647E+02    1.24234E+01    5.15882E+01    5.37265E-01   -7.14032E-01    1.65600E-01    1.42029E+00    1.98140E+00    1.58880E+00
    3.02157E+01    8.34673E+02    1.20260E+01    5.47457E+01    5.00815E-01   -6.90263E-01    1.56053E-01    1.41469E+00    1.96325E+00    1.57893E+00
    3.10149E+01    8.45808E+02    1.11349E+01    5.80115E+01    4.46710E-01   -6.51709E-01    1.48272E-01    1.40135E+00    1.92512E+00    1.56275E+00
    3.18232E+01    8.58990E+02    1.31816E+01    6.02507E+01    5.09631E-01   -6.90259E-01    1.82134E-01    1.44234E+00    2.00336E+00    1.64510E+00
    3.26405E+01    8.71000E+02    1.20104E+01    6.37052E+01    4.47663E-01   -6.54424E-01    1.39254E-01    1.41589E+00    1.95380E+00    1.57624E+00
    3.34671E+01    8.81934E+02    1.09336E+01    6.72782E+01    3.93018E-01   -6.13354E-01    1.29672E-01    1.39854E+00    1.90839E+00    1.55298E+00
    3.43031E+01    8.94603E+02    1.26695E+01    6.97280E+01    4.39355E-01   -6.43419E-01    1.59267E-01    1.43445E+00    1.97534E+00    1.62844E+00
    3.51485E+01    9.05506E+02    1.09031E+01    7.35074E+01    3.64882E-01   -5.91670E-01    1.21690E-01    1.39854E+00    1.90154E+00    1.55184E+00
    3.60034E+01    9.17604E+02    1.20983E+01    7.60988E+01    3.90849E-01   -6.07179E-01    1.48938E-01    1.42552E+00    1.94754E+00    1.61741E+00
    3.68680E+01    9.30872E+02    1.32678E+01    7.87490E+01    4.13902E-01   -6.25590E-01    1.50132E-01    1.44429E+00    1.98822E+00    1.64212E+00
    3.77424E+01    9.42197E+02    1.13254E+01    8.28378E+01    3.41266E-01   -5.73688E-01    1.10219E-01    1.40512E+00    1.90956E+00    1.55534E+00
    3.86267E+01    9.55002E+02    1.28049E+01    8.56412E+01    3.72802E-01   -5.95746E-01    1.33748E-01    1.43551E+00    1.96526E+00    1.62193E+00
    3.95209E+01    9.65905E+02    1.09029E+01    8.99662E+01    3.06780E-01   -5.44729E-01    1.00248E-01    1.39768E+00    1.88754E+00    1.54220E+00
    4.04252E+01    9.77737E+02    1.18317E+01    9.29317E+01    3.21829E-01   -5.53752E-01    1.23238E-01    1.41962E+00    1.92321E+00    1.60132E+00
    4.13398E+01    9.90078E+02    1.23407E+01    9.59645E+01    3.24579E-01   -5.55931E-01    1.24578E-01    1.42835E+00    1.93964E+00    1.61620E+00
    4.22647E+01    1.00288E+03    1.28057E+01    9.90662E+01    3.25758E-01   -5.57350E-01    1.22960E-01    1.43546E+00    1.95385E+00    1.62508E+00
    4.32001E+01    1.01647E+03    1.35859E+01    1.02238E+02    3.34345E-01   -5.65703E-01    1.19687E-01    1.44683E+00    1.97894E+00    1.63560E+00
    4.41460E+01    1.02783E+03    1.13606E+01    1.07133E+02    2.70534E-01   -5.13008E-01    8.57707E-02    1.40394E+00    1.89193E+00    1.54386E+00
    4.51026E+01    1.04000E+03    1.21730E+01    1.10488E+02    2.80561E-01   -5.19087E-01    1.05400E-01    1.42304E+00    1.92239E+00    1.59888E+00
    4.60700E+01    1.05254E+03    1.25412E+01    1.13920E+02    2.79814E-01   -5.18243E-01    1.06007E-01    1.42926E+00    1.93344E+00    1.61014E+00
    4.70484E+01    1.06533E+03    1.27835E+01    1.17430E+02    2.76170E-01   -5.15064E-01    1.04304E-01    1.43278E+00    1.93953E+00    1.61480E+00
    4.80378E+01    1.07830E+03    1.29744E+01    1.21019E+02    2.71452E-01   -5.10924E-01    1.02021E-01    1.43531E+00    1.94366E+00    1.61739E+00
    4.90384E+01    1.09144E+03    1.31378E+01    1.24691E+02    2.66253E-01   -5.06304E-01    9.95482E-02    1.43733E+00    1.94678E+00    1.61904E+00
    5.00503E+01    1.10472E+03    1.32832E+01    1.28445E+02    2.60811E-01   -5.01397E-01    9.70157E-02    1.43904E+00    1.94926E+00    1.62015E+00
    5.10736E+01    1.11814E+03    1.34140E+01    1.32285E+02    2.55219E-01   -4.96279E-01    9.44766E-02    1.44051E+00    1.95122E+00    1.62089E+00
    5.21085E+01    1.13167E+03    1.35297E+01    1.36212E+02    2.49488E-01   -4.90950E-01    9.19553E-02    1.44174E+00    1.95268E+00    1.62129E+00
    5.31551E+01    1.14529E+03    1.36256E+01    1.40229E+02    2.43556E-01   -4.85338E-01    8.94637E-02    1.44266E+00    1.95346E+00    1.62131E+00
    5.42135E+01    1.15898E+03    1.36895E+01    1.44337E+02    2.37241E-01   -4.79239E-01    8.70108E-02    1.44309E+00    1.95318E+00    1.62080E+00
    5.52839E+01    1.17267E+03    1.36898E+01    1.48538E+02    2.30054E-01   -4.72115E-01    8.46227E-02    1.44257E+00    1.95075E+00    1.61933E+00
    5.63664E+01    1.18619E+03    1.35196E+01    1.52834E+02    2.20341E-01   -4.62104E-01    8.24677E-02    1.43950E+00    1.94252E+00    1.61567E+00
    5.74611E+01    1.19873E+03    1.25340E+01    1.57229E+02    1.98147E-01   -4.37425E-01    8.24974E-02    1.42419E+00    1.90573E+00    1.60443E+00
    5.85682E+01    1.21626E+03    1.75374E+01    1.59463E+02    2.68964E-01   -4.87748E-01    1.76255E-01    1.51630E+00    2.05931E+00    1.90573E+00
    5.96878E+01    1.23167E+03    1.54047E+01    1.64008E+02    2.29233E-01   -4.71177E-01    8.50009E-02    1.46709E+00    1.99758E+00    1.65917E+00
    6.08200E+01    1.24670E+03    1.50299E+01    1.68656E+02    2.17039E-01   -4.59290E-01    7.80494E-02    1.45983E+00    1.98277E+00    1.64020E+00
    6.19650E+01    1.26140E+03    1.46989E+01    1.73410E+02    2.06009E-01   -4.47641E-01    7.50137E-02    1.45427E+00    1.96971E+00    1.63157E+00
    6.31230E+01    1.27498E+03    1.35840E+01    1.78272E+02    1.84804E-01   -4.23354E-01    7.46649E-02    1.43762E+00    1.93061E+00    1.61811E+00
    6.42940E+01    1.29377E+03    1.87912E+01    1.80744E+02    2.48183E-01   -4.70361E-01    1.64145E-01    1.52934E+00    2.08325E+00    1.93061E+00
    6.54783E+01    1.31017E+03    1.63944E+01    1.85773E+02    2.10236E-01   -4.52082E-01    7.65390E-02    1.47793E+00    2.01633E+00    1.66929E+00
    6.66760E+01    1.32594E+03    1.57715E+01    1.90916E+02    1.96396E-01   -4.37551E-01    7.03210E-02    1.46752E+00    1.99451E+00    1.64733E+00
    6.78872E+01    1.34043E+03    1.44931E+01    1.96176E+02    1.75277E-01   -4.12870E-01    6.93942E-02    1.44897E+00    1.95185E+00    1.63044E+00
    6.91121E+01    1.36028E+03    1.98474E+01    1.98850E+02    2.33141E-01   -4.57051E-01    1.55709E-01    1.54005E+00    2.10303E+00    1.95185E+00
    7.03508E+01    1.37736E+03    1.70811E+01    2.04290E+02    1.94911E-01   -4.35748E-01    7.09582E-02    1.48496E+00    2.02776E+00    1.67688E+00
    7.16036E+01    1.39284E+03    1.54795E+01    2.09854E+02    1.71605E-01   -4.08813E-01    6.69125E-02    1.46167E+00    1.97668E+00    1.64677E+00
    7.28704E+01    1.41388E+03    2.10433E+01    2.12683E+02    2.26670E-01   -4.51365E-01    1.51455E-01    1.55298E+00    2.12802E+00    1.97668E+00
    7.41516E+01    1.43193E+03    1.80471E+01    2.18438E+02    1.88902E-01   -4.29331E-01    6.76537E-02    1.49600E+00    2.04915E+00    1.68957E+00
    7.54473E+01    1.44827E+03    1.63408E+01    2.24323E+02    1.66226E-01   -4.02705E-01    6.36732E-02    1.47198E+00    1.99668E+00    1.65829E+00
    7.67576E+01    1.47037E+03    2.20968E+01    2.27316E+02    2.18473E-01   -4.43913E-01    1.46337E-01    1.56365E+00    2.14858E+00    1.99668E+00
    7.80828E+01    1.48926E+03    1.88949E+01    2.33403E+02    1.81593E-01   -4.21264E-01    6.42618E-02    1.50518E+00    2.06655E+00    1.69967E+00
    7.94229E+01    1.50628E+03    1.70157E+01    2.39628E+02    1.58977E-01   -3.94104E-01    6.04945E-02    1.47949E+00    2.01059E+00    1.66673E+00
    8.07781E+01    1.52903E+03    2.27573E+01    2.42794E+02    2.06718E-01   -4.32250E-01    1.40988E-01    1.56927E+00    2.15837E+00    2.01059E+00
    8.21487E+01    1.54738E+03    1.83469E+01    2.49232E+02    1.62044E-01   -3.97622E-01    6.27779E-02    1.49696E+00    2.04499E+00    1.69793E+00
    8.35347E+01    1.57166E+03    2.42784E+01    2.52507E+02    2.08517E-01   -4.34064E-01    1.41795E-01    1.58592E+00    2.19093E+00    2.04499E+00
    8.49364E+01    1.59117E+03    1.95130E+01    2.59166E+02    1.62982E-01   -3.98945E-01    6.18485E-02    1.51069E+00    2.07304E+00    1.71548E+00
    8.63540E+01    1.61704E+03    2.58681E+01    2.62552E+02    2.10141E-01   -4.36344E-01    1.40519E-01    1.60251E+00    2.22452E+00    2.07304E+00
    8.77875E+01    1.63893E+03    2.18874E+01    2.69440E+02    1.72946E-01   -4.11680E-01    5.88663E-02    1.53778E+00    2.13127E+00    1.73937E+00
    8.92373E+01    1.65861E+03    1.96799E+01    2.76485E+02    1.51268E-01   -3.85011E-01    5.50878E-02    1.50998E+00    2.07129E+00    1.70292E+00
    9.07034E+01    1.68468E+03    2.60711E+01    2.80067E+02    1.94951E-01   -4.21199E-01    1.32447E-01    1.60216E+00    2.22317E+00    2.07129E+00
    9.21861E+01    1.70570E+03    2.10186E+01    2.87353E+02    1.52914E-01   -3.86875E-01    5.69341E-02    1.52624E+00    2.10309E+00    1.73249E+00
    9.36856E+01    1.73324E+03    2.75382E+01    2.91058E+02    1.94936E-01   -4.21105E-01    1.32690E-01    1.61699E+00    2.25197E+00    2.10309E+00
    9.52020E+01    1.75526E+03    2.20222E+01    2.98594E+02    1.51693E-01   -3.85432E-01    5.59947E-02    1.53711E+00    2.12487E+00    1.74691E+00
    9.67356E+01    1.78399E+03    2.87355E+01    3.02425E+02    1.92621E-01   -4.18860E-01    1.31060E-01    1.62827E+00    2.27422E+00    2.12487E+00
    9.82864E+01    1.80688E+03    2.28899E+01    3.10220E+02    1.49327E-01   -3.82525E-01    5.47869E-02    1.54606E+00    2.14264E+00    1.75837E+00
    9.98548E+01    1.83660E+03    2.97139E+01    3.14183E+02    1.88669E-01   -4.14752E-01    1.29034E-01    1.63696E+00    2.29111E+00    2.14264E+00
    1.01441E+02    1.85985E+03    2.32479E+01    3.22244E+02    1.43682E-01   -3.75207E-01    5.38616E-02    1.54914E+00    2.14761E+00    1.76502E+00
    1.03045E+02    1.88904E+03    2.91956E+01    3.26343E+02    1.75647E-01   -3.99174E-01    1.27699E-01    1.63000E+00    2.27389E+00    2.14761E+00
    1.04667E+02    1.92358E+03    3.45412E+01    3.30489E+02    2.02300E-01   -4.26166E-01    1.43815E-01    1.68438E+00    2.37958E+00    2.27389E+00
    1.06308E+02    1.95007E+03    2.64833E+01    3.38921E+02    1.51007E-01   -3.84821E-01    5.40322E-02    1.58314E+00    2.21799E+00    1.80966E+00
    1.07967E+02    1.98423E+03    3.41657E+01    3.43208E+02    1.89675E-01   -4.16447E-01    1.27464E-01    1.67759E+00    2.37237E+00    2.21799E+00
    1.09645E+02    2.01135E+03    2.71229E+01    3.51929E+02    1.46615E-01   -3.79411E-01    5.16033E-02    1.58839E+00    2.22854E+00    1.81214E+00
    1.11341E+02    2.04632E+03    3.49647E+01    3.56364E+02    1.84045E-01   -4.10610E-01    1.24275E-01    1.68359E+00    2.38421E+00    2.22854E+00
    1.13057E+02    2.07371E+03    2.73963E+01    3.65384E+02    1.40431E-01   -3.71327E-01    5.04735E-02    1.59024E+00    2.23099E+00    1.81660E+00
    1.14793E+02    2.10793E+03    3.42199E+01    3.69970E+02    1.70827E-01   -3.94712E-01    1.22592E-01    1.67499E+00    2.36379E+00    2.23099E+00
    1.16547E+02    2.14819E+03    4.02526E+01    3.74609E+02    1.95704E-01   -4.20341E-01    1.37905E-01    1.73127E+00    2.47308E+00    2.36379E+00
    1.18322E+02    2.17905E+03    3.08637E+01    3.84044E+02    1.46154E-01   -3.78952E-01    5.04906E-02    1.62374E+00    2.30006E+00    1.86058E+00
    1.20117E+02    2.21853E+03    3.94767E+01    3.88841E+02    1.82090E-01   -4.08908E-01    1.22000E-01    1.72131E+00    2.45935E+00    2.30006E+00
    1.21932E+02    2.24937E+03    3.08376E+01    3.98599E+02    1.38558E-01   -3.69060E-01    4.85068E-02    1.62220E+00    2.29584E+00    1.85754E+00
    1.23768E+02    2.28769E+03    3.83203E+01    4.03561E+02    1.67730E-01   -3.91721E-01    1.19520E-01    1.70942E+00    2.43250E+00    2.29584E+00
    1.25624E+02    2.33248E+03    4.47916E+01    4.08579E+02    1.91000E-01   -4.15897E-01    1.34275E-01    1.76624E+00    2.54262E+00    2.43250E+00
    1.27501E+02    2.36631E+03    3.38283E+01    4.18786E+02    1.40538E-01   -3.71713E-01    4.86596E-02    1.64938E+00    2.35112E+00    1.89632E+00
    1.29400E+02    2.40817E+03    4.18693E+01    4.23976E+02    1.69477E-01   -3.93991E-01    1.19366E-01    1.73853E+00    2.49074E+00    2.35112E+00
    1.31320E+02    2.45704E+03    4.88694E+01    4.29225E+02    1.92742E-01   -4.18188E-01    1.33645E-01    1.79711E+00    2.60454E+00    2.49074E+00
    1.33262E+02    2.49454E+03    3.74951E+01    4.39901E+02    1.44099E-01   -3.76617E-01    4.75232E-02    1.68076E+00    2.41614E+00    1.93301E+00
    1.35225E+02    2.54221E+03    4.76713E+01    4.45329E+02    1.78529E-01   -4.05812E-01    1.17668E-01    1.78449E+00    2.58583E+00    2.41614E+00
    1.37211E+02    2.57954E+03    3.73291E+01    4.56371E+02    1.36235E-01   -3.66280E-01    4.55369E-02    1.67807E+00    2.40952E+00    1.92807E+00
    1.39219E+02    2.62569E+03    4.61490E+01    4.61986E+02    1.64139E-01   -3.88460E-01    1.15057E-01    1.77073E+00    2.55523E+00    2.40952E+00
    1.41250E+02    2.67933E+03    5.36462E+01    4.67664E+02    1.85960E-01   -4.11449E-01    1.29112E-01    1.83030E+00    2.67062E+00    2.55523E+00
    1.43304E+02    2.71987E+03    4.05387E+01    4.79214E+02    1.36962E-01   -3.67265E-01    4.55926E-02    1.70455E+00    2.46311E+00    1.96636E+00
    1.45381E+02    2.76968E+03    4.98082E+01    4.85087E+02    1.64022E-01   -3.88459E-01    1.14548E-01    1.79790E+00    2.60930E+00    2.46311E+00
    1.47482E+02    2.82726E+03    5.75746E+01    4.91026E+02    1.84809E-01   -4.10374E-01    1.28068E-01    1.85717E+00    2.72404E+00    2.60930E+00
    1.49606E+02    2.87037E+03    4.31127E+01    5.03107E+02    1.34898E-01   -3.64534E-01    4.48680E-02    1.72443E+00    2.50316E+00    1.99392E+00
    1.51754E+02    2.92273E+03    5.23643E+01    5.09249E+02    1.59722E-01   -3.83281E-01    1.13213E-01    1.81548E+00    2.64351E+00    2.50316E+00
    1.53927E+02    2.98145E+03    5.87130E+01    5.15462E+02    1.74586E-01   -3.98047E-01    1.27060E-01    1.86300E+00    2.73265E+00    2.64351E+00
    1.56124E+02    3.04738E+03    6.59341E+01    5.21744E+02    1.91139E-01   -4.16814E-01    1.31928E-01    1.91308E+00    2.83403E+00    2.73265E+00
    1.58346E+02    3.09641E+03    4.90260E+01    5.34523E+02    1.38564E-01   -3.69555E-01    4.46431E-02    1.76900E+00    2.59476E+00    2.05264E+00
    1.60593E+02    3.15628E+03    5.98717E+01    5.41021E+02    1.64985E-01   -3.90107E-01    1.13143E-01    1.86778E+00    2.74931E+00    2.59476E+00
    1.62866E+02    3.22512E+03    6.88369E+01    5.47592E+02    1.84953E-01   -4.11155E-01    1.26114E-01    1.92983E+00    2.86942E+00    2.74931E+00
    1.65164E+02    3.27665E+03    5.15318E+01    5.60958E+02    1.35005E-01   -3.64866E-01    4.33362E-02    1.78621E+00    2.62944E+00    2.07421E+00
    1.67488E+02    3.33899E+03    6.23461E+01    5.67755E+02    1.59271E-01   -3.83320E-01    1.11069E-01    1.88298E+00    2.77887E+00    2.62944E+00
    1.69838E+02    3.40863E+03    6.96399E+01    5.74628E+02    1.73481E-01   -3.97471E-01    1.24491E-01    1.93275E+00    2.87221E+00    2.77887E+00
    1.72215E+02    3.48648E+03    7.78474E+01    5.81579E+02    1.89113E-01   -4.15263E-01    1.29111E-01    1.98478E+00    2.97738E+00    2.87221E+00
    1.74619E+02    3.54404E+03    5.75582E+01    5.95718E+02    1.36360E-01   -3.66751E-01    4.30528E-02    1.82772E+00    2.71427E+00    2.13036E+00
    1.77050E+02    3.61345E+03    6.94092E+01    6.02907E+02    1.60366E-01   -3.84872E-01    1.10632E-01    1.92778E+00    2.86864E+00    2.71427E+00
    1.79508E+02    3.69078E+03    7.73368E+01    6.10178E+02    1.74265E-01   -3.98684E-01    1.23759E-01    1.97889E+00    2.96454E+00    2.86864E+00
    1.81994E+02    3.77706E+03    8.62706E+01    6.17531E+02    1.89598E-01   -4.16130E-01    1.28194E-01    2.03248E+00    3.07288E+00    2.96454E+00
    1.84509E+02    3.84089E+03    6.38357E+01    6.32487E+02    1.36835E-01   -3.67480E-01    4.23427E-02    1.86842E+00    2.79757E+00    2.18327E+00
    1.87052E+02    3.91776E+03    7.68641E+01    6.40091E+02    1.60706E-01   -3.85575E-01    1.09718E-01    1.97250E+00    2.95842E+00    2.79757E+00
    1.89623E+02    4.00329E+03    8.55363E+01    6.47782E+02    1.74441E-01   -3.99239E-01    1.22675E-01    2.02549E+00    3.05788E+00    2.95842E+00
    1.92223E+02    4.09858E+03    9.52925E+01    6.55560E+02    1.89567E-01   -4.16453E-01    1.27019E-01    2.08100E+00    3.17007E+00    3.05788E+00
    1.94853E+02    4.16920E+03    7.06172E+01    6.71380E+02    1.37035E-01   -3.67840E-01    4.15830E-02    1.91018E+00    2.88299E+00    2.23725E+00
    1.97513E+02    4.25411E+03    8.49114E+01    6.79424E+02    1.60738E-01   -3.85907E-01    1.08694E-01    2.01839E+00    3.05051E+00    2.88299E+00
    2.00203E+02    4.34849E+03    9.43757E+01    6.87560E+02    1.74285E-01   -3.99408E-01    1.21483E-01    2.07326E+00    3.15357E+00    3.05051E+00
    2.02923E+02    4.45348E+03    1.04995E+02    6.95787E+02    1.89159E-01   -4.16352E-01    1.25738E-01    2.13066E+00    3.26952E+00    3.15357E+00
    2.05673E+02    4.53137E+03    7.78841E+01    7.12521E+02    1.36892E-01   -3.67733E-01    4.08064E-02    1.95275E+00    2.96999E+00    2.29226E+00
    2.08455E+02    4.62485E+03    9.34818E+01    7.21030E+02    1.60304E-01   -3.85658E-01    1.07570E-01    2.06487E+00    3.14375E+00    2.96999E+00
    2.11269E+02    4.72856E+03    1.03709E+02    7.29636E+02    1.73512E-01   -3.98840E-01    1.20163E-01    2.12126E+00    3.24962E+00    3.14375E+00
    2.14114E+02    4.84366E+03    1.15105E+02    7.38338E+02    1.87897E-01   -4.15264E-01    1.24308E-01    2.17991E+00    3.36801E+00    3.24962E+00
    2.16991E+02    4.92877E+03    8.51101E+01    7.56040E+02    1.35559E-01   -3.65999E-01    4.00490E-02    1.99305E+00    3.05203E+00    2.34552E+00
    2.19901E+02    5.03034E+03    1.01562E+02    7.65041E+02    1.57839E-01   -3.82821E-01    1.06242E-01    2.10643E+00    3.22661E+00    3.05203E+00
    2.22843E+02    5.14179E+03    1.11455E+02    7.74144E+02    1.69016E-01   -3.93626E-01    1.18636E-01    2.15876E+00    3.32357E+00    3.22661E+00
    2.25819E+02    5.26199E+03    1.20196E+02    7.83349E+02    1.77860E-01   -4.03340E-01    1.23191E-01    2.20220E+00    3.40924E+00    3.32357E+00
    2.28829E+02    5.39380E+03    1.31810E+02    7.92659E+02    1.90330E-01   -4.17943E-01    1.25115E-01    2.25748E+00    3.52236E+00    3.40924E+00
    2.31872E+02    5.49046E+03    9.66640E+01    8.11595E+02    1.36209E-01   -3.66927E-01    3.96686E-02    2.05439E+00    3.17742E+00    2.42786E+00
    2.34950E+02    5.60526E+03    1.14802E+02    8.21224E+02    1.57864E-01   -3.83022E-01    1.05633E-01    2.17167E+00    3.35720E+00    3.17742E+00
    2.38063E+02    5.73047E+03    1.25210E+02    8.30961E+02    1.68026E-01   -3.92631E-01    1.17756E-01    2.22335E+00    3.45236E+00    3.35720E+00
    2.41211E+02    5.86407E+03    1.33601E+02    8.40809E+02    1.74969E-01   -4.00051E-01    1.22184E-01    2.26258E+00    3.52896E+00    3.45236E+00
    2.44394E+02    6.00656E+03    1.42490E+02    8.50768E+02    1.82122E-01   -4.08185E-01    1.24529E-01    2.30265E+00    3.60938E+00    3.52896E+00
    2.47614E+02    6.16194E+03    1.55374E+02    8.60839E+02    1.93817E-01   -4.21956E-01    1.25577E-01    2.35877E+00    3.72486E+00    3.60938E+00
    2.50870E+02    6.27583E+03    1.13889E+02    8.81325E+02    1.38658E-01   -3.70290E-01    3.92833E-02    2.13937E+00    3.35173E+00    2.53948E+00
    2.54162E+02    6.41107E+03    1.35241E+02    8.91741E+02    1.60705E-01   -3.86768E-01    1.05428E-01    2.26578E+00    3.54640E+00    3.35173E+00
    2.57492E+02    6.55891E+03    1.47841E+02    9.02276E+02    1.71467E-01   -3.97087E-01    1.17427E-01    2.32320E+00    3.65284E+00    3.54640E+00
    2.60859E+02    6.71783E+03    1.58923E+02    9.12929E+02    1.79908E-01   -4.06320E-01    1.21703E-01    2.37076E+00    3.74670E+00    3.65284E+00
    2.64265E+02    6.89154E+03    1.73711E+02    9.23703E+02    1.91945E-01   -4.20367E-01    1.23437E-01    2.43167E+00    3.87127E+00    3.74670E+00
    2.67709E+02    7.01917E+03    1.27625E+02    9.45618E+02    1.37652E-01   -3.69019E-01    3.84314E-02    2.20227E+00    3.48030E+00    2.62101E+00
    2.71192E+02    7.17027E+03    1.51104E+02    9.56761E+02    1.59084E-01   -3.85035E-01    1.04081E-01    2.33346E+00    3.68202E+00    3.48030E+00
    2.74714E+02    7.33464E+03    1.64371E+02    9.68030E+02    1.68925E-01   -3.94326E-01    1.15895E-01    2.39058E+00    3.78729E+00    3.68202E+00
    2.78276E+02    7.50960E+03    1.74954E+02    9.79426E+02    1.75517E-01   -4.01356E-01    1.20125E-01    2.43358E+00    3.87125E+00    3.78729E+00
    2.81878E+02    7.69569E+03    1.86090E+02    9.90952E+02    1.82243E-01   -4.09001E-01    1.22317E-01    2.47727E+00    3.95888E+00    3.87125E+00
    2.85521E+02    7.89789E+03    2.02204E+02    1.00261E+03    1.93313E-01   -4.22046E-01    1.23247E-01    2.53843E+00    4.08458E+00    3.95888E+00
    2.89205E+02    8.04590E+03    1.48011E+02    1.02631E+03    1.38139E-01   -3.69730E-01    3.79276E-02    2.28999E+00    3.65978E+00    2.73705E+00
    2.92931E+02    8.22056E+03    1.74658E+02    1.03837E+03    1.59137E-01   -3.85306E-01    1.03330E-01    2.42805E+00    3.87168E+00    3.65978E+00
    2.96699E+02    8.40982E+03    1.89265E+02    1.05056E+03    1.68354E-01   -3.93890E-01    1.14911E-01    2.48641E+00    3.97888E+00    3.87168E+00
    3.00509E+02    8.61018E+03    2.00356E+02    1.06289E+03    1.73994E-01   -3.99796E-01    1.18984E-01    2.52830E+00    4.06027E+00    3.97888E+00
    3.04363E+02    8.82115E+03    2.10969E+02    1.07536E+03    1.78869E-01   -4.05218E-01    1.21111E-01    2.56708E+00    4.13736E+00    4.06027E+00
    3.08260E+02    9.04428E+03    2.23130E+02    1.08797E+03    1.84701E-01   -4.11949E-01    1.22470E-01    2.61035E+00    4.22476E+00    4.13736E+00
    3.12201E+02    9.28581E+03    2.41532E+02    1.10072E+03    1.95204E-01   -4.24356E-01    1.22989E-01    2.67396E+00    4.35579E+00    4.22476E+00
    3.16187E+02    9.46241E+03    1.76600E+02    1.12666E+03    1.39353E-01   -3.71417E-01    3.74450E-02    2.40329E+00    3.89194E+00    2.88618E+00
    3.20217E+02    9.67040E+03    2.07990E+02    1.13985E+03    1.60245E-01   -3.86890E-01    1.02769E-01    2.55166E+00    4.11985E+00    3.89194E+00
    3.24294E+02    9.89543E+03    2.25031E+02    1.15318E+03    1.69282E-01   -3.95278E-01    1.14183E-01    2.61389E+00    4.23418E+00    4.11985E+00
    3.28416E+02    1.01333E+04    2.37902E+02    1.16667E+03    1.74744E-01   -4.00982E-01    1.18144E-01    2.65837E+00    4.32062E+00    4.23418E+00
    3.32585E+02    1.03835E+04    2.50190E+02    1.18031E+03    1.79439E-01   -4.06196E-01    1.20184E-01    2.69949E+00    4.40238E+00    4.32062E+00
    3.36801E+02    1.06478E+04    2.64268E+02    1.19411E+03    1.85072E-01   -4.12695E-01    1.21469E-01    2.74540E+00    4.49509E+00    4.40238E+00
    3.41064E+02    1.09334E+04    2.85608E+02    1.20806E+03    1.95310E-01   -4.24786E-01    1.21929E-01    2.81303E+00    4.63433E+00    4.49509E+00
    3.45376E+02    1.11423E+04    2.08876E+02    1.23644E+03    1.39478E-01   -3.71649E-01    3.68036E-02    2.52053E+00    4.13200E+00    3.03978E+00
    3.49737E+02    1.13877E+04    2.45464E+02    1.25087E+03    1.60057E-01   -3.86897E-01    1.01824E-01    2.67914E+00    4.37569E+00    4.13200E+00
    3.54147E+02    1.16527E+04    2.64937E+02    1.26546E+03    1.68697E-01   -3.94864E-01    1.13049E-01    2.74445E+00    4.49550E+00    4.37569E+00
    3.58606E+02    1.19319E+04    2.79215E+02    1.28022E+03    1.73616E-01   -3.99942E-01    1.16886E-01    2.78983E+00    4.58344E+00    4.49550E+00
    3.63116E+02    1.22241E+04    2.92194E+02    1.29514E+03    1.77425E-01   -4.04109E-01    1.18830E-01    2.82982E+00    4.66260E+00    4.58344E+00
    3.67677E+02    1.25298E+04    3.05687E+02    1.31023E+03    1.81267E-01   -4.08468E-01    1.20087E-01    2.87040E+00    4.74388E+00    4.66260E+00
    3.72290E+02    1.28516E+04    3.21823E+02    1.32550E+03    1.86365E-01   -4.14401E-01    1.20985E-01    2.91787E+00    4.84004E+00    4.74388E+00
    3.76954E+02    1.31985E+04    3.46906E+02    1.34093E+03    1.96188E-01   -4.26019E-01    1.21225E-01    2.98974E+00    4.98813E+00    4.84004E+00
    3.81672E+02    1.34522E+04    2.53667E+02    1.37233E+03    1.40102E-01   -3.72544E-01    3.62341E-02    2.66911E+00    4.43640E+00    3.23474E+00
    3.86442E+02    1.37497E+04    2.97575E+02    1.38830E+03    1.60510E-01   -3.87685E-01    1.01044E-01    2.84126E+00    4.70116E+00    4.43640E+00
    3.91267E+02    1.40705E+04    3.20719E+02    1.40444E+03    1.68951E-01   -3.95457E-01    1.12094E-01    2.91157E+00    4.83019E+00    4.70116E+00
    3.96146E+02    1.44080E+04    3.37583E+02    1.42077E+03    1.73682E-01   -4.00333E-01    1.15822E-01    2.96019E+00    4.92442E+00    4.83019E+00
    4.01080E+02    1.47609E+04    3.52855E+02    1.43728E+03    1.77302E-01   -4.04293E-01    1.17682E-01    3.00291E+00    5.00899E+00    4.92442E+00
    4.06070E+02    1.51296E+04    3.68699E+02    1.45398E+03    1.80942E-01   -4.08427E-01    1.18867E-01    3.04620E+00    5.09569E+00    5.00899E+00
    4.11116E+02    1.55172E+04    3.87640E+02    1.47087E+03    1.85803E-01   -4.14096E-01    1.19697E-01    3.09686E+00    5.19828E+00    5.09569E+00
    4.16220E+02    1.59344E+04    4.17150E+02    1.48795E+03    1.95289E-01   -4.25344E-01    1.19882E-01    3.17374E+00    5.35663E+00    5.19828E+00
    4.21381E+02    1.62394E+04    3.04992E+02    1.52269E+03    1.39458E-01   -3.71747E-01    3.55271E-02    2.82392E+00    4.75330E+00    3.43752E+00
    4.26600E+02    1.65963E+04    3.56941E+02    1.54035E+03    1.59413E-01   -3.86579E-01    9.98486E-02    3.00927E+00    5.03830E+00    4.75330E+00
    4.31879E+02    1.69800E+04    3.83719E+02    1.55821E+03    1.67387E-01   -3.93876E-01    1.10671E-01    3.08340E+00    5.17410E+00    5.03830E+00
    4.37217E+02    1.73827E+04    4.02627E+02    1.57628E+03    1.71552E-01   -3.98119E-01    1.14251E-01    3.13315E+00    5.27025E+00    5.17410E+00
    4.42615E+02    1.78017E+04    4.18990E+02    1.59455E+03    1.74376E-01   -4.01153E-01    1.15982E-01    3.17497E+00    5.35268E+00    5.27025E+00
    4.48074E+02    1.82364E+04    4.34729E+02    1.61303E+03    1.76725E-01   -4.03764E-01    1.17045E-01    3.21430E+00    5.43096E+00    5.35268E+00
    4.53595E+02    1.86874E+04    4.50977E+02    1.63171E+03    1.79075E-01   -4.06441E-01    1.17818E-01    3.25414E+00    5.51070E+00    5.43096E+00
    4.59179E+02    1.91564E+04    4.69004E+02    1.65061E+03    1.81913E-01   -4.09736E-01    1.18445E-01    3.29756E+00    5.59812E+00    5.51070E+00
    4.64825E+02    1.96478E+04    4.91411E+02    1.66972E+03    1.86185E-01   -4.14774E-01    1.18943E-01    3.35056E+00    5.70573E+00    5.59812E+00
    4.70535E+02    2.01750E+04    5.27271E+02    1.68904E+03    1.95142E-01   -4.25443E-01    1.18913E-01    3.43334E+00    5.87639E+00    5.70573E+00
    4.76310E+02    2.05601E+04    3.85100E+02    1.72835E+03    1.39224E-01   -3.71491E-01    3.48989E-02    3.04131E+00    5.19866E+00    3.72337E+00
    4.82150E+02    2.10098E+04    4.49700E+02    1.74834E+03    1.58814E-01   -3.86073E-01    9.88031E-02    3.24584E+00    5.51319E+00    5.19866E+00
    4.88056E+02    2.14923E+04    4.82478E+02    1.76855E+03    1.66447E-01   -3.93038E-01    1.09401E-01    3.32648E+00    5.66083E+00    5.51319E+00
    4.94029E+02    2.19976E+04    5.05281E+02    1.78899E+03    1.70282E-01   -3.96925E-01    1.12840E-01    3.37989E+00    5.76396E+00    5.66083E+00
    5.00069E+02    2.25223E+04    5.24727E+02    1.80967E+03    1.72748E-01   -3.99558E-01    1.14458E-01    3.42417E+00    5.85118E+00    5.76396E+00
    5.06178E+02    2.30654E+04    5.43096E+02    1.83057E+03    1.74663E-01   -4.01674E-01    1.15417E-01    3.46511E+00    5.93255E+00    5.85118E+00
    5.12356E+02    2.36270E+04    5.61545E+02    1.85172E+03    1.76426E-01   -4.03670E-01    1.16088E-01    3.50549E+00    6.01320E+00    5.93255E+00
    5.18603E+02    2.42080E+04    5.81042E+02    1.87310E+03    1.78337E-01   -4.05878E-01    1.16621E-01    3.54746E+00    6.09738E+00    6.01320E+00
    5.24921E+02    2.48110E+04    6.02990E+02    1.89472E+03    1.80803E-01   -4.08773E-01    1.17080E-01    3.59395E+00    6.19108E+00    6.09738E+00
    5.31310E+02    2.54416E+04    6.30578E+02    1.91659E+03    1.84714E-01   -4.13424E-01    1.17448E-01    3.65140E+00    6.30776E+00    6.19108E+00
    5.37772E+02    2.61168E+04    6.75214E+02    1.93871E+03    1.93229E-01   -4.23633E-01    1.17321E-01    3.74216E+00    6.49487E+00    6.30776E+00
    5.44306E+02    2.66098E+04    4.93032E+02    1.98369E+03    1.37842E-01   -3.69699E-01    3.41219E-02    3.30081E+00    5.73021E+00    4.06395E+00
    5.50915E+02    2.71844E+04    5.74539E+02    2.00656E+03    1.56929E-01   -3.83993E-01    9.73560E-02    3.52822E+00    6.08007E+00    5.73021E+00
    5.57598E+02    2.77996E+04    6.15228E+02    2.02970E+03    1.64174E-01   -3.90608E-01    1.07700E-01    3.61659E+00    6.24173E+00    6.08007E+00
    5.64357E+02    2.84427E+04    6.43063E+02    2.05309E+03    1.67652E-01   -3.94122E-01    1.10994E-01    3.67422E+00    6.35291E+00    6.24173E+00
    5.71192E+02    2.91091E+04    6.66394E+02    2.07675E+03    1.69738E-01   -3.96336E-01    1.12496E-01    3.72125E+00    6.44542E+00    6.35291E+00
    5.78104E+02    2.97970E+04    6.87988E+02    2.10067E+03    1.71208E-01   -3.97945E-01    1.13347E-01    3.76389E+00    6.53003E+00    6.44542E+00
    5.85094E+02    3.05061E+04    7.09078E+02    2.12487E+03    1.72400E-01   -3.99281E-01    1.13906E-01    3.80482E+00    6.61161E+00    6.53003E+00
    5.92163E+02    3.12365E+04    7.30413E+02    2.14934E+03    1.73506E-01   -4.00546E-01    1.14321E-01    3.84558E+00    6.69308E+00    6.61161E+00
    5.99313E+02    3.19892E+04    7.52662E+02    2.17408E+03    1.74685E-01   -4.01918E-01    1.14661E-01    3.88746E+00    6.77700E+00    6.69308E+00
    6.06543E+02    3.27659E+04    7.76717E+02    2.19911E+03    1.76129E-01   -4.03623E-01    1.14967E-01    3.93210E+00    6.86669E+00    6.77700E+00
    6.13854E+02    3.35701E+04    8.04223E+02    2.22441E+03    1.78180E-01   -4.06074E-01    1.15257E-01    3.98240E+00    6.96817E+00    6.86669E+00
    6.21249E+02    3.44094E+04    8.39250E+02    2.25001E+03    1.81675E-01   -4.10289E-01    1.15488E-01    4.04544E+00    7.09630E+00    6.96817E+00
    6.28727E+02    3.53061E+04    8.96689E+02    2.27589E+03    1.89657E-01   -4.19968E-01    1.15257E-01    4.14646E+00    7.30457E+00    7.09630E+00
    6.36289E+02    3.59605E+04    6.54438E+02    2.32854E+03    1.35246E-01   -3.66254E-01    3.32170E-02    3.64023E+00    6.42554E+00    4.50970E+00
    6.43937E+02    3.67215E+04    7.61017E+02    2.35531E+03    1.53667E-01   -3.80193E-01    9.54990E-02    3.89758E+00    6.82157E+00    6.42554E+00
    6.51671E+02    3.75349E+04    8.13364E+02    2.38238E+03    1.60474E-01   -3.86438E-01    1.05544E-01    3.99613E+00    7.00173E+00    6.82157E+00
    6.59493E+02    3.83835E+04    8.48627E+02    2.40976E+03    1.63597E-01   -3.89597E-01    1.08678E-01    4.05952E+00    7.12393E+00    7.00173E+00
    6.67403E+02    3.92613E+04    8.77788E+02    2.43745E+03    1.65345E-01   -3.91448E-01    1.10061E-01    4.11061E+00    7.22438E+00    7.12393E+00
    6.75402E+02    4.01657E+04    9.04426E+02    2.46545E+03    1.66464E-01   -3.92665E-01    1.10805E-01    4.15639E+00    7.31513E+00    7.22438E+00
    6.83492E+02    4.10958E+04    9.30057E+02    2.49376E+03    1.67265E-01   -3.93556E-01    1.11261E-01    4.19972E+00    7.40140E+00    7.31513E+00
    6.91673E+02    4.20513E+04    9.55492E+02    2.52240E+03    1.67909E-01   -3.94286E-01    1.11568E-01    4.24209E+00    7.48595E+00    7.40140E+00
    6.99947E+02    4.30326E+04    9.81288E+02    2.55136E+03    1.68500E-01   -3.94971E-01    1.11794E-01    4.28446E+00    7.57068E+00    7.48595E+00
    7.08314E+02    4.40405E+04    1.00796E+03    2.58065E+03    1.69125E-01   -3.95709E-01    1.11978E-01    4.32770E+00    7.65727E+00    7.57068E+00
    7.16776E+02    4.50767E+04    1.03617E+03    2.61027E+03    1.69886E-01   -3.96623E-01    1.12142E-01    4.37284E+00    7.74781E+00    7.65727E+00
    7.25333E+02    4.61437E+04    1.06697E+03    2.64022E+03    1.70940E-01   -3.97905E-01    1.12303E-01    4.42149E+00    7.84562E+00    7.74781E+00
    7.33987E+02    4.72462E+04    1.10250E+03    2.67052E+03    1.72599E-01   -3.99938E-01    1.12466E-01    4.47685E+00    7.95737E+00    7.84562E+00
    7.42739E+02    4.83944E+04    1.14818E+03    2.70115E+03    1.75648E-01   -4.03698E-01    1.12584E-01    4.54695E+00    8.09990E+00    7.95737E+00
    7.51590E+02    4.96184E+04    1.22403E+03    2.73213E+03    1.82978E-01   -4.12765E-01    1.12263E-01    4.66076E+00    8.33455E+00    8.09990E+00
    7.60540E+02    5.05111E+04    8.92665E+02    2.79515E+03    1.30399E-01   -3.59682E-01    3.20643E-02    4.07158E+00    7.30909E+00    5.07619E+00
    7.69592E+02    5.15467E+04    1.03568E+03    2.82719E+03    1.47840E-01   -3.73116E-01    9.28706E-02    4.36649E+00    7.76286E+00    7.30909E+00
    7.78746E+02    5.26513E+04    1.10461E+03    2.85960E+03    1.54085E-01   -3.78910E-01    1.02530E-01    4.47748E+00    7.96557E+00    7.76286E+00
    7.88004E+02    5.38015E+04    1.15019E+03    2.89237E+03    1.56787E-01   -3.81658E-01    1.05474E-01    4.54770E+00    8.10079E+00    7.96557E+00
    7.97366E+02    5.49888E+04    1.18730E+03    2.92551E+03    1.58158E-01   -3.83104E-01    1.06719E-01    4.60348E+00    8.21033E+00    8.10079E+00
    8.06834E+02    5.62095E+04    1.22070E+03    2.95902E+03    1.58904E-01   -3.83903E-01    1.07344E-01    4.65279E+00    8.30800E+00    8.21033E+00
    8.16409E+02    5.74619E+04    1.25238E+03    2.99292E+03    1.59315E-01   -3.84343E-01    1.07685E-01    4.69884E+00    8.39959E+00    8.30800E+00
    8.26092E+02    5.87452E+04    1.28330E+03    3.02720E+03    1.59532E-01   -3.84572E-01    1.07876E-01    4.74317E+00    8.48797E+00    8.39959E+00
    8.35885E+02    6.00592E+04    1.31402E+03    3.06186E+03    1.59634E-01   -3.84674E-01    1.07980E-01    4.78665E+00    8.57477E+00    8.48797E+00
    8.45788E+02    6.14042E+04    1.34492E+03    3.09692E+03    1.59669E-01   -3.84706E-01    1.08032E-01    4.82984E+00    8.66109E+00    8.57477E+00
    8.55803E+02    6.27804E+04    1.37628E+03    3.13237E+03    1.59677E-01   -3.84710E-01    1.08050E-01    4.87319E+00    8.74778E+00    8.66109E+00
    8.65932E+02    6.41889E+04    1.40842E+03    3.16823E+03    1.59689E-01   -3.84727E-01    1.08050E-01    4.91709E+00    8.83563E+00    8.74778E+00
    8.76174E+02    6.56305E+04    1.44167E+03    3.20448E+03    1.59744E-01   -3.84800E-01    1.08040E-01    4.96200E+00    8.92557E+00    8.83563E+00
    8.86533E+02    6.71070E+04    1.47652E+03    3.24115E+03    1.59887E-01   -3.84989E-01    1.08030E-01    5.00854E+00    9.01887E+00    8.92557E+00
    8.97009E+02    6.86208E+04    1.51375E+03    3.27824E+03    1.60194E-01   -3.85388E-01    1.08027E-01    5.05770E+00    9.11755E+00    9.01887E+00
    9.07603E+02    7.01756E+04    1.55476E+03    3.31574E+03    1.60797E-01   -3.86167E-01    1.08037E-01    5.11123E+00    9.22525E+00    9.11755E+00
    9.18316E+02    7.17781E+04    1.60253E+03    3.35366E+03    1.61973E-01   -3.87681E-01    1.08060E-01    5.17281E+00    9.34963E+00    9.22525E+00
    9.29151E+02    7.34428E+04    1.66474E+03    3.39202E+03    1.64441E-01   -3.90854E-01    1.08047E-01    5.25188E+00    9.51047E+00    9.34963E+00
    9.40108E+02    7.52127E+04    1.76988E+03    3.43080E+03    1.70858E-01   -3.99093E-01    1.07624E-01    5.38264E+00    9.78014E+00    9.51047E+00
    9.51189E+02    7.65012E+04    1.28849E+03    3.50970E+03    1.21563E-01   -3.47326E-01    3.04624E-02    4.67525E+00    8.54559E+00    5.87017E+00
    9.62395E+02    7.79921E+04    1.49092E+03    3.54982E+03    1.37471E-01   -3.59973E-01    8.88264E-02    5.02193E+00    9.07852E+00    8.54559E+00
    9.73728E+02    7.95783E+04    1.58619E+03    3.59039E+03    1.42938E-01   -3.65165E-01    9.79380E-02    5.14951E+00    9.31112E+00    9.07852E+00
    9.85189E+02    8.12261E+04    1.64773E+03    3.63142E+03    1.45115E-01   -3.67409E-01    1.00630E-01    5.22849E+00    9.46298E+00    9.31112E+00
    9.96779E+02    8.29229E+04    1.69686E+03    3.67291E+03    1.46055E-01   -3.68390E-01    1.01704E-01    5.29015E+00    9.58392E+00    9.46298E+00
    1.00850E+03    8.46633E+04    1.74043E+03    3.71487E+03    1.46410E-01   -3.68738E-01    1.02187E-01    5.34390E+00    9.69029E+00    9.58392E+00
    1.02035E+03    8.64446E+04    1.78122E+03    3.75731E+03    1.46445E-01   -3.68727E-01    1.02398E-01    5.39351E+00    9.78890E+00    9.69029E+00
    1.03234E+03    8.82651E+04    1.82056E+03    3.80022E+03    1.46288E-01   -3.68496E-01    1.02464E-01    5.44076E+00    9.88303E+00    9.78890E+00
    1.04447E+03    9.01243E+04    1.85918E+03    3.84362E+03    1.46008E-01   -3.68121E-01    1.02444E-01    5.48662E+00    9.97451E+00    9.88303E+00
    1.05673E+03    9.20218E+04    1.89753E+03    3.88751E+03    1.45645E-01   -3.67649E-01    1.02369E-01    5.53166E+00    1.00644E+01    9.97451E+00
    1.06912E+03    9.39578E+04    1.93592E+03    3.93190E+03    1.45227E-01   -3.67110E-01    1.02258E-01    5.57626E+00    1.01536E+01    1.00644E+01
    1.08166E+03    9.59323E+04    1.97455E+03    3.97679E+03    1.44772E-01   -3.66529E-01    1.02122E-01    5.62071E+00    1.02424E+01    1.01536E+01
    1.09434E+03    9.79460E+04    2.01365E+03    4.02218E+03    1.44297E-01   -3.65923E-01    1.01968E-01    5.66523E+00    1.03314E+01    1.02424E+01
    1.10717E+03    9.99993E+04    2.05339E+03    4.06809E+03    1.43816E-01   -3.65311E-01    1.01802E-01    5.71005E+00    1.04211E+01    1.03314E+01
    1.12014E+03    1.02093E+05    2.09401E+03    4.11452E+03    1.43343E-01   -3.64711E-01    1.01629E-01    5.75541E+00    1.05118E+01    1.04211E+01
    1.13325E+03    1.04229E+05    2.13579E+03    4.16147E+03    1.42896E-01   -3.64147E-01    1.01454E-01    5.80163E+00    1.06044E+01    1.05118E+01
    1.14652E+03    1.06408E+05    2.17914E+03    4.20895E+03    1.42500E-01   -3.63651E-01    1.01279E-01    5.84913E+00    1.06995E+01    1.06044E+01
    1.15993E+03    1.08633E+05    2.22471E+03    4.25697E+03    1.42190E-01   -3.63273E-01    1.01110E-01    5.89857E+00    1.07987E+01    1.06995E+01
    1.17349E+03    1.10907E+05    2.27356E+03    4.30553E+03    1.42028E-01   -3.63093E-01    1.00952E-01    5.95106E+00    1.09041E+01    1.07987E+01
    1.18721E+03    1.13234E+05    2.32771E+03    4.35464E+03    1.42124E-01   -3.63266E-01    1.00808E-01    6.00867E+00    1.10200E+01    1.09041E+01
    1.20109E+03    1.15626E+05    2.39144E+03    4.40431E+03    1.42716E-01   -3.64116E-01    1.00677E-01    6.07576E+00    1.11556E+01    1.10200E+01
    1.21512E+03    1.18102E+05    2.47592E+03    4.45454E+03    1.44420E-01   -3.66493E-01    1.00514E-01    6.16356E+00    1.13343E+01    1.11556E+01
    1.22930E+03    1.20724E+05    2.62266E+03    4.50533E+03    1.49524E-01   -3.73536E-01    9.99751E-02    6.31296E+00    1.16427E+01    1.13343E+01
    1.24365E+03    1.22626E+05    1.90203E+03    4.60865E+03    1.05991E-01   -3.24352E-01    2.80438E-02    5.44845E+00    1.01287E+01    6.88901E+00
    1.25816E+03    1.24819E+05    2.19295E+03    4.66118E+03    1.19443E-01   -3.35685E-01    8.22066E-02    5.85819E+00    1.07567E+01    1.01287E+01
    1.27284E+03    1.27144E+05    2.32486E+03    4.71431E+03    1.23769E-01   -3.39975E-01    9.04739E-02    6.00361E+00    1.10208E+01    1.07567E+01
    1.28768E+03    1.29551E+05    2.40669E+03    4.76804E+03    1.25233E-01   -3.41498E-01    9.28022E-02    6.09029E+00    1.11869E+01    1.10208E+01
    1.30269E+03    1.32021E+05    2.46984E+03    4.82238E+03    1.25619E-01   -3.41835E-01    9.36376E-02    6.15579E+00    1.13151E+01    1.11869E+01
    1.31787E+03    1.34545E+05    2.52430E+03    4.87733E+03    1.25493E-01   -3.41571E-01    9.39261E-02    6.21143E+00    1.14250E+01    1.13151E+01
    1.33322E+03    1.37119E+05    2.57412E+03    4.93290E+03    1.25083E-01   -3.40960E-01    9.39619E-02    6.26170E+00    1.15247E+01    1.14250E+01
    1.34874E+03    1.39740E+05    2.62121E+03    4.98910E+03    1.24498E-01   -3.40130E-01    9.38613E-02    6.30870E+00    1.16182E+01    1.15247E+01
    1.36444E+03    1.42407E+05    2.66660E+03    5.04593E+03    1.23798E-01   -3.39149E-01    9.36784E-02    6.35355E+00    1.17076E+01    1.16182E+01
    1.38031E+03    1.45118E+05    2.71087E+03    5.10341E+03    1.23015E-01   -3.38059E-01    9.34415E-02    6.39689E+00    1.17940E+01    1.17076E+01
    1.39637E+03    1.47872E+05    2.75437E+03    5.16154E+03    1.22172E-01   -3.36885E-01    9.31666E-02    6.43912E+00    1.18783E+01    1.17940E+01
    1.41261E+03    1.50669E+05    2.79735E+03    5.22032E+03    1.21281E-01   -3.35645E-01    9.28637E-02    6.48048E+00    1.19609E+01    1.18783E+01
    1.42903E+03    1.53509E+05    2.83995E+03    5.27977E+03    1.20353E-01   -3.34350E-01    9.25389E-02    6.52116E+00    1.20421E+01    1.19609E+01
    1.44563E+03    1.56392E+05    2.88228E+03    5.33989E+03    1.19395E-01   -3.33009E-01    9.21966E-02    6.56126E+00    1.21222E+01    1.20421E+01
    1.46243E+03    1.59316E+05    2.92443E+03    5.40068E+03    1.18412E-01   -3.31628E-01    9.18397E-02    6.60087E+00    1.22013E+01    1.21222E+01
    1.47941E+03    1.62283E+05    2.96644E+03    5.46217E+03    1.17407E-01   -3.30213E-01    9.14704E-02    6.64007E+00    1.22796E+01    1.22013E+01
    1.49658E+03    1.65291E+05    3.00837E+03    5.52435E+03    1.16385E-01   -3.28767E-01    9.10904E-02    6.67890E+00    1.23572E+01    1.22796E+01
    1.51395E+03    1.68341E+05    3.05026E+03    5.58723E+03    1.15349E-01   -3.27295E-01    9.07009E-02    6.71742E+00    1.24342E+01    1.23572E+01
    1.53152E+03    1.71433E+05    3.09215E+03    5.65083E+03    1.14300E-01   -3.25800E-01    9.03032E-02    6.75567E+00    1.25106E+01    1.24342E+01
    1.54928E+03    1.74567E+05    3.13409E+03    5.71514E+03    1.13242E-01   -3.24285E-01    8.98981E-02    6.79370E+00    1.25866E+01    1.25106E+01
    1.56725E+03    1.77744E+05    3.17613E+03    5.78018E+03    1.12179E-01   -3.22755E-01    8.94866E-02    6.83156E+00    1.26623E+01    1.25866E+01
    1.58541E+03    1.80962E+05    3.21837E+03    5.84595E+03    1.11112E-01   -3.21214E-01    8.90695E-02    6.86934E+00    1.27378E+01    1.26623E+01
    1.60379E+03    1.84223E+05    3.26089E+03    5.91247E+03    1.10047E-01   -3.19669E-01    8.86480E-02    6.90712E+00    1.28134E+01    1.27378E+01
    1.62237E+03    1.87527E+05    3.30384E+03    5.97974E+03    1.08988E-01   -3.18127E-01    8.82230E-02    6.94505E+00    1.28892E+01    1.28134E+01
    1.64116E+03    1.90874E+05    3.34746E+03    6.04777E+03    1.07943E-01   -3.16599E-01    8.77960E-02    6.98331E+00    1.29658E+01    1.28892E+01
    1.66016E+03    1.94266E+05    3.39208E+03    6.11656E+03    1.06921E-01   -3.15100E-01    8.73686E-02    7.02220E+00    1.30436E+01    1.29658E+01
    1.67938E+03    1.97704E+05    3.43821E+03    6.18614E+03    1.05938E-01   -3.13654E-01    8.69431E-02    7.06217E+00    1.31237E+01    1.30436E+01
    1.69881E+03    2.01191E+05    3.48673E+03    6.25650E+03    1.05017E-01   -3.12300E-01    8.65220E-02    7.10396E+00    1.32075E+01    1.31237E+01
    1.71847E+03    2.04730E+05    3.53916E+03    6.32766E+03    1.04200E-01   -3.11103E-01    8.61086E-02    7.14883E+00    1.32977E+01    1.32075E+01
    1.73834E+03    2.08329E+05    3.59840E+03    6.39962E+03    1.03562E-01   -3.10188E-01    8.57057E-02    7.19923E+00    1.33993E+01    1.32977E+01
    1.75845E+03    2.11999E+05    3.67069E+03    6.47239E+03    1.03268E-01   -3.09823E-01    8.53106E-02    7.26033E+00    1.35231E+01    1.33993E+01
    1.77877E+03    2.15772E+05    3.77244E+03    6.54598E+03    1.03746E-01   -3.10709E-01    8.48867E-02    7.34560E+00    1.36972E+01    1.35231E+01
    1.79933E+03    2.19737E+05    3.96478E+03    6.62041E+03    1.06585E-01   -3.15442E-01    8.41505E-02    7.50411E+00    1.40254E+01    1.36972E+01
    1.82012E+03    2.22576E+05    2.83968E+03    6.77180E+03    7.46237E-02   -2.72170E-01    2.33906E-02    6.41439E+00    1.21047E+01    8.17497E+00
    1.84115E+03    2.25826E+05    3.24984E+03    6.84878E+03    8.34836E-02   -2.80694E-01    6.85155E-02    6.88933E+00    1.28241E+01    1.21047E+01
    1.86241E+03    2.29245E+05    3.41874E+03    6.92663E+03    8.58496E-02   -2.83211E-01    7.51095E-02    7.04226E+00    1.30979E+01    1.28241E+01
    1.88391E+03    2.32756E+05    3.51132E+03    7.00536E+03    8.61942E-02   -2.83379E-01    7.67493E-02    7.12307E+00    1.32508E+01    1.30979E+01
    1.90566E+03    2.36331E+05    3.57461E+03    7.08497E+03    8.57771E-02   -2.82535E-01    7.71446E-02    7.17731E+00    1.33558E+01    1.32508E+01
    1.92765E+03    2.39954E+05    3.62350E+03    7.16549E+03    8.49979E-02   -2.81169E-01    7.70819E-02    7.21868E+00    1.34368E+01    1.33558E+01
    1.94989E+03    2.43618E+05    3.66400E+03    7.24692E+03    8.40181E-02   -2.79498E-01    7.68054E-02    7.25260E+00    1.35036E+01    1.34368E+01
    1.97238E+03    2.47317E+05    3.69892E+03    7.32927E+03    8.29148E-02   -2.77626E-01    7.64116E-02    7.28159E+00    1.35609E+01    1.35036E+01
    1.99513E+03    2.51047E+05    3.72974E+03    7.41255E+03    8.17289E-02   -2.75611E-01    7.59451E-02    7.30696E+00    1.36111E+01    1.35609E+01
    2.01813E+03    2.54804E+05    3.75728E+03    7.49677E+03    8.04846E-02   -2.73487E-01    7.54295E-02    7.32948E+00    1.36558E+01    1.36111E+01
    2.04139E+03    2.58586E+05    3.78204E+03    7.58194E+03    7.91967E-02   -2.71275E-01    7.48779E-02    7.34957E+00    1.36956E+01    1.36558E+01
    2.06492E+03    2.62391E+05    3.80429E+03    7.66807E+03    7.78752E-02   -2.68989E-01    7.42984E-02    7.36751E+00    1.37312E+01    1.36956E+01
    2.08871E+03    2.66215E+05    3.82423E+03    7.75518E+03    7.65268E-02   -2.66638E-01    7.36960E-02    7.38345E+00    1.37628E+01    1.37312E+01
    2.11277E+03    2.70057E+05    3.84193E+03    7.84327E+03    7.51563E-02   -2.64228E-01    7.30740E-02    7.39751E+00    1.37906E+01    1.37628E+01
    2.13710E+03    2.73914E+05    3.85746E+03    7.93236E+03    7.37674E-02   -2.61764E-01    7.24348E-02    7.40972E+00    1.38148E+01    1.37906E+01
    2.16171E+03    2.77785E+05    3.87083E+03    8.02245E+03    7.23627E-02   -2.59250E-01    7.17800E-02    7.42013E+00    1.38353E+01    1.38148E+01
    2.18659E+03    2.81667E+05    3.88204E+03    8.11356E+03    7.09446E-02   -2.56686E-01    7.11107E-02    7.42873E+00    1.38523E+01    1.38353E+01
    2.21176E+03    2.85558E+05    3.89105E+03    8.20570E+03    6.95147E-02   -2.54076E-01    7.04277E-02    7.43551E+00    1.38656E+01    1.38523E+01
    2.23721E+03    2.89456E+05    3.89783E+03    8.29888E+03    6.80744E-02   -2.51420E-01    6.97316E-02    7.44044E+00    1.38752E+01    1.38656E+01
    2.26295E+03    2.93358E+05    3.90234E+03    8.39312E+03    6.66251E-02   -2.48719E-01    6.90228E-02    7.44350E+00    1.38810E+01    1.38752E+01
    2.28898E+03    2.97263E+05    3.90452E+03    8.48842E+03    6.51679E-02   -2.45973E-01    6.83016E-02    7.44464E+00    1.38831E+01    1.38810E+01
    2.31530E+03    3.01167E+05    3.90430E+03    8.58480E+03    6.37035E-02   -2.43183E-01    6.75682E-02    7.44381E+00    1.38811E+01    1.38831E+01
    2.34192E+03    3.05069E+05    3.90163E+03    8.68226E+03    6.22331E-02   -2.40349E-01    6.68228E-02    7.44096E+00    1.38752E+01    1.38811E+01
    2.36884E+03    3.08965E+05    3.89643E+03    8.78083E+03    6.07573E-02   -2.37471E-01    6.60655E-02    7.43603E+00    1.38650E+01    1.38752E+01
    2.39607E+03    3.12854E+05    3.88864E+03    8.88051E+03    5.92770E-02   -2.34549E-01    6.52962E-02    7.42897E+00    1.38506E+01    1.38650E+01
    2.42360E+03    3.16732E+05    3.87818E+03    8.98132E+03    5.77929E-02   -2.31583E-01    6.45149E-02    7.41969E+00    1.38318E+01    1.38506E+01
    2.45145E+03    3.20597E+05    3.86497E+03    9.08326E+03    5.63056E-02   -2.28572E-01    6.37217E-02    7.40814E+00    1.38084E+01    1.38318E+01
    2.47961E+03    3.24446E+05    3.84895E+03    9.18636E+03    5.48159E-02   -2.25516E-01    6.29165E-02    7.39424E+00    1.37802E+01    1.38084E+01
    2.50808E+03    3.28276E+05    3.83002E+03    9.29063E+03    5.33246E-02   -2.22415E-01    6.20992E-02    7.37790E+00    1.37473E+01    1.37802E+01
    2.53688E+03    3.32084E+05    3.80813E+03    9.39607E+03    5.18322E-02   -2.19267E-01    6.12696E-02    7.35906E+00    1.37092E+01    1.37473E+01
    2.56601E+03    3.35867E+05    3.78319E+03    9.50270E+03    5.03395E-02   -2.16074E-01    6.04278E-02    7.33763E+00    1.36660E+01    1.37092E+01
    2.59546E+03    3.39622E+05    3.75513E+03    9.61054E+03    4.88471E-02   -2.12833E-01    5.95735E-02    7.31351E+00    1.36174E+01    1.36660E+01
    2.62525E+03    3.43346E+05    3.72388E+03    9.71960E+03    4.73559E-02   -2.09546E-01    5.87067E-02    7.28662E+00    1.35633E+01    1.36174E+01
    2.65537E+03    3.47036E+05    3.68937E+03    9.82989E+03    4.58664E-02   -2.06210E-01    5.78271E-02    7.25687E+00    1.35034E+01    1.35633E+01
    2.68583E+03    3.50687E+05    3.65153E+03    9.94142E+03    4.43796E-02   -2.02825E-01    5.69347E-02    7.22415E+00    1.34376E+01    1.35034E+01
    2.71664E+03    3.54297E+05    3.61030E+03    1.00542E+04    4.28962E-02   -1.99391E-01    5.60292E-02    7.18838E+00    1.33657E+01    1.34376E+01
    2.74780E+03    3.57863E+05    3.56563E+03    1.01683E+04    4.14170E-02   -1.95908E-01    5.51105E-02    7.14944E+00    1.32874E+01    1.33657E+01
    2.77931E+03    3.61381E+05    3.51746E+03    1.02836E+04    3.99430E-02   -1.92374E-01    5.41785E-02    7.10724E+00    1.32026E+01    1.32874E+01
    2.81117E+03    3.64846E+05    3.46575E+03    1.04003E+04    3.84749E-02   -1.88789E-01    5.32328E-02    7.06167E+00    1.31110E+01    1.32026E+01
    2.84339E+03    3.68257E+05    3.41047E+03    1.05183E+04    3.70140E-02   -1.85152E-01    5.22735E-02    7.01264E+00    1.30125E+01    1.31110E+01
    2.87598E+03    3.71608E+05    3.35161E+03    1.06376E+04    3.55611E-02   -1.81465E-01    5.13003E-02    6.96003E+00    1.29068E+01    1.30125E+01
    2.90894E+03    3.74898E+05    3.28916E+03    1.07583E+04    3.41176E-02   -1.77725E-01    5.03131E-02    6.90376E+00    1.27938E+01    1.29068E+01
    2.94227E+03    3.78121E+05    3.22315E+03    1.08803E+04    3.26848E-02   -1.73934E-01    4.93118E-02    6.84374E+00    1.26733E+01    1.27938E+01
    2.97597E+03    3.81274E+05    3.15363E+03    1.10037E+04    3.12644E-02   -1.70094E-01    4.82963E-02    6.77991E+00    1.25452E+01    1.26733E+01
    3.01006E+03    3.84355E+05    3.08071E+03    1.11285E+04    2.98582E-02   -1.66205E-01    4.72667E-02    6.71224E+00    1.24094E+01    1.25452E+01
    3.04453E+03    3.87360E+05    3.00455E+03    1.12547E+04    2.84687E-02   -1.62272E-01    4.62231E-02    6.64074E+00    1.22659E+01    1.24094E+01
    3.07939E+03    3.90285E+05    2.92545E+03    1.13823E+04    2.70992E-02   -1.58301E-01    4.51657E-02    6.56556E+00    1.21151E+01    1.22659E+01
    3.11465E+03    3.93129E+05    2.84389E+03    1.15114E+04    2.57544E-02   -1.54305E-01    4.40949E-02    6.48699E+00    1.19576E+01    1.21151E+01
    3.15030E+03    3.95890E+05    2.76071E+03    1.16420E+04    2.44420E-02   -1.50306E-01    4.30113E-02    6.40574E+00    1.17948E+01    1.19576E+01
    3.18635E+03    3.98567E+05    2.67752E+03    1.17740E+04    2.31753E-02   -1.46350E-01    4.19153E-02    6.32327E+00    1.16297E+01    1.17948E+01
    3.22282E+03    4.01165E+05    2.59778E+03    1.19075E+04    2.19824E-02   -1.42539E-01    4.08048E-02    6.24303E+00    1.14697E+01    1.16297E+01
    3.25969E+03    4.03696E+05    2.53055E+03    1.20425E+04    2.09346E-02   -1.39145E-01    3.96641E-02    6.17441E+00    1.13343E+01    1.14697E+01
    3.29699E+03    4.06205E+05    2.50965E+03    1.21790E+04    2.02975E-02   -1.37203E-01    3.83785E-02    6.15274E+00    1.12981E+01    1.13343E+01
    3.33470E+03    4.07793E+05    1.58825E+03    1.24567E+04    1.25582E-02   -1.11564E-01    1.05699E-02    5.04039E+00    9.27152E+00    6.49990E+00
    3.37284E+03    4.09506E+05    1.71241E+03    1.25980E+04    1.32373E-02   -1.11407E-01    2.87377E-02    5.25856E+00    9.53147E+00    9.27152E+00
    3.41141E+03    4.11188E+05    1.68211E+03    1.27408E+04    1.27124E-02   -1.08539E-01    3.05243E-02    5.22085E+00    9.43081E+00    9.53147E+00
    3.45042E+03    4.12791E+05    1.60289E+03    1.28852E+04    1.18430E-02   -1.04555E-01    3.01866E-02    5.11972E+00    9.22098E+00    9.43081E+00
    3.48986E+03    4.14295E+05    1.50393E+03    1.30313E+04    1.08634E-02   -1.00026E-01    2.92945E-02    4.99001E+00    8.95796E+00    9.22098E+00
    3.52976E+03    4.15689E+05    1.39470E+03    1.31790E+04    9.84922E-03   -9.51582E-02    2.81804E-02    4.84191E+00    8.65941E+00    8.95796E+00
    3.57010E+03    4.16969E+05    1.27929E+03    1.33284E+04    8.83234E-03   -9.00345E-02    2.69468E-02    4.67906E+00    8.33182E+00    8.65941E+00
    3.61090E+03    4.18129E+05    1.15994E+03    1.34794E+04    7.82936E-03   -8.46895E-02    2.56331E-02    4.50275E+00    7.97749E+00    8.33182E+00
    3.65216E+03    4.19167E+05    1.03812E+03    1.36322E+04    6.85053E-03   -7.91339E-02    2.42559E-02    4.31318E+00    7.59667E+00    7.97749E+00
    3.69389E+03    4.20082E+05    9.15011E+02    1.37867E+04    5.90323E-03   -7.33646E-02    2.28227E-02    4.10993E+00    7.18843E+00    7.59667E+00
    3.73609E+03    4.20874E+05    7.91695E+02    1.39430E+04    4.99354E-03   -6.73672E-02    2.13354E-02    3.89207E+00    6.75085E+00    7.18843E+00
    3.77876E+03    4.21543E+05    6.69277E+02    1.41010E+04    4.12709E-03   -6.11172E-02    1.97933E-02    3.65820E+00    6.28107E+00    6.75085E+00
    3.82192E+03    4.22092E+05    5.48975E+02    1.42608E+04    3.30962E-03   -5.45768E-02    1.81932E-02    3.40631E+00    5.77495E+00    6.28107E+00
    3.86557E+03    4.22524E+05    4.32219E+02    1.44224E+04    2.54753E-03   -4.76895E-02    1.65299E-02    3.13350E+00    5.22662E+00    5.77495E+00
    3.90971E+03    4.22845E+05    3.20782E+02    1.45858E+04    1.84848E-03   -4.03676E-02    1.47963E-02    2.83547E+00    4.62725E+00    5.22662E+00
    3.95434E+03    4.23062E+05    2.17009E+02    1.47511E+04    1.22256E-03   -3.24651E-02    1.29840E-02    2.50527E+00    3.96257E+00    4.62725E+00
    3.99949E+03    4.23186E+05    1.24326E+02    1.49182E+04    6.84771E-04   -2.37032E-02    1.10873E-02    2.13009E+00    3.20611E+00    3.96257E+00
    4.04514E+03    4.23235E+05    4.88066E+01    1.50873E+04    2.62816E-04   -1.33937E-02    9.13376E-03    1.67945E+00    2.29433E+00    3.20611E+00
    4.09131E+03    4.23288E+05    5.35516E+01    1.50873E+04    2.81928E-04   -1.21506E-02    1.15884E-02    2.29433E+00    2.85845E+00    4.23127E+00
    4.13799E+03    4.23351E+05    6.25986E+01    1.50873E+04    3.22198E-04   -1.11506E-02    1.40663E-02    2.85845E+00    3.38199E+00    5.20956E+00
    4.18521E+03    4.23427E+05    7.55224E+01    1.50873E+04    3.80037E-04   -1.03318E-02    1.65315E-02    3.38199E+00    3.87257E+00    6.14515E+00
    4.23296E+03    4.23519E+05    9.20175E+01    1.50873E+04    4.52703E-04   -9.64960E-03    1.89628E-02    3.87257E+00    4.33593E+00    7.04211E+00
    4.28125E+03    4.23630E+05    1.11863E+02    1.50873E+04    5.38052E-04   -9.07214E-03    2.13483E-02    4.33593E+00    4.77649E+00    7.90419E+00
    4.33009E+03    4.23765E+05    1.34903E+02    1.50873E+04    6.34383E-04   -8.57601E-03    2.36820E-02    4.77649E+00    5.19766E+00    8.73481E+00
    4.37948E+03    4.23926E+05    1.61028E+02    1.50873E+04    7.40334E-04   -8.14399E-03    2.59617E-02    5.19766E+00    5.60213E+00    9.53703E+00
    4.42942E+03    4.24117E+05    1.90172E+02    1.50873E+04    8.54804E-04   -7.76327E-03    2.81875E-02    5.60213E+00    5.99205E+00    1.03135E+01
    4.47993E+03    4.24339E+05    2.22296E+02    1.50873E+04    9.76894E-04   -7.42416E-03    3.03608E-02    5.99205E+00    6.36916E+00    1.10667E+01
    4.53101E+03    4.24596E+05    2.57389E+02    1.50873E+04    1.10586E-03   -7.11927E-03    3.24835E-02    6.36916E+00    6.73486E+00    1.17986E+01
    4.58267E+03    4.24892E+05    2.95460E+02    1.50873E+04    1.24110E-03   -6.84289E-03    3.45583E-02    6.73486E+00    7.09034E+00    1.25111E+01
    4.63491E+03    4.25228E+05    3.36537E+02    1.50873E+04    1.38210E-03   -6.59056E-03    3.65877E-02    7.09034E+00    7.43657E+00    1.32058E+01
    4.68775E+03    4.25609E+05    3.80659E+02    1.50873E+04    1.52841E-03   -6.35874E-03    3.85743E-02    7.43657E+00    7.77441E+00    1.38841E+01
    4.74118E+03    4.26037E+05    4.27881E+02    1.50873E+04    1.67967E-03   -6.14459E-03    4.05205E-02    7.77441E+00    8.10455E+00    1.45472E+01
    4.79521E+03    4.26515E+05    4.78266E+02    1.50873E+04    1.83556E-03   -5.94581E-03    4.24289E-02    8.10455E+00    8.42763E+00    1.51963E+01
    4.84985E+03    4.27047E+05    5.31888E+02    1.50873E+04    1.99581E-03   -5.76052E-03    4.43015E-02    8.42763E+00    8.74417E+00    1.58324E+01
    4.90511E+03    4.27636E+05    5.88829E+02    1.50873E+04    2.16017E-03   -5.58717E-03    4.61406E-02    8.74417E+00    9.05466E+00    1.64563E+01
    4.96100E+03    4.28285E+05    6.49181E+02    1.50873E+04    2.32843E-03   -5.42445E-03    4.79480E-02    9.05466E+00    9.35951E+00    1.70689E+01
    5.01752E+03    4.28998E+05    7.13039E+02    1.50873E+04    2.50041E-03   -5.27126E-03    4.97255E-02    9.35951E+00    9.65910E+00    1.76709E+01
    5.07467E+03    4.29778E+05    7.80509E+02    1.50873E+04    2.67595E-03   -5.12668E-03    5.14749E-02    9.65910E+00    9.95377E+00    1.82629E+01
    5.13247E+03    4.30630E+05    8.51702E+02    1.50873E+04    2.85488E-03   -4.98990E-03    5.31976E-02    9.95377E+00    1.02438E+01    1.88455E+01
    5.19093E+03    4.31557E+05    9.26736E+02    1.50873E+04    3.03710E-03   -4.86023E-03    5.48951E-02    1.02438E+01    1.05295E+01    1.94193E+01
    5.25004E+03    4.32563E+05    1.00574E+03    1.50873E+04    3.22247E-03   -4.73709E-03    5.65688E-02    1.05295E+01    1.08111E+01    1.99847E+01
    5.30983E+03    4.33651E+05    1.08883E+03    1.50873E+04    3.41089E-03   -4.61993E-03    5.82198E-02    1.08111E+01    1.10889E+01    2.05423E+01
    5.37028E+03    4.34828E+05    1.17616E+03    1.50873E+04    3.60227E-03   -4.50831E-03    5.98494E-02    1.10889E+01    1.13630E+01    2.10924E+01
    5.43143E+03    4.36096E+05    1.26787E+03    1.50873E+04    3.79654E-03   -4.40183E-03    6.14586E-02    1.13630E+01    1.16336E+01    2.16355E+01
    5.49326E+03    4.37460E+05    1.36410E+03    1.50873E+04    3.99360E-03   -4.30011E-03    6.30485E-02    1.16336E+01    1.19010E+01    2.21718E+01
    5.55579E+03    4.38925E+05    1.46503E+03    1.50873E+04    4.19340E-03   -4.20284E-03    6.46200E-02    1.19010E+01    1.21653E+01    2.27019E+01
    5.61903E+03    4.40495E+05    1.57080E+03    1.50873E+04    4.39588E-03   -4.10973E-03    6.61740E-02    1.21653E+01    1.24266E+01    2.32259E+01
    5.68298E+03    4.42177E+05    1.68159E+03    1.50873E+04    4.60099E-03   -4.02053E-03    6.77114E-02    1.24266E+01    1.26852E+01    2.37442E+01
    5.74766E+03    4.43975E+05    1.79759E+03    1.50873E+04    4.80869E-03   -3.93500E-03    6.92330E-02    1.26852E+01    1.29411E+01    2.42571E+01
    5.81306E+03    4.45894E+05    1.91897E+03    1.50873E+04    5.01893E-03   -3.85293E-03    7.07395E-02    1.29411E+01    1.31946E+01    2.47649E+01
    5.87921E+03    4.47940E+05    2.04594E+03    1.50873E+04    5.23168E-03   -3.77413E-03    7.22318E-02    1.31946E+01    1.34456E+01    2.52677E+01
    5.94610E+03    4.50118E+05    2.17869E+03    1.50873E+04    5.44692E-03   -3.69842E-03    7.37105E-02    1.34456E+01    1.36944E+01    2.57659E+01
    6.01375E+03    4.52436E+05    2.31744E+03    1.50873E+04    5.66462E-03   -3.62565E-03    7.51763E-02    1.36944E+01    1.39410E+01    2.62597E+01
    6.08216E+03    4.54898E+05    2.46241E+03    1.50873E+04    5.88477E-03   -3.55566E-03    7.66298E-02    1.39410E+01    1.41857E+01    2.67493E+01
    6.15135E+03    4.57512E+05    2.61383E+03    1.50873E+04    6.10736E-03   -3.48833E-03    7.80717E-02    1.41857E+01    1.44284E+01    2.72349E+01
    6.22132E+03    4.60284E+05    2.77193E+03    1.50873E+04    6.33238E-03   -3.42353E-03    7.95026E-02    1.44284E+01    1.46692E+01    2.77168E+01
    6.29208E+03    4.63221E+05    2.93697E+03    1.50873E+04    6.55983E-03   -3.36115E-03    8.09230E-02    1.46692E+01    1.49084E+01    2.81951E+01
    6.36364E+03    4.66330E+05    3.10921E+03    1.50873E+04    6.78971E-03   -3.30108E-03    8.23336E-02    1.49084E+01    1.51459E+01    2.86700E+01
    6.43600E+03    4.69619E+05    3.28891E+03    1.50873E+04    7.02203E-03   -3.24322E-03    8.37348E-02    1.51459E+01    1.53820E+01    2.91418E+01
    6.50919E+03    4.73095E+05    3.47636E+03    1.50873E+04    7.25680E-03   -3.18748E-03    8.51272E-02    1.53820E+01    1.56166E+01    2.96106E+01
    6.58320E+03    4.76767E+05    3.67186E+03    1.50873E+04    7.49404E-03   -3.13377E-03    8.65114E-02    1.56166E+01    1.58498E+01    3.00765E+01
    6.65805E+03    4.80643E+05    3.87570E+03    1.50873E+04    7.73376E-03   -3.08203E-03    8.78878E-02    1.58498E+01    1.60818E+01    3.05398E+01
    6.73374E+03    4.84731E+05    4.08821E+03    1.50873E+04    7.97598E-03   -3.03217E-03    8.92569E-02    1.60818E+01    1.63126E+01    3.10006E+01
    6.81029E+03    4.89041E+05    4.30973E+03    1.50873E+04    8.22075E-03   -2.98412E-03    9.06192E-02    1.63126E+01    1.65423E+01    3.14591E+01
    6.88770E+03    4.93581E+05    4.54059E+03    1.50873E+04    8.46808E-03   -2.93782E-03    9.19753E-02    1.65423E+01    1.67710E+01    3.19155E+01
    6.96599E+03    4.98363E+05    4.78117E+03    1.50873E+04    8.71802E-03   -2.89320E-03    9.33255E-02    1.67710E+01    1.69988E+01    3.23699E+01
    7.04517E+03    5.03394E+05    5.03183E+03    1.50873E+04    8.97061E-03   -2.85022E-03    9.46704E-02    1.69988E+01    1.72257E+01    3.28225E+01
    7.12523E+03    5.08687E+05    5.29298E+03    1.50873E+04    9.22589E-03   -2.80881E-03    9.60104E-02    1.72257E+01    1.74519E+01    3.32734E+01
    7.20621E+03    5.14252E+05    5.56502E+03    1.50873E+04    9.48391E-03   -2.76893E-03    9.73460E-02    1.74519E+01    1.76773E+01    3.37228E+01
    7.28809E+03    5.20101E+05    5.84839E+03    1.50873E+04    9.74472E-03   -2.73052E-03    9.86776E-02    1.76773E+01    1.79022E+01    3.41708E+01
    7.37091E+03    5.26244E+05    6.14353E+03    1.50873E+04    1.00084E-02   -2.69354E-03    1.00006E-01    1.79022E+01    1.81265E+01    3.46176E+01
    7.45466E+03    5.32695E+05    6.45090E+03    1.50873E+04    1.02750E-02   -2.65795E-03    1.01331E-01    1.81265E+01    1.83504E+01    3.50634E+01
    7.53935E+03    5.39466E+05    6.77101E+03    1.50873E+04    1.05445E-02   -2.62370E-03    1.02653E-01    1.83504E+01    1.85738E+01    3.55083E+01
    7.62500E+03    5.46571E+05    7.10435E+03    1.50873E+04    1.08171E-02   -2.59076E-03    1.03973E-01    1.85738E+01    1.87970E+01    3.59524E+01
    7.71162E+03    5.54022E+05    7.45146E+03    1.50873E+04    1.10928E-02   -2.55909E-03    1.05291E-01    1.87970E+01    1.90199E+01    3.63959E+01
    7.79922E+03    5.61835E+05    7.81290E+03    1.50873E+04    1.13718E-02   -2.52865E-03    1.06608E-01    1.90199E+01    1.92426E+01    3.68390E+01
    7.88781E+03    5.70024E+05    8.18924E+03    1.50873E+04    1.16540E-02   -2.49941E-03    1.07925E-01    1.92426E+01    1.94653E+01    3.72817E+01
    7.97740E+03    5.78605E+05    8.58110E+03    1.50873E+04    1.19396E-02   -2.47133E-03    1.09240E-01    1.94653E+01    1.96879E+01    3.77243E+01
    8.06801E+03    5.87594E+05    8.98910E+03    1.50873E+04    1.22286E-02   -2.44439E-03    1.10556E-01    1.96879E+01    1.99107E+01    3.81668E+01
    8.15963E+03    5.97008E+05    9.41392E+03    1.50873E+04    1.25212E-02   -2.41855E-03    1.11872E-01    1.99107E+01    2.01335E+01    3.86095E+01
    8.25229E+03    6.06865E+05    9.85624E+03    1.50873E+04    1.28175E-02   -2.39379E-03    1.13189E-01    2.01335E+01    2.03566E+01    3.90525E+01
    8.34600E+03    6.17181E+05    1.03168E+04    1.50873E+04    1.31176E-02   -2.37008E-03    1.14507E-01    2.03566E+01    2.05799E+01    3.94959E+01
    8.44077E+03    6.27978E+05    1.07963E+04    1.50873E+04    1.34215E-02   -2.34740E-03    1.15827E-01    2.05799E+01    2.08036E+01    3.99399E+01
    8.53661E+03    6.39273E+05    1.12957E+04    1.50873E+04    1.37295E-02   -2.32571E-03    1.17150E-01    2.08036E+01    2.10278E+01    4.03846E+01
    8.63353E+03    6.51089E+05    1.18156E+04    1.50873E+04    1.40415E-02   -2.30500E-03    1.18475E-01    2.10278E+01    2.12524E+01    4.08302E+01
    8.73155E+03    6.63446E+05    1.23570E+04    1.50873E+04    1.43579E-02   -2.28524E-03    1.19803E-01    2.12524E+01    2.14777E+01    4.12768E+01
    8.83067E+03    6.76367E+05    1.29209E+04    1.50873E+04    1.46786E-02   -2.26641E-03    1.21134E-01    2.14777E+01    2.17036E+01    4.17246E+01
    8.93091E+03    6.89875E+05    1.35080E+04    1.50873E+04    1.50038E-02   -2.24849E-03    1.22470E-01    2.17036E+01    2.19303E+01    4.21738E+01
    9.03229E+03    7.03994E+05    1.41195E+04    1.50873E+04    1.53338E-02   -2.23146E-03    1.23810E-01    2.19303E+01    2.21577E+01    4.26244E+01
    9.13481E+03    7.18751E+05    1.47564E+04    1.50873E+04    1.56685E-02   -2.21529E-03    1.25154E-01    2.21577E+01    2.23861E+01    4.30767E+01
    9.23850E+03    7.34171E+05    1.54198E+04    1.50873E+04    1.60083E-02   -2.19998E-03    1.26505E-01    2.23861E+01    2.26155E+01    4.35308E+01
    9.34335E+03    7.50281E+05    1.61108E+04    1.50873E+04    1.63532E-02   -2.18550E-03    1.27861E-01    2.26155E+01    2.28460E+01    4.39868E+01
    9.44939E+03    7.67112E+05    1.68306E+04    1.50873E+04    1.67034E-02   -2.17183E-03    1.29223E-01    2.28460E+01    2.30775E+01    4.44450E+01
    9.55662E+03    7.84693E+05    1.75806E+04    1.50873E+04    1.70591E-02   -2.15896E-03    1.30593E-01    2.30775E+01    2.33104E+01    4.49054E+01
    9.66507E+03    8.03054E+05    1.83619E+04    1.50873E+04    1.74204E-02   -2.14687E-03    1.31969E-01    2.33104E+01    2.35445E+01    4.53683E+01
    9.77474E+03    8.22230E+05    1.91760E+04    1.50873E+04    1.77877E-02   -2.13555E-03    1.33353E-01    2.35445E+01    2.37800E+01    4.58339E+01
    9.88565E+03    8.42255E+05    2.00244E+04    1.50873E+04    1.81610E-02   -2.12498E-03    1.34746E-01    2.37800E+01    2.40170E+01    4.63022E+01
    9.99782E+03    8.63163E+05    2.09085E+04    1.50873E+04    1.85406E-02   -2.11515E-03    1.36148E-01    2.40170E+01    2.42556E+01    4.67734E+01
    1.01113E+04    8.84993E+05    2.18300E+04    1.50873E+04    1.89267E-02   -2.10604E-03    1.37558E-01    2.42556E+01    2.44959E+01    4.72478E+01
    1.02260E+04    9.07784E+05    2.27905E+04    1.50873E+04    1.93195E-02   -2.09765E-03    1.38979E-01    2.44959E+01    2.47378E+01    4.77255E+01
    1.03420E+04    9.31576E+05    2.37919E+04    1.50873E+04    1.97193E-02   -2.08995E-03    1.40410E-01    2.47378E+01    2.49817E+01    4.82066E+01
    1.04593E+04    9.56412E+05    2.48358E+04    1.50873E+04    2.01263E-02   -2.08294E-03    1.41852E-01    2.49817E+01    2.52274E+01    4.86915E+01
    1.05779E+04    9.82336E+05    2.59244E+04    1.50873E+04    2.05406E-02   -2.07660E-03    1.43305E-01    2.52274E+01    2.54752E+01    4.91801E+01
    1.06979E+04    1.00940E+06    2.70596E+04    1.50873E+04    2.09627E-02   -2.07093E-03    1.44770E-01    2.54752E+01    2.57251E+01    4.96728E+01
    1.08193E+04    1.03764E+06    2.82435E+04    1.50873E+04    2.13927E-02   -2.06591E-03    1.46248E-01    2.57251E+01    2.59772E+01    5.01697E+01
    1.09420E+04    1.06712E+06    2.94784E+04    1.50873E+04    2.18310E-02   -2.06154E-03    1.47739E-01    2.59772E+01    2.62316E+01    5.06710E+01
    1.10661E+04    1.09788E+06    3.07667E+04    1.50873E+04    2.22778E-02   -2.05781E-03    1.49243E-01    2.62316E+01    2.64884E+01    5.11769E+01
    1.11916E+04    1.12999E+06    3.21108E+04    1.50873E+04    2.27335E-02   -2.05470E-03    1.50762E-01    2.64884E+01    2.67477E+01    5.16875E+01
    1.13185E+04    1.16351E+06    3.35134E+04    1.50873E+04    2.31983E-02   -2.05221E-03    1.52296E-01    2.67477E+01    2.70096E+01    5.22032E+01
    1.14469E+04    1.19849E+06    3.49772E+04    1.50873E+04    2.36725E-02   -2.05034E-03    1.53845E-01    2.70096E+01    2.72743E+01    5.27241E+01
    1.15767E+04    1.23499E+06    3.65051E+04    1.50873E+04    2.41566E-02   -2.04907E-03    1.55410E-01    2.72743E+01    2.75418E+01    5.32503E+01
    1.17080E+04    1.27309E+06    3.81000E+04    1.50873E+04    2.46508E-02   -2.04840E-03    1.56992E-01    2.75418E+01    2.78122E+01    5.37822E+01
    1.18407E+04    1.31286E+06    3.97653E+04    1.50873E+04    2.51555E-02   -2.04832E-03    1.58592E-01    2.78122E+01    2.80856E+01    5.43200E+01
    1.19750E+04    1.35436E+06    4.15043E+04    1.50873E+04    2.56711E-02   -2.04883E-03    1.60209E-01    2.80856E+01    2.83623E+01    5.48638E+01
    1.21108E+04    1.39768E+06    4.33205E+04    1.50873E+04    2.61980E-02   -2.04993E-03    1.61845E-01    2.83623E+01    2.86421E+01    5.54138E+01
    1.22481E+04    1.44290E+06    4.52176E+04    1.50873E+04    2.67366E-02   -2.05161E-03    1.63501E-01    2.86421E+01    2.89254E+01    5.59704E+01
    1.23869E+04    1.49010E+06    4.71996E+04    1.50873E+04    2.72874E-02   -2.05386E-03    1.65176E-01    2.89254E+01    2.92122E+01    5.65338E+01
    1.25274E+04    1.53937E+06    4.92706E+04    1.50873E+04    2.78506E-02   -2.05670E-03    1.66872E-01    2.92122E+01    2.95027E+01    5.71041E+01
    1.26694E+04    1.59080E+06    5.14350E+04    1.50873E+04    2.84269E-02   -2.06010E-03    1.68590E-01    2.95027E+01    2.97969E+01    5.76817E+01
    1.28130E+04    1.64450E+06    5.36973E+04    1.50873E+04    2.90167E-02   -2.06408E-03    1.70331E-01    2.97969E+01    3.00950E+01    5.82668E+01
    1.29582E+04    1.70056E+06    5.60625E+04    1.50873E+04    2.96206E-02   -2.06864E-03    1.72094E-01    3.00950E+01    3.03972E+01    5.88596E+01
    1.31051E+04    1.75910E+06    5.85356E+04    1.50873E+04    3.02389E-02   -2.07377E-03    1.73881E-01    3.03972E+01    3.07035E+01    5.94605E+01
    1.32537E+04    1.82022E+06    6.11221E+04    1.50873E+04    3.08723E-02   -2.07947E-03    1.75693E-01    3.07035E+01    3.10141E+01    6.00696E+01
    1.34039E+04    1.88405E+06    6.38276E+04    1.50873E+04    3.15213E-02   -2.08575E-03    1.77530E-01    3.10141E+01    3.13292E+01    6.06874E+01
    1.35558E+04    1.95071E+06    6.66581E+04    1.50873E+04    3.21865E-02   -2.09262E-03    1.79394E-01    3.13292E+01    3.16489E+01    6.13140E+01
    1.37095E+04    2.02033E+06    6.96201E+04    1.50873E+04    3.28686E-02   -2.10007E-03    1.81285E-01    3.16489E+01    3.19734E+01    6.19497E+01
    1.38648E+04    2.09305E+06    7.27202E+04    1.50873E+04    3.35682E-02   -2.10812E-03    1.83204E-01    3.19734E+01    3.23028E+01    6.25950E+01
    1.40220E+04    2.16901E+06    7.59656E+04    1.50873E+04    3.42859E-02   -2.11676E-03    1.85152E-01    3.23028E+01    3.26372E+01    6.32500E+01
    1.41809E+04    2.24838E+06    7.93638E+04    1.50873E+04    3.50224E-02   -2.12601E-03    1.87131E-01    3.26372E+01    3.29770E+01    6.39152E+01
    1.43416E+04    2.33130E+06    8.29226E+04    1.50873E+04    3.57786E-02   -2.13587E-03    1.89140E-01    3.29770E+01    3.33221E+01    6.45908E+01
    1.45041E+04    2.41795E+06    8.66506E+04    1.50873E+04    3.65551E-02   -2.14636E-03    1.91182E-01    3.33221E+01    3.36729E+01    6.52772E+01
    1.46684E+04    2.50851E+06    9.05567E+04    1.50873E+04    3.73528E-02   -2.15749E-03    1.93257E-01    3.36729E+01    3.40295E+01    6.59748E+01
    1.48347E+04    2.60316E+06    9.46502E+04    1.50873E+04    3.81725E-02   -2.16926E-03    1.95366E-01    3.40295E+01    3.43921E+01    6.66839E+01
    1.50027E+04    2.70210E+06    9.89412E+04    1.50873E+04    3.90152E-02   -2.18170E-03    1.97510E-01    3.43921E+01    3.47609E+01    6.74050E+01
    1.51727E+04    2.80554E+06    1.03440E+05    1.50873E+04    3.98816E-02   -2.19483E-03    1.99692E-01    3.47609E+01    3.51360E+01    6.81383E+01
    1.53446E+04    2.91370E+06    1.08159E+05    1.50873E+04    4.07729E-02   -2.20864E-03    2.01911E-01    3.51360E+01    3.55179E+01    6.88845E+01
    1.55185E+04    3.02681E+06    1.13109E+05    1.50873E+04    4.16901E-02   -2.22318E-03    2.04169E-01    3.55179E+01    3.59065E+01    6.96438E+01
    1.56943E+04    3.14511E+06    1.18302E+05    1.50873E+04    4.26342E-02   -2.23846E-03    2.06468E-01    3.59065E+01    3.63023E+01    7.04167E+01
    1.58721E+04    3.26886E+06    1.23754E+05    1.50873E+04    4.36064E-02   -2.25450E-03    2.08809E-01    3.63023E+01    3.67054E+01    7.12037E+01
    1.60519E+04    3.39834E+06    1.29477E+05    1.50873E+04    4.46079E-02   -2.27133E-03    2.11194E-01    3.67054E+01    3.71161E+01    7.20054E+01
    1.62338E+04    3.53383E+06    1.35487E+05    1.50873E+04    4.56400E-02   -2.28897E-03    2.13623E-01    3.71161E+01    3.75347E+01    7.28221E+01
    1.64177E+04    3.67563E+06    1.41801E+05    1.50873E+04    4.67040E-02   -2.30747E-03    2.16099E-01    3.75347E+01    3.79614E+01    7.36545E+01
    1.66036E+04    3.82406E+06    1.48435E+05    1.50873E+04    4.78013E-02   -2.32684E-03    2.18623E-01    3.79614E+01    3.83966E+01    7.45031E+01
    1.67917E+04    3.97947E+06    1.55408E+05    1.50873E+04    4.89334E-02   -2.34714E-03    2.21197E-01    3.83966E+01    3.88405E+01    7.53685E+01
    1.69819E+04    4.14221E+06    1.62741E+05    1.50873E+04    5.01020E-02   -2.36839E-03    2.23822E-01    3.88405E+01    3.92935E+01    7.62513E+01
    1.71743E+04    4.31266E+06    1.70452E+05    1.50873E+04    5.13087E-02   -2.39063E-03    2.26502E-01    3.92935E+01    3.97560E+01    7.71522E+01
    1.73688E+04    4.49123E+06    1.78567E+05    1.50873E+04    5.25553E-02   -2.41393E-03    2.29237E-01    3.97560E+01    4.02282E+01    7.80717E+01
    1.75655E+04    4.67834E+06    1.87107E+05    1.50873E+04    5.38437E-02   -2.43831E-03    2.32030E-01    4.02282E+01    4.07106E+01    7.90108E+01
    1.77645E+04    4.87444E+06    1.96099E+05    1.50873E+04    5.51759E-02   -2.46385E-03    2.34883E-01    4.07106E+01    4.12035E+01    7.99700E+01
    1.79657E+04    5.08001E+06    2.05571E+05    1.50873E+04    5.65542E-02   -2.49059E-03    2.37798E-01    4.12035E+01    4.17074E+01    8.09502E+01
    1.81692E+04    5.29556E+06    2.15551E+05    1.50873E+04    5.79806E-02   -2.51860E-03    2.40778E-01    4.17074E+01    4.22227E+01    8.19523E+01
    1.83749E+04    5.52163E+06    2.26073E+05    1.50873E+04    5.94578E-02   -2.54795E-03    2.43826E-01    4.22227E+01    4.27500E+01    8.29771E+01
    1.85830E+04    5.75880E+06    2.37168E+05    1.50873E+04    6.09883E-02   -2.57870E-03    2.46945E-01    4.27500E+01    4.32896E+01    8.40255E+01
    1.87935E+04    6.00767E+06    2.48875E+05    1.50873E+04    6.25749E-02   -2.61095E-03    2.50136E-01    4.32896E+01    4.38422E+01    8.50986E+01
    1.90063E+04    6.26890E+06    2.61231E+05    1.50873E+04    6.42206E-02   -2.64477E-03    2.53404E-01    4.38422E+01    4.44082E+01    8.61974E+01
    1.92215E+04    6.54318E+06    2.74280E+05    1.50873E+04    6.59286E-02   -2.68025E-03    2.56752E-01    4.44082E+01    4.49883E+01    8.73229E+01
    1.94392E+04    6.83125E+06    2.88068E+05    1.50873E+04    6.77023E-02   -2.71750E-03    2.60182E-01    4.49883E+01    4.55831E+01    8.84765E+01
    1.96593E+04    7.13390E+06    3.02643E+05    1.50873E+04    6.95454E-02   -2.75662E-03    2.63700E-01    4.55831E+01    4.61933E+01    8.96593E+01
    1.98819E+04    7.45195E+06    3.18058E+05    1.50873E+04    7.14619E-02   -2.79774E-03    2.67309E-01    4.61933E+01    4.68196E+01    9.08727E+01
    2.01070E+04    7.78632E+06    3.34371E+05    1.50873E+04    7.34560E-02   -2.84097E-03    2.71013E-01    4.68196E+01    4.74628E+01    9.21180E+01
    2.03347E+04    8.13797E+06    3.51645E+05    1.50873E+04    7.55324E-02   -2.88645E-03    2.74816E-01    4.74628E+01    4.81236E+01    9.33969E+01
    2.05649E+04    8.50792E+06    3.69946E+05    1.50873E+04    7.76959E-02   -2.93433E-03    2.78724E-01    4.81236E+01    4.88030E+01    9.47110E+01
    2.07978E+04    8.89727E+06    3.89350E+05    1.50873E+04    7.99520E-02   -2.98478E-03    2.82742E-01    4.88030E+01    4.95019E+01    9.60619E+01
    2.10332E+04    9.30720E+06    4.09934E+05    1.50873E+04    8.23065E-02   -3.03797E-03    2.86875E-01    4.95019E+01    5.02213E+01    9.74516E+01
    2.12714E+04    9.73899E+06    4.31787E+05    1.50873E+04    8.47657E-02   -3.09410E-03    2.91129E-01    5.02213E+01    5.09622E+01    9.88820E+01
    2.15122E+04    1.01940E+07    4.55003E+05    1.50873E+04    8.73365E-02   -3.15337E-03    2.95511E-01    5.09622E+01    5.17259E+01    1.00355E+02
    2.17557E+04    1.06737E+07    4.79686E+05    1.50873E+04    9.00262E-02   -3.21601E-03    3.00026E-01    5.17259E+01    5.25135E+01    1.01874E+02
    2.20020E+04    1.11796E+07    5.05949E+05    1.50873E+04    9.28431E-02   -3.28228E-03    3.04684E-01    5.25135E+01    5.33265E+01    1.03440E+02
    2.22511E+04    1.17135E+07    5.33916E+05    1.50873E+04    9.57960E-02   -3.35246E-03    3.09491E-01    5.33265E+01    5.41662E+01    1.05056E+02
    2.25030E+04    1.22773E+07    5.63725E+05    1.50873E+04    9.88946E-02   -3.42683E-03    3.14456E-01    5.41662E+01    5.50343E+01    1.06726E+02
    2.27578E+04    1.28728E+07    5.95524E+05    1.50873E+04    1.02150E-01   -3.50575E-03    3.19589E-01    5.50343E+01    5.59324E+01    1.08452E+02
    2.30154E+04    1.35023E+07    6.29481E+05    1.50873E+04    1.05572E-01   -3.58956E-03    3.24899E-01    5.59324E+01    5.68623E+01    1.10238E+02
    2.32759E+04    1.41680E+07    6.65776E+05    1.50873E+04    1.09176E-01   -3.67869E-03    3.30398E-01    5.68623E+01    5.78261E+01    1.12087E+02
    2.35394E+04    1.48727E+07    7.04613E+05    1.50873E+04    1.12975E-01   -3.77356E-03    3.36096E-01    5.78261E+01    5.88259E+01    1.14003E+02
    2.38058E+04    1.56189E+07    7.46216E+05    1.50873E+04    1.16984E-01   -3.87466E-03    3.42008E-01    5.88259E+01    5.98641E+01    1.15991E+02
    2.40753E+04    1.64097E+07    7.90833E+05    1.50873E+04    1.21221E-01   -3.98255E-03    3.48146E-01    5.98641E+01    6.09433E+01    1.18055E+02
    2.43478E+04    1.72484E+07    8.38741E+05    1.50873E+04    1.25705E-01   -4.09780E-03    3.54526E-01    6.09433E+01    6.20663E+01    1.20201E+02
    2.46234E+04    1.81387E+07    8.90250E+05    1.50873E+04    1.30458E-01   -4.22108E-03    3.61165E-01    6.20663E+01    6.32361E+01    1.22433E+02
    2.49021E+04    1.90844E+07    9.45706E+05    1.50873E+04    1.35502E-01   -4.35312E-03    3.68081E-01    6.32361E+01    6.44561E+01    1.24759E+02
    2.51840E+04    2.00899E+07    1.00550E+06    1.50873E+04    1.40865E-01   -4.49471E-03    3.75293E-01    6.44561E+01    6.57301E+01    1.27184E+02
    2.54690E+04    2.11600E+07    1.07006E+06    1.50873E+04    1.46576E-01   -4.64675E-03    3.82824E-01    6.57301E+01    6.70620E+01    1.29717E+02
    2.57573E+04    2.22998E+07    1.13988E+06    1.50873E+04    1.52668E-01   -4.81023E-03    3.90697E-01    6.70620E+01    6.84564E+01    1.32365E+02
    2.60488E+04    2.35154E+07    1.21552E+06    1.50873E+04    1.59178E-01   -4.98623E-03    3.98940E-01    6.84564E+01    6.99181E+01    1.35137E+02
    2.63436E+04    2.48130E+07    1.29761E+06    1.50873E+04    1.66148E-01   -5.17597E-03    4.07580E-01    6.99181E+01    7.14526E+01    1.38043E+02
    2.66417E+04    2.61998E+07    1.38685E+06    1.50873E+04    1.73626E-01   -5.38081E-03    4.16650E-01    7.14526E+01    7.30659E+01    1.41094E+02
    2.69432E+04    2.76839E+07    1.48407E+06    1.50873E+04    1.81665E-01   -5.60225E-03    4.26185E-01    7.30659E+01    7.47645E+01    1.44301E+02
    2.72481E+04    2.92741E+07    1.59019E+06    1.50873E+04    1.90326E-01   -5.84201E-03    4.36224E-01    7.47645E+01    7.65558E+01    1.47677E+02
    2.75565E+04    3.09804E+07    1.70627E+06    1.50873E+04    1.99678E-01   -6.10197E-03    4.46811E-01    7.65558E+01    7.84480E+01    1.51238E+02
    2.78684E+04    3.28139E+07    1.83353E+06    1.50873E+04    2.09799E-01   -6.38428E-03    4.57994E-01    7.84480E+01    8.04501E+01    1.54999E+02
    2.81837E+04    3.47873E+07    1.97339E+06    1.50873E+04    2.20781E-01   -6.69137E-03    4.69826E-01    8.04501E+01    8.25722E+01    1.58979E+02
    2.85027E+04    3.69148E+07    2.12748E+06    1.50873E+04    2.32726E-01   -7.02601E-03    4.82366E-01    8.25722E+01    8.48256E+01    1.63197E+02
    2.88252E+04    3.92124E+07    2.29768E+06    1.50873E+04    2.45755E-01   -7.39136E-03    4.95682E-01    8.48256E+01    8.72230E+01    1.67676E+02
    2.91514E+04    4.16986E+07    2.48620E+06    1.50873E+04    2.60006E-01   -7.79105E-03    5.09848E-01    8.72230E+01    8.97786E+01    1.72442E+02
    2.94812E+04    4.43943E+07    2.69562E+06    1.50873E+04    2.75638E-01   -8.22929E-03    5.24948E-01    8.97786E+01    9.25084E+01    1.77521E+02
    2.98148E+04    4.73232E+07    2.92898E+06    1.50873E+04    2.92839E-01   -8.71097E-03    5.41076E-01    9.25084E+01    9.54307E+01    1.82947E+02
    3.01522E+04    5.05131E+07    3.18985E+06    1.50873E+04    3.11830E-01   -9.24183E-03    5.58341E-01    9.54307E+01    9.85661E+01    1.88755E+02
    3.04934E+04    5.39956E+07    3.48250E+06    1.50873E+04    3.32867E-01   -9.82863E-03    5.76863E-01    9.85661E+01    1.01938E+02    1.94986E+02
    3.08384E+04    5.78076E+07    3.81199E+06    1.50873E+04    3.56259E-01   -1.04794E-02    5.96782E-01    1.01938E+02    1.05574E+02    2.01687E+02
    3.11873E+04    6.19920E+07    4.18442E+06    1.50873E+04    3.82369E-01   -1.12038E-02    6.18259E-01    1.05574E+02    1.09506E+02    2.08913E+02
    3.15402E+04    6.65991E+07    4.60715E+06    1.50873E+04    4.11637E-01   -1.20133E-02    6.41477E-01    1.09506E+02    1.13769E+02    2.16725E+02
    3.18971E+04    7.16883E+07    5.08915E+06    1.50873E+04    4.44591E-01   -1.29222E-02    6.66651E-01    1.13769E+02    1.18406E+02    2.25196E+02
    3.22580E+04    7.73297E+07    5.64139E+06    1.50873E+04    4.81876E-01   -1.39476E-02    6.94033E-01    1.18406E+02    1.23468E+02    2.34410E+02
    3.26230E+04    8.36071E+07    6.27745E+06    1.50873E+04    5.24284E-01   -1.51111E-02    7.23917E-01    1.23468E+02    1.29014E+02    2.44467E+02
    3.29921E+04    9.06214E+07    7.01428E+06    1.50873E+04    5.72796E-01   -1.64393E-02    7.56654E-01    1.29014E+02    1.35116E+02    2.55485E+02
    3.33653E+04    9.84946E+07    7.87320E+06    1.50873E+04    6.28640E-01   -1.79663E-02    7.92665E-01    1.35116E+02    1.41860E+02    2.67606E+02
    3.37428E+04    1.07376E+08    8.88140E+06    1.50873E+04    6.93372E-01   -1.97356E-02    8.32456E-01    1.41860E+02    1.49352E+02    2.81001E+02
    3.41246E+04    1.17450E+08    1.00740E+07    1.50873E+04    7.68987E-01   -2.18039E-02    8.76648E-01    1.49352E+02    1.57722E+02    2.95879E+02
    3.45106E+04    1.28947E+08    1.14967E+07    1.50873E+04    8.58078E-01   -2.42463E-02    9.26007E-01    1.57722E+02    1.67135E+02    3.12499E+02
    3.49010E+04    1.42157E+08    1.32106E+07    1.50873E+04    9.64070E-01   -2.71639E-02    9.81495E-01    1.67135E+02    1.77800E+02    3.31187E+02
    3.52959E+04    1.57455E+08    1.52978E+07    1.50873E+04    1.09157E+00   -3.06966E-02    1.04433E+00    1.77800E+02    1.89989E+02    3.52355E+02
    3.56952E+04    1.75327E+08    1.78722E+07    1.50873E+04    1.24691E+00   -3.50422E-02    1.11610E+00    1.89989E+02    2.04060E+02    3.76539E+02
    3.60990E+04    1.96422E+08    2.10943E+07    1.50873E+04    1.43898E+00   -4.04898E-02    1.19889E+00    2.04060E+02    2.20502E+02    4.04449E+02
    3.65074E+04    2.21619E+08    2.51976E+07    1.50873E+04    1.68068E+00   -4.74767E-02    1.29554E+00    2.20502E+02    2.39999E+02    4.37045E+02
    3.69204E+04    2.52152E+08    3.05333E+07    1.50873E+04    1.99129E+00   -5.66954E-02    1.40999E+00    2.39999E+02    2.63545E+02    4.75672E+02
    3.73380E+04    2.89804E+08    3.76517E+07    1.50873E+04    2.40093E+00   -6.93033E-02    1.54794E+00    2.63545E+02    2.92653E+02    5.22276E+02
    3.77604E+04    3.37265E+08    4.74611E+07    1.50873E+04    2.95915E+00   -8.73749E-02    1.71800E+00    2.92653E+02    3.29766E+02    5.79808E+02
    3.81876E+04    3.98827E+08    6.15620E+07    1.50873E+04    3.75298E+00   -1.14986E-01    1.93385E+00    3.29766E+02    3.79158E+02    6.52998E+02
    3.86195E+04    4.81862E+08    8.30344E+07    1.50873E+04    4.94945E+00   -1.61234E-01    2.21889E+00    3.79158E+02    4.49199E+02    7.50034E+02
    3.90564E+04    6.00436E+08    1.18574E+08    1.50873E+04    6.91074E+00   -2.50563E-01    2.61686E+00    4.49199E+02    5.59274E+02    8.86594E+02
    3.94982E+04    7.86151E+08    1.85716E+08    1.50873E+04    1.05832E+01   -4.70331E-01    3.21900E+00    5.59274E+02    7.68232E+02    1.09731E+03
    3.99450E+04    1.13741E+09    3.51255E+08    1.50873E+04    1.95716E+01   -1.29472E+00    4.23028E+00    7.68232E+02    1.34995E+03    1.47530E+03
    4.03968E+04    2.66140E+09    1.52399E+09    1.50873E+04    8.30274E+01   -6.94767E+00    5.89554E+00    1.34995E+03    4.50679E+03    2.33536E+03
