 # rho, F_z,dF_z, z(rho), E2 (=>sigma2=e0^2*E2), Er, Ez, Ui,j , Ui+1,j , Ui,j-1
    2.50000E-01    3.58194E-01    3.58194E-01    0.00000E+00    2.86555E+00   -4.39275E-01    1.63481E+00    2.03704E+00    2.25668E+00    2.85444E+00
    7.31707E-01    1.00854E+00    6.50350E-01    5.00000E-01    1.91796E+00   -1.71177E-01    1.37429E+00    1.56953E+00    1.64886E+00    2.25668E+00
    1.19774E+00    2.02424E+00    1.01569E+00    5.00000E-01    1.80946E+00   -6.14214E-02    1.34376E+00    1.64886E+00    1.67765E+00    2.32074E+00
    1.66904E+00    3.48825E+00    1.46402E+00    5.00000E-01    1.85076E+00   -3.97623E-02    1.35984E+00    1.67765E+00    1.69649E+00    2.35757E+00
    2.14566E+00    5.45969E+00    1.97144E+00    5.00000E-01    1.91695E+00   -3.95643E-02    1.38398E+00    1.69649E+00    1.71545E+00    2.38848E+00
    2.62767E+00    8.00718E+00    2.54750E+00    5.00000E-01    2.00011E+00   -4.92888E-02    1.41339E+00    1.71545E+00    1.73935E+00    2.42215E+00
    3.11513E+00    1.12248E+01    3.21761E+00    5.00000E-01    2.10711E+00   -6.97915E-02    1.44991E+00    1.73935E+00    1.77356E+00    2.46430E+00
    3.60810E+00    1.52471E+01    4.02232E+00    5.00000E-01    2.24879E+00   -1.11482E-01    1.49545E+00    1.77356E+00    1.82882E+00    2.52128E+00
    4.10663E+00    2.02678E+01    5.02068E+00    5.00000E-01    2.43864E+00   -2.08217E-01    1.54767E+00    1.82882E+00    1.93321E+00    2.60266E+00
    4.61080E+00    2.66362E+01    6.36836E+00    5.00000E-01    2.72421E+00   -4.75255E-01    1.58062E+00    1.93321E+00    2.17417E+00    2.72352E+00
    5.12067E+00    3.23461E+01    5.70998E+00    9.63414E-01    2.17479E+00   -3.82417E-01    1.42427E+00    1.46203E+00    1.65811E+00    2.17417E+00
    5.63630E+00    3.87355E+01    6.38939E+00    9.63414E-01    2.18623E+00   -3.24086E-01    1.44264E+00    1.65811E+00    1.82615E+00    2.37942E+00
    6.15775E+00    4.72119E+01    8.47638E+00    9.63414E-01    2.62506E+00   -5.79543E-01    1.51301E+00    1.82615E+00    2.13006E+00    2.58266E+00
    6.68510E+00    5.47803E+01    7.56842E+00    1.43207E+00    2.13485E+00   -4.76904E-01    1.38109E+00    1.49004E+00    1.74294E+00    2.13006E+00
    7.21840E+00    6.41640E+01    9.38368E+00    1.43207E+00    2.42394E+00   -6.27175E-01    1.42499E+00    1.74294E+00    2.07930E+00    2.40330E+00
    7.75774E+00    7.21670E+01    8.00301E+00    1.90601E+00    1.90208E+00   -4.74253E-01    1.29505E+00    1.47237E+00    1.72959E+00    2.07930E+00
    8.30316E+00    8.26096E+01    1.04426E+01    1.90601E+00    2.29296E+00   -6.36911E-01    1.37379E+00    1.72959E+00    2.07893E+00    2.37342E+00
    8.85475E+00    9.17217E+01    9.11205E+00    2.38531E+00    1.85520E+00   -4.83930E-01    1.27319E+00    1.47551E+00    1.74394E+00    2.07893E+00
    9.41258E+00    1.03999E+02    1.22778E+01    2.38531E+00    2.32531E+00   -6.72430E-01    1.36863E+00    1.74394E+00    2.12114E+00    2.39260E+00
    9.97670E+00    1.15091E+02    1.10918E+01    2.87003E+00    1.95977E+00   -5.34452E-01    1.29388E+00    1.50098E+00    1.80417E+00    2.12114E+00
    1.05472E+01    1.30990E+02    1.58991E+01    2.87003E+00    2.62751E+00   -8.12415E-01    1.40267E+00    1.80417E+00    2.27026E+00    2.47648E+00
    1.11242E+01    1.48261E+02    1.72711E+01    3.36023E+00    2.67598E+00   -9.38808E-01    1.33964E+00    1.62091E+00    2.16560E+00    2.27026E+00
    1.17076E+01    1.63913E+02    1.56517E+01    3.85596E+00    2.27846E+00   -9.24268E-01    1.19339E+00    1.58060E+00    2.12291E+00    2.16560E+00
    1.22977E+01    1.79246E+02    1.53334E+01    4.35730E+00    2.10129E+00   -9.10463E-01    1.12798E+00    1.56373E+00    2.10398E+00    2.12291E+00
    1.28944E+01    1.94784E+02    1.55377E+01    4.86430E+00    2.00805E+00   -9.04216E-01    1.09107E+00    1.55698E+00    2.09959E+00    2.10398E+00
    1.34979E+01    2.10905E+02    1.61209E+01    5.37703E+00    1.96804E+00   -9.07646E-01    1.06968E+00    1.55725E+00    2.10807E+00    2.09959E+00
    1.41082E+01    2.28045E+02    1.71397E+01    5.89556E+00    1.97953E+00   -9.25503E-01    1.05970E+00    1.56473E+00    2.13273E+00    2.10807E+00
    1.47254E+01    2.46957E+02    1.89124E+01    6.41994E+00    2.06934E+00   -9.72508E-01    1.05998E+00    1.58310E+00    2.18669E+00    2.13273E+00
    1.53495E+01    2.69840E+02    2.28824E+01    6.95025E+00    2.37507E+00   -1.11381E+00    1.06513E+00    1.62815E+00    2.32726E+00    2.18669E+00
    1.59807E+01    2.84102E+02    1.42626E+01    8.02892E+00    1.40602E+00   -9.60426E-01    6.95415E-01    1.48040E+00    2.09004E+00    1.85335E+00
    1.66191E+01    3.06158E+02    2.20557E+01    8.57741E+00    2.06740E+00   -1.11307E+00    9.10202E-01    1.59638E+00    2.31090E+00    2.09004E+00
    1.72646E+01    3.24133E+02    1.79749E+01    9.69305E+00    1.60376E+00   -1.08980E+00    6.45059E-01    1.51444E+00    2.22193E+00    1.87225E+00
    1.79175E+01    3.41678E+02    1.75450E+01    1.08341E+01    1.49151E+00   -1.07196E+00    5.85164E-01    1.49955E+00    2.20331E+00    1.83151E+00
    1.85777E+01    3.60765E+02    1.90872E+01    1.20010E+01    1.54746E+00   -1.11387E+00    5.53853E-01    1.51111E+00    2.25065E+00    1.83245E+00
    1.92454E+01    3.77345E+02    1.65804E+01    1.38013E+01    1.28309E+00   -1.05591E+00    4.10056E-01    1.45933E+00    2.16832E+00    1.70540E+00
    1.99207E+01    3.90507E+02    1.31619E+01    1.62981E+01    9.73030E-01   -9.36617E-01    3.09480E-01    1.40450E+00    2.04050E+00    1.59876E+00
    2.06035E+01    4.01569E+02    1.10615E+01    1.89097E+01    7.81810E-01   -8.42811E-01    2.67357E-01    1.37424E+00    1.95301E+00    1.54977E+00
    2.12941E+01    4.13326E+02    1.17578E+01    2.09469E+01    7.95090E-01   -8.48403E-01    2.74412E-01    1.38955E+00    1.97874E+00    1.57589E+00
    2.19925E+01    4.23585E+02    1.02581E+01    2.37722E+01    6.64148E-01   -7.83125E-01    2.25528E-01    1.36311E+00    1.91310E+00    1.52329E+00
    2.26988E+01    4.32586E+02    9.00189E+00    2.67274E+01    5.58369E-01   -7.19608E-01    2.01331E-01    1.34391E+00    1.85501E+00    1.49348E+00
    2.34130E+01    4.42181E+02    9.59448E+00    2.90326E+01    5.70524E-01   -7.25861E-01    2.08925E-01    1.35871E+00    1.88007E+00    1.51924E+00
    2.41354E+01    4.50345E+02    8.16401E+00    3.22296E+01    4.65672E-01   -6.60044E-01    1.73245E-01    1.33161E+00    1.81106E+00    1.47085E+00
    2.48659E+01    4.58701E+02    8.35643E+00    3.47234E+01    4.57475E-01   -6.52227E-01    1.79096E-01    1.33948E+00    1.81860E+00    1.48835E+00
    2.56046E+01    4.67005E+02    8.30340E+00    3.73028E+01    4.36524E-01   -6.38007E-01    1.71670E-01    1.33955E+00    1.81353E+00    1.48714E+00
    2.63517E+01    4.75188E+02    8.18339E+00    3.99705E+01    4.13347E-01   -6.21965E-01    1.62808E-01    1.33795E+00    1.80523E+00    1.48272E+00
    2.71072E+01    4.83224E+02    8.03571E+00    4.27298E+01    3.90165E-01   -6.05384E-01    1.53871E-01    1.33568E+00    1.79564E+00    1.47720E+00
    2.78713E+01    4.91095E+02    7.87145E+00    4.55836E+01    3.67559E-01   -5.88628E-01    1.45176E-01    1.33301E+00    1.78529E+00    1.47111E+00
    2.86440E+01    4.98787E+02    7.69118E+00    4.85353E+01    3.45549E-01   -5.71691E-01    1.36812E-01    1.32995E+00    1.77418E+00    1.46455E+00
    2.94255E+01    5.06272E+02    7.48547E+00    5.15882E+01    3.23717E-01   -5.54193E-01    1.28793E-01    1.32631E+00    1.76181E+00    1.45737E+00
    3.02157E+01    5.13489E+02    7.21736E+00    5.47457E+01    3.00563E-01   -5.34683E-01    1.21149E-01    1.32133E+00    1.74624E+00    1.44883E+00
    3.10149E+01    5.20144E+02    6.65451E+00    5.80115E+01    2.66965E-01   -5.03754E-01    1.14878E-01    1.31033E+00    1.71520E+00    1.43539E+00
    3.18232E+01    5.27997E+02    7.85323E+00    6.02507E+01    3.03623E-01   -5.32699E-01    1.40907E-01    1.34150E+00    1.77447E+00    1.49837E+00
    3.26405E+01    5.35117E+02    7.11976E+00    6.37052E+01    2.65374E-01   -5.03802E-01    1.07505E-01    1.32029E+00    1.73439E+00    1.44408E+00
    3.34671E+01    5.41565E+02    6.44806E+00    6.72782E+01    2.31782E-01   -4.70968E-01    9.98587E-02    1.30614E+00    1.69763E+00    1.42507E+00
    3.43031E+01    5.49009E+02    7.44400E+00    6.97280E+01    2.58145E-01   -4.93109E-01    1.22427E-01    1.33310E+00    1.74763E+00    1.48222E+00
    3.51485E+01    5.55378E+02    6.36865E+00    7.35074E+01    2.13133E-01   -4.52138E-01    9.32975E-02    1.30467E+00    1.68905E+00    1.42221E+00
    3.60034E+01    5.62415E+02    7.03776E+00    7.60988E+01    2.27363E-01   -4.63011E-01    1.13948E-01    1.32463E+00    1.72270E+00    1.47144E+00
    3.68680E+01    5.70099E+02    7.68332E+00    7.87490E+01    2.39690E-01   -4.75971E-01    1.14636E-01    1.33820E+00    1.75204E+00    1.48925E+00
    3.77424E+01    5.76612E+02    6.51314E+00    8.28378E+01    1.96260E-01   -4.34994E-01    8.39034E-02    1.30732E+00    1.68980E+00    1.42166E+00
    3.86267E+01    5.83940E+02    7.32846E+00    8.56412E+01    2.13361E-01   -4.50606E-01    1.01566E-01    1.32957E+00    1.73026E+00    1.47114E+00
    3.95209E+01    5.90134E+02    6.19332E+00    8.99662E+01    1.74264E-01   -4.10496E-01    7.58718E-02    1.29982E+00    1.66897E+00    1.40920E+00
    4.04252E+01    5.96820E+02    6.68640E+00    9.29317E+01    1.81874E-01   -4.16199E-01    9.30154E-02    1.31554E+00    1.69405E+00    1.45268E+00
    4.13398E+01    6.03756E+02    6.93576E+00    9.59645E+01    1.82421E-01   -4.16684E-01    9.37872E-02    1.32123E+00    1.70446E+00    1.46265E+00
    4.22647E+01    6.10911E+02    7.15552E+00    9.90662E+01    1.82026E-01   -4.16536E-01    9.23231E-02    1.32562E+00    1.71304E+00    1.46799E+00
    4.32001E+01    6.18456E+02    7.54520E+00    1.02238E+02    1.85685E-01   -4.21488E-01    8.96227E-02    1.33311E+00    1.72957E+00    1.47446E+00
    4.41460E+01    6.24708E+02    6.25148E+00    1.07133E+02    1.48868E-01   -3.80495E-01    6.39632E-02    1.29975E+00    1.66169E+00    1.40409E+00
    4.51026E+01    6.31365E+02    6.65704E+00    1.10488E+02    1.53430E-01   -3.83789E-01    7.83331E-02    1.31294E+00    1.68214E+00    1.44363E+00
    4.60700E+01    6.38179E+02    6.81353E+00    1.13920E+02    1.52021E-01   -3.81906E-01    7.85412E-02    1.31651E+00    1.68805E+00    1.45052E+00
    4.70484E+01    6.45077E+02    6.89807E+00    1.17430E+02    1.49023E-01   -3.78271E-01    7.70320E-02    1.31803E+00    1.69019E+00    1.45245E+00
    4.80378E+01    6.52028E+02    6.95189E+00    1.21019E+02    1.45449E-01   -3.73911E-01    7.50964E-02    1.31876E+00    1.69079E+00    1.45279E+00
    4.90384E+01    6.59017E+02    6.98852E+00    1.24691E+02    1.41631E-01   -3.69186E-01    7.30256E-02    1.31908E+00    1.69056E+00    1.45237E+00
    5.00503E+01    6.66030E+02    7.01330E+00    1.28445E+02    1.37704E-01   -3.64245E-01    7.09167E-02    1.31914E+00    1.68979E+00    1.45152E+00
    5.10736E+01    6.73058E+02    7.02822E+00    1.32285E+02    1.33721E-01   -3.59146E-01    6.88098E-02    1.31898E+00    1.68857E+00    1.45035E+00
    5.21085E+01    6.80092E+02    7.03324E+00    1.36212E+02    1.29693E-01   -3.53894E-01    6.67234E-02    1.31861E+00    1.68691E+00    1.44889E+00
    5.31551E+01    6.87118E+02    7.02622E+00    1.40229E+02    1.25593E-01   -3.48442E-01    6.46667E-02    1.31799E+00    1.68472E+00    1.44713E+00
    5.42135E+01    6.94119E+02    7.00131E+00    1.44337E+02    1.21334E-01   -3.42650E-01    6.26463E-02    1.31700E+00    1.68170E+00    1.44494E+00
    5.52839E+01    7.01062E+02    6.94298E+00    1.48538E+02    1.16675E-01   -3.36144E-01    6.06810E-02    1.31530E+00    1.67712E+00    1.44205E+00
    5.63664E+01    7.07861E+02    6.79859E+00    1.52834E+02    1.10802E-01   -3.27619E-01    5.88893E-02    1.31178E+00    1.66841E+00    1.43758E+00
    5.74611E+01    7.14111E+02    6.24967E+00    1.57229E+02    9.87991E-02   -3.08804E-01    5.86431E-02    1.29964E+00    1.63959E+00    1.42776E+00
    5.85682E+01    7.22818E+02    8.70777E+00    1.59463E+02    1.33547E-01   -3.43477E-01    1.24784E-01    1.36388E+00    1.74627E+00    1.63959E+00
    5.96878E+01    7.30391E+02    7.57296E+00    1.64008E+02    1.12691E-01   -3.30280E-01    6.00517E-02    1.32763E+00    1.69948E+00    1.46333E+00
    6.08200E+01    7.37711E+02    7.31935E+00    1.68656E+02    1.05695E-01   -3.20440E-01    5.48947E-02    1.32101E+00    1.68587E+00    1.44788E+00
    6.19650E+01    7.44802E+02    7.09093E+00    1.73410E+02    9.93817E-02   -3.10844E-01    5.25140E-02    1.31564E+00    1.67357E+00    1.43976E+00
    6.31230E+01    7.51294E+02    6.49218E+00    1.78272E+02    8.83228E-02   -2.92606E-01    5.20061E-02    1.30265E+00    1.64338E+00    1.42837E+00
    6.42940E+01    7.60234E+02    8.93982E+00    1.80744E+02    1.18072E-01   -3.24224E-01    1.13803E-01    1.36518E+00    1.74700E+00    1.64338E+00
    6.54783E+01    7.67949E+02    7.71583E+00    1.85773E+02    9.89453E-02   -3.10067E-01    5.29512E-02    1.32801E+00    1.69728E+00    1.46040E+00
    6.66760E+01    7.75297E+02    7.34787E+00    1.90916E+02    9.15002E-02   -2.98591E-01    4.84107E-02    1.31924E+00    1.67886E+00    1.44303E+00
    6.78872E+01    7.81983E+02    6.68556E+00    1.96176E+02    8.08537E-02   -2.80350E-01    4.75145E-02    1.30505E+00    1.64651E+00    1.42930E+00
    6.91121E+01    7.91094E+02    9.11139E+00    1.98850E+02    1.07029E-01   -3.09478E-01    1.06075E-01    1.36598E+00    1.74719E+00    1.64651E+00
    7.03508E+01    7.98848E+02    7.75338E+00    2.04290E+02    8.84732E-02   -2.93508E-01    4.82334E-02    1.32686E+00    1.69248E+00    1.45732E+00
    7.16036E+01    8.05801E+02    6.95352E+00    2.09854E+02    7.70867E-02   -2.73936E-01    4.52309E-02    1.30954E+00    1.65464E+00    1.43466E+00
    7.28704E+01    8.15207E+02    9.40561E+00    2.12683E+02    1.01313E-01   -3.01569E-01    1.01829E-01    1.36977E+00    1.75397E+00    1.65464E+00
    7.41516E+01    8.23179E+02    7.97253E+00    2.18438E+02    8.34498E-02   -2.85289E-01    4.53866E-02    1.32980E+00    1.69737E+00    1.45966E+00
    7.54473E+01    8.30321E+02    7.14149E+00    2.24323E+02    7.26465E-02   -2.66163E-01    4.24702E-02    1.31214E+00    1.65893E+00    1.43641E+00
    7.67576E+01    8.39928E+02    9.60748E+00    2.27316E+02    9.49900E-02   -2.92524E-01    9.70545E-02    1.37173E+00    1.75719E+00    1.65893E+00
    7.80828E+01    8.48046E+02    8.11742E+00    2.33403E+02    7.80141E-02   -2.76053E-01    4.25281E-02    1.33125E+00    1.69911E+00    1.45996E+00
    7.94229E+01    8.55276E+02    7.23034E+00    2.39628E+02    6.75527E-02   -2.56844E-01    3.97969E-02    1.31267E+00    1.65880E+00    1.43585E+00
    8.07781E+01    8.64896E+02    9.61981E+00    2.42794E+02    8.73822E-02   -2.80857E-01    9.22044E-02    1.37019E+00    1.75295E+00    1.65880E+00
    8.21487E+01    8.72559E+02    7.66319E+00    2.49232E+02    6.76829E-02   -2.56916E-01    4.09503E-02    1.32130E+00    1.67539E+00    1.45239E+00
    8.35347E+01    8.82645E+02    1.00865E+01    2.52507E+02    8.66287E-02   -2.79598E-01    9.19438E-02    1.37773E+00    1.76744E+00    1.67539E+00
    8.49364E+01    8.90653E+02    8.00794E+00    2.59166E+02    6.68862E-02   -2.55512E-01    4.00012E-02    1.32728E+00    1.68745E+00    1.45973E+00
    8.63540E+01    9.01211E+02    1.05580E+01    2.62552E+02    8.57690E-02   -2.78586E-01    9.03255E-02    1.38499E+00    1.78212E+00    1.68745E+00
    8.77875E+01    9.10033E+02    8.82131E+00    2.69440E+02    6.97028E-02   -2.61299E-01    3.77600E-02    1.34154E+00    1.71823E+00    1.47085E+00
    8.92373E+01    9.17874E+02    7.84134E+00    2.76485E+02    6.02717E-02   -2.42979E-01    3.51149E-02    1.32203E+00    1.67627E+00    1.44502E+00
    9.07034E+01    9.28206E+02    1.03320E+01    2.80067E+02    7.72594E-02   -2.64995E-01    8.38867E-02    1.37914E+00    1.76985E+00    1.67627E+00
    9.21861E+01    9.36434E+02    8.22786E+00    2.87353E+02    5.98592E-02   -2.42003E-01    3.59714E-02    1.32937E+00    1.69021E+00    1.45968E+00
    9.36856E+01    9.47155E+02    1.07213E+01    2.91058E+02    7.58932E-02   -2.62591E-01    8.33008E-02    1.38504E+00    1.78100E+00    1.69021E+00
    9.52020E+01    9.55623E+02    8.46807E+00    2.98594E+02    5.83295E-02   -2.38956E-01    3.50666E-02    1.33318E+00    1.69757E+00    1.46457E+00
    9.67356E+01    9.66612E+02    1.09891E+01    3.02425E+02    7.36621E-02   -2.58867E-01    8.15468E-02    1.38859E+00    1.78780E+00    1.69757E+00
    9.82864E+01    9.75258E+02    8.64558E+00    3.10220E+02    5.64015E-02   -2.35043E-01    3.40060E-02    1.33571E+00    1.70228E+00    1.46749E+00
    9.98548E+01    9.86420E+02    1.11619E+01    3.14183E+02    7.08725E-02   -2.54050E-01    7.95691E-02    1.39045E+00    1.79114E+00    1.70228E+00
    1.01441E+02    9.95046E+02    8.62620E+00    3.22244E+02    5.33134E-02   -2.28508E-01    3.31302E-02    1.33462E+00    1.69909E+00    1.46740E+00
    1.03045E+02    1.00582E+03    1.07757E+01    3.26343E+02    6.48287E-02   -2.42362E-01    7.80353E-02    1.38279E+00    1.77374E+00    1.69909E+00
    1.04667E+02    1.01849E+03    1.26703E+01    3.30489E+02    7.42074E-02   -2.57932E-01    8.76269E-02    1.41454E+00    1.83530E+00    1.77374E+00
    1.06308E+02    1.02808E+03    9.59140E+00    3.38921E+02    5.46899E-02   -2.31541E-01    3.28463E-02    1.35106E+00    1.73303E+00    1.48876E+00
    1.07967E+02    1.04039E+03    1.23057E+01    3.43208E+02    6.83165E-02   -2.49784E-01    7.69694E-02    1.40671E+00    1.82344E+00    1.73303E+00
    1.09645E+02    1.05004E+03    9.64883E+00    3.51929E+02    5.21576E-02   -2.26254E-01    3.10894E-02    1.35106E+00    1.73280E+00    1.48586E+00
    1.11341E+02    1.06241E+03    1.23713E+01    3.56364E+02    6.51193E-02   -2.44107E-01    7.43711E-02    1.40668E+00    1.82319E+00    1.73280E+00
    1.13057E+02    1.07199E+03    9.57681E+00    3.65384E+02    4.90899E-02   -2.19504E-01    3.01350E-02    1.34908E+00    1.72785E+00    1.48423E+00
    1.14793E+02    1.08389E+03    1.19000E+01    3.69970E+02    5.94051E-02   -2.32634E-01    7.27091E-02    1.39809E+00    1.80405E+00    1.72785E+00
    1.16547E+02    1.09780E+03    1.39143E+01    3.74609E+02    6.76500E-02   -2.46979E-01    8.15562E-02    1.42998E+00    1.86585E+00    1.80405E+00
    1.18322E+02    1.10834E+03    1.05380E+01    3.84044E+02    4.99025E-02   -2.21393E-01    2.97973E-02    1.36458E+00    1.75971E+00    1.50436E+00
    1.20117E+02    1.12175E+03    1.34076E+01    3.88841E+02    6.18438E-02   -2.38177E-01    7.15210E-02    1.42042E+00    1.85030E+00    1.75971E+00
    1.21932E+02    1.13210E+03    1.03509E+01    3.98599E+02    4.65081E-02   -2.13783E-01    2.83740E-02    1.36059E+00    1.75080E+00    1.49825E+00
    1.23768E+02    1.14489E+03    1.27978E+01    4.03561E+02    5.60169E-02   -2.26258E-01    6.94552E-02    1.41002E+00    1.82767E+00    1.75080E+00
    1.25624E+02    1.15977E+03    1.48731E+01    4.08579E+02    6.34219E-02   -2.39515E-01    7.78118E-02    1.44157E+00    1.88869E+00    1.82767E+00
    1.27501E+02    1.17087E+03    1.11012E+01    4.18786E+02    4.61197E-02   -2.12903E-01    2.81402E-02    1.37211E+00    1.77404E+00    1.51491E+00
    1.29400E+02    1.18454E+03    1.36720E+01    4.23976E+02    5.53410E-02   -2.25027E-01    6.85836E-02    1.42207E+00    1.85169E+00    1.77404E+00
    1.31320E+02    1.20041E+03    1.58677E+01    4.29225E+02    6.25827E-02   -2.38157E-01    7.65771E-02    1.45425E+00    1.91408E+00    1.85169E+00
    1.33262E+02    1.21244E+03    1.20346E+01    4.39901E+02    4.62504E-02   -2.13335E-01    2.71804E-02    1.38578E+00    1.80234E+00    1.53006E+00
    1.35225E+02    1.22767E+03    1.52253E+01    4.45329E+02    5.70189E-02   -2.29233E-01    6.68666E-02    1.44340E+00    1.89605E+00    1.80234E+00
    1.37211E+02    1.23946E+03    1.17931E+01    4.56371E+02    4.30395E-02   -2.05846E-01    2.58279E-02    1.38122E+00    1.79229E+00    1.52302E+00
    1.39219E+02    1.25397E+03    1.45120E+01    4.61986E+02    5.16151E-02   -2.17737E-01    6.48507E-02    1.43224E+00    1.87196E+00    1.79229E+00
    1.41250E+02    1.27075E+03    1.67810E+01    4.67664E+02    5.81700E-02   -2.30003E-01    7.25853E-02    1.46441E+00    1.93416E+00    1.87196E+00
    1.43304E+02    1.28330E+03    1.25462E+01    4.79214E+02    4.23880E-02   -2.04287E-01    2.55867E-02    1.39205E+00    1.81399E+00    1.53898E+00
    1.45381E+02    1.29865E+03    1.53461E+01    4.85087E+02    5.05359E-02   -2.15530E-01    6.38959E-02    1.44293E+00    1.89312E+00    1.81399E+00
    1.47482E+02    1.31630E+03    1.76496E+01    4.91026E+02    5.66535E-02   -2.27103E-01    7.12595E-02    1.47462E+00    1.95435E+00    1.89312E+00
    1.49606E+02    1.32938E+03    1.30822E+01    5.03107E+02    4.09336E-02   -2.00780E-01    2.49229E-02    1.39915E+00    1.82806E+00    1.54884E+00
    1.51754E+02    1.34520E+03    1.58223E+01    5.09249E+02    4.82611E-02   -2.10600E-01    6.25209E-02    1.44829E+00    1.90327E+00    1.82806E+00
    1.53927E+02    1.36286E+03    1.76570E+01    5.15462E+02    5.25040E-02   -2.18184E-01    6.99970E-02    1.47329E+00    1.94997E+00    1.90327E+00
    1.56124E+02    1.38259E+03    1.97311E+01    5.21744E+02    5.71994E-02   -2.27907E-01    7.25102E-02    1.49952E+00    2.00308E+00    1.94997E+00
    1.58346E+02    1.39712E+03    1.45288E+01    5.34523E+02    4.10631E-02   -2.01154E-01    2.44982E-02    1.41872E+00    1.86819E+00    1.57437E+00
    1.60593E+02    1.41479E+03    1.76713E+01    5.41021E+02    4.86957E-02   -2.11858E-01    6.17416E-02    1.47148E+00    1.95022E+00    1.86819E+00
    1.62866E+02    1.43501E+03    2.02256E+01    5.47592E+02    5.43426E-02   -2.22773E-01    6.86643E-02    1.50404E+00    2.01313E+00    1.95022E+00
    1.65164E+02    1.45002E+03    1.50041E+01    5.60958E+02    3.93084E-02   -1.96858E-01    2.35604E-02    1.42432E+00    1.87927E+00    1.58089E+00
    1.67488E+02    1.46810E+03    1.80849E+01    5.67755E+02    4.61999E-02   -2.06378E-01    6.00661E-02    1.47559E+00    1.95793E+00    1.87927E+00
    1.69838E+02    1.48822E+03    2.01169E+01    5.74628E+02    5.01136E-02   -2.13543E-01    6.71788E-02    1.50134E+00    2.00607E+00    1.95793E+00
    1.72215E+02    1.51061E+03    2.23912E+01    5.81579E+02    5.43945E-02   -2.22621E-01    6.95291E-02    1.52817E+00    2.06030E+00    2.00607E+00
    1.74619E+02    1.52703E+03    1.64160E+01    5.95718E+02    3.88906E-02   -1.95843E-01    2.31534E-02    1.44212E+00    1.91553E+00    1.60488E+00
    1.77050E+02    1.54676E+03    1.97275E+01    6.02907E+02    4.55790E-02   -2.05119E-01    5.92041E-02    1.49465E+00    1.99609E+00    1.91553E+00
    1.79508E+02    1.56865E+03    2.18969E+01    6.10178E+02    4.93409E-02   -2.12066E-01    6.60966E-02    1.52089E+00    2.04517E+00    1.99609E+00
    1.81994E+02    1.59298E+03    2.43301E+01    6.17531E+02    5.34707E-02   -2.20909E-01    6.83357E-02    1.54833E+00    2.10064E+00    2.04517E+00
    1.84509E+02    1.61085E+03    1.78646E+01    6.32487E+02    3.82936E-02   -1.94385E-01    2.25439E-02    1.45948E+00    1.95096E+00    1.62711E+00
    1.87052E+02    1.63229E+03    2.14430E+01    6.40091E+02    4.48325E-02   -2.03595E-01    5.81503E-02    1.51368E+00    2.03427E+00    1.95096E+00
    1.89623E+02    1.65607E+03    2.37799E+01    6.47782E+02    4.84963E-02   -2.10439E-01    6.48996E-02    1.54072E+00    2.08489E+00    2.03427E+00
    1.92223E+02    1.68247E+03    2.63981E+01    6.55560E+02    5.25141E-02   -2.19121E-01    6.70818E-02    1.56898E+00    2.14201E+00    2.08489E+00
    1.94853E+02    1.70190E+03    1.94274E+01    6.71380E+02    3.76995E-02   -1.92920E-01    2.19374E-02    1.47746E+00    1.98767E+00    1.65001E+00
    1.97513E+02    1.72519E+03    2.32940E+01    6.79424E+02    4.40959E-02   -2.02076E-01    5.71063E-02    1.53342E+00    2.07388E+00    1.98767E+00
    2.00203E+02    1.75100E+03    2.58107E+01    6.87560E+02    4.76651E-02   -2.08817E-01    6.37210E-02    1.56129E+00    2.12609E+00    2.07388E+00
    2.02923E+02    1.77962E+03    2.86243E+01    6.95787E+02    5.15696E-02   -2.17332E-01    6.58515E-02    1.59037E+00    2.18485E+00    2.12609E+00
    2.05673E+02    1.80073E+03    2.11036E+01    7.12521E+02    3.70927E-02   -1.91407E-01    2.13510E-02    1.49600E+00    2.02548E+00    1.67365E+00
    2.08455E+02    1.82600E+03    2.52673E+01    7.21030E+02    4.33286E-02   -2.00459E-01    5.60770E-02    1.55364E+00    2.11443E+00    2.02548E+00
    2.11269E+02    1.85395E+03    2.79561E+01    7.29636E+02    4.67725E-02   -2.07026E-01    6.25512E-02    1.58217E+00    2.16787E+00    2.11443E+00
    2.14114E+02    1.88489E+03    3.09428E+01    7.38338E+02    5.05108E-02   -2.15255E-01    6.46215E-02    1.61177E+00    2.22764E+00    2.16787E+00
    2.16991E+02    1.90765E+03    2.27587E+01    7.56040E+02    3.62489E-02   -1.89252E-01    2.08024E-02    1.51357E+00    2.06115E+00    1.69665E+00
    2.19901E+02    1.93475E+03    2.71004E+01    7.65041E+02    4.21170E-02   -1.97715E-01    5.50078E-02    1.57156E+00    2.15009E+00    2.06115E+00
    2.22843E+02    1.96443E+03    2.96719E+01    7.74144E+02    4.49961E-02   -2.03058E-01    6.13484E-02    1.59789E+00    2.19878E+00    2.15009E+00
    2.25819E+02    1.99635E+03    3.19252E+01    7.83349E+02    4.72413E-02   -2.07829E-01    6.36282E-02    1.61959E+00    2.24154E+00    2.19878E+00
    2.28829E+02    2.03128E+03    3.49295E+01    7.92659E+02    5.04372E-02   -2.15107E-01    6.45479E-02    1.64734E+00    2.29834E+00    2.24154E+00
    2.31872E+02    2.05678E+03    2.55043E+01    8.11595E+02    3.59380E-02   -1.88467E-01    2.04510E-02    1.54164E+00    2.11847E+00    1.73418E+00
    2.34950E+02    2.08702E+03    3.02376E+01    8.21224E+02    4.15796E-02   -1.96544E-01    5.43146E-02    1.60133E+00    2.20968E+00    2.11847E+00
    2.38063E+02    2.11994E+03    3.29179E+01    8.30961E+02    4.41743E-02   -2.01285E-01    6.04861E-02    1.62727E+00    2.25733E+00    2.20968E+00
    2.41211E+02    2.15500E+03    3.50595E+01    8.40809E+02    4.59154E-02   -2.04900E-01    6.26996E-02    1.64679E+00    2.29541E+00    2.25733E+00
    2.44394E+02    2.19232E+03    3.73248E+01    8.50768E+02    4.77063E-02   -2.08879E-01    6.38429E-02    1.66671E+00    2.33540E+00    2.29541E+00
    2.47614E+02    2.23295E+03    4.06275E+01    8.60839E+02    5.06797E-02   -2.15737E-01    6.43223E-02    1.69482E+00    2.39327E+00    2.33540E+00
    2.50870E+02    2.26263E+03    2.96820E+01    8.81325E+02    3.61372E-02   -1.89031E-01    2.01104E-02    1.58170E+00    2.20060E+00    1.78652E+00
    2.54162E+02    2.29784E+03    3.52015E+01    8.91741E+02    4.18292E-02   -1.97302E-01    5.38632E-02    1.64579E+00    2.29907E+00    2.20060E+00
    2.57492E+02    2.33626E+03    3.84288E+01    9.02276E+02    4.45700E-02   -2.02426E-01    5.99473E-02    1.67462E+00    2.35244E+00    2.29907E+00
    2.60859E+02    2.37752E+03    4.12543E+01    9.12929E+02    4.67016E-02   -2.06995E-01    6.20859E-02    1.69840E+00    2.39936E+00    2.35244E+00
    2.64265E+02    2.42255E+03    4.50342E+01    9.23703E+02    4.97614E-02   -2.14013E-01    6.29275E-02    1.72896E+00    2.46187E+00    2.39936E+00
    2.67709E+02    2.45556E+03    3.30080E+01    9.45618E+02    3.56013E-02   -1.87664E-01    1.95838E-02    1.61145E+00    2.26139E+00    1.82483E+00
    2.71192E+02    2.49461E+03    3.90449E+01    9.56761E+02    4.11071E-02   -1.95710E-01    5.29595E-02    1.67784E+00    2.36331E+00    2.26139E+00
    2.74714E+02    2.53704E+03    4.24332E+01    9.68030E+02    4.36089E-02   -2.00338E-01    5.89382E-02    1.70654E+00    2.41614E+00    2.36331E+00
    2.78276E+02    2.58216E+03    4.51246E+01    9.79426E+02    4.52696E-02   -2.03817E-01    6.10588E-02    1.72806E+00    2.45814E+00    2.41614E+00
    2.81878E+02    2.63012E+03    4.79559E+01    9.90952E+02    4.69645E-02   -2.07612E-01    6.21432E-02    1.74993E+00    2.50201E+00    2.45814E+00
    2.85521E+02    2.68219E+03    5.20665E+01    1.00261E+03    4.97771E-02   -2.14149E-01    6.25878E-02    1.78066E+00    2.56519E+00    2.50201E+00
    2.89205E+02    2.72024E+03    3.80591E+01    1.02631E+03    3.55206E-02   -1.87483E-01    1.92548E-02    1.65415E+00    2.34875E+00    1.88111E+00
    2.92931E+02    2.76513E+03    4.48888E+01    1.03837E+03    4.08998E-02   -1.95327E-01    5.24127E-02    1.72397E+00    2.45580E+00    2.34875E+00
    2.96699E+02    2.81375E+03    4.86189E+01    1.05056E+03    4.32472E-02   -1.99630E-01    5.82685E-02    1.75337E+00    2.50978E+00    2.45580E+00
    3.00509E+02    2.86520E+03    5.14452E+01    1.06289E+03    4.46762E-02   -2.02578E-01    6.03173E-02    1.77443E+00    2.55068E+00    2.50978E+00
    3.04363E+02    2.91935E+03    5.41490E+01    1.07536E+03    4.59101E-02   -2.05287E-01    6.13801E-02    1.79392E+00    2.58944E+00    2.55068E+00
    3.08260E+02    2.97660E+03    5.72514E+01    1.08797E+03    4.73912E-02   -2.08663E-01    6.20553E-02    1.81571E+00    2.63345E+00    2.58944E+00
    3.12201E+02    3.03855E+03    6.19560E+01    1.10072E+03    5.00723E-02   -2.14919E-01    6.23061E-02    1.84781E+00    2.69959E+00    2.63345E+00
    3.16187E+02    3.08384E+03    4.52842E+01    1.12666E+03    3.57332E-02   -1.88078E-01    1.89663E-02    1.71060E+00    2.46443E+00    1.95519E+00
    3.20217E+02    3.13717E+03    5.33295E+01    1.13985E+03    4.10877E-02   -1.95906E-01    5.20427E-02    1.78571E+00    2.57978E+00    2.46443E+00
    3.24294E+02    3.19487E+03    5.76974E+01    1.15318E+03    4.34037E-02   -2.00152E-01    5.78189E-02    1.81720E+00    2.63765E+00    2.57978E+00
    3.28416E+02    3.25586E+03    6.09994E+01    1.16667E+03    4.48054E-02   -2.03044E-01    5.98222E-02    1.83974E+00    2.68145E+00    2.63765E+00
    3.32585E+02    3.32002E+03    6.41556E+01    1.18031E+03    4.60130E-02   -2.05693E-01    6.08542E-02    1.86060E+00    2.72293E+00    2.68145E+00
    3.36801E+02    3.38780E+03    6.77751E+01    1.19411E+03    4.74642E-02   -2.09000E-01    6.15061E-02    1.88391E+00    2.77000E+00    2.72293E+00
    3.41064E+02    3.46106E+03    7.32633E+01    1.20806E+03    5.01001E-02   -2.15147E-01    6.17416E-02    1.91825E+00    2.84071E+00    2.77000E+00
    3.45376E+02    3.51467E+03    5.36111E+01    1.23644E+03    3.57990E-02   -1.88286E-01    1.86350E-02    1.77032E+00    2.58674E+00    2.03324E+00
    3.49737E+02    3.57769E+03    6.30217E+01    1.25087E+03    4.10940E-02   -1.96045E-01    5.15770E-02    1.85082E+00    2.71048E+00    2.58674E+00
    3.54147E+02    3.64574E+03    6.80476E+01    1.26546E+03    4.33290E-02   -2.00122E-01    5.72714E-02    1.88408E+00    2.77154E+00    2.71048E+00
    3.58606E+02    3.71749E+03    7.17467E+01    1.28022E+03    4.46122E-02   -2.02742E-01    5.92256E-02    1.90729E+00    2.81652E+00    2.77154E+00
    3.63116E+02    3.79260E+03    7.51193E+01    1.29514E+03    4.56137E-02   -2.04907E-01    6.02226E-02    1.92779E+00    2.85711E+00    2.81652E+00
    3.67677E+02    3.87124E+03    7.86319E+01    1.31023E+03    4.66274E-02   -2.07176E-01    6.08734E-02    1.94862E+00    2.89886E+00    2.85711E+00
    3.72290E+02    3.95407E+03    8.28332E+01    1.32550E+03    4.79681E-02   -2.10250E-01    6.13440E-02    1.97300E+00    2.94823E+00    2.89886E+00
    3.76954E+02    4.04342E+03    8.93495E+01    1.34093E+03    5.05304E-02   -2.16218E-01    6.14824E-02    2.00980E+00    3.02404E+00    2.94823E+00
    3.81672E+02    4.10885E+03    6.54321E+01    1.37233E+03    3.61385E-02   -1.89211E-01    1.83775E-02    1.84769E+00    2.74528E+00    2.13457E+00
    3.86442E+02    4.18566E+03    7.68103E+01    1.38830E+03    4.14309E-02   -1.96976E-01    5.12977E-02    1.93545E+00    2.88044E+00    2.74528E+00
    3.91267E+02    4.26851E+03    8.28494E+01    1.40444E+03    4.36441E-02   -2.01005E-01    5.69288E-02    1.97156E+00    2.94677E+00    2.88044E+00
    3.96146E+02    4.35579E+03    8.72794E+01    1.42077E+03    4.49040E-02   -2.03571E-01    5.88446E-02    1.99670E+00    2.99552E+00    2.94677E+00
    4.01080E+02    4.44710E+03    9.13099E+01    1.43728E+03    4.58813E-02   -2.05678E-01    5.98141E-02    2.01888E+00    3.03944E+00    2.99552E+00
    4.06070E+02    4.54260E+03    9.55006E+01    1.45398E+03    4.68678E-02   -2.07881E-01    6.04419E-02    2.04139E+00    3.08454E+00    3.03944E+00
    4.11116E+02    4.64311E+03    1.00507E+02    1.47087E+03    4.81750E-02   -2.10873E-01    6.08916E-02    2.06771E+00    3.13783E+00    3.08454E+00
    4.16220E+02    4.75138E+03    1.08274E+02    1.48795E+03    5.06886E-02   -2.16716E-01    6.10136E-02    2.10744E+00    3.21964E+00    3.13783E+00
    4.21381E+02    4.83072E+03    7.93401E+01    1.52269E+03    3.62783E-02   -1.89608E-01    1.80831E-02    1.93023E+00    2.91430E+00    2.24255E+00
    4.26600E+02    4.92367E+03    9.29457E+01    1.54035E+03    4.15104E-02   -1.97281E-01    5.08971E-02    2.02530E+00    3.06077E+00    2.91430E+00
    4.31879E+02    5.02370E+03    1.00029E+02    1.55821E+03    4.36350E-02   -2.01119E-01    5.64446E-02    2.06372E+00    3.13126E+00    3.06077E+00
    4.37217E+02    5.12878E+03    1.05081E+02    1.57628E+03    4.47731E-02   -2.03406E-01    5.83027E-02    2.08976E+00    3.18164E+00    3.13126E+00
    4.42615E+02    5.23826E+03    1.09485E+02    1.59455E+03    4.55656E-02   -2.05082E-01    5.92199E-02    2.11180E+00    3.22511E+00    3.18164E+00
    4.48074E+02    5.35200E+03    1.13741E+02    1.61303E+03    4.62376E-02   -2.06547E-01    5.97982E-02    2.13262E+00    3.26656E+00    3.22511E+00
    4.53595E+02    5.47015E+03    1.18146E+02    1.63171E+03    4.69136E-02   -2.08053E-01    6.02297E-02    2.15375E+00    3.30886E+00    3.26656E+00
    4.59179E+02    5.59318E+03    1.23033E+02    1.65061E+03    4.77211E-02   -2.09881E-01    6.05888E-02    2.17676E+00    3.35519E+00    3.30886E+00
    4.64825E+02    5.72227E+03    1.29091E+02    1.66972E+03    4.89097E-02   -2.12610E-01    6.08830E-02    2.20474E+00    3.41198E+00    3.35519E+00
    4.70535E+02    5.86099E+03    1.38712E+02    1.68904E+03    5.13370E-02   -2.18237E-01    6.09072E-02    2.24807E+00    3.50127E+00    3.41198E+00
    4.76310E+02    5.96260E+03    1.01611E+02    1.72835E+03    3.67351E-02   -1.90828E-01    1.78780E-02    2.04851E+00    3.15670E+00    2.39791E+00
    4.82150E+02    6.08141E+03    1.18809E+02    1.74834E+03    4.19580E-02   -1.98459E-01    5.07142E-02    2.15434E+00    3.31987E+00    3.15670E+00
    4.88056E+02    6.20906E+03    1.27650E+02    1.76855E+03    4.40372E-02   -2.02187E-01    5.61941E-02    2.19665E+00    3.39749E+00    3.31987E+00
    4.94029E+02    6.34294E+03    1.33881E+02    1.78899E+03    4.51187E-02   -2.04339E-01    5.80022E-02    2.22503E+00    3.45237E+00    3.39749E+00
    5.00069E+02    6.48218E+03    1.39246E+02    1.80967E+03    4.58417E-02   -2.05852E-01    5.88770E-02    2.24878E+00    3.49917E+00    3.45237E+00
    5.06178E+02    6.62653E+03    1.44345E+02    1.83057E+03    4.64225E-02   -2.07105E-01    5.94151E-02    2.27086E+00    3.54308E+00    3.49917E+00
    5.12356E+02    6.77602E+03    1.49487E+02    1.85172E+03    4.69656E-02   -2.08300E-01    5.98062E-02    2.29271E+00    3.58673E+00    3.54308E+00
    5.18603E+02    6.93094E+03    1.54929E+02    1.87310E+03    4.75517E-02   -2.09610E-01    6.01276E-02    2.31543E+00    3.63230E+00    3.58673E+00
    5.24921E+02    7.09199E+03    1.61048E+02    1.89472E+03    4.82893E-02   -2.11281E-01    6.04126E-02    2.34055E+00    3.68292E+00    3.63230E+00
    5.31310E+02    7.26070E+03    1.68703E+02    1.91659E+03    4.94177E-02   -2.13867E-01    6.06516E-02    2.37140E+00    3.74555E+00    3.68292E+00
    5.37772E+02    7.44166E+03    1.80961E+02    1.93871E+03    5.17865E-02   -2.19340E-01    6.06347E-02    2.41959E+00    3.84483E+00    3.74555E+00
    5.44306E+02    7.57426E+03    1.32605E+02    1.98369E+03    3.70735E-02   -1.91735E-01    1.76387E-02    2.19316E+00    3.45311E+00    2.58765E+00
    5.50915E+02    7.72902E+03    1.54761E+02    2.00656E+03    4.22713E-02   -1.99315E-01    5.04453E-02    2.31214E+00    3.63670E+00    3.45311E+00
    5.57598E+02    7.89502E+03    1.65998E+02    2.02970E+03    4.42966E-02   -2.02921E-01    5.58531E-02    2.35915E+00    3.72291E+00    3.63670E+00
    5.64357E+02    8.06883E+03    1.73808E+02    2.05309E+03    4.53131E-02   -2.04925E-01    5.76098E-02    2.39028E+00    3.78307E+00    3.72291E+00
    5.71192E+02    8.24926E+03    1.80431E+02    2.07675E+03    4.59577E-02   -2.06258E-01    5.84397E-02    2.41598E+00    3.83367E+00    3.78307E+00
    5.78104E+02    8.43587E+03    1.86611E+02    2.10067E+03    4.64388E-02   -2.07282E-01    5.89330E-02    2.43945E+00    3.88028E+00    3.83367E+00
    5.85094E+02    8.62855E+03    1.92681E+02    2.12487E+03    4.68469E-02   -2.08166E-01    5.92763E-02    2.46209E+00    3.92542E+00    3.88028E+00
    5.92163E+02    8.82739E+03    1.98843E+02    2.14934E+03    4.72343E-02   -2.09018E-01    5.95452E-02    2.48470E+00    3.97063E+00    3.92542E+00
    5.99313E+02    9.03268E+03    2.05282E+02    2.17408E+03    4.76437E-02   -2.09930E-01    5.97768E-02    2.50796E+00    4.01722E+00    3.97063E+00
    6.06543E+02    9.24492E+03    2.12242E+02    2.19911E+03    4.81281E-02   -2.11019E-01    5.99917E-02    2.53271E+00    4.06695E+00    4.01722E+00
    6.13854E+02    9.46510E+03    2.20178E+02    2.22441E+03    4.87818E-02   -2.12504E-01    6.01983E-02    2.56050E+00    4.12299E+00    4.06695E+00
    6.21249E+02    9.69531E+03    2.30215E+02    2.25001E+03    4.98352E-02   -2.14919E-01    6.03755E-02    2.59503E+00    4.19313E+00    4.12299E+00
    6.28727E+02    9.94177E+03    2.46461E+02    2.27589E+03    5.21284E-02   -2.20207E-01    6.03104E-02    2.64957E+00    4.30550E+00    4.19313E+00
    6.36289E+02    1.01224E+04    1.80596E+02    2.32854E+03    3.73217E-02   -1.92404E-01    1.73855E-02    2.38686E+00    3.85007E+00    2.84193E+00
    6.43937E+02    1.03327E+04    2.10363E+02    2.35531E+03    4.24770E-02   -1.99913E-01    5.01175E-02    2.52340E+00    4.06090E+00    3.85007E+00
    6.51671E+02    1.05580E+04    2.25250E+02    2.38238E+03    4.44412E-02   -2.03390E-01    5.54424E-02    2.57669E+00    4.15859E+00    4.06090E+00
    6.59493E+02    1.07934E+04    2.35464E+02    2.40976E+03    4.53925E-02   -2.05249E-01    5.71424E-02    2.61159E+00    4.22600E+00    4.15859E+00
    6.67403E+02    1.10375E+04    2.44028E+02    2.43745E+03    4.59664E-02   -2.06425E-01    5.79248E-02    2.64010E+00    4.28210E+00    4.22600E+00
    6.75402E+02    1.12894E+04    2.51927E+02    2.46545E+03    4.63682E-02   -2.07270E-01    5.83729E-02    2.66586E+00    4.33322E+00    4.28210E+00
    6.83492E+02    1.15490E+04    2.59579E+02    2.49376E+03    4.66837E-02   -2.07946E-01    5.86700E-02    2.69040E+00    4.38210E+00    4.33322E+00
    6.91673E+02    1.18162E+04    2.67210E+02    2.52240E+03    4.69571E-02   -2.08540E-01    5.88899E-02    2.71449E+00    4.43019E+00    4.38210E+00
    6.99947E+02    1.20912E+04    2.74976E+02    2.55136E+03    4.72170E-02   -2.09112E-01    5.90679E-02    2.73865E+00    4.47850E+00    4.43019E+00
    7.08314E+02    1.23742E+04    2.83023E+02    2.58065E+03    4.74881E-02   -2.09716E-01    5.92237E-02    2.76332E+00    4.52791E+00    4.47850E+00
    7.16776E+02    1.26657E+04    2.91538E+02    2.61027E+03    4.77992E-02   -2.10415E-01    5.93702E-02    2.78906E+00    4.57953E+00    4.52791E+00
    7.25333E+02    1.29665E+04    3.00822E+02    2.64022E+03    4.81948E-02   -2.11312E-01    5.95157E-02    2.81673E+00    4.63516E+00    4.57953E+00
    7.33987E+02    1.32780E+04    3.11483E+02    2.67052E+03    4.87635E-02   -2.12612E-01    5.96624E-02    2.84804E+00    4.69833E+00    4.63516E+00
    7.42739E+02    1.36031E+04    3.25070E+02    2.70115E+03    4.97290E-02   -2.14836E-01    5.97858E-02    2.88728E+00    4.77805E+00    4.69833E+00
    7.51590E+02    1.39504E+04    3.47286E+02    2.73213E+03    5.19153E-02   -2.19896E-01    5.96755E-02    2.94992E+00    4.90709E+00    4.77805E+00
    7.60540E+02    1.42047E+04    2.54354E+02    2.79515E+03    3.71557E-02   -1.92003E-01    1.70485E-02    2.63949E+00    4.36771E+00    3.17363E+00
    7.69592E+02    1.45004E+04    2.95638E+02    2.82719E+03    4.22015E-02   -1.99372E-01    4.95219E-02    2.79861E+00    4.61344E+00    4.36771E+00
    7.78746E+02    1.48163E+04    3.15935E+02    2.85960E+03    4.40707E-02   -2.02671E-01    5.47291E-02    2.85976E+00    4.72546E+00    4.61344E+00
    7.88004E+02    1.51460E+04    3.29636E+02    2.89237E+03    4.49340E-02   -2.04348E-01    5.63565E-02    2.89923E+00    4.80162E+00    4.72546E+00
    7.97366E+02    1.54869E+04    3.40964E+02    2.92551E+03    4.54192E-02   -2.05332E-01    5.70796E-02    2.93106E+00    4.86422E+00    4.80162E+00
    8.06834E+02    1.58382E+04    3.51279E+02    2.95902E+03    4.57275E-02   -2.05972E-01    5.74724E-02    2.95950E+00    4.92059E+00    4.86422E+00
    8.16409E+02    1.61993E+04    3.61141E+02    2.99292E+03    4.59407E-02   -2.06421E-01    5.77140E-02    2.98625E+00    4.97384E+00    4.92059E+00
    8.26092E+02    1.65702E+04    3.70827E+02    3.02720E+03    4.60989E-02   -2.06759E-01    5.78761E-02    3.01214E+00    5.02548E+00    4.97384E+00
    8.35885E+02    1.69507E+04    3.80496E+02    3.06186E+03    4.62245E-02   -2.07030E-01    5.79921E-02    3.03764E+00    5.07639E+00    5.02548E+00
    8.45788E+02    1.73409E+04    3.90257E+02    3.09692E+03    4.63316E-02   -2.07264E-01    5.80801E-02    3.06304E+00    5.12716E+00    5.07639E+00
    8.55803E+02    1.77411E+04    4.00197E+02    3.13237E+03    4.64311E-02   -2.07484E-01    5.81508E-02    3.08858E+00    5.17824E+00    5.12716E+00
    8.65932E+02    1.81515E+04    4.10404E+02    3.16823E+03    4.65325E-02   -2.07711E-01    5.82114E-02    3.11447E+00    5.23006E+00    5.17824E+00
    8.76174E+02    1.85725E+04    4.20981E+02    3.20448E+03    4.66466E-02   -2.07970E-01    5.82673E-02    3.14097E+00    5.28313E+00    5.23006E+00
    8.86533E+02    1.90046E+04    4.32071E+02    3.24115E+03    4.67874E-02   -2.08293E-01    5.83230E-02    3.16842E+00    5.33814E+00    5.28313E+00
    8.97009E+02    1.94485E+04    4.43906E+02    3.27824E+03    4.69768E-02   -2.08730E-01    5.83828E-02    3.19734E+00    5.39619E+00    5.33814E+00
    9.07603E+02    1.99054E+04    4.56906E+02    3.31574E+03    4.72541E-02   -2.09375E-01    5.84502E-02    3.22870E+00    5.45926E+00    5.39619E+00
    9.18316E+02    2.03773E+04    4.71954E+02    3.35366E+03    4.77019E-02   -2.10421E-01    5.85241E-02    3.26450E+00    5.53155E+00    5.45926E+00
    9.29151E+02    2.08687E+04    4.91334E+02    3.39202E+03    4.85332E-02   -2.12372E-01    5.85790E-02    3.30990E+00    5.62382E+00    5.53155E+00
    9.40108E+02    2.13922E+04    5.23512E+02    3.43080E+03    5.05379E-02   -2.17085E-01    5.84103E-02    3.38354E+00    5.77555E+00    5.62382E+00
    9.51189E+02    2.17750E+04    3.82782E+02    3.50970E+03    3.61138E-02   -1.89315E-01    1.65367E-02    3.00306E+00    5.11264E+00    3.65172E+00
    9.62395E+02    2.22187E+04    4.43733E+02    3.54982E+03    4.09144E-02   -1.96406E-01    4.83633E-02    3.19412E+00    5.40745E+00    5.11264E+00
    9.73728E+02    2.26917E+04    4.73027E+02    3.59039E+03    4.26262E-02   -1.99441E-01    5.33799E-02    3.26599E+00    5.53892E+00    5.40745E+00
    9.85189E+02    2.31841E+04    4.92375E+02    3.63142E+03    4.33636E-02   -2.00871E-01    5.49028E-02    3.31148E+00    5.62657E+00    5.53892E+00
    9.96779E+02    2.36922E+04    5.08098E+02    3.67291E+03    4.37337E-02   -2.01615E-01    5.55457E-02    3.34758E+00    5.69750E+00    5.62657E+00
    1.00850E+03    2.42144E+04    5.22218E+02    3.71487E+03    4.39302E-02   -2.02013E-01    5.58666E-02    3.37944E+00    5.76061E+00    5.69750E+00
    1.02035E+03    2.47500E+04    5.35558E+02    3.75731E+03    4.40315E-02   -2.02216E-01    5.60396E-02    3.40910E+00    5.81959E+00    5.76061E+00
    1.03234E+03    2.52985E+04    5.48517E+02    3.80022E+03    4.40752E-02   -2.02297E-01    5.61335E-02    3.43752E+00    5.87625E+00    5.81959E+00
    1.04447E+03    2.58598E+04    5.61311E+02    3.84362E+03    4.40817E-02   -2.02300E-01    5.61805E-02    3.46524E+00    5.93155E+00    5.87625E+00
    1.05673E+03    2.64339E+04    5.74074E+02    3.88751E+03    4.40630E-02   -2.02249E-01    5.61977E-02    3.49256E+00    5.98611E+00    5.93155E+00
    1.06912E+03    2.70208E+04    5.86896E+02    3.93190E+03    4.40272E-02   -2.02162E-01    5.61947E-02    3.51969E+00    6.04033E+00    5.98611E+00
    1.08166E+03    2.76206E+04    5.99845E+02    3.97679E+03    4.39800E-02   -2.02050E-01    5.61777E-02    3.54679E+00    6.09450E+00    6.04033E+00
    1.09434E+03    2.82336E+04    6.12983E+02    4.02218E+03    4.39261E-02   -2.01924E-01    5.61510E-02    3.57398E+00    6.14887E+00    6.09450E+00
    1.10717E+03    2.88600E+04    6.26370E+02    4.06809E+03    4.38698E-02   -2.01793E-01    5.61177E-02    3.60138E+00    6.20369E+00    6.14887E+00
    1.12014E+03    2.95000E+04    6.40075E+02    4.11452E+03    4.38155E-02   -2.01669E-01    5.60801E-02    3.62914E+00    6.25923E+00    6.20369E+00
    1.13325E+03    3.01542E+04    6.54189E+02    4.16147E+03    4.37688E-02   -2.01564E-01    5.60408E-02    3.65742E+00    6.31585E+00    6.25923E+00
    1.14652E+03    3.08231E+04    6.68840E+02    4.20895E+03    4.37371E-02   -2.01497E-01    5.60019E-02    3.68646E+00    6.37403E+00    6.31585E+00
    1.15993E+03    3.15073E+04    6.84227E+02    4.25697E+03    4.37317E-02   -2.01493E-01    5.59659E-02    3.71663E+00    6.43453E+00    6.37403E+00
    1.17349E+03    3.22080E+04    7.00686E+02    4.30553E+03    4.37714E-02   -2.01600E-01    5.59355E-02    3.74856E+00    6.49863E+00    6.43453E+00
    1.18721E+03    3.29268E+04    7.18845E+02    4.35464E+03    4.38910E-02   -2.01903E-01    5.59132E-02    3.78339E+00    6.56870E+00    6.49863E+00
    1.20109E+03    3.36669E+04    7.40044E+02    4.40431E+03    4.41643E-02   -2.02583E-01    5.58974E-02    3.82357E+00    6.64984E+00    6.56870E+00
    1.21512E+03    3.44346E+04    7.67769E+02    4.45454E+03    4.47838E-02   -2.04115E-01    5.58635E-02    3.87537E+00    6.75520E+00    6.64984E+00
    1.22930E+03    3.52496E+04    8.14972E+02    4.50533E+03    4.64634E-02   -2.08255E-01    5.56193E-02    3.96164E+00    6.93308E+00    6.75520E+00
    1.24365E+03    3.58431E+04    5.93485E+02    4.60865E+03    3.30719E-02   -1.81186E-01    1.56052E-02    3.48472E+00    6.09915E+00    4.28633E+00
    1.25816E+03    3.65285E+04    6.85444E+02    4.66118E+03    3.73338E-02   -1.87695E-01    4.58741E-02    3.71606E+00    6.45501E+00    6.09915E+00
    1.27284E+03    3.72566E+04    7.28036E+02    4.71431E+03    3.87586E-02   -1.90275E-01    5.05374E-02    3.80001E+00    6.60798E+00    6.45501E+00
    1.28768E+03    3.80117E+04    7.55101E+02    4.76804E+03    3.92921E-02   -1.91311E-01    5.18877E-02    3.85124E+00    6.70640E+00    6.60798E+00
    1.30269E+03    3.87881E+04    7.76402E+02    4.82238E+03    3.94888E-02   -1.91683E-01    5.24052E-02    3.89070E+00    6.78375E+00    6.70640E+00
    1.31787E+03    3.95831E+04    7.95048E+02    4.87733E+03    3.95249E-02   -1.91719E-01    5.26173E-02    3.92470E+00    6.85100E+00    6.78375E+00
    1.33322E+03    4.03954E+04    8.12298E+02    4.93290E+03    3.94714E-02   -1.91560E-01    5.26881E-02    3.95575E+00    6.91266E+00    6.85100E+00
    1.34874E+03    4.12242E+04    8.28747E+02    4.98910E+03    3.93624E-02   -1.91277E-01    5.26824E-02    3.98502E+00    6.97092E+00    6.91266E+00
    1.36444E+03    4.20689E+04    8.44712E+02    5.04593E+03    3.92160E-02   -1.90908E-01    5.26303E-02    4.01312E+00    7.02694E+00    6.97092E+00
    1.38031E+03    4.29293E+04    8.60376E+02    5.10341E+03    3.90426E-02   -1.90477E-01    5.25476E-02    4.04042E+00    7.08139E+00    7.02694E+00
    1.39637E+03    4.38051E+04    8.75850E+02    5.16154E+03    3.88488E-02   -1.89996E-01    5.24433E-02    4.06712E+00    7.13471E+00    7.08139E+00
    1.41261E+03    4.46963E+04    8.91206E+02    5.22032E+03    3.86390E-02   -1.89476E-01    5.23227E-02    4.09338E+00    7.18715E+00    7.13471E+00
    1.42903E+03    4.56028E+04    9.06493E+02    5.27977E+03    3.84160E-02   -1.88924E-01    5.21894E-02    4.11929E+00    7.23889E+00    7.18715E+00
    1.44563E+03    4.65246E+04    9.21744E+02    5.33989E+03    3.81822E-02   -1.88344E-01    5.20457E-02    4.14491E+00    7.29008E+00    7.23889E+00
    1.46243E+03    4.74615E+04    9.36982E+02    5.40068E+03    3.79390E-02   -1.87739E-01    5.18933E-02    4.17030E+00    7.34079E+00    7.29008E+00
    1.47941E+03    4.84138E+04    9.52227E+02    5.46217E+03    3.76878E-02   -1.87113E-01    5.17335E-02    4.19548E+00    7.39111E+00    7.34079E+00
    1.49658E+03    4.93813E+04    9.67492E+02    5.52435E+03    3.74296E-02   -1.86468E-01    5.15670E-02    4.22049E+00    7.44109E+00    7.39111E+00
    1.51395E+03    5.03640E+04    9.82792E+02    5.58723E+03    3.71653E-02   -1.85806E-01    5.13947E-02    4.24535E+00    7.49078E+00    7.44109E+00
    1.53152E+03    5.13622E+04    9.98139E+02    5.65083E+03    3.68958E-02   -1.85129E-01    5.12171E-02    4.27010E+00    7.54023E+00    7.49078E+00
    1.54928E+03    5.23757E+04    1.01355E+03    5.71514E+03    3.66221E-02   -1.84438E-01    5.10348E-02    4.29475E+00    7.58950E+00    7.54023E+00
    1.56725E+03    5.34048E+04    1.02904E+03    5.78018E+03    3.63449E-02   -1.83737E-01    5.08484E-02    4.31934E+00    7.63866E+00    7.58950E+00
    1.58541E+03    5.44494E+04    1.04464E+03    5.84595E+03    3.60655E-02   -1.83028E-01    5.06582E-02    4.34391E+00    7.68778E+00    7.63866E+00
    1.60379E+03    5.55098E+04    1.06038E+03    5.91247E+03    3.57852E-02   -1.82314E-01    5.04649E-02    4.36851E+00    7.73698E+00    7.68778E+00
    1.62237E+03    5.65861E+04    1.07631E+03    5.97974E+03    3.55056E-02   -1.81600E-01    5.02691E-02    4.39323E+00    7.78642E+00    7.73698E+00
    1.64116E+03    5.76786E+04    1.09250E+03    6.04777E+03    3.52290E-02   -1.80892E-01    5.00715E-02    4.41818E+00    7.83633E+00    7.78642E+00
    1.66016E+03    5.87877E+04    1.10907E+03    6.11656E+03    3.49589E-02   -1.80199E-01    4.98732E-02    4.44351E+00    7.88704E+00    7.83633E+00
    1.67938E+03    5.99139E+04    1.12619E+03    6.18614E+03    3.47001E-02   -1.79534E-01    4.96754E-02    4.46950E+00    7.93909E+00    7.88704E+00
    1.69881E+03    6.10580E+04    1.14414E+03    6.25650E+03    3.44605E-02   -1.78920E-01    4.94795E-02    4.49656E+00    7.99335E+00    7.93909E+00
    1.71847E+03    6.22214E+04    1.16343E+03    6.32766E+03    3.42537E-02   -1.78394E-01    4.92875E-02    4.52543E+00    8.05135E+00    7.99335E+00
    1.73834E+03    6.34065E+04    1.18503E+03    6.39962E+03    3.41052E-02   -1.78029E-01    4.91010E-02    4.55751E+00    8.11597E+00    8.05135E+00
    1.75845E+03    6.46175E+04    1.21100E+03    6.47239E+03    3.40694E-02   -1.77979E-01    4.89183E-02    4.59580E+00    8.19345E+00    8.11597E+00
    1.77877E+03    6.58643E+04    1.24681E+03    6.54598E+03    3.42885E-02   -1.78648E-01    4.87185E-02    4.64804E+00    8.30003E+00    8.19345E+00
    1.79933E+03    6.71770E+04    1.31276E+03    6.62041E+03    3.52910E-02   -1.81533E-01    4.83380E-02    4.74256E+00    8.49548E+00    8.30003E+00
    1.82012E+03    6.81207E+04    9.43609E+02    6.77180E+03    2.47970E-02   -1.56896E-01    1.34389E-02    4.12096E+00    7.40119E+00    5.13248E+00
    1.84115E+03    6.92022E+04    1.08152E+03    6.84878E+03    2.77828E-02   -1.61943E-01    3.94616E-02    4.39741E+00    7.82141E+00    7.40119E+00
    1.86241E+03    7.03418E+04    1.13958E+03    6.92663E+03    2.86165E-02   -1.63530E-01    4.32965E-02    4.48848E+00    7.98510E+00    7.82141E+00
    1.88391E+03    7.15141E+04    1.17237E+03    7.00536E+03    2.87787E-02   -1.63762E-01    4.42786E-02    4.53805E+00    8.07922E+00    7.98510E+00
    1.90566E+03    7.27096E+04    1.19547E+03    7.08497E+03    2.86868E-02   -1.63410E-01    4.45437E-02    4.57235E+00    8.14582E+00    8.07922E+00
    1.92765E+03    7.39234E+04    1.21383E+03    7.16549E+03    2.84733E-02   -1.62755E-01    4.45446E-02    4.59925E+00    8.19861E+00    8.14582E+00
    1.94989E+03    7.51528E+04    1.22942E+03    7.24692E+03    2.81916E-02   -1.61921E-01    4.44217E-02    4.62187E+00    8.24325E+00    8.19861E+00
    1.97238E+03    7.63960E+04    1.24318E+03    7.32927E+03    2.78671E-02   -1.60968E-01    4.42305E-02    4.64165E+00    8.28242E+00    8.24325E+00
    1.99513E+03    7.76516E+04    1.25559E+03    7.41255E+03    2.75136E-02   -1.59931E-01    4.39969E-02    4.65936E+00    8.31753E+00    8.28242E+00
    2.01813E+03    7.89186E+04    1.26693E+03    7.49677E+03    2.71389E-02   -1.58828E-01    4.37341E-02    4.67542E+00    8.34941E+00    8.31753E+00
    2.04139E+03    8.01959E+04    1.27735E+03    7.58194E+03    2.67480E-02   -1.57671E-01    4.34499E-02    4.69008E+00    8.37852E+00    8.34941E+00
    2.06492E+03    8.14828E+04    1.28694E+03    7.66807E+03    2.63441E-02   -1.56468E-01    4.31488E-02    4.70349E+00    8.40516E+00    8.37852E+00
    2.08871E+03    8.27786E+04    1.29576E+03    7.75518E+03    2.59295E-02   -1.55225E-01    4.28336E-02    4.71574E+00    8.42950E+00    8.40516E+00
    2.11277E+03    8.40824E+04    1.30384E+03    7.84327E+03    2.55058E-02   -1.53945E-01    4.25064E-02    4.72689E+00    8.45164E+00    8.42950E+00
    2.13710E+03    8.53936E+04    1.31118E+03    7.93236E+03    2.50741E-02   -1.52630E-01    4.21684E-02    4.73697E+00    8.47164E+00    8.45164E+00
    2.16171E+03    8.67114E+04    1.31780E+03    8.02245E+03    2.46354E-02   -1.51283E-01    4.18206E-02    4.74599E+00    8.48952E+00    8.47164E+00
    2.18659E+03    8.80351E+04    1.32368E+03    8.11356E+03    2.41904E-02   -1.49904E-01    4.14634E-02    4.75394E+00    8.50527E+00    8.48952E+00
    2.21176E+03    8.93639E+04    1.32882E+03    8.20570E+03    2.37397E-02   -1.48495E-01    4.10975E-02    4.76081E+00    8.51887E+00    8.50527E+00
    2.23721E+03    9.06971E+04    1.33319E+03    8.29888E+03    2.32837E-02   -1.47056E-01    4.07231E-02    4.76660E+00    8.53029E+00    8.51887E+00
    2.26295E+03    9.20339E+04    1.33677E+03    8.39312E+03    2.28229E-02   -1.45587E-01    4.03405E-02    4.77127E+00    8.53948E+00    8.53029E+00
    2.28898E+03    9.33734E+04    1.33955E+03    8.48842E+03    2.23576E-02   -1.44089E-01    3.99498E-02    4.77480E+00    8.54638E+00    8.53948E+00
    2.31530E+03    9.47149E+04    1.34149E+03    8.58480E+03    2.18881E-02   -1.42562E-01    3.95511E-02    4.77716E+00    8.55093E+00    8.54638E+00
    2.34192E+03    9.60575E+04    1.34258E+03    8.68226E+03    2.14148E-02   -1.41006E-01    3.91444E-02    4.77831E+00    8.55306E+00    8.55093E+00
    2.36884E+03    9.74003E+04    1.34277E+03    8.78083E+03    2.09380E-02   -1.39420E-01    3.87299E-02    4.77821E+00    8.55269E+00    8.55306E+00
    2.39607E+03    9.87423E+04    1.34205E+03    8.88051E+03    2.04578E-02   -1.37805E-01    3.83075E-02    4.77683E+00    8.54976E+00    8.55269E+00
    2.42360E+03    1.00083E+05    1.34039E+03    8.98132E+03    1.99746E-02   -1.36161E-01    3.78771E-02    4.77412E+00    8.54416E+00    8.54976E+00
    2.45145E+03    1.01420E+05    1.33775E+03    9.08326E+03    1.94885E-02   -1.34487E-01    3.74389E-02    4.77004E+00    8.53581E+00    8.54416E+00
    2.47961E+03    1.02755E+05    1.33410E+03    9.18636E+03    1.89999E-02   -1.32784E-01    3.69926E-02    4.76454E+00    8.52461E+00    8.53581E+00
    2.50808E+03    1.04084E+05    1.32941E+03    9.29063E+03    1.85091E-02   -1.31050E-01    3.65383E-02    4.75757E+00    8.51048E+00    8.52461E+00
    2.53688E+03    1.05408E+05    1.32365E+03    9.39607E+03    1.80161E-02   -1.29285E-01    3.60758E-02    4.74908E+00    8.49329E+00    8.51048E+00
    2.56601E+03    1.06724E+05    1.31680E+03    9.50270E+03    1.75214E-02   -1.27490E-01    3.56052E-02    4.73901E+00    8.47296E+00    8.49329E+00
    2.59546E+03    1.08033E+05    1.30881E+03    9.61054E+03    1.70251E-02   -1.25663E-01    3.51263E-02    4.72732E+00    8.44936E+00    8.47296E+00
    2.62525E+03    1.09333E+05    1.29967E+03    9.71960E+03    1.65276E-02   -1.23805E-01    3.46390E-02    4.71394E+00    8.42238E+00    8.44936E+00
    2.65537E+03    1.10622E+05    1.28933E+03    9.82989E+03    1.60291E-02   -1.21915E-01    3.41433E-02    4.69882E+00    8.39191E+00    8.42238E+00
    2.68583E+03    1.11900E+05    1.27778E+03    9.94142E+03    1.55298E-02   -1.19993E-01    3.36390E-02    4.68190E+00    8.35782E+00    8.39191E+00
    2.71664E+03    1.13165E+05    1.26499E+03    1.00542E+04    1.50302E-02   -1.18037E-01    3.31259E-02    4.66310E+00    8.31999E+00    8.35782E+00
    2.74780E+03    1.14416E+05    1.25094E+03    1.01683E+04    1.45304E-02   -1.16049E-01    3.26042E-02    4.64238E+00    8.27830E+00    8.31999E+00
    2.77931E+03    1.15652E+05    1.23559E+03    1.02836E+04    1.40309E-02   -1.14027E-01    3.20735E-02    4.61966E+00    8.23260E+00    8.27830E+00
    2.81117E+03    1.16870E+05    1.21894E+03    1.04003E+04    1.35320E-02   -1.11971E-01    3.15338E-02    4.59488E+00    8.18278E+00    8.23260E+00
    2.84339E+03    1.18071E+05    1.20096E+03    1.05183E+04    1.30341E-02   -1.09882E-01    3.09850E-02    4.56798E+00    8.12870E+00    8.18278E+00
    2.87598E+03    1.19253E+05    1.18165E+03    1.06376E+04    1.25375E-02   -1.07758E-01    3.04269E-02    4.53889E+00    8.07024E+00    8.12870E+00
    2.90894E+03    1.20414E+05    1.16101E+03    1.07583E+04    1.20428E-02   -1.05599E-01    2.98596E-02    4.50755E+00    8.00727E+00    8.07024E+00
    2.94227E+03    1.21553E+05    1.13903E+03    1.08803E+04    1.15505E-02   -1.03407E-01    2.92830E-02    4.47391E+00    7.93970E+00    8.00727E+00
    2.97597E+03    1.22669E+05    1.11574E+03    1.10037E+04    1.10612E-02   -1.01181E-01    2.86969E-02    4.43793E+00    7.86744E+00    7.93970E+00
    3.01006E+03    1.23760E+05    1.09116E+03    1.11285E+04    1.05755E-02   -9.89233E-02    2.81014E-02    4.39958E+00    7.79045E+00    7.86744E+00
    3.04453E+03    1.24825E+05    1.06536E+03    1.12547E+04    1.00945E-02   -9.66354E-02    2.74966E-02    4.35888E+00    7.70876E+00    7.79045E+00
    3.07939E+03    1.25864E+05    1.03843E+03    1.13823E+04    9.61925E-03   -9.43216E-02    2.68827E-02    4.31590E+00    7.62252E+00    7.70876E+00
    3.11465E+03    1.26874E+05    1.01055E+03    1.15114E+04    9.15159E-03   -9.19892E-02    2.62598E-02    4.27083E+00    7.53211E+00    7.62252E+00
    3.15030E+03    1.27856E+05    9.82009E+02    1.16420E+04    8.69423E-03   -8.96517E-02    2.56283E-02    4.22406E+00    7.43839E+00    7.53211E+00
    3.18635E+03    1.28810E+05    9.53385E+02    1.17740E+04    8.25205E-03   -8.73363E-02    2.49884E-02    4.17649E+00    7.34319E+00    7.43839E+00
    3.22282E+03    1.29736E+05    9.25912E+02    1.19075E+04    7.83505E-03   -8.51038E-02    2.43389E-02    4.13016E+00    7.25079E+00    7.34319E+00
    3.25969E+03    1.30638E+05    9.02829E+02    1.20425E+04    7.46889E-03   -8.31180E-02    2.36704E-02    4.09070E+00    7.17295E+00    7.25079E+00
    3.29699E+03    1.31535E+05    8.96234E+02    1.21790E+04    7.24856E-03   -8.19969E-02    2.29143E-02    4.07923E+00    7.15427E+00    7.17295E+00
    3.33470E+03    1.32103E+05    5.68230E+02    1.24567E+04    4.49298E-03   -6.67318E-02    6.31253E-03    3.41666E+00    5.94750E+00    4.28830E+00
    3.37284E+03    1.32716E+05    6.13103E+02    1.25980E+04    4.73942E-03   -6.66647E-02    1.71823E-02    3.54814E+00    6.10501E+00    5.94750E+00
    3.41141E+03    1.33319E+05    6.02719E+02    1.27408E+04    4.55500E-03   -6.49741E-02    1.82585E-02    3.52657E+00    6.04675E+00    6.10501E+00
    3.45042E+03    1.33894E+05    5.74773E+02    1.28852E+04    4.24671E-03   -6.26131E-02    1.80638E-02    3.46697E+00    5.92303E+00    6.04675E+00
    3.48986E+03    1.34433E+05    5.39685E+02    1.30313E+04    3.89834E-03   -5.99232E-02    1.75369E-02    3.39019E+00    5.76729E+00    5.92303E+00
    3.52976E+03    1.34934E+05    5.00844E+02    1.31790E+04    3.53692E-03   -5.70272E-02    1.68765E-02    3.30229E+00    5.59007E+00    5.76729E+00
    3.57010E+03    1.35394E+05    4.59715E+02    1.33284E+04    3.17392E-03   -5.39750E-02    1.61438E-02    3.20546E+00    5.39526E+00    5.59007E+00
    3.61090E+03    1.35811E+05    4.17098E+02    1.34794E+04    2.81533E-03   -5.07871E-02    1.53622E-02    3.10045E+00    5.18421E+00    5.39526E+00
    3.65216E+03    1.36184E+05    3.73524E+02    1.36322E+04    2.46488E-03   -4.74701E-02    1.45419E-02    2.98739E+00    4.95706E+00    5.18421E+00
    3.69389E+03    1.36514E+05    3.29420E+02    1.37867E+04    2.12527E-03   -4.40220E-02    1.36871E-02    2.86601E+00    4.71325E+00    4.95706E+00
    3.73609E+03    1.36799E+05    2.85179E+02    1.39430E+04    1.79874E-03   -4.04342E-02    1.27991E-02    2.73577E+00    4.45163E+00    4.71325E+00
    3.77876E+03    1.37040E+05    2.41204E+02    1.41010E+04    1.48738E-03   -3.66920E-02    1.18774E-02    2.59580E+00    4.17046E+00    4.45163E+00
    3.82192E+03    1.37238E+05    1.97938E+02    1.42608E+04    1.19332E-03   -3.27729E-02    1.09202E-02    2.44492E+00    3.86727E+00    4.17046E+00
    3.86557E+03    1.37394E+05    1.55905E+02    1.44224E+04    9.18913E-04   -2.86430E-02    9.92438E-03    2.28137E+00    3.53852E+00    3.86727E+00
    3.90971E+03    1.37510E+05    1.15750E+02    1.45858E+04    6.67000E-04   -2.42496E-02    8.88562E-03    2.10257E+00    3.17893E+00    3.53852E+00
    3.95434E+03    1.37588E+05    7.83287E+01    1.47511E+04    4.41280E-04   -1.95053E-02    7.79888E-03    1.90436E+00    2.77991E+00    3.17893E+00
    3.99949E+03    1.37633E+05    4.48856E+01    1.49182E+04    2.47224E-04   -1.42428E-02    6.66082E-03    1.67903E+00    2.32559E+00    2.77991E+00
    4.04514E+03    1.37651E+05    1.76234E+01    1.50873E+04    9.48995E-05   -8.04865E-03    5.48805E-03    1.40829E+00    1.77779E+00    2.32559E+00
    4.09131E+03    1.37670E+05    1.93366E+01    1.50873E+04    1.01800E-04   -7.30187E-03    6.96293E-03    1.77779E+00    2.11680E+00    2.94161E+00
    4.13799E+03    1.37693E+05    2.26034E+01    1.50873E+04    1.16341E-04   -6.70123E-03    8.45189E-03    2.11680E+00    2.43143E+00    3.52949E+00
    4.18521E+03    1.37720E+05    2.72705E+01    1.50873E+04    1.37228E-04   -6.20945E-03    9.93332E-03    2.43143E+00    2.72627E+00    4.09174E+00
    4.23296E+03    1.37753E+05    3.32277E+01    1.50873E+04    1.63472E-04   -5.79987E-03    1.13944E-02    2.72627E+00    3.00477E+00    4.63080E+00
    4.28125E+03    1.37793E+05    4.03956E+01    1.50873E+04    1.94299E-04   -5.45323E-03    1.28281E-02    3.00477E+00    3.26959E+00    5.14893E+00
    4.33009E+03    1.37842E+05    4.87179E+01    1.50873E+04    2.29097E-04   -5.15549E-03    1.42309E-02    3.26959E+00    3.52278E+00    5.64821E+00
    4.37948E+03    1.37900E+05    5.81560E+01    1.50873E+04    2.67375E-04   -4.89631E-03    1.56013E-02    3.52278E+00    3.76596E+00    6.13046E+00
    4.42942E+03    1.37969E+05    6.86857E+01    1.50873E+04    3.08736E-04   -4.66798E-03    1.69395E-02    3.76596E+00    4.00041E+00    6.59730E+00
    4.47993E+03    1.38049E+05    8.02939E+01    1.50873E+04    3.52857E-04   -4.46467E-03    1.82462E-02    4.00041E+00    4.22719E+00    7.05017E+00
    4.53101E+03    1.38142E+05    9.29770E+01    1.50873E+04    3.99473E-04   -4.28196E-03    1.95228E-02    4.22719E+00    4.44715E+00    7.49032E+00
    4.58267E+03    1.38249E+05    1.06739E+02    1.50873E+04    4.48364E-04   -4.11639E-03    2.07706E-02    4.44715E+00    4.66099E+00    7.91885E+00
    4.63491E+03    1.38371E+05    1.21589E+02    1.50873E+04    4.99346E-04   -3.96530E-03    2.19914E-02    4.66099E+00    4.86931E+00    8.33674E+00
    4.68775E+03    1.38508E+05    1.37544E+02    1.50873E+04    5.52263E-04   -3.82655E-03    2.31866E-02    4.86931E+00    5.07261E+00    8.74484E+00
    4.74118E+03    1.38663E+05    1.54623E+02    1.50873E+04    6.06983E-04   -3.69844E-03    2.43579E-02    5.07261E+00    5.27132E+00    9.14390E+00
    4.79521E+03    1.38836E+05    1.72851E+02    1.50873E+04    6.63394E-04   -3.57958E-03    2.55065E-02    5.27132E+00    5.46582E+00    9.53460E+00
    4.84985E+03    1.39028E+05    1.92254E+02    1.50873E+04    7.21396E-04   -3.46885E-03    2.66339E-02    5.46582E+00    5.65644E+00    9.91754E+00
    4.90511E+03    1.39241E+05    2.12863E+02    1.50873E+04    7.80905E-04   -3.36530E-03    2.77413E-02    5.65644E+00    5.84345E+00    1.02933E+01
    4.96100E+03    1.39475E+05    2.34712E+02    1.50873E+04    8.41846E-04   -3.26816E-03    2.88299E-02    5.84345E+00    6.02712E+00    1.06622E+01
    5.01752E+03    1.39733E+05    2.57836E+02    1.50873E+04    9.04155E-04   -3.17677E-03    2.99009E-02    6.02712E+00    6.20767E+00    1.10249E+01
    5.07467E+03    1.40016E+05    2.82276E+02    1.50873E+04    9.67773E-04   -3.09056E-03    3.09551E-02    6.20767E+00    6.38531E+00    1.13817E+01
    5.13247E+03    1.40324E+05    3.08072E+02    1.50873E+04    1.03265E-03   -3.00906E-03    3.19937E-02    6.38531E+00    6.56022E+00    1.17329E+01
    5.19093E+03    1.40659E+05    3.35268E+02    1.50873E+04    1.09874E-03   -2.93184E-03    3.30173E-02    6.56022E+00    6.73256E+00    1.20789E+01
    5.25004E+03    1.41023E+05    3.63911E+02    1.50873E+04    1.16600E-03   -2.85856E-03    3.40269E-02    6.73256E+00    6.90249E+00    1.24200E+01
    5.30983E+03    1.41417E+05    3.94049E+02    1.50873E+04    1.23440E-03   -2.78889E-03    3.50232E-02    6.90249E+00    7.07016E+00    1.27564E+01
    5.37028E+03    1.41843E+05    4.25734E+02    1.50873E+04    1.30391E-03   -2.72256E-03    3.60070E-02    7.07016E+00    7.23568E+00    1.30885E+01
    5.43143E+03    1.42302E+05    4.59020E+02    1.50873E+04    1.37450E-03   -2.65933E-03    3.69788E-02    7.23568E+00    7.39919E+00    1.34165E+01
    5.49326E+03    1.42796E+05    4.93963E+02    1.50873E+04    1.44614E-03   -2.59898E-03    3.79393E-02    7.39919E+00    7.56080E+00    1.37406E+01
    5.55579E+03    1.43326E+05    5.30621E+02    1.50873E+04    1.51882E-03   -2.54131E-03    3.88891E-02    7.56080E+00    7.72061E+00    1.40609E+01
    5.61903E+03    1.43895E+05    5.69058E+02    1.50873E+04    1.59251E-03   -2.48616E-03    3.98287E-02    7.72061E+00    7.87871E+00    1.43778E+01
    5.68298E+03    1.44505E+05    6.09336E+02    1.50873E+04    1.66720E-03   -2.43337E-03    4.07588E-02    7.87871E+00    8.03520E+00    1.46913E+01
    5.74766E+03    1.45156E+05    6.51524E+02    1.50873E+04    1.74288E-03   -2.38280E-03    4.16797E-02    8.03520E+00    8.19018E+00    1.50018E+01
    5.81306E+03    1.45852E+05    6.95692E+02    1.50873E+04    1.81953E-03   -2.33432E-03    4.25920E-02    8.19018E+00    8.34372E+00    1.53092E+01
    5.87921E+03    1.46594E+05    7.41913E+02    1.50873E+04    1.89715E-03   -2.28782E-03    4.34961E-02    8.34372E+00    8.49589E+00    1.56139E+01
    5.94610E+03    1.47384E+05    7.90264E+02    1.50873E+04    1.97573E-03   -2.24319E-03    4.43925E-02    8.49589E+00    8.64679E+00    1.59159E+01
    6.01375E+03    1.48225E+05    8.40824E+02    1.50873E+04    2.05526E-03   -2.20033E-03    4.52816E-02    8.64679E+00    8.79648E+00    1.62154E+01
    6.08216E+03    1.49119E+05    8.93678E+02    1.50873E+04    2.13575E-03   -2.15916E-03    4.61637E-02    8.79648E+00    8.94502E+00    1.65125E+01
    6.15135E+03    1.50067E+05    9.48911E+02    1.50873E+04    2.21719E-03   -2.11961E-03    4.70393E-02    8.94502E+00    9.09249E+00    1.68074E+01
    6.22132E+03    1.51074E+05    1.00662E+03    1.50873E+04    2.29958E-03   -2.08158E-03    4.79087E-02    9.09249E+00    9.23896E+00    1.71002E+01
    6.29208E+03    1.52141E+05    1.06689E+03    1.50873E+04    2.38293E-03   -2.04502E-03    4.87724E-02    9.23896E+00    9.38447E+00    1.73910E+01
    6.36364E+03    1.53271E+05    1.12982E+03    1.50873E+04    2.46724E-03   -2.00986E-03    4.96306E-02    9.38447E+00    9.52910E+00    1.76800E+01
    6.43600E+03    1.54466E+05    1.19552E+03    1.50873E+04    2.55251E-03   -1.97604E-03    5.04838E-02    9.52910E+00    9.67290E+00    1.79672E+01
    6.50919E+03    1.55730E+05    1.26410E+03    1.50873E+04    2.63877E-03   -1.94350E-03    5.13321E-02    9.67290E+00    9.81594E+00    1.82528E+01
    6.58320E+03    1.57066E+05    1.33566E+03    1.50873E+04    2.72600E-03   -1.91221E-03    5.21761E-02    9.81594E+00    9.95826E+00    1.85369E+01
    6.65805E+03    1.58476E+05    1.41033E+03    1.50873E+04    2.81424E-03   -1.88210E-03    5.30160E-02    9.95826E+00    1.00999E+01    1.88196E+01
    6.73374E+03    1.59965E+05    1.48822E+03    1.50873E+04    2.90348E-03   -1.85314E-03    5.38521E-02    1.00999E+01    1.02410E+01    1.91010E+01
    6.81029E+03    1.61534E+05    1.56947E+03    1.50873E+04    2.99375E-03   -1.82528E-03    5.46847E-02    1.02410E+01    1.03815E+01    1.93813E+01
    6.88770E+03    1.63188E+05    1.65421E+03    1.50873E+04    3.08506E-03   -1.79848E-03    5.55142E-02    1.03815E+01    1.05215E+01    1.96604E+01
    6.96599E+03    1.64931E+05    1.74257E+03    1.50873E+04    3.17743E-03   -1.77272E-03    5.63408E-02    1.05215E+01    1.06611E+01    1.99386E+01
    7.04517E+03    1.66766E+05    1.83471E+03    1.50873E+04    3.27087E-03   -1.74794E-03    5.71648E-02    1.06611E+01    1.08002E+01    2.02159E+01
    7.12523E+03    1.68696E+05    1.93077E+03    1.50873E+04    3.36542E-03   -1.72413E-03    5.79866E-02    1.08002E+01    1.09391E+01    2.04924E+01
    7.20621E+03    1.70727E+05    2.03092E+03    1.50873E+04    3.46109E-03   -1.70124E-03    5.88064E-02    1.09391E+01    1.10776E+01    2.07683E+01
    7.28809E+03    1.72863E+05    2.13532E+03    1.50873E+04    3.55791E-03   -1.67926E-03    5.96246E-02    1.10776E+01    1.12159E+01    2.10435E+01
    7.37091E+03    1.75107E+05    2.24413E+03    1.50873E+04    3.65591E-03   -1.65814E-03    6.04414E-02    1.12159E+01    1.13540E+01    2.13183E+01
    7.45466E+03    1.77464E+05    2.35756E+03    1.50873E+04    3.75510E-03   -1.63788E-03    6.12570E-02    1.13540E+01    1.14919E+01    2.15928E+01
    7.53935E+03    1.79940E+05    2.47578E+03    1.50873E+04    3.85554E-03   -1.61844E-03    6.20719E-02    1.14919E+01    1.16297E+01    2.18669E+01
    7.62500E+03    1.82539E+05    2.59899E+03    1.50873E+04    3.95723E-03   -1.59980E-03    6.28862E-02    1.16297E+01    1.17675E+01    2.21409E+01
    7.71162E+03    1.85266E+05    2.72741E+03    1.50873E+04    4.06023E-03   -1.58194E-03    6.37003E-02    1.17675E+01    1.19053E+01    2.24147E+01
    7.79922E+03    1.88128E+05    2.86124E+03    1.50873E+04    4.16457E-03   -1.56484E-03    6.45145E-02    1.19053E+01    1.20432E+01    2.26886E+01
    7.88781E+03    1.91128E+05    3.00072E+03    1.50873E+04    4.27027E-03   -1.54848E-03    6.53290E-02    1.20432E+01    1.21811E+01    2.29626E+01
    7.97740E+03    1.94274E+05    3.14608E+03    1.50873E+04    4.37739E-03   -1.53283E-03    6.61441E-02    1.21811E+01    1.23192E+01    2.32368E+01
    8.06801E+03    1.97572E+05    3.29758E+03    1.50873E+04    4.48597E-03   -1.51788E-03    6.69602E-02    1.23192E+01    1.24575E+01    2.35113E+01
    8.15963E+03    2.01028E+05    3.45547E+03    1.50873E+04    4.59604E-03   -1.50362E-03    6.77774E-02    1.24575E+01    1.25961E+01    2.37862E+01
    8.25229E+03    2.04648E+05    3.62004E+03    1.50873E+04    4.70766E-03   -1.49003E-03    6.85962E-02    1.25961E+01    1.27349E+01    2.40616E+01
    8.34600E+03    2.08439E+05    3.79155E+03    1.50873E+04    4.82087E-03   -1.47709E-03    6.94168E-02    1.27349E+01    1.28741E+01    2.43376E+01
    8.44077E+03    2.12409E+05    3.97033E+03    1.50873E+04    4.93573E-03   -1.46479E-03    7.02395E-02    1.28741E+01    1.30137E+01    2.46143E+01
    8.53661E+03    2.16566E+05    4.15667E+03    1.50873E+04    5.05228E-03   -1.45311E-03    7.10646E-02    1.30137E+01    1.31537E+01    2.48918E+01
    8.63353E+03    2.20917E+05    4.35092E+03    1.50873E+04    5.17059E-03   -1.44204E-03    7.18923E-02    1.31537E+01    1.32943E+01    2.51702E+01
    8.73155E+03    2.25470E+05    4.55342E+03    1.50873E+04    5.29070E-03   -1.43157E-03    7.27231E-02    1.32943E+01    1.34354E+01    2.54496E+01
    8.83067E+03    2.30235E+05    4.76452E+03    1.50873E+04    5.41269E-03   -1.42169E-03    7.35572E-02    1.34354E+01    1.35771E+01    2.57301E+01
    8.93091E+03    2.35220E+05    4.98462E+03    1.50873E+04    5.53661E-03   -1.41238E-03    7.43950E-02    1.35771E+01    1.37195E+01    2.60119E+01
    9.03229E+03    2.40434E+05    5.21412E+03    1.50873E+04    5.66252E-03   -1.40363E-03    7.52366E-02    1.37195E+01    1.38626E+01    2.62949E+01
    9.13481E+03    2.45887E+05    5.45342E+03    1.50873E+04    5.79051E-03   -1.39544E-03    7.60826E-02    1.38626E+01    1.40065E+01    2.65794E+01
    9.23850E+03    2.51590E+05    5.70298E+03    1.50873E+04    5.92063E-03   -1.38780E-03    7.69331E-02    1.40065E+01    1.41512E+01    2.68654E+01
    9.34335E+03    2.57553E+05    5.96326E+03    1.50873E+04    6.05297E-03   -1.38069E-03    7.77886E-02    1.41512E+01    1.42967E+01    2.71531E+01
    9.44939E+03    2.63788E+05    6.23475E+03    1.50873E+04    6.18760E-03   -1.37411E-03    7.86493E-02    1.42967E+01    1.44433E+01    2.74426E+01
    9.55662E+03    2.70306E+05    6.51794E+03    1.50873E+04    6.32460E-03   -1.36805E-03    7.95156E-02    1.44433E+01    1.45908E+01    2.77339E+01
    9.66507E+03    2.77119E+05    6.81340E+03    1.50873E+04    6.46406E-03   -1.36251E-03    8.03879E-02    1.45908E+01    1.47394E+01    2.80272E+01
    9.77474E+03    2.84241E+05    7.12167E+03    1.50873E+04    6.60607E-03   -1.35747E-03    8.12664E-02    1.47394E+01    1.48891E+01    2.83227E+01
    9.88565E+03    2.91685E+05    7.44335E+03    1.50873E+04    6.75072E-03   -1.35293E-03    8.21516E-02    1.48891E+01    1.50400E+01    2.86203E+01
    9.99782E+03    2.99464E+05    7.77908E+03    1.50873E+04    6.89810E-03   -1.34888E-03    8.30439E-02    1.50400E+01    1.51922E+01    2.89204E+01
    1.01113E+04    3.07593E+05    8.12950E+03    1.50873E+04    7.04832E-03   -1.34533E-03    8.39435E-02    1.51922E+01    1.53456E+01    2.92229E+01
    1.02260E+04    3.16088E+05    8.49531E+03    1.50873E+04    7.20148E-03   -1.34226E-03    8.48509E-02    1.53456E+01    1.55005E+01    2.95280E+01
    1.03420E+04    3.24966E+05    8.87725E+03    1.50873E+04    7.35769E-03   -1.33967E-03    8.57665E-02    1.55005E+01    1.56567E+01    2.98359E+01
    1.04593E+04    3.34242E+05    9.27607E+03    1.50873E+04    7.51707E-03   -1.33756E-03    8.66907E-02    1.56567E+01    1.58146E+01    3.01467E+01
    1.05779E+04    3.43934E+05    9.69260E+03    1.50873E+04    7.67973E-03   -1.33592E-03    8.76239E-02    1.58146E+01    1.59739E+01    3.04604E+01
    1.06979E+04    3.54062E+05    1.01277E+04    1.50873E+04    7.84579E-03   -1.33476E-03    8.85664E-02    1.59739E+01    1.61350E+01    3.07774E+01
    1.08193E+04    3.64644E+05    1.05822E+04    1.50873E+04    8.01540E-03   -1.33407E-03    8.95188E-02    1.61350E+01    1.62978E+01    3.10976E+01
    1.09420E+04    3.75701E+05    1.10572E+04    1.50873E+04    8.18868E-03   -1.33385E-03    9.04815E-02    1.62978E+01    1.64624E+01    3.14213E+01
    1.10661E+04    3.87255E+05    1.15535E+04    1.50873E+04    8.36577E-03   -1.33410E-03    9.14549E-02    1.64624E+01    1.66289E+01    3.17486E+01
    1.11916E+04    3.99327E+05    1.20723E+04    1.50873E+04    8.54683E-03   -1.33481E-03    9.24394E-02    1.66289E+01    1.67974E+01    3.20797E+01
    1.13185E+04    4.11942E+05    1.26147E+04    1.50873E+04    8.73201E-03   -1.33600E-03    9.34357E-02    1.67974E+01    1.69679E+01    3.24147E+01
    1.14469E+04    4.25124E+05    1.31819E+04    1.50873E+04    8.92148E-03   -1.33766E-03    9.44441E-02    1.69679E+01    1.71405E+01    3.27537E+01
    1.15767E+04    4.38899E+05    1.37751E+04    1.50873E+04    9.11540E-03   -1.33979E-03    9.54652E-02    1.71405E+01    1.73154E+01    3.30971E+01
    1.17080E+04    4.53294E+05    1.43956E+04    1.50873E+04    9.31395E-03   -1.34239E-03    9.64995E-02    1.73154E+01    1.74926E+01    3.34448E+01
    1.18407E+04    4.68339E+05    1.50448E+04    1.50873E+04    9.51732E-03   -1.34547E-03    9.75475E-02    1.74926E+01    1.76723E+01    3.37972E+01
    1.19750E+04    4.84063E+05    1.57242E+04    1.50873E+04    9.72570E-03   -1.34902E-03    9.86097E-02    1.76723E+01    1.78544E+01    3.41544E+01
    1.21108E+04    5.00499E+05    1.64354E+04    1.50873E+04    9.93930E-03   -1.35306E-03    9.96869E-02    1.78544E+01    1.80391E+01    3.45166E+01
    1.22481E+04    5.17679E+05    1.71800E+04    1.50873E+04    1.01583E-02   -1.35759E-03    1.00779E-01    1.80391E+01    1.82266E+01    3.48839E+01
    1.23869E+04    5.35639E+05    1.79598E+04    1.50873E+04    1.03830E-02   -1.36261E-03    1.01888E-01    1.82266E+01    1.84169E+01    3.52567E+01
    1.25274E+04    5.54415E+05    1.87766E+04    1.50873E+04    1.06136E-02   -1.36812E-03    1.03013E-01    1.84169E+01    1.86101E+01    3.56350E+01
    1.26694E+04    5.74047E+05    1.96323E+04    1.50873E+04    1.08503E-02   -1.37413E-03    1.04156E-01    1.86101E+01    1.88063E+01    3.60192E+01
    1.28130E+04    5.94577E+05    2.05292E+04    1.50873E+04    1.10935E-02   -1.38065E-03    1.05317E-01    1.88063E+01    1.90057E+01    3.64095E+01
    1.29582E+04    6.16046E+05    2.14693E+04    1.50873E+04    1.13433E-02   -1.38768E-03    1.06496E-01    1.90057E+01    1.92084E+01    3.68060E+01
    1.31051E+04    6.38501E+05    2.24551E+04    1.50873E+04    1.16001E-02   -1.39523E-03    1.07695E-01    1.92084E+01    1.94145E+01    3.72090E+01
    1.32537E+04    6.61990E+05    2.34890E+04    1.50873E+04    1.18641E-02   -1.40330E-03    1.08913E-01    1.94145E+01    1.96241E+01    3.76188E+01
    1.34039E+04    6.86564E+05    2.45736E+04    1.50873E+04    1.21357E-02   -1.41190E-03    1.10153E-01    1.96241E+01    1.98374E+01    3.80357E+01
    1.35558E+04    7.12276E+05    2.57119E+04    1.50873E+04    1.24152E-02   -1.42104E-03    1.11415E-01    1.98374E+01    2.00545E+01    3.84598E+01
    1.37095E+04    7.39182E+05    2.69067E+04    1.50873E+04    1.27030E-02   -1.43072E-03    1.12699E-01    2.00545E+01    2.02756E+01    3.88915E+01
    1.38648E+04    7.67343E+05    2.81612E+04    1.50873E+04    1.29994E-02   -1.44095E-03    1.14006E-01    2.02756E+01    2.05007E+01    3.93311E+01
    1.40220E+04    7.96822E+05    2.94789E+04    1.50873E+04    1.33048E-02   -1.45174E-03    1.15337E-01    2.05007E+01    2.07301E+01    3.97788E+01
    1.41809E+04    8.27686E+05    3.08633E+04    1.50873E+04    1.36197E-02   -1.46309E-03    1.16694E-01    2.07301E+01    2.09639E+01    4.02350E+01
    1.43416E+04    8.60004E+05    3.23182E+04    1.50873E+04    1.39443E-02   -1.47501E-03    1.18077E-01    2.09639E+01    2.12023E+01    4.06999E+01
    1.45041E+04    8.93852E+05    3.38478E+04    1.50873E+04    1.42793E-02   -1.48750E-03    1.19487E-01    2.12023E+01    2.14454E+01    4.11739E+01
    1.46684E+04    9.29308E+05    3.54562E+04    1.50873E+04    1.46250E-02   -1.50057E-03    1.20924E-01    2.14454E+01    2.16934E+01    4.16573E+01
    1.48347E+04    9.66456E+05    3.71482E+04    1.50873E+04    1.49819E-02   -1.51422E-03    1.22391E-01    2.16934E+01    2.19465E+01    4.21505E+01
    1.50027E+04    1.00538E+06    3.89287E+04    1.50873E+04    1.53506E-02   -1.52846E-03    1.23888E-01    2.19465E+01    2.22049E+01    4.26538E+01
    1.51727E+04    1.04619E+06    4.08029E+04    1.50873E+04    1.57316E-02   -1.54328E-03    1.25416E-01    2.22049E+01    2.24687E+01    4.31676E+01
    1.53446E+04    1.08896E+06    4.27763E+04    1.50873E+04    1.61255E-02   -1.55870E-03    1.26977E-01    2.24687E+01    2.27381E+01    4.36922E+01
    1.55185E+04    1.13382E+06    4.48549E+04    1.50873E+04    1.65328E-02   -1.57471E-03    1.28570E-01    2.27381E+01    2.30134E+01    4.42280E+01
    1.56943E+04    1.18086E+06    4.70450E+04    1.50873E+04    1.69542E-02   -1.59131E-03    1.30199E-01    2.30134E+01    2.32948E+01    4.47755E+01
    1.58721E+04    1.23022E+06    4.93534E+04    1.50873E+04    1.73904E-02   -1.60850E-03    1.31863E-01    2.32948E+01    2.35824E+01    4.53350E+01
    1.60519E+04    1.28200E+06    5.17873E+04    1.50873E+04    1.78420E-02   -1.62628E-03    1.33564E-01    2.35824E+01    2.38765E+01    4.59069E+01
    1.62338E+04    1.33636E+06    5.43542E+04    1.50873E+04    1.83097E-02   -1.64465E-03    1.35303E-01    2.38765E+01    2.41772E+01    4.64917E+01
    1.64177E+04    1.39342E+06    5.70625E+04    1.50873E+04    1.87943E-02   -1.66360E-03    1.37082E-01    2.41772E+01    2.44849E+01    4.70898E+01
    1.66036E+04    1.45334E+06    5.99207E+04    1.50873E+04    1.92966E-02   -1.68311E-03    1.38902E-01    2.44849E+01    2.47996E+01    4.77016E+01
    1.67917E+04    1.51628E+06    6.29382E+04    1.50873E+04    1.98174E-02   -1.70320E-03    1.40764E-01    2.47996E+01    2.51218E+01    4.83276E+01
    1.69819E+04    1.58241E+06    6.61249E+04    1.50873E+04    2.03575E-02   -1.72384E-03    1.42669E-01    2.51218E+01    2.54515E+01    4.89682E+01
    1.71743E+04    1.65190E+06    6.94912E+04    1.50873E+04    2.09179E-02   -1.74503E-03    1.44620E-01    2.54515E+01    2.57891E+01    4.96240E+01
    1.73688E+04    1.72494E+06    7.30485E+04    1.50873E+04    2.14995E-02   -1.76676E-03    1.46616E-01    2.57891E+01    2.61347E+01    5.02952E+01
    1.75655E+04    1.80175E+06    7.68086E+04    1.50873E+04    2.21032E-02   -1.78901E-03    1.48661E-01    2.61347E+01    2.64886E+01    5.09826E+01
    1.77645E+04    1.88254E+06    8.07844E+04    1.50873E+04    2.27301E-02   -1.81177E-03    1.50754E-01    2.64886E+01    2.68511E+01    5.16864E+01
    1.79657E+04    1.96753E+06    8.49895E+04    1.50873E+04    2.33813E-02   -1.83502E-03    1.52898E-01    2.68511E+01    2.72223E+01    5.24073E+01
    1.81692E+04    2.05697E+06    8.94384E+04    1.50873E+04    2.40578E-02   -1.85877E-03    1.55095E-01    2.72223E+01    2.76027E+01    5.31456E+01
    1.83749E+04    2.15111E+06    9.41465E+04    1.50873E+04    2.47608E-02   -1.88298E-03    1.57344E-01    2.76027E+01    2.79923E+01    5.39020E+01
    1.85830E+04    2.25024E+06    9.91302E+04    1.50873E+04    2.54916E-02   -1.90766E-03    1.59649E-01    2.79923E+01    2.83915E+01    5.46769E+01
    1.87935E+04    2.35465E+06    1.04407E+05    1.50873E+04    2.62513E-02   -1.93279E-03    1.62011E-01    2.83915E+01    2.88005E+01    5.54708E+01
    1.90063E+04    2.46465E+06    1.09996E+05    1.50873E+04    2.70412E-02   -1.95836E-03    1.64431E-01    2.88005E+01    2.92197E+01    5.62843E+01
    1.92215E+04    2.58056E+06    1.15917E+05    1.50873E+04    2.78629E-02   -1.98437E-03    1.66910E-01    2.92197E+01    2.96492E+01    5.71178E+01
    1.94392E+04    2.70275E+06    1.22191E+05    1.50873E+04    2.87176E-02   -2.01082E-03    1.69451E-01    2.96492E+01    3.00893E+01    5.79720E+01
    1.96593E+04    2.83159E+06    1.28841E+05    1.50873E+04    2.96069E-02   -2.03772E-03    1.72054E-01    3.00893E+01    3.05404E+01    5.88473E+01
    1.98819E+04    2.96749E+06    1.35891E+05    1.50873E+04    3.05323E-02   -2.06507E-03    1.74723E-01    3.05404E+01    3.10026E+01    5.97444E+01
    2.01070E+04    3.11085E+06    1.43367E+05    1.50873E+04    3.14955E-02   -2.09290E-03    1.77457E-01    3.10026E+01    3.14765E+01    6.06638E+01
    2.03347E+04    3.26215E+06    1.51297E+05    1.50873E+04    3.24983E-02   -2.12123E-03    1.80260E-01    3.14765E+01    3.19621E+01    6.16061E+01
    2.05649E+04    3.42186E+06    1.59711E+05    1.50873E+04    3.35424E-02   -2.15010E-03    1.83133E-01    3.19621E+01    3.24599E+01    6.25719E+01
    2.07978E+04    3.59050E+06    1.68640E+05    1.50873E+04    3.46298E-02   -2.17958E-03    1.86078E-01    3.24599E+01    3.29703E+01    6.35619E+01
    2.10332E+04    3.76862E+06    1.78118E+05    1.50873E+04    3.57625E-02   -2.20973E-03    1.89097E-01    3.29703E+01    3.34935E+01    6.45769E+01
    2.12714E+04    3.95680E+06    1.88183E+05    1.50873E+04    3.69429E-02   -2.24063E-03    1.92192E-01    3.34935E+01    3.40301E+01    6.56175E+01
    2.15122E+04    4.15567E+06    1.98873E+05    1.50873E+04    3.81731E-02   -2.27240E-03    1.95366E-01    3.40301E+01    3.45804E+01    6.66845E+01
    2.17557E+04    4.36591E+06    2.10232E+05    1.50873E+04    3.94557E-02   -2.30516E-03    1.98621E-01    3.45804E+01    3.51450E+01    6.77790E+01
    2.20020E+04    4.58821E+06    2.22305E+05    1.50873E+04    4.07936E-02   -2.33907E-03    2.01961E-01    3.51450E+01    3.57243E+01    6.89017E+01
    2.22511E+04    4.82335E+06    2.35143E+05    1.50873E+04    4.21896E-02   -2.37431E-03    2.05387E-01    3.57243E+01    3.63190E+01    7.00538E+01
    2.25030E+04    5.07215E+06    2.48800E+05    1.50873E+04    4.36471E-02   -2.41110E-03    2.08905E-01    3.63190E+01    3.69298E+01    7.12364E+01
    2.27578E+04    5.33549E+06    2.63335E+05    1.50873E+04    4.51695E-02   -2.44968E-03    2.12517E-01    3.69298E+01    3.75573E+01    7.24510E+01
    2.30154E+04    5.61430E+06    2.78815E+05    1.50873E+04    4.67610E-02   -2.49036E-03    2.16229E-01    3.75573E+01    3.82025E+01    7.36988E+01
    2.32759E+04    5.90961E+06    2.95309E+05    1.50873E+04    4.84258E-02   -2.53346E-03    2.20044E-01    3.82025E+01    3.88663E+01    7.49818E+01
    2.35394E+04    6.22251E+06    3.12898E+05    1.50873E+04    5.01689E-02   -2.57936E-03    2.23969E-01    3.88663E+01    3.95497E+01    7.63016E+01
    2.38058E+04    6.55418E+06    3.31669E+05    1.50873E+04    5.19957E-02   -2.62848E-03    2.28010E-01    3.95497E+01    4.02540E+01    7.76605E+01
    2.40753E+04    6.90590E+06    3.51718E+05    1.50873E+04    5.39124E-02   -2.68132E-03    2.32175E-01    4.02540E+01    4.09806E+01    7.90609E+01
    2.43478E+04    7.27905E+06    3.73154E+05    1.50873E+04    5.59261E-02   -2.73841E-03    2.36471E-01    4.09806E+01    4.17310E+01    8.05055E+01
    2.46234E+04    7.67515E+06    3.96098E+05    1.50873E+04    5.80444E-02   -2.80036E-03    2.40908E-01    4.17310E+01    4.25071E+01    8.19975E+01
    2.49021E+04    8.09583E+06    4.20686E+05    1.50873E+04    6.02765E-02   -2.86786E-03    2.45496E-01    4.25071E+01    4.33108E+01    8.35405E+01
    2.51840E+04    8.54291E+06    4.47072E+05    1.50873E+04    6.26325E-02   -2.94165E-03    2.50248E-01    4.33108E+01    4.41446E+01    8.51385E+01
    2.54690E+04    9.01834E+06    4.75430E+05    1.50873E+04    6.51241E-02   -3.02256E-03    2.55176E-01    4.41446E+01    4.50110E+01    8.67960E+01
    2.57573E+04    9.52430E+06    5.05958E+05    1.50873E+04    6.77644E-02   -3.11153E-03    2.60297E-01    4.50110E+01    4.59130E+01    8.85184E+01
    2.60488E+04    1.00632E+07    5.38881E+05    1.50873E+04    7.05687E-02   -3.20956E-03    2.65628E-01    4.59130E+01    4.68538E+01    9.03114E+01
    2.63436E+04    1.06376E+07    5.74458E+05    1.50873E+04    7.35546E-02   -3.31780E-03    2.71189E-01    4.68538E+01    4.78375E+01    9.21817E+01
    2.66417E+04    1.12506E+07    6.12983E+05    1.50873E+04    7.67419E-02   -3.43747E-03    2.77002E-01    4.78375E+01    4.88681E+01    9.41369E+01
    2.69432E+04    1.19054E+07    6.54799E+05    1.50873E+04    8.01540E-02   -3.56996E-03    2.83092E-01    4.88681E+01    4.99505E+01    9.61855E+01
    2.72481E+04    1.26057E+07    7.00300E+05    1.50873E+04    8.38173E-02   -3.71677E-03    2.89488E-01    4.99505E+01    5.10902E+01    9.83370E+01
    2.75565E+04    1.33557E+07    7.49942E+05    1.50873E+04    8.77626E-02   -3.87961E-03    2.96222E-01    5.10902E+01    5.22932E+01    1.00602E+02
    2.78684E+04    1.41599E+07    8.04255E+05    1.50873E+04    9.20256E-02   -4.06032E-03    3.03330E-01    5.22932E+01    5.35665E+01    1.02993E+02
    2.81837E+04    1.50238E+07    8.63859E+05    1.50873E+04    9.66475E-02   -4.26101E-03    3.10853E-01    5.35665E+01    5.49179E+01    1.05524E+02
    2.85027E+04    1.59533E+07    9.29478E+05    1.50873E+04    1.01676E-01   -4.48400E-03    3.18836E-01    5.49179E+01    5.63560E+01    1.08210E+02
    2.88252E+04    1.69552E+07    1.00196E+06    1.50873E+04    1.07168E-01   -4.73193E-03    3.27331E-01    5.63560E+01    5.78908E+01    1.11068E+02
    2.91514E+04    1.80375E+07    1.08232E+06    1.50873E+04    1.13188E-01   -5.00777E-03    3.36397E-01    5.78908E+01    5.95334E+01    1.14118E+02
    2.94812E+04    1.92092E+07    1.17172E+06    1.50873E+04    1.19813E-01   -5.31492E-03    3.46099E-01    5.95334E+01    6.12965E+01    1.17382E+02
    2.98148E+04    2.04808E+07    1.27158E+06    1.50873E+04    1.27133E-01   -5.65729E-03    3.56513E-01    6.12965E+01    6.31943E+01    1.20886E+02
    3.01522E+04    2.18644E+07    1.38359E+06    1.50873E+04    1.35255E-01   -6.03937E-03    3.67721E-01    6.31943E+01    6.52433E+01    1.24657E+02
    3.04934E+04    2.33742E+07    1.50974E+06    1.50873E+04    1.44306E-01   -6.46643E-03    3.79821E-01    6.52433E+01    6.74619E+01    1.28728E+02
    3.08384E+04    2.50266E+07    1.65247E+06    1.50873E+04    1.54436E-01   -6.94467E-03    3.92922E-01    6.74619E+01    6.98715E+01    1.33137E+02
    3.11873E+04    2.68413E+07    1.81471E+06    1.50873E+04    1.65827E-01   -7.48143E-03    4.07149E-01    6.98715E+01    7.24966E+01    1.37924E+02
    3.15402E+04    2.88414E+07    2.00003E+06    1.50873E+04    1.78697E-01   -8.08551E-03    4.22649E-01    7.24966E+01    7.53658E+01    1.43140E+02
    3.18971E+04    3.10542E+07    2.21283E+06    1.50873E+04    1.93314E-01   -8.76757E-03    4.39587E-01    7.53658E+01    7.85122E+01    1.48841E+02
    3.22580E+04    3.35127E+07    2.45851E+06    1.50873E+04    2.10001E-01   -9.54062E-03    4.58160E-01    7.85122E+01    8.19747E+01    1.55091E+02
    3.26230E+04    3.62566E+07    2.74385E+06    1.50873E+04    2.29162E-01   -1.04208E-02    4.78595E-01    8.19747E+01    8.57994E+01    1.61970E+02
    3.29921E+04    3.93339E+07    3.07731E+06    1.50873E+04    2.51297E-01   -1.14281E-02    5.01165E-01    8.57994E+01    9.00412E+01    1.69567E+02
    3.33653E+04    4.28035E+07    3.46966E+06    1.50873E+04    2.77037E-01   -1.25881E-02    5.26192E-01    9.00412E+01    9.47663E+01    1.77992E+02
    3.37428E+04    4.67382E+07    3.93470E+06    1.50873E+04    3.07182E-01   -1.39335E-02    5.54065E-01    9.47663E+01    1.00056E+02    1.87376E+02
    3.41246E+04    5.12286E+07    4.49035E+06    1.50873E+04    3.42767E-01   -1.55068E-02    5.85258E-01    1.00056E+02    1.06009E+02    1.97878E+02
    3.45106E+04    5.63888E+07    5.16019E+06    1.50873E+04    3.85141E-01   -1.73647E-02    6.20354E-01    1.06009E+02    1.12750E+02    2.09698E+02
    3.49010E+04    6.23645E+07    5.97576E+06    1.50873E+04    4.36095E-01   -1.95834E-02    6.60084E-01    1.12750E+02    1.20439E+02    2.23080E+02
    3.52959E+04    6.93445E+07    6.97994E+06    1.50873E+04    4.98051E-01   -2.22685E-02    7.05376E-01    1.20439E+02    1.29281E+02    2.38339E+02
    3.56952E+04    7.75768E+07    8.23232E+06    1.50873E+04    5.74353E-01   -2.55699E-02    7.57429E-01    1.29281E+02    1.39548E+02    2.55881E+02
    3.60990E+04    8.73944E+07    9.81763E+06    1.50873E+04    6.69726E-01   -2.97066E-02    8.17829E-01    1.39548E+02    1.51612E+02    2.76244E+02
    3.65074E+04    9.92543E+07    1.18599E+07    1.50873E+04    7.91052E-01   -3.50105E-02    8.88722E-01    1.51612E+02    1.65989E+02    3.00157E+02
    3.69204E+04    1.13801E+08    1.45467E+07    1.50873E+04    9.48689E-01   -4.20074E-02    9.73101E-01    1.65989E+02    1.83436E+02    3.28638E+02
    3.73380E+04    1.31975E+08    1.81742E+07    1.50873E+04    1.15891E+00   -5.15768E-02    1.07529E+00    1.83436E+02    2.05098E+02    3.63165E+02
    3.77604E+04    1.55209E+08    2.32341E+07    1.50873E+04    1.44862E+00   -6.52955E-02    1.20181E+00    2.05098E+02    2.32832E+02    4.05975E+02
    3.81876E+04    1.85808E+08    3.05992E+07    1.50873E+04    1.86541E+00   -8.62623E-02    1.36307E+00    2.32832E+02    2.69886E+02    4.60663E+02
    3.86195E+04    2.27769E+08    4.19606E+07    1.50873E+04    2.50116E+00   -1.21392E-01    1.57684E+00    2.69886E+02    3.22619E+02    5.33447E+02
    3.90564E+04    2.88792E+08    6.10228E+07    1.50873E+04    3.55652E+00   -1.89264E-01    1.87635E+00    3.22619E+02    4.05766E+02    6.36242E+02
    3.94982E+04    3.86365E+08    9.75730E+07    1.50873E+04    5.56030E+00   -3.56262E-01    2.33096E+00    4.05766E+02    5.64045E+02    7.95374E+02
    3.99450E+04    5.75773E+08    1.89408E+08    1.50873E+04    1.05536E+01   -9.82626E-01    3.09646E+00    5.64045E+02    1.00554E+03    1.08160E+03
    4.03968E+04    1.43564E+09    8.59866E+08    1.50873E+04    4.68457E+01   -5.27668E+00    4.35917E+00    1.00554E+03    3.40312E+03    1.73415E+03
