 # rho, F_z,dF_z, z(rho), E2 (=>sigma2=e0^2*E2), Er, Ez, Ui,j , Ui+1,j , Ui,j-1
    2.50000E-01    4.79828E-01    4.79828E-01    0.00000E+00    3.83863E+00   -5.08386E-01    1.89213E+00    2.20026E+00    2.45445E+00    3.14633E+00
    7.31707E-01    1.35100E+00    8.71167E-01    5.00000E-01    2.56918E+00   -1.98102E-01    1.59058E+00    1.65916E+00    1.75097E+00    2.45445E+00
    1.19774E+00    2.71153E+00    1.36053E+00    5.00000E-01    2.42380E+00   -7.10663E-02    1.55523E+00    1.75097E+00    1.78427E+00    2.52858E+00
    1.66904E+00    4.67255E+00    1.96102E+00    5.00000E-01    2.47905E+00   -4.59913E-02    1.57383E+00    1.78427E+00    1.80607E+00    2.57119E+00
    2.14566E+00    7.31316E+00    2.64061E+00    5.00000E-01    2.56764E+00   -4.57536E-02    1.60173E+00    1.80607E+00    1.82800E+00    2.60694E+00
    2.62767E+00    1.07252E+01    3.41208E+00    5.00000E-01    2.67891E+00   -5.69981E-02    1.63574E+00    1.82800E+00    1.85563E+00    2.64587E+00
    3.11513E+00    1.50346E+01    4.30941E+00    5.00000E-01    2.82210E+00   -8.07130E-02    1.67797E+00    1.85563E+00    1.89519E+00    2.69461E+00
    3.60810E+00    2.04215E+01    5.38686E+00    5.00000E-01    3.01167E+00   -1.28942E-01    1.73062E+00    1.89519E+00    1.95911E+00    2.76050E+00
    4.10663E+00    2.71449E+01    6.72343E+00    5.00000E-01    3.26570E+00   -2.40858E-01    1.79100E+00    1.95911E+00    2.07987E+00    2.85462E+00
    4.61080E+00    3.56723E+01    8.52736E+00    5.00000E-01    3.64778E+00   -5.49819E-01    1.82907E+00    2.07987E+00    2.35863E+00    2.99440E+00
    5.12067E+00    4.33173E+01    7.64500E+00    9.63414E-01    2.91180E+00   -4.42424E-01    1.64805E+00    1.53460E+00    1.76145E+00    2.35863E+00
    5.63630E+00    5.18712E+01    8.55386E+00    9.63414E-01    2.92684E+00   -3.74882E-01    1.66922E+00    1.76145E+00    1.95583E+00    2.59606E+00
    6.15775E+00    6.32176E+01    1.13464E+01    9.63414E-01    3.51388E+00   -6.70369E-01    1.75057E+00    1.95583E+00    2.30736E+00    2.83112E+00
    6.68510E+00    7.33473E+01    1.01297E+01    1.43207E+00    2.85732E+00   -5.51633E-01    1.59782E+00    1.56691E+00    1.85945E+00    2.30736E+00
    7.21840E+00    8.59049E+01    1.25576E+01    1.43207E+00    3.24380E+00   -7.25384E-01    1.64852E+00    1.85945E+00    2.24847E+00    2.62340E+00
    7.75774E+00    9.66133E+01    1.07084E+01    1.90601E+00    2.54507E+00   -5.48488E-01    1.49808E+00    1.54640E+00    1.84388E+00    2.24847E+00
    8.30316E+00    1.10584E+02    1.39707E+01    1.90601E+00    3.06764E+00   -7.36534E-01    1.58907E+00    1.84388E+00    2.24786E+00    2.58860E+00
    8.85475E+00    1.22773E+02    1.21887E+01    2.38531E+00    2.48160E+00   -5.59590E-01    1.47257E+00    1.54994E+00    1.86034E+00    2.24786E+00
    9.41258E+00    1.39193E+02    1.64207E+01    2.38531E+00    3.10995E+00   -7.77481E-01    1.58287E+00    1.86034E+00    2.29647E+00    2.61053E+00
    9.97670E+00    1.54025E+02    1.48321E+01    2.87003E+00    2.62063E+00   -6.17904E-01    1.49627E+00    1.57931E+00    1.92984E+00    2.29647E+00
    1.05472E+01    1.75282E+02    2.12564E+01    2.87003E+00    3.51288E+00   -9.39175E-01    1.62198E+00    1.92984E+00    2.46865E+00    2.70726E+00
    1.11242E+01    1.98368E+02    2.30857E+01    3.36023E+00    3.57690E+00   -1.08523E+00    1.54893E+00    1.71786E+00    2.34750E+00    2.46865E+00
    1.17076E+01    2.19284E+02    2.09162E+01    3.85596E+00    3.04484E+00   -1.06832E+00    1.37969E+00    1.67118E+00    2.29801E+00    2.34750E+00
    1.22977E+01    2.39770E+02    2.04865E+01    4.35730E+00    2.80747E+00   -1.05226E+00    1.30392E+00    1.65161E+00    2.27600E+00    2.29801E+00
    1.28944E+01    2.60525E+02    2.07552E+01    4.86430E+00    2.68236E+00   -1.04494E+00    1.26113E+00    1.64374E+00    2.27079E+00    2.27600E+00
    1.34979E+01    2.82056E+02    2.15301E+01    5.37703E+00    2.62840E+00   -1.04881E+00    1.23628E+00    1.64399E+00    2.28048E+00    2.27079E+00
    1.41082E+01    3.04942E+02    2.28863E+01    5.89556E+00    2.64323E+00   -1.06935E+00    1.22463E+00    1.65257E+00    2.30885E+00    2.28048E+00
    1.47254E+01    3.30191E+02    2.52487E+01    6.41994E+00    2.76263E+00   -1.12356E+00    1.22484E+00    1.67374E+00    2.37108E+00    2.30885E+00
    1.53495E+01    3.60734E+02    3.05430E+01    6.95025E+00    3.17021E+00   -1.28671E+00    1.23068E+00    1.72573E+00    2.53336E+00    2.37108E+00
    1.59807E+01    3.79766E+02    1.90328E+01    8.02892E+00    1.87627E+00   -1.10942E+00    8.03402E-01    1.55496E+00    2.25918E+00    1.98583E+00
    1.66191E+01    4.09195E+02    2.94290E+01    8.57741E+00    2.75854E+00   -1.28567E+00    1.05147E+00    1.68890E+00    2.51421E+00    2.25918E+00
    1.72646E+01    4.33175E+02    2.39801E+01    9.69305E+00    2.13955E+00   -1.25872E+00    7.45107E-01    1.59420E+00    2.41135E+00    2.00751E+00
    1.79175E+01    4.56580E+02    2.34044E+01    1.08341E+01    1.98962E+00   -1.23807E+00    6.75876E-01    1.57697E+00    2.38979E+00    1.96039E+00
    1.85777E+01    4.82041E+02    2.54610E+01    1.20010E+01    2.06420E+00   -1.28647E+00    6.39682E-01    1.59031E+00    2.44445E+00    1.96145E+00
    1.92454E+01    5.04160E+02    2.21187E+01    1.38013E+01    1.71168E+00   -1.21959E+00    4.73595E-01    1.53052E+00    2.34941E+00    1.81472E+00
    1.99207E+01    5.21723E+02    1.75631E+01    1.62981E+01    1.29840E+00   -1.08195E+00    3.57459E-01    1.46726E+00    2.20194E+00    1.69162E+00
    2.06035E+01    5.36490E+02    1.47669E+01    1.89097E+01    1.04370E+00   -9.73813E-01    3.08855E-01    1.43239E+00    2.10112E+00    1.63516E+00
    2.12941E+01    5.52193E+02    1.57038E+01    2.09469E+01    1.06193E+00   -9.80512E-01    3.17060E-01    1.45018E+00    2.13111E+00    1.66548E+00
    2.19925E+01    5.65905E+02    1.37118E+01    2.37722E+01    8.87750E-01   -9.05431E-01    2.60663E-01    1.41978E+00    2.05568E+00    1.60492E+00
    2.26988E+01    5.77950E+02    1.20443E+01    2.67274E+01    7.47086E-01   -8.32402E-01    2.32794E-01    1.39778E+00    1.98900E+00    1.57073E+00
    2.34130E+01    5.90798E+02    1.28486E+01    2.90326E+01    7.64027E-01   -8.40015E-01    2.41665E-01    1.41508E+00    2.01844E+00    1.60076E+00
    2.41354E+01    6.01746E+02    1.09478E+01    3.22296E+01    6.24459E-01   -7.64364E-01    2.00514E-01    1.38399E+00    1.93921E+00    1.54514E+00
    2.48659E+01    6.12965E+02    1.12190E+01    3.47234E+01    6.14185E-01   -7.55760E-01    2.07394E-01    1.39332E+00    1.94850E+00    1.56571E+00
    2.56046E+01    6.24128E+02    1.11626E+01    3.73028E+01    5.86838E-01   -7.39778E-01    1.98911E-01    1.39366E+00    1.94324E+00    1.56467E+00
    2.63517E+01    6.35145E+02    1.10177E+01    3.99705E+01    5.56508E-01   -7.21717E-01    1.88767E-01    1.39209E+00    1.93431E+00    1.55995E+00
    2.71072E+01    6.45982E+02    1.08367E+01    4.27298E+01    5.26165E-01   -7.03058E-01    1.78535E-01    1.38978E+00    1.92395E+00    1.55398E+00
    2.78713E+01    6.56616E+02    1.06345E+01    4.55836E+01    4.96580E-01   -6.84222E-01    1.68584E-01    1.38702E+00    1.91276E+00    1.54739E+00
    2.86440E+01    6.67028E+02    1.04116E+01    4.85353E+01    4.67770E-01   -6.65196E-01    1.59014E-01    1.38385E+00    1.90074E+00    1.54030E+00
    2.94255E+01    6.77183E+02    1.01550E+01    5.15882E+01    4.39162E-01   -6.45531E-01    1.49840E-01    1.38002E+00    1.88730E+00    1.53249E+00
    3.02157E+01    6.86997E+02    9.81399E+00    5.47457E+01    4.08698E-01   -6.23530E-01    1.41096E-01    1.37465E+00    1.87018E+00    1.52315E+00
    3.10149E+01    6.96068E+02    9.07095E+00    5.80115E+01    3.63908E-01   -5.88189E-01    1.33949E-01    1.36228E+00    1.83500E+00    1.50809E+00
    3.18232E+01    7.06792E+02    1.07244E+01    6.02507E+01    4.14630E-01   -6.22567E-01    1.64441E-01    1.39902E+00    1.90503E+00    1.58209E+00
    3.26405E+01    7.16544E+02    9.75125E+00    6.37052E+01    3.63457E-01   -5.89642E-01    1.25616E-01    1.37478E+00    1.85944E+00    1.51942E+00
    3.34671E+01    7.25402E+02    8.85791E+00    6.72782E+01    3.18407E-01   -5.52044E-01    1.16851E-01    1.35876E+00    1.81765E+00    1.49793E+00
    3.43031E+01    7.35650E+02    1.02484E+01    6.97280E+01    3.55395E-01   -5.78643E-01    1.43412E-01    1.39078E+00    1.87721E+00    1.56546E+00
    3.51485E+01    7.44448E+02    8.79802E+00    7.35074E+01    2.94434E-01   -5.31464E-01    1.09457E-01    1.35804E+00    1.80986E+00    1.49593E+00
    3.60034E+01    7.54194E+02    9.74575E+00    7.60988E+01    3.14849E-01   -5.44916E-01    1.33848E-01    1.38196E+00    1.85044E+00    1.55440E+00
    3.68680E+01    7.64862E+02    1.06678E+01    7.87490E+01    3.32795E-01   -5.60911E-01    1.34811E-01    1.39844E+00    1.88613E+00    1.57608E+00
    3.77424E+01    7.73941E+02    9.07990E+00    8.28378E+01    2.73603E-01   -5.13647E-01    9.88456E-02    1.36279E+00    1.81443E+00    1.49750E+00
    3.86267E+01    7.84187E+02    1.02455E+01    8.56412E+01    2.98289E-01   -5.32852E-01    1.19825E-01    1.38961E+00    1.86344E+00    1.55663E+00
    3.95209E+01    7.92884E+02    8.69674E+00    8.99662E+01    2.44703E-01   -4.86477E-01    8.96876E-02    1.35522E+00    1.79269E+00    1.48452E+00
    4.04252E+01    8.02301E+02    9.41758E+00    9.29317E+01    2.56163E-01   -4.93998E-01    1.10130E-01    1.37441E+00    1.82367E+00    1.53679E+00
    4.13398E+01    8.12102E+02    9.80048E+00    9.59645E+01    2.57768E-01   -4.95379E-01    1.11211E-01    1.38178E+00    1.83738E+00    1.54947E+00
    4.22647E+01    8.22247E+02    1.01456E+01    9.90662E+01    2.58089E-01   -4.96052E-01    1.09646E-01    1.38765E+00    1.84903E+00    1.55674E+00
    4.32001E+01    8.32984E+02    1.07368E+01    1.02238E+02    2.64230E-01   -5.02856E-01    1.06608E-01    1.39728E+00    1.87028E+00    1.56543E+00
    4.41460E+01    8.41929E+02    8.94451E+00    1.07133E+02    2.12998E-01   -4.55171E-01    7.62703E-02    1.35847E+00    1.79145E+00    1.48289E+00
    4.51026E+01    8.51489E+02    9.55995E+00    1.10488E+02    2.20335E-01   -4.59973E-01    9.35941E-02    1.37494E+00    1.81743E+00    1.53109E+00
    4.60700E+01    8.61312E+02    9.82289E+00    1.13920E+02    2.19165E-01   -4.58613E-01    9.40151E-02    1.37995E+00    1.82612E+00    1.54037E+00
    4.70484E+01    8.71297E+02    9.98521E+00    1.17430E+02    2.15716E-01   -4.55172E-01    9.23841E-02    1.38255E+00    1.83037E+00    1.54376E+00
    4.80378E+01    8.81402E+02    1.01055E+01    1.21019E+02    2.11430E-01   -4.50873E-01    9.02406E-02    1.38424E+00    1.83284E+00    1.54529E+00
    4.90384E+01    8.91605E+02    1.02030E+01    1.24691E+02    2.06777E-01   -4.46145E-01    8.79317E-02    1.38546E+00    1.83438E+00    1.54596E+00
    5.00503E+01    9.01891E+02    1.02852E+01    1.28445E+02    2.01946E-01   -4.41162E-01    8.55728E-02    1.38639E+00    1.83531E+00    1.54614E+00
    5.10736E+01    9.12245E+02    1.03548E+01    1.32285E+02    1.97013E-01   -4.35991E-01    8.32117E-02    1.38709E+00    1.83576E+00    1.54596E+00
    5.21085E+01    9.22657E+02    1.04115E+01    1.36212E+02    1.91988E-01   -4.30637E-01    8.08701E-02    1.38756E+00    1.83573E+00    1.54547E+00
    5.31551E+01    9.33109E+02    1.04519E+01    1.40229E+02    1.86828E-01   -4.25037E-01    7.85588E-02    1.38775E+00    1.83509E+00    1.54463E+00
    5.42135E+01    9.43576E+02    1.04670E+01    1.44337E+02    1.81395E-01   -4.19017E-01    7.62856E-02    1.38751E+00    1.83349E+00    1.54331E+00
    5.52839E+01    9.54009E+02    1.04329E+01    1.48538E+02    1.75322E-01   -4.12111E-01    7.40736E-02    1.38641E+00    1.83000E+00    1.54113E+00
    5.63664E+01    9.64278E+02    1.02691E+01    1.52834E+02    1.67365E-01   -4.02704E-01    7.20690E-02    1.38309E+00    1.82146E+00    1.53705E+00
    5.74611E+01    9.73767E+02    9.48918E+00    1.57229E+02    1.50012E-01   -3.80568E-01    7.19668E-02    1.36914E+00    1.78809E+00    1.52637E+00
    5.85682E+01    9.87023E+02    1.32556E+01    1.59463E+02    2.03295E-01   -4.23944E-01    1.53515E-01    1.44890E+00    1.92088E+00    1.78809E+00
    5.96878E+01    9.98622E+02    1.15990E+01    1.64008E+02    1.72601E-01   -4.08815E-01    7.39734E-02    1.40537E+00    1.86565E+00    1.57253E+00
    6.08200E+01    1.00990E+03    1.12760E+01    1.68656E+02    1.62831E-01   -3.97786E-01    6.78066E-02    1.39834E+00    1.85126E+00    1.55505E+00
    6.19650E+01    1.02089E+03    1.09881E+01    1.73410E+02    1.54002E-01   -3.87002E-01    6.50526E-02    1.39282E+00    1.83844E+00    1.54658E+00
    6.31230E+01    1.03100E+03    1.01189E+01    1.78272E+02    1.37663E-01   -3.65358E-01    6.46251E-02    1.37776E+00    1.80321E+00    1.53398E+00
    6.42940E+01    1.04498E+03    1.39736E+01    1.80744E+02    1.84556E-01   -4.05515E-01    1.41824E-01    1.45650E+00    1.93405E+00    1.80321E+00
    6.54783E+01    1.05712E+03    1.21421E+01    1.85773E+02    1.55706E-01   -3.89024E-01    6.60770E-02    1.41137E+00    1.87467E+00    1.57657E+00
    6.66760E+01    1.06876E+03    1.16368E+01    1.90916E+02    1.44908E-01   -3.75814E-01    6.05966E-02    1.40165E+00    1.85428E+00    1.55659E+00
    6.78872E+01    1.07941E+03    1.06543E+01    1.96176E+02    1.28851E-01   -3.53963E-01    5.96769E-02    1.38500E+00    1.81613E+00    1.54106E+00
    6.91121E+01    1.09398E+03    1.45645E+01    1.98850E+02    1.71085E-01   -3.91435E-01    1.33653E-01    1.46266E+00    1.94482E+00    1.81613E+00
    7.03508E+01    1.10646E+03    1.24828E+01    2.04290E+02    1.42440E-01   -3.72474E-01    6.08575E-02    1.41463E+00    1.87862E+00    1.57924E+00
    7.16036E+01    1.11773E+03    1.12695E+01    2.09854E+02    1.24934E-01   -3.48790E-01    5.72703E-02    1.39397E+00    1.83337E+00    1.55240E+00
    7.28704E+01    1.13302E+03    1.52925E+01    2.12683E+02    1.64724E-01   -3.84689E-01    1.29376E-01    1.47144E+00    1.96153E+00    1.83337E+00
    7.41516E+01    1.14608E+03    1.30600E+01    2.18438E+02    1.36701E-01   -3.65194E-01    5.77448E-02    1.42200E+00    1.89252E+00    1.58722E+00
    7.54473E+01    1.15786E+03    1.17799E+01    2.24323E+02    1.19830E-01   -3.41890E-01    5.42340E-02    1.40079E+00    1.84625E+00    1.55948E+00
    7.67576E+01    1.17376E+03    1.59003E+01    2.27316E+02    1.57207E-01   -3.76476E-01    1.24390E-01    1.47816E+00    1.97424E+00    1.84625E+00
    7.80828E+01    1.18730E+03    1.35389E+01    2.33403E+02    1.30119E-01   -3.56566E-01    5.45819E-02    1.42769E+00    1.90284E+00    1.59288E+00
    7.94229E+01    1.19945E+03    1.21458E+01    2.39628E+02    1.13478E-01   -3.32939E-01    5.12737E-02    1.40515E+00    1.85383E+00    1.56386E+00
    8.07781E+01    1.21566E+03    1.62148E+01    2.42794E+02    1.47288E-01   -3.64784E-01    1.19251E-01    1.48055E+00    1.97770E+00    1.85383E+00
    8.21487E+01    1.22868E+03    1.30185E+01    2.49232E+02    1.14982E-01   -3.34914E-01    5.30510E-02    1.41867E+00    1.88027E+00    1.58851E+00
    8.35347E+01    1.24587E+03    1.71957E+01    2.52507E+02    1.47687E-01   -3.65223E-01    1.19579E-01    1.49314E+00    2.00219E+00    1.88027E+00
    8.49364E+01    1.25964E+03    1.37630E+01    2.59166E+02    1.14955E-01   -3.35022E-01    5.21115E-02    1.42895E+00    1.90119E+00    1.60150E+00
    8.63540E+01    1.27785E+03    1.82117E+01    2.62552E+02    1.47944E-01   -3.66040E-01    1.18149E-01    1.50557E+00    2.02736E+00    1.90119E+00
    8.77875E+01    1.29319E+03    1.53442E+01    2.69440E+02    1.21244E-01   -3.44671E-01    4.94593E-02    1.45034E+00    1.94722E+00    1.61972E+00
    8.92373E+01    1.30694E+03    1.37444E+01    2.76485E+02    1.05645E-01   -3.21732E-01    4.61867E-02    1.42624E+00    1.89530E+00    1.58801E+00
    9.07034E+01    1.32511E+03    1.81757E+01    2.80067E+02    1.35912E-01   -3.51615E-01    1.10809E-01    1.50281E+00    2.02123E+00    1.89530E+00
    9.21861E+01    1.33971E+03    1.45945E+01    2.87353E+02    1.06178E-01   -3.22355E-01    4.75939E-02    1.43856E+00    1.91921E+00    1.61097E+00
    9.36856E+01    1.35880E+03    1.90877E+01    2.91058E+02    1.35117E-01   -3.50521E-01    1.10690E-01    1.51370E+00    2.04225E+00    1.91921E+00
    9.52020E+01    1.37400E+03    1.52037E+01    2.98594E+02    1.04726E-01   -3.20230E-01    4.66731E-02    1.44633E+00    1.93466E+00    1.62120E+00
    9.67356E+01    1.39380E+03    1.98038E+01    3.02425E+02    1.32749E-01   -3.47656E-01    1.09015E-01    1.52160E+00    2.05774E+00    1.93466E+00
    9.82864E+01    1.40952E+03    1.57134E+01    3.10220E+02    1.02510E-01   -3.16918E-01    4.55353E-02    1.45248E+00    1.94674E+00    1.62894E+00
    9.98548E+01    1.42988E+03    2.03631E+01    3.14183E+02    1.29296E-01   -3.43281E-01    1.07023E-01    1.52732E+00    2.06875E+00    1.94674E+00
    1.01441E+02    1.44575E+03    1.58714E+01    3.22244E+02    9.80913E-02   -3.09998E-01    4.46379E-02    1.45378E+00    1.94823E+00    1.63269E+00
    1.03045E+02    1.46565E+03    1.98993E+01    3.26343E+02    1.19718E-01   -3.29490E-01    1.05616E-01    1.52014E+00    2.05163E+00    1.94823E+00
    1.04667E+02    1.48915E+03    2.34986E+01    3.30489E+02    1.37626E-01   -3.51431E-01    1.18837E-01    1.56450E+00    2.13778E+00    2.05163E+00
    1.06308E+02    1.50710E+03    1.79474E+01    3.38921E+02    1.02336E-01   -3.16773E-01    4.46159E-02    1.48010E+00    2.00269E+00    1.66715E+00
    1.07967E+02    1.53021E+03    2.31156E+01    3.43208E+02    1.28329E-01   -3.42485E-01    1.05038E-01    1.55737E+00    2.12876E+00    2.00269E+00
    1.09645E+02    1.54850E+03    1.82836E+01    3.51929E+02    9.88334E-02   -3.11493E-01    4.24942E-02    1.48314E+00    2.00869E+00    1.66739E+00
    1.11341E+02    1.57203E+03    2.35324E+01    3.56364E+02    1.23868E-01   -3.36804E-01    1.02134E-01    1.56083E+00    2.13551E+00    2.00869E+00
    1.13057E+02    1.59040E+03    1.83741E+01    3.65384E+02    9.41842E-02   -3.04082E-01    4.14522E-02    1.48342E+00    2.00813E+00    1.66932E+00
    1.14793E+02    1.61332E+03    2.29164E+01    3.69970E+02    1.14399E-01   -3.22958E-01    1.00487E-01    1.55239E+00    2.11597E+00    2.00813E+00
    1.16547E+02    1.64023E+03    2.69105E+01    3.74609E+02    1.30837E-01   -3.43628E-01    1.12945E-01    1.59794E+00    2.20436E+00    2.11597E+00
    1.18322E+02    1.66079E+03    2.05624E+01    3.84044E+02    9.73727E-02   -3.09297E-01    4.13267E-02    1.50916E+00    2.06117E+00    1.70302E+00
    1.20117E+02    1.68705E+03    2.62620E+01    3.88841E+02    1.21136E-01   -3.33469E-01    9.96708E-02    1.58835E+00    2.19022E+00    2.06117E+00
    1.21932E+02    1.70750E+03    2.04488E+01    3.98599E+02    9.18799E-02   -3.00519E-01    3.96038E-02    1.50671E+00    2.05524E+00    1.69886E+00
    1.23768E+02    1.73288E+03    2.53761E+01    4.03561E+02    1.11073E-01   -3.18723E-01    9.74073E-02    1.57732E+00    2.16565E+00    2.05524E+00
    1.25624E+02    1.76249E+03    2.96157E+01    4.08579E+02    1.26287E-01   -3.38127E-01    1.09349E-01    1.62307E+00    2.25427E+00    2.16565E+00
    1.27501E+02    1.78479E+03    2.22973E+01    4.18786E+02    9.26334E-02   -3.01770E-01    3.96041E-02    1.52725E+00    2.09695E+00    1.72823E+00
    1.29400E+02    1.81235E+03    2.75618E+01    4.23976E+02    1.11564E-01   -3.19621E-01    9.69853E-02    1.59922E+00    2.20944E+00    2.09695E+00
    1.31320E+02    1.84448E+03    3.21228E+01    4.29225E+02    1.26693E-01   -3.38997E-01    1.08509E-01    1.64627E+00    2.30080E+00    2.20944E+00
    1.33262E+02    1.86905E+03    2.45738E+01    4.39901E+02    9.44404E-02   -3.04882E-01    3.85657E-02    1.55115E+00    2.14646E+00    1.75586E+00
    1.35225E+02    1.90025E+03    3.12045E+01    4.45329E+02    1.16861E-01   -3.28288E-01    9.53325E-02    1.63472E+00    2.28297E+00    2.14646E+00
    1.37211E+02    1.92462E+03    2.43692E+01    4.56371E+02    8.89369E-02   -2.95934E-01    3.68748E-02    1.54790E+00    2.13887E+00    1.75034E+00
    1.39219E+02    1.95472E+03    3.00931E+01    4.61986E+02    1.07033E-01   -3.13654E-01    9.30260E-02    1.62239E+00    2.25582E+00    2.13887E+00
    1.41250E+02    1.98965E+03    3.49377E+01    4.67664E+02    1.21108E-01   -3.32002E-01    1.04324E-01    1.67007E+00    2.34813E+00    2.25582E+00
    1.43304E+02    2.01599E+03    2.63348E+01    4.79214E+02    8.89736E-02   -2.96003E-01    3.68230E-02    1.56789E+00    2.17927E+00    1.77935E+00
    1.45381E+02    2.04831E+03    3.23229E+01    4.85087E+02    1.06442E-01   -3.12901E-01    9.23823E-02    1.64278E+00    2.29636E+00    2.17927E+00
    1.47482E+02    2.08563E+03    3.73196E+01    4.91026E+02    1.19792E-01   -3.30358E-01    1.03226E-01    1.69013E+00    2.38797E+00    2.29636E+00
    1.49606E+02    2.11351E+03    2.78814E+01    5.03107E+02    8.72400E-02   -2.93144E-01    3.61496E-02    1.58260E+00    2.20883E+00    1.79973E+00
    1.51754E+02    2.14735E+03    3.38328E+01    5.09249E+02    1.03197E-01   -3.08056E-01    9.10943E-02    1.65550E+00    2.32102E+00    2.20883E+00
    1.53927E+02    2.18524E+03    3.78958E+01    5.15462E+02    1.12685E-01   -3.19756E-01    1.02180E-01    1.69334E+00    2.39194E+00    2.32102E+00
    1.56124E+02    2.22775E+03    4.25115E+01    5.21744E+02    1.23239E-01   -3.34655E-01    1.06041E-01    1.73318E+00    2.47260E+00    2.39194E+00
    1.58346E+02    2.25930E+03    3.15452E+01    5.34523E+02    8.91571E-02   -2.96429E-01    3.58702E-02    1.61688E+00    2.27924E+00    1.84478E+00
    1.60593E+02    2.29779E+03    3.84918E+01    5.41021E+02    1.06070E-01   -3.12769E-01    9.08022E-02    1.69581E+00    2.40257E+00    2.27924E+00
    1.62866E+02    2.34201E+03    4.42150E+01    5.47592E+02    1.18798E-01   -3.29491E-01    1.01164E-01    1.74522E+00    2.49818E+00    2.40257E+00
    1.65164E+02    2.37505E+03    3.30405E+01    5.60958E+02    8.65608E-02   -2.92153E-01    3.47517E-02    1.62957E+00    2.30475E+00    1.86051E+00
    1.67488E+02    2.41499E+03    3.99455E+01    5.67755E+02    1.02046E-01   -3.06805E-01    8.89746E-02    1.70678E+00    2.42384E+00    2.30475E+00
    1.69838E+02    2.45958E+03    4.45838E+01    5.74628E+02    1.11063E-01   -3.18004E-01    9.96840E-02    1.74633E+00    2.49795E+00    2.42384E+00
    1.72215E+02    2.50937E+03    4.97985E+01    5.81579E+02    1.20975E-01   -3.32107E-01    1.03343E-01    1.78764E+00    2.58147E+00    2.49795E+00
    1.74619E+02    2.54614E+03    3.67637E+01    5.95718E+02    8.70959E-02   -2.93102E-01    3.44506E-02    1.66154E+00    2.37005E+00    1.90371E+00
    1.77050E+02    2.59044E+03    4.43065E+01    6.02907E+02    1.02367E-01   -3.07480E-01    8.84487E-02    1.74127E+00    2.49294E+00    2.37005E+00
    1.79508E+02    2.63978E+03    4.93349E+01    6.10178E+02    1.11168E-01   -3.18410E-01    9.89087E-02    1.78185E+00    2.56903E+00    2.49294E+00
    1.81994E+02    2.69478E+03    5.49979E+01    6.17531E+02    1.20870E-01   -3.32235E-01    1.02419E-01    1.82438E+00    2.65502E+00    2.56903E+00
    1.84509E+02    2.73542E+03    4.06453E+01    6.32487E+02    8.71249E-02   -2.93225E-01    3.38215E-02    1.69297E+00    2.43437E+00    1.94446E+00
    1.87052E+02    2.78434E+03    4.89170E+01    6.40091E+02    1.02275E-01   -3.07580E-01    8.75738E-02    1.77582E+00    2.56230E+00    2.43437E+00
    1.89623E+02    2.83875E+03    5.44079E+01    6.47782E+02    1.10958E-01   -3.18396E-01    9.78883E-02    1.81788E+00    2.64122E+00    2.56230E+00
    1.92223E+02    2.89933E+03    6.05823E+01    6.55560E+02    1.20517E-01   -3.32039E-01    1.01327E-01    1.86193E+00    2.73025E+00    2.64122E+00
    1.94853E+02    2.94418E+03    4.48521E+01    6.71380E+02    8.70370E-02   -2.93150E-01    3.31660E-02    1.72539E+00    2.50067E+00    1.98626E+00
    1.97513E+02    2.99809E+03    5.39111E+01    6.79424E+02    1.02054E-01   -3.07485E-01    8.66437E-02    1.81147E+00    2.63385E+00    2.50067E+00
    2.00203E+02    3.05799E+03    5.98969E+01    6.87560E+02    1.10612E-01   -3.18181E-01    9.68166E-02    1.85503E+00    2.71563E+00    2.63385E+00
    2.02923E+02    3.12460E+03    6.66110E+01    6.95787E+02    1.20007E-01   -3.31616E-01    1.00188E-01    1.90058E+00    2.80766E+00    2.71563E+00
    2.05673E+02    3.17398E+03    4.93775E+01    7.12521E+02    8.67881E-02   -2.92799E-01    3.25097E-02    1.75862E+00    2.56857E+00    2.02911E+00
    2.08455E+02    3.23323E+03    5.92511E+01    7.21030E+02    1.01604E-01   -3.07028E-01    8.56640E-02    1.84778E+00    2.70669E+00    2.56857E+00
    2.11269E+02    3.29894E+03    6.57159E+01    7.29636E+02    1.09947E-01   -3.17480E-01    9.56770E-02    1.89255E+00    2.79074E+00    2.70669E+00
    2.14114E+02    3.37186E+03    7.29188E+01    7.38338E+02    1.19032E-01   -3.30512E-01    9.89636E-02    1.93912E+00    2.88474E+00    2.79074E+00
    2.16991E+02    3.42576E+03    5.38940E+01    7.56040E+02    8.58397E-02   -2.91244E-01    3.18802E-02    1.79023E+00    2.63292E+00    2.07081E+00
    2.19901E+02    3.49006E+03    6.43024E+01    7.65041E+02    9.99333E-02   -3.04606E-01    8.45500E-02    1.88039E+00    2.77170E+00    2.63292E+00
    2.22843E+02    3.56062E+03    7.05554E+01    7.74144E+02    1.06994E-01   -3.13180E-01    9.44049E-02    1.92196E+00    2.84871E+00    2.77170E+00
    2.25819E+02    3.63669E+03    7.60789E+01    7.83349E+02    1.12578E-01   -3.20889E-01    9.80211E-02    1.95645E+00    2.91675E+00    2.84871E+00
    2.28829E+02    3.72012E+03    8.34214E+01    7.92659E+02    1.20458E-01   -3.32489E-01    9.95444E-02    2.00038E+00    3.00664E+00    2.91675E+00
    2.31872E+02    3.78128E+03    6.11688E+01    8.11595E+02    8.61926E-02   -2.91885E-01    3.15591E-02    1.83876E+00    2.73211E+00    2.13588E+00
    2.34950E+02    3.85393E+03    7.26442E+01    8.21224E+02    9.98928E-02   -3.04683E-01    8.40312E-02    1.93203E+00    2.87509E+00    2.73211E+00
    2.38063E+02    3.93316E+03    7.92286E+01    8.30961E+02    1.06321E-01   -3.12324E-01    9.36728E-02    1.97313E+00    2.95077E+00    2.87509E+00
    2.41211E+02    4.01770E+03    8.45387E+01    8.40809E+02    1.10715E-01   -3.18228E-01    9.71931E-02    2.00434E+00    3.01171E+00    2.95077E+00
    2.44394E+02    4.10786E+03    9.01656E+01    8.50768E+02    1.15244E-01   -3.24703E-01    9.90578E-02    2.03623E+00    3.07571E+00    3.01171E+00
    2.47614E+02    4.20618E+03    9.83228E+01    8.60839E+02    1.22650E-01   -3.35667E-01    9.98913E-02    2.08090E+00    3.16762E+00    3.07571E+00
    2.50870E+02    4.27827E+03    7.20826E+01    8.81325E+02    8.77590E-02   -2.94589E-01    3.12473E-02    1.90643E+00    2.87094E+00    2.22470E+00
    2.54162E+02    4.36387E+03    8.56049E+01    8.91741E+02    1.01722E-01   -3.07715E-01    8.38702E-02    2.00705E+00    3.02592E+00    2.87094E+00
    2.57492E+02    4.45746E+03    9.35916E+01    9.02276E+02    1.08548E-01   -3.15944E-01    9.34196E-02    2.05280E+00    3.11074E+00    3.02592E+00
    2.60859E+02    4.55808E+03    1.00622E+02    9.12929E+02    1.13908E-01   -3.23315E-01    9.68266E-02    2.09072E+00    3.18558E+00    3.11074E+00
    2.64265E+02    4.66809E+03    1.10003E+02    9.23703E+02    1.21550E-01   -3.34521E-01    9.82115E-02    2.13928E+00    3.28489E+00    3.18558E+00
    2.67709E+02    4.74894E+03    8.08512E+01    9.45618E+02    8.72034E-02   -2.93715E-01    3.05776E-02    1.95692E+00    2.97414E+00    2.29008E+00
    2.71192E+02    4.84468E+03    9.57431E+01    9.56761E+02    1.00800E-01   -3.06494E-01    8.28319E-02    2.06144E+00    3.13492E+00    2.97414E+00
    2.74714E+02    4.94886E+03    1.04173E+02    9.68030E+02    1.07059E-01   -3.13927E-01    9.22430E-02    2.10703E+00    3.21897E+00    3.13492E+00
    2.78276E+02    5.05976E+03    1.10908E+02    9.79426E+02    1.11264E-01   -3.19564E-01    9.56205E-02    2.14141E+00    3.28610E+00    3.21897E+00
    2.81878E+02    5.17776E+03    1.17999E+02    9.90952E+02    1.15560E-01   -3.25696E-01    9.73763E-02    2.17635E+00    3.35619E+00    3.28610E+00
    2.85521E+02    5.30602E+03    1.28255E+02    1.00261E+03    1.22615E-01   -3.36134E-01    9.81282E-02    2.22523E+00    3.45665E+00    3.35619E+00
    2.89205E+02    5.39996E+03    9.39412E+01    1.02631E+03    8.76756E-02   -2.94557E-01    3.01986E-02    2.02769E+00    3.11898E+00    2.38365E+00
    2.92931E+02    5.51084E+03    1.10886E+02    1.03837E+03    1.01032E-01   -3.07015E-01    8.23066E-02    2.13785E+00    3.28815E+00    3.11898E+00
    2.96699E+02    5.63104E+03    1.20199E+02    1.05056E+03    1.06919E-01   -3.13908E-01    9.15456E-02    2.18455E+00    3.37397E+00    3.28815E+00
    3.00509E+02    5.75833E+03    1.27289E+02    1.06289E+03    1.10540E-01   -3.18672E-01    9.48062E-02    2.21815E+00    3.43926E+00    3.37397E+00
    3.04363E+02    5.89241E+03    1.34081E+02    1.07536E+03    1.13680E-01   -3.23055E-01    9.65172E-02    2.24929E+00    3.50119E+00    3.43926E+00
    3.08260E+02    6.03428E+03    1.41867E+02    1.08797E+03    1.17434E-01   -3.28488E-01    9.76179E-02    2.28405E+00    3.57138E+00    3.50119E+00
    3.12201E+02    6.18791E+03    1.53631E+02    1.10072E+03    1.24163E-01   -3.38452E-01    9.80488E-02    2.33505E+00    3.67642E+00    3.57138E+00
    3.16187E+02    6.30034E+03    1.12429E+02    1.12666E+03    8.87164E-02   -2.96353E-01    2.98535E-02    2.11966E+00    3.30745E+00    2.50464E+00
    3.20217E+02    6.43280E+03    1.32464E+02    1.13985E+03    1.02057E-01   -3.08765E-01    8.19802E-02    2.23829E+00    3.48982E+00    3.30745E+00
    3.24294E+02    6.57618E+03    1.43379E+02    1.15318E+03    1.07859E-01   -3.15530E-01    9.11049E-02    2.28823E+00    3.58163E+00    3.48982E+00
    3.28416E+02    6.72783E+03    1.51650E+02    1.16667E+03    1.11391E-01   -3.20157E-01    9.42854E-02    2.32405E+00    3.65124E+00    3.58163E+00
    3.32585E+02    6.88739E+03    1.59560E+02    1.18031E+03    1.14438E-01   -3.24399E-01    9.59346E-02    2.35720E+00    3.71718E+00    3.65124E+00
    3.36801E+02    7.05602E+03    1.68622E+02    1.19411E+03    1.18089E-01   -3.29672E-01    9.69832E-02    2.39421E+00    3.79191E+00    3.71718E+00
    3.41064E+02    7.23835E+03    1.82335E+02    1.20806E+03    1.24687E-01   -3.39420E-01    9.73731E-02    2.44862E+00    3.90390E+00    3.79191E+00
    3.45376E+02    7.37184E+03    1.33492E+02    1.23644E+03    8.91396E-02   -2.97112E-01    2.93937E-02    2.21554E+00    3.50382E+00    2.63025E+00
    3.49737E+02    7.52879E+03    1.56948E+02    1.25087E+03    1.02340E-01   -3.09382E-01    8.13798E-02    2.34267E+00    3.69932E+00    3.50382E+00
    3.54147E+02    7.69828E+03    1.69487E+02    1.26546E+03    1.07920E-01   -3.15837E-01    9.03742E-02    2.39526E+00    3.79586E+00    3.69932E+00
    3.58606E+02    7.87700E+03    1.78718E+02    1.28022E+03    1.11127E-01   -3.19986E-01    9.34660E-02    2.43195E+00    3.86698E+00    3.79586E+00
    3.63116E+02    8.06413E+03    1.87131E+02    1.29514E+03    1.13629E-01   -3.23412E-01    9.50457E-02    2.46435E+00    3.93114E+00    3.86698E+00
    3.67677E+02    8.26001E+03    1.95886E+02    1.31023E+03    1.16157E-01   -3.26995E-01    9.60774E-02    2.49726E+00    3.99705E+00    3.93114E+00
    3.72290E+02    8.46636E+03    2.06348E+02    1.32550E+03    1.19495E-01   -3.31844E-01    9.68230E-02    2.53572E+00    4.07495E+00    3.99705E+00
    3.76954E+02    8.68893E+03    2.22569E+02    1.34093E+03    1.25871E-01   -3.41253E-01    9.70425E-02    2.59375E+00    4.19451E+00    4.07495E+00
    3.81672E+02    8.85188E+03    1.62953E+02    1.37233E+03    8.99995E-02   -2.98593E-01    2.90086E-02    2.33775E+00    3.75423E+00    2.79058E+00
    3.86442E+02    9.04314E+03    1.91261E+02    1.38830E+03    1.03165E-01   -3.10822E-01    8.09600E-02    2.47614E+00    3.96729E+00    3.75423E+00
    3.91267E+02    9.24940E+03    2.06260E+02    1.40444E+03    1.08655E-01   -3.17149E-01    8.98411E-02    2.53297E+00    4.07167E+00    3.96729E+00
    3.96146E+02    9.46664E+03    2.17239E+02    1.42077E+03    1.11766E-01   -3.21160E-01    9.28570E-02    2.57245E+00    4.14822E+00    4.07167E+00
    4.01080E+02    9.69385E+03    2.27211E+02    1.43728E+03    1.14169E-01   -3.24440E-01    9.43775E-02    2.60723E+00    4.21708E+00    4.14822E+00
    4.06070E+02    9.93142E+03    2.37567E+02    1.45398E+03    1.16588E-01   -3.27865E-01    9.53570E-02    2.64250E+00    4.28773E+00    4.21708E+00
    4.11116E+02    1.01814E+04    2.49937E+02    1.47087E+03    1.19800E-01   -3.32526E-01    9.60537E-02    2.68372E+00    4.37119E+00    4.28773E+00
    4.16220E+02    1.04505E+04    2.69149E+02    1.48795E+03    1.26002E-01   -3.41675E-01    9.62320E-02    2.74605E+00    4.49954E+00    4.37119E+00
    4.21381E+02    1.06476E+04    1.97056E+02    1.52269E+03    9.01040E-02   -2.98815E-01    2.85213E-02    2.46604E+00    4.01690E+00    2.95864E+00
    4.26600E+02    1.08783E+04    2.30756E+02    1.54035E+03    1.03058E-01   -3.10839E-01    8.02312E-02    2.61552E+00    4.24702E+00    4.01690E+00
    4.31879E+02    1.11265E+04    2.48228E+02    1.55821E+03    1.08283E-01   -3.16811E-01    8.89567E-02    2.67568E+00    4.35731E+00    4.24702E+00
    4.37217E+02    1.13872E+04    2.60634E+02    1.57628E+03    1.11051E-01   -3.20331E-01    9.18647E-02    2.71627E+00    4.43580E+00    4.35731E+00
    4.42615E+02    1.16586E+04    2.71411E+02    1.59455E+03    1.12956E-01   -3.22884E-01    9.32875E-02    2.75051E+00    4.50333E+00    4.43580E+00
    4.48074E+02    1.19404E+04    2.81803E+02    1.61303E+03    1.14558E-01   -3.25098E-01    9.41746E-02    2.78278E+00    4.56757E+00    4.50333E+00
    4.53595E+02    1.22329E+04    2.92541E+02    1.63171E+03    1.16163E-01   -3.27369E-01    9.48287E-02    2.81550E+00    4.63305E+00    4.56757E+00
    4.59179E+02    1.25374E+04    3.04452E+02    1.65061E+03    1.18088E-01   -3.30141E-01    9.53670E-02    2.85113E+00    4.70479E+00    4.63305E+00
    4.64825E+02    1.28566E+04    3.19229E+02    1.66972E+03    1.20949E-01   -3.34321E-01    9.58014E-02    2.89452E+00    4.79286E+00    4.70479E+00
    4.70535E+02    1.31994E+04    3.42779E+02    1.68904E+03    1.26862E-01   -3.43048E-01    9.58103E-02    2.96196E+00    4.93188E+00    4.79286E+00
    4.76310E+02    1.34501E+04    2.50727E+02    1.72835E+03    9.06444E-02   -2.99756E-01    2.81216E-02    2.64707E+00    4.38783E+00    3.19668E+00
    4.82150E+02    1.37431E+04    2.92971E+02    1.74834E+03    1.03464E-01   -3.11630E-01    7.96938E-02    2.81270E+00    4.64287E+00    4.38783E+00
    4.88056E+02    1.40576E+04    3.14543E+02    1.76855E+03    1.08512E-01   -3.17364E-01    8.82733E-02    2.87845E+00    4.76335E+00    4.64287E+00
    4.94029E+02    1.43873E+04    3.29643E+02    1.78899E+03    1.11091E-01   -3.20618E-01    9.10804E-02    2.92226E+00    4.84800E+00    4.76335E+00
    5.00069E+02    1.47299E+04    3.42577E+02    1.80967E+03    1.12781E-01   -3.22862E-01    9.24192E-02    2.95873E+00    4.91987E+00    4.84800E+00
    5.06178E+02    1.50847E+04    3.54829E+02    1.83057E+03    1.14116E-01   -3.24691E-01    9.32274E-02    2.99254E+00    4.98708E+00    4.91987E+00
    5.12356E+02    1.54518E+04    3.67154E+02    1.85172E+03    1.15352E-01   -3.26424E-01    9.38033E-02    3.02593E+00    5.05377E+00    4.98708E+00
    5.18603E+02    1.58320E+04    3.80185E+02    1.87310E+03    1.16689E-01   -3.28332E-01    9.42682E-02    3.06063E+00    5.12338E+00    5.05377E+00
    5.24921E+02    1.62269E+04    3.94843E+02    1.89472E+03    1.18391E-01   -3.30799E-01    9.46745E-02    3.09903E+00    5.20075E+00    5.12338E+00
    5.31310E+02    1.66401E+04    4.13222E+02    1.91659E+03    1.21044E-01   -3.34691E-01    9.50074E-02    3.14633E+00    5.29681E+00    5.20075E+00
    5.37772E+02    1.70829E+04    4.42817E+02    1.93871E+03    1.26723E-01   -3.43088E-01    9.49391E-02    3.22066E+00    5.45001E+00    5.29681E+00
    5.44306E+02    1.74067E+04    3.23841E+02    1.98369E+03    9.05392E-02   -2.99627E-01    2.76152E-02    2.86465E+00    4.83359E+00    3.48227E+00
    5.50915E+02    1.77844E+04    3.77624E+02    2.00656E+03    1.03144E-01   -3.11325E-01    7.88725E-02    3.04967E+00    5.11859E+00    4.83359E+00
    5.57598E+02    1.81890E+04    4.04657E+02    2.02970E+03    1.07983E-01   -3.16803E-01    8.72854E-02    3.12207E+00    5.25119E+00    5.11859E+00
    5.64357E+02    1.86123E+04    4.23274E+02    2.05309E+03    1.10351E-01   -3.19771E-01    8.99875E-02    3.16961E+00    5.34296E+00    5.25119E+00
    5.71192E+02    1.90513E+04    4.38956E+02    2.07675E+03    1.11807E-01   -3.21686E-01    9.12390E-02    3.20857E+00    5.41965E+00    5.34296E+00
    5.78104E+02    1.95048E+04    4.53519E+02    2.10067E+03    1.12860E-01   -3.23113E-01    9.19630E-02    3.24402E+00    5.49000E+00    5.41965E+00
    5.85094E+02    1.99725E+04    4.67772E+02    2.12487E+03    1.13731E-01   -3.24320E-01    9.24512E-02    3.27811E+00    5.55795E+00    5.49000E+00
    5.92163E+02    2.04548E+04    4.82210E+02    2.14934E+03    1.14547E-01   -3.25471E-01    9.28221E-02    3.31209E+00    5.62587E+00    5.55795E+00
    5.99313E+02    2.09520E+04    4.97277E+02    2.17408E+03    1.15413E-01   -3.26709E-01    9.31335E-02    3.34701E+00    5.69584E+00    5.62587E+00
    6.06543E+02    2.14656E+04    5.13561E+02    2.19911E+03    1.16455E-01   -3.28220E-01    9.34176E-02    3.38420E+00    5.77056E+00    5.69584E+00
    6.13854E+02    2.19978E+04    5.32155E+02    2.22441E+03    1.17902E-01   -3.30340E-01    9.36879E-02    3.42603E+00    5.85495E+00    5.77056E+00
    6.21249E+02    2.25535E+04    5.55763E+02    2.25001E+03    1.20308E-01   -3.33899E-01    9.39115E-02    3.47827E+00    5.96109E+00    5.85495E+00
    6.28727E+02    2.31478E+04    5.94267E+02    2.27589E+03    1.25692E-01   -3.41909E-01    9.37582E-02    3.56148E+00    6.13260E+00    5.96109E+00
    6.36289E+02    2.35822E+04    4.34398E+02    2.32854E+03    8.97722E-02   -2.98399E-01    2.70240E-02    3.15100E+00    5.42028E+00    3.85836E+00
    6.43937E+02    2.40877E+04    5.05473E+02    2.35531E+03    1.02067E-01   -3.09867E-01    7.77754E-02    3.36148E+00    5.74461E+00    5.42028E+00
    6.51671E+02    2.46283E+04    5.40629E+02    2.38238E+03    1.06664E-01   -3.15072E-01    8.59884E-02    3.44268E+00    5.89321E+00    5.74461E+00
    6.59493E+02    2.51928E+04    5.64480E+02    2.40976E+03    1.08820E-01   -3.17764E-01    8.85739E-02    3.49527E+00    5.99468E+00    5.89321E+00
    6.67403E+02    2.57771E+04    5.84308E+02    2.43745E+03    1.10063E-01   -3.19392E-01    8.97340E-02    3.53788E+00    6.07847E+00    5.99468E+00
    6.75402E+02    2.63796E+04    6.02486E+02    2.46545E+03    1.10890E-01   -3.20504E-01    9.03744E-02    3.57618E+00    6.15443E+00    6.07847E+00
    6.83492E+02    2.69996E+04    6.20021E+02    2.49376E+03    1.11507E-01   -3.21350E-01    9.07796E-02    3.61252E+00    6.22679E+00    6.15443E+00
    6.91673E+02    2.76370E+04    6.37451E+02    2.52240E+03    1.12020E-01   -3.22067E-01    9.10640E-02    3.64810E+00    6.29780E+00    6.22679E+00
    6.99947E+02    2.82922E+04    6.55149E+02    2.55136E+03    1.12498E-01   -3.22746E-01    9.12828E-02    3.68371E+00    6.36901E+00    6.29780E+00
    7.08314E+02    2.89656E+04    6.73462E+02    2.58065E+03    1.12999E-01   -3.23471E-01    9.14664E-02    3.72006E+00    6.44180E+00    6.36901E+00
    7.16776E+02    2.96585E+04    6.92828E+02    2.61027E+03    1.13593E-01   -3.24339E-01    9.16347E-02    3.75798E+00    6.51787E+00    6.44180E+00
    7.25333E+02    3.03724E+04    7.13958E+02    2.64022E+03    1.14384E-01   -3.25509E-01    9.18006E-02    3.79881E+00    6.59995E+00    6.51787E+00
    7.33987E+02    3.11107E+04    7.38285E+02    2.67052E+03    1.15580E-01   -3.27296E-01    9.19677E-02    3.84517E+00    6.69351E+00    6.59995E+00
    7.42739E+02    3.18802E+04    7.69457E+02    2.70115E+03    1.17711E-01   -3.30498E-01    9.20984E-02    3.90363E+00    6.81234E+00    6.69351E+00
    7.51590E+02    3.27011E+04    8.20916E+02    2.73213E+03    1.22718E-01   -3.38050E-01    9.18697E-02    3.99795E+00    7.00674E+00    6.81234E+00
    7.60540E+02    3.33007E+04    5.99592E+02    2.79515E+03    8.75875E-02   -2.94786E-01    2.62422E-02    3.51730E+00    6.17068E+00    4.33949E+00
    7.69592E+02    3.39968E+04    6.96096E+02    2.82719E+03    9.93658E-02   -3.05903E-01    7.60853E-02    3.75992E+00    6.54448E+00    6.17068E+00
    7.78746E+02    3.47397E+04    7.42939E+02    2.85960E+03    1.03635E-01   -3.10763E-01    8.40299E-02    3.85191E+00    6.71267E+00    6.54448E+00
    7.88004E+02    3.55139E+04    7.74143E+02    2.89237E+03    1.05526E-01   -3.13128E-01    8.64725E-02    3.91053E+00    6.82562E+00    6.71267E+00
    7.97366E+02    3.63135E+04    7.99682E+02    2.92551E+03    1.06524E-01   -3.14426E-01    8.75247E-02    3.95733E+00    6.91759E+00    6.82562E+00
    8.06834E+02    3.71363E+04    8.22768E+02    2.95902E+03    1.07103E-01   -3.15194E-01    8.80685E-02    3.99887E+00    6.99989E+00    6.91759E+00
    8.16409E+02    3.79810E+04    8.44722E+02    2.99292E+03    1.07457E-01   -3.15667E-01    8.83797E-02    4.03776E+00    7.07725E+00    6.99989E+00
    8.26092E+02    3.88472E+04    8.66194E+02    3.02720E+03    1.07680E-01   -3.15968E-01    8.85681E-02    4.07526E+00    7.15202E+00    7.07725E+00
    8.35885E+02    3.97348E+04    8.87560E+02    3.06186E+03    1.07825E-01   -3.16164E-01    8.86854E-02    4.11209E+00    7.22556E+00    7.15202E+00
    8.45788E+02    4.06439E+04    9.09072E+02    3.09692E+03    1.07926E-01   -3.16303E-01    8.87593E-02    4.14871E+00    7.29874E+00    7.22556E+00
    8.55803E+02    4.15748E+04    9.30935E+02    3.13237E+03    1.08007E-01   -3.16419E-01    8.88063E-02    4.18547E+00    7.37227E+00    7.29874E+00
    8.65932E+02    4.25281E+04    9.53347E+02    3.16823E+03    1.08093E-01   -3.16545E-01    8.88374E-02    4.22272E+00    7.44680E+00    7.37227E+00
    8.76174E+02    4.35047E+04    9.76545E+02    3.20448E+03    1.08206E-01   -3.16717E-01    8.88610E-02    4.26082E+00    7.52311E+00    7.44680E+00
    8.86533E+02    4.45055E+04    1.00086E+03    3.24115E+03    1.08379E-01   -3.16984E-01    8.88839E-02    4.30029E+00    7.60223E+00    7.52311E+00
    8.97009E+02    4.55324E+04    1.02682E+03    3.27824E+03    1.08664E-01   -3.17425E-01    8.89128E-02    4.34194E+00    7.68584E+00    7.60223E+00
    9.07603E+02    4.65877E+04    1.05538E+03    3.31574E+03    1.09150E-01   -3.18178E-01    8.89527E-02    4.38722E+00    7.77693E+00    7.68584E+00
    9.18316E+02    4.76763E+04    1.08858E+03    3.35366E+03    1.10026E-01   -3.19538E-01    8.90024E-02    4.43918E+00    7.88184E+00    7.77693E+00
    9.29151E+02    4.88080E+04    1.13164E+03    3.39202E+03    1.11782E-01   -3.22268E-01    8.90231E-02    4.50559E+00    8.01689E+00    7.88184E+00
    9.40108E+02    5.00119E+04    1.20397E+03    3.43080E+03    1.16227E-01   -3.29179E-01    8.87050E-02    4.61469E+00    8.24182E+00    8.01689E+00
    9.51189E+02    5.08897E+04    8.77744E+02    3.50970E+03    8.28113E-02   -2.86672E-01    2.51096E-02    4.03334E+00    7.22780E+00    5.01829E+00
    9.62395E+02    5.19059E+04    1.01625E+03    3.54982E+03    9.37034E-02   -2.97207E-01    7.32886E-02    4.32050E+00    7.66978E+00    7.22780E+00
    9.73728E+02    5.29878E+04    1.08188E+03    3.59039E+03    9.74923E-02   -3.01593E-01    8.08337E-02    4.42695E+00    7.86405E+00    7.66978E+00
    9.85189E+02    5.41124E+04    1.12459E+03    3.63142E+03    9.90425E-02   -3.03545E-01    8.30828E-02    4.49332E+00    7.99177E+00    7.86405E+00
    9.96779E+02    5.52713E+04    1.15888E+03    3.67291E+03    9.97491E-02   -3.04456E-01    8.39975E-02    4.54542E+00    8.09402E+00    7.99177E+00
    1.00850E+03    5.64607E+04    1.18942E+03    3.71487E+03    1.00057E-01   -3.04844E-01    8.44241E-02    4.59103E+00    8.18429E+00    8.09402E+00
    1.02035E+03    5.76788E+04    1.21810E+03    3.75731E+03    1.00147E-01   -3.04936E-01    8.46263E-02    4.63324E+00    8.26820E+00    8.18429E+00
    1.03234E+03    5.89246E+04    1.24582E+03    3.80022E+03    1.00106E-01   -3.04845E-01    8.47086E-02    4.67352E+00    8.34846E+00    8.26820E+00
    1.04447E+03    6.01977E+04    1.27308E+03    3.84362E+03    9.99795E-02   -3.04634E-01    8.47200E-02    4.71267E+00    8.42657E+00    8.34846E+00
    1.05673E+03    6.14979E+04    1.30019E+03    3.88751E+03    9.97963E-02   -3.04343E-01    8.46862E-02    4.75117E+00    8.50344E+00    8.42657E+00
    1.06912E+03    6.28253E+04    1.32736E+03    3.93190E+03    9.95745E-02   -3.03996E-01    8.46220E-02    4.78932E+00    8.57968E+00    8.50344E+00
    1.08166E+03    6.41800E+04    1.35473E+03    3.97679E+03    9.93275E-02   -3.03613E-01    8.45368E-02    4.82737E+00    8.65573E+00    8.57968E+00
    1.09434E+03    6.55624E+04    1.38245E+03    4.02218E+03    9.90657E-02   -3.03210E-01    8.44370E-02    4.86550E+00    8.73197E+00    8.65573E+00
    1.10717E+03    6.69731E+04    1.41065E+03    4.06809E+03    9.87990E-02   -3.02800E-01    8.43272E-02    4.90390E+00    8.80878E+00    8.73197E+00
    1.12014E+03    6.84126E+04    1.43948E+03    4.11452E+03    9.85376E-02   -3.02400E-01    8.42114E-02    4.94277E+00    8.88656E+00    8.80878E+00
    1.13325E+03    6.98817E+04    1.46914E+03    4.16147E+03    9.82937E-02   -3.02030E-01    8.40929E-02    4.98236E+00    8.96584E+00    8.88656E+00
    1.14652E+03    7.13816E+04    1.49993E+03    4.20895E+03    9.80841E-02   -3.01716E-01    8.39752E-02    5.02305E+00    9.04734E+00    8.96584E+00
    1.15993E+03    7.29139E+04    1.53227E+03    4.25697E+03    9.79337E-02   -3.01498E-01    8.38621E-02    5.06537E+00    9.13220E+00    9.04734E+00
    1.17349E+03    7.44808E+04    1.56692E+03    4.30553E+03    9.78844E-02   -3.01445E-01    8.37576E-02    5.11025E+00    9.22231E+00    9.13220E+00
    1.18721E+03    7.60861E+04    1.60526E+03    4.35464E+03    9.80132E-02   -3.01684E-01    8.36652E-02    5.15940E+00    9.32123E+00    9.22231E+00
    1.20109E+03    7.77363E+04    1.65026E+03    4.40431E+03    9.84842E-02   -3.02487E-01    8.35828E-02    5.21645E+00    9.43650E+00    9.32123E+00
    1.21512E+03    7.94460E+04    1.70965E+03    4.45454E+03    9.97238E-02   -3.04559E-01    8.34738E-02    5.29076E+00    9.58773E+00    9.43650E+00
    1.22930E+03    8.12581E+04    1.81215E+03    4.50533E+03    1.03315E-01   -3.10512E-01    8.30519E-02    5.41633E+00    9.84680E+00    9.58773E+00
    1.24365E+03    8.25741E+04    1.31591E+03    4.60865E+03    7.33289E-02   -2.69789E-01    2.32984E-02    4.70002E+00    8.59295E+00    5.89682E+00
    1.25816E+03    8.40920E+04    1.51799E+03    4.66118E+03    8.26798E-02   -2.79298E-01    6.83559E-02    5.04197E+00    9.11764E+00    8.59295E+00
    1.27284E+03    8.57023E+04    1.61023E+03    4.71431E+03    8.57240E-02   -2.82950E-01    7.52533E-02    5.16417E+00    9.33981E+00    9.11764E+00
    1.28768E+03    8.73702E+04    1.66789E+03    4.76804E+03    8.67898E-02   -2.84303E-01    7.72128E-02    5.23756E+00    9.48056E+00    9.33981E+00
    1.30269E+03    8.90828E+04    1.71267E+03    4.82238E+03    8.71087E-02   -2.84667E-01    7.79310E-02    5.29336E+00    9.58981E+00    9.48056E+00
    1.31787E+03    9.08343E+04    1.75148E+03    4.87733E+03    8.70726E-02   -2.84532E-01    7.81944E-02    5.34099E+00    9.68391E+00    9.58981E+00
    1.33322E+03    9.26214E+04    1.78711E+03    4.93290E+03    8.68396E-02   -2.84107E-01    7.82475E-02    5.38416E+00    9.76961E+00    9.68391E+00
    1.34874E+03    9.44423E+04    1.82088E+03    4.98910E+03    8.64852E-02   -2.83499E-01    7.81870E-02    5.42463E+00    9.85015E+00    9.76961E+00
    1.36444E+03    9.62958E+04    1.85351E+03    5.04593E+03    8.60495E-02   -2.82766E-01    7.80579E-02    5.46334E+00    9.92728E+00    9.85015E+00
    1.38031E+03    9.81812E+04    1.88539E+03    5.10341E+03    8.55561E-02   -2.81940E-01    7.78836E-02    5.50080E+00    1.00020E+01    9.92728E+00
    1.39637E+03    1.00098E+05    1.91677E+03    5.16154E+03    8.50195E-02   -2.81044E-01    7.76775E-02    5.53735E+00    1.00749E+01    1.00020E+01
    1.41261E+03    1.02046E+05    1.94782E+03    5.22032E+03    8.44494E-02   -2.80092E-01    7.74477E-02    5.57320E+00    1.01465E+01    1.00749E+01
    1.42903E+03    1.04024E+05    1.97865E+03    5.27977E+03    8.38525E-02   -2.79093E-01    7.71996E-02    5.60849E+00    1.02170E+01    1.01465E+01
    1.44563E+03    1.06034E+05    2.00931E+03    5.33989E+03    8.32335E-02   -2.78054E-01    7.69366E-02    5.64332E+00    1.02866E+01    1.02170E+01
    1.46243E+03    1.08074E+05    2.03988E+03    5.40068E+03    8.25961E-02   -2.76982E-01    7.66612E-02    5.67775E+00    1.03554E+01    1.02866E+01
    1.47941E+03    1.10144E+05    2.07039E+03    5.46217E+03    8.19431E-02   -2.75880E-01    7.63753E-02    5.71186E+00    1.04235E+01    1.03554E+01
    1.49658E+03    1.12245E+05    2.10087E+03    5.52435E+03    8.12768E-02   -2.74752E-01    7.60801E-02    5.74568E+00    1.04911E+01    1.04235E+01
    1.51395E+03    1.14376E+05    2.13135E+03    5.58723E+03    8.05993E-02   -2.73600E-01    7.57769E-02    5.77925E+00    1.05582E+01    1.04911E+01
    1.53152E+03    1.16538E+05    2.16187E+03    5.65083E+03    7.99127E-02   -2.72429E-01    7.54664E-02    5.81261E+00    1.06248E+01    1.05582E+01
    1.54928E+03    1.18731E+05    2.19245E+03    5.71514E+03    7.92187E-02   -2.71240E-01    7.51496E-02    5.84579E+00    1.06912E+01    1.06248E+01
    1.56725E+03    1.20954E+05    2.22314E+03    5.78018E+03    7.85195E-02   -2.70038E-01    7.48271E-02    5.87886E+00    1.07573E+01    1.06912E+01
    1.58541E+03    1.23208E+05    2.25399E+03    5.84595E+03    7.78174E-02   -2.68826E-01    7.44998E-02    5.91187E+00    1.08232E+01    1.07573E+01
    1.60379E+03    1.25493E+05    2.28507E+03    5.91247E+03    7.71153E-02   -2.67609E-01    7.41685E-02    5.94490E+00    1.08893E+01    1.08232E+01
    1.62237E+03    1.27809E+05    2.31649E+03    5.97974E+03    7.64169E-02   -2.66393E-01    7.38340E-02    5.97806E+00    1.09556E+01    1.08893E+01
    1.64116E+03    1.30158E+05    2.34841E+03    6.04777E+03    7.57270E-02   -2.65189E-01    7.34976E-02    6.01153E+00    1.10226E+01    1.09556E+01
    1.66016E+03    1.32539E+05    2.38105E+03    6.11656E+03    7.50528E-02   -2.64008E-01    7.31606E-02    6.04553E+00    1.10906E+01    1.10226E+01
    1.67938E+03    1.34954E+05    2.41480E+03    6.18614E+03    7.44048E-02   -2.62871E-01    7.28249E-02    6.08045E+00    1.11606E+01    1.10906E+01
    1.69881E+03    1.37404E+05    2.45026E+03    6.25650E+03    7.37998E-02   -2.61810E-01    7.24927E-02    6.11691E+00    1.12337E+01    1.11606E+01
    1.71847E+03    1.39892E+05    2.48851E+03    6.32766E+03    7.32666E-02   -2.60880E-01    7.21667E-02    6.15599E+00    1.13122E+01    1.12337E+01
    1.73834E+03    1.42424E+05    2.53158E+03    6.39962E+03    7.28592E-02   -2.60186E-01    7.18492E-02    6.19971E+00    1.14003E+01    1.13122E+01
    1.75845E+03    1.45008E+05    2.58390E+03    6.47239E+03    7.26934E-02   -2.59953E-01    7.15381E-02    6.25244E+00    1.15071E+01    1.14003E+01
    1.77877E+03    1.47665E+05    2.65703E+03    6.54598E+03    7.30709E-02   -2.60770E-01    7.12025E-02    6.32549E+00    1.16563E+01    1.15071E+01
    1.79933E+03    1.50459E+05    2.79411E+03    6.62041E+03    7.51138E-02   -2.64819E-01    7.06043E-02    6.46008E+00    1.19348E+01    1.16563E+01
    1.82012E+03    1.52462E+05    2.00348E+03    6.77180E+03    5.26493E-02   -2.28613E-01    1.96266E-02    5.54779E+00    1.03274E+01    7.02505E+00
    1.84115E+03    1.54756E+05    2.29395E+03    6.84878E+03    5.89283E-02   -2.35835E-01    5.75344E-02    5.94795E+00    1.09343E+01    1.03274E+01
    1.86241E+03    1.57171E+05    2.41442E+03    6.92663E+03    6.06296E-02   -2.38011E-01    6.30887E-02    6.07776E+00    1.11670E+01    1.09343E+01
    1.88391E+03    1.59652E+05    2.48110E+03    7.00536E+03    6.09049E-02   -2.38216E-01    6.44831E-02    6.14702E+00    1.12982E+01    1.11670E+01
    1.90566E+03    1.62179E+05    2.52715E+03    7.08497E+03    6.06421E-02   -2.37569E-01    6.48324E-02    6.19398E+00    1.13892E+01    1.12982E+01
    1.92765E+03    1.64742E+05    2.56307E+03    7.16549E+03    6.01230E-02   -2.36483E-01    6.47969E-02    6.23015E+00    1.14600E+01    1.13892E+01
    1.94989E+03    1.67335E+05    2.59309E+03    7.24692E+03    5.94614E-02   -2.35140E-01    6.45815E-02    6.26007E+00    1.15190E+01    1.14600E+01
    1.97238E+03    1.69954E+05    2.61918E+03    7.32927E+03    5.87115E-02   -2.33626E-01    6.42674E-02    6.28585E+00    1.15700E+01    1.15190E+01
    1.99513E+03    1.72597E+05    2.64240E+03    7.41255E+03    5.79023E-02   -2.31992E-01    6.38920E-02    6.30860E+00    1.16151E+01    1.15700E+01
    2.01813E+03    1.75260E+05    2.66331E+03    7.49677E+03    5.70507E-02   -2.30264E-01    6.34750E-02    6.32895E+00    1.16554E+01    1.16151E+01
    2.04139E+03    1.77942E+05    2.68226E+03    7.58194E+03    5.61672E-02   -2.28462E-01    6.30274E-02    6.34727E+00    1.16918E+01    1.16554E+01
    2.06492E+03    1.80642E+05    2.69946E+03    7.66807E+03    5.52588E-02   -2.26596E-01    6.25560E-02    6.36378E+00    1.17245E+01    1.16918E+01
    2.08871E+03    1.83357E+05    2.71502E+03    7.75518E+03    5.43303E-02   -2.24674E-01    6.20651E-02    6.37861E+00    1.17539E+01    1.17245E+01
    2.11277E+03    1.86086E+05    2.72900E+03    7.84327E+03    5.33851E-02   -2.22701E-01    6.15574E-02    6.39185E+00    1.17802E+01    1.17539E+01
    2.13710E+03    1.88827E+05    2.74145E+03    7.93236E+03    5.24256E-02   -2.20682E-01    6.10348E-02    6.40355E+00    1.18034E+01    1.17802E+01
    2.16171E+03    1.91580E+05    2.75237E+03    8.02245E+03    5.14539E-02   -2.18618E-01    6.04988E-02    6.41371E+00    1.18235E+01    1.18034E+01
    2.18659E+03    1.94341E+05    2.76176E+03    8.11356E+03    5.04714E-02   -2.16512E-01    5.99502E-02    6.42236E+00    1.18405E+01    1.18235E+01
    2.21176E+03    1.97111E+05    2.76959E+03    8.20570E+03    4.94794E-02   -2.14365E-01    5.93897E-02    6.42946E+00    1.18545E+01    1.18405E+01
    2.23721E+03    1.99887E+05    2.77583E+03    8.29888E+03    4.84790E-02   -2.12178E-01    5.88178E-02    6.43501E+00    1.18654E+01    1.18545E+01
    2.26295E+03    2.02667E+05    2.78045E+03    8.39312E+03    4.74710E-02   -2.09952E-01    5.82348E-02    6.43897E+00    1.18731E+01    1.18654E+01
    2.28898E+03    2.05451E+05    2.78340E+03    8.48842E+03    4.64561E-02   -2.07686E-01    5.76410E-02    6.44130E+00    1.18776E+01    1.18731E+01
    2.31530E+03    2.08235E+05    2.78465E+03    8.58480E+03    4.54350E-02   -2.05382E-01    5.70366E-02    6.44197E+00    1.18787E+01    1.18776E+01
    2.34192E+03    2.11019E+05    2.78414E+03    8.68226E+03    4.44085E-02   -2.03040E-01    5.64216E-02    6.44093E+00    1.18763E+01    1.18787E+01
    2.36884E+03    2.13801E+05    2.78181E+03    8.78083E+03    4.33770E-02   -2.00658E-01    5.57962E-02    6.43812E+00    1.18705E+01    1.18763E+01
    2.39607E+03    2.16579E+05    2.77762E+03    8.88051E+03    4.23410E-02   -1.98238E-01    5.51602E-02    6.43349E+00    1.18610E+01    1.18705E+01
    2.42360E+03    2.19350E+05    2.77151E+03    8.98132E+03    4.13013E-02   -1.95779E-01    5.45138E-02    6.42699E+00    1.18477E+01    1.18610E+01
    2.45145E+03    2.22114E+05    2.76343E+03    9.08326E+03    4.02581E-02   -1.93281E-01    5.38569E-02    6.41855E+00    1.18306E+01    1.18477E+01
    2.47961E+03    2.24867E+05    2.75331E+03    9.18636E+03    3.92120E-02   -1.90743E-01    5.31894E-02    6.40810E+00    1.18094E+01    1.18306E+01
    2.50808E+03    2.27608E+05    2.74109E+03    9.29063E+03    3.81636E-02   -1.88165E-01    5.25113E-02    6.39559E+00    1.17841E+01    1.18094E+01
    2.53688E+03    2.30335E+05    2.72673E+03    9.39607E+03    3.71134E-02   -1.85547E-01    5.18224E-02    6.38094E+00    1.17546E+01    1.17841E+01
    2.56601E+03    2.33045E+05    2.71017E+03    9.50270E+03    3.60617E-02   -1.82888E-01    5.11228E-02    6.36408E+00    1.17205E+01    1.17546E+01
    2.59546E+03    2.35736E+05    2.69134E+03    9.61054E+03    3.50092E-02   -1.80188E-01    5.04121E-02    6.34493E+00    1.16820E+01    1.17205E+01
    2.62525E+03    2.38407E+05    2.67020E+03    9.71960E+03    3.39563E-02   -1.77446E-01    4.96904E-02    6.32342E+00    1.16386E+01    1.16820E+01
    2.65537E+03    2.41053E+05    2.64668E+03    9.82989E+03    3.29037E-02   -1.74662E-01    4.89575E-02    6.29946E+00    1.15904E+01    1.16386E+01
    2.68583E+03    2.43674E+05    2.62075E+03    9.94142E+03    3.18518E-02   -1.71835E-01    4.82133E-02    6.27297E+00    1.15371E+01    1.15904E+01
    2.71664E+03    2.46266E+05    2.59234E+03    1.00542E+04    3.08012E-02   -1.68964E-01    4.74576E-02    6.24386E+00    1.14785E+01    1.15371E+01
    2.74780E+03    2.48828E+05    2.56142E+03    1.01683E+04    2.97526E-02   -1.66050E-01    4.66902E-02    6.21205E+00    1.14145E+01    1.14785E+01
    2.77931E+03    2.51356E+05    2.52796E+03    1.02836E+04    2.87065E-02   -1.63091E-01    4.59110E-02    6.17744E+00    1.13450E+01    1.14145E+01
    2.81117E+03    2.53848E+05    2.49190E+03    1.04003E+04    2.76638E-02   -1.60087E-01    4.51200E-02    6.13996E+00    1.12696E+01    1.13450E+01
    2.84339E+03    2.56301E+05    2.45324E+03    1.05183E+04    2.66250E-02   -1.57038E-01    4.43168E-02    6.09950E+00    1.11883E+01    1.12696E+01
    2.87598E+03    2.58713E+05    2.41195E+03    1.06376E+04    2.55911E-02   -1.53944E-01    4.35014E-02    6.05598E+00    1.11009E+01    1.11883E+01
    2.90894E+03    2.61081E+05    2.36802E+03    1.07583E+04    2.45629E-02   -1.50804E-01    4.26737E-02    6.00933E+00    1.10072E+01    1.11009E+01
    2.94227E+03    2.63402E+05    2.32148E+03    1.08803E+04    2.35414E-02   -1.47619E-01    4.18335E-02    5.95945E+00    1.09070E+01    1.10072E+01
    2.97597E+03    2.65675E+05    2.27237E+03    1.10037E+04    2.25277E-02   -1.44389E-01    4.09808E-02    5.90631E+00    1.08004E+01    1.09070E+01
    3.01006E+03    2.67895E+05    2.22074E+03    1.11285E+04    2.15234E-02   -1.41117E-01    4.01157E-02    5.84987E+00    1.06871E+01    1.08004E+01
    3.04453E+03    2.70062E+05    2.16673E+03    1.12547E+04    2.05301E-02   -1.37806E-01    3.92382E-02    5.79014E+00    1.05672E+01    1.06871E+01
    3.07939E+03    2.72173E+05    2.11053E+03    1.13823E+04    1.95504E-02   -1.34461E-01    3.83485E-02    5.72725E+00    1.04410E+01    1.05672E+01
    3.11465E+03    2.74225E+05    2.05250E+03    1.15114E+04    1.85876E-02   -1.31093E-01    3.74470E-02    5.66144E+00    1.03091E+01    1.04410E+01
    3.15030E+03    2.76219E+05    1.99324E+03    1.16420E+04    1.76472E-02   -1.27720E-01    3.65341E-02    5.59331E+00    1.01725E+01    1.03091E+01
    3.18635E+03    2.78152E+05    1.93392E+03    1.17740E+04    1.67391E-02   -1.24383E-01    3.56102E-02    5.52410E+00    1.00340E+01    1.01725E+01
    3.22282E+03    2.80029E+05    1.87703E+03    1.19075E+04    1.58834E-02   -1.21166E-01    3.46734E-02    5.45674E+00    9.89971E+00    1.00340E+01
    3.25969E+03    2.81859E+05    1.82913E+03    1.20425E+04    1.51320E-02   -1.18303E-01    3.37105E-02    5.39923E+00    9.78623E+00    9.89971E+00
    3.29699E+03    2.83673E+05    1.81469E+03    1.21790E+04    1.46769E-02   -1.16673E-01    3.26239E-02    5.38161E+00    9.75705E+00    9.78623E+00
    3.33470E+03    2.84823E+05    1.14925E+03    1.24567E+04    9.08712E-03   -9.49019E-02    8.98592E-03    4.43691E+00    8.03612E+00    5.67769E+00
    3.37284E+03    2.86062E+05    1.23945E+03    1.25980E+04    9.58123E-03   -9.47831E-02    2.44418E-02    4.62303E+00    8.25836E+00    8.03612E+00
    3.41141E+03    2.87280E+05    1.21788E+03    1.27408E+04    9.20405E-03   -9.23571E-02    2.59657E-02    4.59150E+00    8.17381E+00    8.25836E+00
    3.45042E+03    2.88441E+05    1.16087E+03    1.28852E+04    8.57711E-03   -8.89804E-02    2.56825E-02    4.50597E+00    7.99630E+00    8.17381E+00
    3.48986E+03    2.89530E+05    1.08951E+03    1.30313E+04    7.86994E-03   -8.51386E-02    2.49273E-02    4.39608E+00    7.77345E+00    7.99630E+00
    3.52976E+03    2.90541E+05    1.01066E+03    1.31790E+04    7.13722E-03   -8.10064E-02    2.39830E-02    4.27048E+00    7.52025E+00    7.77345E+00
    3.57010E+03    2.91468E+05    9.27283E+02    1.33284E+04    6.40206E-03   -7.66549E-02    2.29365E-02    4.13227E+00    7.24222E+00    7.52025E+00
    3.61090E+03    2.92309E+05    8.40988E+02    1.34794E+04    5.67651E-03   -7.21134E-02    2.18213E-02    3.98255E+00    6.94130E+00    7.24222E+00
    3.65216E+03    2.93062E+05    7.52850E+02    1.36322E+04    4.96805E-03   -6.73910E-02    2.06517E-02    3.82148E+00    6.61772E+00    6.94130E+00
    3.69389E+03    2.93726E+05    6.63724E+02    1.37867E+04    4.28205E-03   -6.24849E-02    1.94339E-02    3.64870E+00    6.27067E+00    6.61772E+00
    3.73609E+03    2.94300E+05    5.74398E+02    1.39430E+04    3.62296E-03   -5.73831E-02    1.81697E-02    3.46342E+00    5.89851E+00    6.27067E+00
    3.77876E+03    2.94786E+05    4.85677E+02    1.41010E+04    2.99492E-03   -5.20645E-02    1.68584E-02    3.26444E+00    5.49880E+00    5.89851E+00
    3.82192E+03    2.95184E+05    3.98450E+02    1.42608E+04    2.40215E-03   -4.64971E-02    1.54972E-02    3.05004E+00    5.06803E+00    5.49880E+00
    3.86557E+03    2.95498E+05    3.13759E+02    1.44224E+04    1.84932E-03   -4.06327E-02    1.40818E-02    2.81777E+00    4.60117E+00    5.06803E+00
    3.90971E+03    2.95731E+05    2.32898E+02    1.45858E+04    1.34205E-03   -3.43967E-02    1.26062E-02    2.56396E+00    4.09072E+00    4.60117E+00
    3.95434E+03    2.95889E+05    1.57575E+02    1.47511E+04    8.87726E-04   -2.76647E-02    1.10630E-02    2.28268E+00    3.52450E+00    4.09072E+00
    3.99949E+03    2.95979E+05    9.02839E+01    1.49182E+04    4.97272E-04   -2.01994E-02    9.44759E-03    1.96303E+00    2.87999E+00    3.52450E+00
    4.04514E+03    2.96014E+05    3.54449E+01    1.50873E+04    1.90866E-04   -1.14142E-02    7.78345E-03    1.57902E+00    2.10303E+00    2.87999E+00
    4.09131E+03    2.96053E+05    3.88908E+01    1.50873E+04    2.04744E-04   -1.03549E-02    9.87520E-03    2.10303E+00    2.58378E+00    3.75362E+00
    4.13799E+03    2.96099E+05    4.54610E+01    1.50873E+04    2.33990E-04   -9.50291E-03    1.19868E-02    2.58378E+00    3.02996E+00    4.58732E+00
    4.18521E+03    2.96153E+05    5.48470E+01    1.50873E+04    2.75996E-04   -8.80524E-03    1.40877E-02    3.02996E+00    3.44805E+00    5.38465E+00
    4.23296E+03    2.96220E+05    6.68271E+01    1.50873E+04    3.28773E-04   -8.22410E-03    1.61597E-02    3.44805E+00    3.84297E+00    6.14907E+00
    4.28125E+03    2.96302E+05    8.12413E+01    1.50873E+04    3.90763E-04   -7.73220E-03    1.81927E-02    3.84297E+00    4.21845E+00    6.88379E+00
    4.33009E+03    2.96399E+05    9.79757E+01    1.50873E+04    4.60733E-04   -7.30962E-03    2.01817E-02    4.21845E+00    4.57743E+00    7.59173E+00
    4.37948E+03    2.96516E+05    1.16953E+02    1.50873E+04    5.37694E-04   -6.94170E-03    2.21248E-02    4.57743E+00    4.92219E+00    8.27548E+00
    4.42942E+03    2.96655E+05    1.38123E+02    1.50873E+04    6.20848E-04   -6.61750E-03    2.40220E-02    4.92219E+00    5.25457E+00    8.93735E+00
    4.47993E+03    2.96816E+05    1.61459E+02    1.50873E+04    7.09543E-04   -6.32878E-03    2.58745E-02    5.25457E+00    5.57603E+00    9.57936E+00
    4.53101E+03    2.97003E+05    1.86954E+02    1.50873E+04    8.03243E-04   -6.06924E-03    2.76841E-02    5.57603E+00    5.88780E+00    1.02033E+01
    4.58267E+03    2.97218E+05    2.14615E+02    1.50873E+04    9.01505E-04   -5.83401E-03    2.94528E-02    5.88780E+00    6.19086E+00    1.08107E+01
    4.63491E+03    2.97462E+05    2.44461E+02    1.50873E+04    1.00396E-03   -5.61928E-03    3.11830E-02    6.19086E+00    6.48607E+00    1.14029E+01
    4.68775E+03    2.97739E+05    2.76522E+02    1.50873E+04    1.11028E-03   -5.42204E-03    3.28768E-02    6.48607E+00    6.77414E+00    1.19813E+01
    4.74118E+03    2.98049E+05    3.10839E+02    1.50873E+04    1.22021E-03   -5.23987E-03    3.45363E-02    6.77414E+00    7.05568E+00    1.25467E+01
    4.79521E+03    2.98397E+05    3.47457E+02    1.50873E+04    1.33353E-03   -5.07081E-03    3.61637E-02    7.05568E+00    7.33121E+00    1.31003E+01
    4.84985E+03    2.98783E+05    3.86432E+02    1.50873E+04    1.45001E-03   -4.91326E-03    3.77607E-02    7.33121E+00    7.60119E+00    1.36427E+01
    4.90511E+03    2.99211E+05    4.27824E+02    1.50873E+04    1.56951E-03   -4.76589E-03    3.93293E-02    7.60119E+00    7.86604E+00    1.41749E+01
    4.96100E+03    2.99683E+05    4.71699E+02    1.50873E+04    1.69185E-03   -4.62758E-03    4.08710E-02    7.86604E+00    8.12611E+00    1.46974E+01
    5.01752E+03    3.00201E+05    5.18129E+02    1.50873E+04    1.81692E-03   -4.49742E-03    4.23874E-02    8.12611E+00    8.38172E+00    1.52110E+01
    5.07467E+03    3.00768E+05    5.67190E+02    1.50873E+04    1.94459E-03   -4.37459E-03    4.38800E-02    8.38172E+00    8.63316E+00    1.57160E+01
    5.13247E+03    3.01387E+05    6.18965E+02    1.50873E+04    2.07475E-03   -4.25842E-03    4.53500E-02    8.63316E+00    8.88068E+00    1.62132E+01
    5.19093E+03    3.02061E+05    6.73540E+02    1.50873E+04    2.20732E-03   -4.14833E-03    4.67987E-02    8.88068E+00    9.12454E+00    1.67028E+01
    5.25004E+03    3.02792E+05    7.31007E+02    1.50873E+04    2.34221E-03   -4.04380E-03    4.82272E-02    9.12454E+00    9.36493E+00    1.71855E+01
    5.30983E+03    3.03583E+05    7.91462E+02    1.50873E+04    2.47935E-03   -3.94438E-03    4.96366E-02    9.36493E+00    9.60206E+00    1.76614E+01
    5.37028E+03    3.04438E+05    8.55007E+02    1.50873E+04    2.61866E-03   -3.84969E-03    5.10279E-02    9.60206E+00    9.83612E+00    1.81311E+01
    5.43143E+03    3.05360E+05    9.21746E+02    1.50873E+04    2.76010E-03   -3.75939E-03    5.24020E-02    9.83612E+00    1.00673E+01    1.85948E+01
    5.49326E+03    3.06352E+05    9.91793E+02    1.50873E+04    2.90361E-03   -3.67315E-03    5.37598E-02    1.00673E+01    1.02957E+01    1.90529E+01
    5.55579E+03    3.07417E+05    1.06526E+03    1.50873E+04    3.04914E-03   -3.59072E-03    5.51022E-02    1.02957E+01    1.05215E+01    1.95057E+01
    5.61903E+03    3.08559E+05    1.14227E+03    1.50873E+04    3.19666E-03   -3.51184E-03    5.64299E-02    1.05215E+01    1.07448E+01    1.99534E+01
    5.68298E+03    3.09782E+05    1.22296E+03    1.50873E+04    3.34613E-03   -3.43629E-03    5.77436E-02    1.07448E+01    1.09658E+01    2.03963E+01
    5.74766E+03    3.11090E+05    1.30745E+03    1.50873E+04    3.49752E-03   -3.36389E-03    5.90441E-02    1.09658E+01    1.11846E+01    2.08347E+01
    5.81306E+03    3.12485E+05    1.39587E+03    1.50873E+04    3.65080E-03   -3.29444E-03    6.03320E-02    1.11846E+01    1.14013E+01    2.12688E+01
    5.87921E+03    3.13974E+05    1.48839E+03    1.50873E+04    3.80596E-03   -3.22778E-03    6.16080E-02    1.14013E+01    1.16160E+01    2.16987E+01
    5.94610E+03    3.15559E+05    1.58514E+03    1.50873E+04    3.96297E-03   -3.16377E-03    6.28726E-02    1.16160E+01    1.18288E+01    2.21248E+01
    6.01375E+03    3.17245E+05    1.68628E+03    1.50873E+04    4.12183E-03   -3.10227E-03    6.41265E-02    1.18288E+01    1.20398E+01    2.25472E+01
    6.08216E+03    3.19037E+05    1.79197E+03    1.50873E+04    4.28252E-03   -3.04315E-03    6.53702E-02    1.20398E+01    1.22492E+01    2.29661E+01
    6.15135E+03    3.20940E+05    1.90239E+03    1.50873E+04    4.44505E-03   -2.98631E-03    6.66043E-02    1.22492E+01    1.24570E+01    2.33818E+01
    6.22132E+03    3.22957E+05    2.01771E+03    1.50873E+04    4.60940E-03   -2.93162E-03    6.78292E-02    1.24570E+01    1.26632E+01    2.37943E+01
    6.29208E+03    3.25095E+05    2.13812E+03    1.50873E+04    4.77558E-03   -2.87901E-03    6.90456E-02    1.26632E+01    1.28681E+01    2.42038E+01
    6.36364E+03    3.27359E+05    2.26381E+03    1.50873E+04    4.94359E-03   -2.82837E-03    7.02538E-02    1.28681E+01    1.30716E+01    2.46107E+01
    6.43600E+03    3.29754E+05    2.39499E+03    1.50873E+04    5.11345E-03   -2.77963E-03    7.14544E-02    1.30716E+01    1.32739E+01    2.50149E+01
    6.50919E+03    3.32286E+05    2.53185E+03    1.50873E+04    5.28516E-03   -2.73270E-03    7.26477E-02    1.32739E+01    1.34750E+01    2.54166E+01
    6.58320E+03    3.34961E+05    2.67462E+03    1.50873E+04    5.45874E-03   -2.68752E-03    7.38344E-02    1.34750E+01    1.36750E+01    2.58161E+01
    6.65805E+03    3.37784E+05    2.82353E+03    1.50873E+04    5.63421E-03   -2.64401E-03    7.50148E-02    1.36750E+01    1.38741E+01    2.62134E+01
    6.73374E+03    3.40763E+05    2.97882E+03    1.50873E+04    5.81159E-03   -2.60212E-03    7.61894E-02    1.38741E+01    1.40721E+01    2.66087E+01
    6.81029E+03    3.43904E+05    3.14073E+03    1.50873E+04    5.99090E-03   -2.56178E-03    7.73585E-02    1.40721E+01    1.42693E+01    2.70022E+01
    6.88770E+03    3.47213E+05    3.30952E+03    1.50873E+04    6.17217E-03   -2.52294E-03    7.85226E-02    1.42693E+01    1.44657E+01    2.73940E+01
    6.96599E+03    3.50699E+05    3.48547E+03    1.50873E+04    6.35543E-03   -2.48555E-03    7.96822E-02    1.44657E+01    1.46614E+01    2.77842E+01
    7.04517E+03    3.54368E+05    3.66885E+03    1.50873E+04    6.54072E-03   -2.44956E-03    8.08376E-02    1.46614E+01    1.48564E+01    2.81730E+01
    7.12523E+03    3.58228E+05    3.85996E+03    1.50873E+04    6.72807E-03   -2.41491E-03    8.19892E-02    1.48564E+01    1.50509E+01    2.85605E+01
    7.20621E+03    3.62287E+05    4.05910E+03    1.50873E+04    6.91752E-03   -2.38158E-03    8.31375E-02    1.50509E+01    1.52448E+01    2.89469E+01
    7.28809E+03    3.66553E+05    4.26661E+03    1.50873E+04    7.10912E-03   -2.34951E-03    8.42828E-02    1.52448E+01    1.54383E+01    2.93323E+01
    7.37091E+03    3.71036E+05    4.48280E+03    1.50873E+04    7.30291E-03   -2.31867E-03    8.54256E-02    1.54383E+01    1.56314E+01    2.97168E+01
    7.45466E+03    3.75744E+05    4.70804E+03    1.50873E+04    7.49894E-03   -2.28902E-03    8.65662E-02    1.56314E+01    1.58242E+01    3.01005E+01
    7.53935E+03    3.80687E+05    4.94269E+03    1.50873E+04    7.69727E-03   -2.26053E-03    8.77050E-02    1.58242E+01    1.60167E+01    3.04836E+01
    7.62500E+03    3.85874E+05    5.18713E+03    1.50873E+04    7.89795E-03   -2.23315E-03    8.88424E-02    1.60167E+01    1.62091E+01    3.08663E+01
    7.71162E+03    3.91316E+05    5.44177E+03    1.50873E+04    8.10104E-03   -2.20687E-03    8.99787E-02    1.62091E+01    1.64013E+01    3.12485E+01
    7.79922E+03    3.97023E+05    5.70701E+03    1.50873E+04    8.30662E-03   -2.18165E-03    9.11145E-02    1.64013E+01    1.65935E+01    3.16306E+01
    7.88781E+03    4.03006E+05    5.98330E+03    1.50873E+04    8.51473E-03   -2.15747E-03    9.22501E-02    1.65935E+01    1.67857E+01    3.20126E+01
    7.97740E+03    4.09277E+05    6.27109E+03    1.50873E+04    8.72546E-03   -2.13428E-03    9.33858E-02    1.67857E+01    1.69780E+01    3.23946E+01
    8.06801E+03    4.15848E+05    6.57086E+03    1.50873E+04    8.93888E-03   -2.11208E-03    9.45220E-02    1.69780E+01    1.71704E+01    3.27768E+01
    8.15963E+03    4.22731E+05    6.88311E+03    1.50873E+04    9.15506E-03   -2.09082E-03    9.56592E-02    1.71704E+01    1.73630E+01    3.31594E+01
    8.25229E+03    4.29939E+05    7.20837E+03    1.50873E+04    9.37410E-03   -2.07050E-03    9.67978E-02    1.73630E+01    1.75560E+01    3.35423E+01
    8.34600E+03    4.37487E+05    7.54718E+03    1.50873E+04    9.59606E-03   -2.05108E-03    9.79380E-02    1.75560E+01    1.77493E+01    3.39258E+01
    8.44077E+03    4.45387E+05    7.90011E+03    1.50873E+04    9.82106E-03   -2.03255E-03    9.90804E-02    1.77493E+01    1.79430E+01    3.43101E+01
    8.53661E+03    4.53655E+05    8.26777E+03    1.50873E+04    1.00492E-02   -2.01488E-03    1.00225E-01    1.79430E+01    1.81372E+01    3.46951E+01
    8.63353E+03    4.62305E+05    8.65078E+03    1.50873E+04    1.02805E-02   -1.99805E-03    1.01373E-01    1.81372E+01    1.83319E+01    3.50812E+01
    8.73155E+03    4.71355E+05    9.04981E+03    1.50873E+04    1.05151E-02   -1.98205E-03    1.02524E-01    1.83319E+01    1.85273E+01    3.54683E+01
    8.83067E+03    4.80821E+05    9.46553E+03    1.50873E+04    1.07532E-02   -1.96685E-03    1.03679E-01    1.85273E+01    1.87233E+01    3.58567E+01
    8.93091E+03    4.90719E+05    9.89868E+03    1.50873E+04    1.09948E-02   -1.95244E-03    1.04838E-01    1.87233E+01    1.89201E+01    3.62465E+01
    9.03229E+03    5.01069E+05    1.03500E+04    1.50873E+04    1.12401E-02   -1.93880E-03    1.06002E-01    1.89201E+01    1.91178E+01    3.66378E+01
    9.13481E+03    5.11890E+05    1.08203E+04    1.50873E+04    1.14891E-02   -1.92591E-03    1.07170E-01    1.91178E+01    1.93163E+01    3.70307E+01
    9.23850E+03    5.23200E+05    1.13104E+04    1.50873E+04    1.17421E-02   -1.91376E-03    1.08344E-01    1.93163E+01    1.95159E+01    3.74255E+01
    9.34335E+03    5.35021E+05    1.18212E+04    1.50873E+04    1.19990E-02   -1.90233E-03    1.09524E-01    1.95159E+01    1.97165E+01    3.78222E+01
    9.44939E+03    5.47375E+05    1.23536E+04    1.50873E+04    1.22602E-02   -1.89161E-03    1.10710E-01    1.97165E+01    1.99182E+01    3.82210E+01
    9.55662E+03    5.60284E+05    1.29085E+04    1.50873E+04    1.25256E-02   -1.88159E-03    1.11902E-01    1.99182E+01    2.01211E+01    3.86221E+01
    9.66507E+03    5.73771E+05    1.34870E+04    1.50873E+04    1.27955E-02   -1.87225E-03    1.13102E-01    2.01211E+01    2.03253E+01    3.90255E+01
    9.77474E+03    5.87861E+05    1.40902E+04    1.50873E+04    1.30701E-02   -1.86358E-03    1.14309E-01    2.03253E+01    2.05308E+01    3.94315E+01
    9.88565E+03    6.02580E+05    1.47190E+04    1.50873E+04    1.33494E-02   -1.85556E-03    1.15524E-01    2.05308E+01    2.07378E+01    3.98401E+01
    9.99782E+03    6.17954E+05    1.53747E+04    1.50873E+04    1.36336E-02   -1.84819E-03    1.16748E-01    2.07378E+01    2.09462E+01    4.02516E+01
    1.01113E+04    6.34013E+05    1.60586E+04    1.50873E+04    1.39229E-02   -1.84145E-03    1.17981E-01    2.09462E+01    2.11563E+01    4.06662E+01
    1.02260E+04    6.50785E+05    1.67719E+04    1.50873E+04    1.42175E-02   -1.83533E-03    1.19223E-01    2.11563E+01    2.13680E+01    4.10838E+01
    1.03420E+04    6.68301E+05    1.75159E+04    1.50873E+04    1.45176E-02   -1.82983E-03    1.20475E-01    2.13680E+01    2.15815E+01    4.15048E+01
    1.04593E+04    6.86593E+05    1.82920E+04    1.50873E+04    1.48233E-02   -1.82493E-03    1.21737E-01    2.15815E+01    2.17968E+01    4.19293E+01
    1.05779E+04    7.05695E+05    1.91019E+04    1.50873E+04    1.51350E-02   -1.82062E-03    1.23011E-01    2.17968E+01    2.20140E+01    4.23574E+01
    1.06979E+04    7.25642E+05    1.99469E+04    1.50873E+04    1.54526E-02   -1.81690E-03    1.24295E-01    2.20140E+01    2.22332E+01    4.27894E+01
    1.08193E+04    7.46470E+05    2.08288E+04    1.50873E+04    1.57766E-02   -1.81375E-03    1.25592E-01    2.22332E+01    2.24546E+01    4.32253E+01
    1.09420E+04    7.68220E+05    2.17494E+04    1.50873E+04    1.61071E-02   -1.81117E-03    1.26901E-01    2.24546E+01    2.26781E+01    4.36654E+01
    1.10661E+04    7.90930E+05    2.27103E+04    1.50873E+04    1.64443E-02   -1.80916E-03    1.28223E-01    2.26781E+01    2.29039E+01    4.41098E+01
    1.11916E+04    8.14644E+05    2.37136E+04    1.50873E+04    1.67885E-02   -1.80769E-03    1.29558E-01    2.29039E+01    2.31320E+01    4.45588E+01
    1.13185E+04    8.39405E+05    2.47612E+04    1.50873E+04    1.71399E-02   -1.80678E-03    1.30907E-01    2.31320E+01    2.33626E+01    4.50125E+01
    1.14469E+04    8.65260E+05    2.58554E+04    1.50873E+04    1.74989E-02   -1.80641E-03    1.32271E-01    2.33626E+01    2.35958E+01    4.54711E+01
    1.15767E+04    8.92259E+05    2.69982E+04    1.50873E+04    1.78656E-02   -1.80658E-03    1.33650E-01    2.35958E+01    2.38316E+01    4.59347E+01
    1.17080E+04    9.20451E+05    2.81922E+04    1.50873E+04    1.82404E-02   -1.80727E-03    1.35045E-01    2.38316E+01    2.40702E+01    4.64037E+01
    1.18407E+04    9.49890E+05    2.94396E+04    1.50873E+04    1.86235E-02   -1.80850E-03    1.36456E-01    2.40702E+01    2.43116E+01    4.68781E+01
    1.19750E+04    9.80634E+05    3.07433E+04    1.50873E+04    1.90152E-02   -1.81025E-03    1.37884E-01    2.43116E+01    2.45560E+01    4.73582E+01
    1.21108E+04    1.01274E+06    3.21058E+04    1.50873E+04    1.94160E-02   -1.81252E-03    1.39329E-01    2.45560E+01    2.48035E+01    4.78443E+01
    1.22481E+04    1.04627E+06    3.35302E+04    1.50873E+04    1.98260E-02   -1.81531E-03    1.40793E-01    2.48035E+01    2.50542E+01    4.83364E+01
    1.23869E+04    1.08129E+06    3.50194E+04    1.50873E+04    2.02457E-02   -1.81861E-03    1.42276E-01    2.50542E+01    2.53081E+01    4.88348E+01
    1.25274E+04    1.11787E+06    3.65768E+04    1.50873E+04    2.06754E-02   -1.82242E-03    1.43778E-01    2.53081E+01    2.55655E+01    4.93399E+01
    1.26694E+04    1.15607E+06    3.82057E+04    1.50873E+04    2.11154E-02   -1.82675E-03    1.45300E-01    2.55655E+01    2.58264E+01    4.98516E+01
    1.28130E+04    1.19598E+06    3.99097E+04    1.50873E+04    2.15662E-02   -1.83158E-03    1.46843E-01    2.58264E+01    2.60909E+01    5.03704E+01
    1.29582E+04    1.23767E+06    4.16926E+04    1.50873E+04    2.20282E-02   -1.83693E-03    1.48408E-01    2.60909E+01    2.63592E+01    5.08965E+01
    1.31051E+04    1.28123E+06    4.35584E+04    1.50873E+04    2.25018E-02   -1.84279E-03    1.49995E-01    2.63592E+01    2.66314E+01    5.14301E+01
    1.32537E+04    1.32674E+06    4.55113E+04    1.50873E+04    2.29874E-02   -1.84916E-03    1.51605E-01    2.66314E+01    2.69076E+01    5.19714E+01
    1.34039E+04    1.37430E+06    4.75558E+04    1.50873E+04    2.34855E-02   -1.85604E-03    1.53239E-01    2.69076E+01    2.71880E+01    5.25207E+01
    1.35558E+04    1.42400E+06    4.96967E+04    1.50873E+04    2.39965E-02   -1.86344E-03    1.54897E-01    2.71880E+01    2.74727E+01    5.30783E+01
    1.37095E+04    1.47593E+06    5.19389E+04    1.50873E+04    2.45211E-02   -1.87136E-03    1.56581E-01    2.74727E+01    2.77618E+01    5.36444E+01
    1.38648E+04    1.53022E+06    5.42877E+04    1.50873E+04    2.50596E-02   -1.87980E-03    1.58291E-01    2.77618E+01    2.80556E+01    5.42194E+01
    1.40220E+04    1.58697E+06    5.67488E+04    1.50873E+04    2.56126E-02   -1.88877E-03    1.60028E-01    2.80556E+01    2.83540E+01    5.48035E+01
    1.41809E+04    1.64630E+06    5.93279E+04    1.50873E+04    2.61808E-02   -1.89827E-03    1.61794E-01    2.83540E+01    2.86573E+01    5.53970E+01
    1.43416E+04    1.70833E+06    6.20314E+04    1.50873E+04    2.67646E-02   -1.90831E-03    1.63588E-01    2.86573E+01    2.89657E+01    5.60002E+01
    1.45041E+04    1.77320E+06    6.48659E+04    1.50873E+04    2.73648E-02   -1.91890E-03    1.65412E-01    2.89657E+01    2.92793E+01    5.66135E+01
    1.46684E+04    1.84104E+06    6.78384E+04    1.50873E+04    2.79820E-02   -1.93004E-03    1.67267E-01    2.92793E+01    2.95983E+01    5.72372E+01
    1.48347E+04    1.91199E+06    7.09564E+04    1.50873E+04    2.86168E-02   -1.94175E-03    1.69154E-01    2.95983E+01    2.99229E+01    5.78716E+01
    1.50027E+04    1.98622E+06    7.42278E+04    1.50873E+04    2.92700E-02   -1.95404E-03    1.71074E-01    2.99229E+01    3.02532E+01    5.85170E+01
    1.51727E+04    2.06388E+06    7.76609E+04    1.50873E+04    2.99423E-02   -1.96691E-03    1.73027E-01    3.02532E+01    3.05894E+01    5.91738E+01
    1.53446E+04    2.14514E+06    8.12646E+04    1.50873E+04    3.06346E-02   -1.98038E-03    1.75016E-01    3.05894E+01    3.09318E+01    5.98425E+01
    1.55185E+04    2.23019E+06    8.50484E+04    1.50873E+04    3.13475E-02   -1.99446E-03    1.77041E-01    3.09318E+01    3.12805E+01    6.05233E+01
    1.56943E+04    2.31922E+06    8.90223E+04    1.50873E+04    3.20821E-02   -2.00918E-03    1.79104E-01    3.12805E+01    3.16357E+01    6.12167E+01
    1.58721E+04    2.41241E+06    9.31969E+04    1.50873E+04    3.28393E-02   -2.02455E-03    1.81205E-01    3.16357E+01    3.19977E+01    6.19232E+01
    1.60519E+04    2.51000E+06    9.75836E+04    1.50873E+04    3.36199E-02   -2.04058E-03    1.83346E-01    3.19977E+01    3.23667E+01    6.26431E+01
    1.62338E+04    2.61219E+06    1.02194E+05    1.50873E+04    3.44250E-02   -2.05731E-03    1.85528E-01    3.23667E+01    3.27429E+01    6.33768E+01
    1.64177E+04    2.71923E+06    1.07042E+05    1.50873E+04    3.52558E-02   -2.07474E-03    1.87754E-01    3.27429E+01    3.31266E+01    6.41250E+01
    1.66036E+04    2.83137E+06    1.12141E+05    1.50873E+04    3.61132E-02   -2.09292E-03    1.90023E-01    3.31266E+01    3.35180E+01    6.48880E+01
    1.67917E+04    2.94888E+06    1.17504E+05    1.50873E+04    3.69985E-02   -2.11187E-03    1.92338E-01    3.35180E+01    3.39174E+01    6.56664E+01
    1.69819E+04    3.07203E+06    1.23148E+05    1.50873E+04    3.79130E-02   -2.13162E-03    1.94701E-01    3.39174E+01    3.43252E+01    6.64607E+01
    1.71743E+04    3.20112E+06    1.29090E+05    1.50873E+04    3.88580E-02   -2.15220E-03    1.97113E-01    3.43252E+01    3.47415E+01    6.72715E+01
    1.73688E+04    3.33646E+06    1.35346E+05    1.50873E+04    3.98349E-02   -2.17365E-03    1.99575E-01    3.47415E+01    3.51667E+01    6.80994E+01
    1.75655E+04    3.47840E+06    1.41937E+05    1.50873E+04    4.08451E-02   -2.19601E-03    2.02090E-01    3.51667E+01    3.56011E+01    6.89450E+01
    1.77645E+04    3.62728E+06    1.48881E+05    1.50873E+04    4.18904E-02   -2.21933E-03    2.04659E-01    3.56011E+01    3.60451E+01    6.98089E+01
    1.79657E+04    3.78348E+06    1.56202E+05    1.50873E+04    4.29724E-02   -2.24366E-03    2.07286E-01    3.60451E+01    3.64991E+01    7.06919E+01
    1.81692E+04    3.94740E+06    1.63921E+05    1.50873E+04    4.40928E-02   -2.26904E-03    2.09971E-01    3.64991E+01    3.69633E+01    7.15946E+01
    1.83749E+04    4.11947E+06    1.72065E+05    1.50873E+04    4.52536E-02   -2.29554E-03    2.12717E-01    3.69633E+01    3.74384E+01    7.25178E+01
    1.85830E+04    4.30013E+06    1.80659E+05    1.50873E+04    4.64568E-02   -2.32321E-03    2.15526E-01    3.74384E+01    3.79245E+01    7.34624E+01
    1.87935E+04    4.48986E+06    1.89732E+05    1.50873E+04    4.77047E-02   -2.35213E-03    2.18401E-01    3.79245E+01    3.84223E+01    7.44292E+01
    1.90063E+04    4.68918E+06    1.99316E+05    1.50873E+04    4.89994E-02   -2.38236E-03    2.21345E-01    3.84223E+01    3.89322E+01    7.54191E+01
    1.92215E+04    4.89862E+06    2.09443E+05    1.50873E+04    5.03436E-02   -2.41398E-03    2.24361E-01    3.89322E+01    3.94546E+01    7.64330E+01
    1.94392E+04    5.11877E+06    2.20149E+05    1.50873E+04    5.17399E-02   -2.44709E-03    2.27451E-01    3.94546E+01    3.99903E+01    7.74719E+01
    1.96593E+04    5.35024E+06    2.31473E+05    1.50873E+04    5.31912E-02   -2.48176E-03    2.30619E-01    3.99903E+01    4.05396E+01    7.85370E+01
    1.98819E+04    5.59370E+06    2.43457E+05    1.50873E+04    5.47005E-02   -2.51810E-03    2.33868E-01    4.05396E+01    4.11033E+01    7.96294E+01
    2.01070E+04    5.84984E+06    2.56145E+05    1.50873E+04    5.62711E-02   -2.55622E-03    2.37201E-01    4.11033E+01    4.16820E+01    8.07504E+01
    2.03347E+04    6.11943E+06    2.69587E+05    1.50873E+04    5.79066E-02   -2.59622E-03    2.40624E-01    4.16820E+01    4.22764E+01    8.19011E+01
    2.05649E+04    6.40327E+06    2.83835E+05    1.50873E+04    5.96109E-02   -2.63823E-03    2.44139E-01    4.22764E+01    4.28873E+01    8.30830E+01
    2.07978E+04    6.70221E+06    2.98947E+05    1.50873E+04    6.13880E-02   -2.68239E-03    2.47752E-01    4.28873E+01    4.35153E+01    8.42977E+01
    2.10332E+04    7.01720E+06    3.14984E+05    1.50873E+04    6.32425E-02   -2.72884E-03    2.51466E-01    4.35153E+01    4.41615E+01    8.55466E+01
    2.12714E+04    7.34921E+06    3.32016E+05    1.50873E+04    6.51793E-02   -2.77773E-03    2.55287E-01    4.41615E+01    4.48267E+01    8.68315E+01
    2.15122E+04    7.69933E+06    3.50115E+05    1.50873E+04    6.72035E-02   -2.82923E-03    2.59221E-01    4.48267E+01    4.55119E+01    8.81542E+01
    2.17557E+04    8.06869E+06    3.69361E+05    1.50873E+04    6.93208E-02   -2.88351E-03    2.63273E-01    4.55119E+01    4.62181E+01    8.95166E+01
    2.20020E+04    8.45853E+06    3.89844E+05    1.50873E+04    7.15375E-02   -2.94078E-03    2.67449E-01    4.62181E+01    4.69465E+01    9.09208E+01
    2.22511E+04    8.87019E+06    4.11658E+05    1.50873E+04    7.38604E-02   -3.00124E-03    2.71756E-01    4.69465E+01    4.76982E+01    9.23691E+01
    2.25030E+04    9.30510E+06    4.34910E+05    1.50873E+04    7.62966E-02   -3.06512E-03    2.76201E-01    4.76982E+01    4.84746E+01    9.38639E+01
    2.27578E+04    9.76482E+06    4.59715E+05    1.50873E+04    7.88543E-02   -3.13267E-03    2.80793E-01    4.84746E+01    4.92771E+01    9.54077E+01
    2.30154E+04    1.02510E+07    4.86199E+05    1.50873E+04    8.15421E-02   -3.20417E-03    2.85538E-01    4.92771E+01    5.01072E+01    9.70034E+01
    2.32759E+04    1.07655E+07    5.14502E+05    1.50873E+04    8.43698E-02   -3.27991E-03    2.90446E-01    5.01072E+01    5.09666E+01    9.86539E+01
    2.35394E+04    1.13103E+07    5.44779E+05    1.50873E+04    8.73477E-02   -3.36022E-03    2.95527E-01    5.09666E+01    5.18569E+01    1.00362E+02
    2.38058E+04    1.18875E+07    5.77199E+05    1.50873E+04    9.04875E-02   -3.44546E-03    3.00792E-01    5.18569E+01    5.27801E+01    1.02133E+02
    2.40753E+04    1.24994E+07    6.11951E+05    1.50873E+04    9.38018E-02   -3.53603E-03    3.06250E-01    5.27801E+01    5.37383E+01    1.03968E+02
    2.43478E+04    1.31487E+07    6.49243E+05    1.50873E+04    9.73046E-02   -3.63236E-03    3.11916E-01    5.37383E+01    5.47337E+01    1.05873E+02
    2.46234E+04    1.38380E+07    6.89306E+05    1.50873E+04    1.01011E-01   -3.73496E-03    3.17801E-01    5.47337E+01    5.57688E+01    1.07853E+02
    2.49021E+04    1.45704E+07    7.32401E+05    1.50873E+04    1.04939E-01   -3.84437E-03    3.23921E-01    5.57688E+01    5.68462E+01    1.09911E+02
    2.51840E+04    1.53492E+07    7.78813E+05    1.50873E+04    1.09108E-01   -3.96120E-03    3.30291E-01    5.68462E+01    5.79690E+01    1.12053E+02
    2.54690E+04    1.61781E+07    8.28868E+05    1.50873E+04    1.13538E-01   -4.08615E-03    3.36929E-01    5.79690E+01    5.91402E+01    1.14285E+02
    2.57573E+04    1.70610E+07    8.82925E+05    1.50873E+04    1.18253E-01   -4.21997E-03    3.43853E-01    5.91402E+01    6.03635E+01    1.16613E+02
    2.60488E+04    1.80024E+07    9.41393E+05    1.50873E+04    1.23279E-01   -4.36356E-03    3.51084E-01    6.03635E+01    6.16427E+01    1.19045E+02
    2.63436E+04    1.90071E+07    1.00473E+06    1.50873E+04    1.28648E-01   -4.51789E-03    3.58646E-01    6.16427E+01    6.29821E+01    1.21589E+02
    2.66417E+04    2.00806E+07    1.07346E+06    1.50873E+04    1.34391E-01   -4.68409E-03    3.66564E-01    6.29821E+01    6.43864E+01    1.24251E+02
    2.69432E+04    2.12288E+07    1.14817E+06    1.50873E+04    1.40548E-01   -4.86343E-03    3.74865E-01    6.43864E+01    6.58611E+01    1.27043E+02
    2.72481E+04    2.24583E+07    1.22954E+06    1.50873E+04    1.47160E-01   -5.05734E-03    3.83581E-01    6.58611E+01    6.74118E+01    1.29975E+02
    2.75565E+04    2.37766E+07    1.31832E+06    1.50873E+04    1.54278E-01   -5.26749E-03    3.92747E-01    6.74118E+01    6.90452E+01    1.33057E+02
    2.78684E+04    2.51920E+07    1.41542E+06    1.50873E+04    1.61957E-01   -5.49576E-03    4.02401E-01    6.90452E+01    7.07687E+01    1.36304E+02
    2.81837E+04    2.67139E+07    1.52183E+06    1.50873E+04    1.70261E-01   -5.74431E-03    4.12587E-01    7.07687E+01    7.25904E+01    1.39730E+02
    2.85027E+04    2.83526E+07    1.63874E+06    1.50873E+04    1.79264E-01   -6.01563E-03    4.23353E-01    7.25904E+01    7.45198E+01    1.43352E+02
    2.88252E+04    3.01201E+07    1.76752E+06    1.50873E+04    1.89051E-01   -6.31259E-03    4.34754E-01    7.45198E+01    7.65673E+01    1.47187E+02
    2.91514E+04    3.20299E+07    1.90975E+06    1.50873E+04    1.99721E-01   -6.63851E-03    4.46852E-01    7.65673E+01    7.87448E+01    1.51256E+02
    2.94812E+04    3.40972E+07    2.06730E+06    1.50873E+04    2.11390E-01   -6.99723E-03    4.59719E-01    7.87448E+01    8.10659E+01    1.55584E+02
    2.98148E+04    3.63396E+07    2.24237E+06    1.50873E+04    2.24193E-01   -7.39325E-03    4.73432E-01    8.10659E+01    8.35462E+01    1.60198E+02
    3.01522E+04    3.87771E+07    2.43756E+06    1.50873E+04    2.38288E-01   -7.83183E-03    4.88085E-01    8.35462E+01    8.62032E+01    1.65127E+02
    3.04934E+04    4.14331E+07    2.65595E+06    1.50873E+04    2.53864E-01   -8.31917E-03    5.03780E-01    8.62032E+01    8.90574E+01    1.70408E+02
    3.08384E+04    4.43343E+07    2.90125E+06    1.50873E+04    2.71144E-01   -8.86261E-03    5.20639E-01    8.90574E+01    9.21325E+01    1.76080E+02
    3.11873E+04    4.75122E+07    3.17792E+06    1.50873E+04    2.90396E-01   -9.47091E-03    5.38801E-01    9.21325E+01    9.54558E+01    1.82190E+02
    3.15402E+04    5.10036E+07    3.49136E+06    1.50873E+04    3.11943E-01   -1.01546E-02    5.58427E-01    9.54558E+01    9.90592E+01    1.88794E+02
    3.18971E+04    5.48517E+07    3.84815E+06    1.50873E+04    3.36176E-01   -1.09264E-02    5.79704E-01    9.90592E+01    1.02980E+02    1.95954E+02
    3.22580E+04    5.91081E+07    4.25640E+06    1.50873E+04    3.63572E-01   -1.18020E-02    6.02854E-01    1.02980E+02    1.07264E+02    2.03744E+02
    3.26230E+04    6.38343E+07    4.72615E+06    1.50873E+04    3.94721E-01   -1.28004E-02    6.28138E-01    1.07264E+02    1.11962E+02    2.12254E+02
    3.29921E+04    6.91043E+07    5.26999E+06    1.50873E+04    4.30355E-01   -1.39459E-02    6.55866E-01    1.11962E+02    1.17138E+02    2.21586E+02
    3.33653E+04    7.50081E+07    5.90381E+06    1.50873E+04    4.71393E-01   -1.52687E-02    6.86411E-01    1.17138E+02    1.22869E+02    2.31868E+02
    3.37428E+04    8.16560E+07    6.64792E+06    1.50873E+04    5.19004E-01   -1.68078E-02    7.20223E-01    1.22869E+02    1.29250E+02    2.43251E+02
    3.41246E+04    8.91846E+07    7.52860E+06    1.50873E+04    5.74689E-01   -1.86137E-02    7.57854E-01    1.29250E+02    1.36395E+02    2.55921E+02
    3.45106E+04    9.77649E+07    8.58031E+06    1.50873E+04    6.40408E-01   -2.07535E-02    7.99986E-01    1.36395E+02    1.44453E+02    2.70109E+02
    3.49010E+04    1.07614E+08    9.84900E+06    1.50873E+04    7.18753E-01   -2.33175E-02    8.47472E-01    1.44453E+02    1.53608E+02    2.86103E+02
    3.52959E+04    1.19011E+08    1.13970E+07    1.50873E+04    8.13226E-01   -2.64306E-02    9.01403E-01    1.53608E+02    1.64102E+02    3.04273E+02
    3.56952E+04    1.32321E+08    1.33105E+07    1.50873E+04    9.28646E-01   -3.02696E-02    9.63187E-01    1.64102E+02    1.76257E+02    3.25094E+02
    3.60990E+04    1.48033E+08    1.57119E+07    1.50873E+04    1.07181E+00   -3.50927E-02    1.03469E+00    1.76257E+02    1.90507E+02    3.49200E+02
    3.65074E+04    1.66813E+08    1.87797E+07    1.50873E+04    1.25261E+00   -4.12912E-02    1.11844E+00    1.90507E+02    2.07464E+02    3.77448E+02
    3.69204E+04    1.89596E+08    2.27834E+07    1.50873E+04    1.48586E+00   -4.94844E-02    1.21795E+00    2.07464E+02    2.28016E+02    4.11039E+02
    3.73380E+04    2.17743E+08    2.81466E+07    1.50873E+04    1.79482E+00   -6.07075E-02    1.33833E+00    2.28016E+02    2.53513E+02    4.51711E+02
    3.77604E+04    2.53314E+08    3.55713E+07    1.50873E+04    2.21783E+00   -7.68160E-02    1.48726E+00    2.53513E+02    2.86141E+02    5.02100E+02
    3.81876E+04    2.99613E+08    4.62989E+07    1.50873E+04    2.82250E+00   -1.01456E-01    1.67696E+00    2.86141E+02    3.29721E+02    5.66437E+02
    3.86195E+04    3.62341E+08    6.27276E+07    1.50873E+04    3.73902E+00   -1.42762E-01    1.92838E+00    3.29721E+02    3.91737E+02    6.52040E+02
    3.90564E+04    4.52433E+08    9.00922E+07    1.50873E+04    5.25075E+00   -2.22593E-01    2.28061E+00    3.91737E+02    4.89525E+02    7.72930E+02
    3.94982E+04    5.94595E+08    1.42162E+08    1.50873E+04    8.10128E+00   -4.19051E-01    2.81526E+00    4.89525E+02    6.75700E+02    9.60082E+02
    3.99450E+04    8.66353E+08    2.71758E+08    1.50873E+04    1.51421E+01   -1.15603E+00    3.71560E+00    6.75700E+02    1.19510E+03    1.29674E+03
    4.03968E+04    2.07047E+09    1.20412E+09    1.50873E+04    6.56007E+01   -6.20913E+00    5.20071E+00    1.19510E+03    4.01637E+03    2.06437E+03
