 # rho, F_z,dF_z, z(rho), E2 (=>sigma2=e0^2*E2), Er, Ez, Ui,j , Ui+1,j , Ui,j-1
    2.50000E-01    6.50225E-01    6.50225E-01    0.00000E+00    5.20180E+00   -5.91751E-01    2.20264E+00    2.39720E+00    2.69307E+00    3.49852E+00
    7.31707E-01    1.83070E+00    1.18048E+00    5.00000E-01    3.48137E+00   -2.30574E-01    1.85154E+00    1.76730E+00    1.87415E+00    2.69307E+00
    1.19774E+00    3.67424E+00    1.84354E+00    5.00000E-01    3.28428E+00   -8.26839E-02    1.81037E+00    1.87415E+00    1.91290E+00    2.77934E+00
    1.66904E+00    6.33134E+00    2.65710E+00    5.00000E-01    3.35901E+00   -5.34812E-02    1.83198E+00    1.91290E+00    1.93825E+00    2.82889E+00
    2.14566E+00    9.90907E+00    3.57773E+00    5.00000E-01    3.47886E+00   -5.31883E-02    1.86441E+00    1.93825E+00    1.96374E+00    2.87046E+00
    2.62767E+00    1.45317E+01    4.62267E+00    5.00000E-01    3.62938E+00   -6.62573E-02    1.90394E+00    1.96374E+00    1.99586E+00    2.91571E+00
    3.11513E+00    2.03697E+01    5.83791E+00    5.00000E-01    3.82307E+00   -9.38351E-02    1.95301E+00    1.99586E+00    2.04186E+00    2.97237E+00
    3.60810E+00    2.76665E+01    7.29681E+00    5.00000E-01    4.07949E+00   -1.49933E-01    2.01420E+00    2.04186E+00    2.11618E+00    3.04896E+00
    4.10663E+00    3.67727E+01    9.10622E+00    5.00000E-01    4.42306E+00   -2.80127E-01    2.08437E+00    2.11618E+00    2.25662E+00    3.15837E+00
    4.61080E+00    4.83204E+01    1.15477E+01    5.00000E-01    4.93978E+00   -6.39575E-01    2.12855E+00    2.25662E+00    2.58089E+00    3.32090E+00
    5.12067E+00    5.86714E+01    1.03510E+01    9.63414E-01    3.94246E+00   -5.14666E-01    1.91770E+00    1.62204E+00    1.88592E+00    2.58089E+00
    5.63630E+00    7.02512E+01    1.15798E+01    9.63414E-01    3.96221E+00   -4.35981E-01    1.94220E+00    1.88592E+00    2.11199E+00    2.85702E+00
    6.15775E+00    8.56083E+01    1.53571E+01    9.63414E-01    4.75594E+00   -7.79612E-01    2.03670E+00    2.11199E+00    2.52080E+00    3.13034E+00
    6.68510E+00    9.93155E+01    1.37072E+01    1.43207E+00    3.86645E+00   -6.41504E-01    1.85874E+00    1.65944E+00    1.99963E+00    2.52080E+00
    7.21840E+00    1.16304E+02    1.69887E+01    1.43207E+00    4.38843E+00   -8.43430E-01    1.91756E+00    1.99963E+00    2.45197E+00    2.88826E+00
    7.75774E+00    1.30788E+02    1.44836E+01    1.90601E+00    3.44232E+00   -6.37690E-01    1.74232E+00    1.63543E+00    1.98129E+00    2.45197E+00
    8.30316E+00    1.49679E+02    1.88912E+01    1.90601E+00    4.14808E+00   -8.56174E-01    1.84799E+00    1.98129E+00    2.45089E+00    2.84735E+00
    8.85475E+00    1.66156E+02    1.64775E+01    2.38531E+00    3.35478E+00   -6.50420E-01    1.71223E+00    1.63938E+00    2.00017E+00    2.45089E+00
    9.41258E+00    1.88349E+02    2.21924E+01    2.38531E+00    4.20307E+00   -9.03518E-01    1.84030E+00    2.00017E+00    2.50700E+00    2.87237E+00
    9.97670E+00    2.08389E+02    2.00397E+01    2.87003E+00    3.54075E+00   -7.17985E-01    1.73932E+00    1.67334E+00    2.08065E+00    2.50700E+00
    1.05472E+01    2.37099E+02    2.87104E+01    2.87003E+00    4.74474E+00   -1.09110E+00    1.88527E+00    2.08065E+00    2.70662E+00    2.98426E+00
    1.11242E+01    2.68268E+02    3.11694E+01    3.36023E+00    4.82938E+00   -1.26066E+00    1.80003E+00    1.83411E+00    2.56553E+00    2.70662E+00
    1.17076E+01    2.96497E+02    2.82289E+01    3.85596E+00    4.10937E+00   -1.24080E+00    1.60305E+00    1.77972E+00    2.50776E+00    2.56553E+00
    1.22977E+01    3.24136E+02    2.76385E+01    4.35730E+00    3.78758E+00   -1.22194E+00    1.51474E+00    1.75685E+00    2.48192E+00    2.50776E+00
    1.28944E+01    3.52127E+02    2.79908E+01    4.86430E+00    3.61747E+00   -1.21323E+00    1.46477E+00    1.74758E+00    2.47561E+00    2.48192E+00
    1.34979E+01    3.81152E+02    2.90254E+01    5.37703E+00    3.54342E+00   -1.21751E+00    1.43565E+00    1.74774E+00    2.48660E+00    2.47561E+00
    1.41082E+01    4.11995E+02    3.08428E+01    5.89556E+00    3.56216E+00   -1.24114E+00    1.42187E+00    1.75756E+00    2.51927E+00    2.48660E+00
    1.47254E+01    4.46009E+02    3.40144E+01    6.41994E+00    3.72175E+00   -1.30385E+00    1.42187E+00    1.78200E+00    2.59124E+00    2.51927E+00
    1.53495E+01    4.87141E+02    4.11317E+01    6.95025E+00    4.26925E+00   -1.49294E+00    1.42842E+00    1.84220E+00    2.77927E+00    2.59124E+00
    1.59807E+01    5.12759E+02    2.56181E+01    8.02892E+00    2.52546E+00   -1.28700E+00    9.32253E-01    1.64387E+00    2.46080E+00    2.14384E+00
    1.66191E+01    5.52360E+02    3.96014E+01    8.57741E+00    3.71205E+00   -1.49125E+00    1.21993E+00    1.79916E+00    2.75644E+00    2.46080E+00
    1.72646E+01    5.84616E+02    3.22558E+01    9.69305E+00    2.87793E+00   -1.45976E+00    8.64311E-01    1.68917E+00    2.63683E+00    2.16860E+00
    1.79175E+01    6.16088E+02    3.14723E+01    1.08341E+01    2.67547E+00   -1.43563E+00    7.83865E-01    1.66909E+00    2.61161E+00    2.11377E+00
    1.85777E+01    6.50319E+02    3.42303E+01    1.20010E+01    2.77517E+00   -1.49162E+00    7.41785E-01    1.68447E+00    2.67482E+00    2.11485E+00
    1.92454E+01    6.80051E+02    2.97324E+01    1.38013E+01    2.30087E+00   -1.41398E+00    5.49112E-01    1.61510E+00    2.56451E+00    1.94461E+00
    1.99207E+01    7.03661E+02    2.36099E+01    1.62981E+01    1.74543E+00   -1.25446E+00    4.14432E-01    1.54175E+00    2.39357E+00    1.80188E+00
    2.06035E+01    7.23518E+02    1.98568E+01    1.89097E+01    1.40346E+00   -1.12925E+00    3.58105E-01    1.50140E+00    2.27686E+00    1.73650E+00
    2.12941E+01    7.44643E+02    2.11251E+01    2.09469E+01    1.42853E+00   -1.13726E+00    3.67664E-01    1.52212E+00    2.31190E+00    1.77178E+00
    2.19925E+01    7.63102E+02    1.84592E+01    2.37722E+01    1.19511E+00   -1.05057E+00    3.02350E-01    1.48704E+00    2.22487E+00    1.70178E+00
    2.26988E+01    7.79332E+02    1.62302E+01    2.67274E+01    1.00673E+00   -9.66309E-01    2.70133E-01    1.46174E+00    2.14805E+00    1.66242E+00
    2.34130E+01    7.96662E+02    1.73300E+01    2.90326E+01    1.03050E+00   -9.75606E-01    2.80531E-01    1.48202E+00    2.18278E+00    1.69758E+00
    2.41354E+01    8.11450E+02    1.47875E+01    3.22296E+01    8.43475E-01   -8.88385E-01    2.32909E-01    1.44624E+00    2.09155E+00    1.63342E+00
    2.48659E+01    8.26623E+02    1.51730E+01    3.47234E+01    8.30650E-01   -8.78950E-01    2.41033E-01    1.45737E+00    2.10304E+00    1.65772E+00
    2.56046E+01    8.41741E+02    1.51188E+01    3.73028E+01    7.94820E-01   -8.60994E-01    2.31320E-01    1.45810E+00    2.09773E+00    1.65697E+00
    2.63517E+01    8.56688E+02    1.49470E+01    3.99705E+01    7.54979E-01   -8.40666E-01    2.19681E-01    1.45664E+00    2.08823E+00    1.65199E+00
    2.71072E+01    8.71417E+02    1.47284E+01    4.27298E+01    7.15121E-01   -8.19683E-01    2.07943E-01    1.45436E+00    2.07714E+00    1.64560E+00
    2.78713E+01    8.85900E+02    1.44827E+01    4.55836E+01    6.76274E-01   -7.98530E-01    1.96530E-01    1.45160E+00    2.06516E+00    1.63855E+00
    2.86440E+01    9.00110E+02    1.42105E+01    4.85353E+01    6.38447E-01   -7.77184E-01    1.85557E-01    1.44838E+00    2.05230E+00    1.63095E+00
    2.94255E+01    9.14003E+02    1.38935E+01    5.15882E+01    6.00838E-01   -7.55115E-01    1.75041E-01    1.44444E+00    2.03784E+00    1.62256E+00
    3.02157E+01    9.27465E+02    1.34617E+01    5.47457E+01    5.60603E-01   -7.30322E-01    1.65022E-01    1.43872E+00    2.01912E+00    1.61240E+00
    3.10149E+01    9.39942E+02    1.24765E+01    5.80115E+01    5.00531E-01   -6.89872E-01    1.56869E-01    1.42482E+00    1.97926E+00    1.59558E+00
    3.18232E+01    9.54722E+02    1.47804E+01    6.02507E+01    5.71444E-01   -7.30950E-01    1.92761E-01    1.46837E+00    2.06246E+00    1.68297E+00
    3.26405E+01    9.68205E+02    1.34826E+01    6.37052E+01    5.02534E-01   -6.93392E-01    1.47452E-01    1.44062E+00    2.01056E+00    1.61040E+00
    3.34671E+01    9.80493E+02    1.22880E+01    6.72782E+01    4.41704E-01   -6.50254E-01    1.37383E-01    1.42249E+00    1.96301E+00    1.58610E+00
    3.43031E+01    9.94743E+02    1.42507E+01    6.97280E+01    4.94191E-01   -6.82418E-01    1.68808E-01    1.46074E+00    2.03441E+00    1.66635E+00
    3.51485E+01    1.00702E+03    1.22798E+01    7.35074E+01    4.10954E-01   -6.27932E-01    1.29055E-01    1.42293E+00    1.95676E+00    1.58551E+00
    3.60034E+01    1.02066E+03    1.36380E+01    7.60988E+01    4.40594E-01   -6.44687E-01    1.58025E-01    1.45176E+00    2.00602E+00    1.65536E+00
    3.68680E+01    1.03563E+03    1.49710E+01    7.87490E+01    4.67035E-01   -6.64560E-01    1.59361E-01    1.47192E+00    2.04973E+00    1.68191E+00
    3.77424E+01    1.04843E+03    1.27981E+01    8.28378E+01    3.85644E-01   -6.09868E-01    1.17072E-01    1.43063E+00    1.96688E+00    1.59019E+00
    3.86267E+01    1.06292E+03    1.44848E+01    8.56412E+01    4.21712E-01   -6.33647E-01    1.42138E-01    1.46317E+00    2.02662E+00    1.66129E+00
    3.95209E+01    1.07527E+03    1.23526E+01    8.99662E+01    3.47571E-01   -5.79831E-01    1.06612E-01    1.42327E+00    1.94470E+00    1.57697E+00
    4.04252E+01    1.08869E+03    1.34191E+01    9.29317E+01    3.65007E-01   -5.89755E-01    1.31137E-01    1.44685E+00    1.98319E+00    1.64020E+00
    4.13398E+01    1.10270E+03    1.40121E+01    9.59645E+01    3.68541E-01   -5.92410E-01    1.32633E-01    1.45641E+00    2.00125E+00    1.65640E+00
    4.22647E+01    1.11726E+03    1.45572E+01    9.90662E+01    3.70313E-01   -5.94270E-01    1.30981E-01    1.46425E+00    2.01698E+00    1.66625E+00
    4.32001E+01    1.13272E+03    1.54631E+01    1.02238E+02    3.80541E-01   -6.03546E-01    1.27565E-01    1.47667E+00    2.04437E+00    1.67787E+00
    4.41460E+01    1.14567E+03    1.29539E+01    1.07133E+02    3.08475E-01   -5.47818E-01    9.14921E-02    1.43131E+00    1.95241E+00    1.58056E+00
    4.51026E+01    1.15957E+03    1.38971E+01    1.10488E+02    3.20298E-01   -5.54653E-01    1.12507E-01    1.45197E+00    1.98554E+00    1.63967E+00
    4.60700E+01    1.17391E+03    1.43356E+01    1.13920E+02    3.19851E-01   -5.54104E-01    1.13225E-01    1.45891E+00    1.99798E+00    1.65210E+00
    4.70484E+01    1.18854E+03    1.46318E+01    1.17430E+02    3.16099E-01   -5.51065E-01    1.11475E-01    1.46298E+00    2.00515E+00    1.65751E+00
    4.80378E+01    1.20341E+03    1.48701E+01    1.21019E+02    3.11115E-01   -5.47002E-01    1.09105E-01    1.46600E+00    2.01025E+00    1.66072E+00
    4.90384E+01    1.21849E+03    1.50780E+01    1.24691E+02    3.05574E-01   -5.42426E-01    1.06530E-01    1.46848E+00    2.01428E+00    1.66293E+00
    5.00503E+01    1.23375E+03    1.52662E+01    1.28445E+02    2.99746E-01   -5.37543E-01    1.03889E-01    1.47064E+00    2.01764E+00    1.66458E+00
    5.10736E+01    1.24919E+03    1.54383E+01    1.32285E+02    2.93734E-01   -5.32432E-01    1.01239E-01    1.47255E+00    2.02047E+00    1.66584E+00
    5.21085E+01    1.26478E+03    1.55938E+01    1.36212E+02    2.87550E-01   -5.27093E-01    9.86061E-02    1.47421E+00    2.02276E+00    1.66674E+00
    5.31551E+01    1.28051E+03    1.57272E+01    1.40229E+02    2.81123E-01   -5.21446E-01    9.60021E-02    1.47554E+00    2.02435E+00    1.66725E+00
    5.42135E+01    1.29634E+03    1.58242E+01    1.44337E+02    2.74236E-01   -5.15273E-01    9.34368E-02    1.47636E+00    2.02480E+00    1.66719E+00
    5.52839E+01    1.31218E+03    1.58481E+01    1.48538E+02    2.66322E-01   -5.07989E-01    9.09384E-02    1.47615E+00    2.02294E+00    1.66610E+00
    5.63664E+01    1.32786E+03    1.56744E+01    1.52834E+02    2.55458E-01   -4.97586E-01    8.86885E-02    1.47319E+00    2.01484E+00    1.66265E+00
    5.74611E+01    1.34241E+03    1.45530E+01    1.57229E+02    2.30064E-01   -4.71359E-01    8.87914E-02    1.45705E+00    1.97595E+00    1.65104E+00
    5.85682E+01    1.36279E+03    2.03770E+01    1.59463E+02    3.12513E-01   -5.25810E-01    1.89836E-01    1.55651E+00    2.14189E+00    1.97595E+00
    5.96878E+01    1.38072E+03    1.79293E+01    1.64008E+02    2.66801E-01   -5.08344E-01    9.15837E-02    1.50388E+00    2.07621E+00    1.71083E+00
    6.08200E+01    1.39824E+03    1.75207E+01    1.68656E+02    2.53008E-01   -4.95909E-01    8.41582E-02    1.49643E+00    2.06108E+00    1.69093E+00
    6.19650E+01    1.41540E+03    1.71616E+01    1.73410E+02    2.40526E-01   -4.83708E-01    8.09488E-02    1.49082E+00    2.04779E+00    1.68215E+00
    6.31230E+01    1.43128E+03    1.58843E+01    1.78272E+02    2.16098E-01   -4.57816E-01    8.06404E-02    1.47320E+00    2.00631E+00    1.66813E+00
    6.42940E+01    1.45327E+03    2.19896E+01    1.80744E+02    2.90426E-01   -5.08870E-01    1.77418E-01    1.57260E+00    2.17186E+00    2.00631E+00
    6.54783E+01    1.47249E+03    1.92181E+01    1.85773E+02    2.46447E-01   -4.89488E-01    8.27568E-02    1.51742E+00    2.10037E+00    1.72433E+00
    6.66760E+01    1.49101E+03    1.85176E+01    1.90916E+02    2.30593E-01   -4.74133E-01    7.60944E-02    1.50656E+00    2.07761E+00    1.70113E+00
    6.78872E+01    1.50805E+03    1.70432E+01    1.96176E+02    2.06117E-01   -4.47737E-01    7.51565E-02    1.48684E+00    2.03218E+00    1.68338E+00
    6.91121E+01    1.53141E+03    2.33570E+01    1.98850E+02    2.74367E-01   -4.95866E-01    1.68773E-01    1.58584E+00    2.19663E+00    2.03218E+00
    7.03508E+01    1.55155E+03    2.01365E+01    2.04290E+02    2.29776E-01   -4.73135E-01    7.69385E-02    1.52651E+00    2.11589E+00    1.73462E+00
    7.16036E+01    1.56982E+03    1.82771E+01    2.09854E+02    2.02620E-01   -4.44238E-01    7.26143E-02    1.50163E+00    2.06127E+00    1.70250E+00
    7.28704E+01    1.59469E+03    2.48653E+01    2.12683E+02    2.67837E-01   -4.90692E-01    1.64496E-01    1.60109E+00    2.22623E+00    2.06127E+00
    7.41516E+01    1.61605E+03    2.13618E+01    2.18438E+02    2.23598E-01   -4.67114E-01    7.35035E-02    1.53960E+00    2.14143E+00    1.74990E+00
    7.54473E+01    1.63542E+03    1.93725E+01    2.24323E+02    1.97066E-01   -4.38489E-01    6.92386E-02    1.51387E+00    2.08520E+00    1.71647E+00
    7.67576E+01    1.66164E+03    2.62160E+01    2.27316E+02    2.59200E-01   -4.83566E-01    1.59260E-01    1.61392E+00    2.25111E+00    2.08520E+00
    7.80828E+01    1.68409E+03    2.24556E+01    2.33403E+02    2.15814E-01   -4.59260E-01    6.99593E-02    1.55070E+00    2.16270E+00    1.76243E+00
    7.94229E+01    1.70435E+03    2.02536E+01    2.39628E+02    1.89229E-01   -4.29981E-01    6.59146E-02    1.52309E+00    2.10255E+00    1.72711E+00
    8.07781E+01    1.73146E+03    2.71075E+01    2.42794E+02    2.46232E-01   -4.71798E-01    1.53748E-01    1.62129E+00    2.26428E+00    2.10255E+00
    8.21487E+01    1.75335E+03    2.18900E+01    2.49232E+02    1.93337E-01   -4.34335E-01    6.84848E-02    1.54280E+00    2.14143E+00    1.76204E+00
    8.35347E+01    1.78233E+03    2.89880E+01    2.52507E+02    2.48967E-01   -4.74341E-01    1.54813E-01    1.64022E+00    2.30137E+00    2.14143E+00
    8.49364E+01    1.80567E+03    2.33366E+01    2.59166E+02    1.94919E-01   -4.36298E-01    6.75507E-02    1.55846E+00    2.17346E+00    1.78213E+00
    8.63540E+01    1.83663E+03    3.09595E+01    2.62552E+02    2.51502E-01   -4.77398E-01    1.53602E-01    1.65912E+00    2.33966E+00    2.17346E+00
    8.77875E+01    1.86287E+03    2.62386E+01    2.69440E+02    2.07328E-01   -4.50760E-01    6.43653E-02    1.58878E+00    2.23861E+00    1.80921E+00
    8.92373E+01    1.88650E+03    2.36272E+01    2.76485E+02    1.81608E-01   -4.21869E-01    6.02839E-02    1.55876E+00    2.17381E+00    1.76990E+00
    9.07034E+01    1.91782E+03    3.13217E+01    2.80067E+02    2.34213E-01   -4.61704E-01    1.45060E-01    1.66001E+00    2.34073E+00    2.17381E+00
    9.21861E+01    1.94311E+03    2.52906E+01    2.87353E+02    1.83994E-01   -4.24386E-01    6.23760E-02    1.57723E+00    2.21000E+00    1.80318E+00
    9.36856E+01    1.97627E+03    3.31578E+01    2.91058E+02    2.34716E-01   -4.62114E-01    1.45490E-01    1.67701E+00    2.37383E+00    2.21000E+00
    9.52020E+01    2.00282E+03    2.65565E+01    2.98594E+02    1.82926E-01   -4.23266E-01    6.14154E-02    1.58980E+00    2.23525E+00    1.81990E+00
    9.67356E+01    2.03750E+03    3.46750E+01    3.02425E+02    2.32434E-01   -4.60150E-01    1.43863E-01    1.69014E+00    2.39977E+00    2.23525E+00
    9.82864E+01    2.06516E+03    2.76619E+01    3.10220E+02    1.80459E-01   -4.20523E-01    6.01567E-02    1.60026E+00    2.25610E+00    1.83338E+00
    9.98548E+01    2.10109E+03    3.59316E+01    3.14183E+02    2.28148E-01   -4.56118E-01    1.41792E-01    1.70043E+00    2.41982E+00    2.25610E+00
    1.01441E+02    2.12924E+03    2.81527E+01    3.22244E+02    1.73995E-01   -4.12904E-01    5.92050E-02    1.60427E+00    2.26287E+00    1.84157E+00
    1.03045E+02    2.16462E+03    3.53766E+01    3.26343E+02    2.12833E-01   -4.39432E-01    1.40474E-01    1.69348E+00    2.40231E+00    2.26287E+00
    1.04667E+02    2.20650E+03    4.18832E+01    3.30489E+02    2.45301E-01   -4.69314E-01    1.58256E-01    1.75360E+00    2.51919E+00    2.40231E+00
    1.06308E+02    2.23866E+03    3.21581E+01    3.38921E+02    1.83365E-01   -4.24061E-01    5.94738E-02    1.64257E+00    2.34215E+00    1.89190E+00
    1.07967E+02    2.28017E+03    4.15119E+01    3.43208E+02    2.30458E-01   -4.59069E-01    1.40406E-01    1.74688E+00    2.51277E+00    2.34215E+00
    1.09645E+02    2.31317E+03    3.29989E+01    3.51929E+02    1.78378E-01   -4.18504E-01    5.68576E-02    1.64898E+00    2.35508E+00    1.89551E+00
    1.11341E+02    2.35574E+03    4.25640E+01    3.56364E+02    2.24045E-01   -4.53066E-01    1.37028E-01    1.75422E+00    2.52727E+00    2.35508E+00
    1.13057E+02    2.38913E+03    3.33930E+01    3.65384E+02    1.71170E-01   -4.09964E-01    5.56675E-02    1.65162E+00    2.35904E+00    1.90127E+00
    1.14793E+02    2.43086E+03    4.17327E+01    3.69970E+02    2.08330E-01   -4.35917E-01    1.35302E-01    1.74540E+00    2.50610E+00    2.35904E+00
    1.16547E+02    2.47998E+03    4.91198E+01    3.74609E+02    2.38816E-01   -4.64367E-01    1.52248E-01    1.80780E+00    2.62731E+00    2.50610E+00
    1.18322E+02    2.51769E+03    3.77093E+01    3.84044E+02    1.78571E-01   -4.18883E-01    5.57543E-02    1.68943E+00    2.43702E+00    1.95097E+00
    1.20117E+02    2.56595E+03    4.82579E+01    3.88841E+02    2.22594E-01   -4.52129E-01    1.34810E-01    1.79750E+00    2.61354E+00    2.43702E+00
    1.21932E+02    2.60369E+03    3.77403E+01    3.98599E+02    1.69573E-01   -4.08288E-01    5.36119E-02    1.68831E+00    2.43355E+00    1.94841E+00
    1.23768E+02    2.65061E+03    4.69205E+01    4.03561E+02    2.05374E-01   -4.33476E-01    1.32183E-01    1.78499E+00    2.58515E+00    2.43355E+00
    1.25624E+02    2.70548E+03    5.48739E+01    4.08579E+02    2.33993E-01   -4.60357E-01    1.48541E-01    1.84809E+00    2.70747E+00    2.58515E+00
    1.27501E+02    2.74697E+03    4.14881E+01    4.18786E+02    1.72361E-01   -4.11658E-01    5.38406E-02    1.71914E+00    2.49629E+00    1.99236E+00
    1.29400E+02    2.79834E+03    5.13732E+01    4.23976E+02    2.07947E-01   -4.36442E-01    1.32155E-01    1.81806E+00    2.65131E+00    2.49629E+00
    1.31320E+02    2.85834E+03    5.99928E+01    4.29225E+02    2.36613E-01   -4.63366E-01    1.48002E-01    1.88318E+00    2.77783E+00    2.65131E+00
    1.33262E+02    2.90441E+03    4.60767E+01    4.39901E+02    1.77079E-01   -4.17502E-01    5.26376E-02    1.75463E+00    2.56984E+00    2.03403E+00
    1.35225E+02    2.96302E+03    5.86070E+01    4.45329E+02    2.19483E-01   -4.49975E-01    1.30406E-01    1.86983E+00    2.75837E+00    2.56984E+00
    1.37211E+02    3.00896E+03    4.59350E+01    4.56371E+02    1.67643E-01   -4.06319E-01    5.04751E-02    1.75217E+00    2.56357E+00    2.02928E+00
    1.39219E+02    3.06577E+03    5.68104E+01    4.61986E+02    2.02059E-01   -4.31018E-01    1.27602E-01    1.85512E+00    2.72558E+00    2.56357E+00
    1.41250E+02    3.13183E+03    6.60682E+01    4.67664E+02    2.29020E-01   -4.56626E-01    1.43222E-01    1.92142E+00    2.85401E+00    2.72558E+00
    1.43304E+02    3.18180E+03    4.99689E+01    4.79214E+02    1.68823E-01   -4.07755E-01    5.05828E-02    1.78220E+00    2.62439E+00    2.07267E+00
    1.45381E+02    3.24322E+03    6.14165E+01    4.85087E+02    2.02249E-01   -4.31373E-01    1.27148E-01    1.88601E+00    2.78705E+00    2.62439E+00
    1.47482E+02    3.31424E+03    7.10211E+01    4.91026E+02    2.27971E-01   -4.55801E-01    1.42184E-01    1.95202E+00    2.91484E+00    2.78705E+00
    1.49606E+02    3.36746E+03    5.32234E+01    5.03107E+02    1.66534E-01   -4.05033E-01    4.98205E-02    1.80489E+00    2.67014E+00    2.10413E+00
    1.51754E+02    3.43213E+03    6.46652E+01    5.09249E+02    1.97242E-01   -4.25940E-01    1.25765E-01    1.90621E+00    2.82640E+00    2.67014E+00
    1.53927E+02    3.50466E+03    7.25307E+01    5.15462E+02    2.15674E-01   -4.42429E-01    1.41174E-01    1.95919E+00    2.92581E+00    2.82640E+00
    1.56124E+02    3.58614E+03    8.14807E+01    5.21744E+02    2.36208E-01   -4.63372E-01    1.46608E-01    2.01504E+00    3.03885E+00    2.92581E+00
    1.58346E+02    3.64677E+03    6.06283E+01    5.34523E+02    1.71355E-01   -4.10967E-01    4.96170E-02    1.85516E+00    2.77344E+00    2.17040E+00
    1.60593E+02    3.72083E+03    7.40616E+01    5.41021E+02    2.04087E-01   -4.33892E-01    1.25799E-01    1.96515E+00    2.94561E+00    2.77344E+00
    1.62866E+02    3.80601E+03    8.51782E+01    5.47592E+02    2.28859E-01   -4.57374E-01    1.40244E-01    2.03433E+00    3.07953E+00    2.94561E+00
    1.65164E+02    3.86981E+03    6.38041E+01    5.60958E+02    1.67157E-01   -4.05997E-01    4.81968E-02    1.87483E+00    2.81311E+00    2.19512E+00
    1.67488E+02    3.94703E+03    7.72130E+01    5.67755E+02    1.97250E-01   -4.26591E-01    1.23571E-01    1.98263E+00    2.97965E+00    2.81311E+00
    1.69838E+02    4.03330E+03    8.62693E+01    5.74628E+02    2.14907E-01   -4.42401E-01    1.38523E-01    2.03816E+00    3.08381E+00    2.97965E+00
    1.72215E+02    4.12976E+03    9.64632E+01    5.81579E+02    2.34337E-01   -4.62268E-01    1.43684E-01    2.09621E+00    3.20117E+00    3.08381E+00
    1.74619E+02    4.20112E+03    7.13599E+01    5.95718E+02    1.69057E-01   -4.08363E-01    4.79166E-02    1.92162E+00    2.90876E+00    2.25846E+00
    1.77050E+02    4.28719E+03    8.60708E+01    6.02907E+02    1.98861E-01   -4.28591E-01    1.23168E-01    2.03315E+00    3.08089E+00    2.90876E+00
    1.79508E+02    4.38311E+03    9.59233E+01    6.10178E+02    2.16147E-01   -4.44025E-01    1.37800E-01    2.09019E+00    3.18793E+00    3.08089E+00
    1.81994E+02    4.49014E+03    1.07029E+02    6.17531E+02    2.35219E-01   -4.63508E-01    1.42755E-01    2.15001E+00    3.30886E+00    3.18793E+00
    1.84509E+02    4.56937E+03    7.92307E+01    6.32487E+02    1.69835E-01   -4.09403E-01    4.71559E-02    1.96748E+00    3.00262E+00    2.31812E+00
    1.87052E+02    4.66479E+03    9.54179E+01    6.40091E+02    1.99498E-01   -4.29604E-01    1.22221E-01    2.08354E+00    3.18203E+00    3.00262E+00
    1.89623E+02    4.77099E+03    1.06203E+02    6.47782E+02    2.16589E-01   -4.44872E-01    1.36670E-01    2.14268E+00    3.29307E+00    3.18203E+00
    1.92223E+02    4.88933E+03    1.18340E+02    6.55560E+02    2.35415E-01   -4.64097E-01    1.41522E-01    2.20465E+00    3.41832E+00    3.29307E+00
    1.94853E+02    4.97706E+03    8.77282E+01    6.71380E+02    1.70240E-01   -4.09991E-01    4.63340E-02    2.01447E+00    3.09876E+00    2.37891E+00
    1.97513E+02    5.08256E+03    1.05501E+02    6.79424E+02    1.99715E-01   -4.30163E-01    1.21139E-01    2.13516E+00    3.28565E+00    3.09876E+00
    2.00203E+02    5.19984E+03    1.17278E+02    6.87560E+02    2.16579E-01   -4.45247E-01    1.35403E-01    2.19642E+00    3.40071E+00    3.28565E+00
    2.02923E+02    5.33033E+03    1.30494E+02    6.95787E+02    2.35099E-01   -4.64171E-01    1.40157E-01    2.26050E+00    3.53016E+00    3.40071E+00
    2.05673E+02    5.42716E+03    9.68270E+01    7.12521E+02    1.70187E-01   -4.10022E-01    4.54881E-02    2.06231E+00    3.19653E+00    2.44078E+00
    2.08455E+02    5.54339E+03    1.16232E+02    7.21030E+02    1.99315E-01   -4.30036E-01    1.19932E-01    2.18740E+00    3.39043E+00    3.19653E+00
    2.11269E+02    5.67236E+03    1.28963E+02    7.29636E+02    2.15764E-01   -4.44762E-01    1.33981E-01    2.25035E+00    3.50863E+00    3.39043E+00
    2.14114E+02    5.81551E+03    1.43151E+02    7.38338E+02    2.33679E-01   -4.63104E-01    1.38611E-01    2.31582E+00    3.64080E+00    3.50863E+00
    2.16991E+02    5.92138E+03    1.05871E+02    7.56040E+02    1.68626E-01   -4.08206E-01    4.46591E-02    2.10756E+00    3.28866E+00    2.50060E+00
    2.19901E+02    6.04773E+03    1.26348E+02    7.65041E+02    1.96358E-01   -4.26988E-01    1.18487E-01    2.23408E+00    3.48349E+00    3.28866E+00
    2.22843E+02    6.18639E+03    1.38666E+02    7.74144E+02    2.10281E-01   -4.39060E-01    1.32317E-01    2.29250E+00    3.59176E+00    3.48349E+00
    2.25819E+02    6.33595E+03    1.49555E+02    7.83349E+02    2.21303E-01   -4.49915E-01    1.37404E-01    2.34100E+00    3.68743E+00    3.59176E+00
    2.28829E+02    6.49997E+03    1.64020E+02    7.92659E+02    2.36840E-01   -4.66224E-01    1.39556E-01    2.40273E+00    3.81373E+00    3.68743E+00
    2.31872E+02    6.62027E+03    1.20304E+02    8.11595E+02    1.69519E-01   -4.09343E-01    4.42485E-02    2.17627E+00    3.42912E+00    2.59286E+00
    2.34950E+02    6.76316E+03    1.42886E+02    8.21224E+02    1.96482E-01   -4.27312E-01    1.17840E-01    2.30714E+00    3.62977E+00    3.42912E+00
    2.38063E+02    6.91901E+03    1.55849E+02    8.30961E+02    2.09142E-01   -4.38046E-01    1.31369E-01    2.36484E+00    3.73601E+00    3.62977E+00
    2.41211E+02    7.08531E+03    1.66303E+02    8.40809E+02    2.17798E-01   -4.46337E-01    1.36313E-01    2.40865E+00    3.82156E+00    3.73601E+00
    2.44394E+02    7.26269E+03    1.77378E+02    8.50768E+02    2.26714E-01   -4.55424E-01    1.38933E-01    2.45339E+00    3.91136E+00    3.82156E+00
    2.47614E+02    7.45611E+03    1.93426E+02    8.60839E+02    2.41284E-01   -4.70802E-01    1.40106E-01    2.51606E+00    4.04028E+00    3.91136E+00
    2.50870E+02    7.59791E+03    1.41794E+02    8.81325E+02    1.72631E-01   -4.13171E-01    4.38293E-02    2.27131E+00    3.62407E+00    2.71772E+00
    2.54162E+02    7.76629E+03    1.68383E+02    8.91741E+02    2.00086E-01   -4.31565E-01    1.17635E-01    2.41239E+00    3.84134E+00    3.62407E+00
    2.57492E+02    7.95037E+03    1.84077E+02    9.02276E+02    2.13493E-01   -4.43087E-01    1.31026E-01    2.47647E+00    3.96015E+00    3.84134E+00
    2.60859E+02    8.14825E+03    1.97881E+02    9.12929E+02    2.24010E-01   -4.53396E-01    1.35800E-01    2.52958E+00    4.06493E+00    3.96015E+00
    2.64265E+02    8.36455E+03    2.16300E+02    9.23703E+02    2.39004E-01   -4.69077E-01    1.37736E-01    2.59756E+00    4.20397E+00    4.06493E+00
    2.67709E+02    8.52347E+03    1.58922E+02    9.45618E+02    1.71408E-01   -4.11788E-01    4.28839E-02    2.34161E+00    3.76776E+00    2.80886E+00
    2.71192E+02    8.71163E+03    1.88161E+02    9.56761E+02    1.98099E-01   -4.29663E-01    1.16142E-01    2.48802E+00    3.99288E+00    3.76776E+00
    2.74714E+02    8.91632E+03    2.04685E+02    9.68030E+02    2.10356E-01   -4.40034E-01    1.29327E-01    2.55177E+00    4.11038E+00    3.99288E+00
    2.78276E+02    9.13418E+03    2.17866E+02    9.79426E+02    2.18567E-01   -4.47881E-01    1.34049E-01    2.59976E+00    4.20409E+00    4.11038E+00
    2.81878E+02    9.36592E+03    2.31736E+02    9.90952E+02    2.26945E-01   -4.56415E-01    1.36496E-01    2.64852E+00    4.30189E+00    4.20409E+00
    2.85521E+02    9.61772E+03    2.51804E+02    1.00261E+03    2.40732E-01   -4.70974E-01    1.37533E-01    2.71678E+00    4.44217E+00    4.30189E+00
    2.89205E+02    9.80204E+03    1.84319E+02    1.02631E+03    1.72025E-01   -4.12594E-01    4.23245E-02    2.43954E+00    3.96814E+00    2.93843E+00
    2.92931E+02    1.00195E+04    2.17503E+02    1.03837E+03    1.98175E-01   -4.29975E-01    1.15309E-01    2.59360E+00    4.20460E+00    3.96814E+00
    2.96699E+02    1.02552E+04    2.35692E+02    1.05056E+03    2.09652E-01   -4.39554E-01    1.28233E-01    2.65873E+00    4.32423E+00    4.20460E+00
    3.00509E+02    1.05047E+04    2.49504E+02    1.06289E+03    2.16675E-01   -4.46144E-01    1.32779E-01    2.70548E+00    4.41505E+00    4.32423E+00
    3.04363E+02    1.07675E+04    2.62718E+02    1.07536E+03    2.22745E-01   -4.52193E-01    1.35152E-01    2.74874E+00    4.50107E+00    4.41505E+00
    3.08260E+02    1.10453E+04    2.77861E+02    1.08797E+03    2.30006E-01   -4.59704E-01    1.36669E-01    2.79703E+00    4.59859E+00    4.50107E+00
    3.12201E+02    1.13461E+04    3.00774E+02    1.10072E+03    2.43083E-01   -4.73547E-01    1.37246E-01    2.86801E+00    4.74479E+00    4.59859E+00
    3.16187E+02    1.15660E+04    2.19911E+02    1.12666E+03    1.73529E-01   -4.14467E-01    4.17860E-02    2.56594E+00    4.22714E+00    3.10481E+00
    3.20217E+02    1.18250E+04    2.58996E+02    1.13985E+03    1.99543E-01   -4.31731E-01    1.14682E-01    2.73150E+00    4.48145E+00    4.22714E+00
    3.24294E+02    1.21052E+04    2.80213E+02    1.15318E+03    2.10794E-01   -4.41088E-01    1.27418E-01    2.80093E+00    4.60900E+00    4.48145E+00
    3.28416E+02    1.24014E+04    2.96237E+02    1.16667E+03    2.17592E-01   -4.47450E-01    1.31837E-01    2.85056E+00    4.70543E+00    4.60900E+00
    3.32585E+02    1.27130E+04    3.11534E+02    1.18031E+03    2.23435E-01   -4.53265E-01    1.34112E-01    2.89643E+00    4.79664E+00    4.70543E+00
    3.36801E+02    1.30420E+04    3.29057E+02    1.19411E+03    2.30445E-01   -4.60513E-01    1.35546E-01    2.94764E+00    4.90006E+00    4.79664E+00
    3.41064E+02    1.33977E+04    3.55624E+02    1.20806E+03    2.43189E-01   -4.74001E-01    1.36058E-01    3.02310E+00    5.05541E+00    4.90006E+00
    3.45376E+02    1.36577E+04    2.60071E+02    1.23644E+03    1.73664E-01   -4.14701E-01    4.10682E-02    2.69667E+00    4.49482E+00    3.27609E+00
    3.49737E+02    1.39634E+04    3.05623E+02    1.25087E+03    1.99285E-01   -4.31712E-01    1.13621E-01    2.87365E+00    4.76671E+00    4.49482E+00
    3.54147E+02    1.42932E+04    3.29863E+02    1.26546E+03    2.10039E-01   -4.40597E-01    1.26145E-01    2.94650E+00    4.90036E+00    4.76671E+00
    3.58606E+02    1.46409E+04    3.47633E+02    1.28022E+03    2.16159E-01   -4.46260E-01    1.30425E-01    2.99712E+00    4.99845E+00    4.90036E+00
    3.63116E+02    1.50046E+04    3.63786E+02    1.29514E+03    2.20897E-01   -4.50906E-01    1.32593E-01    3.04172E+00    5.08674E+00    4.99845E+00
    3.67677E+02    1.53852E+04    3.80578E+02    1.31023E+03    2.25676E-01   -4.55765E-01    1.33994E-01    3.08698E+00    5.17739E+00    5.08674E+00
    3.72290E+02    1.57859E+04    4.00660E+02    1.32550E+03    2.32019E-01   -4.62380E-01    1.34995E-01    3.13993E+00    5.28465E+00    5.17739E+00
    3.76954E+02    1.62178E+04    4.31878E+02    1.34093E+03    2.44243E-01   -4.75339E-01    1.35262E-01    3.22009E+00    5.44983E+00    5.28465E+00
    3.81672E+02    1.65335E+04    3.15789E+02    1.37233E+03    1.74412E-01   -4.15665E-01    4.04296E-02    2.86231E+00    4.83416E+00    3.49343E+00
    3.86442E+02    1.69040E+04    3.70443E+02    1.38830E+03    1.99814E-01   -4.32555E-01    1.12740E-01    3.05436E+00    5.12952E+00    4.83416E+00
    3.91267E+02    1.73032E+04    3.99248E+02    1.40444E+03    2.10319E-01   -4.41222E-01    1.25068E-01    3.13279E+00    5.27346E+00    5.12952E+00
    3.96146E+02    1.77235E+04    4.20232E+02    1.42077E+03    2.16204E-01   -4.46659E-01    1.29227E-01    3.18702E+00    5.37855E+00    5.27346E+00
    4.01080E+02    1.81627E+04    4.39235E+02    1.43728E+03    2.20706E-01   -4.51072E-01    1.31301E-01    3.23466E+00    5.47285E+00    5.37855E+00
    4.06070E+02    1.86217E+04    4.58949E+02    1.45398E+03    2.25233E-01   -4.55680E-01    1.32622E-01    3.28294E+00    5.56955E+00    5.47285E+00
    4.11116E+02    1.91042E+04    4.82516E+02    1.47087E+03    2.31279E-01   -4.62000E-01    1.33547E-01    3.33944E+00    5.68395E+00    5.56955E+00
    4.16220E+02    1.96234E+04    5.19239E+02    1.48795E+03    2.43082E-01   -4.74545E-01    1.33752E-01    3.42519E+00    5.86058E+00    5.68395E+00
    4.21381E+02    2.00030E+04    3.79618E+02    1.52269E+03    1.73581E-01   -4.14740E-01    3.96373E-02    3.03486E+00    5.18738E+00    3.71946E+00
    4.26600E+02    2.04473E+04    4.44271E+02    1.54035E+03    1.98416E-01   -4.31284E-01    1.11397E-01    3.24163E+00    5.50531E+00    5.18738E+00
    4.31879E+02    2.09249E+04    4.77592E+02    1.55821E+03    2.08336E-01   -4.39421E-01    1.23470E-01    3.32432E+00    5.65677E+00    5.50531E+00
    4.37217E+02    2.14260E+04    5.01116E+02    1.57628E+03    2.13516E-01   -4.44150E-01    1.27463E-01    3.37980E+00    5.76398E+00    5.65677E+00
    4.42615E+02    2.19475E+04    5.21472E+02    1.59455E+03    2.17027E-01   -4.47531E-01    1.29393E-01    3.42642E+00    5.85591E+00    5.76398E+00
    4.48074E+02    2.24885E+04    5.41051E+02    1.61303E+03    2.19946E-01   -4.50440E-01    1.30578E-01    3.47028E+00    5.94318E+00    5.85591E+00
    4.53595E+02    2.30498E+04    5.61262E+02    1.63171E+03    2.22867E-01   -4.53422E-01    1.31439E-01    3.51470E+00    6.03210E+00    5.94318E+00
    4.59179E+02    2.36335E+04    5.83686E+02    1.65061E+03    2.26395E-01   -4.57093E-01    1.32138E-01    3.56311E+00    6.12958E+00    6.03210E+00
    4.64825E+02    2.42450E+04    6.11561E+02    1.66972E+03    2.31707E-01   -4.62709E-01    1.32692E-01    3.62221E+00    6.24957E+00    6.12958E+00
    4.70535E+02    2.49012E+04    6.56176E+02    1.68904E+03    2.42849E-01   -4.74606E-01    1.32658E-01    3.71454E+00    6.43990E+00    6.24957E+00
    4.76310E+02    2.53804E+04    4.79229E+02    1.72835E+03    1.73254E-01   -4.14413E-01    3.89325E-02    3.27716E+00    5.68376E+00    4.03806E+00
    4.82150E+02    2.59400E+04    5.59609E+02    1.74834E+03    1.97629E-01   -4.30675E-01    1.10220E-01    3.50530E+00    6.03460E+00    5.68376E+00
    4.88056E+02    2.65404E+04    6.00387E+02    1.76855E+03    2.07124E-01   -4.38440E-01    1.22041E-01    3.59524E+00    6.19924E+00    6.03460E+00
    4.94029E+02    2.71692E+04    6.28750E+02    1.78899E+03    2.11892E-01   -4.42772E-01    1.25876E-01    3.65479E+00    6.31423E+00    6.19924E+00
    5.00069E+02    2.78221E+04    6.52935E+02    1.80967E+03    2.14956E-01   -4.45706E-01    1.27680E-01    3.70415E+00    6.41147E+00    6.31423E+00
    5.06178E+02    2.84979E+04    6.75778E+02    1.83057E+03    2.17335E-01   -4.48061E-01    1.28749E-01    3.74980E+00    6.50218E+00    6.41147E+00
    5.12356E+02    2.91966E+04    6.98720E+02    1.85172E+03    2.19523E-01   -4.50282E-01    1.29496E-01    3.79481E+00    6.59209E+00    6.50218E+00
    5.18603E+02    2.99196E+04    7.22965E+02    1.87310E+03    2.21897E-01   -4.52740E-01    1.30088E-01    3.84160E+00    6.68593E+00    6.59209E+00
    5.24921E+02    3.06698E+04    7.50257E+02    1.89472E+03    2.24960E-01   -4.55964E-01    1.30600E-01    3.89343E+00    6.79038E+00    6.68593E+00
    5.31310E+02    3.14544E+04    7.84564E+02    1.91659E+03    2.29821E-01   -4.61148E-01    1.31009E-01    3.95747E+00    6.92046E+00    6.79038E+00
    5.37772E+02    3.22945E+04    8.40080E+02    1.93871E+03    2.40409E-01   -4.72529E-01    1.30866E-01    4.05867E+00    7.12910E+00    6.92046E+00
    5.44306E+02    3.29079E+04    6.13383E+02    1.98369E+03    1.71489E-01   -4.12360E-01    3.80611E-02    3.56631E+00    6.27605E+00    4.41756E+00
    5.50915E+02    3.36226E+04    7.14770E+02    2.00656E+03    1.95232E-01   -4.28298E-01    1.08592E-01    3.81994E+00    6.66622E+00    6.27605E+00
    5.57598E+02    3.43880E+04    7.65371E+02    2.02970E+03    2.04239E-01   -4.35670E-01    1.20128E-01    3.91846E+00    6.84645E+00    6.66622E+00
    5.64357E+02    3.51880E+04    7.99976E+02    2.05309E+03    2.08561E-01   -4.39584E-01    1.23801E-01    3.98270E+00    6.97037E+00    6.84645E+00
    5.71192E+02    3.60170E+04    8.28977E+02    2.07675E+03    2.11149E-01   -4.42047E-01    1.25475E-01    4.03510E+00    7.07346E+00    6.97037E+00
    5.78104E+02    3.68728E+04    8.55813E+02    2.10067E+03    2.12972E-01   -4.43835E-01    1.26422E-01    4.08262E+00    7.16774E+00    7.07346E+00
    5.85094E+02    3.77548E+04    8.82019E+02    2.12487E+03    2.14448E-01   -4.45317E-01    1.27044E-01    4.12822E+00    7.25862E+00    7.16774E+00
    5.92163E+02    3.86633E+04    9.08528E+02    2.14934E+03    2.15817E-01   -4.46721E-01    1.27504E-01    4.17362E+00    7.34938E+00    7.25862E+00
    5.99313E+02    3.95995E+04    9.36170E+02    2.17408E+03    2.17275E-01   -4.48243E-01    1.27881E-01    4.22028E+00    7.44287E+00    7.34938E+00
    6.06543E+02    4.05655E+04    9.66055E+02    2.19911E+03    2.19063E-01   -4.50136E-01    1.28221E-01    4.27000E+00    7.54277E+00    7.44287E+00
    6.13854E+02    4.15658E+04    1.00023E+03    2.22441E+03    2.21606E-01   -4.52861E-01    1.28541E-01    4.32604E+00    7.65582E+00    7.54277E+00
    6.21249E+02    4.26095E+04    1.04375E+03    2.25001E+03    2.25943E-01   -4.57553E-01    1.28797E-01    4.39627E+00    7.79857E+00    7.65582E+00
    6.28727E+02    4.37247E+04    1.11513E+03    2.27589E+03    2.35860E-01   -4.68335E-01    1.28537E-01    4.50885E+00    8.03068E+00    7.79857E+00
    6.36289E+02    4.45384E+04    8.13792E+02    2.32854E+03    1.68178E-01   -4.08418E-01    3.70442E-02    3.94418E+00    7.05015E+00    4.91383E+00
    6.43937E+02    4.54847E+04    9.46283E+02    2.35531E+03    1.91076E-01   -4.23951E-01    1.06496E-01    4.23109E+00    7.49161E+00    7.05015E+00
    6.51671E+02    4.64961E+04    1.01133E+03    2.38238E+03    1.99531E-01   -4.30905E-01    1.17695E-01    4.34090E+00    7.69235E+00    7.49161E+00
    6.59493E+02    4.75512E+04    1.05512E+03    2.40976E+03    2.03404E-01   -4.34417E-01    1.21186E-01    4.41150E+00    7.82844E+00    7.69235E+00
    6.67403E+02    4.86425E+04    1.09132E+03    2.43745E+03    2.05566E-01   -4.36468E-01    1.22726E-01    4.46838E+00    7.94025E+00    7.82844E+00
    6.75402E+02    4.97669E+04    1.12437E+03    2.46545E+03    2.06945E-01   -4.37813E-01    1.23553E-01    4.51932E+00    8.04125E+00    7.94025E+00
    6.83492E+02    5.09230E+04    1.15617E+03    2.49376E+03    2.07929E-01   -4.38793E-01    1.24057E-01    4.56753E+00    8.13722E+00    8.04125E+00
    6.91673E+02    5.21107E+04    1.18771E+03    2.52240E+03    2.08717E-01   -4.39594E-01    1.24396E-01    4.61465E+00    8.23127E+00    8.13722E+00
    6.99947E+02    5.33304E+04    1.21970E+03    2.55136E+03    2.09438E-01   -4.40343E-01    1.24645E-01    4.66178E+00    8.32549E+00    8.23127E+00
    7.08314E+02    5.45832E+04    1.25277E+03    2.58065E+03    2.10200E-01   -4.41151E-01    1.24845E-01    4.70986E+00    8.42178E+00    8.32549E+00
    7.16776E+02    5.58709E+04    1.28774E+03    2.61027E+03    2.11131E-01   -4.42154E-01    1.25024E-01    4.76005E+00    8.52244E+00    8.42178E+00
    7.25333E+02    5.71969E+04    1.32592E+03    2.64022E+03    2.12426E-01   -4.43566E-01    1.25200E-01    4.81414E+00    8.63120E+00    8.52244E+00
    7.33987E+02    5.85668E+04    1.36996E+03    2.67052E+03    2.14470E-01   -4.45815E-01    1.25376E-01    4.87570E+00    8.75547E+00    8.63120E+00
    7.42739E+02    5.99934E+04    1.42660E+03    2.70115E+03    2.18240E-01   -4.49988E-01    1.25503E-01    4.95368E+00    8.91402E+00    8.75547E+00
    7.51590E+02    6.15141E+04    1.52071E+03    2.73213E+03    2.27328E-01   -4.60074E-01    1.25141E-01    5.08037E+00    9.17523E+00    8.91402E+00
    7.60540E+02    6.26229E+04    1.10883E+03    2.79515E+03    1.61976E-01   -4.00872E-01    3.57425E-02    4.42335E+00    8.03160E+00    5.54319E+00
    7.69592E+02    6.39093E+04    1.28637E+03    2.82719E+03    1.83625E-01   -4.15826E-01    1.03511E-01    4.75187E+00    8.53702E+00    8.03160E+00
    7.78746E+02    6.52812E+04    1.37186E+03    2.85960E+03    1.91364E-01   -4.22263E-01    1.14273E-01    4.87539E+00    8.76257E+00    8.53702E+00
    7.88004E+02    6.67095E+04    1.42833E+03    2.89237E+03    1.94701E-01   -4.25304E-01    1.17547E-01    4.95345E+00    8.91287E+00    8.76257E+00
    7.97366E+02    6.81838E+04    1.47425E+03    2.92551E+03    1.96383E-01   -4.26894E-01    1.18930E-01    5.01540E+00    9.03452E+00    8.91287E+00
    8.06834E+02    6.96993E+04    1.51557E+03    2.95902E+03    1.97288E-01   -4.27761E-01    1.19620E-01    5.07013E+00    9.14293E+00    9.03452E+00
    8.16409E+02    7.12541E+04    1.55473E+03    2.99292E+03    1.97777E-01   -4.28228E-01    1.19994E-01    5.12121E+00    9.24452E+00    9.14293E+00
    8.26092E+02    7.28470E+04    1.59294E+03    3.02720E+03    1.98024E-01   -4.28458E-01    1.20200E-01    5.17036E+00    9.34251E+00    9.24452E+00
    8.35885E+02    7.44779E+04    1.63087E+03    3.06186E+03    1.98126E-01   -4.28546E-01    1.20310E-01    5.21856E+00    9.43872E+00    9.34251E+00
    8.45788E+02    7.61469E+04    1.66901E+03    3.09692E+03    1.98146E-01   -4.28555E-01    1.20360E-01    5.26642E+00    9.53436E+00    9.43872E+00
    8.55803E+02    7.78546E+04    1.70772E+03    3.13237E+03    1.98130E-01   -4.28533E-01    1.20374E-01    5.31443E+00    9.63037E+00    9.53436E+00
    8.65932E+02    7.96020E+04    1.74736E+03    3.16823E+03    1.98120E-01   -4.28523E-01    1.20366E-01    5.36304E+00    9.72766E+00    9.63037E+00
    8.76174E+02    8.13903E+04    1.78837E+03    3.20448E+03    1.98160E-01   -4.28575E-01    1.20348E-01    5.41277E+00    9.82723E+00    9.72766E+00
    8.86533E+02    8.32217E+04    1.83135E+03    3.24115E+03    1.98310E-01   -4.28756E-01    1.20328E-01    5.46429E+00    9.93052E+00    9.82723E+00
    8.97009E+02    8.50989E+04    1.87725E+03    3.27824E+03    1.98662E-01   -4.29169E-01    1.20316E-01    5.51870E+00    1.00398E+01    9.93052E+00
    9.07603E+02    8.70268E+04    1.92783E+03    3.31574E+03    1.99380E-01   -4.30003E-01    1.20320E-01    5.57797E+00    1.01590E+01    1.00398E+01
    9.18316E+02    8.90135E+04    1.98675E+03    3.35366E+03    2.00807E-01   -4.31655E-01    1.20336E-01    5.64619E+00    1.02968E+01    1.01590E+01
    9.29151E+02    9.10771E+04    2.06354E+03    3.39202E+03    2.03833E-01   -4.35153E-01    1.20313E-01    5.73385E+00    1.04751E+01    1.02968E+01
    9.40108E+02    9.32706E+04    2.19350E+03    3.43080E+03    2.11752E-01   -4.44289E-01    1.19833E-01    5.87902E+00    1.07745E+01    1.04751E+01
    9.51189E+02    9.48669E+04    1.59633E+03    3.50970E+03    1.50606E-01   -3.86595E-01    3.39177E-02    5.09082E+00    9.39875E+00    6.42127E+00
    9.62395E+02    9.67137E+04    1.84684E+03    3.54982E+03    1.70289E-01   -4.00639E-01    9.88784E-02    5.47633E+00    9.99119E+00    9.39875E+00
    9.73728E+02    9.86783E+04    1.96452E+03    3.59039E+03    1.77030E-01   -4.06382E-01    1.09012E-01    5.61793E+00    1.02493E+01    9.99119E+00
    9.85189E+02    1.00719E+05    2.04037E+03    3.63142E+03    1.79696E-01   -4.08842E-01    1.11998E-01    5.70541E+00    1.04174E+01    1.02493E+01
    9.96779E+02    1.02819E+05    2.10083E+03    3.67291E+03    1.80826E-01   -4.09896E-01    1.13184E-01    5.77358E+00    1.05511E+01    1.04174E+01
    1.00850E+03    1.04974E+05    2.15436E+03    3.71487E+03    1.81231E-01   -4.10244E-01    1.13711E-01    5.83293E+00    1.06686E+01    1.05511E+01
    1.02035E+03    1.07178E+05    2.20442E+03    3.75731E+03    1.81239E-01   -4.10193E-01    1.13935E-01    5.88765E+00    1.07773E+01    1.06686E+01
    1.03234E+03    1.09431E+05    2.25266E+03    3.80022E+03    1.81009E-01   -4.09894E-01    1.13998E-01    5.93973E+00    1.08811E+01    1.07773E+01
    1.04447E+03    1.11731E+05    2.29998E+03    3.84362E+03    1.80625E-01   -4.09435E-01    1.13965E-01    5.99023E+00    1.09818E+01    1.08811E+01
    1.05673E+03    1.14078E+05    2.34693E+03    3.88751E+03    1.80138E-01   -4.08867E-01    1.13870E-01    6.03980E+00    1.10808E+01    1.09818E+01
    1.06912E+03    1.16472E+05    2.39389E+03    3.93190E+03    1.79583E-01   -4.08224E-01    1.13735E-01    6.08886E+00    1.11788E+01    1.10808E+01
    1.08166E+03    1.18913E+05    2.44113E+03    3.97679E+03    1.78981E-01   -4.07533E-01    1.13571E-01    6.13772E+00    1.12764E+01    1.11788E+01
    1.09434E+03    1.21402E+05    2.48891E+03    4.02218E+03    1.78354E-01   -4.06813E-01    1.13388E-01    6.18664E+00    1.13742E+01    1.12764E+01
    1.10717E+03    1.23939E+05    2.53745E+03    4.06809E+03    1.77718E-01   -4.06086E-01    1.13191E-01    6.23586E+00    1.14727E+01    1.13742E+01
    1.12014E+03    1.26526E+05    2.58703E+03    4.11452E+03    1.77092E-01   -4.05372E-01    1.12987E-01    6.28567E+00    1.15724E+01    1.14727E+01
    1.13325E+03    1.29164E+05    2.63802E+03    4.16147E+03    1.76498E-01   -4.04696E-01    1.12778E-01    6.33640E+00    1.16739E+01    1.15724E+01
    1.14652E+03    1.31855E+05    2.69091E+03    4.20895E+03    1.75966E-01   -4.04096E-01    1.12571E-01    6.38853E+00    1.17784E+01    1.16739E+01
    1.15993E+03    1.34602E+05    2.74650E+03    4.25697E+03    1.75540E-01   -4.03625E-01    1.12370E-01    6.44280E+00    1.18872E+01    1.17784E+01
    1.17349E+03    1.37408E+05    2.80609E+03    4.30553E+03    1.75295E-01   -4.03374E-01    1.12180E-01    6.50042E+00    1.20029E+01    1.18872E+01
    1.18721E+03    1.40280E+05    2.87217E+03    4.35464E+03    1.75368E-01   -4.03513E-01    1.12007E-01    6.56370E+00    1.21303E+01    1.20029E+01
    1.20109E+03    1.43230E+05    2.95002E+03    4.40431E+03    1.76051E-01   -4.04403E-01    1.11847E-01    6.63747E+00    1.22794E+01    1.21303E+01
    1.21512E+03    1.46283E+05    3.05340E+03    4.45454E+03    1.78105E-01   -4.06987E-01    1.11651E-01    6.73420E+00    1.24763E+01    1.22794E+01
    1.22930E+03    1.49517E+05    3.23345E+03    4.50533E+03    1.84347E-01   -4.14750E-01    1.11038E-01    6.89928E+00    1.28170E+01    1.24763E+01
    1.24365E+03    1.51860E+05    2.34365E+03    4.60865E+03    1.30600E-01   -3.60041E-01    3.11465E-02    5.93799E+00    1.11332E+01    7.53792E+00
    1.25816E+03    1.54562E+05    2.70143E+03    4.66118E+03    1.47138E-01   -3.72570E-01    9.12654E-02    6.39211E+00    1.18289E+01    1.11332E+01
    1.27284E+03    1.57425E+05    2.86314E+03    4.71431E+03    1.52425E-01   -3.77279E-01    1.00430E-01    6.55274E+00    1.21204E+01    1.18289E+01
    1.28768E+03    1.60388E+05    2.96308E+03    4.76804E+03    1.54185E-01   -3.78915E-01    1.03000E-01    6.64812E+00    1.23031E+01    1.21204E+01
    1.30269E+03    1.63428E+05    3.03994E+03    4.82238E+03    1.54615E-01   -3.79233E-01    1.03913E-01    6.71997E+00    1.24437E+01    1.23031E+01
    1.31787E+03    1.66534E+05    3.10605E+03    4.87733E+03    1.54413E-01   -3.78883E-01    1.04218E-01    6.78084E+00    1.25639E+01    1.24437E+01
    1.33322E+03    1.69700E+05    3.16639E+03    4.93290E+03    1.53862E-01   -3.78148E-01    1.04242E-01    6.83571E+00    1.26728E+01    1.25639E+01
    1.34874E+03    1.72924E+05    3.22333E+03    4.98910E+03    1.53096E-01   -3.77169E-01    1.04115E-01    6.88694E+00    1.27747E+01    1.26728E+01
    1.36444E+03    1.76202E+05    3.27811E+03    5.04593E+03    1.52187E-01   -3.76022E-01    1.03896E-01    6.93574E+00    1.28719E+01    1.27747E+01
    1.38031E+03    1.79533E+05    3.33147E+03    5.10341E+03    1.51177E-01   -3.74754E-01    1.03617E-01    6.98285E+00    1.29658E+01    1.28719E+01
    1.39637E+03    1.82917E+05    3.38384E+03    5.16154E+03    1.50092E-01   -3.73393E-01    1.03296E-01    7.02868E+00    1.30573E+01    1.29658E+01
    1.41261E+03    1.86353E+05    3.43551E+03    5.22032E+03    1.48949E-01   -3.71957E-01    1.02944E-01    7.07354E+00    1.31468E+01    1.30573E+01
    1.42903E+03    1.89839E+05    3.48668E+03    5.27977E+03    1.47761E-01   -3.70460E-01    1.02568E-01    7.11759E+00    1.32348E+01    1.31468E+01
    1.44563E+03    1.93377E+05    3.53746E+03    5.33989E+03    1.46535E-01   -3.68912E-01    1.02171E-01    7.16099E+00    1.33215E+01    1.32348E+01
    1.46243E+03    1.96965E+05    3.58796E+03    5.40068E+03    1.45279E-01   -3.67320E-01    1.01759E-01    7.20382E+00    1.34070E+01    1.33215E+01
    1.47941E+03    2.00603E+05    3.63825E+03    5.46217E+03    1.43997E-01   -3.65689E-01    1.01333E-01    7.24616E+00    1.34916E+01    1.34070E+01
    1.49658E+03    2.04291E+05    3.68838E+03    5.52435E+03    1.42693E-01   -3.64024E-01    1.00894E-01    7.28806E+00    1.35753E+01    1.34916E+01
    1.51395E+03    2.08030E+05    3.73841E+03    5.58723E+03    1.41372E-01   -3.62329E-01    1.00446E-01    7.32959E+00    1.36583E+01    1.35753E+01
    1.53152E+03    2.11818E+05    3.78839E+03    5.65083E+03    1.40036E-01   -3.60609E-01    9.99876E-02    7.37079E+00    1.37406E+01    1.36583E+01
    1.54928E+03    2.15657E+05    3.83838E+03    5.71514E+03    1.38690E-01   -3.58867E-01    9.95214E-02    7.41172E+00    1.38224E+01    1.37406E+01
    1.56725E+03    2.19545E+05    3.88845E+03    5.78018E+03    1.37337E-01   -3.57108E-01    9.90480E-02    7.45243E+00    1.39038E+01    1.38224E+01
    1.58541E+03    2.23484E+05    3.93868E+03    5.84595E+03    1.35980E-01   -3.55337E-01    9.85684E-02    7.49303E+00    1.39849E+01    1.39038E+01
    1.60379E+03    2.27473E+05    3.98922E+03    5.91247E+03    1.34626E-01   -3.53561E-01    9.80839E-02    7.53360E+00    1.40661E+01    1.39849E+01
    1.62237E+03    2.31513E+05    4.04024E+03    5.97974E+03    1.33280E-01   -3.51789E-01    9.75955E-02    7.57430E+00    1.41475E+01    1.40661E+01
    1.64116E+03    2.35605E+05    4.09201E+03    6.04777E+03    1.31951E-01   -3.50032E-01    9.71049E-02    7.61534E+00    1.42296E+01    1.41475E+01
    1.66016E+03    2.39750E+05    4.14493E+03    6.11656E+03    1.30652E-01   -3.48307E-01    9.66138E-02    7.65704E+00    1.43131E+01    1.42296E+01
    1.67938E+03    2.43950E+05    4.19966E+03    6.18614E+03    1.29400E-01   -3.46641E-01    9.61247E-02    7.69991E+00    1.43989E+01    1.43131E+01
    1.69881E+03    2.48207E+05    4.25724E+03    6.25650E+03    1.28224E-01   -3.45076E-01    9.56405E-02    7.74475E+00    1.44889E+01    1.43989E+01
    1.71847E+03    2.52527E+05    4.31952E+03    6.32766E+03    1.27175E-01   -3.43684E-01    9.51649E-02    7.79298E+00    1.45858E+01    1.44889E+01
    1.73834E+03    2.56917E+05    4.39003E+03    6.39962E+03    1.26346E-01   -3.42604E-01    9.47009E-02    7.84727E+00    1.46953E+01    1.45858E+01
    1.75845E+03    2.61393E+05    4.47639E+03    6.47239E+03    1.25935E-01   -3.42130E-01    9.42455E-02    7.91334E+00    1.48291E+01    1.46953E+01
    1.77877E+03    2.65992E+05    4.59856E+03    6.54598E+03    1.26465E-01   -3.43036E-01    9.37583E-02    8.00604E+00    1.50185E+01    1.48291E+01
    1.79933E+03    2.70822E+05    4.83096E+03    6.62041E+03    1.29870E-01   -3.48188E-01    9.29266E-02    8.17952E+00    1.53778E+01    1.50185E+01
    1.82012E+03    2.74280E+05    3.45709E+03    6.77180E+03    9.08485E-02   -3.00302E-01    2.58291E-02    6.97414E+00    1.32526E+01    8.91826E+00
    1.84115E+03    2.78235E+05    3.95497E+03    6.84878E+03    1.01598E-01   -3.09645E-01    7.56137E-02    7.49693E+00    1.40438E+01    1.32526E+01
    1.86241E+03    2.82393E+05    4.15886E+03    6.92663E+03    1.04435E-01   -3.12358E-01    8.28737E-02    7.66430E+00    1.43432E+01    1.40438E+01
    1.88391E+03    2.86663E+05    4.26974E+03    7.00536E+03    1.04811E-01   -3.12479E-01    8.46659E-02    7.75203E+00    1.45090E+01    1.43432E+01
    1.90566E+03    2.91008E+05    4.34488E+03    7.08497E+03    1.04261E-01   -3.11483E-01    8.50845E-02    7.81043E+00    1.46220E+01    1.45090E+01
    1.92765E+03    2.95410E+05    4.40246E+03    7.16549E+03    1.03270E-01   -3.09912E-01    8.49977E-02    7.85460E+00    1.47084E+01    1.46220E+01
    1.94989E+03    2.99860E+05    4.44978E+03    7.24692E+03    1.02037E-01   -3.08005E-01    8.46751E-02    7.89052E+00    1.47791E+01    1.47084E+01
    1.97238E+03    3.04351E+05    4.49027E+03    7.32927E+03    1.00654E-01   -3.05876E-01    8.42231E-02    7.92099E+00    1.48393E+01    1.47791E+01
    1.99513E+03    3.08876E+05    4.52574E+03    7.41255E+03    9.91715E-02   -3.03591E-01    8.36912E-02    7.94746E+00    1.48916E+01    1.48393E+01
    2.01813E+03    3.13433E+05    4.55719E+03    7.49677E+03    9.76195E-02   -3.01186E-01    8.31052E-02    7.97076E+00    1.49378E+01    1.48916E+01
    2.04139E+03    3.18019E+05    4.58523E+03    7.58194E+03    9.60157E-02   -2.98685E-01    8.24797E-02    7.99137E+00    1.49786E+01    1.49378E+01
    2.06492E+03    3.22629E+05    4.61020E+03    7.66807E+03    9.43724E-02   -2.96104E-01    8.18236E-02    8.00959E+00    1.50147E+01    1.49786E+01
    2.08871E+03    3.27261E+05    4.63233E+03    7.75518E+03    9.26977E-02   -2.93451E-01    8.11426E-02    8.02560E+00    1.50464E+01    1.50147E+01
    2.11277E+03    3.31913E+05    4.65173E+03    7.84327E+03    9.09977E-02   -2.90735E-01    8.04402E-02    8.03953E+00    1.50740E+01    1.50464E+01
    2.13710E+03    3.36581E+05    4.66848E+03    7.93236E+03    8.92767E-02   -2.87961E-01    7.97191E-02    8.05142E+00    1.50975E+01    1.50740E+01
    2.16171E+03    3.41264E+05    4.68259E+03    8.02245E+03    8.75381E-02   -2.85132E-01    7.89811E-02    8.06130E+00    1.51170E+01    1.50975E+01
    2.18659E+03    3.45958E+05    4.69407E+03    8.11356E+03    8.57846E-02   -2.82250E-01    7.82274E-02    8.06920E+00    1.51325E+01    1.51170E+01
    2.21176E+03    3.50661E+05    4.70288E+03    8.20570E+03    8.40183E-02   -2.79318E-01    7.74589E-02    8.07508E+00    1.51440E+01    1.51325E+01
    2.23721E+03    3.55370E+05    4.70899E+03    8.29888E+03    8.22411E-02   -2.76337E-01    7.66763E-02    8.07894E+00    1.51514E+01    1.51440E+01
    2.26295E+03    3.60082E+05    4.71235E+03    8.39312E+03    8.04545E-02   -2.73307E-01    7.58801E-02    8.08072E+00    1.51547E+01    1.51514E+01
    2.28898E+03    3.64795E+05    4.71288E+03    8.48842E+03    7.86598E-02   -2.70230E-01    7.50706E-02    8.08040E+00    1.51538E+01    1.51547E+01
    2.31530E+03    3.69506E+05    4.71053E+03    8.58480E+03    7.68581E-02   -2.67106E-01    7.42480E-02    8.07792E+00    1.51485E+01    1.51538E+01
    2.34192E+03    3.74211E+05    4.70522E+03    8.68226E+03    7.50507E-02   -2.63934E-01    7.34126E-02    8.07322E+00    1.51388E+01    1.51485E+01
    2.36884E+03    3.78908E+05    4.69687E+03    8.78083E+03    7.32385E-02   -2.60716E-01    7.25644E-02    8.06625E+00    1.51245E+01    1.51388E+01
    2.39607E+03    3.83593E+05    4.68540E+03    8.88051E+03    7.14225E-02   -2.57451E-01    7.17035E-02    8.05692E+00    1.51056E+01    1.51245E+01
    2.42360E+03    3.88264E+05    4.67073E+03    8.98132E+03    6.96035E-02   -2.54139E-01    7.08299E-02    8.04519E+00    1.50818E+01    1.51056E+01
    2.45145E+03    3.92917E+05    4.65277E+03    9.08326E+03    6.77824E-02   -2.50779E-01    6.99435E-02    8.03096E+00    1.50530E+01    1.50818E+01
    2.47961E+03    3.97548E+05    4.63144E+03    9.18636E+03    6.59601E-02   -2.47372E-01    6.90444E-02    8.01416E+00    1.50191E+01    1.50530E+01
    2.50808E+03    4.02155E+05    4.60666E+03    9.29063E+03    6.41374E-02   -2.43917E-01    6.81325E-02    7.99472E+00    1.49798E+01    1.50191E+01
    2.53688E+03    4.06733E+05    4.57833E+03    9.39607E+03    6.23152E-02   -2.40413E-01    6.72076E-02    7.97253E+00    1.49351E+01    1.49798E+01
    2.56601E+03    4.11280E+05    4.54637E+03    9.50270E+03    6.04943E-02   -2.36860E-01    6.62696E-02    7.94752E+00    1.48847E+01    1.49351E+01
    2.59546E+03    4.15790E+05    4.51070E+03    9.61054E+03    5.86756E-02   -2.33258E-01    6.53185E-02    7.91958E+00    1.48285E+01    1.48847E+01
    2.62525E+03    4.20261E+05    4.47124E+03    9.71960E+03    5.68599E-02   -2.29605E-01    6.43541E-02    7.88863E+00    1.47662E+01    1.48285E+01
    2.65537E+03    4.24689E+05    4.42791E+03    9.82989E+03    5.50480E-02   -2.25902E-01    6.33762E-02    7.85457E+00    1.46976E+01    1.47662E+01
    2.68583E+03    4.29070E+05    4.38064E+03    9.94142E+03    5.32410E-02   -2.22147E-01    6.23847E-02    7.81728E+00    1.46227E+01    1.46976E+01
    2.71664E+03    4.33399E+05    4.32936E+03    1.00542E+04    5.14398E-02   -2.18340E-01    6.13795E-02    7.77667E+00    1.45410E+01    1.46227E+01
    2.74780E+03    4.37673E+05    4.27400E+03    1.01683E+04    4.96453E-02   -2.14481E-01    6.03602E-02    7.73263E+00    1.44525E+01    1.45410E+01
    2.77931E+03    4.41888E+05    4.21452E+03    1.02836E+04    4.78586E-02   -2.10568E-01    5.93269E-02    7.68505E+00    1.43569E+01    1.44525E+01
    2.81117E+03    4.46039E+05    4.15087E+03    1.04003E+04    4.60807E-02   -2.06602E-01    5.82793E-02    7.63381E+00    1.42539E+01    1.43569E+01
    2.84339E+03    4.50122E+05    4.08301E+03    1.05183E+04    4.43130E-02   -2.02581E-01    5.72171E-02    7.57881E+00    1.41435E+01    1.42539E+01
    2.87598E+03    4.54133E+05    4.01093E+03    1.06376E+04    4.25566E-02   -1.98506E-01    5.61404E-02    7.51994E+00    1.40252E+01    1.41435E+01
    2.90894E+03    4.58067E+05    3.93464E+03    1.07583E+04    4.08129E-02   -1.94377E-01    5.50489E-02    7.45711E+00    1.38991E+01    1.40252E+01
    2.94227E+03    4.61922E+05    3.85416E+03    1.08803E+04    3.90837E-02   -1.90194E-01    5.39425E-02    7.39021E+00    1.37648E+01    1.38991E+01
    2.97597E+03    4.65691E+05    3.76958E+03    1.10037E+04    3.73707E-02   -1.85959E-01    5.28212E-02    7.31919E+00    1.36222E+01    1.37648E+01
    3.01006E+03    4.69372E+05    3.68101E+03    1.11285E+04    3.56763E-02   -1.81673E-01    5.16851E-02    7.24401E+00    1.34713E+01    1.36222E+01
    3.04453E+03    4.72961E+05    3.58867E+03    1.12547E+04    3.40033E-02   -1.77340E-01    5.05341E-02    7.16471E+00    1.33122E+01    1.34713E+01
    3.07939E+03    4.76454E+05    3.49290E+03    1.13823E+04    3.23556E-02   -1.72969E-01    4.93687E-02    7.08142E+00    1.31452E+01    1.33122E+01
    3.11465E+03    4.79848E+05    3.39429E+03    1.15114E+04    3.07388E-02   -1.68572E-01    4.81892E-02    6.99449E+00    1.29709E+01    1.31452E+01
    3.15030E+03    4.83142E+05    3.29383E+03    1.16420E+04    2.91620E-02   -1.64175E-01    4.69964E-02    6.90466E+00    1.27909E+01    1.29709E+01
    3.18635E+03    4.86335E+05    3.19346E+03    1.17740E+04    2.76411E-02   -1.59826E-01    4.57905E-02    6.81356E+00    1.26086E+01    1.27909E+01
    3.22282E+03    4.89433E+05    3.09729E+03    1.19075E+04    2.62092E-02   -1.55637E-01    4.45694E-02    6.72495E+00    1.24319E+01    1.26086E+01
    3.25969E+03    4.92449E+05    3.01611E+03    1.20425E+04    2.49515E-02   -1.51905E-01    4.33159E-02    6.64906E+00    1.22821E+01    1.24319E+01
    3.29699E+03    4.95439E+05    2.99019E+03    1.21790E+04    2.41841E-02   -1.49760E-01    4.19049E-02    6.62447E+00    1.22407E+01    1.22821E+01
    3.33470E+03    4.97330E+05    1.89115E+03    1.24567E+04    1.49533E-02   -1.21738E-01    1.15402E-02    5.40891E+00    1.00259E+01    7.00239E+00
    3.37284E+03    4.99368E+05    2.03848E+03    1.25980E+04    1.57579E-02   -1.21549E-01    3.13629E-02    5.64635E+00    1.03083E+01    1.00259E+01
    3.41141E+03    5.01370E+05    2.00187E+03    1.27408E+04    1.51289E-02   -1.18404E-01    3.33078E-02    5.60458E+00    1.01972E+01    1.03083E+01
    3.45042E+03    5.03277E+05    1.90708E+03    1.28852E+04    1.40905E-02   -1.14043E-01    3.29345E-02    5.49365E+00    9.96708E+00    1.01972E+01
    3.48986E+03    5.05066E+05    1.78887E+03    1.30313E+04    1.29216E-02   -1.09089E-01    3.19568E-02    5.35161E+00    9.67907E+00    9.96708E+00
    3.52976E+03    5.06725E+05    1.65853E+03    1.31790E+04    1.17124E-02   -1.03767E-01    3.07373E-02    5.18956E+00    9.35242E+00    9.67907E+00
    3.57010E+03    5.08246E+05    1.52092E+03    1.33284E+04    1.05006E-02   -9.81680E-02    2.93880E-02    5.01149E+00    8.99423E+00    9.35242E+00
    3.61090E+03    5.09624E+05    1.37871E+03    1.34794E+04    9.30605E-03   -9.23296E-02    2.79516E-02    4.81881E+00    8.60701E+00    8.99423E+00
    3.65216E+03    5.10858E+05    1.23365E+03    1.36322E+04    8.14084E-03   -8.62636E-02    2.64468E-02    4.61174E+00    8.19106E+00    8.60701E+00
    3.69389E+03    5.11945E+05    1.08713E+03    1.37867E+04    7.01368E-03   -7.99663E-02    2.48812E-02    4.38983E+00    7.74534E+00    8.19106E+00
    3.73609E+03    5.12886E+05    9.40440E+02    1.39430E+04    5.93173E-03   -7.34223E-02    2.32572E-02    4.15206E+00    7.26780E+00    7.74534E+00
    3.77876E+03    5.13681E+05    7.94881E+02    1.41010E+04    4.90162E-03   -6.66047E-02    2.15740E-02    3.89691E+00    6.75527E+00    7.26780E+00
    3.82192E+03    5.14332E+05    6.51897E+02    1.42608E+04    3.93011E-03   -5.94723E-02    1.98280E-02    3.62218E+00    6.20330E+00    6.75527E+00
    3.86557E+03    5.14846E+05    5.13178E+02    1.44224E+04    3.02470E-03   -5.19635E-02    1.80137E-02    3.32473E+00    5.60544E+00    6.20330E+00
    3.90971E+03    5.15226E+05    3.80820E+02    1.45858E+04    2.19443E-03   -4.39827E-02    1.61232E-02    2.99986E+00    4.95210E+00    5.60544E+00
    3.95434E+03    5.15484E+05    2.57597E+02    1.47511E+04    1.45122E-03   -3.53706E-02    1.41473E-02    2.64000E+00    4.22772E+00    4.95210E+00
    3.99949E+03    5.15632E+05    1.47567E+02    1.49182E+04    8.12778E-04   -2.58235E-02    1.20799E-02    2.23119E+00    3.40346E+00    4.22772E+00
    4.04514E+03    5.15690E+05    5.79271E+01    1.50873E+04    3.11929E-04   -1.45914E-02    9.95094E-03    1.74021E+00    2.41007E+00    3.40346E+00
    4.09131E+03    5.15753E+05    6.35590E+01    1.50873E+04    3.34613E-04   -1.32370E-02    1.26252E-02    2.41007E+00    3.02463E+00    4.52031E+00
    4.13799E+03    5.15827E+05    7.42965E+01    1.50873E+04    3.82407E-04   -1.21474E-02    1.53247E-02    3.02463E+00    3.59497E+00    5.58608E+00
    4.18521E+03    5.15917E+05    8.96349E+01    1.50873E+04    4.51052E-04   -1.12551E-02    1.80104E-02    3.59497E+00    4.12939E+00    6.60532E+00
    4.23296E+03    5.16026E+05    1.09211E+02    1.50873E+04    5.37292E-04   -1.05117E-02    2.06590E-02    4.12939E+00    4.63416E+00    7.58244E+00
    4.28125E+03    5.16159E+05    1.32763E+02    1.50873E+04    6.38580E-04   -9.88241E-03    2.32576E-02    4.63416E+00    5.11406E+00    8.52155E+00
    4.33009E+03    5.16319E+05    1.60105E+02    1.50873E+04    7.52896E-04   -9.34165E-03    2.57998E-02    5.11406E+00    5.57283E+00    9.42637E+00
    4.37948E+03    5.16510E+05    1.91107E+02    1.50873E+04    8.78623E-04   -8.87073E-03    2.82831E-02    5.57283E+00    6.01340E+00    1.03002E+01
    4.42942E+03    5.16736E+05    2.25689E+02    1.50873E+04    1.01445E-03   -8.45567E-03    3.07075E-02    6.01340E+00    6.43810E+00    1.11460E+01
    4.47993E+03    5.17000E+05    2.63806E+02    1.50873E+04    1.15931E-03   -8.08593E-03    3.30746E-02    6.43810E+00    6.84882E+00    1.19664E+01
    4.53101E+03    5.17305E+05    3.05444E+02    1.50873E+04    1.31233E-03   -7.75346E-03    3.53867E-02    6.84882E+00    7.24710E+00    1.27635E+01
    4.58267E+03    5.17656E+05    3.50613E+02    1.50873E+04    1.47278E-03   -7.45204E-03    3.76463E-02    7.24710E+00    7.63422E+00    1.35395E+01
    4.63491E+03    5.18055E+05    3.99344E+02    1.50873E+04    1.64003E-03   -7.17681E-03    3.98563E-02    7.63422E+00    8.01125E+00    1.42960E+01
    4.68775E+03    5.18507E+05    4.51685E+02    1.50873E+04    1.81359E-03   -6.92390E-03    4.20196E-02    8.01125E+00    8.37911E+00    1.50346E+01
    4.74118E+03    5.19014E+05    5.07698E+02    1.50873E+04    1.99300E-03   -6.69023E-03    4.41389E-02    8.37911E+00    8.73858E+00    1.57567E+01
    4.79521E+03    5.19582E+05    5.67459E+02    1.50873E+04    2.17788E-03   -6.47330E-03    4.62167E-02    8.73858E+00    9.09031E+00    1.64635E+01
    4.84985E+03    5.20213E+05    6.31055E+02    1.50873E+04    2.36792E-03   -6.27106E-03    4.82555E-02    9.09031E+00    9.43491E+00    1.71560E+01
    4.90511E+03    5.20912E+05    6.98582E+02    1.50873E+04    2.56280E-03   -6.08181E-03    5.02575E-02    9.43491E+00    9.77289E+00    1.78352E+01
    4.96100E+03    5.21682E+05    7.70145E+02    1.50873E+04    2.76230E-03   -5.90412E-03    5.22249E-02    9.77289E+00    1.01047E+01    1.85020E+01
    5.01752E+03    5.22528E+05    8.45860E+02    1.50873E+04    2.96618E-03   -5.73682E-03    5.41596E-02    1.01047E+01    1.04307E+01    1.91572E+01
    5.07467E+03    5.23453E+05    9.25850E+02    1.50873E+04    3.17424E-03   -5.57888E-03    5.60635E-02    1.04307E+01    1.07514E+01    1.98015E+01
    5.13247E+03    5.24464E+05    1.01024E+03    1.50873E+04    3.38631E-03   -5.42943E-03    5.79382E-02    1.07514E+01    1.10670E+01    2.04355E+01
    5.19093E+03    5.25563E+05    1.09918E+03    1.50873E+04    3.60223E-03   -5.28773E-03    5.97852E-02    1.10670E+01    1.13778E+01    2.10598E+01
    5.25004E+03    5.26756E+05    1.19281E+03    1.50873E+04    3.82186E-03   -5.15311E-03    6.16061E-02    1.13778E+01    1.16842E+01    2.16750E+01
    5.30983E+03    5.28047E+05    1.29128E+03    1.50873E+04    4.04508E-03   -5.02502E-03    6.34021E-02    1.16842E+01    1.19863E+01    2.22815E+01
    5.37028E+03    5.29442E+05    1.39475E+03    1.50873E+04    4.27177E-03   -4.90295E-03    6.51746E-02    1.19863E+01    1.22844E+01    2.28799E+01
    5.43143E+03    5.30945E+05    1.50340E+03    1.50873E+04    4.50182E-03   -4.78646E-03    6.69247E-02    1.22844E+01    1.25787E+01    2.34705E+01
    5.49326E+03    5.32562E+05    1.61740E+03    1.50873E+04    4.73515E-03   -4.67516E-03    6.86534E-02    1.25787E+01    1.28694E+01    2.40537E+01
    5.55579E+03    5.34299E+05    1.73693E+03    1.50873E+04    4.97168E-03   -4.56869E-03    7.03620E-02    1.28694E+01    1.31566E+01    2.46300E+01
    5.61903E+03    5.36162E+05    1.86219E+03    1.50873E+04    5.21134E-03   -4.46676E-03    7.20513E-02    1.31566E+01    1.34407E+01    2.51997E+01
    5.68298E+03    5.38155E+05    1.99337E+03    1.50873E+04    5.45405E-03   -4.36907E-03    7.37222E-02    1.34407E+01    1.37217E+01    2.57630E+01
    5.74766E+03    5.40286E+05    2.13070E+03    1.50873E+04    5.69978E-03   -4.27537E-03    7.53757E-02    1.37217E+01    1.39998E+01    2.63204E+01
    5.81306E+03    5.42560E+05    2.27438E+03    1.50873E+04    5.94846E-03   -4.18544E-03    7.70126E-02    1.39998E+01    1.42750E+01    2.68720E+01
    5.87921E+03    5.44985E+05    2.42464E+03    1.50873E+04    6.20005E-03   -4.09906E-03    7.86336E-02    1.42750E+01    1.45477E+01    2.74183E+01
    5.94610E+03    5.47566E+05    2.58172E+03    1.50873E+04    6.45453E-03   -4.01604E-03    8.02396E-02    1.45477E+01    1.48179E+01    2.79594E+01
    6.01375E+03    5.50312E+05    2.74587E+03    1.50873E+04    6.71185E-03   -3.93622E-03    8.18313E-02    1.48179E+01    1.50856E+01    2.84955E+01
    6.08216E+03    5.53230E+05    2.91735E+03    1.50873E+04    6.97201E-03   -3.85942E-03    8.34093E-02    1.50856E+01    1.53512E+01    2.90271E+01
    6.15135E+03    5.56326E+05    3.09642E+03    1.50873E+04    7.23498E-03   -3.78551E-03    8.49744E-02    1.53512E+01    1.56145E+01    2.95542E+01
    6.22132E+03    5.59609E+05    3.28337E+03    1.50873E+04    7.50075E-03   -3.71435E-03    8.65272E-02    1.56145E+01    1.58759E+01    3.00771E+01
    6.29208E+03    5.63088E+05    3.47848E+03    1.50873E+04    7.76931E-03   -3.64582E-03    8.80682E-02    1.58759E+01    1.61353E+01    3.05960E+01
    6.36364E+03    5.66770E+05    3.68205E+03    1.50873E+04    8.04066E-03   -3.57980E-03    8.95982E-02    1.61353E+01    1.63929E+01    3.11112E+01
    6.43600E+03    5.70664E+05    3.89441E+03    1.50873E+04    8.31481E-03   -3.51618E-03    9.11178E-02    1.63929E+01    1.66488E+01    3.16228E+01
    6.50919E+03    5.74780E+05    4.11587E+03    1.50873E+04    8.59176E-03   -3.45487E-03    9.26274E-02    1.66488E+01    1.69030E+01    3.21310E+01
    6.58320E+03    5.79127E+05    4.34679E+03    1.50873E+04    8.87154E-03   -3.39578E-03    9.41276E-02    1.69030E+01    1.71558E+01    3.26360E+01
    6.65805E+03    5.83715E+05    4.58752E+03    1.50873E+04    9.15415E-03   -3.33881E-03    9.56191E-02    1.71558E+01    1.74071E+01    3.31380E+01
    6.73374E+03    5.88553E+05    4.83842E+03    1.50873E+04    9.43963E-03   -3.28388E-03    9.71022E-02    1.74071E+01    1.76571E+01    3.36372E+01
    6.81029E+03    5.93653E+05    5.09990E+03    1.50873E+04    9.72799E-03   -3.23093E-03    9.85777E-02    1.76571E+01    1.79058E+01    3.41338E+01
    6.88770E+03    5.99025E+05    5.37235E+03    1.50873E+04    1.00193E-02   -3.17988E-03    1.00046E-01    1.79058E+01    1.81533E+01    3.46279E+01
    6.96599E+03    6.04681E+05    5.65619E+03    1.50873E+04    1.03135E-02   -3.13066E-03    1.01507E-01    1.81533E+01    1.83998E+01    3.51198E+01
    7.04517E+03    6.10633E+05    5.95185E+03    1.50873E+04    1.06108E-02   -3.08321E-03    1.02963E-01    1.83998E+01    1.86453E+01    3.56095E+01
    7.12523E+03    6.16893E+05    6.25981E+03    1.50873E+04    1.09111E-02   -3.03748E-03    1.04412E-01    1.86453E+01    1.88898E+01    3.60972E+01
    7.20621E+03    6.23474E+05    6.58053E+03    1.50873E+04    1.12145E-02   -2.99340E-03    1.05856E-01    1.88898E+01    1.91336E+01    3.65832E+01
    7.28809E+03    6.30388E+05    6.91451E+03    1.50873E+04    1.15211E-02   -2.95093E-03    1.07296E-01    1.91336E+01    1.93766E+01    3.70676E+01
    7.37091E+03    6.37650E+05    7.26228E+03    1.50873E+04    1.18309E-02   -2.91001E-03    1.08731E-01    1.93766E+01    1.96189E+01    3.75505E+01
    7.45466E+03    6.45275E+05    7.62436E+03    1.50873E+04    1.21440E-02   -2.87059E-03    1.10163E-01    1.96189E+01    1.98607E+01    3.80321E+01
    7.53935E+03    6.53276E+05    8.00134E+03    1.50873E+04    1.24605E-02   -2.83265E-03    1.11591E-01    1.98607E+01    2.01020E+01    3.85125E+01
    7.62500E+03    6.61670E+05    8.39379E+03    1.50873E+04    1.27804E-02   -2.79612E-03    1.13016E-01    2.01020E+01    2.03428E+01    3.89920E+01
    7.71162E+03    6.70472E+05    8.80234E+03    1.50873E+04    1.31039E-02   -2.76097E-03    1.14439E-01    2.03428E+01    2.05833E+01    3.94707E+01
    7.79922E+03    6.79700E+05    9.22762E+03    1.50873E+04    1.34309E-02   -2.72716E-03    1.15860E-01    2.05833E+01    2.08235E+01    3.99487E+01
    7.88781E+03    6.89370E+05    9.67031E+03    1.50873E+04    1.37617E-02   -2.69465E-03    1.17279E-01    2.08235E+01    2.10636E+01    4.04262E+01
    7.97740E+03    6.99501E+05    1.01311E+04    1.50873E+04    1.40962E-02   -2.66342E-03    1.18698E-01    2.10636E+01    2.13036E+01    4.09033E+01
    8.06801E+03    7.10112E+05    1.06108E+04    1.50873E+04    1.44347E-02   -2.63342E-03    1.20116E-01    2.13036E+01    2.15435E+01    4.13803E+01
    8.15963E+03    7.21222E+05    1.11100E+04    1.50873E+04    1.47772E-02   -2.60462E-03    1.21533E-01    2.15435E+01    2.17835E+01    4.18572E+01
    8.25229E+03    7.32852E+05    1.16297E+04    1.50873E+04    1.51238E-02   -2.57700E-03    1.22952E-01    2.17835E+01    2.20236E+01    4.23342E+01
    8.34600E+03    7.45022E+05    1.21706E+04    1.50873E+04    1.54746E-02   -2.55052E-03    1.24371E-01    2.20236E+01    2.22640E+01    4.28116E+01
    8.44077E+03    7.57756E+05    1.27336E+04    1.50873E+04    1.58298E-02   -2.52516E-03    1.25791E-01    2.22640E+01    2.25046E+01    4.32894E+01
    8.53661E+03    7.71076E+05    1.33197E+04    1.50873E+04    1.61896E-02   -2.50089E-03    1.27214E-01    2.25046E+01    2.27456E+01    4.37677E+01
    8.63353E+03    7.85005E+05    1.39298E+04    1.50873E+04    1.65540E-02   -2.47768E-03    1.28638E-01    2.27456E+01    2.29871E+01    4.42469E+01
    8.73155E+03    7.99570E+05    1.45648E+04    1.50873E+04    1.69231E-02   -2.45551E-03    1.30066E-01    2.29871E+01    2.32292E+01    4.47270E+01
    8.83067E+03    8.14796E+05    1.52259E+04    1.50873E+04    1.72972E-02   -2.43435E-03    1.31496E-01    2.32292E+01    2.34718E+01    4.52081E+01
    8.93091E+03    8.30710E+05    1.59142E+04    1.50873E+04    1.76765E-02   -2.41419E-03    1.32931E-01    2.34718E+01    2.37152E+01    4.56905E+01
    9.03229E+03    8.47341E+05    1.66307E+04    1.50873E+04    1.80609E-02   -2.39500E-03    1.34370E-01    2.37152E+01    2.39593E+01    4.61744E+01
    9.13481E+03    8.64718E+05    1.73767E+04    1.50873E+04    1.84508E-02   -2.37676E-03    1.35813E-01    2.39593E+01    2.42044E+01    4.66598E+01
    9.23850E+03    8.82871E+05    1.81535E+04    1.50873E+04    1.88463E-02   -2.35946E-03    1.37262E-01    2.42044E+01    2.44504E+01    4.71470E+01
    9.34335E+03    9.01834E+05    1.89624E+04    1.50873E+04    1.92476E-02   -2.34306E-03    1.38716E-01    2.44504E+01    2.46974E+01    4.76361E+01
    9.44939E+03    9.21638E+05    1.98047E+04    1.50873E+04    1.96549E-02   -2.32755E-03    1.40177E-01    2.46974E+01    2.49456E+01    4.81273E+01
    9.55662E+03    9.42320E+05    2.06819E+04    1.50873E+04    2.00684E-02   -2.31292E-03    1.41644E-01    2.49456E+01    2.51951E+01    4.86207E+01
    9.66507E+03    9.63916E+05    2.15955E+04    1.50873E+04    2.04883E-02   -2.29915E-03    1.43119E-01    2.51951E+01    2.54458E+01    4.91167E+01
    9.77474E+03    9.86463E+05    2.25472E+04    1.50873E+04    2.09148E-02   -2.28622E-03    1.44601E-01    2.54458E+01    2.56979E+01    4.96152E+01
    9.88565E+03    1.01000E+06    2.35385E+04    1.50873E+04    2.13481E-02   -2.27412E-03    1.46092E-01    2.56979E+01    2.59516E+01    5.01165E+01
    9.99782E+03    1.03457E+06    2.45712E+04    1.50873E+04    2.17885E-02   -2.26282E-03    1.47592E-01    2.59516E+01    2.62068E+01    5.06209E+01
    1.01113E+04    1.06022E+06    2.56472E+04    1.50873E+04    2.22363E-02   -2.25233E-03    1.49101E-01    2.62068E+01    2.64638E+01    5.11284E+01
    1.02260E+04    1.08699E+06    2.67684E+04    1.50873E+04    2.26916E-02   -2.24262E-03    1.50621E-01    2.64638E+01    2.67225E+01    5.16392E+01
    1.03420E+04    1.11492E+06    2.79368E+04    1.50873E+04    2.31547E-02   -2.23367E-03    1.52150E-01    2.67225E+01    2.69830E+01    5.21536E+01
    1.04593E+04    1.14408E+06    2.91545E+04    1.50873E+04    2.36260E-02   -2.22549E-03    1.53691E-01    2.69830E+01    2.72456E+01    5.26718E+01
    1.05779E+04    1.17450E+06    3.04237E+04    1.50873E+04    2.41056E-02   -2.21805E-03    1.55244E-01    2.72456E+01    2.75103E+01    5.31939E+01
    1.06979E+04    1.20625E+06    3.17469E+04    1.50873E+04    2.45939E-02   -2.21135E-03    1.56809E-01    2.75103E+01    2.77771E+01    5.37201E+01
    1.08193E+04    1.23938E+06    3.31264E+04    1.50873E+04    2.50913E-02   -2.20537E-03    1.58387E-01    2.77771E+01    2.80462E+01    5.42507E+01
    1.09420E+04    1.27394E+06    3.45648E+04    1.50873E+04    2.55979E-02   -2.20010E-03    1.59978E-01    2.80462E+01    2.83177E+01    5.47858E+01
    1.10661E+04    1.31001E+06    3.60649E+04    1.50873E+04    2.61142E-02   -2.19554E-03    1.61584E-01    2.83177E+01    2.85917E+01    5.53257E+01
    1.11916E+04    1.34764E+06    3.76295E+04    1.50873E+04    2.66405E-02   -2.19167E-03    1.63204E-01    2.85917E+01    2.88683E+01    5.58705E+01
    1.13185E+04    1.38690E+06    3.92615E+04    1.50873E+04    2.71771E-02   -2.18849E-03    1.64840E-01    2.88683E+01    2.91476E+01    5.64206E+01
    1.14469E+04    1.42786E+06    4.09642E+04    1.50873E+04    2.77245E-02   -2.18599E-03    1.66492E-01    2.91476E+01    2.94298E+01    5.69760E+01
    1.15767E+04    1.47060E+06    4.27408E+04    1.50873E+04    2.82829E-02   -2.18416E-03    1.68161E-01    2.94298E+01    2.97149E+01    5.75371E+01
    1.17080E+04    1.51520E+06    4.45948E+04    1.50873E+04    2.88529E-02   -2.18300E-03    1.69847E-01    2.97149E+01    3.00031E+01    5.81041E+01
    1.18407E+04    1.56173E+06    4.65299E+04    1.50873E+04    2.94348E-02   -2.18250E-03    1.71552E-01    3.00031E+01    3.02945E+01    5.86771E+01
    1.19750E+04    1.61028E+06    4.85500E+04    1.50873E+04    3.00290E-02   -2.18264E-03    1.73275E-01    3.02945E+01    3.05892E+01    5.92565E+01
    1.21108E+04    1.66094E+06    5.06591E+04    1.50873E+04    3.06360E-02   -2.18344E-03    1.75018E-01    3.05892E+01    3.08873E+01    5.98425E+01
    1.22481E+04    1.71380E+06    5.28615E+04    1.50873E+04    3.12564E-02   -2.18489E-03    1.76781E-01    3.08873E+01    3.11890E+01    6.04354E+01
    1.23869E+04    1.76896E+06    5.51617E+04    1.50873E+04    3.18904E-02   -2.18697E-03    1.78566E-01    3.11890E+01    3.14944E+01    6.10353E+01
    1.25274E+04    1.82652E+06    5.75644E+04    1.50873E+04    3.25388E-02   -2.18969E-03    1.80372E-01    3.14944E+01    3.18036E+01    6.16426E+01
    1.26694E+04    1.88660E+06    6.00747E+04    1.50873E+04    3.32019E-02   -2.19305E-03    1.82201E-01    3.18036E+01    3.21168E+01    6.22575E+01
    1.28130E+04    1.94930E+06    6.26979E+04    1.50873E+04    3.38804E-02   -2.19705E-03    1.84053E-01    3.21168E+01    3.24341E+01    6.28804E+01
    1.29582E+04    2.01474E+06    6.54394E+04    1.50873E+04    3.45748E-02   -2.20168E-03    1.85930E-01    3.24341E+01    3.27557E+01    6.35114E+01
    1.31051E+04    2.08304E+06    6.83053E+04    1.50873E+04    3.52858E-02   -2.20694E-03    1.87832E-01    3.27557E+01    3.30817E+01    6.41509E+01
    1.32537E+04    2.15434E+06    7.13016E+04    1.50873E+04    3.60139E-02   -2.21284E-03    1.89760E-01    3.30817E+01    3.34122E+01    6.47991E+01
    1.34039E+04    2.22878E+06    7.44349E+04    1.50873E+04    3.67597E-02   -2.21938E-03    1.91715E-01    3.34122E+01    3.37475E+01    6.54565E+01
    1.35558E+04    2.30649E+06    7.77122E+04    1.50873E+04    3.75241E-02   -2.22657E-03    1.93699E-01    3.37475E+01    3.40877E+01    6.61232E+01
    1.37095E+04    2.38763E+06    8.11407E+04    1.50873E+04    3.83076E-02   -2.23440E-03    1.95711E-01    3.40877E+01    3.44329E+01    6.67997E+01
    1.38648E+04    2.47236E+06    8.47281E+04    1.50873E+04    3.91111E-02   -2.24288E-03    1.97752E-01    3.44329E+01    3.47833E+01    6.74862E+01
    1.40220E+04    2.56084E+06    8.84826E+04    1.50873E+04    3.99352E-02   -2.25202E-03    1.99825E-01    3.47833E+01    3.51392E+01    6.81831E+01
    1.41809E+04    2.65325E+06    9.24129E+04    1.50873E+04    4.07809E-02   -2.26182E-03    2.01930E-01    3.51392E+01    3.55006E+01    6.88908E+01
    1.43416E+04    2.74978E+06    9.65280E+04    1.50873E+04    4.16489E-02   -2.27230E-03    2.04068E-01    3.55006E+01    3.58678E+01    6.96095E+01
    1.45041E+04    2.85062E+06    1.00838E+05    1.50873E+04    4.25401E-02   -2.28347E-03    2.06240E-01    3.58678E+01    3.62410E+01    7.03398E+01
    1.46684E+04    2.95597E+06    1.05352E+05    1.50873E+04    4.34555E-02   -2.29534E-03    2.08447E-01    3.62410E+01    3.66204E+01    7.10819E+01
    1.48347E+04    3.06605E+06    1.10082E+05    1.50873E+04    4.43961E-02   -2.30792E-03    2.10691E-01    3.66204E+01    3.70061E+01    7.18364E+01
    1.50027E+04    3.18109E+06    1.15039E+05    1.50873E+04    4.53628E-02   -2.32124E-03    2.12973E-01    3.70061E+01    3.73985E+01    7.26035E+01
    1.51727E+04    3.30133E+06    1.20235E+05    1.50873E+04    4.63568E-02   -2.33530E-03    2.15294E-01    3.73985E+01    3.77977E+01    7.33838E+01
    1.53446E+04    3.42701E+06    1.25683E+05    1.50873E+04    4.73792E-02   -2.35013E-03    2.17655E-01    3.77977E+01    3.82040E+01    7.41776E+01
    1.55185E+04    3.55841E+06    1.31398E+05    1.50873E+04    4.84311E-02   -2.36576E-03    2.20058E-01    3.82040E+01    3.86176E+01    7.49856E+01
    1.56943E+04    3.69580E+06    1.37392E+05    1.50873E+04    4.95139E-02   -2.38220E-03    2.22504E-01    3.86176E+01    3.90388E+01    7.58081E+01
    1.58721E+04    3.83948E+06    1.43683E+05    1.50873E+04    5.06288E-02   -2.39949E-03    2.24996E-01    3.90388E+01    3.94678E+01    7.66457E+01
    1.60519E+04    3.98977E+06    1.50286E+05    1.50873E+04    5.17772E-02   -2.41765E-03    2.27533E-01    3.94678E+01    3.99050E+01    7.74989E+01
    1.62338E+04    4.14699E+06    1.57219E+05    1.50873E+04    5.29607E-02   -2.43673E-03    2.30119E-01    3.99050E+01    4.03506E+01    7.83682E+01
    1.64177E+04    4.31149E+06    1.64501E+05    1.50873E+04    5.41807E-02   -2.45676E-03    2.32754E-01    4.03506E+01    4.08049E+01    7.92543E+01
    1.66036E+04    4.48364E+06    1.72152E+05    1.50873E+04    5.54389E-02   -2.47779E-03    2.35442E-01    4.08049E+01    4.12683E+01    8.01578E+01
    1.67917E+04    4.66383E+06    1.80192E+05    1.50873E+04    5.67372E-02   -2.49985E-03    2.38183E-01    4.12683E+01    4.17411E+01    8.10793E+01
    1.69819E+04    4.85248E+06    1.88646E+05    1.50873E+04    5.80772E-02   -2.52299E-03    2.40979E-01    4.17411E+01    4.22237E+01    8.20196E+01
    1.71743E+04    5.05002E+06    1.97536E+05    1.50873E+04    5.94611E-02   -2.54728E-03    2.43833E-01    4.22237E+01    4.27164E+01    8.29792E+01
    1.73688E+04    5.25690E+06    2.06888E+05    1.50873E+04    6.08909E-02   -2.57278E-03    2.46747E-01    4.27164E+01    4.32197E+01    8.39590E+01
    1.75655E+04    5.47364E+06    2.16732E+05    1.50873E+04    6.23689E-02   -2.59953E-03    2.49724E-01    4.32197E+01    4.37340E+01    8.49599E+01
    1.77645E+04    5.70073E+06    2.27096E+05    1.50873E+04    6.38974E-02   -2.62762E-03    2.52766E-01    4.37340E+01    4.42597E+01    8.59825E+01
    1.79657E+04    5.93874E+06    2.38012E+05    1.50873E+04    6.54790E-02   -2.65713E-03    2.55875E-01    4.42597E+01    4.47973E+01    8.70279E+01
    1.81692E+04    6.18826E+06    2.49515E+05    1.50873E+04    6.71164E-02   -2.68812E-03    2.59054E-01    4.47973E+01    4.53473E+01    8.80969E+01
    1.83749E+04    6.44990E+06    2.61641E+05    1.50873E+04    6.88125E-02   -2.72069E-03    2.62307E-01    4.53473E+01    4.59103E+01    8.91907E+01
    1.85830E+04    6.72433E+06    2.74431E+05    1.50873E+04    7.05705E-02   -2.75494E-03    2.65637E-01    4.59103E+01    4.64868E+01    9.03102E+01
    1.87935E+04    7.01226E+06    2.87926E+05    1.50873E+04    7.23937E-02   -2.79096E-03    2.69046E-01    4.64868E+01    4.70775E+01    9.14565E+01
    1.90063E+04    7.31443E+06    3.02173E+05    1.50873E+04    7.42857E-02   -2.82886E-03    2.72539E-01    4.70775E+01    4.76829E+01    9.26310E+01
    1.92215E+04    7.63165E+06    3.17222E+05    1.50873E+04    7.62504E-02   -2.86876E-03    2.76120E-01    4.76829E+01    4.83038E+01    9.38349E+01
    1.94392E+04    7.96478E+06    3.33126E+05    1.50873E+04    7.82919E-02   -2.91078E-03    2.79792E-01    4.83038E+01    4.89409E+01    9.50696E+01
    1.96593E+04    8.31472E+06    3.49943E+05    1.50873E+04    8.04147E-02   -2.95505E-03    2.83559E-01    4.89409E+01    4.95950E+01    9.63365E+01
    1.98819E+04    8.68246E+06    3.67736E+05    1.50873E+04    8.26237E-02   -3.00172E-03    2.87428E-01    4.95950E+01    5.02670E+01    9.76371E+01
    2.01070E+04    9.06903E+06    3.86574E+05    1.50873E+04    8.49241E-02   -3.05093E-03    2.91401E-01    5.02670E+01    5.09577E+01    9.89733E+01
    2.03347E+04    9.47556E+06    4.06530E+05    1.50873E+04    8.73215E-02   -3.10284E-03    2.95486E-01    5.09577E+01    5.16681E+01    1.00347E+02
    2.05649E+04    9.90324E+06    4.27685E+05    1.50873E+04    8.98221E-02   -3.15761E-03    2.99687E-01    5.16681E+01    5.23992E+01    1.01759E+02
    2.07978E+04    1.03534E+07    4.50126E+05    1.50873E+04    9.24324E-02   -3.21544E-03    3.04010E-01    5.23992E+01    5.31521E+01    1.03213E+02
    2.10332E+04    1.08273E+07    4.73950E+05    1.50873E+04    9.51596E-02   -3.27650E-03    3.08462E-01    5.31521E+01    5.39279E+01    1.04710E+02
    2.12714E+04    1.13266E+07    4.99259E+05    1.50873E+04    9.80114E-02   -3.34099E-03    3.13050E-01    5.39279E+01    5.47280E+01    1.06253E+02
    2.15122E+04    1.18527E+07    5.26167E+05    1.50873E+04    1.00996E-01   -3.40914E-03    3.17781E-01    5.47280E+01    5.55536E+01    1.07843E+02
    2.17557E+04    1.24075E+07    5.54800E+05    1.50873E+04    1.04123E-01   -3.48115E-03    3.22663E-01    5.55536E+01    5.64062E+01    1.09485E+02
    2.20020E+04    1.29928E+07    5.85291E+05    1.50873E+04    1.07403E-01   -3.55728E-03    3.27704E-01    5.64062E+01    5.72873E+01    1.11180E+02
    2.22511E+04    1.36106E+07    6.17791E+05    1.50873E+04    1.10845E-01   -3.63777E-03    3.32914E-01    5.72873E+01    5.81985E+01    1.12932E+02
    2.25030E+04    1.42631E+07    6.52463E+05    1.50873E+04    1.14462E-01   -3.72290E-03    3.38302E-01    5.81985E+01    5.91415E+01    1.14744E+02
    2.27578E+04    1.49526E+07    6.89486E+05    1.50873E+04    1.18267E-01   -3.81295E-03    3.43878E-01    5.91415E+01    6.01183E+01    1.16619E+02
    2.30154E+04    1.56816E+07    7.29058E+05    1.50873E+04    1.22273E-01   -3.90824E-03    3.49654E-01    6.01183E+01    6.11308E+01    1.18561E+02
    2.32759E+04    1.64530E+07    7.71396E+05    1.50873E+04    1.26496E-01   -4.00910E-03    3.55640E-01    6.11308E+01    6.21811E+01    1.20574E+02
    2.35394E+04    1.72698E+07    8.16740E+05    1.50873E+04    1.30953E-01   -4.11589E-03    3.61851E-01    6.21811E+01    6.32717E+01    1.22663E+02
    2.38058E+04    1.81351E+07    8.65356E+05    1.50873E+04    1.35662E-01   -4.22902E-03    3.68299E-01    6.32717E+01    6.44048E+01    1.24831E+02
    2.40753E+04    1.90527E+07    9.17536E+05    1.50873E+04    1.40643E-01   -4.34891E-03    3.74999E-01    6.44048E+01    6.55833E+01    1.27084E+02
    2.43478E+04    2.00263E+07    9.73606E+05    1.50873E+04    1.45918E-01   -4.47604E-03    3.81966E-01    6.55833E+01    6.68099E+01    1.29427E+02
    2.46234E+04    2.10602E+07    1.03393E+06    1.50873E+04    1.51512E-01   -4.61093E-03    3.89219E-01    6.68099E+01    6.80878E+01    1.31866E+02
    2.49021E+04    2.21591E+07    1.09890E+06    1.50873E+04    1.57452E-01   -4.75419E-03    3.96774E-01    6.80878E+01    6.94202E+01    1.34406E+02
    2.51840E+04    2.33281E+07    1.16897E+06    1.50873E+04    1.63767E-01   -4.90646E-03    4.04651E-01    6.94202E+01    7.08109E+01    1.37056E+02
    2.54690E+04    2.45727E+07    1.24464E+06    1.50873E+04    1.70490E-01   -5.06848E-03    4.12873E-01    7.08109E+01    7.22637E+01    1.39821E+02
    2.57573E+04    2.58992E+07    1.32647E+06    1.50873E+04    1.77658E-01   -5.24110E-03    4.21462E-01    7.22637E+01    7.37830E+01    1.42709E+02
    2.60488E+04    2.73143E+07    1.41509E+06    1.50873E+04    1.85312E-01   -5.42526E-03    4.30444E-01    7.37830E+01    7.53734E+01    1.45730E+02
    2.63436E+04    2.88255E+07    1.51120E+06    1.50873E+04    1.93496E-01   -5.62206E-03    4.39846E-01    7.53734E+01    7.70401E+01    1.48892E+02
    2.66417E+04    3.04411E+07    1.61560E+06    1.50873E+04    2.02264E-01   -5.83272E-03    4.49699E-01    7.70401E+01    7.87889E+01    1.52205E+02
    2.69432E+04    3.21703E+07    1.72920E+06    1.50873E+04    2.11671E-01   -6.05867E-03    4.60037E-01    7.87889E+01    8.06259E+01    1.55682E+02
    2.72481E+04    3.40233E+07    1.85301E+06    1.50873E+04    2.21783E-01   -6.30154E-03    4.70896E-01    8.06259E+01    8.25581E+01    1.59334E+02
    2.75565E+04    3.60115E+07    1.98822E+06    1.50873E+04    2.32673E-01   -6.56322E-03    4.82317E-01    8.25581E+01    8.45933E+01    1.63175E+02
    2.78684E+04    3.81476E+07    2.13615E+06    1.50873E+04    2.44426E-01   -6.84588E-03    4.94347E-01    8.45933E+01    8.67402E+01    1.67221E+02
    2.81837E+04    4.04460E+07    2.29835E+06    1.50873E+04    2.57136E-01   -7.15203E-03    5.07036E-01    8.67402E+01    8.90084E+01    1.71489E+02
    2.85027E+04    4.29226E+07    2.47658E+06    1.50873E+04    2.70915E-01   -7.48457E-03    5.20441E-01    8.90084E+01    9.14089E+01    1.75998E+02
    2.88252E+04    4.55955E+07    2.67290E+06    1.50873E+04    2.85888E-01   -7.84690E-03    5.34627E-01    9.14089E+01    9.39540E+01    1.80769E+02
    2.91514E+04    4.84851E+07    2.88969E+06    1.50873E+04    3.02203E-01   -8.24295E-03    5.49668E-01    9.39540E+01    9.66579E+01    1.85828E+02
    2.94812E+04    5.16149E+07    3.12975E+06    1.50873E+04    3.20029E-01   -8.67731E-03    5.65645E-01    9.66579E+01    9.95363E+01    1.91203E+02
    2.98148E+04    5.50112E+07    3.39635E+06    1.50873E+04    3.39567E-01   -9.15536E-03    5.82652E-01    9.95363E+01    1.02608E+02    1.96924E+02
    3.01522E+04    5.87046E+07    3.69337E+06    1.50873E+04    3.61052E-01   -9.68342E-03    6.00798E-01    1.02608E+02    1.05893E+02    2.03028E+02
    3.04934E+04    6.27300E+07    4.02541E+06    1.50873E+04    3.84761E-01   -1.02689E-02    6.20206E-01    1.05893E+02    1.09416E+02    2.09557E+02
    3.08384E+04    6.71280E+07    4.39797E+06    1.50873E+04    4.11023E-01   -1.09208E-02    6.41018E-01    1.09416E+02    1.13205E+02    2.16559E+02
    3.11873E+04    7.19456E+07    4.81765E+06    1.50873E+04    4.40234E-01   -1.16495E-02    6.63399E-01    1.13205E+02    1.17293E+02    2.24089E+02
    3.15402E+04    7.72381E+07    5.29246E+06    1.50873E+04    4.72867E-01   -1.24677E-02    6.87540E-01    1.17293E+02    1.21717E+02    2.32212E+02
    3.18971E+04    8.30702E+07    5.83214E+06    1.50873E+04    5.09498E-01   -1.33907E-02    7.13666E-01    1.21717E+02    1.26523E+02    2.41003E+02
    3.22580E+04    8.95189E+07    6.44865E+06    1.50873E+04    5.50830E-01   -1.44371E-02    7.42039E-01    1.26523E+02    1.31762E+02    2.50551E+02
    3.26230E+04    9.66757E+07    7.15682E+06    1.50873E+04    5.97727E-01   -1.56300E-02    7.72970E-01    1.31762E+02    1.37499E+02    2.60960E+02
    3.29921E+04    1.04651E+08    7.97516E+06    1.50873E+04    6.51263E-01   -1.69977E-02    8.06830E-01    1.37499E+02    1.43808E+02    2.72356E+02
    3.33653E+04    1.13578E+08    8.92703E+06    1.50873E+04    7.12784E-01   -1.85763E-02    8.44061E-01    1.43808E+02    1.50781E+02    2.84888E+02
    3.37428E+04    1.23620E+08    1.00422E+07    1.50873E+04    7.83996E-01   -2.04116E-02    8.85200E-01    1.50781E+02    1.58529E+02    2.98738E+02
    3.41246E+04    1.34979E+08    1.13591E+07    1.50873E+04    8.67090E-01   -2.25632E-02    9.30903E-01    1.58529E+02    1.67191E+02    3.14125E+02
    3.45106E+04    1.47907E+08    1.29281E+07    1.50873E+04    9.64912E-01   -2.51095E-02    9.81978E-01    1.67191E+02    1.76939E+02    3.31324E+02
    3.49010E+04    1.62723E+08    1.48159E+07    1.50873E+04    1.08122E+00   -2.81562E-02    1.03944E+00    1.76939E+02    1.87994E+02    3.50676E+02
    3.52959E+04    1.79836E+08    1.71129E+07    1.50873E+04    1.22108E+00   -3.18489E-02    1.10457E+00    1.87994E+02    2.00640E+02    3.72617E+02
    3.56952E+04    1.99780E+08    1.99436E+07    1.50873E+04    1.39143E+00   -3.63936E-02    1.17903E+00    2.00640E+02    2.15254E+02    3.97708E+02
    3.60990E+04    2.23264E+08    2.34842E+07    1.50873E+04    1.60202E+00   -4.20910E-02    1.26501E+00    2.15254E+02    2.32346E+02    4.26693E+02
    3.65074E+04    2.51254E+08    2.79904E+07    1.50873E+04    1.86696E+00   -4.93959E-02    1.36547E+00    2.32346E+02    2.52632E+02    4.60578E+02
    3.69204E+04    2.85101E+08    3.38466E+07    1.50873E+04    2.20737E+00   -5.90286E-02    1.48455E+00    2.52632E+02    2.77147E+02    5.00766E+02
    3.73380E+04    3.26755E+08    4.16545E+07    1.50873E+04    2.65617E+00   -7.21930E-02    1.62818E+00    2.77147E+02    3.07468E+02    5.49288E+02
    3.77604E+04    3.79162E+08    5.24063E+07    1.50873E+04    3.26748E+00   -9.10472E-02    1.80532E+00    3.07468E+02    3.46141E+02    6.09219E+02
    3.81876E+04    4.47011E+08    6.78491E+07    1.50873E+04    4.13626E+00   -1.19833E-01    2.03025E+00    3.46141E+02    3.97615E+02    6.85486E+02
    3.86195E+04    5.38352E+08    9.13412E+07    1.50873E+04    5.44460E+00   -1.68015E-01    2.32731E+00    3.97615E+02    4.70601E+02    7.86613E+02
    3.90564E+04    6.68529E+08    1.30177E+08    1.50873E+04    7.58694E+00   -2.61036E-01    2.74204E+00    4.70601E+02    5.85277E+02    9.28920E+02
    3.94982E+04    8.71961E+08    2.03432E+08    1.50873E+04    1.15928E+01   -4.89812E-01    3.36940E+00    5.85277E+02    8.02890E+02    1.14846E+03
    3.99450E+04    1.25562E+09    3.83659E+08    1.50873E+04    2.13772E+01   -1.34788E+00    4.42271E+00    8.02890E+02    1.40849E+03    1.54212E+03
    4.03968E+04    2.91131E+09    1.65569E+09    1.50873E+04    9.02026E+01   -7.23168E+00    6.15674E+00    1.40849E+03    4.69438E+03    2.43756E+03
