 # rho, F_z,dF_z, z(rho), E2 (=>sigma2=e0^2*E2), Er, Ez, Ui,j , Ui+1,j , Ui,j-1
    2.50000E-01    5.38750E-01    5.38750E-01    0.00000E+00    4.31000E+00   -5.38678E-01    2.00495E+00    2.27181E+00    2.54115E+00    3.27429E+00
    7.31707E-01    1.51688E+00    9.78127E-01    5.00000E-01    2.88462E+00   -2.09901E-01    1.68540E+00    1.69846E+00    1.79573E+00    2.54115E+00
    1.19774E+00    3.04444E+00    1.52756E+00    5.00000E-01    2.72136E+00   -7.52891E-02    1.64794E+00    1.79573E+00    1.83101E+00    2.61969E+00
    1.66904E+00    5.24617E+00    2.20173E+00    5.00000E-01    2.78336E+00   -4.87148E-02    1.66763E+00    1.83101E+00    1.85410E+00    2.66483E+00
    2.14566E+00    8.21086E+00    2.96469E+00    5.00000E-01    2.88276E+00   -4.84577E-02    1.69718E+00    1.85410E+00    1.87733E+00    2.70269E+00
    2.62767E+00    1.20416E+01    3.83075E+00    5.00000E-01    3.00762E+00   -6.03658E-02    1.73320E+00    1.87733E+00    1.90659E+00    2.74392E+00
    3.11513E+00    1.68797E+01    4.83805E+00    5.00000E-01    3.16829E+00   -8.54854E-02    1.77791E+00    1.90659E+00    1.94849E+00    2.79554E+00
    3.60810E+00    2.29271E+01    6.04746E+00    5.00000E-01    3.38100E+00   -1.36575E-01    1.83367E+00    1.94849E+00    2.01620E+00    2.86533E+00
    4.10663E+00    3.04747E+01    7.54762E+00    5.00000E-01    3.66602E+00   -2.55135E-01    1.89761E+00    2.01620E+00    2.14410E+00    2.96500E+00
    4.61080E+00    4.00469E+01    9.57215E+00    5.00000E-01    4.09471E+00   -5.82448E-01    1.93790E+00    2.14410E+00    2.43941E+00    3.11306E+00
    5.12067E+00    4.86281E+01    8.58117E+00    9.63414E-01    3.26836E+00   -4.68685E-01    1.74605E+00    1.56638E+00    1.80669E+00    2.43941E+00
    5.63630E+00    5.82288E+01    9.60079E+00    9.63414E-01    3.28506E+00   -3.97097E-01    1.76844E+00    1.80669E+00    2.01259E+00    2.69091E+00
    6.15775E+00    7.09630E+01    1.27342E+01    9.63414E-01    3.94366E+00   -7.10089E-01    1.85457E+00    2.01259E+00    2.38495E+00    2.93988E+00
    6.68510E+00    8.23308E+01    1.13677E+01    1.43207E+00    3.20654E+00   -5.84310E-01    1.69267E+00    1.60055E+00    1.91041E+00    2.38495E+00
    7.21840E+00    9.64220E+01    1.40912E+01    1.43207E+00    3.63996E+00   -7.68310E-01    1.74633E+00    1.91041E+00    2.32246E+00    2.71969E+00
    7.75774E+00    1.08437E+02    1.20152E+01    1.90601E+00    2.85565E+00   -5.80928E-01    1.58688E+00    1.57877E+00    1.89384E+00    2.32246E+00
    8.30316E+00    1.24111E+02    1.56741E+01    1.90601E+00    3.44168E+00   -7.80048E-01    1.68321E+00    1.89384E+00    2.32169E+00    2.68268E+00
    8.85475E+00    1.37785E+02    1.36737E+01    2.38531E+00    2.78393E+00   -5.92628E-01    1.55972E+00    1.58247E+00    1.91119E+00    2.32169E+00
    9.41258E+00    1.56204E+02    1.84194E+01    2.38531E+00    3.48848E+00   -8.23330E-01    1.67649E+00    1.91119E+00    2.37304E+00    2.70576E+00
    9.97670E+00    1.72840E+02    1.66357E+01    2.87003E+00    2.93930E+00   -6.54313E-01    1.58467E+00    1.61351E+00    1.98470E+00    2.37304E+00
    1.05472E+01    1.96678E+02    2.38384E+01    2.87003E+00    3.93959E+00   -9.94452E-01    1.71775E+00    1.98470E+00    2.55522E+00    2.80802E+00
    1.11242E+01    2.22565E+02    2.58864E+01    3.36023E+00    4.01083E+00   -1.14906E+00    1.64027E+00    1.76015E+00    2.42682E+00    2.55522E+00
    1.17076E+01    2.46015E+02    2.34503E+01    3.85596E+00    3.41373E+00   -1.13109E+00    1.46095E+00    1.71067E+00    2.37433E+00    2.42682E+00
    1.22977E+01    2.68980E+02    2.29653E+01    4.35730E+00    3.14717E+00   -1.11401E+00    1.38063E+00    1.68991E+00    2.35093E+00    2.37433E+00
    1.28944E+01    2.92244E+02    2.32634E+01    4.86430E+00    3.00651E+00   -1.10619E+00    1.33523E+00    1.68153E+00    2.34534E+00    2.35093E+00
    1.34979E+01    3.16373E+02    2.41288E+01    5.37703E+00    2.94564E+00   -1.11022E+00    1.30884E+00    1.68175E+00    2.35550E+00    2.34534E+00
    1.41082E+01    3.42018E+02    2.56452E+01    5.89556E+00    2.96187E+00   -1.13189E+00    1.29642E+00    1.69078E+00    2.38544E+00    2.35550E+00
    1.47254E+01    3.70306E+02    2.82886E+01    6.41994E+00    3.09526E+00   -1.18920E+00    1.29656E+00    1.71314E+00    2.45122E+00    2.38544E+00
    1.53495E+01    4.04522E+02    3.42157E+01    6.95025E+00    3.55141E+00   -1.36179E+00    1.30266E+00    1.76813E+00    2.62288E+00    2.45122E+00
    1.59807E+01    4.25839E+02    2.13172E+01    8.02892E+00    2.10148E+00   -1.17407E+00    8.50311E-01    1.58733E+00    2.33258E+00    2.04335E+00
    1.66191E+01    4.58798E+02    3.29581E+01    8.57741E+00    3.08934E+00   -1.36052E+00    1.11280E+00    1.72904E+00    2.60241E+00    2.33258E+00
    1.72646E+01    4.85649E+02    2.68514E+01    9.69305E+00    2.39574E+00   -1.33191E+00    7.88508E-01    1.62878E+00    2.49344E+00    2.06616E+00
    1.79175E+01    5.11853E+02    2.62036E+01    1.08341E+01    2.22759E+00   -1.30999E+00    7.15193E-01    1.61051E+00    2.47055E+00    2.01623E+00
    1.85777E+01    5.40356E+02    2.85034E+01    1.20010E+01    2.31087E+00   -1.36115E+00    6.76855E-01    1.62459E+00    2.52831E+00    2.01729E+00
    1.92454E+01    5.65116E+02    2.47597E+01    1.38013E+01    1.91606E+00   -1.29034E+00    5.01086E-01    1.56131E+00    2.42770E+00    1.86200E+00
    1.99207E+01    5.84776E+02    1.96598E+01    1.62981E+01    1.45340E+00   -1.14471E+00    3.78193E-01    1.49436E+00    2.27166E+00    1.73174E+00
    2.06035E+01    6.01306E+02    1.65308E+01    1.89097E+01    1.16838E+00   -1.03034E+00    3.26771E-01    1.45749E+00    2.16502E+00    1.67202E+00
    2.12941E+01    6.18888E+02    1.75815E+01    2.09469E+01    1.18891E+00   -1.03748E+00    3.35462E-01    1.47633E+00    2.19683E+00    1.70412E+00
    2.19925E+01    6.34243E+02    1.53547E+01    2.37722E+01    9.94118E-01   -9.58147E-01    2.75813E-01    1.44422E+00    2.11713E+00    1.64011E+00
    2.26988E+01    6.47734E+02    1.34915E+01    2.67274E+01    8.36850E-01   -8.80999E-01    2.46354E-01    1.42100E+00    2.04672E+00    1.60401E+00
    2.34130E+01    6.62131E+02    1.43966E+01    2.90326E+01    8.56075E-01   -8.89188E-01    2.55771E-01    1.43936E+00    2.07804E+00    1.63589E+00
    2.41354E+01    6.74403E+02    1.22724E+01    3.22296E+01    7.00015E-01   -8.09296E-01    2.12260E-01    1.40654E+00    1.99441E+00    1.57713E+00
    2.48659E+01    6.86985E+02    1.25816E+01    3.47234E+01    6.88781E-01   -8.00353E-01    2.19582E-01    1.41651E+00    2.00444E+00    1.59903E+00
    2.56046E+01    6.99509E+02    1.25243E+01    3.73028E+01    6.58425E-01   -7.83616E-01    2.10643E-01    1.41697E+00    1.99912E+00    1.59807E+00
    2.63517E+01    7.11877E+02    1.23684E+01    3.99705E+01    6.24733E-01   -7.64692E-01    1.99948E-01    1.41542E+00    1.98993E+00    1.59321E+00
    2.71072E+01    7.24050E+02    1.21726E+01    4.27298E+01    5.91029E-01   -7.45149E-01    1.89161E-01    1.41309E+00    1.97924E+00    1.58706E+00
    2.78713E+01    7.36003E+02    1.19535E+01    4.55836E+01    5.58173E-01   -7.25430E-01    1.78671E-01    1.41031E+00    1.96771E+00    1.58027E+00
    2.86440E+01    7.47715E+02    1.17116E+01    4.85353E+01    5.26179E-01   -7.05520E-01    1.68584E-01    1.40709E+00    1.95532E+00    1.57295E+00
    2.94255E+01    7.59147E+02    1.14322E+01    5.15882E+01    4.94399E-01   -6.84941E-01    1.58916E-01    1.40319E+00    1.94144E+00    1.56490E+00
    3.02157E+01    7.70205E+02    1.10580E+01    5.47457E+01    4.60505E-01   -6.61887E-01    1.49702E-01    1.39767E+00    1.92368E+00    1.55522E+00
    3.10149E+01    7.80436E+02    1.02303E+01    5.80115E+01    4.10420E-01   -6.24663E-01    1.42183E-01    1.38472E+00    1.88675E+00    1.53949E+00
    3.18232E+01    7.92539E+02    1.21035E+01    6.02507E+01    4.67947E-01   -6.61408E-01    1.74605E-01    1.42388E+00    1.96145E+00    1.61827E+00
    3.26405E+01    8.03557E+02    1.10173E+01    6.37052E+01    4.10647E-01   -6.26770E-01    1.33443E-01    1.39835E+00    1.91353E+00    1.55200E+00
    3.34671E+01    8.13576E+02    1.00194E+01    6.72782E+01    3.60159E-01   -5.87140E-01    1.24200E-01    1.38154E+00    1.86960E+00    1.52945E+00
    3.43031E+01    8.25178E+02    1.16018E+01    6.97280E+01    4.02328E-01   -6.15690E-01    1.52493E-01    1.41576E+00    1.93334E+00    1.60150E+00
    3.51485E+01    8.35151E+02    9.97281E+00    7.35074E+01    3.33750E-01   -5.65852E-01    1.16455E-01    1.38118E+00    1.86223E+00    1.52788E+00
    3.60034E+01    8.46208E+02    1.10571E+01    7.60988E+01    3.57214E-01   -5.80445E-01    1.42471E-01    1.40682E+00    1.90585E+00    1.59038E+00
    3.68680E+01    8.58323E+02    1.21153E+01    7.87490E+01    3.77951E-01   -5.97781E-01    1.43559E-01    1.42458E+00    1.94433E+00    1.61375E+00
    3.77424E+01    8.68651E+02    1.03277E+01    8.28378E+01    3.11204E-01   -5.47822E-01    1.05331E-01    1.38689E+00    1.86858E+00    1.53044E+00
    3.86267E+01    8.80317E+02    1.16660E+01    8.56412E+01    3.39643E-01   -5.68614E-01    1.27755E-01    1.41572E+00    1.92134E+00    1.59379E+00
    3.95209E+01    8.90235E+02    9.91878E+00    8.99662E+01    2.79088E-01   -5.19549E-01    9.56940E-02    1.37933E+00    1.84655E+00    1.51729E+00
    4.04252E+01    9.00988E+02    1.07530E+01    9.29317E+01    2.92488E-01   -5.27886E-01    1.17577E-01    1.40005E+00    1.88013E+00    1.57341E+00
    4.13398E+01    9.12192E+02    1.12037E+01    9.59645E+01    2.94675E-01   -5.29682E-01    1.18797E-01    1.40817E+00    1.89532E+00    1.58730E+00
    4.22647E+01    9.23805E+02    1.16130E+01    9.90662E+01    2.95417E-01   -5.30738E-01    1.17193E-01    1.41471E+00    1.90835E+00    1.59544E+00
    4.32001E+01    9.36111E+02    1.23061E+01    1.02238E+02    3.02850E-01   -5.38378E-01    1.14014E-01    1.42530E+00    1.93170E+00    1.60512E+00
    4.41460E+01    9.46384E+02    1.02724E+01    1.07133E+02    2.44620E-01   -4.87806E-01    8.16418E-02    1.38413E+00    1.84815E+00    1.51731E+00
    4.51026E+01    9.57378E+02    1.09941E+01    1.10488E+02    2.53389E-01   -4.93291E-01    1.00260E-01    1.40206E+00    1.87660E+00    1.56933E+00
    4.60700E+01    9.68690E+02    1.13125E+01    1.13920E+02    2.52401E-01   -4.92184E-01    1.00779E-01    1.40772E+00    1.88654E+00    1.57967E+00
    4.70484E+01    9.80207E+02    1.15164E+01    1.17430E+02    2.48796E-01   -4.88851E-01    9.90998E-02    1.41080E+00    1.89176E+00    1.58374E+00
    4.80378E+01    9.91880E+02    1.16730E+01    1.21019E+02    2.44224E-01   -4.84603E-01    9.68701E-02    1.41293E+00    1.89509E+00    1.58582E+00
    4.90384E+01    1.00368E+03    1.18040E+01    1.24691E+02    2.39224E-01   -4.79896E-01    9.44615E-02    1.41457E+00    1.89745E+00    1.58699E+00
    5.00503E+01    1.01560E+03    1.19182E+01    1.28445E+02    2.34010E-01   -4.74918E-01    9.19977E-02    1.41590E+00    1.89917E+00    1.58764E+00
    5.10736E+01    1.02762E+03    1.20186E+01    1.32285E+02    2.28669E-01   -4.69738E-01    8.95294E-02    1.41700E+00    1.90040E+00    1.58793E+00
    5.21085E+01    1.03973E+03    1.21048E+01    1.36212E+02    2.23213E-01   -4.64360E-01    8.70799E-02    1.41786E+00    1.90112E+00    1.58789E+00
    5.31551E+01    1.05190E+03    1.21727E+01    1.40229E+02    2.17587E-01   -4.58715E-01    8.46608E-02    1.41842E+00    1.90121E+00    1.58749E+00
    5.42135E+01    1.06411E+03    1.22117E+01    1.44337E+02    2.11630E-01   -4.52614E-01    8.22803E-02    1.41852E+00    1.90027E+00    1.58657E+00
    5.52839E+01    1.07630E+03    1.21936E+01    1.48538E+02    2.04909E-01   -4.45550E-01    7.99633E-02    1.41771E+00    1.89730E+00    1.58474E+00
    5.63664E+01    1.08833E+03    1.20237E+01    1.52834E+02    1.95961E-01   -4.35772E-01    7.78683E-02    1.41450E+00    1.88886E+00    1.58084E+00
    5.74611E+01    1.09946E+03    1.11304E+01    1.57229E+02    1.75957E-01   -4.12189E-01    7.78329E-02    1.39976E+00    1.85352E+00    1.56981E+00
    5.85682E+01    1.11502E+03    1.55620E+01    1.59463E+02    2.38668E-01   -4.59407E-01    1.66170E-01    1.48637E+00    1.99782E+00    1.85352E+00
    5.96878E+01    1.12867E+03    1.36456E+01    1.64008E+02    2.03057E-01   -4.43441E-01    8.01072E-02    1.43965E+00    1.93891E+00    1.62067E+00
    6.08200E+01    1.14196E+03    1.32918E+01    1.68656E+02    1.91941E-01   -4.31902E-01    7.34980E-02    1.43245E+00    1.92421E+00    1.60231E+00
    6.19650E+01    1.15493E+03    1.29780E+01    1.73410E+02    1.81890E-01   -4.20605E-01    7.05818E-02    1.42688E+00    1.91119E+00    1.59370E+00
    6.31230E+01    1.16691E+03    1.19745E+01    1.78272E+02    1.62907E-01   -3.97467E-01    7.01921E-02    1.41091E+00    1.87375E+00    1.58058E+00
    6.42940E+01    1.18346E+03    1.65518E+01    1.80744E+02    2.18607E-01   -4.41399E-01    1.54190E-01    1.49681E+00    2.01662E+00    1.87375E+00
    6.54783E+01    1.19788E+03    1.44144E+01    1.85773E+02    1.84845E-01   -4.23886E-01    7.18702E-02    1.44817E+00    1.95300E+00    1.62786E+00
    6.66760E+01    1.21172E+03    1.38432E+01    1.90916E+02    1.72384E-01   -4.09916E-01    6.59764E-02    1.43804E+00    1.93174E+00    1.60674E+00
    6.78872E+01    1.22442E+03    1.27003E+01    1.96176E+02    1.53594E-01   -3.86475E-01    6.50476E-02    1.42031E+00    1.89104E+00    1.59041E+00
    6.91121E+01    1.24180E+03    1.73784E+01    1.98850E+02    2.04139E-01   -4.27635E-01    1.45833E-01    1.50536E+00    2.03211E+00    1.89104E+00
    7.03508E+01    1.25673E+03    1.49287E+01    2.04290E+02    1.70350E-01   -4.07353E-01    6.64332E-02    1.45340E+00    1.96084E+00    1.63309E+00
    7.16036E+01    1.27023E+03    1.35061E+01    2.09854E+02    1.49729E-01   -3.81853E-01    6.25882E-02    1.43127E+00    1.91231E+00    1.60440E+00
    7.28704E+01    1.28858E+03    1.83459E+01    2.12683E+02    1.97614E-01   -4.21402E-01    1.41544E-01    1.51634E+00    2.05321E+00    1.91231E+00
    7.41516E+01    1.30428E+03    1.57045E+01    2.18438E+02    1.64382E-01   -4.00483E-01    6.32037E-02    1.46272E+00    1.97871E+00    1.64355E+00
    7.54473E+01    1.31848E+03    1.41956E+01    2.24323E+02    1.44404E-01   -3.75330E-01    5.94301E-02    1.43993E+00    1.92897E+00    1.61383E+00
    7.67576E+01    1.33766E+03    1.91806E+01    2.27316E+02    1.89640E-01   -4.13544E-01    1.36463E-01    1.52515E+00    2.07007E+00    1.92897E+00
    7.80828E+01    1.35403E+03    1.63709E+01    2.33403E+02    1.57336E-01   -3.92106E-01    5.99052E-02    1.47026E+00    1.99277E+00    1.65156E+00
    7.94229E+01    1.36875E+03    1.47181E+01    2.39628E+02    1.37510E-01   -3.66519E-01    5.63409E-02    1.44596E+00    1.93990E+00    1.62035E+00
    8.07781E+01    1.38842E+03    1.96689E+01    2.42794E+02    1.78664E-01   -4.01812E-01    1.31189E-01    1.52925E+00    2.07686E+00    1.93990E+00
    8.21487E+01    1.40425E+03    1.58286E+01    2.49232E+02    1.39801E-01   -3.69313E-01    5.83915E-02    1.46162E+00    1.97063E+00    1.64855E+00
    8.35347E+01    1.42517E+03    2.09292E+01    2.52507E+02    1.79753E-01   -4.02976E-01    1.31770E-01    1.54402E+00    2.10570E+00    1.97063E+00
    8.49364E+01    1.44197E+03    1.67909E+01    2.59166E+02    1.40246E-01   -3.70061E-01    5.74532E-02    1.47376E+00    1.99539E+00    1.66399E+00
    8.63540E+01    1.46421E+03    2.22417E+01    2.62552E+02    1.80682E-01   -4.04567E-01    1.30415E-01    1.55870E+00    2.13541E+00    1.99539E+00
    8.77875E+01    1.48299E+03    1.87849E+01    2.69440E+02    1.48431E-01   -3.81377E-01    5.46162E-02    1.49824E+00    2.04804E+00    1.68528E+00
    8.92373E+01    1.49986E+03    1.68629E+01    2.76485E+02    1.29615E-01   -3.56381E-01    5.10639E-02    1.47210E+00    1.99167E+00    1.65094E+00
    9.07034E+01    1.52218E+03    2.23223E+01    2.80067E+02    1.66919E-01   -3.89710E-01    1.22660E-01    1.55720E+00    2.13179E+00    1.99167E+00
    9.21861E+01    1.54014E+03    1.79656E+01    2.87353E+02    1.30703E-01   -3.57666E-01    5.27085E-02    1.48655E+00    2.01985E+00    1.67749E+00
    9.36856E+01    1.56366E+03    2.35205E+01    2.91058E+02    1.66496E-01   -3.89144E-01    1.22732E-01    1.57022E+00    2.15701E+00    2.01985E+00
    9.52020E+01    1.58244E+03    1.87777E+01    2.98594E+02    1.29344E-01   -3.55898E-01    5.17748E-02    1.49599E+00    2.03871E+00    1.68998E+00
    9.67356E+01    1.60693E+03    2.44839E+01    3.02425E+02    1.64121E-01   -3.86602E-01    1.21077E-01    1.57995E+00    2.17615E+00    2.03871E+00
    9.82864E+01    1.62640E+03    1.94710E+01    3.10220E+02    1.27024E-01   -3.52794E-01    5.05964E-02    1.50365E+00    2.05387E+00    1.69972E+00
    9.98548E+01    1.65165E+03    2.52578E+01    3.14183E+02    1.60375E-01   -3.82360E-01    1.19061E-01    1.58727E+00    2.19033E+00    2.05387E+00
    1.01441E+02    1.67138E+03    1.97301E+01    3.22244E+02    1.21940E-01   -3.45647E-01    4.96818E-02    1.50591E+00    2.05723E+00    1.70504E+00
    1.03045E+02    1.69614E+03    2.47610E+01    3.26343E+02    1.48967E-01   -3.67582E-01    1.17689E-01    1.58020E+00    2.17313E+00    2.05723E+00
    1.04667E+02    1.72542E+03    2.92718E+01    3.30489E+02    1.71439E-01   -3.92281E-01    1.32492E-01    1.63003E+00    2.26995E+00    2.17313E+00
    1.06308E+02    1.74782E+03    2.24075E+01    3.38921E+02    1.27767E-01   -3.53964E-01    4.97632E-02    1.53642E+00    2.12036E+00    1.74504E+00
    1.07967E+02    1.77671E+03    2.88880E+01    3.43208E+02    1.60375E-01   -3.82906E-01    1.17295E-01    1.62307E+00    2.26190E+00    2.12036E+00
    1.09645E+02    1.79961E+03    2.28988E+01    3.51929E+02    1.23781E-01   -3.48608E-01    4.74727E-02    1.54065E+00    2.12883E+00    1.74650E+00
    1.11341E+02    1.82911E+03    2.95002E+01    3.56364E+02    1.55281E-01   -3.77136E-01    1.14234E-01    1.62792E+00    2.27142E+00    2.12883E+00
    1.13057E+02    1.85219E+03    2.30818E+01    3.65384E+02    1.18315E-01   -3.40828E-01    4.63821E-02    1.54179E+00    2.12991E+00    1.74980E+00
    1.14793E+02    1.88101E+03    2.88135E+01    3.69970E+02    1.43837E-01   -3.62169E-01    1.12567E-01    1.61939E+00    2.25139E+00    2.12991E+00
    1.16547E+02    1.91488E+03    3.38698E+01    3.74609E+02    1.64672E-01   -3.85549E-01    1.26584E-01    1.67080E+00    2.35121E+00    2.25139E+00
    1.18322E+02    1.94081E+03    2.59337E+01    3.84044E+02    1.22808E-01   -3.47363E-01    4.63342E-02    1.57178E+00    2.19172E+00    1.78912E+00
    1.20117E+02    1.97396E+03    3.31514E+01    3.88841E+02    1.52914E-01   -3.74698E-01    1.11873E-01    1.66101E+00    2.33730E+00    2.19172E+00
    1.21932E+02    1.99982E+03    2.58635E+01    3.98599E+02    1.16209E-01   -3.37981E-01    4.44690E-02    1.56983E+00    2.18675E+00    1.78558E+00
    1.23768E+02    2.03195E+03    3.21219E+01    4.03561E+02    1.40599E-01   -3.58623E-01    1.09493E-01    1.64952E+00    2.31151E+00    2.18675E+00
    1.25624E+02    2.06947E+03    3.75236E+01    4.08579E+02    1.60008E-01   -3.80639E-01    1.22972E-01    1.70133E+00    2.41189E+00    2.31151E+00
    1.27501E+02    2.09778E+03    2.83047E+01    4.18786E+02    1.17591E-01   -3.40009E-01    4.45535E-02    1.59402E+00    2.23591E+00    1.82012E+00
    1.29400E+02    2.13279E+03    3.50152E+01    4.23976E+02    1.41733E-01   -3.60284E-01    1.09220E-01    1.67539E+00    2.36324E+00    2.23591E+00
    1.31320E+02    2.17364E+03    4.08462E+01    4.29225E+02    1.61098E-01   -3.82300E-01    1.22251E-01    1.72875E+00    2.46689E+00    2.36324E+00
    1.33262E+02    2.20494E+03    3.13039E+01    4.39901E+02    1.20305E-01   -3.44116E-01    4.34630E-02    1.62204E+00    2.29395E+00    1.85274E+00
    1.35225E+02    2.24472E+03    3.97809E+01    4.45329E+02    1.48980E-01   -3.70693E-01    1.07547E-01    1.71664E+00    2.44863E+00    2.29395E+00
    1.37211E+02    2.27584E+03    3.11188E+01    4.56371E+02    1.13570E-01   -3.34423E-01    4.16119E-02    1.61912E+00    2.28695E+00    1.84757E+00
    1.39219E+02    2.31430E+03    3.84551E+01    4.61986E+02    1.36774E-01   -3.54588E-01    1.05078E-01    1.70356E+00    2.41966E+00    2.28695E+00
    1.41250E+02    2.35898E+03    4.46811E+01    4.67664E+02    1.54883E-01   -3.75481E-01    1.17886E-01    1.75776E+00    2.52462E+00    2.41966E+00
    1.43304E+02    2.39271E+03    3.37326E+01    4.79214E+02    1.13967E-01   -3.35015E-01    4.16213E-02    1.64270E+00    2.33465E+00    1.88171E+00
    1.45381E+02    2.43414E+03    4.14299E+01    4.85087E+02    1.36432E-01   -3.54272E-01    1.04515E-01    1.72771E+00    2.46770E+00    2.33465E+00
    1.47482E+02    2.48201E+03    4.78697E+01    4.91026E+02    1.53657E-01   -3.74177E-01    1.16825E-01    1.78160E+00    2.57200E+00    2.46770E+00
    1.49606E+02    2.51782E+03    3.58158E+01    5.03107E+02    1.12066E-01   -3.32252E-01    4.09227E-02    1.66029E+00    2.37006E+00    1.90609E+00
    1.51754E+02    2.56131E+03    4.34869E+01    5.09249E+02    1.32644E-01   -3.49273E-01    1.03209E-01    1.74315E+00    2.49772E+00    2.37006E+00
    1.53927E+02    2.61005E+03    4.87416E+01    5.15462E+02    1.44935E-01   -3.62662E-01    1.15809E-01    1.78631E+00    2.57866E+00    2.49772E+00
    1.56124E+02    2.66477E+03    5.47159E+01    5.21744E+02    1.58618E-01   -3.79690E-01    1.20224E-01    1.83179E+00    2.67071E+00    2.57866E+00
    1.58346E+02    2.70542E+03    4.06557E+01    5.34523E+02    1.14906E-01   -3.36529E-01    4.06773E-02    1.70030E+00    2.45225E+00    1.95874E+00
    1.60593E+02    2.75506E+03    4.96356E+01    5.41021E+02    1.36778E-01   -3.55188E-01    1.03050E-01    1.79013E+00    2.59275E+00    2.45225E+00
    1.62866E+02    2.81211E+03    5.70503E+01    5.47592E+02    1.53285E-01   -3.74293E-01    1.14845E-01    1.84650E+00    2.70184E+00    2.59275E+00
    1.65164E+02    2.85479E+03    4.26829E+01    5.60958E+02    1.11822E-01   -3.32062E-01    3.94595E-02    1.71554E+00    2.48296E+00    1.97777E+00
    1.67488E+02    2.90642E+03    5.16281E+01    5.67755E+02    1.31890E-01   -3.48811E-01    1.01098E-01    1.80351E+00    2.61874E+00    2.48296E+00
    1.69838E+02    2.96407E+03    5.76535E+01    5.74628E+02    1.43622E-01   -3.61642E-01    1.13299E-01    1.84869E+00    2.70346E+00    2.61874E+00
    1.72215E+02    3.02851E+03    6.44321E+01    5.81579E+02    1.56524E-01   -3.77783E-01    1.17489E-01    1.89592E+00    2.79893E+00    2.70346E+00
    1.74619E+02    3.07612E+03    4.76170E+01    5.95718E+02    1.12808E-01   -3.33577E-01    3.91736E-02    1.75286E+00    2.55922E+00    2.02824E+00
    1.77050E+02    3.13353E+03    5.74109E+01    6.02907E+02    1.32644E-01   -3.50024E-01    1.00636E-01    1.84379E+00    2.69946E+00    2.55922E+00
    1.79508E+02    3.19749E+03    6.39559E+01    6.10178E+02    1.44114E-01   -3.62551E-01    1.12565E-01    1.89019E+00    2.78650E+00    2.69946E+00
    1.81994E+02    3.26882E+03    7.13306E+01    6.17531E+02    1.56764E-01   -3.78380E-01    1.16588E-01    1.93884E+00    2.88486E+00    2.78650E+00
    1.84509E+02    3.32158E+03    5.27631E+01    6.32487E+02    1.13100E-01   -3.34092E-01    3.85062E-02    1.78953E+00    2.63425E+00    2.07585E+00
    1.87052E+02    3.38511E+03    6.35237E+01    6.40091E+02    1.32814E-01   -3.50518E-01    9.97566E-02    1.88409E+00    2.78037E+00    2.63425E+00
    1.89623E+02    3.45579E+03    7.06816E+01    6.47782E+02    1.44147E-01   -3.62916E-01    1.11530E-01    1.93220E+00    2.87066E+00    2.78037E+00
    1.92223E+02    3.53452E+03    7.87339E+01    6.55560E+02    1.56626E-01   -3.78540E-01    1.15470E-01    1.98260E+00    2.97253E+00    2.87066E+00
    1.94853E+02    3.59286E+03    5.83342E+01    6.71380E+02    1.13199E-01   -3.34321E-01    3.78001E-02    1.82725E+00    2.71141E+00    2.12457E+00
    1.97513E+02    3.66299E+03    7.01370E+01    6.79424E+02    1.32770E-01   -3.50728E-01    9.87941E-02    1.92556E+00    2.86360E+00    2.71141E+00
    2.00203E+02    3.74094E+03    7.79491E+01    6.87560E+02    1.43950E-01   -3.62986E-01    1.10413E-01    1.97540E+00    2.95719E+00    2.86360E+00
    2.02923E+02    3.82766E+03    8.67146E+01    6.95787E+02    1.56225E-01   -3.78373E-01    1.14276E-01    2.02753E+00    3.06251E+00    2.95719E+00
    2.05673E+02    3.89198E+03    6.43185E+01    7.12521E+02    1.13049E-01   -3.34176E-01    3.70850E-02    1.86581E+00    2.79022E+00    2.17436E+00
    2.08455E+02    3.96917E+03    7.71979E+01    7.21030E+02    1.32380E-01   -3.50462E-01    9.77554E-02    1.96769E+00    2.94811E+00    2.79022E+00
    2.11269E+02    4.05482E+03    8.56424E+01    7.29636E+02    1.43286E-01   -3.62439E-01    1.09197E-01    2.01893E+00    3.04431E+00    2.94811E+00
    2.14114E+02    4.14987E+03    9.50531E+01    7.38338E+02    1.55164E-01   -3.77364E-01    1.12963E-01    2.07222E+00    3.15189E+00    3.04431E+00
    2.16991E+02    4.22016E+03    7.02858E+01    7.56040E+02    1.11948E-01   -3.32601E-01    3.63930E-02    1.90243E+00    2.86478E+00    2.22272E+00
    2.19901E+02    4.30403E+03    8.38749E+01    7.65041E+02    1.30351E-01   -3.47894E-01    9.65454E-02    2.00548E+00    3.02346E+00    2.86478E+00
    2.22843E+02    4.39608E+03    9.20482E+01    7.74144E+02    1.39587E-01   -3.57720E-01    1.07810E-01    2.05306E+00    3.11162E+00    3.02346E+00
    2.25819E+02    4.49535E+03    9.92723E+01    7.83349E+02    1.46898E-01   -3.66559E-01    1.11951E-01    2.09256E+00    3.18953E+00    3.11162E+00
    2.28829E+02    4.60422E+03    1.08872E+02    7.92659E+02    1.57208E-01   -3.79843E-01    1.13701E-01    2.14284E+00    3.29241E+00    3.18953E+00
    2.31872E+02    4.68408E+03    7.98555E+01    8.11595E+02    1.12524E-01   -3.33503E-01    3.60496E-02    1.95834E+00    2.97907E+00    2.29774E+00
    2.34950E+02    4.77893E+03    9.48474E+01    8.21224E+02    1.30424E-01   -3.48148E-01    9.60060E-02    2.06498E+00    3.14257E+00    2.97907E+00
    2.38063E+02    4.88238E+03    1.03457E+02    8.30961E+02    1.38834E-01   -3.56901E-01    1.07029E-01    2.11201E+00    3.22918E+00    3.14257E+00
    2.41211E+02    4.99279E+03    1.10403E+02    8.40809E+02    1.44588E-01   -3.63667E-01    1.11059E-01    2.14774E+00    3.29895E+00    3.22918E+00
    2.44394E+02    5.11055E+03    1.17763E+02    8.50768E+02    1.50518E-01   -3.71085E-01    1.13196E-01    2.18424E+00    3.37220E+00    3.29895E+00
    2.47614E+02    5.23898E+03    1.28429E+02    8.60839E+02    1.60205E-01   -3.83633E-01    1.14155E-01    2.23535E+00    3.47736E+00    3.37220E+00
    2.50870E+02    5.33315E+03    9.41681E+01    8.81325E+02    1.14648E-01   -3.36708E-01    3.57106E-02    2.03603E+00    3.13844E+00    2.39975E+00
    2.54162E+02    5.44498E+03    1.11839E+02    8.91741E+02    1.32896E-01   -3.51720E-01    9.58587E-02    2.15106E+00    3.31564E+00    3.13844E+00
    2.57492E+02    5.56726E+03    1.22279E+02    9.02276E+02    1.41820E-01   -3.61135E-01    1.06777E-01    2.20338E+00    3.41264E+00    3.31564E+00
    2.60859E+02    5.69873E+03    1.31469E+02    9.12929E+02    1.48829E-01   -3.69567E-01    1.10674E-01    2.24675E+00    3.49823E+00    3.41264E+00
    2.64265E+02    5.84246E+03    1.43731E+02    9.23703E+02    1.58818E-01   -3.82381E-01    1.12259E-01    2.30228E+00    3.61179E+00    3.49823E+00
    2.67709E+02    5.94811E+03    1.05644E+02    9.45618E+02    1.13943E-01   -3.35741E-01    3.49522E-02    2.09384E+00    3.25661E+00    2.47466E+00
    2.71192E+02    6.07321E+03    1.25102E+02    9.56761E+02    1.31709E-01   -3.50349E-01    9.46838E-02    2.21332E+00    3.44039E+00    3.25661E+00
    2.74714E+02    6.20932E+03    1.36115E+02    9.68030E+02    1.39887E-01   -3.58843E-01    1.05442E-01    2.26543E+00    3.53646E+00    3.44039E+00
    2.78276E+02    6.35424E+03    1.44913E+02    9.79426E+02    1.45379E-01   -3.65283E-01    1.09303E-01    2.30471E+00    3.61317E+00    3.53646E+00
    2.81878E+02    6.50841E+03    1.54175E+02    9.90952E+02    1.50988E-01   -3.72287E-01    1.11309E-01    2.34463E+00    3.69325E+00    3.61317E+00
    2.85521E+02    6.67598E+03    1.67569E+02    1.00261E+03    1.60200E-01   -3.84212E-01    1.12168E-01    2.40049E+00    3.80803E+00    3.69325E+00
    2.89205E+02    6.79871E+03    1.22725E+02    1.02631E+03    1.14540E-01   -3.36672E-01    3.45195E-02    2.17463E+00    3.42195E+00    2.58152E+00
    2.92931E+02    6.94356E+03    1.44855E+02    1.03837E+03    1.31982E-01   -3.50901E-01    9.40775E-02    2.30051E+00    3.61523E+00    3.42195E+00
    2.96699E+02    7.10057E+03    1.57011E+02    1.05056E+03    1.39664E-01   -3.58769E-01    1.04635E-01    2.35384E+00    3.71324E+00    3.61523E+00
    3.00509E+02    7.26683E+03    1.66260E+02    1.06289E+03    1.44384E-01   -3.64201E-01    1.08359E-01    2.39220E+00    3.78777E+00    3.71324E+00
    3.04363E+02    7.44195E+03    1.75118E+02    1.07536E+03    1.48474E-01   -3.69195E-01    1.10311E-01    2.42773E+00    3.85842E+00    3.78777E+00
    3.08260E+02    7.62722E+03    1.85270E+02    1.08797E+03    1.53362E-01   -3.75387E-01    1.11565E-01    2.46738E+00    3.93851E+00    3.85842E+00
    3.12201E+02    7.82783E+03    2.00615E+02    1.10072E+03    1.62135E-01   -3.86755E-01    1.12053E-01    2.52559E+00    4.05840E+00    3.93851E+00
    3.16187E+02    7.97462E+03    1.46781E+02    1.12666E+03    1.15823E-01   -3.38613E-01    3.41174E-02    2.27933E+00    3.63650E+00    2.71930E+00
    3.20217E+02    8.14754E+03    1.72920E+02    1.13985E+03    1.33226E-01   -3.52776E-01    9.36762E-02    2.41481E+00    3.84473E+00    3.63650E+00
    3.24294E+02    8.33469E+03    1.87149E+02    1.15318E+03    1.40785E-01   -3.60485E-01    1.04097E-01    2.47179E+00    3.94946E+00    3.84473E+00
    3.28416E+02    8.53261E+03    1.97921E+02    1.16667E+03    1.45377E-01   -3.65749E-01    1.07725E-01    2.51261E+00    4.02880E+00    3.94946E+00
    3.32585E+02    8.74082E+03    2.08217E+02    1.18031E+03    1.49335E-01   -3.70571E-01    1.09603E-01    2.55039E+00    4.10393E+00    4.02880E+00
    3.36801E+02    8.96084E+03    2.20013E+02    1.19411E+03    1.54079E-01   -3.76568E-01    1.10795E-01    2.59256E+00    4.18908E+00    4.10393E+00
    3.41064E+02    9.19871E+03    2.37870E+02    1.20806E+03    1.62664E-01   -3.87674E-01    1.11233E-01    2.65459E+00    4.31677E+00    4.18908E+00
    3.45376E+02    9.37280E+03    1.74097E+02    1.23644E+03    1.16254E-01   -3.39303E-01    3.35770E-02    2.38816E+00    3.85939E+00    2.86190E+00
    3.49737E+02    9.57746E+03    2.04661E+02    1.25087E+03    1.33452E-01   -3.53289E-01    9.29436E-02    2.53324E+00    4.08242E+00    3.85939E+00
    3.54147E+02    9.79844E+03    2.20979E+02    1.26546E+03    1.40707E-01   -3.60632E-01    1.03208E-01    2.59317E+00    4.19242E+00    4.08242E+00
    3.58606E+02    1.00314E+04    2.32978E+02    1.28022E+03    1.44866E-01   -3.65341E-01    1.06731E-01    2.63493E+00    4.27337E+00    4.19242E+00
    3.63116E+02    1.02753E+04    2.43904E+02    1.29514E+03    1.48103E-01   -3.69222E-01    1.08527E-01    2.67179E+00    4.34634E+00    4.27337E+00
    3.67677E+02    1.05306E+04    2.55271E+02    1.31023E+03    1.51372E-01   -3.73280E-01    1.09696E-01    2.70921E+00    4.42130E+00    4.34634E+00
    3.72290E+02    1.07995E+04    2.68858E+02    1.32550E+03    1.55694E-01   -3.78781E-01    1.10538E-01    2.75296E+00    4.50991E+00    4.42130E+00
    3.76954E+02    1.10894E+04    2.89938E+02    1.34093E+03    1.63970E-01   -3.89485E-01    1.10780E-01    2.81904E+00    4.64605E+00    4.50991E+00
    3.81672E+02    1.13016E+04    2.12196E+02    1.37233E+03    1.17197E-01   -3.40735E-01    3.31142E-02    2.52656E+00    4.14296E+00    3.04349E+00
    3.86442E+02    1.15506E+04    2.49019E+02    1.38830E+03    1.34319E-01   -3.54657E-01    9.23954E-02    2.68434E+00    4.38579E+00    4.14296E+00
    3.91267E+02    1.18191E+04    2.68498E+02    1.40444E+03    1.41441E-01   -3.61844E-01    1.02521E-01    2.74903E+00    4.50457E+00    4.38579E+00
    3.96146E+02    1.21018E+04    2.82737E+02    1.42077E+03    1.45464E-01   -3.66385E-01    1.05953E-01    2.79390E+00    4.59157E+00    4.50457E+00
    4.01080E+02    1.23975E+04    2.95657E+02    1.43728E+03    1.48562E-01   -3.70091E-01    1.07678E-01    2.83340E+00    4.66977E+00    4.59157E+00
    4.06070E+02    1.27066E+04    3.09072E+02    1.45398E+03    1.51680E-01   -3.73959E-01    1.08785E-01    2.87345E+00    4.74998E+00    4.66977E+00
    4.11116E+02    1.30317E+04    3.25099E+02    1.47087E+03    1.55826E-01   -3.79237E-01    1.09570E-01    2.92027E+00    4.84479E+00    4.74998E+00
    4.16220E+02    1.33817E+04    3.50013E+02    1.48795E+03    1.63859E-01   -3.89630E-01    1.09762E-01    2.99115E+00    4.99075E+00    4.84479E+00
    4.21381E+02    1.36378E+04    2.56151E+02    1.52269E+03    1.17125E-01   -3.40686E-01    3.25304E-02    2.67148E+00    4.43966E+00    3.23333E+00
    4.26600E+02    1.39377E+04    2.99903E+02    1.54035E+03    1.33939E-01   -3.54359E-01    9.14835E-02    2.84174E+00    4.70166E+00    4.43966E+00
    4.31879E+02    1.42603E+04    3.22546E+02    1.55821E+03    1.40702E-01   -3.61130E-01    1.01422E-01    2.91012E+00    4.82700E+00    4.70166E+00
    4.37217E+02    1.45989E+04    3.38596E+02    1.57628E+03    1.44269E-01   -3.65105E-01    1.04727E-01    2.95619E+00    4.91607E+00    4.82700E+00
    4.42615E+02    1.49514E+04    3.52523E+02    1.59455E+03    1.46713E-01   -3.67975E-01    1.06338E-01    2.99500E+00    4.99261E+00    4.91607E+00
    4.48074E+02    1.53173E+04    3.65941E+02    1.61303E+03    1.48761E-01   -3.70459E-01    1.07338E-01    3.03157E+00    5.06538E+00    4.99261E+00
    4.53595E+02    1.56971E+04    3.79803E+02    1.63171E+03    1.50813E-01   -3.73006E-01    1.08072E-01    3.06862E+00    5.13956E+00    5.06538E+00
    4.59179E+02    1.60923E+04    3.95179E+02    1.65061E+03    1.53278E-01   -3.76123E-01    1.08674E-01    3.10899E+00    5.22083E+00    5.13956E+00
    4.64825E+02    1.65066E+04    4.14267E+02    1.66972E+03    1.56957E-01   -3.80843E-01    1.09157E-01    3.15818E+00    5.32069E+00    5.22083E+00
    4.70535E+02    1.69513E+04    4.44727E+02    1.68904E+03    1.64592E-01   -3.90740E-01    1.09156E-01    3.23476E+00    5.47853E+00    5.32069E+00
    4.76310E+02    1.72765E+04    3.25149E+02    1.72835E+03    1.17550E-01   -3.41355E-01    3.20376E-02    2.87567E+00    4.85800E+00    3.50181E+00
    4.82150E+02    1.76563E+04    3.79858E+02    1.74834E+03    1.34149E-01   -3.54839E-01    9.07640E-02    3.06407E+00    5.14800E+00    4.85800E+00
    4.88056E+02    1.80641E+04    4.07741E+02    1.76855E+03    1.40664E-01   -3.61329E-01    1.00524E-01    3.13871E+00    5.28474E+00    5.14800E+00
    4.94029E+02    1.84913E+04    4.27223E+02    1.78899E+03    1.43976E-01   -3.64994E-01    1.03710E-01    3.18835E+00    5.38063E+00    5.28474E+00
    5.00069E+02    1.89352E+04    4.43888E+02    1.80967E+03    1.46134E-01   -3.67508E-01    1.05223E-01    3.22963E+00    5.46196E+00    5.38063E+00
    5.06178E+02    1.93948E+04    4.59661E+02    1.83057E+03    1.47830E-01   -3.69549E-01    1.06131E-01    3.26787E+00    5.53796E+00    5.46196E+00
    5.12356E+02    1.98704E+04    4.75521E+02    1.85172E+03    1.49399E-01   -3.71480E-01    1.06775E-01    3.30561E+00    5.61335E+00    5.53796E+00
    5.18603E+02    2.03626E+04    4.92287E+02    1.87310E+03    1.51096E-01   -3.73610E-01    1.07292E-01    3.34484E+00    5.69204E+00    5.61335E+00
    5.24921E+02    2.08738E+04    5.11152E+02    1.89472E+03    1.53266E-01   -3.76374E-01    1.07743E-01    3.38826E+00    5.77954E+00    5.69204E+00
    5.31310E+02    2.14086E+04    5.34823E+02    1.91659E+03    1.56665E-01   -3.80758E-01    1.08110E-01    3.44180E+00    5.88827E+00    5.77954E+00
    5.37772E+02    2.19816E+04    5.72994E+02    1.93871E+03    1.63976E-01   -3.90266E-01    1.08020E-01    3.52607E+00    6.06198E+00    5.88827E+00
    5.44306E+02    2.24005E+04    4.18848E+02    1.98369E+03    1.17101E-01   -3.40755E-01    3.14190E-02    3.12062E+00    5.35983E+00    3.82332E+00
    5.50915E+02    2.28888E+04    4.88316E+02    2.00656E+03    1.33378E-01   -3.54020E-01    8.97092E-02    3.33080E+00    5.68346E+00    5.35983E+00
    5.57598E+02    2.34119E+04    5.23162E+02    2.02970E+03    1.39606E-01   -3.60211E-01    9.92671E-02    3.41288E+00    5.83373E+00    5.68346E+00
    5.64357E+02    2.39591E+04    5.47114E+02    2.05309E+03    1.42637E-01   -3.63546E-01    1.02329E-01    3.46666E+00    5.93754E+00    5.83373E+00
    5.71192E+02    2.45263E+04    5.67261E+02    2.07675E+03    1.44487E-01   -3.65684E-01    1.03741E-01    3.51069E+00    6.02418E+00    5.93754E+00
    5.78104E+02    2.51123E+04    5.85952E+02    2.10067E+03    1.45816E-01   -3.67266E-01    1.04553E-01    3.55071E+00    6.10360E+00    6.02418E+00
    5.85094E+02    2.57165E+04    6.04235E+02    2.12487E+03    1.46909E-01   -3.68597E-01    1.05096E-01    3.58917E+00    6.18026E+00    6.10360E+00
    5.92163E+02    2.63393E+04    6.22749E+02    2.14934E+03    1.47931E-01   -3.69865E-01    1.05506E-01    3.62750E+00    6.25688E+00    6.18026E+00
    5.99313E+02    2.69813E+04    6.42065E+02    2.17408E+03    1.49017E-01   -3.71231E-01    1.05849E-01    3.66689E+00    6.33581E+00    6.25688E+00
    6.06543E+02    2.76443E+04    6.62945E+02    2.19911E+03    1.50330E-01   -3.72907E-01    1.06160E-01    3.70885E+00    6.42012E+00    6.33581E+00
    6.13854E+02    2.83311E+04    6.86797E+02    2.22441E+03    1.52164E-01   -3.75275E-01    1.06456E-01    3.75608E+00    6.51539E+00    6.42012E+00
    6.21249E+02    2.90482E+04    7.17106E+02    2.25001E+03    1.55234E-01   -3.79275E-01    1.06698E-01    3.81511E+00    6.63535E+00    6.51539E+00
    6.28727E+02    2.98148E+04    7.66616E+02    2.27589E+03    1.62145E-01   -3.88330E-01    1.06513E-01    3.90930E+00    6.82951E+00    6.63535E+00
    6.36289E+02    3.03749E+04    5.60132E+02    2.32854E+03    1.15756E-01   -3.38842E-01    3.06992E-02    3.44256E+00    6.01941E+00    4.24612E+00
    6.43937E+02    3.10266E+04    6.51659E+02    2.35531E+03    1.31585E-01   -3.51829E-01    8.83265E-02    3.68131E+00    6.38715E+00    6.01941E+00
    6.51671E+02    3.17234E+04    6.96842E+02    2.38238E+03    1.37485E-01   -3.57702E-01    9.76433E-02    3.77322E+00    6.55531E+00    6.38715E+00
    6.59493E+02    3.24508E+04    7.27434E+02    2.40976E+03    1.40234E-01   -3.60721E-01    1.00569E-01    3.83264E+00    6.66992E+00    6.55531E+00
    6.67403E+02    3.32037E+04    7.52830E+02    2.43745E+03    1.41807E-01   -3.62531E-01    1.01875E-01    3.88071E+00    6.76445E+00    6.66992E+00
    6.75402E+02    3.39798E+04    7.76090E+02    2.46545E+03    1.42843E-01   -3.63755E-01    1.02592E-01    3.92388E+00    6.85006E+00    6.76445E+00
    6.83492E+02    3.47783E+04    7.98511E+02    2.49376E+03    1.43607E-01   -3.64678E-01    1.03041E-01    3.96481E+00    6.93156E+00    6.85006E+00
    6.91673E+02    3.55991E+04    8.20789E+02    2.52240E+03    1.44238E-01   -3.65453E-01    1.03353E-01    4.00487E+00    7.01153E+00    6.93156E+00
    6.99947E+02    3.64425E+04    8.43402E+02    2.55136E+03    1.44823E-01   -3.66186E-01    1.03591E-01    4.04497E+00    7.09169E+00    7.01153E+00
    7.08314E+02    3.73093E+04    8.66796E+02    2.58065E+03    1.45439E-01   -3.66969E-01    1.03788E-01    4.08589E+00    7.17363E+00    7.09169E+00
    7.16776E+02    3.82008E+04    8.91535E+02    2.61027E+03    1.46172E-01   -3.67916E-01    1.03968E-01    4.12859E+00    7.25928E+00    7.17363E+00
    7.25333E+02    3.91193E+04    9.18534E+02    2.64022E+03    1.47159E-01   -3.69205E-01    1.04146E-01    4.17457E+00    7.35174E+00    7.25928E+00
    7.33987E+02    4.00690E+04    9.49634E+02    2.67052E+03    1.48668E-01   -3.71193E-01    1.04325E-01    4.22681E+00    7.45717E+00    7.35174E+00
    7.42739E+02    4.10585E+04    9.89521E+02    2.70115E+03    1.51376E-01   -3.74785E-01    1.04462E-01    4.29278E+00    7.59126E+00    7.45717E+00
    7.51590E+02    4.21140E+04    1.05547E+03    2.73213E+03    1.57781E-01   -3.83308E-01    1.04192E-01    4.39937E+00    7.81098E+00    7.59126E+00
    7.60540E+02    4.28846E+04    7.70585E+02    2.79515E+03    1.12566E-01   -3.34186E-01    2.97612E-02    3.85378E+00    6.86180E+00    4.78623E+00
    7.69592E+02    4.37790E+04    8.94452E+02    2.82719E+03    1.27681E-01   -3.46755E-01    8.62637E-02    4.12854E+00    7.28496E+00    6.86180E+00
    7.78746E+02    4.47335E+04    9.54459E+02    2.85960E+03    1.33140E-01   -3.52229E-01    9.52615E-02    4.23250E+00    7.47498E+00    7.28496E+00
    7.88004E+02    4.57278E+04    9.94352E+02    2.89237E+03    1.35544E-01   -3.54874E-01    9.80209E-02    4.29861E+00    7.60235E+00    7.47498E+00
    7.97366E+02    4.67548E+04    1.02695E+03    2.92551E+03    1.36798E-01   -3.56310E-01    9.92038E-02    4.35133E+00    7.70592E+00    7.60235E+00
    8.06834E+02    4.78112E+04    1.05639E+03    2.95902E+03    1.37514E-01   -3.57145E-01    9.98102E-02    4.39806E+00    7.79850E+00    7.70592E+00
    8.16409E+02    4.88955E+04    1.08436E+03    2.99292E+03    1.37941E-01   -3.57646E-01    1.00153E-01    4.44178E+00    7.88547E+00    7.79850E+00
    8.26092E+02    5.00072E+04    1.11170E+03    3.02720E+03    1.38200E-01   -3.57950E-01    1.00356E-01    4.48392E+00    7.96949E+00    7.88547E+00
    8.35885E+02    5.11461E+04    1.13889E+03    3.06186E+03    1.38358E-01   -3.58137E-01    1.00479E-01    4.52528E+00    8.05208E+00    7.96949E+00
    8.45788E+02    5.23124E+04    1.16626E+03    3.09692E+03    1.38459E-01   -3.58257E-01    1.00553E-01    4.56641E+00    8.13426E+00    8.05208E+00
    8.55803E+02    5.35064E+04    1.19406E+03    3.13237E+03    1.38536E-01   -3.58352E-01    1.00596E-01    4.60768E+00    8.21681E+00    8.13426E+00
    8.65932E+02    5.47290E+04    1.22256E+03    3.16823E+03    1.38617E-01   -3.58458E-01    1.00621E-01    4.64950E+00    8.30048E+00    8.21681E+00
    8.76174E+02    5.59810E+04    1.25206E+03    3.20448E+03    1.38734E-01   -3.58616E-01    1.00637E-01    4.69227E+00    8.38614E+00    8.30048E+00
    8.86533E+02    5.72640E+04    1.28297E+03    3.24115E+03    1.38928E-01   -3.58883E-01    1.00653E-01    4.73658E+00    8.47496E+00    8.38614E+00
    8.97009E+02    5.85800E+04    1.31597E+03    3.27824E+03    1.39264E-01   -3.59344E-01    1.00676E-01    4.78334E+00    8.56883E+00    8.47496E+00
    9.07603E+02    5.99323E+04    1.35230E+03    3.31574E+03    1.39858E-01   -3.60160E-01    1.00711E-01    4.83421E+00    8.67116E+00    8.56883E+00
    9.18316E+02    6.13268E+04    1.39454E+03    3.35366E+03    1.40951E-01   -3.61662E-01    1.00757E-01    4.89261E+00    8.78910E+00    8.67116E+00
    9.29151E+02    6.27762E+04    1.44940E+03    3.39202E+03    1.43169E-01   -3.64712E-01    1.00770E-01    4.96736E+00    8.94112E+00    8.78910E+00
    9.40108E+02    6.43179E+04    1.54171E+03    3.43080E+03    1.48831E-01   -3.72493E-01    1.00399E-01    5.09039E+00    9.19479E+00    8.94112E+00
    9.51189E+02    6.54414E+04    1.12348E+03    3.50970E+03    1.05996E-01   -3.24327E-01    2.84193E-02    4.43181E+00    8.04587E+00    5.54658E+00
    9.62395E+02    6.67419E+04    1.30053E+03    3.54982E+03    1.19915E-01   -3.36212E-01    8.29243E-02    4.75633E+00    8.54517E+00    8.04587E+00
    9.73728E+02    6.81262E+04    1.38424E+03    3.59039E+03    1.24739E-01   -3.41139E-01    9.14519E-02    4.87636E+00    8.76414E+00    8.54517E+00
    9.85189E+02    6.95648E+04    1.43858E+03    3.63142E+03    1.26696E-01   -3.43311E-01    9.39869E-02    4.95103E+00    8.90779E+00    8.76414E+00
    9.96779E+02    7.10469E+04    1.48215E+03    3.67291E+03    1.27574E-01   -3.44305E-01    9.50119E-02    5.00954E+00    9.02259E+00    8.90779E+00
    1.00850E+03    7.25678E+04    1.52088E+03    3.71487E+03    1.27941E-01   -3.44708E-01    9.54845E-02    5.06068E+00    9.12383E+00    9.02259E+00
    1.02035E+03    7.41250E+04    1.55722E+03    3.75731E+03    1.28028E-01   -3.44774E-01    9.57031E-02    5.10797E+00    9.21782E+00    9.12383E+00
    1.03234E+03    7.57173E+04    1.59231E+03    3.80022E+03    1.27948E-01   -3.44634E-01    9.57860E-02    5.15307E+00    9.30767E+00    9.21782E+00
    1.04447E+03    7.73441E+04    1.62680E+03    3.84362E+03    1.27758E-01   -3.44359E-01    9.57887E-02    5.19687E+00    9.39507E+00    9.30767E+00
    1.05673E+03    7.90052E+04    1.66108E+03    3.88751E+03    1.27496E-01   -3.43991E-01    9.57400E-02    5.23992E+00    9.48103E+00    9.39507E+00
    1.06912E+03    8.07006E+04    1.69541E+03    3.93190E+03    1.27185E-01   -3.43561E-01    9.56570E-02    5.28257E+00    9.56624E+00    9.48103E+00
    1.08166E+03    8.24306E+04    1.72998E+03    3.97679E+03    1.26841E-01   -3.43090E-01    9.55502E-02    5.32509E+00    9.65122E+00    9.56624E+00
    1.09434E+03    8.41956E+04    1.76498E+03    4.02218E+03    1.26478E-01   -3.42595E-01    9.54268E-02    5.36768E+00    9.73639E+00    9.65122E+00
    1.10717E+03    8.59961E+04    1.80056E+03    4.06809E+03    1.26108E-01   -3.42093E-01    9.52920E-02    5.41056E+00    9.82216E+00    9.73639E+00
    1.12014E+03    8.78331E+04    1.83694E+03    4.11452E+03    1.25745E-01   -3.41602E-01    9.51503E-02    5.45396E+00    9.90900E+00    9.82216E+00
    1.13325E+03    8.97074E+04    1.87436E+03    4.16147E+03    1.25405E-01   -3.41143E-01    9.50055E-02    5.49817E+00    9.99750E+00    9.90900E+00
    1.14652E+03    9.16206E+04    1.91318E+03    4.20895E+03    1.25108E-01   -3.40748E-01    9.48616E-02    5.54358E+00    1.00885E+01    9.99750E+00
    1.15993E+03    9.35746E+04    1.95397E+03    4.25697E+03    1.24886E-01   -3.40461E-01    9.47227E-02    5.59083E+00    1.01832E+01    1.00885E+01
    1.17349E+03    9.55723E+04    1.99766E+03    4.30553E+03    1.24793E-01   -3.40360E-01    9.45935E-02    5.64094E+00    1.02839E+01    1.01832E+01
    1.18721E+03    9.76183E+04    2.04604E+03    4.35464E+03    1.24926E-01   -3.40588E-01    9.44779E-02    5.69586E+00    1.03944E+01    1.02839E+01
    1.20109E+03    9.97212E+04    2.10288E+03    4.40431E+03    1.25496E-01   -3.41452E-01    9.43734E-02    5.75968E+00    1.05233E+01    1.03944E+01
    1.21512E+03    1.01899E+05    2.17801E+03    4.45454E+03    1.27043E-01   -3.43747E-01    9.42389E-02    5.84295E+00    1.06928E+01    1.05233E+01
    1.22930E+03    1.04207E+05    2.30798E+03    4.50533E+03    1.31583E-01   -3.50420E-01    9.37512E-02    5.98403E+00    1.09839E+01    1.06928E+01
    1.24365E+03    1.05882E+05    1.67508E+03    4.60865E+03    9.33434E-02   -3.04387E-01    2.62994E-02    5.17458E+00    9.56674E+00    6.52552E+00
    1.25816E+03    1.07814E+05    1.93187E+03    4.66118E+03    1.05223E-01   -3.15077E-01    7.71324E-02    5.55983E+00    1.01576E+01    9.56674E+00
    1.27284E+03    1.09863E+05    2.04876E+03    4.71431E+03    1.09070E-01   -3.19157E-01    8.49046E-02    5.69711E+00    1.04071E+01    1.01576E+01
    1.28768E+03    1.11984E+05    2.12158E+03    4.76804E+03    1.10398E-01   -3.20641E-01    8.71045E-02    5.77927E+00    1.05646E+01    1.04071E+01
    1.30269E+03    1.14162E+05    2.17797E+03    4.82238E+03    1.10774E-01   -3.21010E-01    8.79035E-02    5.84157E+00    1.06865E+01    1.05646E+01
    1.31787E+03    1.16389E+05    2.22672E+03    4.87733E+03    1.10699E-01   -3.20814E-01    8.81892E-02    5.89463E+00    1.07913E+01    1.06865E+01
    1.33322E+03    1.18661E+05    2.27141E+03    4.93290E+03    1.10373E-01   -3.20292E-01    8.82375E-02    5.94264E+00    1.08866E+01    1.07913E+01
    1.34874E+03    1.20974E+05    2.31370E+03    4.98910E+03    1.09892E-01   -3.19563E-01    8.81575E-02    5.98758E+00    1.09761E+01    1.08866E+01
    1.36444E+03    1.23329E+05    2.35450E+03    5.04593E+03    1.09308E-01   -3.18692E-01    8.79999E-02    6.03051E+00    1.10616E+01    1.09761E+01
    1.38031E+03    1.25723E+05    2.39432E+03    5.10341E+03    1.08651E-01   -3.17716E-01    8.77913E-02    6.07202E+00    1.11444E+01    1.10616E+01
    1.39637E+03    1.28157E+05    2.43349E+03    5.16154E+03    1.07939E-01   -3.16661E-01    8.75468E-02    6.11248E+00    1.12251E+01    1.11444E+01
    1.41261E+03    1.30629E+05    2.47219E+03    5.22032E+03    1.07184E-01   -3.15542E-01    8.72756E-02    6.15213E+00    1.13043E+01    1.12251E+01
    1.42903E+03    1.33139E+05    2.51058E+03    5.27977E+03    1.06395E-01   -3.14371E-01    8.69836E-02    6.19113E+00    1.13822E+01    1.13043E+01
    1.44563E+03    1.35688E+05    2.54874E+03    5.33989E+03    1.05578E-01   -3.13155E-01    8.66747E-02    6.22958E+00    1.14590E+01    1.13822E+01
    1.46243E+03    1.38275E+05    2.58673E+03    5.40068E+03    1.04738E-01   -3.11900E-01    8.63518E-02    6.26758E+00    1.15349E+01    1.14590E+01
    1.47941E+03    1.40899E+05    2.62462E+03    5.46217E+03    1.03879E-01   -3.10612E-01    8.60169E-02    6.30517E+00    1.16100E+01    1.15349E+01
    1.49658E+03    1.43562E+05    2.66244E+03    5.52435E+03    1.03002E-01   -3.09294E-01    8.56716E-02    6.34243E+00    1.16844E+01    1.16100E+01
    1.51395E+03    1.46262E+05    2.70023E+03    5.58723E+03    1.02112E-01   -3.07949E-01    8.53171E-02    6.37938E+00    1.17582E+01    1.16844E+01
    1.53152E+03    1.49000E+05    2.73802E+03    5.65083E+03    1.01210E-01   -3.06582E-01    8.49544E-02    6.41606E+00    1.18316E+01    1.17582E+01
    1.54928E+03    1.51776E+05    2.77586E+03    5.71514E+03    1.00299E-01   -3.05195E-01    8.45845E-02    6.45254E+00    1.19045E+01    1.18316E+01
    1.56725E+03    1.54590E+05    2.81380E+03    5.78018E+03    9.93811E-02   -3.03793E-01    8.42082E-02    6.48886E+00    1.19770E+01    1.19045E+01
    1.58541E+03    1.57442E+05    2.85190E+03    5.84595E+03    9.84600E-02   -3.02379E-01    8.38264E-02    6.52508E+00    1.20495E+01    1.19770E+01
    1.60379E+03    1.60332E+05    2.89026E+03    5.91247E+03    9.75391E-02   -3.00960E-01    8.34399E-02    6.56131E+00    1.21219E+01    1.20495E+01
    1.62237E+03    1.63261E+05    2.92902E+03    5.97974E+03    9.66230E-02   -2.99542E-01    8.30500E-02    6.59766E+00    1.21946E+01    1.21219E+01
    1.64116E+03    1.66229E+05    2.96835E+03    6.04777E+03    9.57179E-02   -2.98137E-01    8.26577E-02    6.63432E+00    1.22679E+01    1.21946E+01
    1.66016E+03    1.69238E+05    3.00857E+03    6.11656E+03    9.48327E-02   -2.96758E-01    8.22648E-02    6.67156E+00    1.23425E+01    1.22679E+01
    1.67938E+03    1.72288E+05    3.05014E+03    6.18614E+03    9.39808E-02   -2.95428E-01    8.18733E-02    6.70981E+00    1.24191E+01    1.23425E+01
    1.69881E+03    1.75382E+05    3.09383E+03    6.25650E+03    9.31834E-02   -2.94183E-01    8.14856E-02    6.74976E+00    1.24992E+01    1.24191E+01
    1.71847E+03    1.78523E+05    3.14098E+03    6.32766E+03    9.24766E-02   -2.93085E-01    8.11049E-02    6.79262E+00    1.25854E+01    1.24992E+01
    1.73834E+03    1.81717E+05    3.19417E+03    6.39962E+03    9.19286E-02   -2.92251E-01    8.07337E-02    6.84066E+00    1.26822E+01    1.25854E+01
    1.75845E+03    1.84976E+05    3.25896E+03    6.47239E+03    9.16850E-02   -2.91935E-01    8.03696E-02    6.89879E+00    1.28000E+01    1.26822E+01
    1.77877E+03    1.88326E+05    3.34992E+03    6.54598E+03    9.21260E-02   -2.92796E-01    7.99779E-02    6.97969E+00    1.29651E+01    1.28000E+01
    1.79933E+03    1.91847E+05    3.52136E+03    6.62041E+03    9.46645E-02   -2.97283E-01    7.92916E-02    7.12961E+00    1.32755E+01    1.29651E+01
    1.82012E+03    1.94370E+05    2.52294E+03    6.77180E+03    6.63002E-02   -2.56543E-01    2.20408E-02    6.10348E+00    1.14670E+01    7.76245E+00
    1.84115E+03    1.97258E+05    2.88774E+03    6.84878E+03    7.41819E-02   -2.64597E-01    6.45764E-02    6.55154E+00    1.21460E+01    1.14670E+01
    1.86241E+03    2.00296E+05    3.03825E+03    6.92663E+03    7.62951E-02   -2.66988E-01    7.07969E-02    6.69611E+00    1.24049E+01    1.21460E+01
    1.88391E+03    2.03417E+05    3.12096E+03    7.00536E+03    7.66119E-02   -2.67166E-01    7.23481E-02    6.77268E+00    1.25498E+01    1.24049E+01
    1.90566E+03    2.06595E+05    3.17763E+03    7.08497E+03    7.62512E-02   -2.66387E-01    7.27260E-02    6.82421E+00    1.26496E+01    1.25498E+01
    1.92765E+03    2.09816E+05    3.22151E+03    7.16549E+03    7.55683E-02   -2.65117E-01    7.26719E-02    6.86359E+00    1.27267E+01    1.26496E+01
    1.94989E+03    2.13074E+05    3.25791E+03    7.24692E+03    7.47063E-02   -2.63557E-01    7.24160E-02    6.89593E+00    1.27904E+01    1.27267E+01
    1.97238E+03    2.16364E+05    3.28935E+03    7.32927E+03    7.37338E-02   -2.61807E-01    7.20493E-02    6.92361E+00    1.28451E+01    1.27904E+01
    1.99513E+03    2.19681E+05    3.31712E+03    7.41255E+03    7.26873E-02   -2.59921E-01    7.16138E-02    6.94787E+00    1.28932E+01    1.28451E+01
    2.01813E+03    2.23023E+05    3.34196E+03    7.49677E+03    7.15880E-02   -2.57931E-01    7.11317E-02    6.96942E+00    1.29359E+01    1.28932E+01
    2.04139E+03    2.26387E+05    3.36431E+03    7.58194E+03    7.04494E-02   -2.55857E-01    7.06154E-02    6.98866E+00    1.29740E+01    1.29359E+01
    2.06492E+03    2.29771E+05    3.38442E+03    7.66807E+03    6.92802E-02   -2.53712E-01    7.00725E-02    7.00585E+00    1.30081E+01    1.29740E+01
    2.08871E+03    2.33174E+05    3.40244E+03    7.75518E+03    6.80863E-02   -2.51506E-01    6.95077E-02    7.02114E+00    1.30384E+01    1.30081E+01
    2.11277E+03    2.36592E+05    3.41846E+03    7.84327E+03    6.68723E-02   -2.49242E-01    6.89242E-02    7.03464E+00    1.30651E+01    1.30384E+01
    2.13710E+03    2.40025E+05    3.43253E+03    7.93236E+03    6.56412E-02   -2.46927E-01    6.83242E-02    7.04638E+00    1.30884E+01    1.30651E+01
    2.16171E+03    2.43469E+05    3.44465E+03    8.02245E+03    6.43956E-02   -2.44563E-01    6.77092E-02    7.05640E+00    1.31082E+01    1.30884E+01
    2.18659E+03    2.46924E+05    3.45483E+03    8.11356E+03    6.31374E-02   -2.42152E-01    6.70802E-02    7.06469E+00    1.31245E+01    1.31082E+01
    2.21176E+03    2.50387E+05    3.46304E+03    8.20570E+03    6.18682E-02   -2.39696E-01    6.64381E-02    7.07125E+00    1.31374E+01    1.31245E+01
    2.23721E+03    2.53857E+05    3.46924E+03    8.29888E+03    6.05892E-02   -2.37196E-01    6.57834E-02    7.07605E+00    1.31468E+01    1.31374E+01
    2.26295E+03    2.57330E+05    3.47340E+03    8.39312E+03    5.93018E-02   -2.34652E-01    6.51164E-02    7.07906E+00    1.31525E+01    1.31468E+01
    2.28898E+03    2.60805E+05    3.47546E+03    8.48842E+03    5.80067E-02   -2.32066E-01    6.44376E-02    7.08024E+00    1.31546E+01    1.31525E+01
    2.31530E+03    2.64281E+05    3.47537E+03    8.58480E+03    5.67050E-02   -2.29437E-01    6.37470E-02    7.07955E+00    1.31530E+01    1.31546E+01
    2.34192E+03    2.67754E+05    3.47307E+03    8.68226E+03    5.53973E-02   -2.26766E-01    6.30448E-02    7.07693E+00    1.31475E+01    1.31530E+01
    2.36884E+03    2.71222E+05    3.46850E+03    8.78083E+03    5.40846E-02   -2.24052E-01    6.23312E-02    7.07233E+00    1.31380E+01    1.31475E+01
    2.39607E+03    2.74684E+05    3.46160E+03    8.88051E+03    5.27674E-02   -2.21296E-01    6.16060E-02    7.06570E+00    1.31245E+01    1.31380E+01
    2.42360E+03    2.78136E+05    3.45231E+03    8.98132E+03    5.14465E-02   -2.18498E-01    6.08694E-02    7.05697E+00    1.31068E+01    1.31245E+01
    2.45145E+03    2.81577E+05    3.44055E+03    9.08326E+03    5.01226E-02   -2.15657E-01    6.01214E-02    7.04607E+00    1.30847E+01    1.31068E+01
    2.47961E+03    2.85003E+05    3.42627E+03    9.18636E+03    4.87962E-02   -2.12773E-01    5.93618E-02    7.03293E+00    1.30581E+01    1.30847E+01
    2.50808E+03    2.88412E+05    3.40938E+03    9.29063E+03    4.74681E-02   -2.09846E-01    5.85906E-02    7.01749E+00    1.30269E+01    1.30581E+01
    2.53688E+03    2.91802E+05    3.38984E+03    9.39607E+03    4.61388E-02   -2.06874E-01    5.78077E-02    6.99966E+00    1.29909E+01    1.30269E+01
    2.56601E+03    2.95170E+05    3.36756E+03    9.50270E+03    4.48090E-02   -2.03859E-01    5.70131E-02    6.97936E+00    1.29500E+01    1.29909E+01
    2.59546E+03    2.98512E+05    3.34249E+03    9.61054E+03    4.34794E-02   -2.00799E-01    5.62066E-02    6.95653E+00    1.29040E+01    1.29500E+01
    2.62525E+03    3.01827E+05    3.31457E+03    9.71960E+03    4.21507E-02   -1.97694E-01    5.53881E-02    6.93106E+00    1.28527E+01    1.29040E+01
    2.65537E+03    3.05111E+05    3.28372E+03    9.82989E+03    4.08234E-02   -1.94543E-01    5.45575E-02    6.90288E+00    1.27960E+01    1.28527E+01
    2.68583E+03    3.08361E+05    3.24991E+03    9.94142E+03    3.94984E-02   -1.91346E-01    5.37146E-02    6.87189E+00    1.27337E+01    1.27960E+01
    2.71664E+03    3.11574E+05    3.21306E+03    1.00542E+04    3.81763E-02   -1.88102E-01    5.28593E-02    6.83800E+00    1.26655E+01    1.27337E+01
    2.74780E+03    3.14747E+05    3.17314E+03    1.01683E+04    3.68580E-02   -1.84810E-01    5.19914E-02    6.80112E+00    1.25914E+01    1.26655E+01
    2.77931E+03    3.17877E+05    3.13009E+03    1.02836E+04    3.55442E-02   -1.81471E-01    5.11109E-02    6.76115E+00    1.25111E+01    1.25914E+01
    2.81117E+03    3.20961E+05    3.08390E+03    1.04003E+04    3.42358E-02   -1.78084E-01    5.02175E-02    6.71799E+00    1.24243E+01    1.25111E+01
    2.84339E+03    3.23995E+05    3.03452E+03    1.05183E+04    3.29337E-02   -1.74648E-01    4.93111E-02    6.67156E+00    1.23310E+01    1.24243E+01
    2.87598E+03    3.26977E+05    2.98194E+03    1.06376E+04    3.16388E-02   -1.71164E-01    4.83916E-02    6.62174E+00    1.22310E+01    1.23310E+01
    2.90894E+03    3.29903E+05    2.92617E+03    1.07583E+04    3.03524E-02   -1.67631E-01    4.74588E-02    6.56847E+00    1.21240E+01    1.22310E+01
    2.94227E+03    3.32771E+05    2.86723E+03    1.08803E+04    2.90756E-02   -1.64049E-01    4.65127E-02    6.51165E+00    1.20099E+01    1.21240E+01
    2.97597E+03    3.35576E+05    2.80517E+03    1.10037E+04    2.78098E-02   -1.60420E-01    4.55533E-02    6.45124E+00    1.18886E+01    1.20099E+01
    3.01006E+03    3.38316E+05    2.74008E+03    1.11285E+04    2.65569E-02   -1.56746E-01    4.45804E-02    6.38719E+00    1.17601E+01    1.18886E+01
    3.04453E+03    3.40988E+05    2.67213E+03    1.12547E+04    2.53189E-02   -1.53031E-01    4.35944E-02    6.31955E+00    1.16244E+01    1.17601E+01
    3.07939E+03    3.43590E+05    2.60156E+03    1.13823E+04    2.40988E-02   -1.49280E-01    4.25954E-02    6.24842E+00    1.14817E+01    1.16244E+01
    3.11465E+03    3.46118E+05    2.52880E+03    1.15114E+04    2.29010E-02   -1.45505E-01    4.15838E-02    6.17411E+00    1.13327E+01    1.14817E+01
    3.15030E+03    3.48573E+05    2.45462E+03    1.16420E+04    2.17320E-02   -1.41728E-01    4.05602E-02    6.09725E+00    1.11787E+01    1.13327E+01
    3.18635E+03    3.50953E+05    2.38043E+03    1.17740E+04    2.06039E-02   -1.37992E-01    3.95249E-02    6.01926E+00    1.10227E+01    1.11787E+01
    3.22282E+03    3.53263E+05    2.30932E+03    1.19075E+04    1.95414E-02   -1.34391E-01    3.84760E-02    5.94337E+00    1.08713E+01    1.10227E+01
    3.25969E+03    3.55512E+05    2.24934E+03    1.20425E+04    1.86083E-02   -1.31186E-01    3.73986E-02    5.87844E+00    1.07432E+01    1.08713E+01
    3.29699E+03    3.57743E+05    2.23055E+03    1.21790E+04    1.80402E-02   -1.29348E-01    3.61848E-02    5.85778E+00    1.07086E+01    1.07432E+01
    3.33470E+03    3.59154E+05    1.41135E+03    1.24567E+04    1.11595E-02   -1.05167E-01    9.96558E-03    4.80875E+00    8.79728E+00    6.18480E+00
    3.37284E+03    3.60675E+05    1.52156E+03    1.25980E+04    1.17620E-02   -1.05015E-01    2.70912E-02    5.01423E+00    9.04198E+00    8.79728E+00
    3.41141E+03    3.62170E+05    1.49451E+03    1.27408E+04    1.12946E-02   -1.02307E-01    2.87742E-02    4.97852E+00    8.94675E+00    9.04198E+00
    3.45042E+03    3.63594E+05    1.42400E+03    1.28852E+04    1.05212E-02   -9.85472E-02    2.84545E-02    4.88302E+00    8.74862E+00    8.94675E+00
    3.48986E+03    3.64930E+05    1.33596E+03    1.30313E+04    9.65013E-03   -9.42745E-02    2.76123E-02    4.76061E+00    8.50039E+00    8.74862E+00
    3.52976E+03    3.66169E+05    1.23882E+03    1.31790E+04    8.74846E-03   -8.96826E-02    2.65611E-02    4.62087E+00    8.21870E+00    8.50039E+00
    3.57010E+03    3.67305E+05    1.13622E+03    1.33284E+04    7.84457E-03   -8.48502E-02    2.53973E-02    4.46724E+00    7.90967E+00    8.21870E+00
    3.61090E+03    3.68335E+05    1.03013E+03    1.34794E+04    6.95319E-03   -7.98097E-02    2.41580E-02    4.30094E+00    7.57546E+00    7.90967E+00
    3.65216E+03    3.69257E+05    9.21872E+02    1.36322E+04    6.08342E-03   -7.45713E-02    2.28591E-02    4.12217E+00    7.21635E+00    7.57546E+00
    3.69389E+03    3.70069E+05    8.12489E+02    1.37867E+04    5.24181E-03   -6.91320E-02    2.15075E-02    3.93053E+00    6.83142E+00    7.21635E+00
    3.73609E+03    3.70772E+05    7.02940E+02    1.39430E+04    4.43373E-03   -6.34784E-02    2.01051E-02    3.72514E+00    6.41890E+00    6.83142E+00
    3.77876E+03    3.71367E+05    5.94206E+02    1.41010E+04    3.66416E-03   -5.75873E-02    1.86512E-02    3.50469E+00    5.97606E+00    6.41890E+00
    3.82192E+03    3.71854E+05    4.87368E+02    1.42608E+04    2.93821E-03   -5.14231E-02    1.71429E-02    3.26727E+00    5.49904E+00    5.97606E+00
    3.86557E+03    3.72238E+05    3.83694E+02    1.44224E+04    2.26151E-03   -4.49325E-02    1.55751E-02    3.01016E+00    4.98228E+00    5.49904E+00
    3.90971E+03    3.72522E+05    2.84754E+02    1.45858E+04    1.64087E-03   -3.80330E-02    1.39412E-02    2.72932E+00    4.41748E+00    4.98228E+00
    3.95434E+03    3.72715E+05    1.92628E+02    1.47511E+04    1.08521E-03   -3.05868E-02    1.22333E-02    2.41819E+00    3.79117E+00    4.41748E+00
    3.99949E+03    3.72825E+05    1.10354E+02    1.49182E+04    6.07816E-04   -2.23315E-02    1.04460E-02    2.06470E+00    3.07845E+00    3.79117E+00
    4.04514E+03    3.72869E+05    4.33207E+01    1.50873E+04    2.33276E-04   -1.26185E-02    8.60525E-03    1.64012E+00    2.21942E+00    3.07845E+00
    4.09131E+03    3.72916E+05    4.75325E+01    1.50873E+04    2.50240E-04   -1.14473E-02    1.09178E-02    2.21942E+00    2.75088E+00    4.04428E+00
    4.13799E+03    3.72972E+05    5.55626E+01    1.50873E+04    2.85983E-04   -1.05051E-02    1.32524E-02    2.75088E+00    3.24412E+00    4.96595E+00
    4.18521E+03    3.73039E+05    6.70336E+01    1.50873E+04    3.37320E-04   -9.73358E-03    1.55749E-02    3.24412E+00    3.70629E+00    5.84738E+00
    4.23296E+03    3.73121E+05    8.16743E+01    1.50873E+04    4.01817E-04   -9.09083E-03    1.78654E-02    3.70629E+00    4.14282E+00    6.69241E+00
    4.28125E+03    3.73220E+05    9.92887E+01    1.50873E+04    4.77570E-04   -8.54671E-03    2.01128E-02    4.14282E+00    4.55786E+00    7.50457E+00
    4.33009E+03    3.73340E+05    1.19738E+02    1.50873E+04    5.63068E-04   -8.07920E-03    2.23113E-02    4.55786E+00    4.95464E+00    8.28709E+00
    4.37948E+03    3.73483E+05    1.42925E+02    1.50873E+04    6.57104E-04   -7.67210E-03    2.44590E-02    4.95464E+00    5.33567E+00    9.04283E+00
    4.42942E+03    3.73651E+05    1.68791E+02    1.50873E+04    7.58698E-04   -7.31331E-03    2.65558E-02    5.33567E+00    5.70299E+00    9.77435E+00
    4.47993E+03    3.73849E+05    1.97301E+02    1.50873E+04    8.67052E-04   -6.99372E-03    2.86031E-02    5.70299E+00    6.05823E+00    1.04839E+01
    4.53101E+03    3.74077E+05    2.28446E+02    1.50873E+04    9.81511E-04   -6.70636E-03    3.06029E-02    6.05823E+00    6.40273E+00    1.11733E+01
    4.58267E+03    3.74339E+05    2.62233E+02    1.50873E+04    1.10153E-03   -6.44587E-03    3.25573E-02    6.40273E+00    6.73758E+00    1.18445E+01
    4.63491E+03    3.74638E+05    2.98686E+02    1.50873E+04    1.22665E-03   -6.20802E-03    3.44690E-02    6.73758E+00    7.06372E+00    1.24989E+01
    4.68775E+03    3.74976E+05    3.37841E+02    1.50873E+04    1.35649E-03   -5.98949E-03    3.63402E-02    7.06372E+00    7.38194E+00    1.31378E+01
    4.74118E+03    3.75356E+05    3.79745E+02    1.50873E+04    1.49071E-03   -5.78760E-03    3.81735E-02    7.38194E+00    7.69290E+00    1.37624E+01
    4.79521E+03    3.75780E+05    4.24455E+02    1.50873E+04    1.62904E-03   -5.60019E-03    3.99709E-02    7.69290E+00    7.99720E+00    1.43738E+01
    4.84985E+03    3.76252E+05    4.72036E+02    1.50873E+04    1.77122E-03   -5.42549E-03    4.17347E-02    7.99720E+00    8.29533E+00    1.49729E+01
    4.90511E+03    3.76775E+05    5.22560E+02    1.50873E+04    1.91706E-03   -5.26203E-03    4.34668E-02    8.29533E+00    8.58775E+00    1.55606E+01
    4.96100E+03    3.77351E+05    5.76108E+02    1.50873E+04    2.06634E-03   -5.10857E-03    4.51691E-02    8.58775E+00    8.87485E+00    1.61375E+01
    5.01752E+03    3.77983E+05    6.32765E+02    1.50873E+04    2.21892E-03   -4.96410E-03    4.68431E-02    8.87485E+00    9.15698E+00    1.67044E+01
    5.07467E+03    3.78676E+05    6.92625E+02    1.50873E+04    2.37464E-03   -4.82773E-03    4.84905E-02    9.15698E+00    9.43446E+00    1.72619E+01
    5.13247E+03    3.79432E+05    7.55784E+02    1.50873E+04    2.53337E-03   -4.69870E-03    5.01128E-02    9.43446E+00    9.70758E+00    1.78106E+01
    5.19093E+03    3.80254E+05    8.22349E+02    1.50873E+04    2.69500E-03   -4.57637E-03    5.17113E-02    9.70758E+00    9.97659E+00    1.83509E+01
    5.25004E+03    3.81147E+05    8.92427E+02    1.50873E+04    2.85941E-03   -4.46018E-03    5.32872E-02    9.97659E+00    1.02417E+01    1.88833E+01
    5.30983E+03    3.82113E+05    9.66135E+02    1.50873E+04    3.02653E-03   -4.34963E-03    5.48417E-02    1.02417E+01    1.05032E+01    1.94083E+01
    5.37028E+03    3.83156E+05    1.04359E+03    1.50873E+04    3.19626E-03   -4.24429E-03    5.63759E-02    1.05032E+01    1.07613E+01    1.99262E+01
    5.43143E+03    3.84281E+05    1.12493E+03    1.50873E+04    3.36853E-03   -4.14377E-03    5.78909E-02    1.07613E+01    1.10161E+01    2.04375E+01
    5.49326E+03    3.85492E+05    1.21028E+03    1.50873E+04    3.54327E-03   -4.04775E-03    5.93876E-02    1.10161E+01    1.12678E+01    2.09424E+01
    5.55579E+03    3.86791E+05    1.29978E+03    1.50873E+04    3.72042E-03   -3.95592E-03    6.08668E-02    1.12678E+01    1.15165E+01    2.14413E+01
    5.61903E+03    3.88185E+05    1.39358E+03    1.50873E+04    3.89993E-03   -3.86800E-03    6.23295E-02    1.15165E+01    1.17625E+01    2.19346E+01
    5.68298E+03    3.89677E+05    1.49182E+03    1.50873E+04    4.08176E-03   -3.78375E-03    6.37765E-02    1.17625E+01    1.20058E+01    2.24224E+01
    5.74766E+03    3.91271E+05    1.59467E+03    1.50873E+04    4.26586E-03   -3.70296E-03    6.52085E-02    1.20058E+01    1.22467E+01    2.29051E+01
    5.81306E+03    3.92974E+05    1.70229E+03    1.50873E+04    4.45220E-03   -3.62542E-03    6.66262E-02    1.22467E+01    1.24851E+01    2.33829E+01
    5.87921E+03    3.94789E+05    1.81484E+03    1.50873E+04    4.64074E-03   -3.55095E-03    6.80304E-02    1.24851E+01    1.27213E+01    2.38561E+01
    5.94610E+03    3.96721E+05    1.93252E+03    1.50873E+04    4.83147E-03   -3.47940E-03    6.94217E-02    1.27213E+01    1.29554E+01    2.43248E+01
    6.01375E+03    3.98777E+05    2.05551E+03    1.50873E+04    5.02436E-03   -3.41060E-03    7.08007E-02    1.29554E+01    1.31874E+01    2.47894E+01
    6.08216E+03    4.00961E+05    2.18400E+03    1.50873E+04    5.21940E-03   -3.34443E-03    7.21680E-02    1.31874E+01    1.34175E+01    2.52499E+01
    6.15135E+03    4.03279E+05    2.31818E+03    1.50873E+04    5.41657E-03   -3.28075E-03    7.35242E-02    1.34175E+01    1.36457E+01    2.57067E+01
    6.22132E+03    4.05737E+05    2.45829E+03    1.50873E+04    5.61587E-03   -3.21945E-03    7.48700E-02    1.36457E+01    1.38723E+01    2.61599E+01
    6.29208E+03    4.08342E+05    2.60452E+03    1.50873E+04    5.81730E-03   -3.16042E-03    7.62057E-02    1.38723E+01    1.40972E+01    2.66097E+01
    6.36364E+03    4.11099E+05    2.75712E+03    1.50873E+04    6.02085E-03   -3.10356E-03    7.75320E-02    1.40972E+01    1.43205E+01    2.70562E+01
    6.43600E+03    4.14015E+05    2.91632E+03    1.50873E+04    6.22652E-03   -3.04878E-03    7.88494E-02    1.43205E+01    1.45424E+01    2.74998E+01
    6.50919E+03    4.17097E+05    3.08236E+03    1.50873E+04    6.43434E-03   -2.99599E-03    8.01584E-02    1.45424E+01    1.47629E+01    2.79404E+01
    6.58320E+03    4.20353E+05    3.25551E+03    1.50873E+04    6.64430E-03   -2.94512E-03    8.14594E-02    1.47629E+01    1.49820E+01    2.83784E+01
    6.65805E+03    4.23789E+05    3.43603E+03    1.50873E+04    6.85643E-03   -2.89608E-03    8.27529E-02    1.49820E+01    1.52000E+01    2.88138E+01
    6.73374E+03    4.27413E+05    3.62421E+03    1.50873E+04    7.07074E-03   -2.84880E-03    8.40394E-02    1.52000E+01    1.54169E+01    2.92468E+01
    6.81029E+03    4.31234E+05    3.82034E+03    1.50873E+04    7.28725E-03   -2.80323E-03    8.53194E-02    1.54169E+01    1.56327E+01    2.96776E+01
    6.88770E+03    4.35258E+05    4.02472E+03    1.50873E+04    7.50600E-03   -2.75930E-03    8.65932E-02    1.56327E+01    1.58475E+01    3.01063E+01
    6.96599E+03    4.39496E+05    4.23767E+03    1.50873E+04    7.72702E-03   -2.71696E-03    8.78614E-02    1.58475E+01    1.60614E+01    3.05331E+01
    7.04517E+03    4.43955E+05    4.45953E+03    1.50873E+04    7.95032E-03   -2.67614E-03    8.91244E-02    1.60614E+01    1.62744E+01    3.09581E+01
    7.12523E+03    4.48646E+05    4.69063E+03    1.50873E+04    8.17596E-03   -2.63680E-03    9.03826E-02    1.62744E+01    1.64868E+01    3.13814E+01
    7.20621E+03    4.53577E+05    4.93133E+03    1.50873E+04    8.40398E-03   -2.59888E-03    9.16364E-02    1.64868E+01    1.66984E+01    3.18033E+01
    7.28809E+03    4.58759E+05    5.18202E+03    1.50873E+04    8.63441E-03   -2.56235E-03    9.28862E-02    1.66984E+01    1.69094E+01    3.22238E+01
    7.37091E+03    4.64202E+05    5.44309E+03    1.50873E+04    8.86730E-03   -2.52716E-03    9.41325E-02    1.69094E+01    1.71198E+01    3.26432E+01
    7.45466E+03    4.69917E+05    5.71494E+03    1.50873E+04    9.10272E-03   -2.49327E-03    9.53756E-02    1.71198E+01    1.73298E+01    3.30614E+01
    7.53935E+03    4.75915E+05    5.99800E+03    1.50873E+04    9.34070E-03   -2.46064E-03    9.66160E-02    1.73298E+01    1.75394E+01    3.34787E+01
    7.62500E+03    4.82208E+05    6.29272E+03    1.50873E+04    9.58132E-03   -2.42923E-03    9.78541E-02    1.75394E+01    1.77486E+01    3.38952E+01
    7.71162E+03    4.88808E+05    6.59956E+03    1.50873E+04    9.82463E-03   -2.39901E-03    9.90903E-02    1.77486E+01    1.79576E+01    3.43111E+01
    7.79922E+03    4.95727E+05    6.91901E+03    1.50873E+04    1.00707E-02   -2.36994E-03    1.00325E-01    1.79576E+01    1.81664E+01    3.47264E+01
    7.88781E+03    5.02978E+05    7.25158E+03    1.50873E+04    1.03196E-02   -2.34199E-03    1.01558E-01    1.81664E+01    1.83750E+01    3.51414E+01
    7.97740E+03    5.10576E+05    7.59779E+03    1.50873E+04    1.05714E-02   -2.31514E-03    1.02791E-01    1.83750E+01    1.85836E+01    3.55561E+01
    8.06801E+03    5.18534E+05    7.95821E+03    1.50873E+04    1.08262E-02   -2.28934E-03    1.04024E-01    1.85836E+01    1.87922E+01    3.59707E+01
    8.15963E+03    5.26868E+05    8.33340E+03    1.50873E+04    1.10841E-02   -2.26458E-03    1.05256E-01    1.87922E+01    1.90008E+01    3.63853E+01
    8.25229E+03    5.35592E+05    8.72398E+03    1.50873E+04    1.13451E-02   -2.24083E-03    1.06490E-01    1.90008E+01    1.92097E+01    3.68001E+01
    8.34600E+03    5.44722E+05    9.13057E+03    1.50873E+04    1.16093E-02   -2.21806E-03    1.07724E-01    1.92097E+01    1.94187E+01    3.72151E+01
    8.44077E+03    5.54276E+05    9.55384E+03    1.50873E+04    1.18769E-02   -2.19625E-03    1.08959E-01    1.94187E+01    1.96280E+01    3.76306E+01
    8.53661E+03    5.64271E+05    9.99449E+03    1.50873E+04    1.21479E-02   -2.17537E-03    1.10196E-01    1.96280E+01    1.98376E+01    3.80467E+01
    8.63353E+03    5.74724E+05    1.04532E+04    1.50873E+04    1.24225E-02   -2.15540E-03    1.11435E-01    1.98376E+01    2.00477E+01    3.84635E+01
    8.73155E+03    5.85655E+05    1.09308E+04    1.50873E+04    1.27007E-02   -2.13633E-03    1.12677E-01    2.00477E+01    2.02583E+01    3.88811E+01
    8.83067E+03    5.97083E+05    1.14280E+04    1.50873E+04    1.29827E-02   -2.11812E-03    1.13922E-01    2.02583E+01    2.04694E+01    3.92998E+01
    8.93091E+03    6.09028E+05    1.19457E+04    1.50873E+04    1.32685E-02   -2.10077E-03    1.15170E-01    2.04694E+01    2.06812E+01    3.97195E+01
    9.03229E+03    6.21513E+05    1.24848E+04    1.50873E+04    1.35584E-02   -2.08425E-03    1.16422E-01    2.06812E+01    2.08937E+01    4.01405E+01
    9.13481E+03    6.34559E+05    1.30460E+04    1.50873E+04    1.38524E-02   -2.06854E-03    1.17678E-01    2.08937E+01    2.11069E+01    4.05630E+01
    9.23850E+03    6.48190E+05    1.36305E+04    1.50873E+04    1.41507E-02   -2.05363E-03    1.18939E-01    2.11069E+01    2.13211E+01    4.09870E+01
    9.34335E+03    6.62429E+05    1.42392E+04    1.50873E+04    1.44534E-02   -2.03950E-03    1.20205E-01    2.13211E+01    2.15361E+01    4.14127E+01
    9.44939E+03    6.77302E+05    1.48731E+04    1.50873E+04    1.47606E-02   -2.02613E-03    1.21476E-01    2.15361E+01    2.17522E+01    4.18402E+01
    9.55662E+03    6.92835E+05    1.55333E+04    1.50873E+04    1.50725E-02   -2.01351E-03    1.22754E-01    2.17522E+01    2.19693E+01    4.22698E+01
    9.66507E+03    7.09056E+05    1.62210E+04    1.50873E+04    1.53893E-02   -2.00163E-03    1.24037E-01    2.19693E+01    2.21876E+01    4.27015E+01
    9.77474E+03    7.25993E+05    1.69373E+04    1.50873E+04    1.57111E-02   -1.99047E-03    1.25328E-01    2.21876E+01    2.24071E+01    4.31356E+01
    9.88565E+03    7.43677E+05    1.76836E+04    1.50873E+04    1.60381E-02   -1.98002E-03    1.26626E-01    2.24071E+01    2.26279E+01    4.35720E+01
    9.99782E+03    7.62138E+05    1.84612E+04    1.50873E+04    1.63705E-02   -1.97026E-03    1.27932E-01    2.26279E+01    2.28502E+01    4.40111E+01
    1.01113E+04    7.81410E+05    1.92714E+04    1.50873E+04    1.67084E-02   -1.96119E-03    1.29246E-01    2.28502E+01    2.30739E+01    4.44530E+01
    1.02260E+04    8.01525E+05    2.01157E+04    1.50873E+04    1.70521E-02   -1.95279E-03    1.30569E-01    2.30739E+01    2.32992E+01    4.48979E+01
    1.03420E+04    8.22521E+05    2.09956E+04    1.50873E+04    1.74017E-02   -1.94505E-03    1.31901E-01    2.32992E+01    2.35261E+01    4.53458E+01
    1.04593E+04    8.44434E+05    2.19127E+04    1.50873E+04    1.77575E-02   -1.93797E-03    1.33243E-01    2.35261E+01    2.37547E+01    4.57970E+01
    1.05779E+04    8.67302E+05    2.28688E+04    1.50873E+04    1.81196E-02   -1.93154E-03    1.34595E-01    2.37547E+01    2.39852E+01    4.62516E+01
    1.06979E+04    8.91168E+05    2.38654E+04    1.50873E+04    1.84883E-02   -1.92573E-03    1.35958E-01    2.39852E+01    2.42176E+01    4.67099E+01
    1.08193E+04    9.16073E+05    2.49047E+04    1.50873E+04    1.88638E-02   -1.92056E-03    1.37332E-01    2.42176E+01    2.44519E+01    4.71719E+01
    1.09420E+04    9.42061E+05    2.59883E+04    1.50873E+04    1.92464E-02   -1.91601E-03    1.38718E-01    2.44519E+01    2.46884E+01    4.76379E+01
    1.10661E+04    9.69179E+05    2.71185E+04    1.50873E+04    1.96363E-02   -1.91207E-03    1.40116E-01    2.46884E+01    2.49270E+01    4.81081E+01
    1.11916E+04    9.97477E+05    2.82974E+04    1.50873E+04    2.00337E-02   -1.90874E-03    1.41528E-01    2.49270E+01    2.51679E+01    4.85826E+01
    1.13185E+04    1.02700E+06    2.95272E+04    1.50873E+04    2.04390E-02   -1.90601E-03    1.42952E-01    2.51679E+01    2.54112E+01    4.90616E+01
    1.14469E+04    1.05781E+06    3.08103E+04    1.50873E+04    2.08524E-02   -1.90388E-03    1.44391E-01    2.54112E+01    2.56569E+01    4.95454E+01
    1.15767E+04    1.08996E+06    3.21493E+04    1.50873E+04    2.12742E-02   -1.90234E-03    1.45844E-01    2.56569E+01    2.59052E+01    5.00341E+01
    1.17080E+04    1.12351E+06    3.35467E+04    1.50873E+04    2.17048E-02   -1.90140E-03    1.47313E-01    2.59052E+01    2.61562E+01    5.05279E+01
    1.18407E+04    1.15852E+06    3.50053E+04    1.50873E+04    2.21443E-02   -1.90105E-03    1.48798E-01    2.61562E+01    2.64100E+01    5.10270E+01
    1.19750E+04    1.19504E+06    3.65281E+04    1.50873E+04    2.25933E-02   -1.90128E-03    1.50299E-01    2.64100E+01    2.66667E+01    5.15317E+01
    1.21108E+04    1.23316E+06    3.81182E+04    1.50873E+04    2.30520E-02   -1.90210E-03    1.51817E-01    2.66667E+01    2.69264E+01    5.20422E+01
    1.22481E+04    1.27294E+06    3.97788E+04    1.50873E+04    2.35207E-02   -1.90351E-03    1.53353E-01    2.69264E+01    2.71893E+01    5.25586E+01
    1.23869E+04    1.31445E+06    4.15132E+04    1.50873E+04    2.39999E-02   -1.90550E-03    1.54907E-01    2.71893E+01    2.74554E+01    5.30813E+01
    1.25274E+04    1.35778E+06    4.33252E+04    1.50873E+04    2.44900E-02   -1.90808E-03    1.56481E-01    2.74554E+01    2.77248E+01    5.36104E+01
    1.26694E+04    1.40300E+06    4.52186E+04    1.50873E+04    2.49913E-02   -1.91126E-03    1.58075E-01    2.77248E+01    2.79978E+01    5.41462E+01
    1.28130E+04    1.45020E+06    4.71973E+04    1.50873E+04    2.55043E-02   -1.91503E-03    1.59689E-01    2.79978E+01    2.82744E+01    5.46890E+01
    1.29582E+04    1.49946E+06    4.92657E+04    1.50873E+04    2.60295E-02   -1.91939E-03    1.61325E-01    2.82744E+01    2.85547E+01    5.52390E+01
    1.31051E+04    1.55089E+06    5.14281E+04    1.50873E+04    2.65672E-02   -1.92436E-03    1.62983E-01    2.85547E+01    2.88390E+01    5.57965E+01
    1.32537E+04    1.60458E+06    5.36894E+04    1.50873E+04    2.71181E-02   -1.92994E-03    1.64664E-01    2.88390E+01    2.91273E+01    5.63618E+01
    1.34039E+04    1.66063E+06    5.60545E+04    1.50873E+04    2.76826E-02   -1.93614E-03    1.66370E-01    2.91273E+01    2.94197E+01    5.69351E+01
    1.35558E+04    1.71916E+06    5.85288E+04    1.50873E+04    2.82612E-02   -1.94296E-03    1.68099E-01    2.94197E+01    2.97166E+01    5.75167E+01
    1.37095E+04    1.78028E+06    6.11179E+04    1.50873E+04    2.88546E-02   -1.95041E-03    1.69855E-01    2.97166E+01    3.00179E+01    5.81070E+01
    1.38648E+04    1.84411E+06    6.38276E+04    1.50873E+04    2.94632E-02   -1.95851E-03    1.71637E-01    3.00179E+01    3.03239E+01    5.87063E+01
    1.40220E+04    1.91077E+06    6.66643E+04    1.50873E+04    3.00879E-02   -1.96726E-03    1.73447E-01    3.03239E+01    3.06348E+01    5.93148E+01
    1.41809E+04    1.98041E+06    6.96347E+04    1.50873E+04    3.07291E-02   -1.97668E-03    1.75286E-01    3.06348E+01    3.09507E+01    5.99330E+01
    1.43416E+04    2.05315E+06    7.27457E+04    1.50873E+04    3.13875E-02   -1.98678E-03    1.77154E-01    3.09507E+01    3.12717E+01    6.05611E+01
    1.45041E+04    2.12916E+06    7.60049E+04    1.50873E+04    3.20640E-02   -1.99758E-03    1.79053E-01    3.12717E+01    3.15982E+01    6.11996E+01
    1.46684E+04    2.20858E+06    7.94203E+04    1.50873E+04    3.27593E-02   -2.00909E-03    1.80984E-01    3.15982E+01    3.19303E+01    6.18488E+01
    1.48347E+04    2.29158E+06    8.30002E+04    1.50873E+04    3.34741E-02   -2.02133E-03    1.82948E-01    3.19303E+01    3.22681E+01    6.25091E+01
    1.50027E+04    2.37833E+06    8.67536E+04    1.50873E+04    3.42093E-02   -2.03431E-03    1.84946E-01    3.22681E+01    3.26120E+01    6.31810E+01
    1.51727E+04    2.46902E+06    9.06901E+04    1.50873E+04    3.49657E-02   -2.04807E-03    1.86980E-01    3.26120E+01    3.29621E+01    6.38648E+01
    1.53446E+04    2.56384E+06    9.48197E+04    1.50873E+04    3.57445E-02   -2.06262E-03    1.89051E-01    3.29621E+01    3.33187E+01    6.45610E+01
    1.55185E+04    2.66299E+06    9.91533E+04    1.50873E+04    3.65464E-02   -2.07799E-03    1.91160E-01    3.33187E+01    3.36820E+01    6.52701E+01
    1.56943E+04    2.76670E+06    1.03702E+05    1.50873E+04    3.73725E-02   -2.09420E-03    1.93308E-01    3.36820E+01    3.40522E+01    6.59925E+01
    1.58721E+04    2.87518E+06    1.08479E+05    1.50873E+04    3.82241E-02   -2.11127E-03    1.95498E-01    3.40522E+01    3.44297E+01    6.67288E+01
    1.60519E+04    2.98867E+06    1.13496E+05    1.50873E+04    3.91021E-02   -2.12925E-03    1.97731E-01    3.44297E+01    3.48147E+01    6.74795E+01
    1.62338E+04    3.10744E+06    1.18768E+05    1.50873E+04    4.00079E-02   -2.14815E-03    2.00008E-01    3.48147E+01    3.52076E+01    6.82451E+01
    1.64177E+04    3.23175E+06    1.24309E+05    1.50873E+04    4.09427E-02   -2.16802E-03    2.02332E-01    3.52076E+01    3.56085E+01    6.90263E+01
    1.66036E+04    3.36188E+06    1.30135E+05    1.50873E+04    4.19080E-02   -2.18888E-03    2.04703E-01    3.56085E+01    3.60179E+01    6.98235E+01
    1.67917E+04    3.49815E+06    1.36263E+05    1.50873E+04    4.29052E-02   -2.21078E-03    2.07124E-01    3.60179E+01    3.64360E+01    7.06376E+01
    1.69819E+04    3.64086E+06    1.42712E+05    1.50873E+04    4.39359E-02   -2.23375E-03    2.09597E-01    3.64360E+01    3.68633E+01    7.14691E+01
    1.71743E+04    3.79036E+06    1.49500E+05    1.50873E+04    4.50016E-02   -2.25784E-03    2.12124E-01    3.68633E+01    3.73000E+01    7.23187E+01
    1.73688E+04    3.94701E+06    1.56648E+05    1.50873E+04    4.61043E-02   -2.28310E-03    2.14707E-01    3.73000E+01    3.77466E+01    7.31872E+01
    1.75655E+04    4.11118E+06    1.64179E+05    1.50873E+04    4.72456E-02   -2.30957E-03    2.17348E-01    3.77466E+01    3.82035E+01    7.40753E+01
    1.77645E+04    4.28330E+06    1.72115E+05    1.50873E+04    4.84277E-02   -2.33730E-03    2.20051E-01    3.82035E+01    3.86711E+01    7.49839E+01
    1.79657E+04    4.46378E+06    1.80484E+05    1.50873E+04    4.96526E-02   -2.36635E-03    2.22816E-01    3.86711E+01    3.91499E+01    7.59137E+01
    1.81692E+04    4.65310E+06    1.89312E+05    1.50873E+04    5.09226E-02   -2.39677E-03    2.25648E-01    3.91499E+01    3.96403E+01    7.68658E+01
    1.83749E+04    4.85172E+06    1.98629E+05    1.50873E+04    5.22401E-02   -2.42863E-03    2.28548E-01    3.96403E+01    4.01429E+01    7.78410E+01
    1.85830E+04    5.06019E+06    2.08466E+05    1.50873E+04    5.36076E-02   -2.46200E-03    2.31520E-01    4.01429E+01    4.06581E+01    7.88403E+01
    1.87935E+04    5.27905E+06    2.18858E+05    1.50873E+04    5.50279E-02   -2.49693E-03    2.34567E-01    4.06581E+01    4.11865E+01    7.98648E+01
    1.90063E+04    5.50889E+06    2.29842E+05    1.50873E+04    5.65040E-02   -2.53351E-03    2.37692E-01    4.11865E+01    4.17287E+01    8.09155E+01
    1.92215E+04    5.75035E+06    2.41457E+05    1.50873E+04    5.80388E-02   -2.57182E-03    2.40899E-01    4.17287E+01    4.22854E+01    8.19937E+01
    1.94392E+04    6.00409E+06    2.53746E+05    1.50873E+04    5.96359E-02   -2.61194E-03    2.44191E-01    4.22854E+01    4.28571E+01    8.31006E+01
    1.96593E+04    6.27085E+06    2.66756E+05    1.50873E+04    6.12988E-02   -2.65397E-03    2.47572E-01    4.28571E+01    4.34445E+01    8.42375E+01
    1.98819E+04    6.55139E+06    2.80536E+05    1.50873E+04    6.30314E-02   -2.69799E-03    2.51046E-01    4.34445E+01    4.40485E+01    8.54056E+01
    2.01070E+04    6.84653E+06    2.95141E+05    1.50873E+04    6.48377E-02   -2.74411E-03    2.54618E-01    4.40485E+01    4.46698E+01    8.66066E+01
    2.03347E+04    7.15716E+06    3.10629E+05    1.50873E+04    6.67224E-02   -2.79246E-03    2.58292E-01    4.46698E+01    4.53091E+01    8.78419E+01
    2.05649E+04    7.48422E+06    3.27065E+05    1.50873E+04    6.86900E-02   -2.84313E-03    2.62072E-01    4.53091E+01    4.59674E+01    8.91132E+01
    2.07978E+04    7.82874E+06    3.44518E+05    1.50873E+04    7.07459E-02   -2.89628E-03    2.65965E-01    4.59674E+01    4.66455E+01    9.04221E+01
    2.10332E+04    8.19180E+06    3.63062E+05    1.50873E+04    7.28956E-02   -2.95203E-03    2.69976E-01    4.66455E+01    4.73445E+01    9.17706E+01
    2.12714E+04    8.57458E+06    3.82780E+05    1.50873E+04    7.51451E-02   -3.01054E-03    2.74109E-01    4.73445E+01    4.80655E+01    9.31606E+01
    2.15122E+04    8.97834E+06    4.03761E+05    1.50873E+04    7.75008E-02   -3.07197E-03    2.78373E-01    4.80655E+01    4.88094E+01    9.45941E+01
    2.17557E+04    9.40445E+06    4.26103E+05    1.50873E+04    7.99699E-02   -3.13652E-03    2.82772E-01    4.88094E+01    4.95776E+01    9.60734E+01
    2.20020E+04    9.85436E+06    4.49911E+05    1.50873E+04    8.25600E-02   -3.20437E-03    2.87315E-01    4.95776E+01    5.03713E+01    9.76008E+01
    2.22511E+04    1.03297E+07    4.75302E+05    1.50873E+04    8.52794E-02   -3.27574E-03    2.92008E-01    5.03713E+01    5.11918E+01    9.91789E+01
    2.25030E+04    1.08321E+07    5.02404E+05    1.50873E+04    8.81370E-02   -3.35088E-03    2.96860E-01    5.11918E+01    5.20406E+01    1.00810E+02
    2.27578E+04    1.13634E+07    5.31356E+05    1.50873E+04    9.11427E-02   -3.43003E-03    3.01879E-01    5.20406E+01    5.29193E+01    1.02498E+02
    2.30154E+04    1.19257E+07    5.62312E+05    1.50873E+04    9.43073E-02   -3.51351E-03    3.07075E-01    5.29193E+01    5.38295E+01    1.04245E+02
    2.32759E+04    1.25212E+07    5.95441E+05    1.50873E+04    9.76424E-02   -3.60161E-03    3.12457E-01    5.38295E+01    5.47731E+01    1.06055E+02
    2.35394E+04    1.31521E+07    6.30931E+05    1.50873E+04    1.01161E-01   -3.69471E-03    3.18037E-01    5.47731E+01    5.57521E+01    1.07931E+02
    2.38058E+04    1.38211E+07    6.68986E+05    1.50873E+04    1.04877E-01   -3.79320E-03    3.23825E-01    5.57521E+01    5.67684E+01    1.09878E+02
    2.40753E+04    1.45309E+07    7.09836E+05    1.50873E+04    1.08806E-01   -3.89751E-03    3.29834E-01    5.67684E+01    5.78246E+01    1.11899E+02
    2.43478E+04    1.52847E+07    7.53734E+05    1.50873E+04    1.12965E-01   -4.00815E-03    3.36079E-01    5.78246E+01    5.89230E+01    1.13999E+02
    2.46234E+04    1.60856E+07    8.00962E+05    1.50873E+04    1.17373E-01   -4.12566E-03    3.42573E-01    5.89230E+01    6.00664E+01    1.16182E+02
    2.49021E+04    1.69375E+07    8.51832E+05    1.50873E+04    1.22052E-01   -4.25067E-03    3.49333E-01    6.00664E+01    6.12577E+01    1.18456E+02
    2.51840E+04    1.78441E+07    9.06696E+05    1.50873E+04    1.27023E-01   -4.38386E-03    3.56377E-01    6.12577E+01    6.25002E+01    1.20824E+02
    2.54690E+04    1.88101E+07    9.65947E+05    1.50873E+04    1.32315E-01   -4.52601E-03    3.63723E-01    6.25002E+01    6.37975E+01    1.23295E+02
    2.57573E+04    1.98401E+07    1.03002E+06    1.50873E+04    1.37954E-01   -4.67801E-03    3.71392E-01    6.37975E+01    6.51536E+01    1.25874E+02
    2.60488E+04    2.09395E+07    1.09943E+06    1.50873E+04    1.43974E-01   -4.84084E-03    3.79409E-01    6.51536E+01    6.65727E+01    1.28570E+02
    2.63436E+04    2.21143E+07    1.17471E+06    1.50873E+04    1.50412E-01   -5.01562E-03    3.87798E-01    6.65727E+01    6.80597E+01    1.31391E+02
    2.66417E+04    2.33708E+07    1.25652E+06    1.50873E+04    1.57309E-01   -5.20361E-03    3.96587E-01    6.80597E+01    6.96198E+01    1.34347E+02
    2.69432E+04    2.47163E+07    1.34556E+06    1.50873E+04    1.64710E-01   -5.40623E-03    4.05809E-01    6.96198E+01    7.12590E+01    1.37449E+02
    2.72481E+04    2.61590E+07    1.44268E+06    1.50873E+04    1.72670E-01   -5.62511E-03    4.15498E-01    7.12590E+01    7.29838E+01    1.40707E+02
    2.75565E+04    2.77078E+07    1.54879E+06    1.50873E+04    1.81249E-01   -5.86210E-03    4.25693E-01    7.29838E+01    7.48016E+01    1.44136E+02
    2.78684E+04    2.93728E+07    1.66499E+06    1.50873E+04    1.90514E-01   -6.11929E-03    4.36437E-01    7.48016E+01    7.67206E+01    1.47750E+02
    2.81837E+04    3.11653E+07    1.79253E+06    1.50873E+04    2.00546E-01   -6.39907E-03    4.47778E-01    7.67206E+01    7.87500E+01    1.51564E+02
    2.85027E+04    3.30982E+07    1.93283E+06    1.50873E+04    2.11434E-01   -6.70421E-03    4.59771E-01    7.87500E+01    8.09002E+01    1.55598E+02
    2.88252E+04    3.51858E+07    2.08759E+06    1.50873E+04    2.23284E-01   -7.03785E-03    4.72477E-01    8.09002E+01    8.31829E+01    1.59872E+02
    2.91514E+04    3.74445E+07    2.25874E+06    1.50873E+04    2.36218E-01   -7.40365E-03    4.85966E-01    8.31829E+01    8.56115E+01    1.64410E+02
    2.94812E+04    3.98931E+07    2.44857E+06    1.50873E+04    2.50376E-01   -7.80581E-03    5.00315E-01    8.56115E+01    8.82008E+01    1.69237E+02
    2.98148E+04    4.25528E+07    2.65978E+06    1.50873E+04    2.65926E-01   -8.24923E-03    5.15614E-01    8.82008E+01    9.09682E+01    1.74383E+02
    3.01522E+04    4.54484E+07    2.89556E+06    1.50873E+04    2.83061E-01   -8.73966E-03    5.31963E-01    9.09682E+01    9.39332E+01    1.79883E+02
    3.04934E+04    4.86081E+07    3.15969E+06    1.50873E+04    3.02012E-01   -9.28383E-03    5.49478E-01    9.39332E+01    9.71184E+01    1.85776E+02
    3.08384E+04    5.20648E+07    3.45670E+06    1.50873E+04    3.23054E-01   -9.88969E-03    5.68293E-01    9.71184E+01    1.00550E+02    1.92106E+02
    3.11873E+04    5.58568E+07    3.79204E+06    1.50873E+04    3.46514E-01   -1.05667E-02    5.88560E-01    1.00550E+02    1.04258E+02    1.98925E+02
    3.15402E+04    6.00292E+07    4.17232E+06    1.50873E+04    3.72786E-01   -1.13263E-02    6.10457E-01    1.04258E+02    1.08277E+02    2.06292E+02
    3.18971E+04    6.46347E+07    4.60558E+06    1.50873E+04    4.02346E-01   -1.21822E-02    6.34190E-01    1.08277E+02    1.12649E+02    2.14279E+02
    3.22580E+04    6.97364E+07    5.10169E+06    1.50873E+04    4.35776E-01   -1.31512E-02    6.60002E-01    1.12649E+02    1.17422E+02    2.22965E+02
    3.26230E+04    7.54093E+07    5.67290E+06    1.50873E+04    4.73792E-01   -1.42539E-02    6.88178E-01    1.17422E+02    1.22653E+02    2.32447E+02
    3.29921E+04    8.17438E+07    6.33449E+06    1.50873E+04    5.17283E-01   -1.55162E-02    7.19057E-01    1.22653E+02    1.28412E+02    2.42840E+02
    3.33653E+04    8.88496E+07    7.10574E+06    1.50873E+04    5.67362E-01   -1.69706E-02    7.53043E-01    1.28412E+02    1.34782E+02    2.54280E+02
    3.37428E+04    9.68608E+07    8.01124E+06    1.50873E+04    6.25439E-01   -1.86587E-02    7.90627E-01    1.34782E+02    1.41865E+02    2.66932E+02
    3.41246E+04    1.05944E+08    9.08275E+06    1.50873E+04    6.93324E-01   -2.06349E-02    8.32405E-01    1.41865E+02    1.49787E+02    2.80998E+02
    3.45106E+04    1.16305E+08    1.03618E+07    1.50873E+04    7.73372E-01   -2.29707E-02    8.79116E-01    1.49787E+02    1.58705E+02    2.96727E+02
    3.49010E+04    1.28209E+08    1.19036E+07    1.50873E+04    8.68694E-01   -2.57630E-02    9.31681E-01    1.58705E+02    1.68820E+02    3.14431E+02
    3.52959E+04    1.41992E+08    1.37829E+07    1.50873E+04    9.83476E-01   -2.91452E-02    9.91275E-01    1.68820E+02    1.80392E+02    3.34507E+02
    3.56952E+04    1.58095E+08    1.61029E+07    1.50873E+04    1.12347E+00   -3.33066E-02    1.05941E+00    1.80392E+02    1.93766E+02    3.57468E+02
    3.60990E+04    1.77104E+08    1.90094E+07    1.50873E+04    1.29676E+00   -3.85236E-02    1.13810E+00    1.93766E+02    2.09410E+02    3.83995E+02
    3.65074E+04    1.99819E+08    2.27147E+07    1.50873E+04    1.51507E+00   -4.52152E-02    1.23005E+00    2.09410E+02    2.27979E+02    4.15007E+02
    3.69204E+04    2.27357E+08    2.75383E+07    1.50873E+04    1.79596E+00   -5.40445E-02    1.33904E+00    2.27979E+02    2.50424E+02    4.51793E+02
    3.73380E+04    2.61338E+08    3.39811E+07    1.50873E+04    2.16686E+00   -6.61210E-02    1.47054E+00    2.50424E+02    2.78195E+02    4.96218E+02
    3.77604E+04    3.04209E+08    4.28704E+07    1.50873E+04    2.67292E+00   -8.34332E-02    1.63278E+00    2.78195E+02    3.13633E+02    5.51106E+02
    3.81876E+04    3.59875E+08    5.56658E+07    1.50873E+04    3.39354E+00   -1.09890E-01    1.83888E+00    3.13633E+02    3.60837E+02    6.20992E+02
    3.86195E+04    4.35053E+08    7.51787E+07    1.50873E+04    4.48120E+00   -1.54213E-01    2.11126E+00    3.60837E+02    4.27827E+02    7.13723E+02
    3.90564E+04    5.42581E+08    1.07528E+08    1.50873E+04    6.26692E+00   -2.39845E-01    2.49186E+00    4.27827E+02    5.33194E+02    8.44330E+02
    3.94982E+04    7.11335E+08    1.68755E+08    1.50873E+04    9.61666E+00   -4.50557E-01    3.06817E+00    5.33194E+02    7.33367E+02    1.04602E+03
    3.99450E+04    1.03143E+09    3.20093E+08    1.50873E+04    1.78353E+01   -1.24106E+00    4.03671E+00    7.33367E+02    1.29097E+03    1.40808E+03
    4.03968E+04    2.42830E+09    1.39687E+09    1.50873E+04    7.61017E+01   -6.66175E+00    5.63230E+00    1.29097E+03    4.31790E+03    2.23238E+03
