 # rho, F_z,dF_z, z(rho), E2 (=>sigma2=e0^2*E2), Er, Ez, Ui,j , Ui+1,j , Ui,j-1
    2.50000E-01    7.85875E-05    7.85875E-05    0.00000E+00    6.28700E-04    6.40183E-03   -2.42429E-02    9.84678E-01    9.81477E-01    9.72556E-01
    7.40216E-01    2.26313E-04    1.47725E-04    5.00000E-01    4.15399E-04    2.37023E-03   -2.02431E-02    9.91598E-01    9.90460E-01    9.81477E-01
    1.22396E+00    4.59617E-04    2.33304E-04    5.00000E-01    3.91355E-04    7.64230E-04   -1.97679E-02    9.90460E-01    9.90087E-01    9.80576E-01
    1.71438E+00    7.96516E-04    3.36899E-04    5.00000E-01    3.97975E-04    4.27746E-04   -1.99447E-02    9.90087E-01    9.89876E-01    9.80115E-01
    2.21157E+00    1.24859E-03    4.52076E-04    5.00000E-01    4.08340E-04    3.75504E-04   -2.02039E-02    9.89876E-01    9.89688E-01    9.79774E-01
    2.71562E+00    1.82826E-03    5.79667E-04    5.00000E-01    4.20600E-04    4.27289E-04   -2.05041E-02    9.89688E-01    9.89471E-01    9.79436E-01
    3.22663E+00    2.55159E-03    7.23331E-04    5.00000E-01    4.35708E-04    5.56445E-04   -2.08662E-02    9.89471E-01    9.89185E-01    9.79038E-01
    3.74469E+00    3.44075E-03    8.89159E-04    5.00000E-01    4.55217E-04    8.02147E-04   -2.13207E-02    9.89185E-01    9.88767E-01    9.78525E-01
    4.26990E+00    4.52709E-03    1.08634E-03    5.00000E-01    4.81120E-04    1.30787E-03   -2.18954E-02    9.88767E-01    9.88075E-01    9.77819E-01
    4.80235E+00    5.85464E-03    1.32755E-03    5.00000E-01    5.15640E-04    2.54059E-03   -2.25651E-02    9.88075E-01    9.86713E-01    9.76792E-01
    5.34216E+00    7.49832E-03    1.64368E-03    5.00000E-01    5.66107E-04    6.20070E-03   -2.29708E-02    9.86713E-01    9.83343E-01    9.75228E-01
    5.88941E+00    8.85638E-03    1.35807E-03    9.80431E-01    4.18499E-04    4.42139E-03   -1.99738E-02    9.93330E-01    9.90894E-01    9.83343E-01
    6.44421E+00    1.03447E-02    1.48832E-03    9.80431E-01    4.13448E-04    2.70200E-03   -2.01531E-02    9.90894E-01    9.89384E-01    9.80817E-01
    7.00668E+00    1.22032E-02    1.85848E-03    9.80431E-01    4.68368E-04    3.28392E-03   -2.13912E-02    9.89384E-01    9.87524E-01    9.78689E-01
    7.57690E+00    1.46103E-02    2.40711E-03    9.80431E-01    5.53342E-04    7.10492E-03   -2.24246E-02    9.87524E-01    9.83445E-01    9.76312E-01
    8.15499E+00    1.65862E-02    1.97592E-03    1.46749E+00    4.16277E-04    4.93216E-03   -1.97978E-02    9.92957E-01    9.90086E-01    9.83445E-01
    8.74106E+00    1.88772E-02    2.29099E-03    1.46749E+00    4.44164E-04    4.24796E-03   -2.06427E-02    9.90086E-01    9.87579E-01    9.80169E-01
    9.33522E+00    2.19840E-02    3.10678E-03    1.46749E+00    5.56311E-04    8.18942E-03   -2.21189E-02    9.87579E-01    9.82680E-01    9.76953E-01
    9.93758E+00    2.46197E-02    2.63577E-03    1.96127E+00    4.37327E-04    6.31257E-03   -1.99369E-02    9.92391E-01    9.88562E-01    9.82680E-01
    1.05482E+01    2.79585E-02    3.33880E-03    1.96127E+00    5.14799E-04    8.77510E-03   -2.09236E-02    9.88562E-01    9.83167E-01    9.78371E-01
    1.11673E+01    3.07442E-02    2.78567E-03    2.46187E+00    4.00181E-04    6.34144E-03   -1.89728E-02    9.92535E-01    9.88582E-01    9.83167E-01
    1.17950E+01    3.44657E-02    3.72143E-03    2.46187E+00    4.99270E-04    9.04582E-03   -2.04314E-02    9.88582E-01    9.82866E-01    9.78494E-01
    1.24313E+01    3.76665E-02    3.20089E-03    2.96938E+00    4.01907E-04    6.71203E-03   -1.88906E-02    9.92322E-01    9.88022E-01    9.82866E-01
    1.30764E+01    4.21639E-02    4.49739E-03    2.96938E+00    5.29532E-04    1.03108E-02   -2.05723E-02    9.88022E-01    9.81325E-01    9.77724E-01
    1.37304E+01    4.65442E-02    4.38025E-03    3.48388E+00    4.84489E-04    1.08315E-02   -1.91616E-02    9.91050E-01    9.83918E-01    9.81325E-01
    1.43934E+01    4.97710E-02    3.22678E-03    4.00549E+00    3.35831E-04    6.92027E-03   -1.69688E-02    9.92648E-01    9.88029E-01    9.83918E-01
    1.50655E+01    5.49267E-02    5.15574E-03    4.00549E+00    5.05672E-04    1.10056E-02   -1.96099E-02    9.88029E-01    9.80581E-01    9.77939E-01
    1.57470E+01    6.04460E-02    5.51927E-03    4.53430E+00    5.10851E-04    1.23595E-02   -1.89234E-02    9.90451E-01    9.81971E-01    9.80581E-01
    1.64378E+01    6.54361E-02    4.99009E-03    5.07040E+00    4.36438E-04    1.19259E-02   -1.71526E-02    9.91042E-01    9.82746E-01    9.81971E-01
    1.71382E+01    7.01001E-02    4.66402E-03    5.61391E+00    3.85923E-04    1.10094E-02   -1.62701E-02    9.91469E-01    9.83705E-01    9.82746E-01
    1.78482E+01    7.40932E-02    3.99315E-03    6.16491E+00    3.12949E-04    7.72155E-03   -1.59162E-02    9.92356E-01    9.86836E-01    9.83705E-01
    1.85680E+01    8.15680E-02    7.47473E-03    6.16491E+00    5.55431E-04    1.40235E-02   -1.89413E-02    9.86836E-01    9.76672E-01    9.76541E-01
    1.92978E+01    8.58102E-02    4.24224E-03    7.28983E+00    2.99182E-04    1.23826E-02   -1.20769E-02    9.92256E-01    9.83157E-01    9.85510E-01
    2.00377E+01    9.11454E-02    5.33518E-03    7.86396E+00    3.57436E-04    1.21967E-02   -1.44456E-02    9.91338E-01    9.82253E-01    9.83157E-01
    2.07877E+01    9.71687E-02    6.02331E-03    8.44602E+00    3.83683E-04    1.25201E-02   -1.50642E-02    9.90901E-01    9.81446E-01    9.82253E-01
    2.15481E+01    1.04007E-01    6.83833E-03    9.03610E+00    4.14507E-04    1.32887E-02   -1.54246E-02    9.90424E-01    9.80250E-01    9.81446E-01
    2.23190E+01    1.12461E-01    8.45400E-03    9.63433E+00    4.88007E-04    1.55041E-02   -1.57363E-02    9.89536E-01    9.77502E-01    9.80250E-01
    2.31005E+01    1.17753E-01    5.29147E-03    1.08557E+01    2.91099E-04    1.33088E-02   -1.06759E-02    9.91904E-01    9.81432E-01    9.85430E-01
    2.38929E+01    1.26017E-01    8.26482E-03    1.14790E+01    4.33611E-04    1.56379E-02   -1.37501E-02    9.89886E-01    9.77411E-01    9.81432E-01
    2.46961E+01    1.32687E-01    6.67012E-03    1.27516E+01    3.33955E-04    1.52824E-02   -1.00201E-02    9.91245E-01    9.78885E-01    9.84913E-01
    2.55104E+01    1.39022E-01    6.33477E-03    1.40596E+01    3.02860E-04    1.48430E-02   -9.08553E-03    9.91551E-01    9.79381E-01    9.85650E-01
    2.63360E+01    1.45378E-01    6.35598E-03    1.54039E+01    2.90342E-04    1.47228E-02   -8.57796E-03    9.91592E-01    9.79354E-01    9.85866E-01
    2.71730E+01    1.52322E-01    6.94414E-03    1.67856E+01    3.03254E-04    1.53498E-02   -8.22422E-03    9.91319E-01    9.78384E-01    9.85676E-01
    2.80215E+01    1.58008E-01    5.68560E-03    1.89304E+01    2.37497E-04    1.41404E-02   -6.12747E-03    9.92333E-01    9.80253E-01    9.87953E-01
    2.88817E+01    1.63123E-01    5.11466E-03    2.11653E+01    2.04463E-04    1.32406E-02   -5.39911E-03    9.92704E-01    9.81236E-01    9.88682E-01
    2.97538E+01    1.67835E-01    4.71205E-03    2.34940E+01    1.80358E-04    1.25069E-02   -4.89245E-03    9.92948E-01    9.81966E-01    9.89151E-01
    3.06380E+01    1.72182E-01    4.34766E-03    2.59204E+01    1.59409E-04    1.18060E-02   -4.47508E-03    9.93166E-01    9.82657E-01    9.89547E-01
    3.15343E+01    1.75984E-01    3.80121E-03    2.84487E+01    1.33568E-04    1.07950E-02   -4.12738E-03    9.93512E-01    9.83769E-01    9.90033E-01
    3.24430E+01    1.80642E-01    4.65809E-03    3.01929E+01    1.56927E-04    1.15482E-02   -4.85442E-03    9.92686E-01    9.82120E-01    9.88482E-01
    3.33642E+01    1.84763E-01    4.12148E-03    3.29005E+01    1.33178E-04    1.08901E-02   -3.81872E-03    9.93223E-01    9.83122E-01    9.89777E-01
    3.42982E+01    1.88553E-01    3.79020E-03    3.57217E+01    1.17516E-04    1.02745E-02   -3.45715E-03    9.93454E-01    9.83792E-01    9.90203E-01
    3.52451E+01    1.91869E-01    3.31599E-03    3.86614E+01    9.86893E-05    9.40904E-03   -3.18736E-03    9.93789E-01    9.84819E-01    9.90666E-01
    3.62050E+01    1.95826E-01    3.95676E-03    4.06894E+01    1.13077E-04    9.94258E-03   -3.77119E-03    9.93085E-01    9.83475E-01    9.89287E-01
    3.71781E+01    1.99092E-01    3.26608E-03    4.38376E+01    8.96580E-05    9.00043E-03   -2.94114E-03    9.93769E-01    9.84951E-01    9.90683E-01
    3.81647E+01    2.02910E-01    3.81766E-03    4.60094E+01    1.00701E-04    9.42812E-03   -3.43678E-03    9.93143E-01    9.83778E-01    9.89436E-01
    3.91649E+01    2.06001E-01    3.09167E-03    4.93809E+01    7.83864E-05    8.44900E-03   -2.64589E-03    9.93879E-01    9.85370E-01    9.90905E-01
    4.01789E+01    2.09435E-01    3.43369E-03    5.17068E+01    8.37058E-05    8.60572E-03   -3.10604E-03    9.93411E-01    9.84625E-01    9.89824E-01
    4.12069E+01    2.13214E-01    3.77859E-03    5.40974E+01    8.85932E-05    8.88077E-03   -3.11850E-03    9.93093E-01    9.83901E-01    9.89392E-01
    4.22491E+01    2.16210E-01    2.99628E-03    5.78084E+01    6.75855E-05    7.88828E-03   -2.31529E-03    9.93914E-01    9.85636E-01    9.91050E-01
    4.33057E+01    2.19467E-01    3.25664E-03    6.03685E+01    7.06904E-05    7.95798E-03   -2.71312E-03    9.93522E-01    9.85057E-01    9.90073E-01
    4.43768E+01    2.22877E-01    3.40987E-03    6.29998E+01    7.12467E-05    7.98972E-03   -2.72234E-03    9.93355E-01    9.84738E-01    9.89798E-01
    4.54628E+01    2.26528E-01    3.65149E-03    6.57041E+01    7.34592E-05    8.14852E-03   -2.65723E-03    9.93139E-01    9.84230E-01    9.89571E-01
    4.65637E+01    2.29396E-01    2.86753E-03    6.99023E+01    5.55571E-05    7.19859E-03   -1.93323E-03    9.93985E-01    9.86006E-01    9.91280E-01
    4.76798E+01    2.32459E-01    3.06362E-03    7.27985E+01    5.71778E-05    7.21316E-03   -2.26895E-03    9.93658E-01    9.85552E-01    9.90395E-01
    4.88113E+01    2.35588E-01    3.12873E-03    7.57752E+01    5.62629E-05    7.15093E-03   -2.26430E-03    9.93570E-01    9.85423E-01    9.90223E-01
    4.99584E+01    2.38739E-01    3.15153E-03    7.88346E+01    5.46179E-05    7.05233E-03   -2.20964E-03    9.93537E-01    9.85392E-01    9.90181E-01
    5.11214E+01    2.41894E-01    3.15411E-03    8.19791E+01    5.26920E-05    6.93588E-03   -2.14141E-03    9.93528E-01    9.85407E-01    9.90184E-01
    5.23004E+01    2.45037E-01    3.14345E-03    8.52109E+01    5.06314E-05    6.80827E-03   -2.06853E-03    9.93533E-01    9.85451E-01    9.90214E-01
    5.34957E+01    2.48158E-01    3.12126E-03    8.85325E+01    4.84816E-05    6.67122E-03   -1.99409E-03    9.93550E-01    9.85522E-01    9.90261E-01
    5.47074E+01    2.51244E-01    3.08563E-03    9.19465E+01    4.62286E-05    6.52263E-03   -1.91934E-03    9.93581E-01    9.85623E-01    9.90327E-01
    5.59359E+01    2.54272E-01    3.02850E-03    9.54553E+01    4.37722E-05    6.35358E-03   -1.84504E-03    9.93632E-01    9.85774E-01    9.90418E-01
    5.71814E+01    2.57193E-01    2.92060E-03    9.90617E+01    4.07312E-05    6.13064E-03   -1.77382E-03    9.93734E-01    9.86046E-01    9.90557E-01
    5.84440E+01    2.59784E-01    2.59119E-03    1.02768E+02    3.48752E-05    5.64388E-03   -1.73832E-03    9.94050E-01    9.86875E-01    9.90851E-01
    5.97241E+01    2.63612E-01    3.82790E-03    1.04660E+02    4.97296E-05    6.36416E-03   -3.03762E-03    9.92543E-01    9.84341E-01    9.86875E-01
    6.10218E+01    2.66882E-01    3.26959E-03    1.08522E+02    4.10072E-05    6.15054E-03   -1.78271E-03    9.93364E-01    9.85327E-01    9.89945E-01
    6.23374E+01    2.69988E-01    3.10679E-03    1.12492E+02    3.76237E-05    5.91549E-03   -1.62193E-03    9.93546E-01    9.85710E-01    9.90349E-01
    6.36712E+01    2.72939E-01    2.95095E-03    1.16571E+02    3.45117E-05    5.67090E-03   -1.53380E-03    9.93702E-01    9.86086E-01    9.90595E-01
    6.50234E+01    2.75540E-01    2.60107E-03    1.20765E+02    2.93817E-05    5.21103E-03   -1.49227E-03    9.94045E-01    9.86950E-01    9.90938E-01
    6.63943E+01    2.79319E-01    3.77830E-03    1.22905E+02    4.12296E-05    5.83716E-03   -2.67528E-03    9.92598E-01    9.84541E-01    9.86950E-01
    6.77840E+01    2.82504E-01    3.18538E-03    1.27274E+02    3.35834E-05    5.59338E-03   -1.51573E-03    9.93448E-01    9.85621E-01    9.90159E-01
    6.91930E+01    2.85465E-01    2.96081E-03    1.31764E+02    3.01639E-05    5.31743E-03   -1.37434E-03    9.93692E-01    9.86148E-01    9.90627E-01
    7.06214E+01    2.88051E-01    2.58608E-03    1.36380E+02    2.54620E-05    4.86936E-03   -1.32339E-03    9.94067E-01    9.87064E-01    9.91034E-01
    7.20695E+01    2.91752E-01    3.70122E-03    1.38735E+02    3.52231E-05    5.42040E-03   -2.41710E-03    9.92680E-01    9.84777E-01    9.87064E-01
    7.35376E+01    2.94805E-01    3.05321E-03    1.43544E+02    2.80885E-05    5.12899E-03   -1.33489E-03    9.93582E-01    9.86000E-01    9.90394E-01
    7.50259E+01    2.97423E-01    2.61781E-03    1.48487E+02    2.32839E-05    4.66536E-03   -1.23221E-03    9.94036E-01    9.87045E-01    9.91012E-01
    7.65348E+01    3.01128E-01    3.70443E-03    1.51010E+02    3.18595E-05    5.16893E-03   -2.26751E-03    9.92687E-01    9.84835E-01    9.87045E-01
    7.80645E+01    3.04153E-01    3.02481E-03    1.56160E+02    2.51576E-05    4.86367E-03   -1.22568E-03    9.93617E-01    9.86126E-01    9.90482E-01
    7.96153E+01    3.06719E-01    2.56635E-03    1.61453E+02    2.06439E-05    4.40150E-03   -1.12725E-03    9.94100E-01    9.87227E-01    9.91137E-01
    8.11876E+01    3.10292E-01    3.57276E-03    1.64155E+02    2.77993E-05    4.83603E-03   -2.10051E-03    9.92825E-01    9.85170E-01    9.87227E-01
    8.27815E+01    3.12981E-01    2.68921E-03    1.69671E+02    2.02422E-05    4.35183E-03   -1.14185E-03    9.93955E-01    9.86971E-01    9.90828E-01
    8.43974E+01    3.16670E-01    3.68946E-03    1.72486E+02    2.68689E-05    4.75213E-03   -2.07030E-03    9.92719E-01    9.84988E-01    9.86971E-01
    8.60356E+01    3.19420E-01    2.74988E-03    1.78233E+02    1.93775E-05    4.26203E-03   -1.10119E-03    9.93897E-01    9.86867E-01    9.90755E-01
    8.76964E+01    3.23177E-01    3.75729E-03    1.81166E+02    2.56214E-05    4.64793E-03   -2.00453E-03    9.92667E-01    9.84895E-01    9.86867E-01
    8.93802E+01    3.25987E-01    2.80980E-03    1.87154E+02    1.85436E-05    4.17529E-03   -1.05380E-03    9.93844E-01    9.86766E-01    9.90711E-01
    9.10872E+01    3.29837E-01    3.85011E-03    1.90210E+02    2.45936E-05    4.56698E-03   -1.93295E-03    9.92593E-01    9.84744E-01    9.86766E-01
    9.28177E+01    3.32910E-01    3.07299E-03    1.96450E+02    1.90013E-05    4.24689E-03   -9.82488E-04    9.93601E-01    9.86201E-01    9.90557E-01
    9.45721E+01    3.35490E-01    2.57952E-03    2.02863E+02    1.54411E-05    3.82646E-03   -8.94019E-04    9.94120E-01    9.87361E-01    9.91273E-01
    9.63507E+01    3.39002E-01    3.51180E-03    2.06136E+02    2.03528E-05    4.16836E-03   -1.72554E-03    9.92932E-01    9.85467E-01    9.87361E-01
    9.81539E+01    3.41563E-01    2.56175E-03    2.12818E+02    1.43756E-05    3.68316E-03   -8.99949E-04    9.94125E-01    9.87439E-01    9.91139E-01
    9.99820E+01    3.44870E-01    3.30641E-03    2.16229E+02    1.79672E-05    3.88564E-03   -1.69381E-03    9.93137E-01    9.85985E-01    9.87439E-01
    1.01835E+02    3.48881E-01    4.01130E-03    2.19686E+02    2.11096E-05    4.18524E-03   -1.89560E-03    9.92450E-01    9.84640E-01    9.85985E-01
    1.03714E+02    3.51715E-01    2.83402E-03    2.26745E+02    1.44446E-05    3.69618E-03   -8.84790E-04    9.93845E-01    9.86853E-01    9.90743E-01
    1.05619E+02    3.55492E-01    3.77668E-03    2.30347E+02    1.86448E-05    3.99168E-03   -1.64657E-03    9.92704E-01    9.85048E-01    9.86853E-01
    1.07550E+02    3.58259E-01    2.76705E-03    2.37703E+02    1.32325E-05    3.54359E-03   -8.21886E-04    9.93930E-01    9.87040E-01    9.90928E-01
    1.09508E+02    3.61938E-01    3.67918E-03    2.41456E+02    1.70447E-05    3.82331E-03   -1.55788E-03    9.92808E-01    9.85272E-01    9.87040E-01
    1.11492E+02    3.64584E-01    2.64567E-03    2.49120E+02    1.18747E-05    3.35695E-03   -7.78165E-04    9.94064E-01    9.87356E-01    9.91103E-01
    1.13505E+02    3.67961E-01    3.37703E-03    2.53032E+02    1.46859E-05    3.53035E-03   -1.49080E-03    9.93108E-01    9.85955E-01    9.87356E-01
    1.15544E+02    3.72010E-01    4.04965E-03    2.56997E+02    1.70646E-05    3.78143E-03   -1.66292E-03    9.92460E-01    9.84693E-01    9.85955E-01
    1.17612E+02    3.74853E-01    2.84240E-03    2.65093E+02    1.16066E-05    3.32264E-03   -7.52784E-04    9.93868E-01    9.86949E-01    9.90841E-01
    1.19709E+02    3.78589E-01    3.73639E-03    2.69224E+02    1.47859E-05    3.56894E-03   -1.43129E-03    9.92783E-01    9.85249E-01    9.86949E-01
    1.21835E+02    3.81257E-01    2.66823E-03    2.77660E+02    1.02335E-05    3.12187E-03   -6.98134E-04    9.94062E-01    9.87380E-01    9.91137E-01
    1.23989E+02    3.84636E-01    3.37823E-03    2.81965E+02    1.25581E-05    3.27441E-03   -1.35509E-03    9.93135E-01    9.86031E-01    9.87380E-01
    1.26174E+02    3.88645E-01    4.00976E-03    2.86330E+02    1.44482E-05    3.48878E-03   -1.50885E-03    9.92527E-01    9.84853E-01    9.86031E-01
    1.28389E+02    3.91391E-01    2.74577E-03    2.95241E+02    9.59069E-06    3.02285E-03   -6.73088E-04    9.93987E-01    9.87246E-01    9.91009E-01
    1.30634E+02    3.94843E-01    3.45131E-03    2.99788E+02    1.16866E-05    3.16159E-03   -1.30036E-03    9.93080E-01    9.85932E-01    9.87246E-01
    1.32910E+02    3.98915E-01    4.07200E-03    3.04399E+02    1.33677E-05    3.35993E-03   -1.44172E-03    9.92489E-01    9.84788E-01    9.85932E-01
    1.35218E+02    4.01696E-01    2.78133E-03    3.13812E+02    8.85265E-06    2.90677E-03   -6.35107E-04    9.93963E-01    9.87209E-01    9.90994E-01
    1.37558E+02    4.05181E-01    3.48548E-03    3.18616E+02    1.07568E-05    3.03815E-03   -1.23547E-03    9.93064E-01    9.85907E-01    9.87209E-01
    1.39929E+02    4.09281E-01    4.09999E-03    3.23487E+02    1.22695E-05    3.22431E-03   -1.36867E-03    9.92482E-01    9.84782E-01    9.85907E-01
    1.42334E+02    4.12082E-01    2.80108E-03    3.33430E+02    8.12861E-06    2.78790E-03   -5.96854E-04    9.93955E-01    9.87206E-01    9.91008E-01
    1.44772E+02    4.15584E-01    3.50156E-03    3.38505E+02    9.85429E-06    2.91282E-03   -1.17036E-03    9.93064E-01    9.85915E-01    9.87206E-01
    1.47243E+02    4.19692E-01    4.10830E-03    3.43650E+02    1.12130E-05    3.08760E-03   -1.29604E-03    9.92492E-01    9.84809E-01    9.85915E-01
    1.49749E+02    4.22500E-01    2.80810E-03    3.54153E+02    7.43348E-06    2.66838E-03   -5.59690E-04    9.93960E-01    9.87229E-01    9.91041E-01
    1.52289E+02    4.26002E-01    3.50137E-03    3.59514E+02    8.99002E-06    2.78671E-03   -1.10647E-03    9.93080E-01    9.85953E-01    9.87229E-01
    1.54864E+02    4.30098E-01    4.09646E-03    3.64949E+02    1.02023E-05    2.94993E-03   -1.22483E-03    9.92519E-01    9.84870E-01    9.85953E-01
    1.57474E+02    4.32896E-01    2.79792E-03    3.76045E+02    6.75943E-06    2.54657E-03   -5.23846E-04    9.93982E-01    9.87288E-01    9.91096E-01
    1.60121E+02    4.36372E-01    3.47631E-03    3.81708E+02    8.14710E-06    2.65666E-03   -1.04367E-03    9.93118E-01    9.86039E-01    9.87288E-01
    1.62804E+02    4.40421E-01    4.04825E-03    3.87449E+02    9.20413E-06    2.80553E-03   -1.15462E-03    9.92577E-01    9.84998E-01    9.86039E-01
    1.65524E+02    4.43158E-01    2.73730E-03    3.99170E+02    6.03794E-06    2.40789E-03   -4.89892E-04    9.94055E-01    9.87460E-01    9.91204E-01
    1.68282E+02    4.46510E-01    3.35197E-03    4.05152E+02    7.17361E-06    2.49198E-03   -9.81664E-04    9.93253E-01    9.86333E-01    9.87460E-01
    1.71078E+02    4.50265E-01    3.75465E-03    4.11217E+02    7.79649E-06    2.57028E-03   -1.09095E-03    9.92859E-01    9.85624E-01    9.86333E-01
    1.73912E+02    4.54480E-01    4.21555E-03    4.17365E+02    8.49366E-06    2.68856E-03   -1.12487E-03    9.92446E-01    9.84773E-01    9.85624E-01
    1.76786E+02    4.57277E-01    2.79679E-03    4.29917E+02    5.46803E-06    2.29249E-03   -4.60995E-04    9.94006E-01    9.87373E-01    9.91133E-01
    1.79699E+02    4.60683E-01    3.40569E-03    4.36324E+02    6.46140E-06    2.36762E-03   -9.25088E-04    9.93219E-01    9.86275E-01    9.87373E-01
    1.82653E+02    4.64478E-01    3.79575E-03    4.42818E+02    6.98854E-06    2.43674E-03   -1.02511E-03    9.92842E-01    9.85596E-01    9.86275E-01
    1.85647E+02    4.68719E-01    4.24028E-03    4.49403E+02    7.57653E-06    2.54249E-03   -1.05465E-03    9.92446E-01    9.84781E-01    9.85596E-01
    1.88682E+02    4.71515E-01    2.79631E-03    4.62846E+02    4.84914E-06    2.16013E-03   -4.27752E-04    9.94021E-01    9.87419E-01    9.91165E-01
    1.91760E+02    4.74894E-01    3.37943E-03    4.69706E+02    5.68780E-06    2.22306E-03   -8.63595E-04    9.93263E-01    9.86375E-01    9.87419E-01
    1.94879E+02    4.78609E-01    3.71478E-03    4.76662E+02    6.06839E-06    2.27018E-03   -9.56386E-04    9.92937E-01    9.85806E-01    9.86375E-01
    1.98042E+02    4.82610E-01    4.00042E-03    4.83713E+02    6.34309E-06    2.31663E-03   -9.88088E-04    9.92678E-01    9.85301E-01    9.85806E-01
    2.01249E+02    4.87015E-01    4.40585E-03    4.90862E+02    6.78107E-06    2.40582E-03   -9.96550E-04    9.92328E-01    9.84561E-01    9.85301E-01
    2.04499E+02    4.89911E-01    2.89581E-03    5.05457E+02    4.32640E-06    2.04196E-03   -3.95990E-04    9.93937E-01    9.87254E-01    9.91067E-01
    2.07795E+02    4.93415E-01    3.50350E-03    5.12906E+02    5.08117E-06    2.10560E-03   -8.04751E-04    9.93166E-01    9.86180E-01    9.87254E-01
    2.11136E+02    4.97297E-01    3.88264E-03    5.20457E+02    5.46649E-06    2.16220E-03   -8.89587E-04    9.92806E-01    9.85532E-01    9.86180E-01
    2.14523E+02    5.01610E-01    4.31253E-03    5.28113E+02    5.89453E-06    2.24960E-03   -9.13146E-04    9.92428E-01    9.84756E-01    9.85532E-01
    2.17957E+02    5.04454E-01    2.84441E-03    5.43743E+02    3.77451E-06    1.90863E-03   -3.62830E-04    9.94003E-01    9.87404E-01    9.91187E-01
    2.21439E+02    5.07875E-01    3.42042E-03    5.51721E+02    4.40670E-06    1.96276E-03   -7.44505E-04    9.93262E-01    9.86382E-01    9.87404E-01
    2.24968E+02    5.11617E-01    3.74232E-03    5.59808E+02    4.68118E-06    2.00076E-03   -8.23493E-04    9.92951E-01    9.85842E-01    9.86382E-01
    2.28546E+02    5.15627E-01    4.01001E-03    5.68007E+02    4.87029E-06    2.03688E-03   -8.49357E-04    9.92711E-01    9.85372E-01    9.85842E-01
    2.32174E+02    5.20015E-01    4.38823E-03    5.76319E+02    5.17496E-06    2.10796E-03   -8.55259E-04    9.92385E-01    9.84686E-01    9.85372E-01
    2.35851E+02    5.22880E-01    2.86476E-03    5.93288E+02    3.28041E-06    1.78021E-03   -3.33572E-04    9.93997E-01    9.87405E-01    9.91186E-01
    2.39579E+02    5.26304E-01    3.42386E-03    6.01949E+02    3.80708E-06    1.82606E-03   -6.87459E-04    9.93278E-01    9.86424E-01    9.87405E-01
    2.43359E+02    5.30020E-01    3.71593E-03    6.10730E+02    4.01230E-06    1.85374E-03   -7.58920E-04    9.92996E-01    9.85942E-01    9.86424E-01
    2.47191E+02    5.33947E-01    3.92681E-03    6.19631E+02    4.11745E-06    1.87249E-03   -7.81811E-04    9.92806E-01    9.85582E-01    9.85942E-01
    2.51076E+02    5.38092E-01    4.14576E-03    6.28656E+02    4.22151E-06    1.89661E-03   -7.90171E-04    9.92616E-01    9.85198E-01    9.85582E-01
    2.55014E+02    5.42591E-01    4.49826E-03    6.37805E+02    4.44833E-06    1.95596E-03   -7.89009E-04    9.92318E-01    9.84562E-01    9.85198E-01
    2.59007E+02    5.45515E-01    2.92383E-03    6.56483E+02    2.80805E-06    1.64806E-03   -3.03205E-04    9.93955E-01    9.87330E-01    9.91143E-01
    2.63055E+02    5.48998E-01    3.48354E-03    6.66016E+02    3.24928E-06    1.68930E-03   -6.28926E-04    9.93244E-01    9.86359E-01    9.87330E-01
    2.67158E+02    5.52769E-01    3.77092E-03    6.75681E+02    3.41616E-06    1.71328E-03   -6.93429E-04    9.92970E-01    9.85891E-01    9.86359E-01
    2.71319E+02    5.56745E-01    3.97611E-03    6.85479E+02    3.49854E-06    1.72901E-03   -7.13497E-04    9.92786E-01    9.85544E-01    9.85891E-01
    2.75536E+02    5.60934E-01    4.18908E-03    6.95412E+02    3.58010E-06    1.74960E-03   -7.20404E-04    9.92602E-01    9.85172E-01    9.85544E-01
    2.79812E+02    5.65469E-01    4.53477E-03    7.05482E+02    3.76436E-06    1.80215E-03   -7.18753E-04    9.92312E-01    9.84553E-01    9.85172E-01
    2.84147E+02    5.68419E-01    2.94980E-03    7.26041E+02    2.37848E-06    1.51780E-03   -2.73449E-04    9.93946E-01    9.87322E-01    9.91155E-01
    2.88542E+02    5.71925E-01    3.50668E-03    7.36534E+02    2.74653E-06    1.55541E-03   -5.72053E-04    9.93243E-01    9.86360E-01    9.87322E-01
    2.92998E+02    5.75714E-01    3.78852E-03    7.47172E+02    2.88238E-06    1.57639E-03   -6.30389E-04    9.92975E-01    9.85903E-01    9.86360E-01
    2.97514E+02    5.79701E-01    3.98693E-03    7.57957E+02    2.94662E-06    1.58950E-03   -6.48154E-04    9.92798E-01    9.85569E-01    9.85903E-01
    3.02094E+02    5.83892E-01    4.19143E-03    7.68890E+02    3.00928E-06    1.60675E-03   -6.53943E-04    9.92622E-01    9.85213E-01    9.85569E-01
    3.06736E+02    5.88417E-01    4.52467E-03    7.79974E+02    3.15582E-06    1.65249E-03   -6.51982E-04    9.92342E-01    9.84618E-01    9.85213E-01
    3.11443E+02    5.91355E-01    2.93780E-03    8.02604E+02    1.99059E-06    1.38933E-03   -2.45684E-04    9.93973E-01    9.87390E-01    9.91213E-01
    3.16214E+02    5.94832E-01    3.47709E-03    8.14153E+02    2.28886E-06    1.42152E-03   -5.17826E-04    9.93289E-01    9.86460E-01    9.87390E-01
    3.21051E+02    5.98566E-01    3.73454E-03    8.25862E+02    2.38833E-06    1.43646E-03   -5.70017E-04    9.93043E-01    9.86047E-01    9.86460E-01
    3.25955E+02    6.02461E-01    3.89420E-03    8.37732E+02    2.41958E-06    1.44118E-03   -5.85313E-04    9.92900E-01    9.85784E-01    9.86047E-01
    3.30927E+02    6.06484E-01    4.02328E-03    8.49766E+02    2.42871E-06    1.44240E-03   -5.90070E-04    9.92789E-01    9.85568E-01    9.85784E-01
    3.35967E+02    6.10638E-01    4.15372E-03    8.61967E+02    2.43622E-06    1.44471E-03   -5.90790E-04    9.92678E-01    9.85346E-01    9.85568E-01
    3.41077E+02    6.14959E-01    4.32161E-03    8.74335E+02    2.46272E-06    1.45442E-03   -5.89396E-04    9.92537E-01    9.85054E-01    9.85346E-01
    3.46258E+02    6.19592E-01    4.63279E-03    8.86875E+02    2.56516E-06    1.49126E-03   -5.84221E-04    9.92280E-01    9.84502E-01    9.85054E-01
    3.51510E+02    6.22589E-01    2.99711E-03    9.12475E+02    1.61244E-06    1.25111E-03   -2.17154E-04    9.93934E-01    9.87318E-01    9.91173E-01
    3.56834E+02    6.26126E-01    3.53641E-03    9.25541E+02    1.84868E-06    1.27920E-03   -4.60803E-04    9.93257E-01    9.86399E-01    9.87318E-01
    3.62232E+02    6.29914E-01    3.78853E-03    9.38787E+02    1.92441E-06    1.29142E-03   -5.06616E-04    9.93018E-01    9.86000E-01    9.86399E-01
    3.67704E+02    6.33856E-01    3.94185E-03    9.52216E+02    1.94565E-06    1.29448E-03   -5.19594E-04    9.92882E-01    9.85750E-01    9.86000E-01
    3.73252E+02    6.37920E-01    4.06439E-03    9.65830E+02    1.94941E-06    1.29444E-03   -5.23284E-04    9.92777E-01    9.85547E-01    9.85750E-01
    3.78876E+02    6.42108E-01    4.18801E-03    9.79632E+02    1.95195E-06    1.29536E-03   -5.23448E-04    9.92673E-01    9.85337E-01    9.85547E-01
    3.84578E+02    6.46457E-01    4.34841E-03    9.93624E+02    1.96947E-06    1.30278E-03   -5.21775E-04    9.92539E-01    9.85059E-01    9.85337E-01
    3.90359E+02    6.51107E-01    4.65003E-03    1.00781E+03    2.04665E-06    1.33400E-03   -5.16806E-04    9.92291E-01    9.84526E-01    9.85059E-01
    3.96220E+02    6.54114E-01    3.00742E-03    1.03677E+03    1.28635E-06    1.11811E-03   -1.90205E-04    9.93941E-01    9.87343E-01    9.91205E-01
    4.02161E+02    6.57652E-01    3.53791E-03    1.05155E+03    1.47060E-06    1.14237E-03   -4.06922E-04    9.93276E-01    9.86442E-01    9.87343E-01
    4.08184E+02    6.61430E-01    3.77787E-03    1.06654E+03    1.52611E-06    1.15165E-03   -4.47004E-04    9.93049E-01    9.86065E-01    9.86442E-01
    4.14291E+02    6.65345E-01    3.91517E-03    1.08173E+03    1.53705E-06    1.15210E-03   -4.57955E-04    9.92928E-01    9.85844E-01    9.86065E-01
    4.20481E+02    6.69360E-01    4.01458E-03    1.09713E+03    1.53174E-06    1.14871E-03   -4.60657E-04    9.92842E-01    9.85682E-01    9.85844E-01
    4.26758E+02    6.73460E-01    4.10026E-03    1.11274E+03    1.52044E-06    1.14395E-03   -4.60229E-04    9.92770E-01    9.85542E-01    9.85682E-01
    4.33120E+02    6.77646E-01    4.18607E-03    1.12857E+03    1.50863E-06    1.13951E-03   -4.58418E-04    9.92699E-01    9.85399E-01    9.85542E-01
    4.39571E+02    6.81933E-01    4.28654E-03    1.14462E+03    1.50145E-06    1.13735E-03   -4.55937E-04    9.92616E-01    9.85229E-01    9.85399E-01
    4.46111E+02    6.86363E-01    4.43059E-03    1.16089E+03    1.50835E-06    1.14159E-03   -4.52909E-04    9.92498E-01    9.84981E-01    9.85229E-01
    4.52741E+02    6.91083E-01    4.71941E-03    1.17738E+03    1.56159E-06    1.16674E-03   -4.47573E-04    9.92263E-01    9.84474E-01    9.84981E-01
    4.59462E+02    6.94131E-01    3.04874E-03    1.21106E+03    9.80503E-07    9.76716E-04   -1.62876E-04    9.93920E-01    9.87310E-01    9.91197E-01
    4.66276E+02    6.97708E-01    3.57674E-03    1.22824E+03    1.11807E-06    9.97365E-04   -3.51188E-04    9.93264E-01    9.86421E-01    9.87310E-01
    4.73184E+02    7.01518E-01    3.81002E-03    1.24567E+03    1.15763E-06    1.00453E-03   -3.85420E-04    9.93045E-01    9.86058E-01    9.86421E-01
    4.80188E+02    7.05457E-01    3.93920E-03    1.26333E+03    1.16337E-06    1.00388E-03   -3.94462E-04    9.92931E-01    9.85852E-01    9.86058E-01
    4.87288E+02    7.09486E-01    4.02901E-03    1.28124E+03    1.15659E-06    9.99728E-04   -3.96407E-04    9.92854E-01    9.85707E-01    9.85852E-01
    4.94486E+02    7.13589E-01    4.10266E-03    1.29939E+03    1.14480E-06    9.94107E-04   -3.95661E-04    9.92792E-01    9.85588E-01    9.85707E-01
    5.01783E+02    7.17761E-01    4.17174E-03    1.31780E+03    1.13153E-06    9.88187E-04   -3.93718E-04    9.92735E-01    9.85475E-01    9.85588E-01
    5.09181E+02    7.22006E-01    4.24533E-03    1.33646E+03    1.11931E-06    9.82986E-04   -3.91214E-04    9.92675E-01    9.85353E-01    9.85475E-01
    5.16682E+02    7.26342E-01    4.33584E-03    1.35537E+03    1.11124E-06    9.79978E-04   -3.88441E-04    9.92601E-01    9.85201E-01    9.85353E-01
    5.24285E+02    7.30813E-01    4.47090E-03    1.37455E+03    1.11387E-06    9.82529E-04   -3.85365E-04    9.92490E-01    9.84968E-01    9.85201E-01
    5.31994E+02    7.35563E-01    4.75027E-03    1.39399E+03    1.15045E-06    1.00285E-03   -3.80441E-04    9.92264E-01    9.84481E-01    9.84968E-01
    5.39809E+02    7.38632E-01    3.06940E-03    1.43369E+03    7.22630E-07    8.38959E-04   -1.37033E-04    9.93919E-01    9.87317E-01    9.91218E-01
    5.47732E+02    7.42225E-01    3.59219E-03    1.45395E+03    8.22132E-07    8.56354E-04   -2.97975E-04    9.93272E-01    9.86440E-01    9.87317E-01
    5.55764E+02    7.46043E-01    3.81799E-03    1.47448E+03    8.49458E-07    8.61783E-04   -3.26784E-04    9.93060E-01    9.86091E-01    9.86440E-01
    5.63907E+02    7.49981E-01    3.93868E-03    1.49530E+03    8.51900E-07    8.60371E-04   -3.34158E-04    9.92954E-01    9.85900E-01    9.86091E-01
    5.72163E+02    7.54000E-01    4.01863E-03    1.51641E+03    8.44990E-07    8.55818E-04   -3.35509E-04    9.92886E-01    9.85772E-01    9.85900E-01
    5.80532E+02    7.58080E-01    4.08015E-03    1.53781E+03    8.34047E-07    8.49772E-04   -3.34566E-04    9.92834E-01    9.85674E-01    9.85772E-01
    5.89017E+02    7.62213E-01    4.13319E-03    1.55951E+03    8.21383E-07    8.43072E-04   -3.32585E-04    9.92791E-01    9.85588E-01    9.85674E-01
    5.97619E+02    7.66397E-01    4.18358E-03    1.58150E+03    8.08276E-07    8.36250E-04   -3.30094E-04    9.92750E-01    9.85507E-01    9.85588E-01
    6.06340E+02    7.70633E-01    4.23614E-03    1.60380E+03    7.95680E-07    8.29768E-04   -3.27360E-04    9.92707E-01    9.85422E-01    9.85507E-01
    6.15181E+02    7.74930E-01    4.29687E-03    1.62641E+03    7.84659E-07    8.24219E-04   -3.24534E-04    9.92658E-01    9.85321E-01    9.85422E-01
    6.24144E+02    7.79306E-01    4.37650E-03    1.64933E+03    7.77001E-07    8.20681E-04   -3.21689E-04    9.92594E-01    9.85187E-01    9.85321E-01
    6.33230E+02    7.83808E-01    4.50152E-03    1.67256E+03    7.77007E-07    8.21845E-04   -3.18713E-04    9.92492E-01    9.84973E-01    9.85187E-01
    6.42442E+02    7.88578E-01    4.77007E-03    1.69612E+03    8.00507E-07    8.37688E-04   -3.14301E-04    9.92275E-01    9.84505E-01    9.84973E-01
    6.51782E+02    7.91660E-01    3.08221E-03    1.74420E+03    5.02901E-07    7.00248E-04   -1.12044E-04    9.93925E-01    9.87341E-01    9.91250E-01
    6.61250E+02    7.95258E-01    3.59818E-03    1.76875E+03    5.70805E-07    7.14454E-04   -2.45685E-04    9.93289E-01    9.86478E-01    9.87341E-01
    6.70849E+02    7.99074E-01    3.81577E-03    1.79363E+03    5.88539E-07    7.18371E-04   -2.69224E-04    9.93085E-01    9.86143E-01    9.86478E-01
    6.80580E+02    8.03002E-01    3.92781E-03    1.81886E+03    5.89029E-07    7.16505E-04   -2.75046E-04    9.92986E-01    9.85966E-01    9.86143E-01
    6.90445E+02    8.07000E-01    3.99835E-03    1.84443E+03    5.82994E-07    7.11948E-04   -2.75906E-04    9.92926E-01    9.85854E-01    9.85966E-01
    7.00447E+02    8.11049E-01    4.04918E-03    1.87036E+03    5.74054E-07    7.06046E-04   -2.74871E-04    9.92884E-01    9.85774E-01    9.85854E-01
    7.10587E+02    8.15139E-01    4.08953E-03    1.89664E+03    5.63723E-07    6.99437E-04   -2.72965E-04    9.92851E-01    9.85710E-01    9.85774E-01
    7.20866E+02    8.19263E-01    4.12405E-03    1.92329E+03    5.52746E-07    6.92469E-04   -2.70616E-04    9.92823E-01    9.85656E-01    9.85710E-01
    7.31288E+02    8.23418E-01    4.15548E-03    1.95030E+03    5.41548E-07    6.85353E-04   -2.68028E-04    9.92798E-01    9.85607E-01    9.85656E-01
    7.41853E+02    8.27604E-01    4.18578E-03    1.97769E+03    5.30409E-07    6.78245E-04   -2.65317E-04    9.92774E-01    9.85559E-01    9.85607E-01
    7.52564E+02    8.31821E-01    4.21668E-03    2.00546E+03    5.19549E-07    6.71279E-04   -2.62552E-04    9.92750E-01    9.85511E-01    9.85559E-01
    7.63423E+02    8.36071E-01    4.25012E-03    2.03361E+03    5.09194E-07    6.64611E-04   -2.59782E-04    9.92724E-01    9.85457E-01    9.85511E-01
    7.74432E+02    8.40360E-01    4.28890E-03    2.06214E+03    4.99641E-07    6.58458E-04   -2.57048E-04    9.92693E-01    9.85394E-01    9.85457E-01
    7.85593E+02    8.44698E-01    4.33780E-03    2.09107E+03    4.91377E-07    6.53199E-04   -2.54378E-04    9.92653E-01    9.85313E-01    9.85394E-01
    7.96907E+02    8.49105E-01    4.40674E-03    2.12040E+03    4.85401E-07    6.49621E-04   -2.51780E-04    9.92598E-01    9.85197E-01    9.85313E-01
    8.08378E+02    8.53626E-01    4.52143E-03    2.15014E+03    4.84283E-07    6.49778E-04   -2.49141E-04    9.92504E-01    9.85000E-01    9.85197E-01
    8.20007E+02    8.58404E-01    4.77837E-03    2.18028E+03    4.97678E-07    6.61392E-04   -2.45435E-04    9.92298E-01    9.84554E-01    9.85000E-01
    8.31797E+02    8.61492E-01    3.08754E-03    2.24183E+03    3.12701E-07    5.52452E-04   -8.65888E-05    9.93941E-01    9.87383E-01    9.91295E-01
    8.43749E+02    8.65087E-01    3.59558E-03    2.27324E+03    3.54109E-07    5.63425E-04   -1.91469E-04    9.93316E-01    9.86535E-01    9.87383E-01
    8.55867E+02    8.68892E-01    3.80486E-03    2.30508E+03    3.64386E-07    5.66070E-04   -2.09644E-04    9.93120E-01    9.86214E-01    9.86535E-01
    8.68151E+02    8.72801E-01    3.90887E-03    2.33737E+03    3.64027E-07    5.64126E-04   -2.13983E-04    9.93028E-01    9.86051E-01    9.86214E-01
    8.80605E+02    8.76773E-01    3.97139E-03    2.37010E+03    3.59655E-07    5.60053E-04   -2.14466E-04    9.92974E-01    9.85952E-01    9.86051E-01
    8.93231E+02    8.80787E-01    4.01396E-03    2.40328E+03    3.53493E-07    5.54905E-04   -2.13480E-04    9.92939E-01    9.85885E-01    9.85952E-01
    9.06031E+02    8.84832E-01    4.04557E-03    2.43692E+03    3.46463E-07    5.49178E-04   -2.11818E-04    9.92913E-01    9.85835E-01    9.85885E-01
    9.19008E+02    8.88903E-01    4.07063E-03    2.47102E+03    3.39008E-07    5.43129E-04   -2.09808E-04    9.92893E-01    9.85797E-01    9.85835E-01
    9.32164E+02    8.92994E-01    4.09153E-03    2.50559E+03    3.31367E-07    5.36905E-04   -2.07606E-04    9.92876E-01    9.85765E-01    9.85797E-01
    9.45501E+02    8.97104E-01    4.10976E-03    2.54064E+03    3.23681E-07    5.30599E-04   -2.05296E-04    9.92862E-01    9.85737E-01    9.85765E-01
    9.59023E+02    9.01230E-01    4.12631E-03    2.57618E+03    3.16041E-07    5.24273E-04   -2.02927E-04    9.92850E-01    9.85712E-01    9.85737E-01
    9.72731E+02    9.05372E-01    4.14192E-03    2.61220E+03    3.08509E-07    5.17973E-04   -2.00532E-04    9.92838E-01    9.85689E-01    9.85712E-01
    9.86628E+02    9.09529E-01    4.15723E-03    2.64873E+03    3.01132E-07    5.11739E-04   -1.98130E-04    9.92827E-01    9.85666E-01    9.85689E-01
    1.00072E+03    9.13702E-01    4.17289E-03    2.68575E+03    2.93954E-07    5.05609E-04   -1.95738E-04    9.92815E-01    9.85643E-01    9.85666E-01
    1.01500E+03    9.17892E-01    4.18962E-03    2.72329E+03    2.87019E-07    4.99627E-04   -1.93369E-04    9.92802E-01    9.85617E-01    9.85643E-01
    1.02948E+03    9.22100E-01    4.20839E-03    2.76134E+03    2.80380E-07    4.93848E-04   -1.91035E-04    9.92788E-01    9.85588E-01    9.85617E-01
    1.04416E+03    9.26331E-01    4.23065E-03    2.79992E+03    2.74118E-07    4.88356E-04   -1.88749E-04    9.92771E-01    9.85552E-01    9.85588E-01
    1.05904E+03    9.30590E-01    4.25879E-03    2.83904E+03    2.68359E-07    4.83290E-04   -1.86522E-04    9.92748E-01    9.85506E-01    9.85552E-01
    1.07413E+03    9.34887E-01    4.29723E-03    2.87869E+03    2.63344E-07    4.78908E-04   -1.84368E-04    9.92717E-01    9.85442E-01    9.85506E-01
    1.08943E+03    9.39242E-01    4.35543E-03    2.91889E+03    2.59581E-07    4.75766E-04   -1.82284E-04    9.92670E-01    9.85342E-01    9.85442E-01
    1.10494E+03    9.43701E-01    4.45818E-03    2.95964E+03    2.58409E-07    4.75334E-04   -1.80184E-04    9.92586E-01    9.85164E-01    9.85342E-01
    1.12066E+03    9.48399E-01    4.69881E-03    3.00096E+03    2.64881E-07    4.83150E-04   -1.77334E-04    9.92391E-01    9.84743E-01    9.85164E-01
    1.13660E+03    9.51435E-01    3.03508E-03    3.08531E+03    1.66398E-07    4.03192E-04   -6.19194E-05    9.94013E-01    9.87543E-01    9.91420E-01
    1.15276E+03    9.54960E-01    3.52515E-03    3.12836E+03    1.87963E-07    4.10980E-04   -1.38053E-04    9.93405E-01    9.86719E-01    9.87543E-01
    1.16914E+03    9.58681E-01    3.72151E-03    3.17200E+03    1.92989E-07    4.12532E-04   -1.51017E-04    9.93220E-01    9.86416E-01    9.86719E-01
    1.18574E+03    9.62496E-01    3.81479E-03    3.21625E+03    1.92400E-07    4.10718E-04   -1.53984E-04    9.93137E-01    9.86269E-01    9.86416E-01
    1.20258E+03    9.66363E-01    3.86737E-03    3.26111E+03    1.89704E-07    4.07349E-04   -1.54177E-04    9.93091E-01    9.86185E-01    9.86269E-01
    1.21965E+03    9.70264E-01    3.90027E-03    3.30659E+03    1.86072E-07    4.03194E-04   -1.53317E-04    9.93063E-01    9.86134E-01    9.86185E-01
    1.23696E+03    9.74186E-01    3.92218E-03    3.35269E+03    1.81988E-07    3.98613E-04   -1.51973E-04    9.93045E-01    9.86100E-01    9.86134E-01
    1.25450E+03    9.78123E-01    3.93733E-03    3.39943E+03    1.77684E-07    3.93790E-04   -1.50378E-04    9.93033E-01    9.86077E-01    9.86100E-01
    1.27228E+03    9.82071E-01    3.94799E-03    3.44682E+03    1.73283E-07    3.88829E-04   -1.48644E-04    9.93025E-01    9.86062E-01    9.86077E-01
    1.29032E+03    9.86027E-01    3.95548E-03    3.49486E+03    1.68856E-07    3.83792E-04   -1.46830E-04    9.93019E-01    9.86052E-01    9.86062E-01
    1.30860E+03    9.89987E-01    3.96064E-03    3.54356E+03    1.64445E-07    3.78719E-04   -1.44971E-04    9.93016E-01    9.86046E-01    9.86052E-01
    1.32713E+03    9.93951E-01    3.96401E-03    3.59293E+03    1.60078E-07    3.73636E-04   -1.43087E-04    9.93014E-01    9.86043E-01    9.86046E-01
    1.34592E+03    9.97917E-01    3.96598E-03    3.64299E+03    1.55772E-07    3.68561E-04   -1.41191E-04    9.93014E-01    9.86042E-01    9.86043E-01
    1.36496E+03    1.00188E+00    3.96682E-03    3.69374E+03    1.51539E-07    3.63506E-04   -1.39293E-04    9.93014E-01    9.86043E-01    9.86042E-01
    1.38427E+03    1.00585E+00    3.96673E-03    3.74518E+03    1.47388E-07    3.58483E-04   -1.37398E-04    9.93016E-01    9.86046E-01    9.86043E-01
    1.40385E+03    1.00982E+00    3.96588E-03    3.79734E+03    1.43324E-07    3.53497E-04   -1.35512E-04    9.93018E-01    9.86050E-01    9.86046E-01
    1.42370E+03    1.01378E+00    3.96441E-03    3.85022E+03    1.39350E-07    3.48556E-04   -1.33638E-04    9.93020E-01    9.86055E-01    9.86050E-01
    1.44382E+03    1.01774E+00    3.96242E-03    3.90382E+03    1.35470E-07    3.43664E-04   -1.31778E-04    9.93023E-01    9.86061E-01    9.86055E-01
    1.46421E+03    1.02170E+00    3.96004E-03    3.95817E+03    1.31685E-07    3.38825E-04   -1.29934E-04    9.93026E-01    9.86067E-01    9.86061E-01
    1.48489E+03    1.02566E+00    3.95737E-03    4.01327E+03    1.27998E-07    3.34044E-04   -1.28109E-04    9.93030E-01    9.86074E-01    9.86067E-01
    1.50586E+03    1.02962E+00    3.95456E-03    4.06912E+03    1.24409E-07    3.29327E-04   -1.26304E-04    9.93033E-01    9.86082E-01    9.86074E-01
    1.52711E+03    1.03357E+00    3.95173E-03    4.12575E+03    1.20921E-07    3.24678E-04   -1.24520E-04    9.93037E-01    9.86089E-01    9.86082E-01
    1.54866E+03    1.03752E+00    3.94908E-03    4.18316E+03    1.17536E-07    3.20104E-04   -1.22759E-04    9.93040E-01    9.86096E-01    9.86089E-01
    1.57051E+03    1.04146E+00    3.94685E-03    4.24136E+03    1.14259E-07    3.15615E-04   -1.21023E-04    9.93043E-01    9.86102E-01    9.86096E-01
    1.59265E+03    1.04541E+00    3.94537E-03    4.30037E+03    1.11095E-07    3.11222E-04   -1.19314E-04    9.93046E-01    9.86106E-01    9.86102E-01
    1.61511E+03    1.04935E+00    3.94513E-03    4.36018E+03    1.08053E-07    3.06945E-04   -1.17635E-04    9.93047E-01    9.86108E-01    9.86106E-01
    1.63787E+03    1.05330E+00    3.94687E-03    4.42083E+03    1.05147E-07    3.02810E-04   -1.15989E-04    9.93047E-01    9.86107E-01    9.86108E-01
    1.66094E+03    1.05725E+00    3.95178E-03    4.48231E+03    1.02402E-07    2.98863E-04   -1.14380E-04    9.93043E-01    9.86099E-01    9.86107E-01
    1.68434E+03    1.06121E+00    3.96190E-03    4.54464E+03    9.98606E-08    2.95184E-04   -1.12815E-04    9.93035E-01    9.86082E-01    9.86099E-01
    1.70806E+03    1.06520E+00    3.98115E-03    4.60783E+03    9.76055E-08    2.91922E-04   -1.11298E-04    9.93019E-01    9.86048E-01    9.86082E-01
    1.73210E+03    1.06921E+00    4.01793E-03    4.67189E+03    9.58175E-08    2.89406E-04   -1.09827E-04    9.92988E-01    9.85982E-01    9.86048E-01
    1.75648E+03    1.07331E+00    4.09439E-03    4.73684E+03    9.49750E-08    2.88505E-04   -1.08350E-04    9.92923E-01    9.85842E-01    9.85982E-01
    1.78119E+03    1.07760E+00    4.29405E-03    4.80268E+03    9.68874E-08    2.92506E-04   -1.06432E-04    9.92754E-01    9.85476E-01    9.85842E-01
    1.80624E+03    1.08036E+00    2.75947E-03    4.93710E+03    6.05630E-08    2.43336E-04   -3.67479E-05    9.94311E-01    9.88173E-01    9.91858E-01
    1.83164E+03    1.08355E+00    3.19004E-03    5.00571E+03    6.81021E-08    2.47609E-04   -8.24142E-05    9.93750E-01    9.87418E-01    9.88173E-01
    1.85739E+03    1.08690E+00    3.35183E-03    5.07526E+03    6.96035E-08    2.48012E-04   -8.99639E-05    9.93590E-01    9.87160E-01    9.87418E-01
    1.88350E+03    1.09032E+00    3.41962E-03    5.14577E+03    6.90739E-08    2.46367E-04   -9.15281E-05    9.93526E-01    9.87050E-01    9.87160E-01
    1.90996E+03    1.09377E+00    3.45013E-03    5.21725E+03    6.77891E-08    2.43779E-04   -9.14387E-05    9.93498E-01    9.87002E-01    9.87050E-01
    1.93680E+03    1.09724E+00    3.46238E-03    5.28973E+03    6.61741E-08    2.40715E-04   -9.07220E-05    9.93487E-01    9.86984E-01    9.87002E-01
    1.96400E+03    1.10070E+00    3.46423E-03    5.36320E+03    6.44036E-08    2.37391E-04   -8.97171E-05    9.93486E-01    9.86984E-01    9.86984E-01
    1.99157E+03    1.10416E+00    3.45947E-03    5.43768E+03    6.25612E-08    2.33918E-04   -8.85629E-05    9.93491E-01    9.86996E-01    9.86984E-01
    2.01953E+03    1.10761E+00    3.45013E-03    5.51320E+03    6.06910E-08    2.30359E-04   -8.73253E-05    9.93501E-01    9.87016E-01    9.86996E-01
    2.04787E+03    1.11105E+00    3.43738E-03    5.58975E+03    5.88181E-08    2.26750E-04   -8.60392E-05    9.93514E-01    9.87043E-01    9.87016E-01
    2.07661E+03    1.11447E+00    3.42194E-03    5.66736E+03    5.69578E-08    2.23113E-04   -8.47247E-05    9.93529E-01    9.87074E-01    9.87043E-01
    2.10574E+03    1.11787E+00    3.40428E-03    5.74605E+03    5.51193E-08    2.19465E-04   -8.33938E-05    9.93546E-01    9.87109E-01    9.87074E-01
    2.13527E+03    1.12126E+00    3.38471E-03    5.82582E+03    5.33088E-08    2.15814E-04   -8.20543E-05    9.93566E-01    9.87148E-01    9.87109E-01
    2.16521E+03    1.12462E+00    3.36343E-03    5.90669E+03    5.15300E-08    2.12169E-04   -8.07111E-05    9.93587E-01    9.87191E-01    9.87148E-01
    2.19557E+03    1.12796E+00    3.34058E-03    5.98867E+03    4.97854E-08    2.08533E-04   -7.93678E-05    9.93609E-01    9.87236E-01    9.87191E-01
    2.22634E+03    1.13128E+00    3.31627E-03    6.07179E+03    4.80765E-08    2.04911E-04   -7.80266E-05    9.93633E-01    9.87284E-01    9.87236E-01
    2.25753E+03    1.13457E+00    3.29056E-03    6.15605E+03    4.64041E-08    2.01303E-04   -7.66893E-05    9.93659E-01    9.87335E-01    9.87284E-01
    2.28916E+03    1.13783E+00    3.26349E-03    6.24148E+03    4.47688E-08    1.97712E-04   -7.53569E-05    9.93685E-01    9.87389E-01    9.87335E-01
    2.32123E+03    1.14107E+00    3.23509E-03    6.32809E+03    4.31704E-08    1.94139E-04   -7.40303E-05    9.93714E-01    9.87446E-01    9.87389E-01
    2.35373E+03    1.14427E+00    3.20538E-03    6.41589E+03    4.16089E-08    1.90584E-04   -7.27099E-05    9.93743E-01    9.87506E-01    9.87446E-01
    2.38669E+03    1.14745E+00    3.17435E-03    6.50490E+03    4.00840E-08    1.87047E-04   -7.13960E-05    9.93774E-01    9.87568E-01    9.87506E-01
    2.42010E+03    1.15059E+00    3.14200E-03    6.59514E+03    3.85952E-08    1.83529E-04   -7.00889E-05    9.93807E-01    9.87633E-01    9.87568E-01
    2.45397E+03    1.15370E+00    3.10833E-03    6.68663E+03    3.71420E-08    1.80028E-04   -6.87886E-05    9.93840E-01    9.87701E-01    9.87633E-01
    2.48831E+03    1.15677E+00    3.07331E-03    6.77938E+03    3.57238E-08    1.76545E-04   -6.74951E-05    9.93876E-01    9.87772E-01    9.87701E-01
    2.52312E+03    1.15981E+00    3.03692E-03    6.87341E+03    3.43399E-08    1.73079E-04   -6.62083E-05    9.93913E-01    9.87846E-01    9.87772E-01
    2.55841E+03    1.16281E+00    2.99914E-03    6.96873E+03    3.29897E-08    1.69629E-04   -6.49279E-05    9.93951E-01    9.87924E-01    9.87846E-01
    2.59419E+03    1.16577E+00    2.95995E-03    7.06538E+03    3.16724E-08    1.66194E-04   -6.36537E-05    9.93992E-01    9.88004E-01    9.87924E-01
    2.63046E+03    1.16869E+00    2.91931E-03    7.16335E+03    3.03874E-08    1.62774E-04   -6.23856E-05    9.94034E-01    9.88089E-01    9.88004E-01
    2.66724E+03    1.17156E+00    2.87718E-03    7.26268E+03    2.91340E-08    1.59367E-04   -6.11231E-05    9.94077E-01    9.88177E-01    9.88089E-01
    2.70452E+03    1.17440E+00    2.83354E-03    7.36338E+03    2.79113E-08    1.55972E-04   -5.98659E-05    9.94123E-01    9.88268E-01    9.88177E-01
    2.74232E+03    1.17718E+00    2.78833E-03    7.46547E+03    2.67188E-08    1.52588E-04   -5.86137E-05    9.94171E-01    9.88364E-01    9.88268E-01
    2.78063E+03    1.17993E+00    2.74154E-03    7.56896E+03    2.55557E-08    1.49214E-04   -5.73659E-05    9.94220E-01    9.88463E-01    9.88364E-01
    2.81948E+03    1.18262E+00    2.69310E-03    7.67389E+03    2.44213E-08    1.45848E-04   -5.61222E-05    9.94272E-01    9.88567E-01    9.88463E-01
    2.85886E+03    1.18526E+00    2.64298E-03    7.78026E+03    2.33149E-08    1.42488E-04   -5.48820E-05    9.94326E-01    9.88676E-01    9.88567E-01
    2.89879E+03    1.18785E+00    2.59114E-03    7.88810E+03    2.22359E-08    1.39133E-04   -5.36449E-05    9.94382E-01    9.88789E-01    9.88676E-01
    2.93926E+03    1.19039E+00    2.53752E-03    7.99743E+03    2.11836E-08    1.35782E-04   -5.24102E-05    9.94441E-01    9.88908E-01    9.88789E-01
    2.98030E+03    1.19287E+00    2.48209E-03    8.10827E+03    2.01574E-08    1.32432E-04   -5.11774E-05    9.94503E-01    9.89031E-01    9.88908E-01
    3.02190E+03    1.19530E+00    2.42480E-03    8.22064E+03    1.91566E-08    1.29081E-04   -4.99459E-05    9.94567E-01    9.89160E-01    9.89031E-01
    3.06408E+03    1.19766E+00    2.36559E-03    8.33456E+03    1.81807E-08    1.25728E-04   -4.87149E-05    9.94634E-01    9.89295E-01    9.89160E-01
    3.10683E+03    1.19997E+00    2.30442E-03    8.45005E+03    1.72291E-08    1.22370E-04   -4.74838E-05    9.94705E-01    9.89436E-01    9.89295E-01
    3.15018E+03    1.20221E+00    2.24126E-03    8.56713E+03    1.63013E-08    1.19005E-04   -4.62518E-05    9.94778E-01    9.89584E-01    9.89436E-01
    3.19413E+03    1.20438E+00    2.17604E-03    8.68583E+03    1.53967E-08    1.15629E-04   -4.50180E-05    9.94855E-01    9.89739E-01    9.89584E-01
    3.23868E+03    1.20649E+00    2.10873E-03    8.80617E+03    1.45149E-08    1.12241E-04   -4.37816E-05    9.94936E-01    9.89901E-01    9.89739E-01
    3.28385E+03    1.20853E+00    2.03929E-03    8.92817E+03    1.36554E-08    1.08838E-04   -4.25417E-05    9.95020E-01    9.90071E-01    9.89901E-01
    3.32964E+03    1.21050E+00    1.96767E-03    9.05185E+03    1.28178E-08    1.05415E-04   -4.12973E-05    9.95109E-01    9.90249E-01    9.90071E-01
    3.37606E+03    1.21239E+00    1.89386E-03    9.17724E+03    1.20017E-08    1.01970E-04   -4.00472E-05    9.95202E-01    9.90436E-01    9.90249E-01
    3.42312E+03    1.21421E+00    1.81781E-03    9.30436E+03    1.12067E-08    9.84988E-05   -3.87902E-05    9.95299E-01    9.90632E-01    9.90436E-01
    3.47084E+03    1.21595E+00    1.73950E-03    9.43323E+03    1.04326E-08    9.49970E-05   -3.75252E-05    9.95402E-01    9.90839E-01    9.90632E-01
    3.51921E+03    1.21761E+00    1.65893E-03    9.56388E+03    9.67903E-09    9.14599E-05   -3.62506E-05    9.95510E-01    9.91056E-01    9.90839E-01
    3.56825E+03    1.21919E+00    1.57609E-03    9.69634E+03    8.94587E-09    8.78824E-05   -3.49650E-05    9.95624E-01    9.91285E-01    9.91056E-01
    3.61796E+03    1.22068E+00    1.49099E-03    9.83062E+03    8.23295E-09    8.42586E-05   -3.36667E-05    9.95744E-01    9.91527E-01    9.91285E-01
    3.66836E+03    1.22208E+00    1.40367E-03    9.96676E+03    7.54021E-09    8.05819E-05   -3.23538E-05    9.95871E-01    9.91782E-01    9.91527E-01
    3.71946E+03    1.22340E+00    1.31416E-03    1.01048E+04    6.86763E-09    7.68449E-05   -3.10241E-05    9.96006E-01    9.92052E-01    9.91782E-01
    3.77126E+03    1.22462E+00    1.22254E-03    1.02447E+04    6.21534E-09    7.30391E-05   -2.96754E-05    9.96148E-01    9.92338E-01    9.92052E-01
    3.82378E+03    1.22575E+00    1.12893E-03    1.03865E+04    5.58355E-09    6.91548E-05   -2.83049E-05    9.96299E-01    9.92642E-01    9.92338E-01
    3.87702E+03    1.22678E+00    1.03348E-03    1.05303E+04    4.97265E-09    6.51807E-05   -2.69097E-05    9.96459E-01    9.92965E-01    9.92642E-01
    3.93100E+03    1.22772E+00    9.36415E-04    1.06761E+04    4.38324E-09    6.11040E-05   -2.54861E-05    9.96630E-01    9.93309E-01    9.92965E-01
    3.98572E+03    1.22856E+00    8.38043E-04    1.08239E+04    3.81626E-09    5.69106E-05   -2.40300E-05    9.96813E-01    9.93677E-01    9.93309E-01
    4.04120E+03    1.22929E+00    7.38850E-04    1.09738E+04    3.27319E-09    5.25862E-05   -2.25363E-05    9.97008E-01    9.94071E-01    9.93677E-01
    4.09744E+03    1.22993E+00    6.39637E-04    1.11257E+04    2.75673E-09    4.81229E-05   -2.09980E-05    9.97217E-01    9.94492E-01    9.94071E-01
    4.15446E+03    1.23048E+00    5.42047E-04    1.12797E+04    2.27271E-09    4.35463E-05   -1.94018E-05    9.97440E-01    9.94940E-01    9.94492E-01
    4.21226E+03    1.23093E+00    4.51153E-04    1.14358E+04    1.84025E-09    3.90777E-05   -1.76969E-05    9.97665E-01    9.95391E-01    9.94940E-01
    4.27086E+03    1.23107E+00    1.46344E-04    1.17546E+04    5.80730E-10    2.33998E-05   -5.76016E-06    9.98674E-01    9.97294E-01    9.97762E-01
    4.33028E+03    1.23118E+00    1.08026E-04    1.19173E+04    4.17038E-10    1.79199E-05   -9.79359E-06    9.98865E-01    9.97793E-01    9.97294E-01
    4.39051E+03    1.23123E+00    5.04790E-05    1.20822E+04    1.89587E-10    1.03702E-05   -9.05791E-06    9.99267E-01    9.98638E-01    9.97793E-01
    4.45157E+03    1.23129E+00    5.79691E-05    1.20822E+04    2.11808E-10    9.03818E-06   -1.14070E-05    9.98638E-01    9.98082E-01    9.96782E-01
    4.51347E+03    1.23136E+00    7.22925E-05    1.20822E+04    2.56974E-10    8.06031E-06   -1.38566E-05    9.98082E-01    9.97580E-01    9.95828E-01
    4.57623E+03    1.23145E+00    9.24226E-05    1.20822E+04    3.19613E-10    7.31286E-06   -1.63137E-05    9.97580E-01    9.97118E-01    9.94926E-01
    4.63986E+03    1.23157E+00    1.17676E-04    1.20822E+04    3.95901E-10    6.71928E-06   -1.87284E-05    9.97118E-01    9.96687E-01    9.94071E-01
    4.70436E+03    1.23172E+00    1.47580E-04    1.20822E+04    4.83032E-10    6.23173E-06   -2.10760E-05    9.96687E-01    9.96283E-01    9.93258E-01
    4.76976E+03    1.23190E+00    1.81805E-04    1.20822E+04    5.78906E-10    5.81983E-06   -2.33460E-05    9.96283E-01    9.95899E-01    9.92484E-01
    4.83605E+03    1.23212E+00    2.20131E-04    1.20822E+04    6.81923E-10    5.46392E-06   -2.55356E-05    9.95899E-01    9.95535E-01    9.91745E-01
    4.90326E+03    1.23238E+00    2.62414E-04    1.20822E+04    7.90851E-10    5.15096E-06   -2.76463E-05    9.95535E-01    9.95186E-01    9.91037E-01
    4.97140E+03    1.23269E+00    3.08571E-04    1.20822E+04    9.04727E-10    4.87201E-06   -2.96815E-05    9.95186E-01    9.94852E-01    9.90357E-01
    5.04048E+03    1.23305E+00    3.58566E-04    1.20822E+04    1.02279E-09    4.62077E-06   -3.16455E-05    9.94852E-01    9.94530E-01    9.89703E-01
    5.11051E+03    1.23346E+00    4.12395E-04    1.20822E+04    1.14442E-09    4.39263E-06   -3.35429E-05    9.94530E-01    9.94221E-01    9.89073E-01
    5.18151E+03    1.23393E+00    4.70082E-04    1.20822E+04    1.26912E-09    4.18411E-06   -3.53781E-05    9.94221E-01    9.93922E-01    9.88465E-01
    5.25349E+03    1.23447E+00    5.31675E-04    1.20822E+04    1.39646E-09    3.99253E-06   -3.71554E-05    9.93922E-01    9.93632E-01    9.87877E-01
    5.32646E+03    1.23506E+00    5.97237E-04    1.20822E+04    1.52611E-09    3.81572E-06   -3.88787E-05    9.93632E-01    9.93352E-01    9.87307E-01
    5.40044E+03    1.23573E+00    6.66848E-04    1.20822E+04    1.65777E-09    3.65196E-06   -4.05516E-05    9.93352E-01    9.93080E-01    9.86755E-01
    5.47544E+03    1.23647E+00    7.40602E-04    1.20822E+04    1.79119E-09    3.49978E-06   -4.21775E-05    9.93080E-01    9.92816E-01    9.86218E-01
    5.55147E+03    1.23729E+00    8.18605E-04    1.20822E+04    1.92614E-09    3.35799E-06   -4.37592E-05    9.92816E-01    9.92559E-01    9.85697E-01
    5.62856E+03    1.23819E+00    9.00974E-04    1.20822E+04    2.06246E-09    3.22555E-06   -4.52996E-05    9.92559E-01    9.92308E-01    9.85189E-01
    5.70671E+03    1.23918E+00    9.87837E-04    1.20822E+04    2.19998E-09    3.10159E-06   -4.68012E-05    9.92308E-01    9.92064E-01    9.84694E-01
    5.78593E+03    1.24026E+00    1.07933E-03    1.20822E+04    2.33856E-09    2.98535E-06   -4.82664E-05    9.92064E-01    9.91826E-01    9.84212E-01
    5.86625E+03    1.24143E+00    1.17561E-03    1.20822E+04    2.47808E-09    2.87618E-06   -4.96972E-05    9.91826E-01    9.91593E-01    9.83741E-01
    5.94768E+03    1.24271E+00    1.27683E-03    1.20822E+04    2.61846E-09    2.77350E-06   -5.10957E-05    9.91593E-01    9.91366E-01    9.83281E-01
    6.03023E+03    1.24409E+00    1.38316E-03    1.20822E+04    2.75960E-09    2.67681E-06   -5.24636E-05    9.91366E-01    9.91144E-01    9.82831E-01
    6.11392E+03    1.24559E+00    1.49478E-03    1.20822E+04    2.90144E-09    2.58568E-06   -5.38029E-05    9.91144E-01    9.90926E-01    9.82390E-01
    6.19877E+03    1.24720E+00    1.61188E-03    1.20822E+04    3.04391E-09    2.49971E-06   -5.51150E-05    9.90926E-01    9.90712E-01    9.81959E-01
    6.28478E+03    1.24893E+00    1.73468E-03    1.20822E+04    3.18699E-09    2.41858E-06   -5.64016E-05    9.90712E-01    9.90503E-01    9.81536E-01
    6.37199E+03    1.25080E+00    1.86338E-03    1.20822E+04    3.33063E-09    2.34198E-06   -5.76640E-05    9.90503E-01    9.90297E-01    9.81121E-01
    6.46039E+03    1.25280E+00    1.99822E-03    1.20822E+04    3.47481E-09    2.26964E-06   -5.89038E-05    9.90297E-01    9.90095E-01    9.80714E-01
    6.55002E+03    1.25493E+00    2.13944E-03    1.20822E+04    3.61953E-09    2.20132E-06   -6.01223E-05    9.90095E-01    9.89896E-01    9.80314E-01
    6.64089E+03    1.25722E+00    2.28730E-03    1.20822E+04    3.76479E-09    2.13683E-06   -6.13207E-05    9.89896E-01    9.89701E-01    9.79920E-01
    6.73300E+03    1.25966E+00    2.44209E-03    1.20822E+04    3.91059E-09    2.07597E-06   -6.25003E-05    9.89701E-01    9.89508E-01    9.79533E-01
    6.82639E+03    1.26227E+00    2.60408E-03    1.20822E+04    4.05697E-09    2.01859E-06   -6.36624E-05    9.89508E-01    9.89318E-01    9.79151E-01
    6.92107E+03    1.26504E+00    2.77361E-03    1.20822E+04    4.20396E-09    1.96454E-06   -6.48082E-05    9.89318E-01    9.89131E-01    9.78775E-01
    7.01705E+03    1.26799E+00    2.95100E-03    1.20822E+04    4.35159E-09    1.91369E-06   -6.59388E-05    9.89131E-01    9.88946E-01    9.78404E-01
    7.11436E+03    1.27113E+00    3.13661E-03    1.20822E+04    4.49994E-09    1.86594E-06   -6.70556E-05    9.88946E-01    9.88763E-01    9.78037E-01
    7.21301E+03    1.27446E+00    3.33084E-03    1.20822E+04    4.64907E-09    1.82120E-06   -6.81597E-05    9.88763E-01    9.88583E-01    9.77675E-01
    7.31303E+03    1.27799E+00    3.53408E-03    1.20822E+04    4.79905E-09    1.77938E-06   -6.92524E-05    9.88583E-01    9.88403E-01    9.77316E-01
    7.41442E+03    1.28174E+00    3.74678E-03    1.20822E+04    4.95000E-09    1.74043E-06   -7.03347E-05    9.88403E-01    9.88226E-01    9.76961E-01
    7.51721E+03    1.28571E+00    3.96942E-03    1.20822E+04    5.10202E-09    1.70430E-06   -7.14081E-05    9.88226E-01    9.88049E-01    9.76609E-01
    7.62143E+03    1.28991E+00    4.20251E-03    1.20822E+04    5.25524E-09    1.67094E-06   -7.24738E-05    9.88049E-01    9.87874E-01    9.76259E-01
    7.72707E+03    1.29436E+00    4.44660E-03    1.20822E+04    5.40980E-09    1.64034E-06   -7.35330E-05    9.87874E-01    9.87700E-01    9.75911E-01
    7.83418E+03    1.29906E+00    4.70231E-03    1.20822E+04    5.56587E-09    1.61248E-06   -7.45873E-05    9.87700E-01    9.87526E-01    9.75565E-01
    7.94277E+03    1.30403E+00    4.97027E-03    1.20822E+04    5.72363E-09    1.58737E-06   -7.56380E-05    9.87526E-01    9.87352E-01    9.75220E-01
    8.05285E+03    1.30928E+00    5.25120E-03    1.20822E+04    5.88329E-09    1.56502E-06   -7.66866E-05    9.87352E-01    9.87179E-01    9.74876E-01
    8.16445E+03    1.31483E+00    5.54588E-03    1.20822E+04    6.04508E-09    1.54547E-06   -7.77347E-05    9.87179E-01    9.87005E-01    9.74532E-01
    8.27760E+03    1.32068E+00    5.85515E-03    1.20822E+04    6.20926E-09    1.52876E-06   -7.87840E-05    9.87005E-01    9.86831E-01    9.74188E-01
    8.39230E+03    1.32686E+00    6.17993E-03    1.20822E+04    6.37612E-09    1.51495E-06   -7.98363E-05    9.86831E-01    9.86656E-01    9.73842E-01
    8.50859E+03    1.33339E+00    6.52125E-03    1.20822E+04    6.54599E-09    1.50414E-06   -8.08933E-05    9.86656E-01    9.86480E-01    9.73496E-01
    8.62648E+03    1.34027E+00    6.88024E-03    1.20822E+04    6.71923E-09    1.49642E-06   -8.19572E-05    9.86480E-01    9.86302E-01    9.73146E-01
    8.74600E+03    1.34752E+00    7.25813E-03    1.20822E+04    6.89625E-09    1.49191E-06   -8.30302E-05    9.86302E-01    9.86123E-01    9.72794E-01
    8.86717E+03    1.35518E+00    7.65631E-03    1.20822E+04    7.07750E-09    1.49078E-06   -8.41146E-05    9.86123E-01    9.85941E-01    9.72438E-01
    8.99001E+03    1.36326E+00    8.07631E-03    1.20822E+04    7.26349E-09    1.49320E-06   -8.52131E-05    9.85941E-01    9.85756E-01    9.72078E-01
    9.11454E+03    1.37178E+00    8.51984E-03    1.20822E+04    7.45482E-09    1.49939E-06   -8.63283E-05    9.85756E-01    9.85568E-01    9.71712E-01
    9.24080E+03    1.38077E+00    8.98883E-03    1.20822E+04    7.65212E-09    1.50960E-06   -8.74634E-05    9.85568E-01    9.85376E-01    9.71339E-01
    9.36879E+03    1.39025E+00    9.48544E-03    1.20822E+04    7.85615E-09    1.52414E-06   -8.86218E-05    9.85376E-01    9.85180E-01    9.70958E-01
    9.49856E+03    1.40026E+00    1.00121E-02    1.20822E+04    8.06772E-09    1.54335E-06   -8.98073E-05    9.85180E-01    9.84978E-01    9.70569E-01
    9.63011E+03    1.41083E+00    1.05716E-02    1.20822E+04    8.28781E-09    1.56767E-06   -9.10239E-05    9.84978E-01    9.84770E-01    9.70170E-01
    9.76348E+03    1.42200E+00    1.11670E-02    1.20822E+04    8.51750E-09    1.59759E-06   -9.22765E-05    9.84770E-01    9.84556E-01    9.69758E-01
    9.89869E+03    1.43380E+00    1.18021E-02    1.20822E+04    8.75804E-09    1.63370E-06   -9.35701E-05    9.84556E-01    9.84333E-01    9.69333E-01
    1.00358E+04    1.44628E+00    1.24808E-02    1.20822E+04    9.01088E-09    1.67671E-06   -9.49109E-05    9.84333E-01    9.84102E-01    9.68893E-01
    1.01747E+04    1.45949E+00    1.32081E-02    1.20822E+04    9.27769E-09    1.72746E-06   -9.63053E-05    9.84102E-01    9.83860E-01    9.68434E-01
    1.03156E+04    1.47348E+00    1.39895E-02    1.20822E+04    9.56042E-09    1.78697E-06   -9.77611E-05    9.83860E-01    9.83607E-01    9.67956E-01
    1.04584E+04    1.48831E+00    1.48316E-02    1.20822E+04    9.86136E-09    1.85648E-06   -9.92870E-05    9.83607E-01    9.83340E-01    9.67454E-01
    1.06032E+04    1.50406E+00    1.57419E-02    1.20822E+04    1.01832E-08    1.93749E-06   -1.00893E-04    9.83340E-01    9.83057E-01    9.66926E-01
    1.07500E+04    1.52079E+00    1.67298E-02    1.20822E+04    1.05292E-08    2.03188E-06   -1.02592E-04    9.83057E-01    9.82757E-01    9.66367E-01
    1.08989E+04    1.53859E+00    1.78062E-02    1.20822E+04    1.09031E-08    2.14195E-06   -1.04396E-04    9.82757E-01    9.82436E-01    9.65773E-01
    1.10497E+04    1.55758E+00    1.89842E-02    1.20822E+04    1.13096E-08    2.27063E-06   -1.06322E-04    9.82436E-01    9.82091E-01    9.65139E-01
    1.12027E+04    1.57786E+00    2.02800E-02    1.20822E+04    1.17544E-08    2.42162E-06   -1.08391E-04    9.82091E-01    9.81718E-01    9.64457E-01
    1.13578E+04    1.59957E+00    2.17135E-02    1.20822E+04    1.22445E-08    2.59971E-06   -1.10624E-04    9.81718E-01    9.81312E-01    9.63721E-01
    1.15150E+04    1.62288E+00    2.33094E-02    1.20822E+04    1.27885E-08    2.81118E-06   -1.13051E-04    9.81312E-01    9.80867E-01    9.62920E-01
    1.16744E+04    1.64798E+00    2.50993E-02    1.20822E+04    1.33976E-08    3.06440E-06   -1.15707E-04    9.80867E-01    9.80376E-01    9.62043E-01
    1.18359E+04    1.67510E+00    2.71233E-02    1.20822E+04    1.40860E-08    3.37080E-06   -1.18636E-04    9.80376E-01    9.79827E-01    9.61075E-01
    1.19998E+04    1.70453E+00    2.94341E-02    1.20822E+04    1.48721E-08    3.74628E-06   -1.21894E-04    9.79827E-01    9.79209E-01    9.59997E-01
    1.21658E+04    1.73664E+00    3.21019E-02    1.20822E+04    1.57809E-08    4.21365E-06   -1.25551E-04    9.79209E-01    9.78505E-01    9.58784E-01
    1.23342E+04    1.77186E+00    3.52223E-02    1.20822E+04    1.68460E-08    4.80674E-06   -1.29703E-04    9.78505E-01    9.77690E-01    9.57404E-01
    1.25049E+04    1.81079E+00    3.89294E-02    1.20822E+04    1.81149E-08    5.57771E-06   -1.34476E-04    9.77690E-01    9.76731E-01    9.55812E-01
    1.26779E+04    1.85421E+00    4.34167E-02    1.20822E+04    1.96560E-08    6.61103E-06   -1.40044E-04    9.76731E-01    9.75580E-01    9.53948E-01
    1.28533E+04    1.90318E+00    4.89747E-02    1.20822E+04    2.15719E-08    8.05213E-06   -1.46653E-04    9.75580E-01    9.74157E-01    9.51721E-01
    1.30312E+04    1.95924E+00    5.60585E-02    1.20822E+04    2.40236E-08    1.01715E-05   -1.54661E-04    9.74157E-01    9.72336E-01    9.48996E-01
    1.32115E+04    2.02466E+00    6.54199E-02    1.20822E+04    2.72763E-08    1.35243E-05   -1.64601E-04    9.72336E-01    9.69881E-01    9.45558E-01
    1.33943E+04    2.10304E+00    7.83834E-02    1.20822E+04    3.17966E-08    1.94019E-05   -1.77257E-04    9.69881E-01    9.66310E-01    9.41043E-01
    1.35796E+04    2.20056E+00    9.75138E-02    1.20822E+04    3.84860E-08    3.12940E-05   -1.93666E-04    9.66310E-01    9.60471E-01    9.34803E-01
    1.37675E+04    2.32965E+00    1.29095E-01    1.20822E+04    4.95709E-08    6.03530E-05   -2.14309E-04    9.60471E-01    9.49055E-01    9.25606E-01
    1.39579E+04    2.53444E+00    2.04794E-01    1.20822E+04    7.65094E-08    1.48731E-04   -2.33213E-04    9.49055E-01    9.20532E-01    9.11114E-01
    1.41510E+04    2.83079E+00    2.96346E-01    1.22494E+04    1.07715E-07    2.33602E-04   -2.30533E-04    9.58555E-01    9.13139E-01    9.20532E-01
    1.43468E+04    3.12440E+00    2.93611E-01    1.25908E+04    1.03832E-07    2.94993E-04   -1.29658E-04    9.62349E-01    9.04206E-01    9.40370E-01
