 # rho, F_z,dF_z, z(rho), E2 (=>sigma2=e0^2*E2), Er, Ez, Ui,j , Ui+1,j , Ui,j-1
    2.50000E-01    8.05304E-05    8.05304E-05    0.00000E+00    6.44243E-04    6.48045E-03   -2.45407E-02    9.84489E-01    9.81249E-01    9.72219E-01
    7.40216E-01    2.31908E-04    1.51377E-04    5.00000E-01    4.25668E-04    2.39933E-03   -2.04917E-02    9.91495E-01    9.90342E-01    9.81249E-01
    1.22396E+00    4.70979E-04    2.39071E-04    5.00000E-01    4.01029E-04    7.73601E-04   -2.00108E-02    9.90342E-01    9.89966E-01    9.80337E-01
    1.71438E+00    8.16205E-04    3.45227E-04    5.00000E-01    4.07813E-04    4.32978E-04   -2.01897E-02    9.89966E-01    9.89752E-01    9.79871E-01
    2.21157E+00    1.27945E-03    4.63250E-04    5.00000E-01    4.18433E-04    3.80088E-04   -2.04521E-02    9.89752E-01    9.89561E-01    9.79526E-01
    2.71562E+00    1.87345E-03    5.93993E-04    5.00000E-01    4.30994E-04    4.32502E-04   -2.07559E-02    9.89561E-01    9.89342E-01    9.79184E-01
    3.22663E+00    2.61465E-03    7.41204E-04    5.00000E-01    4.46474E-04    5.63235E-04   -2.11224E-02    9.89342E-01    9.89052E-01    9.78781E-01
    3.74469E+00    3.52578E-03    9.11127E-04    5.00000E-01    4.66464E-04    8.11943E-04   -2.15825E-02    9.89052E-01    9.88629E-01    9.78261E-01
    4.26990E+00    4.63896E-03    1.11318E-03    5.00000E-01    4.93004E-04    1.32386E-03   -2.21642E-02    9.88629E-01    9.87929E-01    9.77547E-01
    4.80235E+00    5.99929E-03    1.36033E-03    5.00000E-01    5.28374E-04    2.57168E-03   -2.28421E-02    9.87929E-01    9.86550E-01    9.76508E-01
    5.34216E+00    7.68355E-03    1.68426E-03    5.00000E-01    5.80083E-04    6.27666E-03   -2.32527E-02    9.86550E-01    9.83139E-01    9.74924E-01
    5.88941E+00    9.07513E-03    1.39158E-03    9.80431E-01    4.28828E-04    4.47555E-03   -2.02187E-02    9.93248E-01    9.90782E-01    9.83139E-01
    6.44421E+00    1.06002E-02    1.52505E-03    9.80431E-01    4.23649E-04    2.73505E-03   -2.04002E-02    9.90782E-01    9.89254E-01    9.80582E-01
    7.00668E+00    1.25045E-02    1.90432E-03    9.80431E-01    4.79920E-04    3.32406E-03   -2.16534E-02    9.89254E-01    9.87372E-01    9.78427E-01
    7.57690E+00    1.49709E-02    2.46645E-03    9.80431E-01    5.66984E-04    7.19181E-03   -2.26994E-02    9.87372E-01    9.83243E-01    9.76022E-01
    8.15499E+00    1.69956E-02    2.02461E-03    1.46749E+00    4.26535E-04    4.99247E-03   -2.00402E-02    9.92870E-01    9.89965E-01    9.83243E-01
    8.74106E+00    1.93430E-02    2.34742E-03    1.46749E+00    4.55105E-04    4.29983E-03   -2.08954E-02    9.89965E-01    9.87427E-01    9.79926E-01
    9.33522E+00    2.25262E-02    3.18326E-03    1.46749E+00    5.70006E-04    8.28941E-03   -2.23895E-02    9.87427E-01    9.82468E-01    9.76671E-01
    9.93758E+00    2.52268E-02    2.70061E-03    1.96127E+00    4.48087E-04    6.38962E-03   -2.01807E-02    9.92298E-01    9.88422E-01    9.82468E-01
    1.05482E+01    2.86477E-02    3.42089E-03    1.96127E+00    5.27456E-04    8.88213E-03   -2.11793E-02    9.88422E-01    9.82961E-01    9.78107E-01
    1.11673E+01    3.15019E-02    2.85412E-03    2.46187E+00    4.10013E-04    6.41874E-03   -1.92045E-02    9.92444E-01    9.88443E-01    9.82961E-01
    1.17950E+01    3.53147E-02    3.81280E-03    2.46187E+00    5.11529E-04    9.15598E-03   -2.06808E-02    9.88443E-01    9.82657E-01    9.78231E-01
    1.24313E+01    3.85941E-02    3.27942E-03    2.96938E+00    4.11768E-04    6.79371E-03   -1.91210E-02    9.92229E-01    9.87876E-01    9.82657E-01
    1.30764E+01    4.32017E-02    4.60764E-03    2.96938E+00    5.42512E-04    1.04361E-02   -2.08231E-02    9.87876E-01    9.81098E-01    9.77452E-01
    1.37304E+01    4.76892E-02    4.48752E-03    3.48388E+00    4.96354E-04    1.09631E-02   -1.93950E-02    9.90941E-01    9.83722E-01    9.81098E-01
    1.43934E+01    5.09950E-02    3.30573E-03    4.00549E+00    3.44048E-04    7.00424E-03   -1.71752E-02    9.92559E-01    9.87883E-01    9.83722E-01
    1.50655E+01    5.62767E-02    5.28176E-03    4.00549E+00    5.18032E-04    1.11390E-02   -1.98483E-02    9.87883E-01    9.80345E-01    9.77671E-01
    1.57470E+01    6.19308E-02    5.65402E-03    4.53430E+00    5.23323E-04    1.25092E-02   -1.91531E-02    9.90335E-01    9.81753E-01    9.80345E-01
    1.64378E+01    6.70425E-02    5.11176E-03    5.07040E+00    4.47079E-04    1.20702E-02   -1.73606E-02    9.90933E-01    9.82537E-01    9.81753E-01
    1.71382E+01    7.18201E-02    4.77760E-03    5.61391E+00    3.95321E-04    1.11424E-02   -1.64672E-02    9.91366E-01    9.83508E-01    9.82537E-01
    1.78482E+01    7.59104E-02    4.09028E-03    6.16491E+00    3.20561E-04    7.81467E-03   -1.61088E-02    9.92263E-01    9.86677E-01    9.83508E-01
    1.85680E+01    8.35667E-02    7.65630E-03    6.16491E+00    5.68922E-04    1.41924E-02   -1.91702E-02    9.86677E-01    9.76390E-01    9.76258E-01
    1.92978E+01    8.79117E-02    4.34504E-03    7.28983E+00    3.06432E-04    1.25316E-02   -1.22226E-02    9.92163E-01    9.82955E-01    9.85335E-01
    2.00377E+01    9.33760E-02    5.46430E-03    7.86396E+00    3.66086E-04    1.23432E-02   -1.46196E-02    9.91234E-01    9.82039E-01    9.82955E-01
    2.07877E+01    9.95449E-02    6.16886E-03    8.44602E+00    3.92954E-04    1.26702E-02   -1.52453E-02    9.90792E-01    9.81224E-01    9.82039E-01
    2.15481E+01    1.06548E-01    7.00327E-03    9.03610E+00    4.24505E-04    1.34477E-02   -1.56098E-02    9.90309E-01    9.80014E-01    9.81224E-01
    2.23190E+01    1.15206E-01    8.65752E-03    9.63433E+00    4.99755E-04    1.56892E-02   -1.59249E-02    9.89411E-01    9.77233E-01    9.80014E-01
    2.31005E+01    1.20624E-01    5.41847E-03    1.08557E+01    2.98086E-04    1.34673E-02   -1.08036E-02    9.91808E-01    9.81211E-01    9.85256E-01
    2.38929E+01    1.29087E-01    8.46283E-03    1.14790E+01    4.43999E-04    1.58238E-02   -1.39142E-02    9.89766E-01    9.77142E-01    9.81211E-01
    2.46961E+01    1.35916E-01    6.82939E-03    1.27516E+01    3.41929E-04    1.54636E-02   -1.01394E-02    9.91141E-01    9.78635E-01    9.84734E-01
    2.55104E+01    1.42402E-01    6.48556E-03    1.40596E+01    3.10070E-04    1.50184E-02   -9.19334E-03    9.91451E-01    9.79137E-01    9.85480E-01
    2.63360E+01    1.48909E-01    6.50680E-03    1.54039E+01    2.97232E-04    1.48963E-02   -8.67945E-03    9.91493E-01    9.79110E-01    9.85699E-01
    2.71730E+01    1.56017E-01    7.10838E-03    1.67856E+01    3.10426E-04    1.55301E-02   -8.32123E-03    9.91217E-01    9.78129E-01    9.85507E-01
    2.80215E+01    1.61837E-01    5.81945E-03    1.89304E+01    2.43088E-04    1.43058E-02   -6.19944E-03    9.92244E-01    9.80022E-01    9.87812E-01
    2.88817E+01    1.67071E-01    5.23453E-03    2.11653E+01    2.09255E-04    1.33947E-02   -5.46224E-03    9.92619E-01    9.81018E-01    9.88550E-01
    2.97538E+01    1.71893E-01    4.82199E-03    2.34940E+01    1.84566E-04    1.26518E-02   -4.94941E-03    9.92866E-01    9.81757E-01    9.89025E-01
    3.06380E+01    1.76342E-01    4.44863E-03    2.59204E+01    1.63111E-04    1.19423E-02   -4.52695E-03    9.93087E-01    9.82456E-01    9.89426E-01
    3.15343E+01    1.80231E-01    3.88908E-03    2.84487E+01    1.36656E-04    1.09190E-02   -4.17500E-03    9.93437E-01    9.83583E-01    9.89919E-01
    3.24430E+01    1.84996E-01    4.76542E-03    3.01929E+01    1.60543E-04    1.16804E-02   -4.91026E-03    9.92602E-01    9.81915E-01    9.88349E-01
    3.33642E+01    1.89212E-01    4.21596E-03    3.29005E+01    1.36231E-04    1.10142E-02   -3.86243E-03    9.93146E-01    9.82930E-01    9.89660E-01
    3.42982E+01    1.93089E-01    3.87665E-03    3.57217E+01    1.20197E-04    1.03909E-02   -3.49652E-03    9.93380E-01    9.83608E-01    9.90092E-01
    3.52451E+01    1.96480E-01    3.39124E-03    3.86614E+01    1.00929E-04    9.51515E-03   -3.22349E-03    9.93719E-01    9.84648E-01    9.90561E-01
    3.62050E+01    2.00526E-01    4.04622E-03    4.06894E+01    1.15634E-04    1.00543E-02   -3.81378E-03    9.93007E-01    9.83290E-01    9.89166E-01
    3.71781E+01    2.03866E-01    3.33953E-03    4.38376E+01    9.16742E-05    9.10101E-03   -2.97418E-03    9.93700E-01    9.84782E-01    9.90579E-01
    3.81647E+01    2.07769E-01    3.90318E-03    4.60094E+01    1.02957E-04    9.53306E-03   -3.47525E-03    9.93067E-01    9.83597E-01    9.89319E-01
    3.91649E+01    2.10930E-01    3.16053E-03    4.93809E+01    8.01323E-05    8.54253E-03   -2.67534E-03    9.93811E-01    9.85208E-01    9.90804E-01
    4.01789E+01    2.14439E-01    3.50986E-03    5.17068E+01    8.55628E-05    8.70059E-03   -3.14048E-03    9.93339E-01    9.84456E-01    9.89711E-01
    4.12069E+01    2.18301E-01    3.86205E-03    5.40974E+01    9.05501E-05    8.97826E-03   -3.15294E-03    9.93018E-01    9.83725E-01    9.89275E-01
    4.22491E+01    2.21363E-01    3.06205E-03    5.78084E+01    6.90691E-05    7.97435E-03   -2.34071E-03    9.93847E-01    9.85480E-01    9.90952E-01
    4.33057E+01    2.24691E-01    3.32782E-03    6.03685E+01    7.22355E-05    8.04442E-03   -2.74278E-03    9.93452E-01    9.84894E-01    9.89965E-01
    4.43768E+01    2.28175E-01    3.48406E-03    6.29998E+01    7.27970E-05    8.07612E-03   -2.75196E-03    9.93283E-01    9.84573E-01    9.89687E-01
    4.54628E+01    2.31906E-01    3.73056E-03    6.57041E+01    7.50500E-05    8.23621E-03   -2.68602E-03    9.93066E-01    9.84060E-01    9.89458E-01
    4.65637E+01    2.34835E-01    2.92919E-03    6.99023E+01    5.67518E-05    7.27554E-03   -1.95404E-03    9.93921E-01    9.85856E-01    9.91186E-01
    4.76798E+01    2.37964E-01    3.12919E-03    7.27985E+01    5.84017E-05    7.28990E-03   -2.29326E-03    9.93591E-01    9.85398E-01    9.90292E-01
    4.88113E+01    2.41160E-01    3.19537E-03    7.57752E+01    5.74613E-05    7.22664E-03   -2.28845E-03    9.93502E-01    9.85269E-01    9.90119E-01
    4.99584E+01    2.44378E-01    3.21832E-03    7.88346E+01    5.57754E-05    7.12662E-03   -2.23309E-03    9.93469E-01    9.85238E-01    9.90077E-01
    5.11214E+01    2.47599E-01    3.22061E-03    8.19791E+01    5.38029E-05    7.00856E-03   -2.16402E-03    9.93460E-01    9.85254E-01    9.90081E-01
    5.23004E+01    2.50808E-01    3.20937E-03    8.52109E+01    5.16931E-05    6.87924E-03   -2.09026E-03    9.93466E-01    9.85299E-01    9.90111E-01
    5.34957E+01    2.53994E-01    3.18635E-03    8.85325E+01    4.94927E-05    6.74038E-03   -2.01493E-03    9.93483E-01    9.85371E-01    9.90160E-01
    5.47074E+01    2.57144E-01    3.14963E-03    9.19465E+01    4.71874E-05    6.58988E-03   -1.93929E-03    9.93514E-01    9.85474E-01    9.90227E-01
    5.59359E+01    2.60235E-01    3.09096E-03    9.54553E+01    4.46749E-05    6.41872E-03   -1.86411E-03    9.93567E-01    9.85628E-01    9.90319E-01
    5.71814E+01    2.63215E-01    2.98050E-03    9.90617E+01    4.15664E-05    6.19314E-03   -1.79206E-03    9.93670E-01    9.85904E-01    9.90460E-01
    5.84440E+01    2.65859E-01    2.64403E-03    1.02768E+02    3.55863E-05    5.70109E-03   -1.75609E-03    9.93990E-01    9.86742E-01    9.90758E-01
    5.97241E+01    2.69765E-01    3.90573E-03    1.04660E+02    5.07407E-05    6.42844E-03   -3.06853E-03    9.92468E-01    9.84183E-01    9.86742E-01
    6.10218E+01    2.73101E-01    3.33561E-03    1.08522E+02    4.18353E-05    6.21228E-03   -1.80078E-03    9.93297E-01    9.85180E-01    9.89843E-01
    6.23374E+01    2.76270E-01    3.16912E-03    1.12492E+02    3.83786E-05    5.97450E-03   -1.63827E-03    9.93482E-01    9.85568E-01    9.90252E-01
    6.36712E+01    2.79280E-01    3.00978E-03    1.16571E+02    3.51997E-05    5.72712E-03   -1.54915E-03    9.93639E-01    9.85948E-01    9.90501E-01
    6.50234E+01    2.81932E-01    2.65260E-03    1.20765E+02    2.99638E-05    5.26236E-03   -1.50710E-03    9.93986E-01    9.86822E-01    9.90848E-01
    6.63943E+01    2.85785E-01    3.85291E-03    1.22905E+02    4.20438E-05    5.89443E-03   -2.70175E-03    9.92525E-01    9.84389E-01    9.86822E-01
    6.77840E+01    2.89033E-01    3.24782E-03    1.27274E+02    3.42416E-05    5.64789E-03   -1.53066E-03    9.93384E-01    9.85481E-01    9.90063E-01
    6.91930E+01    2.92051E-01    3.01845E-03    1.31764E+02    3.07510E-05    5.36890E-03   -1.38778E-03    9.93630E-01    9.86014E-01    9.90536E-01
    7.06214E+01    2.94688E-01    2.63608E-03    1.36380E+02    2.59542E-05    4.91617E-03   -1.33623E-03    9.94010E-01    9.86940E-01    9.90948E-01
    7.20695E+01    2.98460E-01    3.77253E-03    1.38735E+02    3.59017E-05    5.47229E-03   -2.44044E-03    9.92610E-01    9.84631E-01    9.86940E-01
    7.35376E+01    3.01572E-01    3.11157E-03    1.43544E+02    2.86254E-05    5.17774E-03   -1.34772E-03    9.93520E-01    9.85867E-01    9.90302E-01
    7.50259E+01    3.04239E-01    2.66749E-03    1.48487E+02    2.37258E-05    4.70939E-03   -1.24396E-03    9.93980E-01    9.86923E-01    9.90927E-01
    7.65348E+01    3.08014E-01    3.77447E-03    1.51010E+02    3.24619E-05    5.21750E-03   -2.28901E-03    9.92619E-01    9.84692E-01    9.86923E-01
    7.80645E+01    3.11095E-01    3.08153E-03    1.56160E+02    2.56293E-05    4.90903E-03   -1.23724E-03    9.93557E-01    9.85996E-01    9.90393E-01
    7.96153E+01    3.13709E-01    2.61411E-03    1.61453E+02    2.10281E-05    4.44224E-03   -1.13780E-03    9.94045E-01    9.87109E-01    9.91055E-01
    8.11876E+01    3.17348E-01    3.63901E-03    1.64155E+02    2.83148E-05    4.88059E-03   -2.12005E-03    9.92759E-01    9.85033E-01    9.87109E-01
    8.27815E+01    3.20087E-01    2.73865E-03    1.69671E+02    2.06144E-05    4.39162E-03   -1.15241E-03    9.93900E-01    9.86852E-01    9.90743E-01
    8.43974E+01    3.23844E-01    3.75703E-03    1.72486E+02    2.73609E-05    4.79538E-03   -2.08932E-03    9.92653E-01    9.84851E-01    9.86852E-01
    8.60356E+01    3.26644E-01    2.79980E-03    1.78233E+02    1.97293E-05    4.30051E-03   -1.11125E-03    9.93842E-01    9.86749E-01    9.90671E-01
    8.76964E+01    3.30469E-01    3.82521E-03    1.81166E+02    2.60846E-05    4.68969E-03   -2.02272E-03    9.92601E-01    9.84759E-01    9.86749E-01
    8.93802E+01    3.33329E-01    2.86013E-03    1.87154E+02    1.88757E-05    4.21249E-03   -1.06331E-03    9.93789E-01    9.86648E-01    9.90627E-01
    9.10872E+01    3.37248E-01    3.91878E-03    1.90210E+02    2.50323E-05    4.60747E-03   -1.95026E-03    9.92527E-01    9.84609E-01    9.86648E-01
    9.28177E+01    3.40375E-01    3.12727E-03    1.96450E+02    1.93370E-05    4.28421E-03   -9.91240E-04    9.93545E-01    9.86080E-01    9.90473E-01
    9.45721E+01    3.43000E-01    2.62469E-03    2.02863E+02    1.57115E-05    3.85979E-03   -9.01908E-04    9.94069E-01    9.87251E-01    9.91196E-01
    9.63507E+01    3.46573E-01    3.57303E-03    2.06136E+02    2.07077E-05    4.20450E-03   -1.74066E-03    9.92870E-01    9.85341E-01    9.87251E-01
    9.81539E+01    3.49179E-01    2.60599E-03    2.12818E+02    1.46239E-05    3.71481E-03   -9.07783E-04    9.94075E-01    9.87331E-01    9.91063E-01
    9.99820E+01    3.52542E-01    3.36328E-03    2.16229E+02    1.82762E-05    3.91886E-03   -1.70844E-03    9.93078E-01    9.85865E-01    9.87331E-01
    1.01835E+02    3.56622E-01    4.07994E-03    2.19686E+02    2.14708E-05    4.22083E-03   -1.91190E-03    9.92385E-01    9.84509E-01    9.85865E-01
    1.03714E+02    3.59504E-01    2.88201E-03    2.26745E+02    1.46892E-05    3.72732E-03   -8.92349E-04    9.93793E-01    9.86742E-01    9.90665E-01
    1.05619E+02    3.63344E-01    3.84033E-03    2.30347E+02    1.89590E-05    4.02512E-03   -1.66053E-03    9.92643E-01    9.84923E-01    9.86742E-01
    1.07550E+02    3.66158E-01    2.81319E-03    2.37703E+02    1.34532E-05    3.57299E-03   -8.28805E-04    9.93879E-01    9.86932E-01    9.90852E-01
    1.09508E+02    3.69898E-01    3.74024E-03    2.41456E+02    1.73276E-05    3.85486E-03   -1.57089E-03    9.92749E-01    9.85150E-01    9.86932E-01
    1.11492E+02    3.72587E-01    2.68911E-03    2.49120E+02    1.20697E-05    3.38438E-03   -7.84616E-04    9.94016E-01    9.87253E-01    9.91030E-01
    1.13505E+02    3.76019E-01    3.43223E-03    2.53032E+02    1.49259E-05    3.55904E-03   -1.50305E-03    9.93052E-01    9.85841E-01    9.87253E-01
    1.15544E+02    3.80135E-01    4.11548E-03    2.56997E+02    1.73419E-05    3.81198E-03   -1.67652E-03    9.92399E-01    9.84569E-01    9.85841E-01
    1.17612E+02    3.83023E-01    2.88808E-03    2.65093E+02    1.17931E-05    3.34921E-03   -7.58898E-04    9.93819E-01    9.86845E-01    9.90768E-01
    1.19709E+02    3.86819E-01    3.79613E-03    2.69224E+02    1.50223E-05    3.59730E-03   -1.44281E-03    9.92725E-01    9.85131E-01    9.86845E-01
    1.21835E+02    3.89529E-01    2.71041E-03    2.77660E+02    1.03952E-05    3.14643E-03   -7.03712E-04    9.94015E-01    9.87281E-01    9.91067E-01
    1.23989E+02    3.92961E-01    3.43137E-03    2.81965E+02    1.27556E-05    3.30002E-03   -1.36581E-03    9.93081E-01    9.85921E-01    9.87281E-01
    1.26174E+02    3.97033E-01    4.07246E-03    2.86330E+02    1.46741E-05    3.51589E-03   -1.52073E-03    9.92469E-01    9.84735E-01    9.85921E-01
    1.28389E+02    3.99821E-01    2.78819E-03    2.95241E+02    9.73886E-06    3.04610E-03   -6.78349E-04    9.93941E-01    9.87148E-01    9.90939E-01
    1.30634E+02    4.03326E-01    3.50435E-03    2.99788E+02    1.18662E-05    3.18575E-03   -1.31042E-03    9.93027E-01    9.85825E-01    9.87148E-01
    1.32910E+02    4.07460E-01    4.13420E-03    3.04399E+02    1.35719E-05    3.38545E-03   -1.45281E-03    9.92432E-01    9.84673E-01    9.85825E-01
    1.35218E+02    4.10283E-01    2.82328E-03    3.13812E+02    8.98620E-06    2.92859E-03   -6.39957E-04    9.93917E-01    9.87113E-01    9.90926E-01
    1.37558E+02    4.13821E-01    3.53778E-03    3.18616E+02    1.09182E-05    3.06082E-03   -1.24480E-03    9.93012E-01    9.85802E-01    9.87113E-01
    1.39929E+02    4.17982E-01    4.16113E-03    3.23487E+02    1.24524E-05    3.24821E-03   -1.37896E-03    9.92426E-01    9.84669E-01    9.85802E-01
    1.42334E+02    4.20824E-01    2.84231E-03    3.33430E+02    8.24825E-06    2.80832E-03   -6.01305E-04    9.93911E-01    9.87112E-01    9.90942E-01
    1.44772E+02    4.24377E-01    3.55282E-03    3.38505E+02    9.99854E-06    2.93403E-03   -1.17900E-03    9.93014E-01    9.85812E-01    9.87112E-01
    1.47243E+02    4.28545E-01    4.16805E-03    3.43650E+02    1.13761E-05    3.10992E-03   -1.30555E-03    9.92438E-01    9.84699E-01    9.85812E-01
    1.49749E+02    4.31394E-01    2.84840E-03    3.54153E+02    7.54015E-06    2.68744E-03   -5.63762E-04    9.93917E-01    9.87138E-01    9.90976E-01
    1.52289E+02    4.34945E-01    3.55133E-03    3.59514E+02    9.11830E-06    2.80648E-03   -1.11443E-03    9.93030E-01    9.85853E-01    9.87138E-01
    1.54864E+02    4.39099E-01    4.15453E-03    3.64949E+02    1.03469E-05    2.97072E-03   -1.23358E-03    9.92466E-01    9.84764E-01    9.85853E-01
    1.57474E+02    4.41937E-01    2.83704E-03    3.76045E+02    6.85394E-06    2.56430E-03   -5.27562E-04    9.93940E-01    9.87200E-01    9.91033E-01
    1.60121E+02    4.45461E-01    3.52464E-03    3.81708E+02    8.26036E-06    2.67503E-03   -1.05099E-03    9.93071E-01    9.85942E-01    9.87200E-01
    1.62804E+02    4.49565E-01    4.10414E-03    3.87449E+02    9.33120E-06    2.82479E-03   -1.16266E-03    9.92526E-01    9.84895E-01    9.85942E-01
    1.65524E+02    4.52340E-01    2.77457E-03    3.99170E+02    6.12015E-06    2.42422E-03   -4.93277E-04    9.94015E-01    9.87375E-01    9.91144E-01
    1.68282E+02    4.55737E-01    3.39734E-03    4.05152E+02    7.27071E-06    2.50875E-03   -9.88366E-04    9.93207E-01    9.86241E-01    9.87375E-01
    1.71078E+02    4.59542E-01    3.80513E-03    4.11217E+02    7.90130E-06    2.58746E-03   -1.09835E-03    9.92812E-01    9.85528E-01    9.86241E-01
    1.73912E+02    4.63814E-01    4.27181E-03    4.17365E+02    8.60701E-06    2.70640E-03   -1.13244E-03    9.92396E-01    9.84672E-01    9.85528E-01
    1.76786E+02    4.66648E-01    2.83356E-03    4.29917E+02    5.53993E-06    2.30750E-03   -4.64075E-04    9.93967E-01    9.87291E-01    9.91074E-01
    1.79699E+02    4.70098E-01    3.45021E-03    4.36324E+02    6.54585E-06    2.38301E-03   -9.31191E-04    9.93175E-01    9.86185E-01    9.87291E-01
    1.82653E+02    4.73943E-01    3.84501E-03    4.42818E+02    7.07924E-06    2.45247E-03   -1.03182E-03    9.92796E-01    9.85503E-01    9.86185E-01
    1.85647E+02    4.78238E-01    4.29490E-03    4.49403E+02    7.67411E-06    2.55877E-03   -1.06152E-03    9.92397E-01    9.84683E-01    9.85503E-01
    1.88682E+02    4.81070E-01    2.83179E-03    4.62846E+02    4.91066E-06    2.17378E-03   -4.30512E-04    9.93983E-01    9.87339E-01    9.91109E-01
    1.91760E+02    4.84492E-01    3.42204E-03    4.69706E+02    5.75951E-06    2.23700E-03   -8.69093E-04    9.93221E-01    9.86290E-01    9.87339E-01
    1.94879E+02    4.88253E-01    3.76128E-03    4.76662E+02    6.14434E-06    2.28431E-03   -9.62430E-04    9.92893E-01    9.85717E-01    9.86290E-01
    1.98042E+02    4.92303E-01    4.05011E-03    4.83713E+02    6.42188E-06    2.33094E-03   -9.94288E-04    9.92633E-01    9.85210E-01    9.85717E-01
    2.01249E+02    4.96763E-01    4.46014E-03    4.90862E+02    6.86462E-06    2.42056E-03   -1.00276E-03    9.92281E-01    9.84466E-01    9.85210E-01
    2.04499E+02    4.99694E-01    2.93092E-03    5.05457E+02    4.37886E-06    2.05429E-03   -3.98435E-04    9.93900E-01    9.87177E-01    9.91013E-01
    2.07795E+02    5.03240E-01    3.54571E-03    5.12906E+02    5.14238E-06    2.11822E-03   -8.09651E-04    9.93125E-01    9.86097E-01    9.87177E-01
    2.11136E+02    5.07169E-01    3.92906E-03    5.20457E+02    5.53185E-06    2.17506E-03   -8.94962E-04    9.92763E-01    9.85446E-01    9.86097E-01
    2.14523E+02    5.11533E-01    4.36367E-03    5.28113E+02    5.96443E-06    2.26286E-03   -9.18623E-04    9.92383E-01    9.84666E-01    9.85446E-01
    2.17957E+02    5.14410E-01    2.87760E-03    5.43743E+02    3.81855E-06    1.91972E-03   -3.64987E-04    9.93968E-01    9.87331E-01    9.91135E-01
    2.21439E+02    5.17870E-01    3.46006E-03    5.51721E+02    4.45777E-06    1.97407E-03   -7.48868E-04    9.93223E-01    9.86304E-01    9.87331E-01
    2.24968E+02    5.21656E-01    3.78536E-03    5.59808E+02    4.73502E-06    2.01221E-03   -8.28281E-04    9.92911E-01    9.85760E-01    9.86304E-01
    2.28546E+02    5.25711E-01    4.05576E-03    5.68007E+02    4.92585E-06    2.04844E-03   -8.54257E-04    9.92669E-01    9.85289E-01    9.85760E-01
    2.32174E+02    5.30149E-01    4.43786E-03    5.76319E+02    5.23349E-06    2.11982E-03   -8.60155E-04    9.92342E-01    9.84599E-01    9.85289E-01
    2.35851E+02    5.33046E-01    2.89662E-03    5.93288E+02    3.31689E-06    1.79007E-03   -3.35464E-04    9.93964E-01    9.87335E-01    9.91137E-01
    2.39579E+02    5.36507E-01    3.46168E-03    6.01949E+02    3.84913E-06    1.83609E-03   -6.91300E-04    9.93241E-01    9.86349E-01    9.87335E-01
    2.43359E+02    5.40264E-01    3.75665E-03    6.10730E+02    4.05627E-06    1.86384E-03   -7.63126E-04    9.92958E-01    9.85865E-01    9.86349E-01
    2.47191E+02    5.44234E-01    3.96949E-03    6.19631E+02    4.16220E-06    1.88261E-03   -7.86109E-04    9.92767E-01    9.85504E-01    9.85865E-01
    2.51076E+02    5.48424E-01    4.19043E-03    6.28656E+02    4.26700E-06    1.90678E-03   -7.94480E-04    9.92576E-01    9.85118E-01    9.85504E-01
    2.55014E+02    5.52970E-01    4.54630E-03    6.37805E+02    4.49583E-06    1.96635E-03   -7.93277E-04    9.92277E-01    9.84480E-01    9.85118E-01
    2.59007E+02    5.55925E-01    2.95450E-03    6.56483E+02    2.83751E-06    1.65668E-03   -3.04829E-04    9.93924E-01    9.87264E-01    9.91096E-01
    2.63055E+02    5.59445E-01    3.51983E-03    6.66016E+02    3.28312E-06    1.69806E-03   -6.32242E-04    9.93209E-01    9.86288E-01    9.87264E-01
    2.67158E+02    5.63255E-01    3.80988E-03    6.75681E+02    3.45146E-06    1.72208E-03   -6.97055E-04    9.92933E-01    9.85818E-01    9.86288E-01
    2.71319E+02    5.67271E-01    4.01684E-03    6.85479E+02    3.53437E-06    1.73781E-03   -7.17197E-04    9.92749E-01    9.85470E-01    9.85818E-01
    2.75536E+02    5.71503E-01    4.23161E-03    6.95412E+02    3.61644E-06    1.75844E-03   -7.24108E-04    9.92565E-01    9.85097E-01    9.85470E-01
    2.79812E+02    5.76083E-01    4.58038E-03    7.05482E+02    3.80222E-06    1.81117E-03   -7.22418E-04    9.92273E-01    9.84476E-01    9.85097E-01
    2.84147E+02    5.79062E-01    2.97894E-03    7.26041E+02    2.40197E-06    1.52527E-03   -2.74830E-04    9.93917E-01    9.87259E-01    9.91111E-01
    2.88542E+02    5.82603E-01    3.54105E-03    7.36534E+02    2.77346E-06    1.56299E-03   -5.74894E-04    9.93209E-01    9.86293E-01    9.87259E-01
    2.92998E+02    5.86429E-01    3.82535E-03    7.47172E+02    2.91040E-06    1.58401E-03   -6.33492E-04    9.92941E-01    9.85835E-01    9.86293E-01
    2.97514E+02    5.90454E-01    4.02534E-03    7.57957E+02    2.97501E-06    1.59712E-03   -6.51317E-04    9.92763E-01    9.85500E-01    9.85835E-01
    3.02094E+02    5.94685E-01    4.23144E-03    7.68890E+02    3.03800E-06    1.61438E-03   -6.57107E-04    9.92586E-01    9.85143E-01    9.85500E-01
    3.06736E+02    5.99253E-01    4.56746E-03    7.79974E+02    3.18565E-06    1.66027E-03   -6.55109E-04    9.92306E-01    9.84545E-01    9.85143E-01
    3.11443E+02    6.02218E-01    2.96506E-03    8.02604E+02    2.00906E-06    1.39575E-03   -2.46850E-04    9.93945E-01    9.87331E-01    9.91172E-01
    3.16214E+02    6.05727E-01    3.50911E-03    8.14153E+02    2.30994E-06    1.42804E-03   -5.20243E-04    9.93258E-01    9.86398E-01    9.87331E-01
    3.21051E+02    6.09496E-01    3.76864E-03    8.25862E+02    2.41014E-06    1.44299E-03   -5.72655E-04    9.93011E-01    9.85983E-01    9.86398E-01
    3.25955E+02    6.13425E-01    3.92943E-03    8.37732E+02    2.44147E-06    1.44766E-03   -5.87997E-04    9.92868E-01    9.85720E-01    9.85983E-01
    3.30927E+02    6.17485E-01    4.05935E-03    8.49766E+02    2.45049E-06    1.44884E-03   -5.92751E-04    9.92756E-01    9.85504E-01    9.85720E-01
    3.35967E+02    6.21675E-01    4.19061E-03    8.61967E+02    2.45785E-06    1.45109E-03   -5.93451E-04    9.92646E-01    9.85281E-01    9.85504E-01
    3.41077E+02    6.26035E-01    4.35962E-03    8.74335E+02    2.48438E-06    1.46078E-03   -5.92026E-04    9.92504E-01    9.84989E-01    9.85281E-01
    3.46258E+02    6.30708E-01    4.67313E-03    8.86875E+02    2.58749E-06    1.49772E-03   -5.86804E-04    9.92247E-01    9.84435E-01    9.84989E-01
    3.51510E+02    6.33731E-01    3.02270E-03    9.12475E+02    1.62621E-06    1.25644E-03   -2.18104E-04    9.93908E-01    9.87264E-01    9.91135E-01
    3.56834E+02    6.37297E-01    3.56637E-03    9.25541E+02    1.86435E-06    1.28459E-03   -4.62783E-04    9.93228E-01    9.86342E-01    9.87264E-01
    3.62232E+02    6.41117E-01    3.82034E-03    9.38787E+02    1.94057E-06    1.29681E-03   -5.08773E-04    9.92989E-01    9.85941E-01    9.86342E-01
    3.67704E+02    6.45092E-01    3.97464E-03    9.52216E+02    1.96183E-06    1.29983E-03   -5.21786E-04    9.92853E-01    9.85691E-01    9.85941E-01
    3.73252E+02    6.49190E-01    4.09787E-03    9.65830E+02    1.96547E-06    1.29975E-03   -5.25471E-04    9.92747E-01    9.85487E-01    9.85691E-01
    3.78876E+02    6.53412E-01    4.22218E-03    9.79632E+02    1.96787E-06    1.30061E-03   -5.25615E-04    9.92643E-01    9.85278E-01    9.85487E-01
    3.84578E+02    6.57796E-01    4.38353E-03    9.93624E+02    1.98538E-06    1.30801E-03   -5.23915E-04    9.92509E-01    9.84999E-01    9.85278E-01
    3.90359E+02    6.62483E-01    4.68721E-03    1.00781E+03    2.06302E-06    1.33931E-03   -5.18906E-04    9.92260E-01    9.84465E-01    9.84999E-01
    3.96220E+02    6.65514E-01    3.03099E-03    1.03677E+03    1.29643E-06    1.12248E-03   -1.90970E-04    9.93917E-01    9.87294E-01    9.91171E-01
    4.02161E+02    6.69079E-01    3.56540E-03    1.05155E+03    1.48203E-06    1.14679E-03   -4.08527E-04    9.93250E-01    9.86390E-01    9.87294E-01
    4.08184E+02    6.72886E-01    3.80696E-03    1.06654E+03    1.53786E-06    1.15606E-03   -4.48751E-04    9.93023E-01    9.86012E-01    9.86390E-01
    4.14291E+02    6.76831E-01    3.94503E-03    1.08173E+03    1.54878E-06    1.15647E-03   -4.59728E-04    9.92901E-01    9.85790E-01    9.86012E-01
    4.20481E+02    6.80876E-01    4.04489E-03    1.09713E+03    1.54330E-06    1.15303E-03   -4.62423E-04    9.92815E-01    9.85628E-01    9.85790E-01
    4.26758E+02    6.85007E-01    4.13092E-03    1.11274E+03    1.53181E-06    1.14821E-03   -4.61976E-04    9.92743E-01    9.85488E-01    9.85628E-01
    4.33120E+02    6.89224E-01    4.21706E-03    1.12857E+03    1.51980E-06    1.14371E-03   -4.60141E-04    9.92672E-01    9.85345E-01    9.85488E-01
    4.39571E+02    6.93542E-01    4.31795E-03    1.14462E+03    1.51246E-06    1.14150E-03   -4.57634E-04    9.92589E-01    9.85175E-01    9.85345E-01
    4.46111E+02    6.98005E-01    4.46272E-03    1.16089E+03    1.51928E-06    1.14571E-03   -4.54578E-04    9.92470E-01    9.84927E-01    9.85175E-01
    4.52741E+02    7.02758E-01    4.75328E-03    1.17738E+03    1.57280E-06    1.17090E-03   -4.49206E-04    9.92235E-01    9.84419E-01    9.84927E-01
    4.59462E+02    7.05828E-01    3.07017E-03    1.21106E+03    9.87394E-07    9.80139E-04   -1.63464E-04    9.93899E-01    9.87266E-01    9.91165E-01
    4.66276E+02    7.09430E-01    3.60166E-03    1.22824E+03    1.12586E-06    1.00083E-03   -3.52431E-04    9.93240E-01    9.86374E-01    9.87266E-01
    4.73184E+02    7.13266E-01    3.83631E-03    1.24567E+03    1.16562E-06    1.00798E-03   -3.86771E-04    9.93021E-01    9.86010E-01    9.86374E-01
    4.80188E+02    7.17232E-01    3.96612E-03    1.26333E+03    1.17132E-06    1.00729E-03   -3.95832E-04    9.92907E-01    9.85804E-01    9.86010E-01
    4.87288E+02    7.21288E-01    4.05627E-03    1.28124E+03    1.16442E-06    1.00310E-03   -3.97770E-04    9.92830E-01    9.85659E-01    9.85804E-01
    4.94486E+02    7.25419E-01    4.13014E-03    1.29939E+03    1.15246E-06    9.97421E-04   -3.97007E-04    9.92768E-01    9.85540E-01    9.85659E-01
    5.01783E+02    7.29618E-01    4.19940E-03    1.31780E+03    1.13903E-06    9.91448E-04   -3.95044E-04    9.92711E-01    9.85427E-01    9.85540E-01
    5.09181E+02    7.33891E-01    4.27319E-03    1.33646E+03    1.12665E-06    9.86197E-04   -3.92519E-04    9.92651E-01    9.85305E-01    9.85427E-01
    5.16682E+02    7.38255E-01    4.36399E-03    1.35537E+03    1.11846E-06    9.83145E-04   -3.89723E-04    9.92577E-01    9.85153E-01    9.85305E-01
    5.24285E+02    7.42755E-01    4.49962E-03    1.37455E+03    1.12102E-06    9.85670E-04   -3.86623E-04    9.92466E-01    9.84920E-01    9.85153E-01
    5.31994E+02    7.47535E-01    4.78045E-03    1.39399E+03    1.15776E-06    1.00602E-03   -3.81671E-04    9.92240E-01    9.84431E-01    9.84920E-01
    5.39809E+02    7.50624E-01    3.08849E-03    1.43369E+03    7.27123E-07    8.41561E-04   -1.37472E-04    9.93900E-01    9.87278E-01    9.91190E-01
    5.47732E+02    7.54238E-01    3.61434E-03    1.45395E+03    8.27200E-07    8.58984E-04   -2.98909E-04    9.93251E-01    9.86399E-01    9.87278E-01
    5.55764E+02    7.58079E-01    3.84130E-03    1.47448E+03    8.54644E-07    8.64403E-04   -3.27798E-04    9.93039E-01    9.86049E-01    9.86399E-01
    5.63907E+02    7.62042E-01    3.96249E-03    1.49530E+03    8.57049E-07    8.62960E-04   -3.35184E-04    9.92933E-01    9.85857E-01    9.86049E-01
    5.72163E+02    7.66085E-01    4.04267E-03    1.51641E+03    8.50045E-07    8.58366E-04   -3.36529E-04    9.92864E-01    9.85730E-01    9.85857E-01
    5.80532E+02    7.70189E-01    4.10430E-03    1.53781E+03    8.38984E-07    8.52276E-04   -3.35573E-04    9.92813E-01    9.85631E-01    9.85730E-01
    5.89017E+02    7.74346E-01    4.15740E-03    1.55951E+03    8.26196E-07    8.45531E-04   -3.33575E-04    9.92770E-01    9.85546E-01    9.85631E-01
    5.97619E+02    7.78554E-01    4.20783E-03    1.58150E+03    8.12962E-07    8.38664E-04   -3.31067E-04    9.92729E-01    9.85465E-01    9.85546E-01
    6.06340E+02    7.82815E-01    4.26044E-03    1.60380E+03    8.00244E-07    8.32138E-04   -3.28315E-04    9.92687E-01    9.85380E-01    9.85465E-01
    6.15181E+02    7.87136E-01    4.32125E-03    1.62641E+03    7.89112E-07    8.26548E-04   -3.25471E-04    9.92638E-01    9.85280E-01    9.85380E-01
    6.24144E+02    7.91537E-01    4.40107E-03    1.64933E+03    7.81364E-07    8.22975E-04   -3.22608E-04    9.92573E-01    9.85146E-01    9.85280E-01
    6.33230E+02    7.96063E-01    4.52652E-03    1.67256E+03    7.81322E-07    8.24117E-04   -3.19613E-04    9.92471E-01    9.84931E-01    9.85146E-01
    6.42442E+02    8.00860E-01    4.79626E-03    1.69612E+03    8.04903E-07    8.39979E-04   -3.15181E-04    9.92254E-01    9.84463E-01    9.84931E-01
    6.51782E+02    8.03958E-01    3.09877E-03    1.74420E+03    5.05603E-07    7.02125E-04   -1.12354E-04    9.93909E-01    9.87307E-01    9.91226E-01
    6.61250E+02    8.07576E-01    3.61734E-03    1.76875E+03    5.73845E-07    7.16349E-04   -2.46350E-04    9.93271E-01    9.86442E-01    9.87307E-01
    6.70849E+02    8.11412E-01    3.83589E-03    1.79363E+03    5.91642E-07    7.20258E-04   -2.69946E-04    9.93067E-01    9.86106E-01    9.86442E-01
    6.80580E+02    8.15360E-01    3.94831E-03    1.81886E+03    5.92103E-07    7.18367E-04   -2.75776E-04    9.92968E-01    9.85930E-01    9.86106E-01
    6.90445E+02    8.19379E-01    4.01900E-03    1.84443E+03    5.86006E-07    7.13780E-04   -2.76630E-04    9.92908E-01    9.85818E-01    9.85930E-01
    7.00447E+02    8.23449E-01    4.06988E-03    1.87036E+03    5.76988E-07    7.07843E-04   -2.75585E-04    9.92865E-01    9.85737E-01    9.85818E-01
    7.10587E+02    8.27559E-01    4.11022E-03    1.89664E+03    5.66574E-07    7.01199E-04   -2.73668E-04    9.92833E-01    9.85674E-01    9.85737E-01
    7.20866E+02    8.31704E-01    4.14469E-03    1.92329E+03    5.55512E-07    6.94195E-04   -2.71305E-04    9.92805E-01    9.85620E-01    9.85674E-01
    7.31288E+02    8.35880E-01    4.17606E-03    1.95030E+03    5.44230E-07    6.87043E-04   -2.68703E-04    9.92780E-01    9.85571E-01    9.85620E-01
    7.41853E+02    8.40086E-01    4.20628E-03    1.97769E+03    5.33007E-07    6.79899E-04   -2.65978E-04    9.92757E-01    9.85524E-01    9.85571E-01
    7.52564E+02    8.44323E-01    4.23711E-03    2.00546E+03    5.22066E-07    6.72899E-04   -2.63199E-04    9.92732E-01    9.85476E-01    9.85524E-01
    7.63423E+02    8.48594E-01    4.27050E-03    2.03361E+03    5.11635E-07    6.66197E-04   -2.60416E-04    9.92706E-01    9.85422E-01    9.85476E-01
    7.74432E+02    8.52903E-01    4.30924E-03    2.06214E+03    5.02010E-07    6.60013E-04   -2.57668E-04    9.92675E-01    9.85360E-01    9.85422E-01
    7.85593E+02    8.57261E-01    4.35815E-03    2.09107E+03    4.93682E-07    6.54725E-04   -2.54985E-04    9.92636E-01    9.85279E-01    9.85360E-01
    7.96907E+02    8.61688E-01    4.42719E-03    2.12040E+03    4.87653E-07    6.51122E-04   -2.52375E-04    9.92580E-01    9.85163E-01    9.85279E-01
    8.08378E+02    8.66230E-01    4.54217E-03    2.15014E+03    4.86505E-07    6.51263E-04   -2.49723E-04    9.92487E-01    9.84965E-01    9.85163E-01
    8.20007E+02    8.71030E-01    4.80005E-03    2.18028E+03    4.99935E-07    6.62886E-04   -2.46002E-04    9.92280E-01    9.84519E-01    9.84965E-01
    8.31797E+02    8.74132E-01    3.10124E-03    2.24183E+03    3.14088E-07    5.53675E-04   -8.67868E-05    9.93928E-01    9.87355E-01    9.91275E-01
    8.43749E+02    8.77743E-01    3.61139E-03    2.27324E+03    3.55666E-07    5.64660E-04   -1.91897E-04    9.93301E-01    9.86506E-01    9.87355E-01
    8.55867E+02    8.81564E-01    3.82142E-03    2.30508E+03    3.65972E-07    5.67298E-04   -2.10109E-04    9.93105E-01    9.86184E-01    9.86506E-01
    8.68151E+02    8.85490E-01    3.92572E-03    2.33737E+03    3.65595E-07    5.65337E-04   -2.14452E-04    9.93013E-01    9.86021E-01    9.86184E-01
    8.80605E+02    8.89479E-01    3.98832E-03    2.37010E+03    3.61188E-07    5.61242E-04   -2.14931E-04    9.92959E-01    9.85922E-01    9.86021E-01
    8.93231E+02    8.93509E-01    4.03089E-03    2.40328E+03    3.54985E-07    5.56071E-04   -2.13938E-04    9.92924E-01    9.85855E-01    9.85922E-01
    9.06031E+02    8.97572E-01    4.06246E-03    2.43692E+03    3.47910E-07    5.50320E-04   -2.12268E-04    9.92898E-01    9.85806E-01    9.85855E-01
    9.19008E+02    9.01659E-01    4.08744E-03    2.47102E+03    3.40408E-07    5.44246E-04   -2.10249E-04    9.92878E-01    9.85767E-01    9.85806E-01
    9.32164E+02    9.05768E-01    4.10825E-03    2.50559E+03    3.32721E-07    5.37998E-04   -2.08037E-04    9.92862E-01    9.85736E-01    9.85767E-01
    9.45501E+02    9.09894E-01    4.12638E-03    2.54064E+03    3.24990E-07    5.31667E-04   -2.05718E-04    9.92848E-01    9.85708E-01    9.85736E-01
    9.59023E+02    9.14037E-01    4.14282E-03    2.57618E+03    3.17306E-07    5.25317E-04   -2.03341E-04    9.92836E-01    9.85684E-01    9.85708E-01
    9.72731E+02    9.18195E-01    4.15831E-03    2.61220E+03    3.09730E-07    5.18994E-04   -2.00936E-04    9.92824E-01    9.85661E-01    9.85684E-01
    9.86628E+02    9.22369E-01    4.17351E-03    2.64873E+03    3.02312E-07    5.12737E-04   -1.98525E-04    9.92813E-01    9.85638E-01    9.85661E-01
    1.00072E+03    9.26558E-01    4.18905E-03    2.68575E+03    2.95093E-07    5.06585E-04   -1.96124E-04    9.92801E-01    9.85615E-01    9.85638E-01
    1.01500E+03    9.30763E-01    4.20567E-03    2.72329E+03    2.88119E-07    5.00581E-04   -1.93746E-04    9.92789E-01    9.85590E-01    9.85615E-01
    1.02948E+03    9.34988E-01    4.22435E-03    2.76134E+03    2.81443E-07    4.94780E-04   -1.91404E-04    9.92774E-01    9.85560E-01    9.85590E-01
    1.04416E+03    9.39234E-01    4.24652E-03    2.79992E+03    2.75146E-07    4.89268E-04   -1.89109E-04    9.92757E-01    9.85525E-01    9.85560E-01
    1.05904E+03    9.43509E-01    4.27459E-03    2.83904E+03    2.69355E-07    4.84183E-04   -1.86874E-04    9.92735E-01    9.85479E-01    9.85525E-01
    1.07413E+03    9.47822E-01    4.31300E-03    2.87869E+03    2.64310E-07    4.79783E-04   -1.84712E-04    9.92704E-01    9.85415E-01    9.85479E-01
    1.08943E+03    9.52193E-01    4.37124E-03    2.91889E+03    2.60523E-07    4.76626E-04   -1.82621E-04    9.92656E-01    9.85316E-01    9.85415E-01
    1.10494E+03    9.56667E-01    4.47418E-03    2.95964E+03    2.59337E-07    4.76185E-04   -1.80514E-04    9.92572E-01    9.85137E-01    9.85316E-01
    1.12066E+03    9.61383E-01    4.71549E-03    3.00096E+03    2.65821E-07    4.84004E-04   -1.77655E-04    9.92377E-01    9.84716E-01    9.85137E-01
    1.13660E+03    9.64428E-01    3.04562E-03    3.08531E+03    1.66976E-07    4.03891E-04   -6.20303E-05    9.94003E-01    9.87521E-01    9.91405E-01
    1.15276E+03    9.67966E-01    3.53729E-03    3.12836E+03    1.88610E-07    4.11685E-04   -1.38295E-04    9.93394E-01    9.86696E-01    9.87521E-01
    1.16914E+03    9.71700E-01    3.73420E-03    3.17200E+03    1.93647E-07    4.13233E-04   -1.51279E-04    9.93209E-01    9.86393E-01    9.86696E-01
    1.18574E+03    9.75527E-01    3.82766E-03    3.21625E+03    1.93050E-07    4.11409E-04   -1.54248E-04    9.93125E-01    9.86246E-01    9.86393E-01
    1.20258E+03    9.79408E-01    3.88029E-03    3.26111E+03    1.90337E-07    4.08027E-04   -1.54439E-04    9.93079E-01    9.86162E-01    9.86246E-01
    1.21965E+03    9.83321E-01    3.91316E-03    3.30659E+03    1.86687E-07    4.03859E-04   -1.53575E-04    9.93051E-01    9.86111E-01    9.86162E-01
    1.23696E+03    9.87256E-01    3.93502E-03    3.35269E+03    1.82584E-07    3.99263E-04   -1.52226E-04    9.93033E-01    9.86077E-01    9.86111E-01
    1.25450E+03    9.91206E-01    3.95008E-03    3.39943E+03    1.78260E-07    3.94426E-04   -1.50625E-04    9.93021E-01    9.86054E-01    9.86077E-01
    1.27228E+03    9.95167E-01    3.96064E-03    3.44682E+03    1.73839E-07    3.89450E-04   -1.48886E-04    9.93013E-01    9.86039E-01    9.86054E-01
    1.29032E+03    9.99135E-01    3.96802E-03    3.49486E+03    1.69391E-07    3.84399E-04   -1.47067E-04    9.93008E-01    9.86030E-01    9.86039E-01
    1.30860E+03    1.00311E+00    3.97307E-03    3.54356E+03    1.64961E-07    3.79311E-04   -1.45202E-04    9.93005E-01    9.86024E-01    9.86030E-01
    1.32713E+03    1.00708E+00    3.97632E-03    3.59293E+03    1.60575E-07    3.74214E-04   -1.43313E-04    9.93003E-01    9.86021E-01    9.86024E-01
    1.34592E+03    1.01106E+00    3.97817E-03    3.64299E+03    1.56251E-07    3.69125E-04   -1.41412E-04    9.93003E-01    9.86021E-01    9.86021E-01
    1.36496E+03    1.01504E+00    3.97889E-03    3.69374E+03    1.52000E-07    3.64057E-04   -1.39508E-04    9.93004E-01    9.86022E-01    9.86021E-01
    1.38427E+03    1.01902E+00    3.97867E-03    3.74518E+03    1.47832E-07    3.59021E-04   -1.37609E-04    9.93005E-01    9.86025E-01    9.86022E-01
    1.40385E+03    1.02300E+00    3.97770E-03    3.79734E+03    1.43751E-07    3.54022E-04   -1.35717E-04    9.93007E-01    9.86029E-01    9.86025E-01
    1.42370E+03    1.02697E+00    3.97610E-03    3.85022E+03    1.39761E-07    3.49068E-04   -1.33838E-04    9.93010E-01    9.86035E-01    9.86029E-01
    1.44382E+03    1.03095E+00    3.97398E-03    3.90382E+03    1.35865E-07    3.44163E-04   -1.31973E-04    9.93013E-01    9.86041E-01    9.86035E-01
    1.46421E+03    1.03492E+00    3.97148E-03    3.95817E+03    1.32066E-07    3.39312E-04   -1.30125E-04    9.93016E-01    9.86047E-01    9.86041E-01
    1.48489E+03    1.03889E+00    3.96869E-03    4.01327E+03    1.28363E-07    3.34520E-04   -1.28295E-04    9.93020E-01    9.86055E-01    9.86047E-01
    1.50586E+03    1.04285E+00    3.96574E-03    4.06912E+03    1.24761E-07    3.29791E-04   -1.26486E-04    9.93024E-01    9.86062E-01    9.86055E-01
    1.52711E+03    1.04682E+00    3.96280E-03    4.12575E+03    1.21259E-07    3.25131E-04   -1.24697E-04    9.93027E-01    9.86069E-01    9.86062E-01
    1.54866E+03    1.05078E+00    3.96002E-03    4.18316E+03    1.17862E-07    3.20546E-04   -1.22932E-04    9.93031E-01    9.86076E-01    9.86069E-01
    1.57051E+03    1.05473E+00    3.95768E-03    4.24136E+03    1.14573E-07    3.16046E-04   -1.21192E-04    9.93034E-01    9.86083E-01    9.86076E-01
    1.59265E+03    1.05869E+00    3.95608E-03    4.30037E+03    1.11397E-07    3.11643E-04   -1.19479E-04    9.93036E-01    9.86087E-01    9.86083E-01
    1.61511E+03    1.06265E+00    3.95574E-03    4.36018E+03    1.08343E-07    3.07356E-04   -1.17796E-04    9.93038E-01    9.86090E-01    9.86087E-01
    1.63787E+03    1.06660E+00    3.95737E-03    4.42083E+03    1.05427E-07    3.03211E-04   -1.16146E-04    9.93037E-01    9.86088E-01    9.86090E-01
    1.66094E+03    1.07057E+00    3.96218E-03    4.48231E+03    1.02672E-07    2.99256E-04   -1.14533E-04    9.93034E-01    9.86081E-01    9.86088E-01
    1.68434E+03    1.07454E+00    3.97223E-03    4.54464E+03    1.00121E-07    2.95567E-04   -1.12964E-04    9.93026E-01    9.86064E-01    9.86081E-01
    1.70806E+03    1.07853E+00    3.99142E-03    4.60783E+03    9.78573E-08    2.92297E-04   -1.11444E-04    9.93010E-01    9.86030E-01    9.86064E-01
    1.73210E+03    1.08256E+00    4.02819E-03    4.67189E+03    9.60621E-08    2.89774E-04   -1.09969E-04    9.92979E-01    9.85964E-01    9.86030E-01
    1.75648E+03    1.08666E+00    4.10473E-03    4.73684E+03    9.52150E-08    2.88869E-04   -1.08489E-04    9.92914E-01    9.85824E-01    9.85964E-01
    1.78119E+03    1.09097E+00    4.30478E-03    4.80268E+03    9.71296E-08    2.92870E-04   -1.06568E-04    9.92745E-01    9.85458E-01    9.85824E-01
    1.80624E+03    1.09373E+00    2.76623E-03    4.93710E+03    6.07114E-08    2.43634E-04   -3.67942E-05    9.94304E-01    9.88158E-01    9.91848E-01
    1.83164E+03    1.09693E+00    3.19778E-03    5.00571E+03    6.82675E-08    2.47908E-04   -8.25160E-05    9.93742E-01    9.87403E-01    9.88158E-01
    1.85739E+03    1.10029E+00    3.35990E-03    5.07526E+03    6.97711E-08    2.48310E-04   -9.00740E-05    9.93582E-01    9.87144E-01    9.87403E-01
    1.88350E+03    1.10372E+00    3.42778E-03    5.14577E+03    6.92386E-08    2.46659E-04   -9.16390E-05    9.93518E-01    9.87035E-01    9.87144E-01
    1.90996E+03    1.10718E+00    3.45828E-03    5.21725E+03    6.79491E-08    2.44066E-04   -9.15485E-05    9.93490E-01    9.86986E-01    9.87035E-01
    1.93680E+03    1.11065E+00    3.47048E-03    5.28973E+03    6.63288E-08    2.40995E-04   -9.08299E-05    9.93479E-01    9.86969E-01    9.86986E-01
    1.96400E+03    1.11412E+00    3.47226E-03    5.36320E+03    6.45529E-08    2.37665E-04   -8.98227E-05    9.93478E-01    9.86969E-01    9.86969E-01
    1.99157E+03    1.11759E+00    3.46741E-03    5.43768E+03    6.27048E-08    2.34186E-04   -8.86661E-05    9.93484E-01    9.86981E-01    9.86969E-01
    2.01953E+03    1.12104E+00    3.45797E-03    5.51320E+03    6.08289E-08    2.30620E-04   -8.74261E-05    9.93493E-01    9.87002E-01    9.86981E-01
    2.04787E+03    1.12449E+00    3.44511E-03    5.58975E+03    5.89505E-08    2.27004E-04   -8.61377E-05    9.93506E-01    9.87028E-01    9.87002E-01
    2.07661E+03    1.12792E+00    3.42957E-03    5.66736E+03    5.70848E-08    2.23361E-04   -8.48207E-05    9.93522E-01    9.87060E-01    9.87028E-01
    2.10574E+03    1.13133E+00    3.41180E-03    5.74605E+03    5.52410E-08    2.19706E-04   -8.34874E-05    9.93539E-01    9.87095E-01    9.87060E-01
    2.13527E+03    1.13472E+00    3.39211E-03    5.82582E+03    5.34254E-08    2.16050E-04   -8.21455E-05    9.93559E-01    9.87134E-01    9.87095E-01
    2.16521E+03    1.13809E+00    3.37072E-03    5.90669E+03    5.16416E-08    2.12398E-04   -8.08000E-05    9.93580E-01    9.87177E-01    9.87134E-01
    2.19557E+03    1.14144E+00    3.34775E-03    5.98867E+03    4.98923E-08    2.08756E-04   -7.94543E-05    9.93602E-01    9.87222E-01    9.87177E-01
    2.22634E+03    1.14477E+00    3.32332E-03    6.07179E+03    4.81787E-08    2.05128E-04   -7.81109E-05    9.93626E-01    9.87271E-01    9.87222E-01
    2.25753E+03    1.14806E+00    3.29749E-03    6.15605E+03    4.65019E-08    2.01514E-04   -7.67713E-05    9.93652E-01    9.87322E-01    9.87271E-01
    2.28916E+03    1.15133E+00    3.27030E-03    6.24148E+03    4.48622E-08    1.97918E-04   -7.54368E-05    9.93679E-01    9.87376E-01    9.87322E-01
    2.32123E+03    1.15457E+00    3.24178E-03    6.32809E+03    4.32596E-08    1.94339E-04   -7.41080E-05    9.93707E-01    9.87433E-01    9.87376E-01
    2.35373E+03    1.15779E+00    3.21194E-03    6.41589E+03    4.16941E-08    1.90778E-04   -7.27855E-05    9.93737E-01    9.87493E-01    9.87433E-01
    2.38669E+03    1.16097E+00    3.18079E-03    6.50490E+03    4.01653E-08    1.87236E-04   -7.14696E-05    9.93768E-01    9.87555E-01    9.87493E-01
    2.42010E+03    1.16412E+00    3.14832E-03    6.59514E+03    3.86728E-08    1.83713E-04   -7.01605E-05    9.93800E-01    9.87621E-01    9.87555E-01
    2.45397E+03    1.16723E+00    3.11452E-03    6.68663E+03    3.72160E-08    1.80207E-04   -6.88582E-05    9.93834E-01    9.87689E-01    9.87621E-01
    2.48831E+03    1.17031E+00    3.07937E-03    6.77938E+03    3.57943E-08    1.76719E-04   -6.75628E-05    9.93870E-01    9.87760E-01    9.87689E-01
    2.52312E+03    1.17335E+00    3.04286E-03    6.87341E+03    3.44070E-08    1.73248E-04   -6.62740E-05    9.93907E-01    9.87834E-01    9.87760E-01
    2.55841E+03    1.17636E+00    3.00496E-03    6.96873E+03    3.30536E-08    1.69793E-04   -6.49918E-05    9.93946E-01    9.87912E-01    9.87834E-01
    2.59419E+03    1.17932E+00    2.96564E-03    7.06538E+03    3.17332E-08    1.66354E-04   -6.37158E-05    9.93986E-01    9.87993E-01    9.87912E-01
    2.63046E+03    1.18225E+00    2.92486E-03    7.16335E+03    3.04453E-08    1.62929E-04   -6.24459E-05    9.94028E-01    9.88077E-01    9.87993E-01
    2.66724E+03    1.18513E+00    2.88261E-03    7.26268E+03    2.91889E-08    1.59517E-04   -6.11816E-05    9.94072E-01    9.88165E-01    9.88077E-01
    2.70452E+03    1.18797E+00    2.83883E-03    7.36338E+03    2.79635E-08    1.56118E-04   -5.99227E-05    9.94117E-01    9.88257E-01    9.88165E-01
    2.74232E+03    1.19076E+00    2.79350E-03    7.46547E+03    2.67683E-08    1.52729E-04   -5.86688E-05    9.94165E-01    9.88353E-01    9.88257E-01
    2.78063E+03    1.19351E+00    2.74657E-03    7.56896E+03    2.56026E-08    1.49351E-04   -5.74194E-05    9.94215E-01    9.88453E-01    9.88353E-01
    2.81948E+03    1.19621E+00    2.69800E-03    7.67389E+03    2.44658E-08    1.45980E-04   -5.61741E-05    9.94267E-01    9.88557E-01    9.88453E-01
    2.85886E+03    1.19886E+00    2.64775E-03    7.78026E+03    2.33570E-08    1.42616E-04   -5.49323E-05    9.94321E-01    9.88666E-01    9.88557E-01
    2.89879E+03    1.20145E+00    2.59578E-03    7.88810E+03    2.22757E-08    1.39258E-04   -5.36936E-05    9.94377E-01    9.88779E-01    9.88666E-01
    2.93926E+03    1.20399E+00    2.54203E-03    7.99743E+03    2.12212E-08    1.35902E-04   -5.24574E-05    9.94436E-01    9.88898E-01    9.88779E-01
    2.98030E+03    1.20648E+00    2.48646E-03    8.10827E+03    2.01928E-08    1.32548E-04   -5.12231E-05    9.94498E-01    9.89022E-01    9.88898E-01
    3.02190E+03    1.20891E+00    2.42903E-03    8.22064E+03    1.91900E-08    1.29194E-04   -4.99901E-05    9.94562E-01    9.89151E-01    9.89022E-01
    3.06408E+03    1.21128E+00    2.36968E-03    8.33456E+03    1.82122E-08    1.25837E-04   -4.87577E-05    9.94630E-01    9.89286E-01    9.89151E-01
    3.10683E+03    1.21359E+00    2.30838E-03    8.45005E+03    1.72587E-08    1.22475E-04   -4.75251E-05    9.94700E-01    9.89427E-01    9.89286E-01
    3.15018E+03    1.21583E+00    2.24507E-03    8.56713E+03    1.63290E-08    1.19106E-04   -4.62917E-05    9.94774E-01    9.89575E-01    9.89427E-01
    3.19413E+03    1.21801E+00    2.17971E-03    8.68583E+03    1.54227E-08    1.15727E-04   -4.50565E-05    9.94851E-01    9.89730E-01    9.89575E-01
    3.23868E+03    1.22012E+00    2.11226E-03    8.80617E+03    1.45392E-08    1.12335E-04   -4.38188E-05    9.94931E-01    9.89892E-01    9.89730E-01
    3.28385E+03    1.22217E+00    2.04268E-03    8.92817E+03    1.36781E-08    1.08928E-04   -4.25775E-05    9.95016E-01    9.90062E-01    9.89892E-01
    3.32964E+03    1.22414E+00    1.97092E-03    9.05185E+03    1.28389E-08    1.05502E-04   -4.13317E-05    9.95105E-01    9.90241E-01    9.90062E-01
    3.37606E+03    1.22603E+00    1.89695E-03    9.17724E+03    1.20213E-08    1.02053E-04   -4.00803E-05    9.95198E-01    9.90428E-01    9.90241E-01
    3.42312E+03    1.22785E+00    1.82076E-03    9.30436E+03    1.12249E-08    9.85786E-05   -3.88221E-05    9.95296E-01    9.90624E-01    9.90428E-01
    3.47084E+03    1.22960E+00    1.74231E-03    9.43323E+03    1.04494E-08    9.50733E-05   -3.75558E-05    9.95398E-01    9.90831E-01    9.90624E-01
    3.51921E+03    1.23126E+00    1.66159E-03    9.56388E+03    9.69451E-09    9.15329E-05   -3.62800E-05    9.95507E-01    9.91049E-01    9.90831E-01
    3.56825E+03    1.23284E+00    1.57860E-03    9.69634E+03    8.96008E-09    8.79520E-05   -3.49931E-05    9.95621E-01    9.91278E-01    9.91049E-01
    3.61796E+03    1.23433E+00    1.49335E-03    9.83062E+03    8.24594E-09    8.43249E-05   -3.36936E-05    9.95741E-01    9.91520E-01    9.91278E-01
    3.66836E+03    1.23574E+00    1.40587E-03    9.96676E+03    7.55202E-09    8.06448E-05   -3.23794E-05    9.95868E-01    9.91776E-01    9.91520E-01
    3.71946E+03    1.23705E+00    1.31620E-03    1.01048E+04    6.87832E-09    7.69045E-05   -3.10485E-05    9.96002E-01    9.92046E-01    9.91776E-01
    3.77126E+03    1.23828E+00    1.22443E-03    1.02447E+04    6.22494E-09    7.30954E-05   -2.96986E-05    9.96145E-01    9.92332E-01    9.92046E-01
    3.82378E+03    1.23941E+00    1.13067E-03    1.03865E+04    5.59212E-09    6.92078E-05   -2.83269E-05    9.96296E-01    9.92636E-01    9.92332E-01
    3.87702E+03    1.24044E+00    1.03506E-03    1.05303E+04    4.98024E-09    6.52303E-05   -2.69304E-05    9.96456E-01    9.92960E-01    9.92636E-01
    3.93100E+03    1.24138E+00    9.37836E-04    1.06761E+04    4.38989E-09    6.11503E-05   -2.55056E-05    9.96628E-01    9.93304E-01    9.92960E-01
    3.98572E+03    1.24222E+00    8.39308E-04    1.08239E+04    3.82202E-09    5.69534E-05   -2.40483E-05    9.96810E-01    9.93672E-01    9.93304E-01
    4.04120E+03    1.24296E+00    7.39959E-04    1.09738E+04    3.27811E-09    5.26256E-05   -2.25534E-05    9.97006E-01    9.94066E-01    9.93672E-01
    4.09744E+03    1.24360E+00    6.40593E-04    1.11257E+04    2.76085E-09    4.81588E-05   -2.10138E-05    9.97215E-01    9.94488E-01    9.94066E-01
    4.15446E+03    1.24414E+00    5.42853E-04    1.12797E+04    2.27609E-09    4.35786E-05   -1.94163E-05    9.97438E-01    9.94936E-01    9.94488E-01
    4.21226E+03    1.24460E+00    4.51821E-04    1.14358E+04    1.84297E-09    3.91066E-05   -1.77101E-05    9.97663E-01    9.95387E-01    9.94936E-01
    4.27086E+03    1.24474E+00    1.46559E-04    1.17546E+04    5.81584E-10    2.34170E-05   -5.76442E-06    9.98673E-01    9.97292E-01    9.97761E-01
    4.33028E+03    1.24485E+00    1.08184E-04    1.19173E+04    4.17650E-10    1.79330E-05   -9.80080E-06    9.98864E-01    9.97792E-01    9.97292E-01
    4.39051E+03    1.24490E+00    5.05530E-05    1.20822E+04    1.89865E-10    1.03778E-05   -9.06456E-06    9.99266E-01    9.98637E-01    9.97792E-01
    4.45157E+03    1.24496E+00    5.80541E-05    1.20822E+04    2.12119E-10    9.04478E-06   -1.14154E-05    9.98637E-01    9.98081E-01    9.96780E-01
    4.51347E+03    1.24503E+00    7.23985E-05    1.20822E+04    2.57351E-10    8.06619E-06   -1.38668E-05    9.98081E-01    9.97578E-01    9.95825E-01
    4.57623E+03    1.24512E+00    9.25580E-05    1.20822E+04    3.20082E-10    7.31819E-06   -1.63256E-05    9.97578E-01    9.97116E-01    9.94922E-01
    4.63986E+03    1.24524E+00    1.17848E-04    1.20822E+04    3.96480E-10    6.72417E-06   -1.87421E-05    9.97116E-01    9.96685E-01    9.94067E-01
    4.70436E+03    1.24539E+00    1.47796E-04    1.20822E+04    4.83739E-10    6.23624E-06   -2.10914E-05    9.96685E-01    9.96280E-01    9.93254E-01
    4.76976E+03    1.24557E+00    1.82071E-04    1.20822E+04    5.79752E-10    5.82403E-06   -2.33631E-05    9.96280E-01    9.95896E-01    9.92479E-01
    4.83605E+03    1.24579E+00    2.20452E-04    1.20822E+04    6.82918E-10    5.46785E-06   -2.55543E-05    9.95896E-01    9.95531E-01    9.91739E-01
    4.90326E+03    1.24605E+00    2.62796E-04    1.20822E+04    7.92004E-10    5.15465E-06   -2.76665E-05    9.95531E-01    9.95183E-01    9.91030E-01
    4.97140E+03    1.24636E+00    3.09021E-04    1.20822E+04    9.06045E-10    4.87549E-06   -2.97031E-05    9.95183E-01    9.94848E-01    9.90350E-01
    5.04048E+03    1.24672E+00    3.59088E-04    1.20822E+04    1.02428E-09    4.62405E-06   -3.16685E-05    9.94848E-01    9.94526E-01    9.89696E-01
    5.11051E+03    1.24714E+00    4.12994E-04    1.20822E+04    1.14608E-09    4.39572E-06   -3.35672E-05    9.94526E-01    9.94217E-01    9.89066E-01
    5.18151E+03    1.24761E+00    4.70764E-04    1.20822E+04    1.27096E-09    4.18704E-06   -3.54038E-05    9.94217E-01    9.93917E-01    9.88457E-01
    5.25349E+03    1.24814E+00    5.32445E-04    1.20822E+04    1.39849E-09    3.99530E-06   -3.71823E-05    9.93917E-01    9.93628E-01    9.87868E-01
    5.32646E+03    1.24874E+00    5.98100E-04    1.20822E+04    1.52832E-09    3.81836E-06   -3.89068E-05    9.93628E-01    9.93347E-01    9.87298E-01
    5.40044E+03    1.24940E+00    6.67810E-04    1.20822E+04    1.66016E-09    3.65445E-06   -4.05809E-05    9.93347E-01    9.93075E-01    9.86745E-01
    5.47544E+03    1.25015E+00    7.41669E-04    1.20822E+04    1.79377E-09    3.50215E-06   -4.22078E-05    9.93075E-01    9.92810E-01    9.86208E-01
    5.55147E+03    1.25097E+00    8.19781E-04    1.20822E+04    1.92891E-09    3.36024E-06   -4.37906E-05    9.92810E-01    9.92553E-01    9.85686E-01
    5.62856E+03    1.25187E+00    9.02266E-04    1.20822E+04    2.06542E-09    3.22769E-06   -4.53321E-05    9.92553E-01    9.92303E-01    9.85178E-01
    5.70671E+03    1.25286E+00    9.89250E-04    1.20822E+04    2.20312E-09    3.10363E-06   -4.68347E-05    9.92303E-01    9.92058E-01    9.84683E-01
    5.78593E+03    1.25394E+00    1.08087E-03    1.20822E+04    2.34189E-09    2.98729E-06   -4.83008E-05    9.92058E-01    9.91820E-01    9.84201E-01
    5.86625E+03    1.25512E+00    1.17728E-03    1.20822E+04    2.48161E-09    2.87802E-06   -4.97325E-05    9.91820E-01    9.91587E-01    9.83729E-01
    5.94768E+03    1.25639E+00    1.27864E-03    1.20822E+04    2.62217E-09    2.77524E-06   -5.11319E-05    9.91587E-01    9.91360E-01    9.83269E-01
    6.03023E+03    1.25778E+00    1.38511E-03    1.20822E+04    2.76350E-09    2.67847E-06   -5.25007E-05    9.91360E-01    9.91137E-01    9.82819E-01
    6.11392E+03    1.25928E+00    1.49688E-03    1.20822E+04    2.90553E-09    2.58725E-06   -5.38408E-05    9.91137E-01    9.90919E-01    9.82378E-01
    6.19877E+03    1.26089E+00    1.61415E-03    1.20822E+04    3.04819E-09    2.50121E-06   -5.51537E-05    9.90919E-01    9.90706E-01    9.81946E-01
    6.28478E+03    1.26263E+00    1.73711E-03    1.20822E+04    3.19145E-09    2.42000E-06   -5.64411E-05    9.90706E-01    9.90496E-01    9.81523E-01
    6.37199E+03    1.26449E+00    1.86598E-03    1.20822E+04    3.33528E-09    2.34333E-06   -5.77043E-05    9.90496E-01    9.90290E-01    9.81108E-01
    6.46039E+03    1.26649E+00    2.00100E-03    1.20822E+04    3.47964E-09    2.27092E-06   -5.89448E-05    9.90290E-01    9.90088E-01    9.80701E-01
    6.55002E+03    1.26864E+00    2.14240E-03    1.20822E+04    3.62455E-09    2.20254E-06   -6.01639E-05    9.90088E-01    9.89889E-01    9.80300E-01
    6.64089E+03    1.27093E+00    2.29046E-03    1.20822E+04    3.76998E-09    2.13798E-06   -6.13630E-05    9.89889E-01    9.89694E-01    9.79906E-01
    6.73300E+03    1.27337E+00    2.44544E-03    1.20822E+04    3.91597E-09    2.07707E-06   -6.25432E-05    9.89694E-01    9.89501E-01    9.79519E-01
    6.82639E+03    1.27598E+00    2.60765E-03    1.20822E+04    4.06252E-09    2.01962E-06   -6.37059E-05    9.89501E-01    9.89311E-01    9.79137E-01
    6.92107E+03    1.27876E+00    2.77739E-03    1.20822E+04    4.20968E-09    1.96551E-06   -6.48523E-05    9.89311E-01    9.89124E-01    9.78761E-01
    7.01705E+03    1.28171E+00    2.95500E-03    1.20822E+04    4.35749E-09    1.91461E-06   -6.59835E-05    9.89124E-01    9.88939E-01    9.78389E-01
    7.11436E+03    1.28485E+00    3.14085E-03    1.20822E+04    4.50601E-09    1.86681E-06   -6.71009E-05    9.88939E-01    9.88756E-01    9.78022E-01
    7.21301E+03    1.28819E+00    3.33531E-03    1.20822E+04    4.65531E-09    1.82202E-06   -6.82055E-05    9.88756E-01    9.88575E-01    9.77660E-01
    7.31303E+03    1.29173E+00    3.53880E-03    1.20822E+04    4.80546E-09    1.78015E-06   -6.92986E-05    9.88575E-01    9.88396E-01    9.77301E-01
    7.41442E+03    1.29548E+00    3.75175E-03    1.20822E+04    4.95658E-09    1.74116E-06   -7.03814E-05    9.88396E-01    9.88218E-01    9.76946E-01
    7.51721E+03    1.29945E+00    3.97466E-03    1.20822E+04    5.10876E-09    1.70498E-06   -7.14553E-05    9.88218E-01    9.88041E-01    9.76593E-01
    7.62143E+03    1.30366E+00    4.20803E-03    1.20822E+04    5.26214E-09    1.67158E-06   -7.25213E-05    9.88041E-01    9.87866E-01    9.76243E-01
    7.72707E+03    1.30812E+00    4.45241E-03    1.20822E+04    5.41686E-09    1.64094E-06   -7.35810E-05    9.87866E-01    9.87692E-01    9.75895E-01
    7.83418E+03    1.31282E+00    4.70841E-03    1.20822E+04    5.57309E-09    1.61304E-06   -7.46357E-05    9.87692E-01    9.87518E-01    9.75549E-01
    7.94277E+03    1.31780E+00    4.97668E-03    1.20822E+04    5.73100E-09    1.58790E-06   -7.56867E-05    9.87518E-01    9.87344E-01    9.75204E-01
    8.05285E+03    1.32306E+00    5.25792E-03    1.20822E+04    5.89082E-09    1.56551E-06   -7.67357E-05    9.87344E-01    9.87170E-01    9.74860E-01
    8.16445E+03    1.32861E+00    5.55293E-03    1.20822E+04    6.05276E-09    1.54593E-06   -7.77841E-05    9.87170E-01    9.86997E-01    9.74516E-01
    8.27760E+03    1.33447E+00    5.86254E-03    1.20822E+04    6.21710E-09    1.52918E-06   -7.88337E-05    9.86997E-01    9.86823E-01    9.74172E-01
    8.39230E+03    1.34066E+00    6.18767E-03    1.20822E+04    6.38411E-09    1.51535E-06   -7.98863E-05    9.86823E-01    9.86648E-01    9.73826E-01
    8.50859E+03    1.34719E+00    6.52936E-03    1.20822E+04    6.55413E-09    1.50450E-06   -8.09436E-05    9.86648E-01    9.86471E-01    9.73479E-01
    8.62648E+03    1.35408E+00    6.88872E-03    1.20822E+04    6.72752E-09    1.49675E-06   -8.20078E-05    9.86471E-01    9.86294E-01    9.73130E-01
    8.74600E+03    1.36135E+00    7.26701E-03    1.20822E+04    6.90468E-09    1.49222E-06   -8.30810E-05    9.86294E-01    9.86114E-01    9.72778E-01
    8.86717E+03    1.36901E+00    7.66559E-03    1.20822E+04    7.08608E-09    1.49107E-06   -8.41656E-05    9.86114E-01    9.85932E-01    9.72421E-01
    8.99001E+03    1.37710E+00    8.08602E-03    1.20822E+04    7.27222E-09    1.49346E-06   -8.52643E-05    9.85932E-01    9.85748E-01    9.72061E-01
    9.11454E+03    1.38563E+00    8.52999E-03    1.20822E+04    7.46370E-09    1.49963E-06   -8.63797E-05    9.85748E-01    9.85559E-01    9.71695E-01
    9.24080E+03    1.39463E+00    8.99944E-03    1.20822E+04    7.66115E-09    1.50982E-06   -8.75150E-05    9.85559E-01    9.85368E-01    9.71322E-01
    9.36879E+03    1.40412E+00    9.49652E-03    1.20822E+04    7.86532E-09    1.52434E-06   -8.86736E-05    9.85368E-01    9.85171E-01    9.70942E-01
    9.49856E+03    1.41415E+00    1.00237E-02    1.20822E+04    8.07705E-09    1.54355E-06   -8.98592E-05    9.85171E-01    9.84969E-01    9.70552E-01
    9.63011E+03    1.42473E+00    1.05837E-02    1.20822E+04    8.29729E-09    1.56785E-06   -9.10760E-05    9.84969E-01    9.84762E-01    9.70153E-01
    9.76348E+03    1.43591E+00    1.11797E-02    1.20822E+04    8.52714E-09    1.59776E-06   -9.23287E-05    9.84762E-01    9.84547E-01    9.69741E-01
    9.89869E+03    1.44773E+00    1.18153E-02    1.20822E+04    8.76784E-09    1.63386E-06   -9.36225E-05    9.84547E-01    9.84325E-01    9.69316E-01
    1.00358E+04    1.46022E+00    1.24946E-02    1.20822E+04    9.02085E-09    1.67686E-06   -9.49633E-05    9.84325E-01    9.84093E-01    9.68875E-01
    1.01747E+04    1.47344E+00    1.32225E-02    1.20822E+04    9.28783E-09    1.72761E-06   -9.63579E-05    9.84093E-01    9.83852E-01    9.68417E-01
    1.03156E+04    1.48745E+00    1.40046E-02    1.20822E+04    9.57074E-09    1.78712E-06   -9.78138E-05    9.83852E-01    9.83598E-01    9.67939E-01
    1.04584E+04    1.50230E+00    1.48473E-02    1.20822E+04    9.87186E-09    1.85663E-06   -9.93399E-05    9.83598E-01    9.83331E-01    9.67437E-01
    1.06032E+04    1.51805E+00    1.57585E-02    1.20822E+04    1.01939E-08    1.93765E-06   -1.00946E-04    9.83331E-01    9.83049E-01    9.66908E-01
    1.07500E+04    1.53480E+00    1.67471E-02    1.20822E+04    1.05401E-08    2.03204E-06   -1.02645E-04    9.83049E-01    9.82748E-01    9.66350E-01
    1.08989E+04    1.55263E+00    1.78243E-02    1.20822E+04    1.09142E-08    2.14213E-06   -1.04449E-04    9.82748E-01    9.82427E-01    9.65756E-01
    1.10497E+04    1.57163E+00    1.90032E-02    1.20822E+04    1.13210E-08    2.27082E-06   -1.06376E-04    9.82427E-01    9.82082E-01    9.65121E-01
    1.12027E+04    1.59193E+00    2.03000E-02    1.20822E+04    1.17660E-08    2.42183E-06   -1.08444E-04    9.82082E-01    9.81709E-01    9.64440E-01
    1.13578E+04    1.61366E+00    2.17346E-02    1.20822E+04    1.22564E-08    2.59995E-06   -1.10678E-04    9.81709E-01    9.81303E-01    9.63704E-01
    1.15150E+04    1.63699E+00    2.33317E-02    1.20822E+04    1.28007E-08    2.81146E-06   -1.13105E-04    9.81303E-01    9.80858E-01    9.62903E-01
    1.16744E+04    1.66212E+00    2.51228E-02    1.20822E+04    1.34102E-08    3.06474E-06   -1.15762E-04    9.80858E-01    9.80367E-01    9.62025E-01
    1.18359E+04    1.68927E+00    2.71482E-02    1.20822E+04    1.40989E-08    3.37120E-06   -1.18691E-04    9.80367E-01    9.79818E-01    9.61057E-01
    1.19998E+04    1.71873E+00    2.94606E-02    1.20822E+04    1.48855E-08    3.74675E-06   -1.21949E-04    9.79818E-01    9.79200E-01    9.59979E-01
    1.21658E+04    1.75086E+00    3.21302E-02    1.20822E+04    1.57948E-08    4.21423E-06   -1.25607E-04    9.79200E-01    9.78496E-01    9.58766E-01
    1.23342E+04    1.78611E+00    3.52527E-02    1.20822E+04    1.68606E-08    4.80746E-06   -1.29759E-04    9.78496E-01    9.77681E-01    9.57385E-01
    1.25049E+04    1.82507E+00    3.89622E-02    1.20822E+04    1.81302E-08    5.57861E-06   -1.34533E-04    9.77681E-01    9.76722E-01    9.55794E-01
    1.26779E+04    1.86852E+00    4.34523E-02    1.20822E+04    1.96721E-08    6.61217E-06   -1.40101E-04    9.76722E-01    9.75570E-01    9.53929E-01
    1.28533E+04    1.91754E+00    4.90138E-02    1.20822E+04    2.15891E-08    8.05362E-06   -1.46712E-04    9.75570E-01    9.74147E-01    9.51702E-01
    1.30312E+04    1.97364E+00    5.61019E-02    1.20822E+04    2.40422E-08    1.01735E-05   -1.54721E-04    9.74147E-01    9.72326E-01    9.48976E-01
    1.32115E+04    2.03911E+00    6.54690E-02    1.20822E+04    2.72968E-08    1.35272E-05   -1.64663E-04    9.72326E-01    9.69870E-01    9.45537E-01
    1.33943E+04    2.11755E+00    7.84403E-02    1.20822E+04    3.18197E-08    1.94063E-05   -1.77322E-04    9.69870E-01    9.66298E-01    9.41022E-01
    1.35796E+04    2.21513E+00    9.75817E-02    1.20822E+04    3.85128E-08    3.13015E-05   -1.93734E-04    9.66298E-01    9.60458E-01    9.34780E-01
    1.37675E+04    2.34431E+00    1.29181E-01    1.20822E+04    4.96038E-08    6.03683E-05   -2.14382E-04    9.60458E-01    9.49039E-01    9.25581E-01
    1.39579E+04    2.54923E+00    2.04920E-01    1.20822E+04    7.65567E-08    1.48770E-04   -2.33290E-04    9.49039E-01    9.20509E-01    9.11085E-01
    1.41510E+04    2.84574E+00    2.96514E-01    1.22494E+04    1.07776E-07    2.33663E-04   -2.30604E-04    9.58543E-01    9.13115E-01    9.20509E-01
    1.43468E+04    3.13949E+00    2.93750E-01    1.25908E+04    1.03882E-07    2.95061E-04   -1.29694E-04    9.62340E-01    9.04184E-01    9.40355E-01
