 # rho, F_z,dF_z, z(rho), E2 (=>sigma2=e0^2*E2), Er, Ez, Ui,j , Ui+1,j , Ui,j-1
    2.50000E-01    1.13233E-04    1.13233E-04    0.00000E+00    9.05865E-04    7.70901E-03   -2.90936E-02    9.81599E-01    9.77744E-01    9.67052E-01
    7.50000E-01    3.36826E-04    2.23592E-04    5.00000E-01    5.96247E-04    2.73042E-03   -2.42650E-02    9.89877E-01    9.88511E-01    9.77744E-01
    1.25000E+00    6.89499E-04    3.52673E-04    5.00000E-01    5.64278E-04    8.76923E-04   -2.37383E-02    9.88511E-01    9.88073E-01    9.76642E-01
    1.75000E+00    1.19255E-03    5.03047E-04    5.00000E-01    5.74911E-04    5.08391E-04   -2.39719E-02    9.88073E-01    9.87819E-01    9.76087E-01
    2.25000E+00    1.85682E-03    6.64272E-04    5.00000E-01    5.90464E-04    4.62672E-04   -2.42951E-02    9.87819E-01    9.87588E-01    9.75671E-01
    2.75000E+00    2.69378E-03    8.36958E-04    5.00000E-01    6.08696E-04    5.37626E-04   -2.46659E-02    9.87588E-01    9.87319E-01    9.75255E-01
    3.25000E+00    3.71911E-03    1.02534E-03    5.00000E-01    6.30977E-04    7.08259E-04   -2.51093E-02    9.87319E-01    9.86965E-01    9.74764E-01
    3.75000E+00    4.95535E-03    1.23623E-03    5.00000E-01    6.59325E-04    1.02797E-03   -2.56567E-02    9.86965E-01    9.86451E-01    9.74136E-01
    4.25000E+00    6.43445E-03    1.47910E-03    5.00000E-01    6.96049E-04    1.67646E-03   -2.63294E-02    9.86451E-01    9.85612E-01    9.73286E-01
    4.75000E+00    8.19932E-03    1.76487E-03    5.00000E-01    7.43105E-04    3.20433E-03   -2.70710E-02    9.85612E-01    9.84010E-01    9.72077E-01
    5.25000E+00    1.03195E-02    2.12015E-03    5.00000E-01    8.07676E-04    7.45414E-03   -2.74247E-02    9.84010E-01    9.80283E-01    9.70298E-01
    5.75000E+00    1.20579E-02    1.73846E-03    1.00000E+00    6.04682E-04    5.89435E-03   -2.38734E-02    9.92220E-01    9.89273E-01    9.80283E-01
    6.25000E+00    1.38340E-02    1.77611E-03    1.00000E+00    5.68356E-04    3.26148E-03   -2.36161E-02    9.89273E-01    9.87642E-01    9.77465E-01
    6.75000E+00    1.59383E-02    2.10430E-03    1.00000E+00    6.23497E-04    2.93987E-03   -2.47963E-02    9.87642E-01    9.86172E-01    9.75244E-01
    7.25000E+00    1.84857E-02    2.54740E-03    1.00000E+00    7.02731E-04    4.22261E-03   -2.61706E-02    9.86172E-01    9.84061E-01    9.73087E-01
    7.75000E+00    2.16253E-02    3.13958E-03    1.00000E+00    8.10215E-04    8.73948E-03   -2.70894E-02    9.84061E-01    9.79691E-01    9.70516E-01
    8.25000E+00    2.42843E-02    2.65897E-03    1.50000E+00    6.44598E-04    7.28231E-03   -2.43221E-02    9.91852E-01    9.88211E-01    9.79691E-01
    8.75000E+00    2.70663E-02    2.78205E-03    1.50000E+00    6.35896E-04    5.93621E-03   -2.45083E-02    9.88211E-01    9.85243E-01    9.75957E-01
    9.25000E+00    3.05239E-02    3.45753E-03    1.50000E+00    7.47575E-04    9.48660E-03   -2.56433E-02    9.85243E-01    9.80499E-01    9.72421E-01
    9.75000E+00    3.34292E-02    2.90533E-03    2.00000E+00    5.95966E-04    7.46646E-03   -2.32426E-02    9.92121E-01    9.88387E-01    9.80499E-01
    1.02500E+01    3.65713E-02    3.14211E-03    2.00000E+00    6.13095E-04    6.41086E-03   -2.39164E-02    9.88387E-01    9.85182E-01    9.76429E-01
    1.07500E+01    4.06045E-02    4.03315E-03    2.00000E+00    7.50353E-04    1.04120E-02   -2.53366E-02    9.85182E-01    9.79976E-01    9.72514E-01
    1.12500E+01    4.41558E-02    3.55130E-03    2.50000E+00    6.31343E-04    9.13659E-03   -2.34065E-02    9.91679E-01    9.87111E-01    9.79976E-01
    1.17500E+01    4.81603E-02    4.00456E-03    2.50000E+00    6.81627E-04    1.07202E-02   -2.38056E-02    9.87111E-01    9.81751E-01    9.75208E-01
    1.22500E+01    5.13711E-02    3.21078E-03    3.00000E+00    5.24208E-04    7.68520E-03   -2.15672E-02    9.92535E-01    9.88692E-01    9.81751E-01
    1.27500E+01    5.50557E-02    3.68464E-03    3.00000E+00    5.77982E-04    7.00049E-03   -2.29995E-02    9.88692E-01    9.85192E-01    9.77192E-01
    1.32500E+01    6.00293E-02    4.97359E-03    3.00000E+00    7.50731E-04    1.14697E-02   -2.48833E-02    9.85192E-01    9.79457E-01    9.72750E-01
    1.37500E+01    6.46420E-02    4.61263E-03    3.50000E+00    6.70928E-04    1.04884E-02   -2.36838E-02    9.91299E-01    9.86055E-01    9.79457E-01
    1.42500E+01    7.01932E-02    5.55125E-03    3.50000E+00    7.79122E-04    1.36814E-02   -2.43299E-02    9.86055E-01    9.79214E-01    9.73890E-01
    1.47500E+01    7.55569E-02    5.36365E-03    4.00000E+00    7.27274E-04    1.47285E-02   -2.25908E-02    9.90509E-01    9.83145E-01    9.79214E-01
    1.52500E+01    7.90563E-02    3.49942E-03    4.50000E+00    4.58940E-04    9.82041E-03   -1.90394E-02    9.92665E-01    9.87755E-01    9.83145E-01
    1.57500E+01    8.39218E-02    4.86550E-03    4.50000E+00    6.17841E-04    1.25355E-02   -2.14640E-02    9.87755E-01    9.81487E-01    9.77023E-01
    1.62500E+01    8.84067E-02    4.48496E-03    5.00000E+00    5.51994E-04    1.04856E-02   -2.10249E-02    9.91999E-01    9.86756E-01    9.81487E-01
    1.67500E+01    9.43335E-02    5.92674E-03    5.00000E+00    7.07670E-04    1.41046E-02   -2.25551E-02    9.86756E-01    9.79704E-01    9.75479E-01
    1.72500E+01    1.00456E-01    6.12218E-03    5.50000E+00    7.09818E-04    1.53867E-02   -2.17501E-02    9.90579E-01    9.82886E-01    9.79704E-01
    1.77500E+01    1.04734E-01    4.27790E-03    6.00000E+00    4.82017E-04    1.09636E-02   -1.90214E-02    9.92397E-01    9.86915E-01    9.82886E-01
    1.82500E+01    1.11109E-01    6.37524E-03    6.00000E+00    6.98657E-04    1.52311E-02   -2.16026E-02    9.86915E-01    9.79299E-01    9.76114E-01
    1.87500E+01    1.18372E-01    7.26272E-03    6.50000E+00    7.74691E-04    1.76090E-02   -2.15549E-02    9.90077E-01    9.81272E-01    9.79299E-01
    1.92500E+01    1.24733E-01    6.36122E-03    7.00000E+00    6.60906E-04    1.72508E-02   -1.90609E-02    9.90803E-01    9.82177E-01    9.81272E-01
    1.97500E+01    1.30744E-01    6.01112E-03    7.50000E+00    6.08721E-04    1.68901E-02   -1.79846E-02    9.91170E-01    9.82724E-01    9.82177E-01
    2.02500E+01    1.36589E-01    5.84488E-03    8.00000E+00    5.77272E-04    1.66172E-02   -1.73534E-02    9.91401E-01    9.83093E-01    9.82724E-01
    2.07500E+01    1.42362E-01    5.77362E-03    8.50000E+00    5.56494E-04    1.64250E-02   -1.69326E-02    9.91559E-01    9.83346E-01    9.83093E-01
    2.12500E+01    1.48129E-01    5.76665E-03    9.00000E+00    5.42744E-04    1.63065E-02   -1.66386E-02    9.91666E-01    9.83512E-01    9.83346E-01
    2.17500E+01    1.53943E-01    5.81386E-03    9.50000E+00    5.34608E-04    1.62626E-02   -1.64358E-02    9.91730E-01    9.83599E-01    9.83512E-01
    2.22500E+01    1.59860E-01    5.91690E-03    1.00000E+01    5.31856E-04    1.63053E-02   -1.63093E-02    9.91754E-01    9.83601E-01    9.83599E-01
    2.27500E+01    1.65950E-01    6.08972E-03    1.05000E+01    5.35360E-04    1.64656E-02   -1.62555E-02    9.91729E-01    9.83496E-01    9.83601E-01
    2.32500E+01    1.72319E-01    6.36909E-03    1.10000E+01    5.47879E-04    1.68186E-02   -1.62792E-02    9.91636E-01    9.83226E-01    9.83496E-01
    2.37500E+01    1.79176E-01    6.85718E-03    1.15000E+01    5.77447E-04    1.75774E-02   -1.63854E-02    9.91419E-01    9.82630E-01    9.83226E-01
    2.42500E+01    1.87145E-01    7.96921E-03    1.20000E+01    6.57254E-04    1.96288E-02   -1.64913E-02    9.90876E-01    9.81061E-01    9.82630E-01
    2.47500E+01    1.91947E-01    4.80243E-03    1.30000E+01    3.88075E-04    1.69020E-02   -1.01191E-02    9.93176E-01    9.84725E-01    9.88116E-01
    2.52500E+01    1.98972E-01    7.02488E-03    1.35000E+01    5.56426E-04    1.90540E-02   -1.39058E-02    9.91678E-01    9.82151E-01    9.84725E-01
    2.57500E+01    2.04243E-01    5.27069E-03    1.45000E+01    4.09374E-04    1.79565E-02   -9.32403E-03    9.93113E-01    9.84135E-01    9.88451E-01
    2.62500E+01    2.08466E-01    4.22275E-03    1.55000E+01    3.21734E-04    1.57889E-02   -8.51145E-03    9.93867E-01    9.85972E-01    9.89611E-01
    2.67500E+01    2.15092E-01    6.62653E-03    1.60000E+01    4.95441E-04    1.84454E-02   -1.24583E-02    9.92201E-01    9.82978E-01    9.85972E-01
    2.72500E+01    2.20938E-01    5.84614E-03    1.70000E+01    4.29074E-04    1.87910E-02   -8.71628E-03    9.93060E-01    9.83664E-01    9.88701E-01
    2.77500E+01    2.25139E-01    4.20054E-03    1.85000E+01    3.02741E-04    1.62681E-02   -6.17182E-03    9.94339E-01    9.86205E-01    9.91253E-01
    2.82500E+01    2.29884E-01    4.74476E-03    1.95000E+01    3.35912E-04    1.69102E-02   -7.06797E-03    9.93952E-01    9.85497E-01    9.90418E-01
    2.87500E+01    2.33615E-01    3.73165E-03    2.10000E+01    2.59593E-04    1.51250E-02   -5.55229E-03    9.94785E-01    9.87223E-01    9.92009E-01
    2.92500E+01    2.37992E-01    4.37637E-03    2.20000E+01    2.99239E-04    1.60223E-02   -6.52118E-03    9.94316E-01    9.86304E-01    9.91055E-01
    2.97500E+01    2.41765E-01    3.77375E-03    2.35000E+01    2.53697E-04    1.50543E-02   -5.20239E-03    9.94893E-01    9.87366E-01    9.92292E-01
    3.02500E+01    2.45200E-01    3.43456E-03    2.50000E+01    2.27078E-04    1.42624E-02   -4.86431E-03    9.95178E-01    9.88047E-01    9.92746E-01
    3.07500E+01    2.48205E-01    3.00449E-03    2.65000E+01    1.95414E-04    1.31791E-02   -4.66108E-03    9.95503E-01    9.88914E-01    9.93173E-01
    3.12500E+01    2.51846E-01    3.64143E-03    2.75000E+01    2.33052E-04    1.41843E-02   -5.64416E-03    9.95003E-01    9.87911E-01    9.92181E-01
    3.17500E+01    2.55083E-01    3.23716E-03    2.90000E+01    2.03915E-04    1.35165E-02   -4.60657E-03    9.95433E-01    9.88675E-01    9.93130E-01
    3.22500E+01    2.58087E-01    3.00430E-03    3.05000E+01    1.86313E-04    1.29319E-02   -4.36786E-03    9.95641E-01    9.89175E-01    9.93457E-01
    3.27500E+01    2.60753E-01    2.66520E-03    3.20000E+01    1.62760E-04    1.20373E-02   -4.22650E-03    9.95903E-01    9.89884E-01    9.93790E-01
    3.32500E+01    2.64009E-01    3.25629E-03    3.30000E+01    1.95867E-04    1.30151E-02   -5.14541E-03    9.95425E-01    9.88918E-01    9.92853E-01
    3.37500E+01    2.66933E-01    2.92372E-03    3.45000E+01    1.73257E-04    1.24660E-02   -4.22574E-03    9.95796E-01    9.89563E-01    9.93683E-01
    3.42500E+01    2.69667E-01    2.73464E-03    3.60000E+01    1.59687E-04    1.19777E-02   -4.02748E-03    9.95969E-01    9.89980E-01    9.93956E-01
    3.47500E+01    2.72109E-01    2.44140E-03    3.75000E+01    1.40512E-04    1.11890E-02   -3.91391E-03    9.96197E-01    9.90602E-01    9.94240E-01
    3.52500E+01    2.75103E-01    2.99451E-03    3.85000E+01    1.69901E-04    1.21275E-02   -4.77757E-03    9.95744E-01    9.89680E-01    9.93355E-01
    3.57500E+01    2.77806E-01    2.70257E-03    4.00000E+01    1.51193E-04    1.16489E-02   -3.93638E-03    9.96076E-01    9.90252E-01    9.94108E-01
    3.62500E+01    2.80344E-01    2.53859E-03    4.15000E+01    1.40060E-04    1.12207E-02   -3.76253E-03    9.96228E-01    9.90618E-01    9.94347E-01
    3.67500E+01    2.82619E-01    2.27454E-03    4.30000E+01    1.23784E-04    1.05046E-02   -3.66569E-03    9.96433E-01    9.91181E-01    9.94600E-01
    3.72500E+01    2.85415E-01    2.79607E-03    4.40000E+01    1.50124E-04    1.14033E-02   -4.48203E-03    9.96002E-01    9.90300E-01    9.93761E-01
    3.77500E+01    2.87946E-01    2.53094E-03    4.55000E+01    1.34090E-04    1.09726E-02   -3.70029E-03    9.96307E-01    9.90821E-01    9.94457E-01
    3.82500E+01    2.90329E-01    2.38279E-03    4.70000E+01    1.24590E-04    1.05847E-02   -3.54324E-03    9.96445E-01    9.91152E-01    9.94673E-01
    3.87500E+01    2.92467E-01    2.13804E-03    4.85000E+01    1.10350E-04    9.91955E-03   -3.45728E-03    9.96634E-01    9.91674E-01    9.94905E-01
    3.92500E+01    2.95095E-01    2.62858E-03    4.95000E+01    1.33940E-04    1.07720E-02   -4.23134E-03    9.96225E-01    9.90839E-01    9.94109E-01
    3.97500E+01    2.97474E-01    2.37832E-03    5.09984E+01    1.19664E-04    1.03623E-02   -3.50525E-03    9.96510E-01    9.91329E-01    9.94770E-01
    4.02500E+01    2.99571E-01    2.09759E-03    5.25384E+01    1.04228E-04    9.67490E-03   -3.25951E-03    9.96664E-01    9.91826E-01    9.94991E-01
    4.07500E+01    3.02076E-01    2.50516E-03    5.35940E+01    1.22953E-04    1.03863E-02   -3.88290E-03    9.96264E-01    9.91071E-01    9.94226E-01
    4.12500E+01    3.04158E-01    2.08134E-03    5.52222E+01    1.00913E-04    9.56923E-03   -3.05666E-03    9.96611E-01    9.91826E-01    9.94952E-01
    4.17500E+01    3.06581E-01    2.42325E-03    5.63382E+01    1.16084E-04    1.01570E-02   -3.59432E-03    9.96260E-01    9.91182E-01    9.94265E-01
    4.22500E+01    3.08550E-01    1.96925E-03    5.80596E+01    9.32189E-05    9.24586E-03   -2.78083E-03    9.96645E-01    9.92022E-01    9.95050E-01
    4.27500E+01    3.10721E-01    2.17110E-03    5.92396E+01    1.01572E-04    9.52853E-03   -3.28315E-03    9.96388E-01    9.91624E-01    9.94462E-01
    4.32500E+01    3.13083E-01    2.36145E-03    6.04461E+01    1.09200E-04    9.91587E-03   -3.29783E-03    9.96220E-01    9.91263E-01    9.94242E-01
    4.37500E+01    3.14949E-01    1.86594E-03    6.23071E+01    8.53002E-05    8.90694E-03   -2.44266E-03    9.96666E-01    9.92213E-01    9.95151E-01
    4.42500E+01    3.16941E-01    1.99241E-03    6.35828E+01    9.00524E-05    9.04343E-03   -2.87555E-03    9.96473E-01    9.91951E-01    9.94649E-01
    4.47500E+01    3.18968E-01    2.02736E-03    6.48871E+01    9.06083E-05    9.07371E-03   -2.87682E-03    9.96419E-01    9.91882E-01    9.94553E-01
    4.52500E+01    3.20999E-01    2.03036E-03    6.62209E+01    8.97396E-05    9.04679E-03   -2.80984E-03    9.96401E-01    9.91877E-01    9.94537E-01
    4.57500E+01    3.23015E-01    2.01656E-03    6.75847E+01    8.81556E-05    8.98589E-03   -2.72202E-03    9.96400E-01    9.91907E-01    9.94554E-01
    4.62500E+01    3.25006E-01    1.99057E-03    6.89793E+01    8.60789E-05    8.89862E-03   -2.62553E-03    9.96411E-01    9.91962E-01    9.94590E-01
    4.67500E+01    3.26959E-01    1.95270E-03    7.04052E+01    8.35379E-05    8.78425E-03   -2.52484E-03    9.96434E-01    9.92041E-01    9.94643E-01
    4.72500E+01    3.28857E-01    1.89869E-03    7.18633E+01    8.03678E-05    8.63136E-03   -2.42227E-03    9.96471E-01    9.92156E-01    9.94715E-01
    4.77500E+01    3.30669E-01    1.81131E-03    7.33542E+01    7.58662E-05    8.39489E-03   -2.32209E-03    9.96540E-01    9.92342E-01    9.94819E-01
    4.82500E+01    3.32259E-01    1.59030E-03    7.48787E+01    6.59193E-05    7.79580E-03   -2.26822E-03    9.96728E-01    9.92830E-01    9.95009E-01
    4.87500E+01    3.34550E-01    2.29121E-03    7.56537E+01    9.39982E-05    8.80517E-03   -4.05798E-03    9.95941E-01    9.91538E-01    9.92830E-01
    4.92500E+01    3.36436E-01    1.88634E-03    7.72300E+01    7.66025E-05    8.44526E-03   -2.29784E-03    9.96441E-01    9.92218E-01    9.94640E-01
    4.97500E+01    3.38048E-01    1.61171E-03    7.88418E+01    6.47924E-05    7.76483E-03   -2.12129E-03    9.96695E-01    9.92812E-01    9.94995E-01
    5.02482E+01    3.40307E-01    2.25835E-03    7.96613E+01    9.05338E-05    8.69462E-03   -3.86488E-03    9.95945E-01    9.91628E-01    9.92812E-01
    5.07474E+01    3.42161E-01    1.85423E-03    8.13278E+01    7.27868E-05    8.27195E-03   -2.08845E-03    9.96491E-01    9.92338E-01    9.94760E-01
    5.12522E+01    3.43748E-01    1.58706E-03    8.30319E+01    6.10023E-05    7.56770E-03   -1.93190E-03    9.96734E-01    9.92893E-01    9.95097E-01
    5.17627E+01    3.45982E-01    2.23378E-03    8.38983E+01    8.40719E-05    8.42594E-03   -3.61599E-03    9.95991E-01    9.91666E-01    9.92893E-01
    5.22789E+01    3.47808E-01    1.82625E-03    8.56603E+01    6.73016E-05    7.96960E-03   -1.94602E-03    9.96488E-01    9.92352E-01    9.94783E-01
    5.28008E+01    3.49362E-01    1.55366E-03    8.74620E+01    5.60622E-05    7.26604E-03   -1.80746E-03    9.96741E-01    9.92927E-01    9.95122E-01
    5.33286E+01    3.51518E-01    2.15672E-03    8.83780E+01    7.61990E-05    8.03043E-03   -3.42217E-03    9.96027E-01    9.91765E-01    9.92927E-01
    5.38623E+01    3.53148E-01    1.62931E-03    9.02409E+01    5.63636E-05    7.27334E-03   -1.86069E-03    9.96638E-01    9.92735E-01    9.94915E-01
    5.44020E+01    3.55378E-01    2.23061E-03    9.11881E+01    7.55530E-05    7.98994E-03   -3.42257E-03    9.95940E-01    9.91604E-01    9.92735E-01
    5.49478E+01    3.57047E-01    1.66849E-03    9.31143E+01    5.53323E-05    7.21149E-03   -1.82393E-03    9.96583E-01    9.92625E-01    9.94836E-01
    5.54996E+01    3.59322E-01    2.27583E-03    9.40936E+01    7.38955E-05    7.91099E-03   -3.36329E-03    9.95882E-01    9.91492E-01    9.92625E-01
    5.60576E+01    3.61029E-01    1.70610E-03    9.60852E+01    5.42378E-05    7.14769E-03   -1.77433E-03    9.96531E-01    9.92520E-01    9.94773E-01
    5.66219E+01    3.63361E-01    2.33290E-03    9.70978E+01    7.26115E-05    7.86004E-03   -3.29107E-03    9.95815E-01    9.91355E-01    9.92520E-01
    5.71925E+01    3.65218E-01    1.85635E-03    9.91571E+01    5.65688E-05    7.33060E-03   -1.68258E-03    9.96381E-01    9.92175E-01    9.94658E-01
    5.77695E+01    3.66745E-01    1.52758E-03    1.01263E+02    4.55750E-05    6.56972E-03   -1.55361E-03    9.96696E-01    9.92884E-01    9.95069E-01
    5.83530E+01    3.68744E-01    1.99855E-03    1.02333E+02    5.83762E-05    7.01426E-03   -3.02927E-03    9.96091E-01    9.91976E-01    9.92884E-01
    5.89429E+01    3.71195E-01    2.45130E-03    1.03416E+02    7.00990E-05    7.63166E-03   -3.44336E-03    9.95662E-01    9.91135E-01    9.91976E-01
    5.95395E+01    3.72947E-01    1.75163E-03    1.05618E+02    4.90395E-05    6.80687E-03   -1.64501E-03    9.96437E-01    9.92354E-01    9.94637E-01
    6.01428E+01    3.75296E-01    2.34956E-03    1.06737E+02    6.43983E-05    7.41568E-03   -3.06691E-03    9.95749E-01    9.91250E-01    9.92354E-01
    6.07529E+01    3.77036E-01    1.73998E-03    1.09013E+02    4.66888E-05    6.65199E-03   -1.56201E-03    9.96438E-01    9.92358E-01    9.94670E-01
    6.13697E+01    3.79373E-01    2.33634E-03    1.10171E+02    6.13734E-05    7.25341E-03   -2.95996E-03    9.95746E-01    9.91246E-01    9.92358E-01
    6.19935E+01    3.81108E-01    1.73502E-03    1.12525E+02    4.46190E-05    6.50862E-03   -1.50229E-03    9.96430E-01    9.92348E-01    9.94672E-01
    6.26242E+01    3.83432E-01    2.32373E-03    1.13721E+02    5.85016E-05    7.09062E-03   -2.86789E-03    9.95742E-01    9.91244E-01    9.92348E-01
    6.32621E+01    3.85152E-01    1.72080E-03    1.16155E+02    4.24105E-05    6.34976E-03   -1.44603E-03    9.96431E-01    9.92358E-01    9.94681E-01
    6.39070E+01    3.87444E-01    2.29130E-03    1.17392E+02    5.52819E-05    6.89739E-03   -2.77630E-03    9.95756E-01    9.91282E-01    9.92358E-01
    6.45592E+01    3.89102E-01    1.65834E-03    1.19909E+02    3.91676E-05    6.10052E-03   -1.39687E-03    9.96479E-01    9.92478E-01    9.94731E-01
    6.52187E+01    3.91221E-01    2.11925E-03    1.21188E+02    4.89988E-05    6.45731E-03   -2.70222E-03    9.95897E-01    9.91615E-01    9.92478E-01
    6.58856E+01    3.93767E-01    2.54582E-03    1.22482E+02    5.76203E-05    6.95842E-03   -3.03328E-03    9.95496E-01    9.90829E-01    9.91615E-01
    6.65600E+01    3.95565E-01    1.79769E-03    1.25113E+02    3.98293E-05    6.15751E-03   -1.38364E-03    9.96320E-01    9.92144E-01    9.94509E-01
    6.72419E+01    3.97933E-01    2.36791E-03    1.26451E+02    5.13559E-05    6.65774E-03   -2.65150E-03    9.95652E-01    9.91087E-01    9.92144E-01
    6.79314E+01    3.99636E-01    1.70325E-03    1.29171E+02    3.61606E-05    5.86996E-03   -1.30541E-03    9.96404E-01    9.92334E-01    9.94638E-01
    6.86287E+01    4.01801E-01    2.16465E-03    1.30555E+02    4.49856E-05    6.20302E-03   -2.55111E-03    9.95823E-01    9.91474E-01    9.92334E-01
    6.93338E+01    4.04386E-01    2.58561E-03    1.31953E+02    5.25984E-05    6.66537E-03   -2.85853E-03    9.95428E-01    9.90702E-01    9.91474E-01
    7.00467E+01    4.06209E-01    1.82265E-03    1.34798E+02    3.62938E-05    5.88643E-03   -1.28206E-03    9.96266E-01    9.92046E-01    9.94453E-01
    7.07677E+01    4.08596E-01    2.38729E-03    1.36244E+02    4.65317E-05    6.35192E-03   -2.48692E-03    9.95603E-01    9.90998E-01    9.92046E-01
    7.14967E+01    4.10309E-01    1.71302E-03    1.39185E+02    3.26827E-05    5.58833E-03   -1.20549E-03    9.96366E-01    9.92270E-01    9.94604E-01
    7.22339E+01    4.12472E-01    2.16337E-03    1.40680E+02    4.04012E-05    5.89221E-03   -2.38393E-03    9.95795E-01    9.91427E-01    9.92270E-01
    7.29794E+01    4.15034E-01    2.56189E-03    1.42192E+02    4.68305E-05    6.30173E-03   -2.66809E-03    9.95417E-01    9.90693E-01    9.91427E-01
    7.37332E+01    4.16797E-01    1.76240E-03    1.45267E+02    3.15335E-05    5.48920E-03   -1.18413E-03    9.96297E-01    9.92137E-01    9.94487E-01
    7.44954E+01    4.19007E-01    2.21016E-03    1.46831E+02    3.87068E-05    5.77006E-03   -2.32664E-03    9.95734E-01    9.91311E-01    9.92137E-01
    7.52662E+01    4.21609E-01    2.60174E-03    1.48412E+02    4.45986E-05    6.15447E-03   -2.59252E-03    9.95364E-01    9.90594E-01    9.91311E-01
    7.60456E+01    4.23391E-01    1.78196E-03    1.51627E+02    2.98981E-05    5.34814E-03   -1.13816E-03    9.96263E-01    9.92071E-01    9.94443E-01
    7.68337E+01    4.25617E-01    2.22624E-03    1.53262E+02    3.65597E-05    5.61350E-03   -2.24684E-03    9.95703E-01    9.91254E-01    9.92071E-01
    7.76307E+01    4.28225E-01    2.60835E-03    1.54915E+02    4.19254E-05    5.97258E-03   -2.50073E-03    9.95342E-01    9.90555E-01    9.91254E-01
    7.84366E+01    4.29993E-01    1.76800E-03    1.58276E+02    2.78145E-05    5.16000E-03   -1.09038E-03    9.96262E-01    9.92080E-01    9.94439E-01
    7.92515E+01    4.32172E-01    2.17833E-03    1.59985E+02    3.35418E-05    5.37313E-03   -2.16132E-03    9.95733E-01    9.91330E-01    9.92080E-01
    8.00756E+01    4.34628E-01    2.45602E-03    1.61714E+02    3.70141E-05    5.58324E-03   -2.41692E-03    9.95461E-01    9.90835E-01    9.91330E-01
    8.09089E+01    4.37408E-01    2.78049E-03    1.63461E+02    4.10132E-05    5.89241E-03   -2.50852E-03    9.95170E-01    9.90233E-01    9.90835E-01
    8.17515E+01    4.39277E-01    1.86848E-03    1.67016E+02    2.69745E-05    5.08514E-03   -1.05631E-03    9.96142E-01    9.91834E-01    9.94276E-01
    8.26035E+01    4.41595E-01    2.31827E-03    1.68823E+02    3.27558E-05    5.32473E-03   -2.09834E-03    9.95583E-01    9.91021E-01    9.91834E-01
    8.34651E+01    4.44294E-01    2.69894E-03    1.70650E+02    3.73228E-05    5.64828E-03   -2.32803E-03    9.95228E-01    9.90334E-01    9.91021E-01
    8.43364E+01    4.46121E-01    1.82745E-03    1.74366E+02    2.47332E-05    4.87230E-03   -9.96940E-04    9.96171E-01    9.91903E-01    9.94329E-01
    8.52174E+01    4.48364E-01    2.24250E-03    1.76255E+02    2.97041E-05    5.06966E-03   -2.00065E-03    9.95641E-01    9.91150E-01    9.91903E-01
    8.61082E+01    4.50883E-01    2.51923E-03    1.78166E+02    3.26587E-05    5.25977E-03   -2.23460E-03    9.95371E-01    9.90660E-01    9.91150E-01
    8.70091E+01    4.53724E-01    2.84080E-03    1.80098E+02    3.60424E-05    5.53882E-03   -2.31601E-03    9.95084E-01    9.90067E-01    9.90660E-01
    8.79200E+01    4.55635E-01    1.91106E-03    1.84027E+02    2.37295E-05    4.77585E-03   -9.59540E-04    9.96070E-01    9.91696E-01    9.94196E-01
    8.88411E+01    4.57997E-01    2.36202E-03    1.86024E+02    2.87034E-05    4.99722E-03   -1.93164E-03    9.95511E-01    9.90883E-01    9.91696E-01
    8.97726E+01    4.60735E-01    2.73864E-03    1.88044E+02    3.25701E-05    5.29000E-03   -2.14148E-03    9.95160E-01    9.90206E-01    9.90883E-01
    9.07145E+01    4.62591E-01    1.85536E-03    1.92152E+02    2.15944E-05    4.55849E-03   -9.02531E-04    9.96115E-01    9.91797E-01    9.94272E-01
    9.16669E+01    4.64858E-01    2.26705E-03    1.94240E+02    2.58227E-05    4.73865E-03   -1.83518E-03    9.95588E-01    9.91049E-01    9.91797E-01
    9.26300E+01    4.67393E-01    2.53530E-03    1.96352E+02    2.82614E-05    4.90594E-03   -2.04773E-03    9.95326E-01    9.90575E-01    9.91049E-01
    9.36039E+01    4.70235E-01    2.84191E-03    1.98488E+02    3.10023E-05    5.14884E-03   -2.11939E-03    9.95051E-01    9.90009E-01    9.90575E-01
    9.45887E+01    4.72128E-01    1.89309E-03    2.02831E+02    2.02103E-05    4.41144E-03   -8.65741E-04    9.96060E-01    9.91692E-01    9.94191E-01
    9.55845E+01    4.74431E-01    2.30235E-03    2.05039E+02    2.40540E-05    4.57722E-03   -1.76157E-03    9.95538E-01    9.90955E-01    9.91692E-01
    9.65915E+01    4.76994E-01    2.56386E-03    2.07272E+02    2.62133E-05    4.72961E-03   -1.96063E-03    9.95284E-01    9.90495E-01    9.90955E-01
    9.76098E+01    4.79856E-01    2.86136E-03    2.09530E+02    2.86292E-05    4.95249E-03   -2.02535E-03    9.95017E-01    9.89946E-01    9.90495E-01
    9.86394E+01    4.81750E-01    1.89423E-03    2.14122E+02    1.85471E-05    4.22776E-03   -8.20448E-04    9.96044E-01    9.91667E-01    9.94171E-01
    9.96806E+01    4.84037E-01    2.28694E-03    2.16457E+02    2.19129E-05    4.37051E-03   -1.67678E-03    9.95538E-01    9.90962E-01    9.91667E-01
    1.00733E+02    4.86549E-01    2.51189E-03    2.18817E+02    2.35530E-05    4.48047E-03   -1.86504E-03    9.95316E-01    9.90573E-01    9.90962E-01
    1.01798E+02    4.89251E-01    2.70237E-03    2.21204E+02    2.47963E-05    4.58843E-03   -1.93458E-03    9.95140E-01    9.90228E-01    9.90573E-01
    1.02875E+02    4.92223E-01    2.97144E-03    2.23618E+02    2.66811E-05    4.77955E-03   -1.95882E-03    9.94904E-01    9.89730E-01    9.90228E-01
    1.03963E+02    4.94173E-01    1.95025E-03    2.28528E+02    1.71363E-05    4.06558E-03   -7.79323E-04    9.95971E-01    9.91520E-01    9.94068E-01
    1.05064E+02    4.96520E-01    2.34670E-03    2.31024E+02    2.01778E-05    4.19812E-03   -1.59798E-03    9.95464E-01    9.90817E-01    9.91520E-01
    1.06177E+02    4.99090E-01    2.57039E-03    2.33547E+02    2.16273E-05    4.29873E-03   -1.77433E-03    9.95246E-01    9.90434E-01    9.90817E-01
    1.07303E+02    5.01849E-01    2.75886E-03    2.36100E+02    2.27151E-05    4.39744E-03   -1.83783E-03    9.95073E-01    9.90095E-01    9.90434E-01
    1.08441E+02    5.04875E-01    3.02657E-03    2.38680E+02    2.43846E-05    4.57488E-03   -1.85878E-03    9.94839E-01    9.89603E-01    9.90095E-01
    1.09592E+02    5.06862E-01    1.98698E-03    2.43929E+02    1.56652E-05    3.88942E-03   -7.33228E-04    9.95918E-01    9.91417E-01    9.94005E-01
    1.10756E+02    5.09249E-01    2.38660E-03    2.46597E+02    1.84118E-05    4.01513E-03   -1.51346E-03    9.95411E-01    9.90712E-01    9.91417E-01
    1.11933E+02    5.11859E-01    2.61009E-03    2.49296E+02    1.97036E-05    4.10884E-03   -1.67960E-03    9.95193E-01    9.90331E-01    9.90712E-01
    1.13123E+02    5.14656E-01    2.79734E-03    2.52024E+02    2.06636E-05    4.20013E-03   -1.73855E-03    9.95022E-01    9.89996E-01    9.90331E-01
    1.14326E+02    5.17720E-01    3.06351E-03    2.54783E+02    2.21435E-05    4.36524E-03   -1.75732E-03    9.94791E-01    9.89508E-01    9.89996E-01
    1.15543E+02    5.19733E-01    2.01277E-03    2.60395E+02    1.42359E-05    3.70986E-03   -6.87649E-04    9.95878E-01    9.91338E-01    9.93959E-01
    1.16774E+02    5.22146E-01    2.41321E-03    2.63247E+02    1.67013E-05    3.82868E-03   -1.42916E-03    9.95370E-01    9.90633E-01    9.91338E-01
    1.18018E+02    5.24781E-01    2.63476E-03    2.66132E+02    1.78425E-05    3.91526E-03   -1.58532E-03    9.95155E-01    9.90256E-01    9.90633E-01
    1.19276E+02    5.27599E-01    2.81865E-03    2.69049E+02    1.86773E-05    3.99851E-03   -1.63987E-03    9.94987E-01    9.89928E-01    9.90256E-01
    1.20549E+02    5.30679E-01    3.07954E-03    2.71999E+02    1.99670E-05    4.15005E-03   -1.65652E-03    9.94760E-01    9.89451E-01    9.89928E-01
    1.21835E+02    5.32698E-01    2.01911E-03    2.77998E+02    1.28097E-05    3.52079E-03   -6.43246E-04    9.95857E-01    9.91302E-01    9.93938E-01
    1.23136E+02    5.35108E-01    2.41055E-03    2.81048E+02    1.49639E-05    3.62707E-03   -1.34471E-03    9.95358E-01    9.90613E-01    9.91302E-01
    1.24452E+02    5.37723E-01    2.61464E-03    2.84132E+02    1.58814E-05    3.69595E-03   -1.49042E-03    9.95159E-01    9.90269E-01    9.90613E-01
    1.25782E+02    5.40485E-01    2.76193E-03    2.87251E+02    1.64147E-05    3.74700E-03   -1.54102E-03    9.95022E-01    9.90010E-01    9.90269E-01
    1.27127E+02    5.43400E-01    2.91481E-03    2.90405E+02    1.69502E-05    3.80875E-03   -1.56321E-03    9.94885E-01    9.89733E-01    9.90010E-01
    1.28488E+02    5.46561E-01    3.16073E-03    2.93594E+02    1.79843E-05    3.94078E-03   -1.56669E-03    9.94674E-01    9.89283E-01    9.89733E-01
    1.29863E+02    5.48625E-01    2.06403E-03    3.00079E+02    1.14911E-05    3.33619E-03   -6.00752E-04    9.95796E-01    9.91182E-01    9.93859E-01
    1.31254E+02    5.51082E-01    2.45764E-03    3.03376E+02    1.33874E-05    3.43429E-03   -1.26219E-03    9.95297E-01    9.90494E-01    9.91182E-01
    1.32660E+02    5.53742E-01    2.65966E-03    3.06711E+02    1.41756E-05    3.49616E-03   -1.39730E-03    9.95101E-01    9.90157E-01    9.90494E-01
    1.34083E+02    5.56546E-01    2.80379E-03    3.10082E+02    1.46215E-05    3.54103E-03   -1.44312E-03    9.94968E-01    9.89904E-01    9.90157E-01
    1.35521E+02    5.59499E-01    2.95302E-03    3.13492E+02    1.50675E-05    3.59565E-03   -1.46247E-03    9.94835E-01    9.89635E-01    9.89904E-01
    1.36975E+02    5.62693E-01    3.19457E-03    3.16939E+02    1.59484E-05    3.71532E-03   -1.46449E-03    9.94628E-01    9.89195E-01    9.89635E-01
    1.38446E+02    5.64777E-01    2.08357E-03    3.23951E+02    1.01774E-05    3.14119E-03   -5.57031E-04    9.95762E-01    9.91117E-01    9.93820E-01
    1.39933E+02    5.67250E-01    2.47298E-03    3.27515E+02    1.18188E-05    3.22990E-03   -1.17752E-03    9.95268E-01    9.90438E-01    9.91117E-01
    1.41436E+02    5.69915E-01    2.66528E-03    3.31120E+02    1.24628E-05    3.28122E-03   -1.30245E-03    9.95081E-01    9.90119E-01    9.90438E-01
    1.42957E+02    5.72707E-01    2.79189E-03    3.34765E+02    1.27729E-05    3.31165E-03   -1.34384E-03    9.94963E-01    9.89900E-01    9.90119E-01
    1.44494E+02    5.75611E-01    2.90445E-03    3.38451E+02    1.30008E-05    3.33885E-03   -1.36123E-03    9.94862E-01    9.89699E-01    9.89900E-01
    1.46049E+02    5.78649E-01    3.03761E-03    3.42178E+02    1.33032E-05    3.38080E-03   -1.36871E-03    9.94744E-01    9.89459E-01    9.89699E-01
    1.47621E+02    5.81920E-01    3.27048E-03    3.45947E+02    1.40135E-05    3.48566E-03   -1.36516E-03    9.94547E-01    9.89036E-01    9.89459E-01
    1.49211E+02    5.84048E-01    2.12874E-03    3.53611E+02    8.92418E-06    2.94282E-03   -5.13826E-04    9.95701E-01    9.90996E-01    9.93743E-01
    1.50819E+02    5.86569E-01    2.52078E-03    3.57508E+02    1.03393E-05    3.02419E-03   -1.09251E-03    9.95207E-01    9.90318E-01    9.90996E-01
    1.52444E+02    5.89280E-01    2.71143E-03    3.61449E+02    1.08808E-05    3.06974E-03   -1.20728E-03    9.95022E-01    9.90004E-01    9.90318E-01
    1.54088E+02    5.92116E-01    2.83521E-03    3.65433E+02    1.11315E-05    3.09561E-03   -1.24446E-03    9.94908E-01    9.89791E-01    9.90004E-01
    1.55750E+02    5.95060E-01    2.94441E-03    3.69463E+02    1.13102E-05    3.11831E-03   -1.25948E-03    9.94810E-01    9.89598E-01    9.89791E-01
    1.57431E+02    5.98134E-01    3.07368E-03    3.73537E+02    1.15513E-05    3.15438E-03   -1.26538E-03    9.94696E-01    9.89365E-01    9.89598E-01
    1.59131E+02    6.01436E-01    3.30174E-03    3.77657E+02    1.21399E-05    3.24798E-03   -1.26116E-03    9.94503E-01    9.88952E-01    9.89365E-01
    1.60850E+02    6.03582E-01    2.14641E-03    3.86036E+02    7.72115E-06    2.73851E-03   -4.70876E-04    9.95668E-01    9.90936E-01    9.93707E-01
    1.62588E+02    6.06116E-01    2.53369E-03    3.90296E+02    8.91697E-06    2.81109E-03   -1.00733E-03    9.95179E-01    9.90267E-01    9.90936E-01
    1.64345E+02    6.08830E-01    2.71474E-03    3.94604E+02    9.34731E-06    2.84791E-03   -1.11209E-03    9.95004E-01    9.89971E-01    9.90267E-01
    1.66122E+02    6.11654E-01    2.82332E-03    3.98960E+02    9.51063E-06    2.86351E-03   -1.14496E-03    9.94903E-01    9.89786E-01    9.89971E-01
    1.67919E+02    6.14560E-01    2.90654E-03    4.03365E+02    9.57892E-06    2.87045E-03   -1.15733E-03    9.94828E-01    9.89641E-01    9.89786E-01
    1.69736E+02    6.17544E-01    2.98349E-03    4.07819E+02    9.61952E-06    2.87568E-03   -1.16189E-03    9.94759E-01    9.89504E-01    9.89641E-01
    1.71574E+02    6.20612E-01    3.06819E-03    4.12323E+02    9.67827E-06    2.88547E-03   -1.16291E-03    9.94684E-01    9.89352E-01    9.89504E-01
    1.73432E+02    6.23795E-01    3.18334E-03    4.16877E+02    9.82388E-06    2.91111E-03   -1.16161E-03    9.94584E-01    9.89145E-01    9.89352E-01
    1.75311E+02    6.27199E-01    3.40399E-03    4.21483E+02    1.02771E-05    2.99098E-03   -1.15377E-03    9.94400E-01    9.88749E-01    9.89145E-01
    1.77210E+02    6.29408E-01    2.20833E-03    4.30849E+02    6.52273E-06    2.51813E-03   -4.26325E-04    9.95590E-01    9.90780E-01    9.93605E-01
    1.79132E+02    6.32008E-01    2.60083E-03    4.35611E+02    7.51548E-06    2.58341E-03   -9.17326E-04    9.95099E-01    9.90109E-01    9.90780E-01
    1.81074E+02    6.34790E-01    2.78142E-03    4.40426E+02    7.86304E-06    2.61523E-03   -1.01174E-03    9.94926E-01    9.89818E-01    9.90109E-01
    1.83039E+02    6.37678E-01    2.88805E-03    4.45295E+02    7.98739E-06    2.62763E-03   -1.04065E-03    9.94829E-01    9.89638E-01    9.89818E-01
    1.85025E+02    6.40647E-01    2.96894E-03    4.50219E+02    8.03300E-06    2.63218E-03   -1.05102E-03    9.94756E-01    9.89498E-01    9.89638E-01
    1.87034E+02    6.43690E-01    3.04347E-03    4.55198E+02    8.05598E-06    2.63520E-03   -1.05438E-03    9.94689E-01    9.89366E-01    9.89498E-01
    1.89065E+02    6.46816E-01    3.12575E-03    4.60233E+02    8.09422E-06    2.64236E-03   -1.05458E-03    9.94617E-01    9.89220E-01    9.89366E-01
    1.91119E+02    6.50055E-01    3.23854E-03    4.65324E+02    8.20428E-06    2.66384E-03   -1.05273E-03    9.94520E-01    9.89018E-01    9.89220E-01
    1.93196E+02    6.53512E-01    3.45714E-03    4.70472E+02    8.56794E-06    2.73421E-03   -1.04502E-03    9.94338E-01    9.88628E-01    9.89018E-01
    1.95296E+02    6.55756E-01    2.24401E-03    4.80942E+02    5.44066E-06    2.30086E-03   -3.83030E-04    9.95540E-01    9.90681E-01    9.93546E-01
    1.97420E+02    6.58393E-01    2.63769E-03    4.86265E+02    6.25628E-06    2.35956E-03   -8.29899E-04    9.95049E-01    9.90010E-01    9.90681E-01
    1.99568E+02    6.61209E-01    2.81550E-03    4.91647E+02    6.53301E-06    2.38667E-03   -9.14773E-04    9.94880E-01    9.89726E-01    9.90010E-01
    2.01739E+02    6.64126E-01    2.91736E-03    4.97090E+02    6.62232E-06    2.39548E-03   -9.40204E-04    9.94786E-01    9.89555E-01    9.89726E-01
    2.03935E+02    6.67118E-01    2.99129E-03    5.02594E+02    6.64263E-06    2.39632E-03   -9.48823E-04    9.94720E-01    9.89428E-01    9.89555E-01
    2.06156E+02    6.70173E-01    3.05520E-03    5.08159E+02    6.63713E-06    2.39429E-03   -9.51051E-04    9.94663E-01    9.89317E-01    9.89428E-01
    2.08401E+02    6.73292E-01    3.11928E-03    5.13787E+02    6.62909E-06    2.39286E-03   -9.50434E-04    9.94606E-01    9.89203E-01    9.89317E-01
    2.10672E+02    6.76486E-01    3.19429E-03    5.19478E+02    6.64095E-06    2.39613E-03   -9.48421E-04    9.94541E-01    9.89070E-01    9.89203E-01
    2.12968E+02    6.79788E-01    3.30155E-03    5.25233E+02    6.71475E-06    2.41273E-03   -9.45241E-04    9.94449E-01    9.88879E-01    9.89070E-01
    2.15289E+02    6.83304E-01    3.51590E-03    5.31052E+02    6.99523E-06    2.47323E-03   -9.37215E-04    9.94272E-01    9.88498E-01    9.88879E-01
    2.17637E+02    6.85585E-01    2.28126E-03    5.42886E+02    4.44011E-06    2.07945E-03   -3.40578E-04    9.95488E-01    9.90579E-01    9.93484E-01
    2.20011E+02    6.88261E-01    2.67551E-03    5.48903E+02    5.09421E-06    2.13132E-03   -7.42761E-04    9.94998E-01    9.89911E-01    9.90579E-01
    2.22411E+02    6.91110E-01    2.84971E-03    5.54987E+02    5.30788E-06    2.15374E-03   -8.18085E-04    9.94833E-01    9.89634E-01    9.89911E-01
    2.24839E+02    6.94056E-01    2.94598E-03    5.61139E+02    5.36782E-06    2.15920E-03   -8.40061E-04    9.94745E-01    9.89474E-01    9.89634E-01
    2.27293E+02    6.97069E-01    3.01234E-03    5.67360E+02    5.36932E-06    2.15684E-03   -8.46961E-04    9.94685E-01    9.89361E-01    9.89474E-01
    2.29776E+02    7.00134E-01    3.06567E-03    5.73651E+02    5.34548E-06    2.15087E-03   -8.48083E-04    9.94637E-01    9.89269E-01    9.89361E-01
    2.32286E+02    7.03248E-01    3.11383E-03    5.80013E+02    5.31130E-06    2.14350E-03   -8.46578E-04    9.94595E-01    9.89185E-01    9.89269E-01
    2.34824E+02    7.06410E-01    3.16199E-03    5.86445E+02    5.27606E-06    2.13637E-03   -8.43785E-04    9.94552E-01    9.89100E-01    9.89185E-01
    2.37390E+02    7.09626E-01    3.21543E-03    5.92950E+02    5.24845E-06    2.13125E-03   -8.40378E-04    9.94506E-01    9.89005E-01    9.89100E-01
    2.39985E+02    7.12908E-01    3.28274E-03    5.99527E+02    5.24166E-06    2.13111E-03   -8.36685E-04    9.94448E-01    9.88886E-01    9.89005E-01
    2.42609E+02    7.16293E-01    3.38429E-03    6.06178E+02    5.28616E-06    2.14316E-03   -8.32487E-04    9.94362E-01    9.88706E-01    9.88886E-01
    2.45263E+02    7.19888E-01    3.59498E-03    6.12904E+02    5.49297E-06    2.19394E-03   -8.24370E-04    9.94189E-01    9.88335E-01    9.88706E-01
    2.47946E+02    7.22219E-01    2.33176E-03    6.26582E+02    3.48523E-06    1.84311E-03   -2.96957E-04    9.95423E-01    9.90449E-01    9.93403E-01
    2.50660E+02    7.24948E-01    2.72905E-03    6.33536E+02    3.99021E-06    1.88818E-03   -6.51901E-04    9.94932E-01    9.89780E-01    9.90449E-01
    2.53404E+02    7.27850E-01    2.90129E-03    6.40568E+02    4.14963E-06    1.90654E-03   -7.17460E-04    9.94770E-01    9.89509E-01    9.89780E-01
    2.56178E+02    7.30843E-01    2.99385E-03    6.47679E+02    4.18873E-06    1.90968E-03   -7.36103E-04    9.94686E-01    9.89358E-01    9.89509E-01
    2.58984E+02    7.33899E-01    3.05540E-03    6.54869E+02    4.18170E-06    1.90574E-03   -7.41530E-04    9.94631E-01    9.89254E-01    9.89358E-01
    2.61821E+02    7.37002E-01    3.10269E-03    6.62140E+02    4.15388E-06    1.89829E-03   -7.41882E-04    9.94588E-01    9.89173E-01    9.89254E-01
    2.64690E+02    7.40145E-01    3.14302E-03    6.69493E+02    4.11618E-06    1.88911E-03   -7.39899E-04    9.94553E-01    9.89103E-01    9.89173E-01
    2.67591E+02    7.43325E-01    3.18042E-03    6.76928E+02    4.07437E-06    1.87926E-03   -7.36728E-04    9.94520E-01    9.89038E-01    9.89103E-01
    2.70524E+02    7.46543E-01    3.21777E-03    6.84446E+02    4.03235E-06    1.86953E-03   -7.32944E-04    9.94487E-01    9.88972E-01    9.89038E-01
    2.73491E+02    7.49801E-01    3.25800E-03    6.92048E+02    3.99375E-06    1.86078E-03   -7.28877E-04    9.94452E-01    9.88902E-01    9.88972E-01
    2.76490E+02    7.53106E-01    3.30529E-03    6.99735E+02    3.96338E-06    1.85422E-03   -7.24737E-04    9.94411E-01    9.88818E-01    9.88902E-01
    2.79523E+02    7.56474E-01    3.36766E-03    7.07509E+02    3.95011E-06    1.85225E-03   -7.20620E-04    9.94358E-01    9.88709E-01    9.88818E-01
    2.82590E+02    7.59939E-01    3.46533E-03    7.15369E+02    3.97602E-06    1.86092E-03   -7.16240E-04    9.94276E-01    9.88537E-01    9.88709E-01
    2.85692E+02    7.63613E-01    3.67363E-03    7.23318E+02    4.12308E-06    1.90287E-03   -7.08633E-04    9.94107E-01    9.88173E-01    9.88537E-01
    2.88828E+02    7.65996E-01    2.38342E-03    7.39483E+02    2.61667E-06    1.59769E-03   -2.53119E-04    9.95356E-01    9.90318E-01    9.93322E-01
    2.91999E+02    7.68780E-01    2.78428E-03    7.47702E+02    2.99006E-06    1.63616E-03   -5.59501E-04    9.94865E-01    9.89647E-01    9.90318E-01
    2.95206E+02    7.71735E-01    2.95512E-03    7.56012E+02    3.10429E-06    1.65095E-03   -6.15362E-04    9.94705E-01    9.89381E-01    9.89647E-01
    2.98449E+02    7.74780E-01    3.04465E-03    7.64416E+02    3.12855E-06    1.65244E-03   -6.30877E-04    9.94624E-01    9.89236E-01    9.89381E-01
    3.01728E+02    7.77882E-01    3.10227E-03    7.72914E+02    3.11820E-06    1.64769E-03   -6.35062E-04    9.94573E-01    9.89140E-01    9.89236E-01
    3.05044E+02    7.81027E-01    3.14481E-03    7.81507E+02    3.09197E-06    1.63978E-03   -6.34894E-04    9.94535E-01    9.89068E-01    9.89140E-01
    3.08397E+02    7.84207E-01    3.17939E-03    7.90196E+02    3.05773E-06    1.63016E-03   -6.32705E-04    9.94505E-01    9.89008E-01    9.89068E-01
    3.11787E+02    7.87416E-01    3.20959E-03    7.98983E+02    3.01939E-06    1.61962E-03   -6.29464E-04    9.94478E-01    9.88956E-01    9.89008E-01
    3.15215E+02    7.90654E-01    3.23754E-03    8.07868E+02    2.97919E-06    1.60865E-03   -6.25643E-04    9.94453E-01    9.88907E-01    9.88956E-01
    3.18682E+02    7.93918E-01    3.26476E-03    8.16853E+02    2.93864E-06    1.59762E-03   -6.21501E-04    9.94430E-01    9.88860E-01    9.88907E-01
    3.22188E+02    7.97211E-01    3.29259E-03    8.25938E+02    2.89898E-06    1.58683E-03   -6.17202E-04    9.94405E-01    9.88811E-01    9.88860E-01
    3.25733E+02    8.00534E-01    3.32256E-03    8.35125E+02    2.86148E-06    1.57667E-03   -6.12859E-04    9.94379E-01    9.88759E-01    9.88811E-01
    3.29318E+02    8.03891E-01    3.35686E-03    8.44415E+02    2.82788E-06    1.56765E-03   -6.08564E-04    9.94350E-01    9.88699E-01    9.88759E-01
    3.32942E+02    8.07290E-01    3.39926E-03    8.53808E+02    2.80105E-06    1.56069E-03   -6.04388E-04    9.94314E-01    9.88625E-01    9.88699E-01
    3.36608E+02    8.10747E-01    3.45756E-03    8.63307E+02    2.78685E-06    1.55770E-03   -6.00352E-04    9.94265E-01    9.88523E-01    9.88625E-01
    3.40314E+02    8.14299E-01    3.55202E-03    8.72913E+02    2.80044E-06    1.56365E-03   -5.96180E-04    9.94186E-01    9.88359E-01    9.88523E-01
    3.44062E+02    8.18058E-01    3.75868E-03    8.82626E+02    2.89863E-06    1.59726E-03   -5.89407E-04    9.94020E-01    9.88000E-01    9.88359E-01
    3.47852E+02    8.20498E-01    2.44006E-03    9.02380E+02    1.84062E-06    1.34053E-03   -2.08781E-04    9.95285E-01    9.90176E-01    9.93235E-01
    3.51684E+02    8.23344E-01    2.84549E-03    9.12423E+02    2.09954E-06    1.37242E-03   -4.64762E-04    9.94792E-01    9.89503E-01    9.90176E-01
    3.55560E+02    8.26359E-01    3.01566E-03    9.22578E+02    2.17647E-06    1.38401E-03   -5.10860E-04    9.94634E-01    9.89241E-01    9.89503E-01
    3.59478E+02    8.29462E-01    3.10288E-03    9.32848E+02    2.19048E-06    1.38439E-03   -5.23383E-04    9.94556E-01    9.89101E-01    9.89241E-01
    3.63441E+02    8.32620E-01    3.15749E-03    9.43232E+02    2.18030E-06    1.37952E-03   -5.26514E-04    9.94508E-01    9.89011E-01    9.89101E-01
    3.67448E+02    8.35816E-01    3.19651E-03    9.53733E+02    2.15899E-06    1.37196E-03   -5.26040E-04    9.94473E-01    9.88945E-01    9.89011E-01
    3.71500E+02    8.39043E-01    3.22705E-03    9.64351E+02    2.13197E-06    1.36291E-03   -5.23890E-04    9.94447E-01    9.88893E-01    9.88945E-01
    3.75597E+02    8.42296E-01    3.25262E-03    9.75088E+02    2.10188E-06    1.35299E-03   -5.20859E-04    9.94424E-01    9.88850E-01    9.88893E-01
    3.79740E+02    8.45571E-01    3.27513E-03    9.85945E+02    2.07015E-06    1.34258E-03   -5.17329E-04    9.94404E-01    9.88811E-01    9.88850E-01
    3.83930E+02    8.48867E-01    3.29580E-03    9.96924E+02    2.03766E-06    1.33191E-03   -5.13506E-04    9.94386E-01    9.88775E-01    9.88811E-01
    3.88166E+02    8.52182E-01    3.31544E-03    1.00803E+03    2.00498E-06    1.32113E-03   -5.09512E-04    9.94369E-01    9.88741E-01    9.88775E-01
    3.92450E+02    8.55517E-01    3.33473E-03    1.01925E+03    1.97254E-06    1.31038E-03   -5.05426E-04    9.94352E-01    9.88707E-01    9.88741E-01
    3.96782E+02    8.58871E-01    3.35427E-03    1.03060E+03    1.94070E-06    1.29977E-03   -5.01303E-04    9.94335E-01    9.88673E-01    9.88707E-01
    4.01162E+02    8.62246E-01    3.37471E-03    1.04208E+03    1.90982E-06    1.28943E-03   -4.97186E-04    9.94318E-01    9.88638E-01    9.88673E-01
    4.05592E+02    8.65643E-01    3.39690E-03    1.05369E+03    1.88032E-06    1.27952E-03   -4.93113E-04    9.94298E-01    9.88599E-01    9.88638E-01
    4.10071E+02    8.69065E-01    3.42205E-03    1.06543E+03    1.85280E-06    1.27026E-03   -4.89120E-04    9.94277E-01    9.88556E-01    9.88599E-01
    4.14600E+02    8.72517E-01    3.45214E-03    1.07730E+03    1.82820E-06    1.26204E-03   -4.85245E-04    9.94251E-01    9.88503E-01    9.88556E-01
    4.19180E+02    8.76008E-01    3.49085E-03    1.08930E+03    1.80825E-06    1.25554E-03   -4.81523E-04    9.94219E-01    9.88436E-01    9.88503E-01
    4.23811E+02    8.79554E-01    3.54596E-03    1.10144E+03    1.79660E-06    1.25226E-03   -4.77954E-04    9.94173E-01    9.88341E-01    9.88436E-01
    4.28494E+02    8.83192E-01    3.63787E-03    1.11371E+03    1.80283E-06    1.25613E-03   -4.74309E-04    9.94098E-01    9.88182E-01    9.88341E-01
    4.33230E+02    8.87035E-01    3.84340E-03    1.12612E+03    1.86300E-06    1.28194E-03   -4.68639E-04    9.93934E-01    9.87829E-01    9.88182E-01
    4.38019E+02    8.89532E-01    2.49743E-03    1.15136E+03    1.18407E-06    1.07562E-03   -1.64640E-04    9.95214E-01    9.90035E-01    9.93148E-01
    4.42861E+02    8.92440E-01    2.90771E-03    1.16419E+03    1.34842E-06    1.10097E-03   -3.69169E-04    9.94719E-01    9.89358E-01    9.90035E-01
    4.47757E+02    8.95518E-01    3.07754E-03    1.17717E+03    1.39594E-06    1.10971E-03   -4.05570E-04    9.94562E-01    9.89098E-01    9.89358E-01
    4.52709E+02    8.98681E-01    3.16289E-03    1.19029E+03    1.40324E-06    1.10942E-03   -4.15258E-04    9.94487E-01    9.88963E-01    9.89098E-01
    4.57715E+02    9.01896E-01    3.21501E-03    1.20355E+03    1.39514E-06    1.10491E-03   -4.17502E-04    9.94441E-01    9.88878E-01    9.88963E-01
    4.62778E+02    9.05147E-01    3.25117E-03    1.21697E+03    1.37994E-06    1.09824E-03   -4.16897E-04    9.94409E-01    9.88818E-01    9.88878E-01
    4.67898E+02    9.08425E-01    3.27858E-03    1.23054E+03    1.36110E-06    1.09037E-03   -4.14966E-04    9.94385E-01    9.88772E-01    9.88818E-01
    4.73075E+02    9.11726E-01    3.30070E-03    1.24426E+03    1.34028E-06    1.08179E-03   -4.12338E-04    9.94366E-01    9.88735E-01    9.88772E-01
    4.78310E+02    9.15046E-01    3.31945E-03    1.25813E+03    1.31838E-06    1.07277E-03   -4.09311E-04    9.94350E-01    9.88703E-01    9.88735E-01
    4.83603E+02    9.18381E-01    3.33593E-03    1.27215E+03    1.29591E-06    1.06350E-03   -4.06046E-04    9.94335E-01    9.88674E-01    9.88703E-01
    4.88956E+02    9.21732E-01    3.35087E-03    1.28634E+03    1.27320E-06    1.05408E-03   -4.02635E-04    9.94322E-01    9.88649E-01    9.88674E-01
    4.94369E+02    9.25097E-01    3.36475E-03    1.30068E+03    1.25047E-06    1.04459E-03   -3.99135E-04    9.94310E-01    9.88625E-01    9.88649E-01
    4.99842E+02    9.28475E-01    3.37793E-03    1.31519E+03    1.22787E-06    1.03508E-03   -3.95585E-04    9.94299E-01    9.88602E-01    9.88625E-01
    5.05377E+02    9.31866E-01    3.39070E-03    1.32985E+03    1.20551E-06    1.02559E-03   -3.92011E-04    9.94287E-01    9.88580E-01    9.88602E-01
    5.10973E+02    9.35269E-01    3.40330E-03    1.34468E+03    1.18348E-06    1.01617E-03   -3.88432E-04    9.94276E-01    9.88558E-01    9.88580E-01
    5.16633E+02    9.38685E-01    3.41597E-03    1.35968E+03    1.16186E-06    1.00685E-03   -3.84863E-04    9.94265E-01    9.88536E-01    9.88558E-01
    5.22355E+02    9.42114E-01    3.42895E-03    1.37485E+03    1.14072E-06    9.97658E-04   -3.81318E-04    9.94254E-01    9.88513E-01    9.88536E-01
    5.28142E+02    9.45556E-01    3.44252E-03    1.39018E+03    1.12014E-06    9.88638E-04   -3.77807E-04    9.94243E-01    9.88490E-01    9.88513E-01
    5.33994E+02    9.49013E-01    3.45704E-03    1.40569E+03    1.10022E-06    9.79841E-04   -3.74343E-04    9.94230E-01    9.88464E-01    9.88490E-01
    5.39911E+02    9.52486E-01    3.47300E-03    1.42137E+03    1.08108E-06    9.71331E-04   -3.70938E-04    9.94216E-01    9.88437E-01    9.88464E-01
    5.45894E+02    9.55978E-01    3.49113E-03    1.43722E+03    1.06291E-06    9.63209E-04   -3.67606E-04    9.94201E-01    9.88406E-01    9.88437E-01
    5.51945E+02    9.59490E-01    3.51256E-03    1.45326E+03    1.04599E-06    9.55631E-04   -3.64366E-04    9.94183E-01    9.88369E-01    9.88406E-01
    5.58063E+02    9.63029E-01    3.53922E-03    1.46947E+03    1.03083E-06    9.48863E-04   -3.61237E-04    9.94160E-01    9.88323E-01    9.88369E-01
    5.64250E+02    9.66604E-01    3.57477E-03    1.48586E+03    1.01836E-06    9.43413E-04   -3.58240E-04    9.94131E-01    9.88262E-01    9.88323E-01
    5.70506E+02    9.70231E-01    3.62702E-03    1.50244E+03    1.01060E-06    9.40378E-04   -3.55371E-04    9.94088E-01    9.88172E-01    9.88262E-01
    5.76832E+02    9.73948E-01    3.71653E-03    1.51921E+03    1.01284E-06    9.42663E-04   -3.52459E-04    9.94015E-01    9.88019E-01    9.88172E-01
    5.83229E+02    9.77868E-01    3.92078E-03    1.53616E+03    1.04508E-06    9.61212E-04   -3.48064E-04    9.93853E-01    9.87670E-01    9.88019E-01
    5.89697E+02    9.80419E-01    2.55062E-03    1.57063E+03    6.64958E-07    8.06380E-04   -1.21284E-04    9.95147E-01    9.89902E-01    9.93068E-01
    5.96238E+02    9.83384E-01    2.96508E-03    1.58816E+03    7.56063E-07    8.25231E-04   -2.73966E-04    9.94651E-01    9.89223E-01    9.89902E-01
    6.02853E+02    9.86519E-01    3.13439E-03    1.60588E+03    7.81712E-07    8.31392E-04   -3.00830E-04    9.94495E-01    9.88966E-01    9.89223E-01
    6.09541E+02    9.89736E-01    3.21788E-03    1.62381E+03    7.84935E-07    8.30765E-04   -3.07839E-04    9.94422E-01    9.88834E-01    9.88966E-01
    6.16304E+02    9.93004E-01    3.26763E-03    1.64193E+03    7.79593E-07    8.26984E-04   -3.09338E-04    9.94378E-01    9.88754E-01    9.88834E-01
    6.23143E+02    9.96305E-01    3.30118E-03    1.66025E+03    7.70324E-07    8.21589E-04   -3.08733E-04    9.94349E-01    9.88699E-01    9.88754E-01
    6.30059E+02    9.99631E-01    3.32578E-03    1.67879E+03    7.59045E-07    8.15294E-04   -3.07151E-04    9.94328E-01    9.88658E-01    9.88699E-01
    6.37052E+02    1.00298E+00    3.34494E-03    1.69752E+03    7.46677E-07    8.08467E-04   -3.05055E-04    9.94311E-01    9.88626E-01    9.88658E-01
    6.44124E+02    1.00634E+00    3.36057E-03    1.71647E+03    7.33712E-07    8.01315E-04   -3.02666E-04    9.94298E-01    9.88600E-01    9.88626E-01
    6.51274E+02    1.00971E+00    3.37377E-03    1.73563E+03    7.20437E-07    7.93963E-04   -3.00100E-04    9.94286E-01    9.88577E-01    9.88600E-01
    6.58505E+02    1.01310E+00    3.38523E-03    1.75501E+03    7.07028E-07    7.86489E-04   -2.97426E-04    9.94276E-01    9.88558E-01    9.88577E-01
    6.65817E+02    1.01649E+00    3.39540E-03    1.77460E+03    6.93597E-07    7.78947E-04   -2.94684E-04    9.94268E-01    9.88540E-01    9.88558E-01
    6.73210E+02    1.01990E+00    3.40460E-03    1.79441E+03    6.80220E-07    7.71371E-04   -2.91901E-04    9.94260E-01    9.88525E-01    9.88540E-01
    6.80687E+02    1.02331E+00    3.41306E-03    1.81445E+03    6.66950E-07    7.63789E-04   -2.89096E-04    9.94252E-01    9.88510E-01    9.88525E-01
    6.88247E+02    1.02673E+00    3.42093E-03    1.83471E+03    6.53821E-07    7.56218E-04   -2.86279E-04    9.94245E-01    9.88496E-01    9.88510E-01
    6.95891E+02    1.03016E+00    3.42834E-03    1.85519E+03    6.40861E-07    7.48673E-04   -2.83462E-04    9.94239E-01    9.88483E-01    9.88496E-01
    7.03622E+02    1.03359E+00    3.43538E-03    1.87591E+03    6.28089E-07    7.41165E-04   -2.80649E-04    9.94233E-01    9.88471E-01    9.88483E-01
    7.11439E+02    1.03704E+00    3.44215E-03    1.89685E+03    6.15517E-07    7.33702E-04   -2.77847E-04    9.94227E-01    9.88459E-01    9.88471E-01
    7.19343E+02    1.04048E+00    3.44870E-03    1.91803E+03    6.03156E-07    7.26291E-04   -2.75058E-04    9.94221E-01    9.88448E-01    9.88459E-01
    7.27337E+02    1.04394E+00    3.45509E-03    1.93945E+03    5.91015E-07    7.18940E-04   -2.72287E-04    9.94215E-01    9.88437E-01    9.88448E-01
    7.35419E+02    1.04740E+00    3.46138E-03    1.96111E+03    5.79097E-07    7.11652E-04   -2.69536E-04    9.94210E-01    9.88426E-01    9.88437E-01
    7.43592E+02    1.05087E+00    3.46762E-03    1.98301E+03    5.67410E-07    7.04432E-04   -2.66806E-04    9.94204E-01    9.88415E-01    9.88426E-01
    7.51857E+02    1.05434E+00    3.47386E-03    2.00516E+03    5.55956E-07    6.97285E-04   -2.64100E-04    9.94199E-01    9.88404E-01    9.88415E-01
    7.60214E+02    1.05782E+00    3.48015E-03    2.02755E+03    5.44739E-07    6.90217E-04   -2.61419E-04    9.94193E-01    9.88393E-01    9.88404E-01
    7.68665E+02    1.06131E+00    3.48656E-03    2.05020E+03    5.33763E-07    6.83230E-04   -2.58765E-04    9.94188E-01    9.88382E-01    9.88393E-01
    7.77210E+02    1.06480E+00    3.49314E-03    2.07310E+03    5.23033E-07    6.76332E-04   -2.56140E-04    9.94182E-01    9.88370E-01    9.88382E-01
    7.85852E+02    1.06830E+00    3.49998E-03    2.09625E+03    5.12554E-07    6.69529E-04   -2.53545E-04    9.94176E-01    9.88358E-01    9.88370E-01
    7.94590E+02    1.07181E+00    3.50718E-03    2.11967E+03    5.02334E-07    6.62828E-04   -2.50982E-04    9.94170E-01    9.88346E-01    9.88358E-01
    8.03425E+02    1.07532E+00    3.51486E-03    2.14334E+03    4.92382E-07    6.56241E-04   -2.48454E-04    9.94163E-01    9.88332E-01    9.88346E-01
    8.12360E+02    1.07885E+00    3.52318E-03    2.16728E+03    4.82713E-07    6.49781E-04   -2.45963E-04    9.94156E-01    9.88318E-01    9.88332E-01
    8.21395E+02    1.08238E+00    3.53237E-03    2.19149E+03    4.73347E-07    6.43466E-04   -2.43513E-04    9.94148E-01    9.88302E-01    9.88318E-01
    8.30531E+02    1.08592E+00    3.54273E-03    2.21597E+03    4.64314E-07    6.37324E-04   -2.41107E-04    9.94139E-01    9.88284E-01    9.88302E-01
    8.39770E+02    1.08948E+00    3.55473E-03    2.24073E+03    4.55658E-07    6.31392E-04   -2.38751E-04    9.94129E-01    9.88264E-01    9.88284E-01
    8.49111E+02    1.09305E+00    3.56905E-03    2.26576E+03    4.47449E-07    6.25730E-04   -2.36453E-04    9.94117E-01    9.88239E-01    9.88264E-01
    8.58558E+02    1.09663E+00    3.58681E-03    2.29108E+03    4.39801E-07    6.20436E-04   -2.34222E-04    9.94102E-01    9.88209E-01    9.88239E-01
    8.68110E+02    1.10024E+00    3.60993E-03    2.31667E+03    4.32917E-07    6.15679E-04   -2.32070E-04    9.94083E-01    9.88169E-01    9.88209E-01
    8.77769E+02    1.10388E+00    3.64205E-03    2.34256E+03    4.27178E-07    6.11780E-04   -2.30009E-04    9.94057E-01    9.88114E-01    9.88169E-01
    8.87537E+02    1.10758E+00    3.69102E-03    2.36873E+03    4.23415E-07    6.09439E-04   -2.28034E-04    9.94017E-01    9.88031E-01    9.88114E-01
    8.97414E+02    1.11135E+00    3.77745E-03    2.39519E+03    4.23815E-07    6.10510E-04   -2.26037E-04    9.93947E-01    9.87884E-01    9.88031E-01
    9.07401E+02    1.11533E+00    3.97909E-03    2.42196E+03    4.36634E-07    6.21980E-04   -2.23102E-04    9.93788E-01    9.87542E-01    9.87884E-01
    9.17501E+02    1.11792E+00    2.59123E-03    2.47639E+03    2.78096E-07    5.21681E-04   -7.71053E-05    9.95092E-01    9.89794E-01    9.93005E-01
    9.27713E+02    1.12093E+00    3.00754E-03    2.50406E+03    3.15687E-07    5.33762E-04   -1.75456E-04    9.94595E-01    9.89114E-01    9.89794E-01
    9.38040E+02    1.12411E+00    3.17520E-03    2.53204E+03    3.25965E-07    5.37482E-04   -1.92557E-04    9.94443E-01    9.88861E-01    9.89114E-01
    9.48482E+02    1.12736E+00    3.25614E-03    2.56033E+03    3.26933E-07    5.36799E-04   -1.96925E-04    9.94372E-01    9.88735E-01    9.88861E-01
    9.59042E+02    1.13067E+00    3.30305E-03    2.58895E+03    3.24358E-07    5.34083E-04   -1.97773E-04    9.94331E-01    9.88660E-01    9.88735E-01
    9.69719E+02    1.13400E+00    3.33361E-03    2.61788E+03    3.20169E-07    5.30329E-04   -1.97281E-04    9.94304E-01    9.88610E-01    9.88660E-01
    9.80517E+02    1.13735E+00    3.35514E-03    2.64714E+03    3.15158E-07    5.26000E-04   -1.96168E-04    9.94286E-01    9.88575E-01    9.88610E-01
    9.91435E+02    1.14073E+00    3.37117E-03    2.67672E+03    3.09708E-07    5.21333E-04   -1.94731E-04    9.94272E-01    9.88548E-01    9.88575E-01
    1.00248E+03    1.14411E+00    3.38361E-03    2.70664E+03    3.04022E-07    5.16461E-04   -1.93108E-04    9.94261E-01    9.88528E-01    9.88548E-01
    1.01364E+03    1.14750E+00    3.39356E-03    2.73689E+03    2.98218E-07    5.11462E-04   -1.91375E-04    9.94253E-01    9.88511E-01    9.88528E-01
    1.02493E+03    1.15090E+00    3.40172E-03    2.76748E+03    2.92368E-07    5.06389E-04   -1.89574E-04    9.94246E-01    9.88497E-01    9.88511E-01
    1.03634E+03    1.15431E+00    3.40854E-03    2.79841E+03    2.86518E-07    5.01274E-04   -1.87731E-04    9.94240E-01    9.88485E-01    9.88497E-01
    1.04789E+03    1.15773E+00    3.41432E-03    2.82969E+03    2.80699E-07    4.96139E-04   -1.85863E-04    9.94235E-01    9.88476E-01    9.88485E-01
    1.05956E+03    1.16115E+00    3.41929E-03    2.86132E+03    2.74931E-07    4.91001E-04   -1.83982E-04    9.94230E-01    9.88467E-01    9.88476E-01
    1.07136E+03    1.16457E+00    3.42359E-03    2.89330E+03    2.69229E-07    4.85871E-04   -1.82095E-04    9.94226E-01    9.88459E-01    9.88467E-01
    1.08330E+03    1.16800E+00    3.42735E-03    2.92564E+03    2.63602E-07    4.80758E-04   -1.80207E-04    9.94223E-01    9.88453E-01    9.88459E-01
    1.09537E+03    1.17143E+00    3.43064E-03    2.95834E+03    2.58058E-07    4.75667E-04   -1.78322E-04    9.94220E-01    9.88447E-01    9.88453E-01
    1.10757E+03    1.17486E+00    3.43355E-03    2.99141E+03    2.52602E-07    4.70605E-04   -1.76445E-04    9.94218E-01    9.88442E-01    9.88447E-01
    1.11992E+03    1.17830E+00    3.43611E-03    3.02485E+03    2.47236E-07    4.65574E-04   -1.74575E-04    9.94215E-01    9.88437E-01    9.88442E-01
    1.13239E+03    1.18174E+00    3.43838E-03    3.05867E+03    2.41962E-07    4.60577E-04   -1.72717E-04    9.94213E-01    9.88433E-01    9.88437E-01
    1.14501E+03    1.18518E+00    3.44038E-03    3.09286E+03    2.36783E-07    4.55617E-04   -1.70870E-04    9.94211E-01    9.88430E-01    9.88433E-01
    1.15777E+03    1.18862E+00    3.44215E-03    3.12744E+03    2.31699E-07    4.50695E-04   -1.69035E-04    9.94210E-01    9.88426E-01    9.88430E-01
    1.17068E+03    1.19206E+00    3.44370E-03    3.16240E+03    2.26709E-07    4.45812E-04   -1.67215E-04    9.94208E-01    9.88424E-01    9.88426E-01
    1.18373E+03    1.19551E+00    3.44506E-03    3.19776E+03    2.21814E-07    4.40969E-04   -1.65408E-04    9.94207E-01    9.88421E-01    9.88424E-01
    1.19692E+03    1.19895E+00    3.44623E-03    3.23351E+03    2.17013E-07    4.36168E-04   -1.63615E-04    9.94206E-01    9.88419E-01    9.88421E-01
    1.21026E+03    1.20240E+00    3.44723E-03    3.26966E+03    2.12305E-07    4.31409E-04   -1.61838E-04    9.94205E-01    9.88417E-01    9.88419E-01
    1.22375E+03    1.20585E+00    3.44808E-03    3.30622E+03    2.07690E-07    4.26691E-04   -1.60076E-04    9.94204E-01    9.88415E-01    9.88417E-01
    1.23740E+03    1.20930E+00    3.44877E-03    3.34318E+03    2.03166E-07    4.22017E-04   -1.58329E-04    9.94203E-01    9.88414E-01    9.88415E-01
    1.25119E+03    1.21275E+00    3.44933E-03    3.38056E+03    1.98732E-07    4.17384E-04   -1.56597E-04    9.94202E-01    9.88412E-01    9.88414E-01
    1.26514E+03    1.21620E+00    3.44975E-03    3.41836E+03    1.94388E-07    4.12795E-04   -1.54882E-04    9.94202E-01    9.88412E-01    9.88412E-01
    1.27925E+03    1.21965E+00    3.45004E-03    3.45658E+03    1.90131E-07    4.08248E-04   -1.53182E-04    9.94202E-01    9.88411E-01    9.88412E-01
    1.29351E+03    1.22310E+00    3.45021E-03    3.49523E+03    1.85961E-07    4.03745E-04   -1.51497E-04    9.94201E-01    9.88410E-01    9.88411E-01
    1.30793E+03    1.22655E+00    3.45026E-03    3.53432E+03    1.81876E-07    3.99283E-04   -1.49829E-04    9.94201E-01    9.88410E-01    9.88410E-01
    1.32252E+03    1.23000E+00    3.45019E-03    3.57384E+03    1.77874E-07    3.94865E-04   -1.48176E-04    9.94201E-01    9.88410E-01    9.88410E-01
    1.33727E+03    1.23345E+00    3.45001E-03    3.61380E+03    1.73955E-07    3.90489E-04   -1.46538E-04    9.94201E-01    9.88410E-01    9.88410E-01
    1.35218E+03    1.23690E+00    3.44972E-03    3.65421E+03    1.70117E-07    3.86155E-04   -1.44917E-04    9.94201E-01    9.88410E-01    9.88410E-01
    1.36726E+03    1.24035E+00    3.44932E-03    3.69508E+03    1.66358E-07    3.81864E-04   -1.43311E-04    9.94201E-01    9.88410E-01    9.88410E-01
    1.38251E+03    1.24380E+00    3.44882E-03    3.73640E+03    1.62677E-07    3.77614E-04   -1.41720E-04    9.94202E-01    9.88411E-01    9.88410E-01
    1.39793E+03    1.24724E+00    3.44822E-03    3.77818E+03    1.59073E-07    3.73406E-04   -1.40145E-04    9.94202E-01    9.88412E-01    9.88411E-01
    1.41353E+03    1.25069E+00    3.44752E-03    3.82043E+03    1.55544E-07    3.69240E-04   -1.38585E-04    9.94202E-01    9.88413E-01    9.88412E-01
    1.42930E+03    1.25414E+00    3.44672E-03    3.86316E+03    1.52089E-07    3.65115E-04   -1.37041E-04    9.94203E-01    9.88414E-01    9.88413E-01
    1.44524E+03    1.25758E+00    3.44583E-03    3.90636E+03    1.48706E-07    3.61030E-04   -1.35512E-04    9.94204E-01    9.88415E-01    9.88414E-01
    1.46136E+03    1.26103E+00    3.44484E-03    3.95005E+03    1.45395E-07    3.56987E-04   -1.33998E-04    9.94204E-01    9.88417E-01    9.88415E-01
    1.47767E+03    1.26447E+00    3.44376E-03    3.99423E+03    1.42154E-07    3.52984E-04   -1.32499E-04    9.94205E-01    9.88418E-01    9.88417E-01
    1.49415E+03    1.26791E+00    3.44259E-03    4.03890E+03    1.38981E-07    3.49022E-04   -1.31015E-04    9.94206E-01    9.88420E-01    9.88418E-01
    1.51082E+03    1.27136E+00    3.44134E-03    4.08407E+03    1.35876E-07    3.45099E-04   -1.29546E-04    9.94207E-01    9.88422E-01    9.88420E-01
    1.52768E+03    1.27480E+00    3.44000E-03    4.12975E+03    1.32836E-07    3.41217E-04   -1.28092E-04    9.94208E-01    9.88424E-01    9.88422E-01
    1.54473E+03    1.27823E+00    3.43858E-03    4.17594E+03    1.29862E-07    3.37374E-04   -1.26652E-04    9.94209E-01    9.88426E-01    9.88424E-01
    1.56197E+03    1.28167E+00    3.43709E-03    4.22265E+03    1.26951E-07    3.33570E-04   -1.25227E-04    9.94210E-01    9.88428E-01    9.88426E-01
    1.57940E+03    1.28511E+00    3.43552E-03    4.26988E+03    1.24103E-07    3.29806E-04   -1.23817E-04    9.94211E-01    9.88431E-01    9.88428E-01
    1.59702E+03    1.28854E+00    3.43389E-03    4.31764E+03    1.21316E-07    3.26082E-04   -1.22421E-04    9.94213E-01    9.88433E-01    9.88431E-01
    1.61484E+03    1.29197E+00    3.43219E-03    4.36593E+03    1.18590E-07    3.22396E-04   -1.21039E-04    9.94214E-01    9.88436E-01    9.88433E-01
    1.63287E+03    1.29540E+00    3.43044E-03    4.41476E+03    1.15923E-07    3.18749E-04   -1.19672E-04    9.94215E-01    9.88439E-01    9.88436E-01
    1.65109E+03    1.29883E+00    3.42865E-03    4.46415E+03    1.13314E-07    3.15142E-04   -1.18319E-04    9.94217E-01    9.88441E-01    9.88439E-01
    1.66952E+03    1.30226E+00    3.42682E-03    4.51408E+03    1.10763E-07    3.11574E-04   -1.16981E-04    9.94218E-01    9.88444E-01    9.88441E-01
    1.68816E+03    1.30568E+00    3.42497E-03    4.56458E+03    1.08268E-07    3.08045E-04   -1.15657E-04    9.94220E-01    9.88447E-01    9.88444E-01
    1.70700E+03    1.30911E+00    3.42310E-03    4.61564E+03    1.05830E-07    3.04556E-04   -1.14347E-04    9.94221E-01    9.88450E-01    9.88447E-01
    1.72605E+03    1.31253E+00    3.42125E-03    4.66727E+03    1.03446E-07    3.01107E-04   -1.13052E-04    9.94222E-01    9.88453E-01    9.88450E-01
    1.74532E+03    1.31595E+00    3.41943E-03    4.71948E+03    1.01117E-07    2.97698E-04   -1.11771E-04    9.94224E-01    9.88456E-01    9.88453E-01
    1.76481E+03    1.31937E+00    3.41768E-03    4.77227E+03    9.88424E-08    2.94332E-04   -1.10505E-04    9.94225E-01    9.88459E-01    9.88456E-01
    1.78451E+03    1.32278E+00    3.41602E-03    4.82566E+03    9.66215E-08    2.91007E-04   -1.09254E-04    9.94227E-01    9.88461E-01    9.88459E-01
    1.80443E+03    1.32620E+00    3.41450E-03    4.87964E+03    9.44544E-08    2.87727E-04   -1.08017E-04    9.94228E-01    9.88463E-01    9.88461E-01
    1.82458E+03    1.32961E+00    3.41319E-03    4.93423E+03    9.23414E-08    2.84492E-04   -1.06797E-04    9.94229E-01    9.88465E-01    9.88463E-01
    1.84495E+03    1.33302E+00    3.41216E-03    4.98943E+03    9.02830E-08    2.81307E-04   -1.05592E-04    9.94229E-01    9.88467E-01    9.88465E-01
    1.86555E+03    1.33643E+00    3.41151E-03    5.04525E+03    8.82804E-08    2.78173E-04   -1.04404E-04    9.94230E-01    9.88468E-01    9.88467E-01
    1.88638E+03    1.33984E+00    3.41139E-03    5.10169E+03    8.63355E-08    2.75097E-04   -1.03233E-04    9.94230E-01    9.88468E-01    9.88468E-01
    1.90744E+03    1.34326E+00    3.41199E-03    5.15877E+03    8.44512E-08    2.72086E-04   -1.02080E-04    9.94229E-01    9.88466E-01    9.88468E-01
    1.92874E+03    1.34667E+00    3.41359E-03    5.21648E+03    8.26321E-08    2.69150E-04   -1.00948E-04    9.94228E-01    9.88463E-01    9.88466E-01
    1.95028E+03    1.35009E+00    3.41659E-03    5.27484E+03    8.08856E-08    2.66304E-04   -9.98383E-05    9.94225E-01    9.88458E-01    9.88463E-01
    1.97206E+03    1.35351E+00    3.42164E-03    5.33386E+03    7.92232E-08    2.63573E-04   -9.87532E-05    9.94221E-01    9.88448E-01    9.88458E-01
    1.99408E+03    1.35694E+00    3.42975E-03    5.39353E+03    7.76641E-08    2.60997E-04   -9.76969E-05    9.94214E-01    9.88434E-01    9.88448E-01
    2.01635E+03    1.36038E+00    3.44271E-03    5.45388E+03    7.62426E-08    2.58644E-04   -9.66739E-05    9.94203E-01    9.88411E-01    9.88434E-01
    2.03887E+03    1.36384E+00    3.46388E-03    5.51490E+03    7.50239E-08    2.56647E-04   -9.56888E-05    9.94185E-01    9.88373E-01    9.88411E-01
    2.06165E+03    1.36735E+00    3.50053E-03    5.57660E+03    7.41499E-08    2.55292E-04   -9.47400E-05    9.94154E-01    9.88308E-01    9.88373E-01
    2.08467E+03    1.37092E+00    3.57181E-03    5.63899E+03    7.39952E-08    2.55343E-04   -9.37819E-05    9.94095E-01    9.88183E-01    9.88308E-01
    2.10796E+03    1.37467E+00    3.74984E-03    5.70209E+03    7.59743E-08    2.59671E-04   -9.24405E-05    9.93950E-01    9.87870E-01    9.88183E-01
    2.13150E+03    1.37710E+00    2.43498E-03    5.83040E+03    4.82490E-08    2.17362E-04   -3.16637E-05    9.95226E-01    9.90079E-01    9.93206E-01
    2.15531E+03    1.37992E+00    2.81706E-03    5.89564E+03    5.45919E-08    2.22136E-04   -7.24412E-05    9.94753E-01    9.89434E-01    9.90079E-01
    2.17939E+03    1.38288E+00    2.96466E-03    5.96160E+03    5.61882E-08    2.23353E-04   -7.93836E-05    9.94613E-01    9.89206E-01    9.89434E-01
    2.20373E+03    1.38591E+00    3.03074E-03    6.02831E+03    5.61769E-08    2.22725E-04   -8.10577E-05    9.94553E-01    9.89100E-01    9.89206E-01
    2.22835E+03    1.38898E+00    3.06476E-03    6.09576E+03    5.55576E-08    2.21249E-04   -8.12805E-05    9.94522E-01    9.89045E-01    9.89100E-01
    2.25325E+03    1.39206E+00    3.08326E-03    6.16397E+03    5.46633E-08    2.19340E-04   -8.09518E-05    9.94506E-01    9.89015E-01    9.89045E-01
    2.27842E+03    1.39516E+00    3.09310E-03    6.23295E+03    5.36312E-08    2.17192E-04   -8.03679E-05    9.94497E-01    9.88999E-01    9.89015E-01
    2.30387E+03    1.39825E+00    3.09757E-03    6.30269E+03    5.25270E-08    2.14902E-04   -7.96503E-05    9.94493E-01    9.88992E-01    9.88999E-01
    2.32961E+03    1.40135E+00    3.09844E-03    6.37322E+03    5.13857E-08    2.12526E-04   -7.88565E-05    9.94492E-01    9.88991E-01    9.88992E-01
    2.35564E+03    1.40445E+00    3.09674E-03    6.44453E+03    5.02275E-08    2.10097E-04   -7.80171E-05    9.94493E-01    9.88995E-01    9.88991E-01
    2.38196E+03    1.40754E+00    3.09311E-03    6.51665E+03    4.90647E-08    2.07636E-04   -7.71496E-05    9.94497E-01    9.89001E-01    9.88995E-01
    2.40858E+03    1.41063E+00    3.08796E-03    6.58957E+03    4.79052E-08    2.05156E-04   -7.62647E-05    9.94501E-01    9.89011E-01    9.89001E-01
    2.43549E+03    1.41371E+00    3.08157E-03    6.66331E+03    4.67541E-08    2.02666E-04   -7.53690E-05    9.94507E-01    9.89022E-01    9.89011E-01
    2.46270E+03    1.41678E+00    3.07412E-03    6.73788E+03    4.56149E-08    2.00174E-04   -7.44673E-05    9.94513E-01    9.89035E-01    9.89022E-01
    2.49022E+03    1.41985E+00    3.06576E-03    6.81328E+03    4.44898E-08    1.97683E-04   -7.35626E-05    9.94521E-01    9.89050E-01    9.89035E-01
    2.51805E+03    1.42291E+00    3.05658E-03    6.88952E+03    4.33806E-08    1.95196E-04   -7.26572E-05    9.94529E-01    9.89067E-01    9.89050E-01
    2.54619E+03    1.42595E+00    3.04666E-03    6.96662E+03    4.22882E-08    1.92717E-04   -7.17524E-05    9.94538E-01    9.89085E-01    9.89067E-01
    2.57464E+03    1.42899E+00    3.03604E-03    7.04459E+03    4.12135E-08    1.90247E-04   -7.08496E-05    9.94547E-01    9.89104E-01    9.89085E-01
    2.60341E+03    1.43201E+00    3.02475E-03    7.12342E+03    4.01568E-08    1.87787E-04   -6.99495E-05    9.94557E-01    9.89124E-01    9.89104E-01
    2.63251E+03    1.43503E+00    3.01283E-03    7.20314E+03    3.91184E-08    1.85338E-04   -6.90528E-05    9.94568E-01    9.89146E-01    9.89124E-01
    2.66193E+03    1.43803E+00    3.00030E-03    7.28375E+03    3.80984E-08    1.82901E-04   -6.81598E-05    9.94579E-01    9.89168E-01    9.89146E-01
    2.69168E+03    1.44102E+00    2.98716E-03    7.36527E+03    3.70968E-08    1.80475E-04   -6.72709E-05    9.94591E-01    9.89192E-01    9.89168E-01
    2.72176E+03    1.44399E+00    2.97342E-03    7.44769E+03    3.61135E-08    1.78063E-04   -6.63863E-05    9.94603E-01    9.89217E-01    9.89192E-01
    2.75218E+03    1.44695E+00    2.95908E-03    7.53104E+03    3.51485E-08    1.75663E-04   -6.55061E-05    9.94616E-01    9.89243E-01    9.89217E-01
    2.78294E+03    1.44989E+00    2.94415E-03    7.61533E+03    3.42015E-08    1.73275E-04   -6.46305E-05    9.94630E-01    9.89270E-01    9.89243E-01
    2.81405E+03    1.45282E+00    2.92861E-03    7.70056E+03    3.32723E-08    1.70900E-04   -6.37595E-05    9.94644E-01    9.89298E-01    9.89270E-01
    2.84550E+03    1.45573E+00    2.91246E-03    7.78674E+03    3.23606E-08    1.68538E-04   -6.28931E-05    9.94659E-01    9.89328E-01    9.89298E-01
    2.87731E+03    1.45863E+00    2.89568E-03    7.87389E+03    3.14661E-08    1.66187E-04   -6.20312E-05    9.94674E-01    9.89359E-01    9.89328E-01
    2.90947E+03    1.46151E+00    2.87828E-03    7.96201E+03    3.05887E-08    1.63849E-04   -6.11738E-05    9.94690E-01    9.89391E-01    9.89359E-01
    2.94199E+03    1.46437E+00    2.86023E-03    8.05112E+03    2.97279E-08    1.61522E-04   -6.03209E-05    9.94707E-01    9.89424E-01    9.89391E-01
    2.97488E+03    1.46721E+00    2.84152E-03    8.14123E+03    2.88835E-08    1.59206E-04   -5.94722E-05    9.94724E-01    9.89459E-01    9.89424E-01
    3.00813E+03    1.47003E+00    2.82214E-03    8.23235E+03    2.80551E-08    1.56901E-04   -5.86278E-05    9.94742E-01    9.89495E-01    9.89459E-01
    3.04176E+03    1.47283E+00    2.80206E-03    8.32449E+03    2.72424E-08    1.54606E-04   -5.77874E-05    9.94761E-01    9.89533E-01    9.89495E-01
    3.07577E+03    1.47561E+00    2.78126E-03    8.41766E+03    2.64451E-08    1.52321E-04   -5.69510E-05    9.94780E-01    9.89572E-01    9.89533E-01
    3.11015E+03    1.47837E+00    2.75974E-03    8.51187E+03    2.56629E-08    1.50045E-04   -5.61183E-05    9.94800E-01    9.89612E-01    9.89572E-01
    3.14492E+03    1.48111E+00    2.73745E-03    8.60714E+03    2.48954E-08    1.47779E-04   -5.52892E-05    9.94821E-01    9.89654E-01    9.89612E-01
    3.18008E+03    1.48383E+00    2.71439E-03    8.70348E+03    2.41423E-08    1.45520E-04   -5.44635E-05    9.94843E-01    9.89698E-01    9.89654E-01
    3.21563E+03    1.48652E+00    2.69052E-03    8.80089E+03    2.34033E-08    1.43269E-04   -5.36410E-05    9.94866E-01    9.89744E-01    9.89698E-01
    3.25159E+03    1.48918E+00    2.66582E-03    8.89940E+03    2.26781E-08    1.41025E-04   -5.28215E-05    9.94889E-01    9.89791E-01    9.89744E-01
    3.28794E+03    1.49182E+00    2.64026E-03    8.99901E+03    2.19663E-08    1.38787E-04   -5.20047E-05    9.94914E-01    9.89840E-01    9.89791E-01
    3.32470E+03    1.49444E+00    2.61382E-03    9.09974E+03    2.12676E-08    1.36555E-04   -5.11905E-05    9.94939E-01    9.89891E-01    9.89840E-01
    3.36187E+03    1.49702E+00    2.58646E-03    9.20159E+03    2.05818E-08    1.34327E-04   -5.03786E-05    9.94966E-01    9.89945E-01    9.89891E-01
    3.39946E+03    1.49958E+00    2.55815E-03    9.30458E+03    1.99085E-08    1.32104E-04   -4.95687E-05    9.94993E-01    9.90000E-01    9.89945E-01
    3.43747E+03    1.50211E+00    2.52886E-03    9.40873E+03    1.92474E-08    1.29884E-04   -4.87606E-05    9.95022E-01    9.90058E-01    9.90000E-01
    3.47591E+03    1.50461E+00    2.49856E-03    9.51405E+03    1.85982E-08    1.27666E-04   -4.79540E-05    9.95052E-01    9.90118E-01    9.90058E-01
    3.51478E+03    1.50708E+00    2.46721E-03    9.62054E+03    1.79606E-08    1.25450E-04   -4.71485E-05    9.95083E-01    9.90180E-01    9.90118E-01
    3.55408E+03    1.50951E+00    2.43478E-03    9.72823E+03    1.73343E-08    1.23234E-04   -4.63439E-05    9.95115E-01    9.90245E-01    9.90180E-01
    3.59382E+03    1.51191E+00    2.40122E-03    9.83712E+03    1.67191E-08    1.21018E-04   -4.55399E-05    9.95149E-01    9.90313E-01    9.90245E-01
    3.63401E+03    1.51428E+00    2.36651E-03    9.94723E+03    1.61147E-08    1.18800E-04   -4.47361E-05    9.95184E-01    9.90383E-01    9.90313E-01
    3.67464E+03    1.51661E+00    2.33059E-03    1.00586E+04    1.55208E-08    1.16579E-04   -4.39322E-05    9.95221E-01    9.90457E-01    9.90383E-01
    3.71574E+03    1.51890E+00    2.29343E-03    1.01712E+04    1.49371E-08    1.14355E-04   -4.31277E-05    9.95259E-01    9.90534E-01    9.90457E-01
    3.75729E+03    1.52116E+00    2.25499E-03    1.02850E+04    1.43635E-08    1.12126E-04   -4.23223E-05    9.95299E-01    9.90614E-01    9.90534E-01
    3.79931E+03    1.52337E+00    2.21522E-03    1.04002E+04    1.37995E-08    1.09891E-04   -4.15156E-05    9.95341E-01    9.90697E-01    9.90614E-01
    3.84180E+03    1.52555E+00    2.17408E-03    1.05166E+04    1.32451E-08    1.07648E-04   -4.07071E-05    9.95384E-01    9.90785E-01    9.90697E-01
    3.88476E+03    1.52768E+00    2.13153E-03    1.06343E+04    1.27000E-08    1.05396E-04   -3.98964E-05    9.95429E-01    9.90876E-01    9.90785E-01
    3.92821E+03    1.52977E+00    2.08751E-03    1.07533E+04    1.21640E-08    1.03133E-04   -3.90829E-05    9.95477E-01    9.90971E-01    9.90876E-01
    3.97214E+03    1.53181E+00    2.04199E-03    1.08737E+04    1.16368E-08    1.00859E-04   -3.82662E-05    9.95526E-01    9.91071E-01    9.90971E-01
    4.01656E+03    1.53380E+00    1.99492E-03    1.09954E+04    1.11183E-08    9.85702E-05   -3.74457E-05    9.95578E-01    9.91175E-01    9.91071E-01
    4.06149E+03    1.53575E+00    1.94625E-03    1.11185E+04    1.06082E-08    9.62660E-05   -3.66209E-05    9.95632E-01    9.91284E-01    9.91175E-01
    4.10691E+03    1.53764E+00    1.89594E-03    1.12430E+04    1.01065E-08    9.39442E-05   -3.57910E-05    9.95689E-01    9.91398E-01    9.91284E-01
    4.15284E+03    1.53949E+00    1.84394E-03    1.13688E+04    9.61293E-09    9.16026E-05   -3.49555E-05    9.95749E-01    9.91518E-01    9.91398E-01
    4.19929E+03    1.54128E+00    1.79021E-03    1.14961E+04    9.12736E-09    8.92391E-05   -3.41137E-05    9.95811E-01    9.91643E-01    9.91518E-01
    4.24626E+03    1.54301E+00    1.73470E-03    1.16248E+04    8.64968E-09    8.68512E-05   -3.32648E-05    9.95877E-01    9.91775E-01    9.91643E-01
    4.29376E+03    1.54469E+00    1.67739E-03    1.17549E+04    8.17978E-09    8.44364E-05   -3.24080E-05    9.95945E-01    9.91913E-01    9.91775E-01
    4.34178E+03    1.54631E+00    1.61824E-03    1.18865E+04    7.71758E-09    8.19918E-05   -3.15424E-05    9.96017E-01    9.92058E-01    9.91913E-01
    4.39035E+03    1.54787E+00    1.55720E-03    1.20196E+04    7.26301E-09    7.95144E-05   -3.06672E-05    9.96093E-01    9.92210E-01    9.92058E-01
    4.43946E+03    1.54936E+00    1.49427E-03    1.21541E+04    6.81604E-09    7.70008E-05   -2.97812E-05    9.96173E-01    9.92371E-01    9.92210E-01
    4.48911E+03    1.55079E+00    1.42941E-03    1.22902E+04    6.37666E-09    7.44474E-05   -2.88835E-05    9.96257E-01    9.92540E-01    9.92371E-01
    4.53933E+03    1.55215E+00    1.36263E-03    1.24278E+04    5.94490E-09    7.18501E-05   -2.79727E-05    9.96346E-01    9.92718E-01    9.92540E-01
    4.59011E+03    1.55345E+00    1.29391E-03    1.25669E+04    5.52082E-09    6.92044E-05   -2.70477E-05    9.96439E-01    9.92905E-01    9.92718E-01
    4.64145E+03    1.55467E+00    1.22327E-03    1.27076E+04    5.10451E-09    6.65052E-05   -2.61069E-05    9.96538E-01    9.93104E-01    9.92905E-01
    4.69337E+03    1.55582E+00    1.15074E-03    1.28499E+04    4.69613E-09    6.37470E-05   -2.51487E-05    9.96642E-01    9.93314E-01    9.93104E-01
    4.74587E+03    1.55690E+00    1.07636E-03    1.29937E+04    4.29588E-09    6.09230E-05   -2.41715E-05    9.96752E-01    9.93536E-01    9.93314E-01
    4.79896E+03    1.55790E+00    1.00019E-03    1.31392E+04    3.90401E-09    5.80260E-05   -2.31731E-05    9.96870E-01    9.93772E-01    9.93536E-01
    4.85265E+03    1.55882E+00    9.22340E-04    1.32863E+04    3.52086E-09    5.50471E-05   -2.21513E-05    9.96994E-01    9.94022E-01    9.93772E-01
    4.90693E+03    1.55966E+00    8.42920E-04    1.34350E+04    3.14685E-09    5.19759E-05   -2.11034E-05    9.97127E-01    9.94289E-01    9.94022E-01
    4.96183E+03    1.56042E+00    7.62102E-04    1.35854E+04    2.78249E-09    4.87999E-05   -2.00266E-05    9.97268E-01    9.94574E-01    9.94289E-01
    5.01734E+03    1.56110E+00    6.80103E-04    1.37375E+04    2.42844E-09    4.55036E-05   -1.89172E-05    9.97420E-01    9.94880E-01    9.94574E-01
    5.07347E+03    1.56170E+00    5.97205E-04    1.38913E+04    2.08548E-09    4.20675E-05   -1.77710E-05    9.97583E-01    9.95208E-01    9.94880E-01
    5.13023E+03    1.56222E+00    5.13775E-04    1.40468E+04    1.75464E-09    3.84661E-05   -1.65830E-05    9.97759E-01    9.95563E-01    9.95208E-01
    5.18762E+03    1.56265E+00    4.30294E-04    1.42041E+04    1.43718E-09    3.46648E-05   -1.53470E-05    9.97950E-01    9.95949E-01    9.95563E-01
    5.24566E+03    1.56299E+00    3.47411E-04    1.43631E+04    1.13480E-09    3.06145E-05   -1.40554E-05    9.98160E-01    9.96373E-01    9.95949E-01
    5.30435E+03    1.56326E+00    2.66019E-04    1.45239E+04    8.49809E-10    2.62401E-05   -1.26990E-05    9.98392E-01    9.96844E-01    9.96373E-01
    5.36369E+03    1.56345E+00    1.87442E-04    1.46865E+04    5.85606E-10    2.14162E-05   -1.12672E-05    9.98656E-01    9.97378E-01    9.96844E-01
    5.42370E+03    1.56356E+00    1.13858E-04    1.48510E+04    3.47883E-10    1.58986E-05   -9.75288E-06    9.98963E-01    9.98004E-01    9.97378E-01
    5.48439E+03    1.56361E+00    4.98952E-05    1.50172E+04    1.49094E-10    9.05815E-06   -8.18803E-06    9.99350E-01    9.98798E-01    9.98004E-01
    5.54575E+03    1.56367E+00    5.67825E-05    1.50172E+04    1.65938E-10    7.83446E-06   -1.02254E-05    9.98798E-01    9.98314E-01    9.97116E-01
    5.60780E+03    1.56374E+00    6.97069E-05    1.50172E+04    1.99223E-10    6.92897E-06   -1.22968E-05    9.98314E-01    9.97882E-01    9.96292E-01
    5.67054E+03    1.56382E+00    8.75020E-05    1.50172E+04    2.44575E-10    6.23767E-06   -1.43411E-05    9.97882E-01    9.97488E-01    9.95524E-01
    5.73399E+03    1.56393E+00    1.09405E-04    1.50172E+04    2.99062E-10    5.69419E-06   -1.63291E-05    9.97488E-01    9.97125E-01    9.94803E-01
    5.79814E+03    1.56407E+00    1.34903E-04    1.50172E+04    3.60643E-10    5.25543E-06   -1.82489E-05    9.97125E-01    9.96786E-01    9.94124E-01
    5.86302E+03    1.56423E+00    1.63651E-04    1.50172E+04    4.27863E-10    4.89280E-06   -2.00979E-05    9.96786E-01    9.96467E-01    9.93481E-01
    5.92862E+03    1.56443E+00    1.95419E-04    1.50172E+04    4.99669E-10    4.58694E-06   -2.18776E-05    9.96467E-01    9.96164E-01    9.92870E-01
    5.99496E+03    1.56466E+00    2.30056E-04    1.50172E+04    5.75280E-10    4.32447E-06   -2.35919E-05    9.96164E-01    9.95876E-01    9.92285E-01
    6.06204E+03    1.56492E+00    2.67471E-04    1.50172E+04    6.54115E-10    4.09591E-06   -2.52456E-05    9.95876E-01    9.95599E-01    9.91725E-01
    6.12987E+03    1.56523E+00    3.07616E-04    1.50172E+04    7.35726E-10    3.89441E-06   -2.68432E-05    9.95599E-01    9.95334E-01    9.91186E-01
    6.19846E+03    1.56558E+00    3.50472E-04    1.50172E+04    8.19768E-10    3.71491E-06   -2.83896E-05    9.95334E-01    9.95078E-01    9.90666E-01
    6.26782E+03    1.56598E+00    3.96046E-04    1.50172E+04    9.05970E-10    3.55359E-06   -2.98888E-05    9.95078E-01    9.94830E-01    9.90163E-01
    6.33796E+03    1.56642E+00    4.44363E-04    1.50172E+04    9.94114E-10    3.40755E-06   -3.13449E-05    9.94830E-01    9.94589E-01    9.89676E-01
    6.40888E+03    1.56692E+00    4.95464E-04    1.50172E+04    1.08403E-09    3.27449E-06   -3.27613E-05    9.94589E-01    9.94356E-01    9.89203E-01
    6.48059E+03    1.56747E+00    5.49399E-04    1.50172E+04    1.17556E-09    3.15263E-06   -3.41413E-05    9.94356E-01    9.94129E-01    9.88742E-01
    6.55311E+03    1.56807E+00    6.06234E-04    1.50172E+04    1.26861E-09    3.04050E-06   -3.54876E-05    9.94129E-01    9.93907E-01    9.88293E-01
    6.62644E+03    1.56874E+00    6.66041E-04    1.50172E+04    1.36307E-09    2.93694E-06   -3.68028E-05    9.93907E-01    9.93690E-01    9.87855E-01
    6.70060E+03    1.56947E+00    7.28903E-04    1.50172E+04    1.45887E-09    2.84097E-06   -3.80894E-05    9.93690E-01    9.93478E-01    9.87427E-01
    6.77558E+03    1.57026E+00    7.94910E-04    1.50172E+04    1.55595E-09    2.75180E-06   -3.93495E-05    9.93478E-01    9.93271E-01    9.87008E-01
    6.85140E+03    1.57113E+00    8.64161E-04    1.50172E+04    1.65426E-09    2.66875E-06   -4.05849E-05    9.93271E-01    9.93067E-01    9.86598E-01
    6.92807E+03    1.57207E+00    9.36764E-04    1.50172E+04    1.75375E-09    2.59124E-06   -4.17976E-05    9.93067E-01    9.92868E-01    9.86195E-01
    7.00560E+03    1.57308E+00    1.01283E-03    1.50172E+04    1.85441E-09    2.51881E-06   -4.29891E-05    9.92868E-01    9.92671E-01    9.85799E-01
    7.08400E+03    1.57417E+00    1.09249E-03    1.50172E+04    1.95621E-09    2.45104E-06   -4.41611E-05    9.92671E-01    9.92478E-01    9.85410E-01
    7.16328E+03    1.57535E+00    1.17588E-03    1.50172E+04    2.05915E-09    2.38757E-06   -4.53151E-05    9.92478E-01    9.92288E-01    9.85027E-01
    7.24345E+03    1.57661E+00    1.26312E-03    1.50172E+04    2.16323E-09    2.32810E-06   -4.64522E-05    9.92288E-01    9.92100E-01    9.84650E-01
    7.32451E+03    1.57796E+00    1.35439E-03    1.50172E+04    2.26845E-09    2.27237E-06   -4.75740E-05    9.92100E-01    9.91915E-01    9.84278E-01
    7.40648E+03    1.57941E+00    1.44983E-03    1.50172E+04    2.37483E-09    2.22015E-06   -4.86816E-05    9.91915E-01    9.91732E-01    9.83910E-01
    7.48937E+03    1.58096E+00    1.54962E-03    1.50172E+04    2.48239E-09    2.17124E-06   -4.97763E-05    9.91732E-01    9.91551E-01    9.83547E-01
    7.57319E+03    1.58262E+00    1.65394E-03    1.50172E+04    2.59117E-09    2.12547E-06   -5.08591E-05    9.91551E-01    9.91372E-01    9.83188E-01
    7.65794E+03    1.58438E+00    1.76300E-03    1.50172E+04    2.70120E-09    2.08269E-06   -5.19313E-05    9.91372E-01    9.91194E-01    9.82833E-01
    7.74365E+03    1.58626E+00    1.87699E-03    1.50172E+04    2.81253E-09    2.04279E-06   -5.29939E-05    9.91194E-01    9.91018E-01    9.82481E-01
    7.83031E+03    1.58825E+00    1.99615E-03    1.50172E+04    2.92521E-09    2.00565E-06   -5.40480E-05    9.91018E-01    9.90843E-01    9.82131E-01
    7.91795E+03    1.59037E+00    2.12072E-03    1.50172E+04    3.03932E-09    1.97117E-06   -5.50948E-05    9.90843E-01    9.90670E-01    9.81784E-01
    8.00657E+03    1.59263E+00    2.25095E-03    1.50172E+04    3.15492E-09    1.93929E-06   -5.61352E-05    9.90670E-01    9.90497E-01    9.81440E-01
    8.09618E+03    1.59501E+00    2.38712E-03    1.50172E+04    3.27210E-09    1.90995E-06   -5.71703E-05    9.90497E-01    9.90325E-01    9.81097E-01
    8.18679E+03    1.59754E+00    2.52953E-03    1.50172E+04    3.39095E-09    1.88310E-06   -5.82014E-05    9.90325E-01    9.90153E-01    9.80755E-01
    8.27842E+03    1.60022E+00    2.67850E-03    1.50172E+04    3.51158E-09    1.85870E-06   -5.92294E-05    9.90153E-01    9.89982E-01    9.80414E-01
    8.37107E+03    1.60305E+00    2.83438E-03    1.50172E+04    3.63410E-09    1.83673E-06   -6.02555E-05    9.89982E-01    9.89811E-01    9.80074E-01
    8.46477E+03    1.60605E+00    2.99753E-03    1.50172E+04    3.75865E-09    1.81720E-06   -6.12809E-05    9.89811E-01    9.89640E-01    9.79735E-01
    8.55951E+03    1.60922E+00    3.16837E-03    1.50172E+04    3.88538E-09    1.80010E-06   -6.23068E-05    9.89640E-01    9.89468E-01    9.79395E-01
    8.65531E+03    1.61257E+00    3.34733E-03    1.50172E+04    4.01444E-09    1.78545E-06   -6.33345E-05    9.89468E-01    9.89296E-01    9.79054E-01
    8.75219E+03    1.61610E+00    3.53488E-03    1.50172E+04    4.14602E-09    1.77328E-06   -6.43651E-05    9.89296E-01    9.89123E-01    9.78713E-01
    8.85015E+03    1.61983E+00    3.73155E-03    1.50172E+04    4.28030E-09    1.76364E-06   -6.54002E-05    9.89123E-01    9.88950E-01    9.78370E-01
    8.94921E+03    1.62377E+00    3.93790E-03    1.50172E+04    4.41752E-09    1.75659E-06   -6.64412E-05    9.88950E-01    9.88775E-01    9.78025E-01
    9.04937E+03    1.62793E+00    4.15454E-03    1.50172E+04    4.55791E-09    1.75221E-06   -6.74896E-05    9.88775E-01    9.88598E-01    9.77678E-01
    9.15066E+03    1.63231E+00    4.38216E-03    1.50172E+04    4.70175E-09    1.75060E-06   -6.85470E-05    9.88598E-01    9.88420E-01    9.77327E-01
    9.25309E+03    1.63693E+00    4.62148E-03    1.50172E+04    4.84933E-09    1.75186E-06   -6.96151E-05    9.88420E-01    9.88239E-01    9.76973E-01
    9.35666E+03    1.64180E+00    4.87334E-03    1.50172E+04    5.00099E-09    1.75613E-06   -7.06959E-05    9.88239E-01    9.88056E-01    9.76615E-01
    9.46139E+03    1.64694E+00    5.13863E-03    1.50172E+04    5.15710E-09    1.76358E-06   -7.17913E-05    9.88056E-01    9.87871E-01    9.76252E-01
    9.56729E+03    1.65236E+00    5.41835E-03    1.50172E+04    5.31807E-09    1.77440E-06   -7.29035E-05    9.87871E-01    9.87682E-01    9.75884E-01
    9.67438E+03    1.65807E+00    5.71361E-03    1.50172E+04    5.48436E-09    1.78880E-06   -7.40348E-05    9.87682E-01    9.87489E-01    9.75509E-01
    9.78267E+03    1.66410E+00    6.02563E-03    1.50172E+04    5.65649E-09    1.80704E-06   -7.51879E-05    9.87489E-01    9.87292E-01    9.75126E-01
    9.89217E+03    1.67046E+00    6.35582E-03    1.50172E+04    5.83505E-09    1.82942E-06   -7.63656E-05    9.87292E-01    9.87091E-01    9.74736E-01
    1.00029E+04    1.67716E+00    6.70569E-03    1.50172E+04    6.02068E-09    1.85630E-06   -7.75708E-05    9.87091E-01    9.86884E-01    9.74336E-01
    1.01149E+04    1.68424E+00    7.07701E-03    1.50172E+04    6.21413E-09    1.88807E-06   -7.88071E-05    9.86884E-01    9.86672E-01    9.73926E-01
    1.02281E+04    1.69171E+00    7.47173E-03    1.50172E+04    6.41623E-09    1.92522E-06   -8.00783E-05    9.86672E-01    9.86452E-01    9.73505E-01
    1.03426E+04    1.69960E+00    7.89209E-03    1.50172E+04    6.62795E-09    1.96830E-06   -8.13884E-05    9.86452E-01    9.86226E-01    9.73070E-01
    1.04584E+04    1.70794E+00    8.34062E-03    1.50172E+04    6.85037E-09    2.01798E-06   -8.27424E-05    9.86226E-01    9.85991E-01    9.72621E-01
    1.05754E+04    1.71676E+00    8.82024E-03    1.50172E+04    7.08475E-09    2.07503E-06   -8.41454E-05    9.85991E-01    9.85747E-01    9.72155E-01
    1.06938E+04    1.72610E+00    9.33429E-03    1.50172E+04    7.33253E-09    2.14038E-06   -8.56035E-05    9.85747E-01    9.85492E-01    9.71671E-01
    1.08135E+04    1.73598E+00    9.88665E-03    1.50172E+04    7.59539E-09    2.21514E-06   -8.71234E-05    9.85492E-01    9.85225E-01    9.71167E-01
    1.09346E+04    1.74647E+00    1.04818E-02    1.50172E+04    7.87528E-09    2.30065E-06   -8.87130E-05    9.85225E-01    9.84945E-01    9.70639E-01
    1.10570E+04    1.75759E+00    1.11251E-02    1.50172E+04    8.17449E-09    2.39853E-06   -9.03811E-05    9.84945E-01    9.84650E-01    9.70084E-01
    1.11807E+04    1.76941E+00    1.18226E-02    1.50172E+04    8.49574E-09    2.51077E-06   -9.21381E-05    9.84650E-01    9.84337E-01    9.69500E-01
    1.13059E+04    1.78200E+00    1.25819E-02    1.50172E+04    8.84223E-09    2.63981E-06   -9.39961E-05    9.84337E-01    9.84005E-01    9.68882E-01
    1.14325E+04    1.79541E+00    1.34118E-02    1.50172E+04    9.21784E-09    2.78872E-06   -9.59691E-05    9.84005E-01    9.83650E-01    9.68225E-01
    1.15604E+04    1.80973E+00    1.43229E-02    1.50172E+04    9.62724E-09    2.96136E-06   -9.80738E-05    9.83650E-01    9.83269E-01    9.67524E-01
    1.16899E+04    1.82506E+00    1.53283E-02    1.50172E+04    1.00761E-08    3.16268E-06   -1.00330E-04    9.83269E-01    9.82858E-01    9.66772E-01
    1.18207E+04    1.84150E+00    1.64442E-02    1.50172E+04    1.05716E-08    3.39909E-06   -1.02762E-04    9.82858E-01    9.82410E-01    9.65961E-01
    1.19531E+04    1.85919E+00    1.76907E-02    1.50172E+04    1.11225E-08    3.67910E-06   -1.05399E-04    9.82410E-01    9.81921E-01    9.65080E-01
    1.20869E+04    1.87829E+00    1.90934E-02    1.50172E+04    1.17400E-08    4.01415E-06   -1.08277E-04    9.81921E-01    9.81381E-01    9.64117E-01
    1.22222E+04    1.89897E+00    2.06850E-02    1.50172E+04    1.24385E-08    4.42002E-06   -1.11440E-04    9.81381E-01    9.80779E-01    9.63057E-01
    1.23590E+04    1.92148E+00    2.25085E-02    1.50172E+04    1.32369E-08    4.91905E-06   -1.14947E-04    9.80779E-01    9.80102E-01    9.61879E-01
    1.24974E+04    1.94610E+00    2.46215E-02    1.50172E+04    1.41606E-08    5.54393E-06   -1.18869E-04    9.80102E-01    9.79331E-01    9.60557E-01
    1.26373E+04    1.97320E+00    2.71023E-02    1.50172E+04    1.52441E-08    6.34426E-06   -1.23304E-04    9.79331E-01    9.78439E-01    9.59057E-01
    1.27787E+04    2.00327E+00    3.00611E-02    1.50172E+04    1.65359E-08    7.39892E-06   -1.28379E-04    9.78439E-01    9.77386E-01    9.57330E-01
    1.29218E+04    2.03692E+00    3.36569E-02    1.50172E+04    1.81062E-08    8.84065E-06   -1.34268E-04    9.77386E-01    9.76114E-01    9.55309E-01
    1.30665E+04    2.07505E+00    3.81274E-02    1.50172E+04    2.00594E-08    1.09089E-05   -1.41210E-04    9.76114E-01    9.74527E-01    9.52896E-01
    1.32127E+04    2.11889E+00    4.38407E-02    1.50172E+04    2.25572E-08    1.40743E-05   -1.49530E-04    9.74527E-01    9.72457E-01    9.49941E-01
    1.33607E+04    2.17028E+00    5.13911E-02    1.50172E+04    2.58598E-08    1.93591E-05   -1.59640E-04    9.72457E-01    9.69578E-01    9.46208E-01
    1.35102E+04    2.23208E+00    6.18012E-02    1.50172E+04    3.04131E-08    2.92531E-05   -1.71923E-04    9.69578E-01    9.65178E-01    9.41309E-01
    1.36615E+04    2.30930E+00    7.72159E-02    1.50172E+04    3.71620E-08    5.05913E-05   -1.86018E-04    9.65178E-01    9.57483E-01    9.34592E-01
    1.38144E+04    2.41538E+00    1.06079E-01    1.50172E+04    4.99288E-08    1.04455E-04   -1.97530E-04    9.57483E-01    9.41418E-01    9.25004E-01
    1.39691E+04    2.53209E+00    1.16710E-01    1.51854E+04    5.37223E-08    1.17753E-04   -1.99641E-04    9.74612E-01    9.56299E-01    9.41418E-01
    1.41255E+04    2.68761E+00    1.55521E-01    1.51854E+04    7.00108E-08    1.72645E-04   -2.00511E-04    9.56299E-01    9.29149E-01    9.22961E-01
    1.42836E+04    2.92593E+00    2.38317E-01    1.53554E+04    1.04920E-07    2.55799E-04   -1.98714E-04    9.62558E-01    9.21881E-01    9.29149E-01
