 # rho, F_z,dF_z, z(rho), E2 (=>sigma2=e0^2*E2), Er, Ez, Ui,j , Ui+1,j , Ui,j-1
    2.50000E-01    4.86309E-01    4.86309E-01    0.00000E+00    3.89047E+00   -5.11976E-01    1.90482E+00    2.20840E+00    2.46439E+00    3.16081E+00
    7.31707E-01    1.36939E+00    8.83079E-01    5.00000E-01    2.60431E+00   -1.99536E-01    1.60140E+00    1.66369E+00    1.75615E+00    2.46439E+00
    1.19774E+00    2.74865E+00    1.37926E+00    5.00000E-01    2.45716E+00   -7.16686E-02    1.56589E+00    1.75615E+00    1.78974E+00    2.53910E+00
    1.66904E+00    4.73692E+00    1.98827E+00    5.00000E-01    2.51351E+00   -4.64618E-02    1.58472E+00    1.78974E+00    1.81176E+00    2.58210E+00
    2.14566E+00    7.41469E+00    2.67777E+00    5.00000E-01    2.60377E+00   -4.62689E-02    1.61296E+00    1.81176E+00    1.83394E+00    2.61824E+00
    2.62767E+00    1.08755E+01    3.46084E+00    5.00000E-01    2.71719E+00   -5.76484E-02    1.64738E+00    1.83394E+00    1.86188E+00    2.65763E+00
    3.11513E+00    1.52477E+01    4.37214E+00    5.00000E-01    2.86318E+00   -8.16057E-02    1.69012E+00    1.86188E+00    1.90188E+00    2.70694E+00
    3.60810E+00    2.07147E+01    5.46700E+00    5.00000E-01    3.05648E+00   -1.30291E-01    1.74342E+00    1.90188E+00    1.96647E+00    2.77359E+00
    4.10663E+00    2.75408E+01    6.82609E+00    5.00000E-01    3.31556E+00   -2.43214E-01    1.80455E+00    1.96647E+00    2.08841E+00    2.86875E+00
    4.61080E+00    3.62028E+01    8.66206E+00    5.00000E-01    3.70540E+00   -5.54864E-01    1.84324E+00    2.08841E+00    2.36972E+00    3.01002E+00
    5.12067E+00    4.39730E+01    7.77019E+00    9.63414E-01    2.95948E+00   -4.46438E-01    1.66138E+00    1.53903E+00    1.76794E+00    2.36972E+00
    5.63630E+00    5.26714E+01    8.69844E+00    9.63414E-01    2.97631E+00   -3.78624E-01    1.68314E+00    1.76794E+00    1.96426E+00    2.60951E+00
    6.15775E+00    6.42179E+01    1.15464E+01    9.63414E-01    3.57582E+00   -6.77113E-01    1.76560E+00    1.96426E+00    2.31933E+00    2.84706E+00
    6.68510E+00    7.45340E+01    1.03161E+01    1.43207E+00    2.90991E+00   -5.57261E-01    1.61226E+00    1.57219E+00    1.86771E+00    2.31933E+00
    7.21840E+00    8.73329E+01    1.27989E+01    1.43207E+00    3.30614E+00   -7.33197E-01    1.66390E+00    1.86771E+00    2.26092E+00    2.63878E+00
    7.75774E+00    9.82563E+01    1.09234E+01    1.90601E+00    2.59617E+00   -5.54581E-01    1.51282E+00    1.55194E+00    1.85272E+00    2.26092E+00
    8.30316E+00    1.12520E+02    1.42639E+01    1.90601E+00    3.13201E+00   -7.45178E-01    1.60522E+00    1.85272E+00    2.26145E+00    2.60501E+00
    8.85475E+00    1.24976E+02    1.24563E+01    2.38531E+00    2.53607E+00   -5.66392E-01    1.48838E+00    1.55604E+00    1.87021E+00    2.26145E+00
    9.41258E+00    1.41775E+02    1.67983E+01    2.38531E+00    3.18147E+00   -7.87467E-01    1.60043E+00    1.87021E+00    2.31194E+00    2.62872E+00
    9.97670E+00    1.56964E+02    1.51896E+01    2.87003E+00    2.68380E+00   -6.26153E-01    1.51385E+00    1.58635E+00    1.94157E+00    2.31194E+00
    1.05472E+01    1.78760E+02    2.17961E+01    2.87003E+00    3.60207E+00   -9.52383E-01    1.64166E+00    1.94157E+00    2.48795E+00    2.72842E+00
    1.11242E+01    2.02469E+02    2.37081E+01    3.36023E+00    3.67333E+00   -1.10097E+00    1.56882E+00    1.72752E+00    2.36629E+00    2.48795E+00
    1.17076E+01    2.23985E+02    2.15161E+01    3.85596E+00    3.13218E+00   -1.08463E+00    1.39849E+00    1.68076E+00    2.31716E+00    2.36629E+00
    1.22977E+01    2.45093E+02    2.11086E+01    4.35730E+00    2.89272E+00   -1.06917E+00    1.32272E+00    1.66144E+00    2.29586E+00    2.31716E+00
    1.28944E+01    2.66514E+02    2.14208E+01    4.86430E+00    2.76837E+00   -1.06261E+00    1.28032E+00    1.65399E+00    2.29164E+00    2.29586E+00
    1.34979E+01    2.88772E+02    2.22583E+01    5.37703E+00    2.71729E+00   -1.06746E+00    1.25611E+00    1.65479E+00    2.30259E+00    2.29164E+00
    1.41082E+01    3.12474E+02    2.37021E+01    5.89556E+00    2.73745E+00   -1.08934E+00    1.24531E+00    1.66408E+00    2.33263E+00    2.30259E+00
    1.47254E+01    3.38672E+02    2.61975E+01    6.41994E+00    2.86645E+00   -1.14564E+00    1.24658E+00    1.68625E+00    2.39729E+00    2.33263E+00
    1.53495E+01    3.70429E+02    3.17567E+01    6.95025E+00    3.29618E+00   -1.31326E+00    1.25360E+00    1.73993E+00    2.56422E+00    2.39729E+00
    1.59807E+01    3.90281E+02    1.98523E+01    8.02892E+00    1.95706E+00   -1.13376E+00    8.19535E-01    1.56666E+00    2.28633E+00    2.00618E+00
    1.66191E+01    4.21032E+02    3.07510E+01    8.57741E+00    2.88245E+00   -1.31527E+00    1.07355E+00    1.70407E+00    2.54839E+00    2.28633E+00
    1.72646E+01    4.46173E+02    2.51412E+01    9.69305E+00    2.24315E+00   -1.28949E+00    7.61820E-01    1.60824E+00    2.44536E+00    2.03081E+00
    1.79175E+01    4.70785E+02    2.46120E+01    1.08341E+01    2.09228E+00   -1.27018E+00    6.92046E-01    1.59149E+00    2.42539E+00    1.98408E+00
    1.85777E+01    4.97642E+02    2.68567E+01    1.20010E+01    2.17736E+00   -1.32179E+00    6.55917E-01    1.60607E+00    2.48367E+00    1.98663E+00
    1.92454E+01    5.21071E+02    2.34297E+01    1.38013E+01    1.81314E+00   -1.25553E+00    4.86592E-01    1.54583E+00    2.38885E+00    1.83783E+00
    1.99207E+01    5.39768E+02    1.86961E+01    1.62981E+01    1.38216E+00   -1.11650E+00    3.68207E-01    1.48195E+00    2.24009E+00    1.71306E+00
    2.06035E+01    5.55558E+02    1.57902E+01    1.89097E+01    1.11603E+00   -1.00714E+00    3.18890E-01    1.44701E+00    2.13862E+00    1.65636E+00
    2.12941E+01    5.72406E+02    1.68481E+01    2.09469E+01    1.13931E+00   -1.01577E+00    3.27904E-01    1.46617E+00    2.17159E+00    1.68883E+00
    2.19925E+01    5.87179E+02    1.47733E+01    2.37722E+01    9.56474E-01   -9.39940E-01    2.70161E-01    1.43563E+00    2.09576E+00    1.62751E+00
    2.26988E+01    6.00207E+02    1.30277E+01    2.67274E+01    8.08081E-01   -8.65810E-01    2.41773E-01    1.41362E+00    2.02856E+00    1.59323E+00
    2.34130E+01    6.14145E+02    1.39379E+01    2.90326E+01    8.28799E-01   -8.74998E-01    2.51350E-01    1.43222E+00    2.06071E+00    1.62535E+00
    2.41354E+01    6.26064E+02    1.19190E+01    3.22296E+01    6.79855E-01   -7.97620E-01    2.08946E-01    1.40058E+00    1.97997E+00    1.56851E+00
    2.48659E+01    6.38310E+02    1.22459E+01    3.47234E+01    6.70407E-01   -7.89668E-01    2.16405E-01    1.41086E+00    1.99094E+00    1.59074E+00
    2.56046E+01    6.50525E+02    1.22153E+01    3.73028E+01    6.42178E-01   -7.73943E-01    2.07823E-01    1.41174E+00    1.98670E+00    1.59041E+00
    2.63517E+01    6.62611E+02    1.20859E+01    3.99705E+01    6.10466E-01   -7.55957E-01    1.97471E-01    1.41060E+00    1.97855E+00    1.58620E+00
    2.71072E+01    6.74526E+02    1.19148E+01    4.27298E+01    5.78512E-01   -7.37256E-01    1.86993E-01    1.40865E+00    1.96881E+00    1.58063E+00
    2.78713E+01    6.86244E+02    1.17179E+01    4.55836E+01    5.47170E-01   -7.18277E-01    1.76772E-01    1.40621E+00    1.95811E+00    1.57436E+00
    2.86440E+01    6.97739E+02    1.14955E+01    4.85353E+01    5.16470E-01   -6.99006E-01    1.66916E-01    1.40329E+00    1.94645E+00    1.56751E+00
    2.94255E+01    7.08972E+02    1.12332E+01    5.15882E+01    4.85792E-01   -6.78972E-01    1.57444E-01    1.39965E+00    1.93320E+00    1.55986E+00
    3.02157E+01    7.19847E+02    1.08745E+01    5.47457E+01    4.52863E-01   -6.56386E-01    1.48395E-01    1.39434E+00    1.91597E+00    1.55052E+00
    3.10149E+01    7.29913E+02    1.00664E+01    5.80115E+01    4.03845E-01   -6.19648E-01    1.41001E-01    1.38161E+00    1.87962E+00    1.53510E+00
    3.18232E+01    7.41826E+02    1.19128E+01    6.02507E+01    4.60574E-01   -6.56184E-01    1.73192E-01    1.42052E+00    1.95385E+00    1.61333E+00
    3.26405E+01    7.52672E+02    1.08457E+01    6.37052E+01    4.04250E-01   -6.21870E-01    1.32392E-01    1.39523E+00    1.90638E+00    1.54767E+00
    3.34671E+01    7.62534E+02    9.86247E+00    6.72782E+01    3.54517E-01   -5.82521E-01    1.23234E-01    1.37854E+00    1.86276E+00    1.52531E+00
    3.43031E+01    7.73952E+02    1.14176E+01    6.97280E+01    3.95942E-01   -6.10778E-01    1.51304E-01    1.41246E+00    1.92590E+00    1.59675E+00
    3.51485E+01    7.83761E+02    9.80907E+00    7.35074E+01    3.28270E-01   -5.61179E-01    1.15533E-01    1.37805E+00    1.85513E+00    1.52359E+00
    3.60034E+01    7.94631E+02    1.08698E+01    7.60988E+01    3.51164E-01   -5.75494E-01    1.41318E-01    1.40337E+00    1.89815E+00    1.58545E+00
    3.68680E+01    8.06532E+02    1.19018E+01    7.87490E+01    3.71289E-01   -5.92471E-01    1.42365E-01    1.42085E+00    1.93598E+00    1.60844E+00
    3.77424E+01    8.16665E+02    1.01326E+01    8.28378E+01    3.05323E-01   -5.42607E-01    1.04409E-01    1.38324E+00    1.86035E+00    1.52554E+00
    3.86267E+01    8.28099E+02    1.14336E+01    8.56412E+01    3.32879E-01   -5.62900E-01    1.26582E-01    1.41158E+00    1.91213E+00    1.58802E+00
    3.95209E+01    8.37802E+02    9.70363E+00    8.99662E+01    2.73034E-01   -5.13865E-01    9.47496E-02    1.37522E+00    1.83733E+00    1.51182E+00
    4.04252E+01    8.48308E+02    1.05054E+01    9.29317E+01    2.85752E-01   -5.21744E-01    1.16341E-01    1.39545E+00    1.86994E+00    1.56698E+00
    4.13398E+01    8.59236E+02    1.09285E+01    9.59645E+01    2.87438E-01   -5.23104E-01    1.17471E-01    1.40316E+00    1.88426E+00    1.58029E+00
    4.22647E+01    8.70544E+02    1.13079E+01    9.90662E+01    2.87655E-01   -5.23684E-01    1.15801E-01    1.40927E+00    1.89634E+00    1.58785E+00
    4.32001E+01    8.82503E+02    1.19593E+01    1.02238E+02    2.94314E-01   -5.30699E-01    1.12571E-01    1.41931E+00    1.91849E+00    1.59686E+00
    4.41460E+01    8.92455E+02    9.95149E+00    1.07133E+02    2.36977E-01   -4.80100E-01    8.05051E-02    1.37813E+00    1.83482E+00    1.50945E+00
    4.51026E+01    9.03082E+02    1.06267E+01    1.10488E+02    2.44921E-01   -4.84943E-01    9.87502E-02    1.39533E+00    1.86184E+00    1.56008E+00
    4.60700E+01    9.13989E+02    1.09076E+01    1.13920E+02    2.43366E-01   -4.83255E-01    9.91530E-02    1.40040E+00    1.87054E+00    1.56959E+00
    4.70484E+01    9.25064E+02    1.10747E+01    1.17430E+02    2.39253E-01   -4.79342E-01    9.73861E-02    1.40290E+00    1.87451E+00    1.57285E+00
    4.80378E+01    9.36257E+02    1.11933E+01    1.21019E+02    2.34189E-01   -4.74499E-01    9.50745E-02    1.40442E+00    1.87653E+00    1.57410E+00
    4.90384E+01    9.47542E+02    1.12847E+01    1.24691E+02    2.28700E-01   -4.69178E-01    9.25849E-02    1.40541E+00    1.87750E+00    1.57440E+00
    5.00503E+01    9.58899E+02    1.13573E+01    1.28445E+02    2.22998E-01   -4.63563E-01    9.00397E-02    1.40606E+00    1.87778E+00    1.57415E+00
    5.10736E+01    9.70313E+02    1.14142E+01    1.32285E+02    2.17169E-01   -4.57727E-01    8.74894E-02    1.40644E+00    1.87748E+00    1.57348E+00
    5.21085E+01    9.81768E+02    1.14549E+01    1.36212E+02    2.11229E-01   -4.51676E-01    8.49574E-02    1.40656E+00    1.87662E+00    1.57244E+00
    5.31551E+01    9.93244E+02    1.14760E+01    1.40229E+02    2.05132E-01   -4.45346E-01    8.24554E-02    1.40634E+00    1.87506E+00    1.57100E+00
    5.42135E+01    1.00471E+03    1.14675E+01    1.44337E+02    1.98733E-01   -4.38559E-01    7.99922E-02    1.40564E+00    1.87243E+00    1.56902E+00
    5.52839E+01    1.01612E+03    1.14036E+01    1.48538E+02    1.91635E-01   -4.30830E-01    7.75918E-02    1.40403E+00    1.86777E+00    1.56610E+00
    5.63664E+01    1.02731E+03    1.11972E+01    1.52834E+02    1.82490E-01   -4.20480E-01    7.54071E-02    1.40007E+00    1.85779E+00    1.56116E+00
    5.74611E+01    1.03763E+03    1.03206E+01    1.57229E+02    1.63155E-01   -3.96861E-01    7.52036E-02    1.38501E+00    1.82190E+00    1.54932E+00
    5.85682E+01    1.05203E+03    1.43984E+01    1.59463E+02    2.20822E-01   -4.41757E-01    1.60226E-01    1.46788E+00    1.95969E+00    1.82190E+00
    5.96878E+01    1.06459E+03    1.25596E+01    1.64008E+02    1.86896E-01   -4.25373E-01    7.71609E-02    1.42188E+00    1.90079E+00    1.59624E+00
    6.08200E+01    1.07676E+03    1.21724E+01    1.68656E+02    1.75777E-01   -4.13265E-01    7.06313E-02    1.41393E+00    1.88447E+00    1.57716E+00
    6.19650E+01    1.08859E+03    1.18242E+01    1.73410E+02    1.65720E-01   -4.01425E-01    6.76620E-02    1.40755E+00    1.86977E+00    1.56747E+00
    6.31230E+01    1.09944E+03    1.08537E+01    1.78272E+02    1.47660E-01   -3.78360E-01    6.71051E-02    1.39129E+00    1.83188E+00    1.55350E+00
    6.42940E+01    1.11441E+03    1.49643E+01    1.80744E+02    1.97640E-01   -4.19549E-01    1.47032E-01    1.47244E+00    1.96652E+00    1.83188E+00
    6.54783E+01    1.12736E+03    1.29524E+01    1.85773E+02    1.66098E-01   -4.01761E-01    6.84544E-02    1.42494E+00    1.90341E+00    1.59608E+00
    6.66760E+01    1.13973E+03    1.23669E+01    1.90916E+02    1.54000E-01   -3.87393E-01    6.26678E-02    1.41412E+00    1.88069E+00    1.57436E+00
    6.78872E+01    1.15101E+03    1.12802E+01    1.96176E+02    1.36421E-01   -3.64179E-01    6.15947E-02    1.39620E+00    1.83977E+00    1.55728E+00
    6.91121E+01    1.16640E+03    1.53914E+01    1.98850E+02    1.80798E-01   -4.02295E-01    1.37684E-01    1.47565E+00    1.97118E+00    1.83977E+00
    7.03508E+01    1.17953E+03    1.31329E+01    2.04290E+02    1.49859E-01   -3.82014E-01    6.26421E-02    1.42536E+00    1.90123E+00    1.59480E+00
    7.16036E+01    1.19134E+03    1.18068E+01    2.09854E+02    1.30890E-01   -3.56973E-01    5.88223E-02    1.40332E+00    1.85302E+00    1.56603E+00
    7.28704E+01    1.20732E+03    1.59886E+01    2.12683E+02    1.72222E-01   -3.93243E-01    1.32594E-01    1.48209E+00    1.98308E+00    1.85302E+00
    7.41516E+01    1.22091E+03    1.35880E+01    2.18438E+02    1.42227E-01   -3.72466E-01    5.91307E-02    1.43052E+00    1.91041E+00    1.59970E+00
    7.54473E+01    1.23311E+03    1.22000E+01    2.24323E+02    1.24104E-01   -3.47900E-01    5.54037E-02    1.40794E+00    1.86124E+00    1.57005E+00
    7.67576E+01    1.24954E+03    1.64306E+01    2.27316E+02    1.62451E-01   -3.82598E-01    1.26766E-01    1.48611E+00    1.99025E+00    1.86124E+00
    7.80828E+01    1.26346E+03    1.39169E+01    2.33403E+02    1.33751E-01   -3.61472E-01    5.55749E-02    1.43370E+00    1.91538E+00    1.60189E+00
    7.94229E+01    1.27588E+03    1.24234E+01    2.39628E+02    1.16071E-01   -3.36689E-01    5.20712E-02    1.40983E+00    1.86356E+00    1.57100E+00
    8.07781E+01    1.29243E+03    1.65460E+01    2.42794E+02    1.50296E-01   -3.68385E-01    1.20785E-01    1.48548E+00    1.98753E+00    1.86356E+00
    8.21487E+01    1.30564E+03    1.32109E+01    2.49232E+02    1.16682E-01   -3.37344E-01    5.36728E-02    1.42183E+00    1.88678E+00    1.59366E+00
    8.35347E+01    1.32305E+03    1.74060E+01    2.52507E+02    1.49493E-01   -3.67338E-01    1.20647E-01    1.49618E+00    2.00819E+00    1.88678E+00
    8.49364E+01    1.33690E+03    1.38501E+01    2.59166E+02    1.15683E-01   -3.36043E-01    5.25158E-02    1.43039E+00    1.90407E+00    1.60427E+00
    8.63540E+01    1.35518E+03    1.82784E+01    2.62552E+02    1.48486E-01   -3.66596E-01    1.18717E-01    1.50654E+00    2.02913E+00    1.90407E+00
    8.77875E+01    1.37048E+03    1.53052E+01    2.69440E+02    1.20936E-01   -3.44197E-01    4.96494E-02    1.44985E+00    1.94605E+00    1.61988E+00
    8.92373E+01    1.38411E+03    1.36310E+01    2.76485E+02    1.04774E-01   -3.20370E-01    4.62229E-02    1.42456E+00    1.89163E+00    1.58645E+00
    9.07034E+01    1.40209E+03    1.79765E+01    2.80067E+02    1.34422E-01   -3.49575E-01    1.10541E-01    1.50009E+00    2.01550E+00    1.89163E+00
    9.21861E+01    1.41643E+03    1.43434E+01    2.87353E+02    1.04351E-01   -3.19535E-01    4.74217E-02    1.43485E+00    1.91129E+00    1.60664E+00
    9.36856E+01    1.43514E+03    1.87058E+01    2.91058E+02    1.32414E-01   -3.46886E-01    1.09928E-01    1.50858E+00    2.03165E+00    1.91129E+00
    9.52020E+01    1.44994E+03    1.48020E+01    2.98594E+02    1.01959E-01   -3.15936E-01    4.62946E-02    1.44048E+00    1.92226E+00    1.61393E+00
    9.67356E+01    1.46916E+03    1.92238E+01    3.02425E+02    1.28862E-01   -3.42417E-01    1.07761E-01    1.51395E+00    2.04201E+00    1.92226E+00
    9.82864E+01    1.48431E+03    1.51505E+01    3.10220E+02    9.88380E-02   -3.11154E-01    4.49551E-02    1.44439E+00    1.92966E+00    1.61859E+00
    9.98548E+01    1.50389E+03    1.95745E+01    3.14183E+02    1.24289E-01   -3.36458E-01    1.05284E-01    1.51705E+00    2.04772E+00    1.92966E+00
    1.01441E+02    1.51904E+03    1.51520E+01    3.22244E+02    9.36456E-02   -3.02857E-01    4.38538E-02    1.44346E+00    1.92653E+00    1.61923E+00
    1.03045E+02    1.53798E+03    1.89402E+01    3.26343E+02    1.13948E-01   -3.21342E-01    1.03382E-01    1.50749E+00    2.02583E+00    1.92653E+00
    1.04667E+02    1.56027E+03    2.22873E+01    3.30489E+02    1.30532E-01   -3.42118E-01    1.16132E-01    1.54979E+00    2.10788E+00    2.02583E+00
    1.06308E+02    1.57716E+03    1.68966E+01    3.38921E+02    9.63442E-02   -3.07324E-01    4.35453E-02    1.46593E+00    1.97293E+00    1.64848E+00
    1.07967E+02    1.59886E+03    2.16916E+01    3.43208E+02    1.20424E-01   -3.31655E-01    1.02120E-01    1.53997E+00    2.09329E+00    1.97293E+00
    1.09645E+02    1.61589E+03    1.70308E+01    3.51929E+02    9.20616E-02   -3.00598E-01    4.12606E-02    1.46638E+00    1.97356E+00    1.64529E+00
    1.11341E+02    1.63774E+03    2.18482E+01    3.56364E+02    1.15003E-01   -3.24418E-01    9.87729E-02    1.54044E+00    2.09398E+00    1.97356E+00
    1.13057E+02    1.65467E+03    1.69327E+01    3.65384E+02    8.67955E-02   -2.91878E-01    4.00336E-02    1.46416E+00    1.96782E+00    1.64370E+00
    1.14793E+02    1.67572E+03    2.10503E+01    3.69970E+02    1.05083E-01   -3.09421E-01    9.66536E-02    1.52946E+00    2.06942E+00    1.96782E+00
    1.16547E+02    1.70034E+03    2.46262E+01    3.74609E+02    1.19730E-01   -3.28588E-01    1.08444E-01    1.57203E+00    2.15191E+00    2.06942E+00
    1.18322E+02    1.71901E+03    1.86694E+01    3.84044E+02    8.84085E-02   -2.94683E-01    3.96299E-02    1.48525E+00    2.01118E+00    1.67115E+00
    1.20117E+02    1.74278E+03    2.37626E+01    3.88841E+02    1.09607E-01   -3.17095E-01    9.51728E-02    1.55970E+00    2.13202E+00    2.01118E+00
    1.21932E+02    1.76114E+03    1.83601E+01    3.98599E+02    8.24947E-02   -2.84725E-01    3.77651E-02    1.48023E+00    1.99993E+00    1.66345E+00
    1.23768E+02    1.78384E+03    2.27076E+01    4.03561E+02    9.93926E-02   -3.01395E-01    9.24850E-02    1.54616E+00    2.10251E+00    1.99993E+00
    1.25624E+02    1.81024E+03    2.63988E+01    4.08579E+02    1.12570E-01   -3.19108E-01    1.03632E-01    1.58829E+00    2.18399E+00    2.10251E+00
    1.27501E+02    1.82996E+03    1.97161E+01    4.18786E+02    8.19096E-02   -2.83733E-01    3.74841E-02    1.49589E+00    2.03154E+00    1.68611E+00
    1.29400E+02    1.85425E+03    2.42872E+01    4.23976E+02    9.83090E-02   -2.99929E-01    9.13873E-02    1.56254E+00    2.13516E+00    2.03154E+00
    1.31320E+02    1.88244E+03    2.81943E+01    4.29225E+02    1.11199E-01   -3.17465E-01    1.02053E-01    1.60550E+00    2.21845E+00    2.13516E+00
    1.33262E+02    1.90383E+03    2.13917E+01    4.39901E+02    8.22109E-02   -2.84427E-01    3.62273E-02    1.51433E+00    2.06970E+00    1.70663E+00
    1.35225E+02    1.93090E+03    2.70667E+01    4.45329E+02    1.01365E-01   -3.05645E-01    8.91419E-02    1.59119E+00    2.19473E+00    2.06970E+00
    1.37211E+02    1.95187E+03    2.09692E+01    4.56371E+02    7.65283E-02   -2.74486E-01    3.44355E-02    1.50834E+00    2.05648E+00    1.69739E+00
    1.39219E+02    1.97767E+03    2.58049E+01    4.61986E+02    9.17809E-02   -2.90350E-01    8.64729E-02    1.57638E+00    2.16275E+00    2.05648E+00
    1.41250E+02    2.00751E+03    2.98405E+01    4.67664E+02    1.03439E-01   -3.06710E-01    9.67902E-02    1.61930E+00    2.24571E+00    2.16275E+00
    1.43304E+02    2.02982E+03    2.23091E+01    4.79214E+02    7.53725E-02   -2.72412E-01    3.41213E-02    1.52279E+00    2.08544E+00    1.71873E+00
    1.45381E+02    2.05711E+03    2.72863E+01    4.85087E+02    8.98558E-02   -2.87395E-01    8.52065E-02    1.59062E+00    2.19092E+00    2.08544E+00
    1.47482E+02    2.08849E+03    3.13792E+01    4.91026E+02    1.00724E-01   -3.02811E-01    9.50246E-02    1.63285E+00    2.27250E+00    2.19092E+00
    1.49606E+02    2.11174E+03    2.32521E+01    5.03107E+02    7.27549E-02   -2.67676E-01    3.32355E-02    1.53214E+00    2.10396E+00    1.73176E+00
    1.51754E+02    2.13986E+03    2.81178E+01    5.09249E+02    8.57649E-02   -2.80742E-01    8.33599E-02    1.59761E+00    2.20412E+00    2.10396E+00
    1.53927E+02    2.17123E+03    3.13718E+01    5.15462E+02    9.32856E-02   -2.90821E-01    9.33208E-02    1.63086E+00    2.26625E+00    2.20412E+00
    1.56124E+02    2.20628E+03    3.50481E+01    5.21744E+02    1.01602E-01   -3.03741E-01    9.66632E-02    1.66575E+00    2.33686E+00    2.26625E+00
    1.58346E+02    2.23207E+03    2.57915E+01    5.34523E+02    7.28951E-02   -2.68008E-01    3.26580E-02    1.55790E+00    2.15675E+00    1.76539E+00
    1.60593E+02    2.26343E+03    3.13606E+01    5.41021E+02    8.64185E-02   -2.82221E-01    8.22771E-02    1.62809E+00    2.26583E+00    2.15675E+00
    1.62866E+02    2.29931E+03    3.58802E+01    5.47592E+02    9.64041E-02   -2.96705E-01    9.14887E-02    1.67135E+00    2.34939E+00    2.26583E+00
    1.65164E+02    2.32590E+03    2.65945E+01    5.60958E+02    6.96733E-02   -2.62084E-01    3.13903E-02    1.56493E+00    2.17062E+00    1.77353E+00
    1.67488E+02    2.35795E+03    3.20421E+01    5.67755E+02    8.18554E-02   -2.74695E-01    7.99878E-02    1.63305E+00    2.27506E+00    2.17062E+00
    1.69838E+02    2.39357E+03    3.56253E+01    5.74628E+02    8.87468E-02   -2.84160E-01    8.94404E-02    1.66717E+00    2.33880E+00    2.27506E+00
    1.72215E+02    2.43320E+03    3.96314E+01    5.81579E+02    9.62758E-02   -2.96159E-01    9.25493E-02    1.70268E+00    2.41058E+00    2.33880E+00
    1.74619E+02    2.46222E+03    2.90209E+01    5.95718E+02    6.87526E-02   -2.60390E-01    3.08162E-02    1.58786E+00    2.21730E+00    1.80449E+00
    1.77050E+02    2.49708E+03    3.48562E+01    6.02907E+02    8.05329E-02   -2.72640E-01    7.87432E-02    1.65751E+00    2.32401E+00    2.21730E+00
    1.79508E+02    2.53574E+03    3.86647E+01    6.10178E+02    8.71244E-02   -2.81781E-01    8.78848E-02    1.69218E+00    2.38881E+00    2.32401E+00
    1.81994E+02    2.57868E+03    4.29311E+01    6.17531E+02    9.43503E-02   -2.93427E-01    9.08352E-02    1.72838E+00    2.46200E+00    2.38881E+00
    1.84509E+02    2.61015E+03    3.14748E+01    6.32487E+02    6.74676E-02   -2.58011E-01    2.99624E-02    1.60991E+00    2.26227E+00    1.83270E+00
    1.87052E+02    2.64790E+03    3.77537E+01    6.40091E+02    7.89347E-02   -2.70134E-01    7.72167E-02    1.68161E+00    2.37234E+00    2.26227E+00
    1.89623E+02    2.68974E+03    4.18354E+01    6.47782E+02    8.53183E-02   -2.79100E-01    8.61470E-02    1.71720E+00    2.43893E+00    2.37234E+00
    1.92223E+02    2.73614E+03    4.64015E+01    6.55560E+02    9.23071E-02   -2.90490E-01    8.90109E-02    1.75436E+00    2.51403E+00    2.43893E+00
    1.94853E+02    2.77023E+03    3.40863E+01    6.71380E+02    6.61456E-02   -2.55536E-01    2.91038E-02    1.63247E+00    2.30828E+00    1.86139E+00
    1.97513E+02    2.81106E+03    4.08374E+01    6.79424E+02    7.73057E-02   -2.67541E-01    7.56789E-02    1.70629E+00    2.42184E+00    2.30828E+00
    2.00203E+02    2.85627E+03    4.52074E+01    6.87560E+02    8.34852E-02   -2.76334E-01    8.44073E-02    1.74284E+00    2.49026E+00    2.42184E+00
    2.02923E+02    2.90636E+03    5.00848E+01    6.95787E+02    9.02329E-02   -2.87455E-01    8.71912E-02    1.78094E+00    2.56723E+00    2.49026E+00
    2.05673E+02    2.94320E+03    3.68472E+01    7.12521E+02    6.47642E-02   -2.52914E-01    2.82644E-02    1.65543E+00    2.35505E+00    1.89060E+00
    2.08455E+02    2.98728E+03    4.40758E+01    7.21030E+02    7.55816E-02   -2.64736E-01    7.41392E-02    1.73123E+00    2.47183E+00    2.35505E+00
    2.11269E+02    3.03599E+03    4.87141E+01    7.29636E+02    8.15021E-02   -2.73258E-01    8.26561E-02    1.76849E+00    2.54157E+00    2.47183E+00
    2.14114E+02    3.08985E+03    5.38566E+01    7.38338E+02    8.79152E-02   -2.83956E-01    8.53485E-02    1.80711E+00    2.61953E+00    2.54157E+00
    2.16991E+02    3.12937E+03    3.95171E+01    7.56040E+02    6.29408E-02   -2.49372E-01    2.74683E-02    1.67676E+00    2.39830E+00    1.91851E+00
    2.19901E+02    3.17637E+03    4.70067E+01    7.65041E+02    7.30537E-02   -2.60371E-01    7.25287E-02    1.75276E+00    2.51464E+00    2.39830E+00
    2.22843E+02    3.22778E+03    5.14063E+01    7.74144E+02    7.79553E-02   -2.67245E-01    8.08417E-02    1.78698E+00    2.57781E+00    2.51464E+00
    2.25819E+02    3.28302E+03    5.52409E+01    7.83349E+02    8.17426E-02   -2.73351E-01    8.37971E-02    1.81502E+00    2.63306E+00    2.57781E+00
    2.28829E+02    3.34338E+03    6.03595E+01    7.92659E+02    8.71574E-02   -2.82736E-01    8.49583E-02    1.85097E+00    2.70665E+00    2.63306E+00
    2.31872E+02    3.38733E+03    4.39524E+01    8.11595E+02    6.19331E-02   -2.47404E-01    2.69105E-02    1.71108E+00    2.46830E+00    1.96444E+00
    2.34950E+02    3.43938E+03    5.20482E+01    8.21224E+02    7.15714E-02   -2.57838E-01    7.13511E-02    1.78895E+00    2.58701E+00    2.46830E+00
    2.38063E+02    3.49597E+03    5.65873E+01    8.30961E+02    7.59375E-02   -2.63879E-01    7.94059E-02    1.82243E+00    2.64842E+00    2.58701E+00
    2.41211E+02    3.55615E+03    6.01853E+01    8.40809E+02    7.88211E-02   -2.68430E-01    8.22575E-02    1.84743E+00    2.69717E+00    2.64842E+00
    2.44394E+02    3.62014E+03    6.39816E+01    8.50768E+02    8.17774E-02   -2.73444E-01    8.37011E-02    1.87291E+00    2.74829E+00    2.69717E+00
    2.47614E+02    3.68967E+03    6.95380E+01    8.60839E+02    8.67434E-02   -2.82208E-01    8.42724E-02    1.90903E+00    2.82268E+00    2.74829E+00
    2.50870E+02    3.74032E+03    5.06475E+01    8.81325E+02    6.16622E-02   -2.46918E-01    2.63399E-02    1.75990E+00    2.56833E+00    2.02817E+00
    2.54162E+02    3.80031E+03    5.99864E+01    8.91741E+02    7.12806E-02   -2.57531E-01    7.04145E-02    1.84303E+00    2.69574E+00    2.56833E+00
    2.57492E+02    3.86570E+03    6.53893E+01    9.02276E+02    7.58389E-02   -2.64020E-01    7.83099E-02    1.88001E+00    2.76408E+00    2.69574E+00
    2.60859E+02    3.93579E+03    7.00881E+01    9.12929E+02    7.93428E-02   -2.69768E-01    8.10440E-02    1.91033E+00    2.82385E+00    2.76408E+00
    2.64265E+02    4.01217E+03    7.63860E+01    9.23703E+02    8.44041E-02   -2.78687E-01    8.20823E-02    1.94939E+00    2.90379E+00    2.82385E+00
    2.67709E+02    4.06797E+03    5.58028E+01    9.45618E+02    6.01870E-02   -2.43998E-01    2.55369E-02    1.79508E+00    2.64011E+00    2.07332E+00
    2.71192E+02    4.13389E+03    6.59155E+01    9.56761E+02    6.93970E-02   -2.54259E-01    6.89163E-02    1.88074E+00    2.77127E+00    2.64011E+00
    2.74714E+02    4.20541E+03    7.15233E+01    9.68030E+02    7.35048E-02   -2.60061E-01    7.66352E-02    1.91731E+00    2.83845E+00    2.77127E+00
    2.78276E+02    4.28135E+03    7.59352E+01    9.79426E+02    7.61792E-02   -2.64360E-01    7.93299E-02    1.94447E+00    2.89141E+00    2.83845E+00
    2.81878E+02    4.36191E+03    8.05633E+01    9.90952E+02    7.88978E-02   -2.69053E-01    8.06742E-02    1.97201E+00    2.94666E+00    2.89141E+00
    2.85521E+02    4.44923E+03    8.73158E+01    1.00261E+03    8.34764E-02   -2.77282E-01    8.11862E-02    2.01097E+00    3.02678E+00    2.94666E+00
    2.89205E+02    4.51283E+03    6.35996E+01    1.02631E+03    5.93577E-02   -2.42352E-01    2.49681E-02    1.84568E+00    2.74355E+00    2.13998E+00
    2.92931E+02    4.58773E+03    7.48997E+01    1.03837E+03    6.82439E-02   -2.52280E-01    6.78137E-02    1.93519E+00    2.88041E+00    2.74355E+00
    2.96699E+02    4.66872E+03    8.09886E+01    1.05056E+03    7.20405E-02   -2.57617E-01    7.53257E-02    1.97235E+00    2.94847E+00    2.88041E+00
    3.00509E+02    4.75426E+03    8.55485E+01    1.06289E+03    7.42922E-02   -2.61194E-01    7.79087E-02    1.99866E+00    2.99952E+00    2.94847E+00
    3.04363E+02    4.84415E+03    8.98853E+01    1.07536E+03    7.62089E-02   -2.64451E-01    7.92137E-02    2.02289E+00    3.04768E+00    2.99952E+00
    3.08260E+02    4.93901E+03    9.48628E+01    1.08797E+03    7.85250E-02   -2.68556E-01    8.00158E-02    2.05001E+00    3.10247E+00    3.04768E+00
    3.12201E+02    5.04148E+03    1.02466E+02    1.10072E+03    8.28125E-02   -2.76350E-01    8.02699E-02    2.09032E+00    3.18556E+00    3.10247E+00
    3.16187E+02    5.11609E+03    7.46129E+01    1.12666E+03    5.88762E-02   -2.41412E-01    2.44260E-02    1.91220E+00    2.87979E+00    2.22720E+00
    3.20217E+02    5.20382E+03    8.77293E+01    1.13985E+03    6.75910E-02   -2.51237E-01    6.68648E-02    2.00776E+00    3.02611E+00    2.87979E+00
    3.24294E+02    5.29857E+03    9.47484E+01    1.15318E+03    7.12759E-02   -2.56452E-01    7.42190E-02    2.04723E+00    3.09846E+00    3.02611E+00
    3.28416E+02    5.39856E+03    9.99893E+01    1.16667E+03    7.34443E-02   -2.59919E-01    7.67223E-02    2.07513E+00    3.15262E+00    3.09846E+00
    3.32585E+02    5.50353E+03    1.04968E+02    1.18031E+03    7.52844E-02   -2.63067E-01    7.79758E-02    2.10082E+00    3.20367E+00    3.15262E+00
    3.36801E+02    5.61421E+03    1.10681E+02    1.19411E+03    7.75122E-02   -2.67044E-01    7.87397E-02    2.12957E+00    3.26174E+00    3.20367E+00
    3.41064E+02    5.73362E+03    1.19412E+02    1.20806E+03    8.16583E-02   -2.74631E-01    7.89700E-02    2.17233E+00    3.34982E+00    3.26174E+00
    3.45376E+02    5.82066E+03    8.70423E+01    1.23644E+03    5.81229E-02   -2.39907E-01    2.38265E-02    1.98161E+00    3.02185E+00    2.31778E+00
    3.49737E+02    5.92282E+03    1.02154E+02    1.25087E+03    6.66105E-02   -2.49566E-01    6.57825E-02    2.08325E+00    3.17760E+00    3.02185E+00
    3.54147E+02    6.03292E+03    1.10102E+02    1.26546E+03    7.01071E-02   -2.54522E-01    7.29771E-02    2.12458E+00    3.25327E+00    3.17760E+00
    3.58606E+02    6.14879E+03    1.15873E+02    1.28022E+03    7.20496E-02   -2.57614E-01    7.53982E-02    2.15302E+00    3.30833E+00    3.25327E+00
    3.63116E+02    6.26988E+03    1.21091E+02    1.29514E+03    7.35284E-02   -2.60118E-01    7.65966E-02    2.17796E+00    3.35769E+00    3.30833E+00
    3.67677E+02    6.39639E+03    1.26511E+02    1.31023E+03    7.50189E-02   -2.62746E-01    7.73521E-02    2.20327E+00    3.40838E+00    3.35769E+00
    3.72290E+02    6.52940E+03    1.33012E+02    1.32550E+03    7.70265E-02   -2.66386E-01    7.78771E-02    2.23299E+00    3.46860E+00    3.40838E+00
    3.76954E+02    6.67260E+03    1.43192E+02    1.34093E+03    8.09801E-02   -2.73677E-01    7.79805E-02    2.27836E+00    3.56213E+00    3.46860E+00
    3.81672E+02    6.77704E+03    1.04448E+02    1.37233E+03    5.76872E-02   -2.39049E-01    2.33008E-02    2.07108E+00    3.20509E+00    2.43481E+00
    3.86442E+02    6.89945E+03    1.22407E+02    1.38830E+03    6.60256E-02   -2.48630E-01    6.48747E-02    2.18093E+00    3.37372E+00    3.20509E+00
    3.91267E+02    7.03124E+03    1.31791E+02    1.40444E+03    6.94261E-02   -2.53481E-01    7.19278E-02    2.22539E+00    3.45519E+00    3.37372E+00
    3.96146E+02    7.16982E+03    1.38579E+02    1.42077E+03    7.12970E-02   -2.56475E-01    7.42795E-02    2.25591E+00    3.51430E+00    3.45519E+00
    4.01080E+02    7.31453E+03    1.44704E+02    1.43728E+03    7.27106E-02   -2.58883E-01    7.54328E-02    2.28264E+00    3.56720E+00    3.51430E+00
    4.06070E+02    7.46558E+03    1.51055E+02    1.45398E+03    7.41317E-02   -2.61405E-01    7.61529E-02    2.30973E+00    3.62146E+00    3.56720E+00
    4.11116E+02    7.62425E+03    1.58666E+02    1.47087E+03    7.60517E-02   -2.64909E-01    7.66472E-02    2.34153E+00    3.68586E+00    3.62146E+00
    4.16220E+02    7.79484E+03    1.70589E+02    1.48795E+03    7.98616E-02   -2.71982E-01    7.67292E-02    2.39008E+00    3.78591E+00    3.68586E+00
    4.21381E+02    7.91935E+03    1.24513E+02    1.52269E+03    5.69336E-02   -2.37522E-01    2.27334E-02    2.16541E+00    3.39816E+00    2.55805E+00
    4.26600E+02    8.06498E+03    1.45625E+02    1.54035E+03    6.50375E-02   -2.46909E-01    6.38223E-02    2.28340E+00    3.57935E+00    3.39816E+00
    4.31879E+02    8.22142E+03    1.56442E+02    1.55821E+03    6.82435E-02   -2.51482E-01    7.07118E-02    2.33029E+00    3.66515E+00    3.57935E+00
    4.37217E+02    8.38546E+03    1.64041E+02    1.57628E+03    6.98946E-02   -2.54106E-01    7.29725E-02    2.36159E+00    3.72563E+00    3.66515E+00
    4.42615E+02    8.55606E+03    1.70598E+02    1.59455E+03    7.09996E-02   -2.55961E-01    7.40520E-02    2.38784E+00    3.77735E+00    3.72563E+00
    4.48074E+02    8.73295E+03    1.76898E+02    1.61303E+03    7.19120E-02   -2.57548E-01    7.47057E-02    2.41250E+00    3.82644E+00    3.77735E+00
    4.53595E+02    8.91636E+03    1.83403E+02    1.63171E+03    7.28261E-02   -2.59181E-01    7.51747E-02    2.43750E+00    3.87647E+00    3.82644E+00
    4.59179E+02    9.10699E+03    1.90630E+02    1.65061E+03    7.39397E-02   -2.61212E-01    7.55523E-02    2.46478E+00    3.93142E+00    3.87647E+00
    4.64825E+02    9.30662E+03    1.99634E+02    1.66972E+03    7.56369E-02   -2.64356E-01    7.58483E-02    2.49819E+00    3.99925E+00    3.93142E+00
    4.70535E+02    9.52072E+03    2.14097E+02    1.68904E+03    7.92370E-02   -2.71090E-01    7.58090E-02    2.55057E+00    4.10727E+00    3.99925E+00
    4.76310E+02    9.67695E+03    1.56235E+02    1.72835E+03    5.64828E-02   -2.36618E-01    2.22452E-02    2.30022E+00    3.67432E+00    2.73498E+00
    4.82150E+02    9.85934E+03    1.82385E+02    1.74834E+03    6.44102E-02   -2.45862E-01    6.29438E-02    2.43025E+00    3.87417E+00    3.67432E+00
    4.88056E+02    1.00550E+04    1.95616E+02    1.76855E+03    6.74845E-02   -2.50258E-01    6.96813E-02    2.48137E+00    3.96772E+00    3.87417E+00
    4.94029E+02    1.02598E+04    2.04801E+02    1.78899E+03    6.90189E-02   -2.52696E-01    7.18592E-02    2.51515E+00    4.03293E+00    3.96772E+00
    5.00069E+02    1.04724E+04    2.12626E+02    1.80967E+03    6.99994E-02   -2.54339E-01    7.28778E-02    2.54314E+00    4.08805E+00    4.03293E+00
    5.06178E+02    1.06924E+04    2.20017E+02    1.83057E+03    7.07589E-02   -2.55656E-01    7.34778E-02    2.56901E+00    4.13947E+00    4.08805E+00
    5.12356E+02    1.09198E+04    2.27443E+02    1.85172E+03    7.14578E-02   -2.56899E-01    7.38951E-02    2.59455E+00    4.19048E+00    4.13947E+00
    5.18603E+02    1.11551E+04    2.35298E+02    1.87310E+03    7.22191E-02   -2.58282E-01    7.42254E-02    2.62111E+00    4.24377E+00    4.19048E+00
    5.24921E+02    1.13993E+04    2.44150E+02    1.89472E+03    7.32067E-02   -2.60106E-01    7.45102E-02    2.65058E+00    4.30315E+00    4.24377E+00
    5.31310E+02    1.16546E+04    2.55289E+02    1.91659E+03    7.47814E-02   -2.63051E-01    7.47382E-02    2.68703E+00    4.37720E+00    4.30315E+00
    5.37772E+02    1.19279E+04    2.73336E+02    1.93871E+03    7.82217E-02   -2.69534E-01    7.46518E-02    2.74470E+00    4.49610E+00    4.37720E+00
    5.44306E+02    1.21275E+04    1.99569E+02    1.98369E+03    5.57953E-02   -2.35210E-01    2.17102E-02    2.46383E+00    4.00947E+00    2.94938E+00
    5.50915E+02    1.23600E+04    2.32561E+02    2.00656E+03    6.35216E-02   -2.44305E-01    6.19400E-02    2.60851E+00    4.23206E+00    4.00947E+00
    5.57598E+02    1.26091E+04    2.49037E+02    2.02970E+03    6.64557E-02   -2.48517E-01    6.85205E-02    2.66475E+00    4.33495E+00    4.23206E+00
    5.64357E+02    1.28694E+04    2.60318E+02    2.05309E+03    6.78670E-02   -2.50760E-01    7.06160E-02    2.70146E+00    4.40577E+00    4.33495E+00
    5.71192E+02    1.31392E+04    2.69783E+02    2.07675E+03    6.87165E-02   -2.52178E-01    7.15729E-02    2.73145E+00    4.46477E+00    4.40577E+00
    5.78104E+02    1.34177E+04    2.78554E+02    2.10067E+03    6.93189E-02   -2.53216E-01    7.21161E-02    2.75867E+00    4.51879E+00    4.46477E+00
    5.85094E+02    1.37049E+04    2.87129E+02    2.12487E+03    6.98104E-02   -2.54082E-01    7.24748E-02    2.78483E+00    4.57093E+00    4.51879E+00
    5.92163E+02    1.40007E+04    2.95814E+02    2.14934E+03    7.02694E-02   -2.54908E-01    7.27421E-02    2.81090E+00    4.62306E+00    4.57093E+00
    5.99313E+02    1.43056E+04    3.04880E+02    2.17408E+03    7.07595E-02   -2.55804E-01    7.29636E-02    2.83773E+00    4.67680E+00    4.62306E+00
    6.06543E+02    1.46202E+04    3.14689E+02    2.19911E+03    7.13590E-02   -2.56916E-01    7.31644E-02    2.86633E+00    4.73427E+00    4.67680E+00
    6.13854E+02    1.49462E+04    3.25908E+02    2.22441E+03    7.22070E-02   -2.58507E-01    7.33550E-02    2.89857E+00    4.79931E+00    4.73427E+00
    6.21249E+02    1.52863E+04    3.40191E+02    2.25001E+03    7.36422E-02   -2.61225E-01    7.35099E-02    2.93895E+00    4.88138E+00    4.79931E+00
    6.28727E+02    1.56499E+04    3.63579E+02    2.27589E+03    7.68998E-02   -2.67426E-01    7.33710E-02    3.00355E+00    5.01456E+00    4.88138E+00
    6.36289E+02    1.59154E+04    2.65525E+02    2.32854E+03    5.48732E-02   -2.33294E-01    2.11453E-02    2.68173E+00    4.45590E+00    3.23521E+00
    6.43937E+02    1.62243E+04    3.08860E+02    2.35531E+03    6.23659E-02   -2.42212E-01    6.08193E-02    2.84594E+00    4.70875E+00    4.45590E+00
    6.51671E+02    1.65545E+04    3.30219E+02    2.38238E+03    6.51512E-02   -2.46235E-01    6.72275E-02    2.90905E+00    4.82420E+00    4.70875E+00
    6.59493E+02    1.68992E+04    3.44664E+02    2.40976E+03    6.64438E-02   -2.48295E-01    6.92352E-02    2.94981E+00    4.90280E+00    4.82420E+00
    6.67403E+02    1.72558E+04    3.56649E+02    2.43745E+03    6.71803E-02   -2.49524E-01    7.01287E-02    2.98277E+00    4.96760E+00    4.90280E+00
    6.75402E+02    1.76235E+04    3.67626E+02    2.46545E+03    6.76632E-02   -2.50353E-01    7.06165E-02    3.01237E+00    5.02629E+00    4.96760E+00
    6.83492E+02    1.80017E+04    3.78211E+02    2.49376E+03    6.80188E-02   -2.50976E-01    7.09210E-02    3.04044E+00    5.08220E+00    5.02629E+00
    6.91673E+02    1.83904E+04    3.88733E+02    2.52240E+03    6.83123E-02   -2.51501E-01    7.11319E-02    3.06793E+00    5.13707E+00    5.08220E+00
    6.99947E+02    1.87898E+04    3.99420E+02    2.55136E+03    6.85856E-02   -2.51998E-01    7.12920E-02    3.09546E+00    5.19213E+00    5.13707E+00
    7.08314E+02    1.92003E+04    4.10483E+02    2.58065E+03    6.88745E-02   -2.52533E-01    7.14253E-02    3.12358E+00    5.24844E+00    5.19213E+00
    7.16776E+02    1.96225E+04    4.22191E+02    2.61027E+03    6.92204E-02   -2.53183E-01    7.15473E-02    3.15295E+00    5.30734E+00    5.24844E+00
    7.25333E+02    2.00575E+04    4.34977E+02    2.64022E+03    6.96879E-02   -2.54070E-01    7.16682E-02    3.18459E+00    5.37097E+00    5.30734E+00
    7.33987E+02    2.05072E+04    4.49713E+02    2.67052E+03    7.04037E-02   -2.55440E-01    7.17907E-02    3.22056E+00    5.44357E+00    5.37097E+00
    7.42739E+02    2.09758E+04    4.68620E+02    2.70115E+03    7.16891E-02   -2.57918E-01    7.18853E-02    3.26600E+00    5.53593E+00    5.44357E+00
    7.51590E+02    2.14757E+04    4.99883E+02    2.73213E+03    7.47267E-02   -2.63791E-01    7.17002E-02    3.33943E+00    5.68728E+00    5.53593E+00
    7.60540E+02    2.18407E+04    3.65020E+02    2.79515E+03    5.33216E-02   -2.30005E-01    2.04796E-02    2.96412E+00    5.03439E+00    3.60576E+00
    7.69592E+02    2.22645E+04    4.23735E+02    2.82719E+03    6.04870E-02   -2.38668E-01    5.93680E-02    3.15333E+00    5.32586E+00    5.03439E+00
    7.78746E+02    2.27167E+04    4.52215E+02    2.85960E+03    6.30809E-02   -2.42451E-01    6.55634E-02    3.22501E+00    5.45691E+00    5.32586E+00
    7.88004E+02    2.31878E+04    4.71180E+02    2.89237E+03    6.42284E-02   -2.44288E-01    6.74661E-02    3.27067E+00    5.54490E+00    5.45691E+00
    7.97366E+02    2.36745E+04    4.86702E+02    2.92551E+03    6.48327E-02   -2.45296E-01    6.82845E-02    3.30714E+00    5.61655E+00    5.54490E+00
    8.06834E+02    2.41753E+04    5.00738E+02    2.95902E+03    6.51830E-02   -2.45891E-01    6.87067E-02    3.33951E+00    5.68068E+00    5.61655E+00
    8.16409E+02    2.46894E+04    5.14091E+02    2.99292E+03    6.53974E-02   -2.46259E-01    6.89479E-02    3.36982E+00    5.74100E+00    5.68068E+00
    8.26092E+02    2.52165E+04    5.27159E+02    3.02720E+03    6.55332E-02   -2.46494E-01    6.90939E-02    3.39908E+00    5.79934E+00    5.74100E+00
    8.35885E+02    2.57567E+04    5.40170E+02    3.06186E+03    6.56225E-02   -2.46649E-01    6.91850E-02    3.42783E+00    5.85674E+00    5.79934E+00
    8.45788E+02    2.63100E+04    5.53280E+02    3.09692E+03    6.56858E-02   -2.46762E-01    6.92427E-02    3.45644E+00    5.91391E+00    5.85674E+00
    8.55803E+02    2.68766E+04    5.66612E+02    3.13237E+03    6.57385E-02   -2.46858E-01    6.92800E-02    3.48518E+00    5.97139E+00    5.91391E+00
    8.65932E+02    2.74569E+04    5.80288E+02    3.16823E+03    6.57943E-02   -2.46964E-01    6.93054E-02    3.51431E+00    6.02970E+00    5.97139E+00
    8.76174E+02    2.80513E+04    5.94452E+02    3.20448E+03    6.58681E-02   -2.47107E-01    6.93254E-02    3.54413E+00    6.08942E+00    6.02970E+00
    8.86533E+02    2.86606E+04    6.09307E+02    3.24115E+03    6.59797E-02   -2.47327E-01    6.93455E-02    3.57504E+00    6.15139E+00    6.08942E+00
    8.97009E+02    2.92858E+04    6.25176E+02    3.27824E+03    6.61598E-02   -2.47684E-01    6.93707E-02    3.60767E+00    6.21689E+00    6.15139E+00
    9.07603E+02    2.99285E+04    6.42643E+02    3.31574E+03    6.64634E-02   -2.48287E-01    6.94049E-02    3.64316E+00    6.28828E+00    6.21689E+00
    9.18316E+02    3.05914E+04    6.62942E+02    3.35366E+03    6.70057E-02   -2.49365E-01    6.94473E-02    3.68388E+00    6.37050E+00    6.28828E+00
    9.29151E+02    3.12807E+04    6.89266E+02    3.39202E+03    6.80846E-02   -2.51513E-01    6.94676E-02    3.73590E+00    6.47629E+00    6.37050E+00
    9.40108E+02    3.20141E+04    7.33443E+02    3.43080E+03    7.08038E-02   -2.56928E-01    6.92237E-02    3.82127E+00    6.65229E+00    6.47629E+00
    9.51189E+02    3.25490E+04    5.34900E+02    3.50970E+03    5.04655E-02   -2.23789E-01    1.95949E-02    3.36794E+00    5.86168E+00    4.13657E+00
    9.62395E+02    3.31684E+04    6.19409E+02    3.54982E+03    5.71127E-02   -2.32035E-01    5.72067E-02    3.59234E+00    6.20718E+00    5.86168E+00
    9.73728E+02    3.38280E+04    6.59538E+02    3.59039E+03    5.94334E-02   -2.35482E-01    6.31018E-02    3.67570E+00    6.35936E+00    6.20718E+00
    9.85189E+02    3.45137E+04    6.85712E+02    3.63142E+03    6.03908E-02   -2.37031E-01    6.48635E-02    3.72781E+00    6.45965E+00    6.35936E+00
    9.96779E+02    3.52205E+04    7.06779E+02    3.67291E+03    6.08349E-02   -2.37768E-01    6.55841E-02    3.76879E+00    6.54010E+00    6.45965E+00
    1.00850E+03    3.59460E+04    7.25571E+02    3.71487E+03    6.10369E-02   -2.38098E-01    6.59241E-02    3.80473E+00    6.61125E+00    6.54010E+00
    1.02035E+03    3.66893E+04    7.43242E+02    3.75731E+03    6.11065E-02   -2.38199E-01    6.60893E-02    3.83803E+00    6.67746E+00    6.61125E+00
    1.03234E+03    3.74496E+04    7.60346E+02    3.80022E+03    6.10965E-02   -2.38158E-01    6.61612E-02    3.86986E+00    6.74088E+00    6.67746E+00
    1.04447E+03    3.82268E+04    7.77189E+02    3.84362E+03    6.10353E-02   -2.38025E-01    6.61781E-02    3.90082E+00    6.80266E+00    6.74088E+00
    1.05673E+03    3.90208E+04    7.93955E+02    3.88751E+03    6.09399E-02   -2.37829E-01    6.61601E-02    3.93130E+00    6.86352E+00    6.80266E+00
    1.06912E+03    3.98315E+04    8.10770E+02    3.93190E+03    6.08216E-02   -2.37592E-01    6.61186E-02    3.96153E+00    6.92393E+00    6.86352E+00
    1.08166E+03    4.06593E+04    8.27730E+02    3.97679E+03    6.06883E-02   -2.37327E-01    6.60610E-02    3.99170E+00    6.98424E+00    6.92393E+00
    1.09434E+03    4.15042E+04    8.44919E+02    4.02218E+03    6.05465E-02   -2.37048E-01    6.59923E-02    4.02196E+00    7.04474E+00    6.98424E+00
    1.10717E+03    4.23666E+04    8.62418E+02    4.06809E+03    6.04022E-02   -2.36764E-01    6.59162E-02    4.05245E+00    7.10573E+00    7.04474E+00
    1.12014E+03    4.32469E+04    8.80324E+02    4.11452E+03    6.02615E-02   -2.36489E-01    6.58355E-02    4.08333E+00    7.16753E+00    7.10573E+00
    1.13325E+03    4.41457E+04    8.98759E+02    4.16147E+03    6.01319E-02   -2.36238E-01    6.57530E-02    4.11480E+00    7.23055E+00    7.16753E+00
    1.14652E+03    4.50636E+04    9.17899E+02    4.20895E+03    6.00238E-02   -2.36032E-01    6.56715E-02    4.14715E+00    7.29535E+00    7.23055E+00
    1.15993E+03    4.60016E+04    9.38014E+02    4.25697E+03    5.99523E-02   -2.35902E-01    6.55938E-02    4.18080E+00    7.36283E+00    7.29535E+00
    1.17349E+03    4.69612E+04    9.59561E+02    4.30553E+03    5.99432E-02   -2.35902E-01    6.55230E-02    4.21648E+00    7.43447E+00    7.36283E+00
    1.18721E+03    4.79445E+04    9.83394E+02    4.35464E+03    6.00437E-02   -2.36132E-01    6.54620E-02    4.25553E+00    7.51305E+00    7.43447E+00
    1.20109E+03    4.89559E+04    1.01134E+03    4.40431E+03    6.03545E-02   -2.36804E-01    6.54090E-02    4.30079E+00    7.60450E+00    7.51305E+00
    1.21512E+03    5.00040E+04    1.04813E+03    4.45454E+03    6.11374E-02   -2.38472E-01    6.53354E-02    4.35960E+00    7.72416E+00    7.60450E+00
    1.22930E+03    5.11154E+04    1.11141E+03    4.50533E+03    6.33639E-02   -2.43180E-01    6.50168E-02    4.45860E+00    7.92836E+00    7.72416E+00
    1.24365E+03    5.19231E+04    8.07702E+02    4.60865E+03    4.50091E-02   -2.11368E-01    1.82395E-02    3.89876E+00    6.94869E+00    4.83568E+00
    1.25816E+03    5.28552E+04    9.32059E+02    4.66118E+03    5.07662E-02   -2.18859E-01    5.35429E-02    4.16722E+00    7.36094E+00    6.94869E+00
    1.27284E+03    5.38443E+04    9.89071E+02    4.71431E+03    5.26553E-02   -2.21764E-01    5.89570E-02    4.26361E+00    7.53629E+00    7.36094E+00
    1.28768E+03    5.48691E+04    1.02489E+03    4.76804E+03    5.33309E-02   -2.22868E-01    6.05037E-02    4.32178E+00    7.64791E+00    7.53629E+00
    1.30269E+03    5.59220E+04    1.05283E+03    4.82238E+03    5.35483E-02   -2.23199E-01    6.10785E-02    4.36620E+00    7.73491E+00    7.64791E+00
    1.31787E+03    5.69991E+04    1.07713E+03    4.87733E+03    5.35480E-02   -2.23138E-01    6.12971E-02    4.40423E+00    7.81008E+00    7.73491E+00
    1.33322E+03    5.80986E+04    1.09949E+03    4.93290E+03    5.34268E-02   -2.22852E-01    6.13511E-02    4.43880E+00    7.87872E+00    7.81008E+00
    1.34874E+03    5.92193E+04    1.12074E+03    4.98910E+03    5.32311E-02   -2.22422E-01    6.13162E-02    4.47128E+00    7.94335E+00    7.87872E+00
    1.36444E+03    6.03606E+04    1.14131E+03    5.04593E+03    5.29855E-02   -2.21893E-01    6.12277E-02    4.50238E+00    8.00535E+00    7.94335E+00
    1.38031E+03    6.15221E+04    1.16144E+03    5.10341E+03    5.27043E-02   -2.21293E-01    6.11038E-02    4.53254E+00    8.06551E+00    8.00535E+00
    1.39637E+03    6.27034E+04    1.18129E+03    5.16154E+03    5.23966E-02   -2.20638E-01    6.09551E-02    4.56200E+00    8.12431E+00    8.06551E+00
    1.41261E+03    6.39043E+04    1.20095E+03    5.22032E+03    5.20681E-02   -2.19939E-01    6.07880E-02    4.59093E+00    8.18208E+00    8.12431E+00
    1.42903E+03    6.51248E+04    1.22049E+03    5.27977E+03    5.17230E-02   -2.19203E-01    6.06064E-02    4.61945E+00    8.23902E+00    8.18208E+00
    1.44563E+03    6.63648E+04    1.23997E+03    5.33989E+03    5.13642E-02   -2.18436E-01    6.04133E-02    4.64761E+00    8.29529E+00    8.23902E+00
    1.46243E+03    6.76242E+04    1.25940E+03    5.40068E+03    5.09938E-02   -2.17643E-01    6.02104E-02    4.67550E+00    8.35100E+00    8.29529E+00
    1.47941E+03    6.89030E+04    1.27881E+03    5.46217E+03    5.06136E-02   -2.16826E-01    5.99992E-02    4.70314E+00    8.40623E+00    8.35100E+00
    1.49658E+03    7.02012E+04    1.29823E+03    5.52435E+03    5.02251E-02   -2.15989E-01    5.97809E-02    4.73057E+00    8.46104E+00    8.40623E+00
    1.51395E+03    7.15189E+04    1.31768E+03    5.58723E+03    4.98294E-02   -2.15134E-01    5.95561E-02    4.75782E+00    8.51551E+00    8.46104E+00
    1.53152E+03    7.28561E+04    1.33717E+03    5.65083E+03    4.94278E-02   -2.14262E-01    5.93257E-02    4.78493E+00    8.56968E+00    8.51551E+00
    1.54928E+03    7.42128E+04    1.35671E+03    5.71514E+03    4.90214E-02   -2.13377E-01    5.90903E-02    4.81192E+00    8.62363E+00    8.56968E+00
    1.56725E+03    7.55891E+04    1.37635E+03    5.78018E+03    4.86115E-02   -2.12481E-01    5.88504E-02    4.83883E+00    8.67743E+00    8.62363E+00
    1.58541E+03    7.69852E+04    1.39611E+03    5.84595E+03    4.81996E-02   -2.11577E-01    5.86067E-02    4.86572E+00    8.73117E+00    8.67743E+00
    1.60379E+03    7.84013E+04    1.41603E+03    5.91247E+03    4.77874E-02   -2.10669E-01    5.83597E-02    4.89263E+00    8.78499E+00    8.73117E+00
    1.62237E+03    7.98374E+04    1.43618E+03    5.97974E+03    4.73771E-02   -2.09763E-01    5.81103E-02    4.91967E+00    8.83908E+00    8.78499E+00
    1.64116E+03    8.12941E+04    1.45667E+03    6.04777E+03    4.69719E-02   -2.08864E-01    5.78592E-02    4.94697E+00    8.89368E+00    8.83908E+00
    1.66016E+03    8.27717E+04    1.47763E+03    6.11656E+03    4.65760E-02   -2.07984E-01    5.76077E-02    4.97470E+00    8.94920E+00    8.89368E+00
    1.67938E+03    8.42710E+04    1.49929E+03    6.18614E+03    4.61961E-02   -2.07138E-01    5.73570E-02    5.00317E+00    9.00624E+00    8.94920E+00
    1.69881E+03    8.57931E+04    1.52205E+03    6.25650E+03    4.58427E-02   -2.06352E-01    5.71091E-02    5.03288E+00    9.06581E+00    9.00624E+00
    1.71847E+03    8.73396E+04    1.54655E+03    6.32766E+03    4.55336E-02   -2.05669E-01    5.68659E-02    5.06466E+00    9.12967E+00    9.06581E+00
    1.73834E+03    8.89137E+04    1.57409E+03    6.39962E+03    4.53025E-02   -2.05172E-01    5.66295E-02    5.10013E+00    9.20114E+00    9.12967E+00
    1.75845E+03    9.05211E+04    1.60741E+03    6.47239E+03    4.52216E-02   -2.05039E-01    5.63979E-02    5.14273E+00    9.28738E+00    9.20114E+00
    1.77877E+03    9.21749E+04    1.65372E+03    6.54598E+03    4.54789E-02   -2.05734E-01    5.61469E-02    5.20138E+00    9.40707E+00    9.28738E+00
    1.79933E+03    9.39148E+04    1.73991E+03    6.62041E+03    4.67739E-02   -2.08980E-01    5.56884E-02    5.30864E+00    9.62897E+00    9.40707E+00
    1.82012E+03    9.51636E+04    1.24883E+03    6.77180E+03    3.28178E-02   -1.80494E-01    1.54811E-02    4.59048E+00    8.36407E+00    5.75571E+00
    1.84115E+03    9.65941E+04    1.43049E+03    6.84878E+03    3.67471E-02   -1.86239E-01    4.54131E-02    4.90727E+00    8.84496E+00    8.36407E+00
    1.86241E+03    9.81004E+04    1.50629E+03    6.92663E+03    3.78253E-02   -1.88001E-01    4.98091E-02    5.01070E+00    9.03057E+00    8.84496E+00
    1.88391E+03    9.96490E+04    1.54862E+03    7.00536E+03    3.80147E-02   -1.88207E-01    5.09219E-02    5.06635E+00    9.13609E+00    9.03057E+00
    1.90566E+03    1.01227E+05    1.57810E+03    7.08497E+03    3.78684E-02   -1.87739E-01    5.12097E-02    5.10442E+00    9.20993E+00    9.13609E+00
    1.92765E+03    1.02828E+05    1.60128E+03    7.16549E+03    3.75619E-02   -1.86926E-01    5.11937E-02    5.13398E+00    9.26788E+00    9.20993E+00
    1.94989E+03    1.04449E+05    1.62080E+03    7.24692E+03    3.71661E-02   -1.85907E-01    5.10356E-02    5.15860E+00    9.31644E+00    9.26788E+00
    1.97238E+03    1.06087E+05    1.63788E+03    7.32927E+03    3.67146E-02   -1.84754E-01    5.07993E-02    5.17996E+00    9.35871E+00    9.31644E+00
    1.99513E+03    1.07740E+05    1.65317E+03    7.41255E+03    3.62256E-02   -1.83504E-01    5.05145E-02    5.19894E+00    9.39633E+00    9.35871E+00
    2.01813E+03    1.09407E+05    1.66704E+03    7.49677E+03    3.57096E-02   -1.82181E-01    5.01966E-02    5.21603E+00    9.43023E+00    9.39633E+00
    2.04139E+03    1.11087E+05    1.67969E+03    7.58194E+03    3.51730E-02   -1.80797E-01    4.98544E-02    5.23151E+00    9.46095E+00    9.43023E+00
    2.06492E+03    1.12778E+05    1.69124E+03    7.66807E+03    3.46203E-02   -1.79362E-01    4.94932E-02    5.24556E+00    9.48885E+00    9.46095E+00
    2.08871E+03    1.14480E+05    1.70178E+03    7.75518E+03    3.40544E-02   -1.77882E-01    4.91162E-02    5.25829E+00    9.51412E+00    9.48885E+00
    2.11277E+03    1.16191E+05    1.71134E+03    7.84327E+03    3.34774E-02   -1.76361E-01    4.87258E-02    5.26976E+00    9.53688E+00    9.51412E+00
    2.13710E+03    1.17911E+05    1.71994E+03    7.93236E+03    3.28909E-02   -1.74802E-01    4.83234E-02    5.28001E+00    9.55720E+00    9.53688E+00
    2.16171E+03    1.19639E+05    1.72758E+03    8.02245E+03    3.22960E-02   -1.73207E-01    4.79101E-02    5.28905E+00    9.57510E+00    9.55720E+00
    2.18659E+03    1.21373E+05    1.73426E+03    8.11356E+03    3.16938E-02   -1.71578E-01    4.74866E-02    5.29687E+00    9.59058E+00    9.57510E+00
    2.21176E+03    1.23113E+05    1.73997E+03    8.20570E+03    3.10850E-02   -1.69915E-01    4.70534E-02    5.30348E+00    9.60362E+00    9.59058E+00
    2.23721E+03    1.24858E+05    1.74468E+03    8.29888E+03    3.04702E-02   -1.68219E-01    4.66109E-02    5.30885E+00    9.61419E+00    9.60362E+00
    2.26295E+03    1.26606E+05    1.74836E+03    8.39312E+03    2.98500E-02   -1.66491E-01    4.61594E-02    5.31295E+00    9.62222E+00    9.61419E+00
    2.28898E+03    1.28357E+05    1.75100E+03    8.48842E+03    2.92248E-02   -1.64731E-01    4.56990E-02    5.31576E+00    9.62766E+00    9.62222E+00
    2.31530E+03    1.30110E+05    1.75256E+03    8.58480E+03    2.85952E-02   -1.62940E-01    4.52300E-02    5.31725E+00    9.63045E+00    9.62766E+00
    2.34192E+03    1.31863E+05    1.75300E+03    8.68226E+03    2.79613E-02   -1.61117E-01    4.47522E-02    5.31736E+00    9.63049E+00    9.63045E+00
    2.36884E+03    1.33615E+05    1.75230E+03    8.78083E+03    2.73237E-02   -1.59262E-01    4.42659E-02    5.31607E+00    9.62772E+00    9.63049E+00
    2.39607E+03    1.35365E+05    1.75042E+03    8.88051E+03    2.66827E-02   -1.57375E-01    4.37710E-02    5.31333E+00    9.62204E+00    9.62772E+00
    2.42360E+03    1.37113E+05    1.74731E+03    8.98132E+03    2.60386E-02   -1.55456E-01    4.32675E-02    5.30909E+00    9.61336E+00    9.62204E+00
    2.45145E+03    1.38856E+05    1.74295E+03    9.08326E+03    2.53917E-02   -1.53505E-01    4.27553E-02    5.30330E+00    9.60157E+00    9.61336E+00
    2.47961E+03    1.40593E+05    1.73730E+03    9.18636E+03    2.47423E-02   -1.51521E-01    4.22344E-02    5.29591E+00    9.58657E+00    9.60157E+00
    2.50808E+03    1.42323E+05    1.73031E+03    9.29063E+03    2.40907E-02   -1.49504E-01    4.17048E-02    5.28686E+00    9.56826E+00    9.58657E+00
    2.53688E+03    1.44045E+05    1.72196E+03    9.39607E+03    2.34374E-02   -1.47454E-01    4.11663E-02    5.27610E+00    9.54651E+00    9.56826E+00
    2.56601E+03    1.45757E+05    1.71219E+03    9.50270E+03    2.27825E-02   -1.45371E-01    4.06190E-02    5.26357E+00    9.52121E+00    9.54651E+00
    2.59546E+03    1.47458E+05    1.70098E+03    9.61054E+03    2.21265E-02   -1.43253E-01    4.00626E-02    5.24921E+00    9.49224E+00    9.52121E+00
    2.62525E+03    1.49147E+05    1.68829E+03    9.71960E+03    2.14696E-02   -1.41101E-01    3.94971E-02    5.23294E+00    9.45947E+00    9.49224E+00
    2.65537E+03    1.50821E+05    1.67408E+03    9.82989E+03    2.08122E-02   -1.38915E-01    3.89223E-02    5.21472E+00    9.42276E+00    9.45947E+00
    2.68583E+03    1.52479E+05    1.65832E+03    9.94142E+03    2.01547E-02   -1.36693E-01    3.83383E-02    5.19446E+00    9.38198E+00    9.42276E+00
    2.71664E+03    1.54120E+05    1.64097E+03    1.00542E+04    1.94974E-02   -1.34435E-01    3.77447E-02    5.17211E+00    9.33700E+00    9.38198E+00
    2.74780E+03    1.55742E+05    1.62201E+03    1.01683E+04    1.88407E-02   -1.32141E-01    3.71416E-02    5.14758E+00    9.28767E+00    9.33700E+00
    2.77931E+03    1.57343E+05    1.60141E+03    1.02836E+04    1.81851E-02   -1.29810E-01    3.65288E-02    5.12081E+00    9.23384E+00    9.28767E+00
    2.81117E+03    1.58923E+05    1.57916E+03    1.04003E+04    1.75310E-02   -1.27443E-01    3.59062E-02    5.09173E+00    9.17537E+00    9.23384E+00
    2.84339E+03    1.60478E+05    1.55521E+03    1.05183E+04    1.68788E-02   -1.25038E-01    3.52736E-02    5.06025E+00    9.11212E+00    9.17537E+00
    2.87598E+03    1.62007E+05    1.52958E+03    1.06376E+04    1.62291E-02   -1.22596E-01    3.46309E-02    5.02632E+00    9.04394E+00    9.11212E+00
    2.90894E+03    1.63510E+05    1.50225E+03    1.07583E+04    1.55825E-02   -1.20117E-01    3.39781E-02    4.98986E+00    8.97071E+00    9.04394E+00
    2.94227E+03    1.64983E+05    1.47324E+03    1.08803E+04    1.49396E-02   -1.17600E-01    3.33151E-02    4.95082E+00    8.89230E+00    8.97071E+00
    2.97597E+03    1.66425E+05    1.44255E+03    1.10037E+04    1.43012E-02   -1.15046E-01    3.26417E-02    4.90915E+00    8.80862E+00    8.89230E+00
    3.01006E+03    1.67836E+05    1.41025E+03    1.11285E+04    1.36681E-02   -1.12458E-01    3.19581E-02    4.86482E+00    8.71963E+00    8.80862E+00
    3.04453E+03    1.69212E+05    1.37640E+03    1.12547E+04    1.30416E-02   -1.09837E-01    3.12643E-02    4.81785E+00    8.62536E+00    8.71963E+00
    3.07939E+03    1.70553E+05    1.34113E+03    1.13823E+04    1.24232E-02   -1.07188E-01    3.05605E-02    4.76832E+00    8.52599E+00    8.62536E+00
    3.11465E+03    1.71858E+05    1.30466E+03    1.15114E+04    1.18151E-02   -1.04519E-01    2.98469E-02    4.71645E+00    8.42196E+00    8.52599E+00
    3.15030E+03    1.73125E+05    1.26738E+03    1.16420E+04    1.12208E-02   -1.01846E-01    2.91240E-02    4.66268E+00    8.31423E+00    8.42196E+00
    3.18635E+03    1.74355E+05    1.23003E+03    1.17740E+04    1.06466E-02   -9.91993E-02    2.83919E-02    4.60804E+00    8.20488E+00    8.31423E+00
    3.22282E+03    1.75550E+05    1.19420E+03    1.19075E+04    1.01053E-02   -9.66480E-02    2.76493E-02    4.55484E+00    8.09878E+00    8.20488E+00
    3.25969E+03    1.76714E+05    1.16406E+03    1.20425E+04    9.63003E-03   -9.43780E-02    2.68854E-02    4.50948E+00    8.00927E+00    8.09878E+00
    3.29699E+03    1.77869E+05    1.15520E+03    1.21790E+04    9.34305E-03   -9.30907E-02    2.60225E-02    4.49592E+00    7.98699E+00    8.00927E+00
    3.33470E+03    1.78601E+05    7.31991E+02    1.24567E+04    5.78784E-03   -7.57394E-02    7.16818E-03    3.74290E+00    6.61536E+00    4.73268E+00
    3.37284E+03    1.79390E+05    7.89612E+02    1.25980E+04    6.10387E-03   -7.56535E-02    1.95042E-02    3.89177E+00    6.79340E+00    6.61536E+00
    3.41141E+03    1.80166E+05    7.76048E+02    1.27408E+04    5.86492E-03   -7.37258E-02    2.07229E-02    3.86693E+00    6.72658E+00    6.79340E+00
    3.45042E+03    1.80906E+05    7.39888E+02    1.28852E+04    5.46666E-03   -7.10383E-02    2.04993E-02    3.79897E+00    6.58551E+00    6.72658E+00
    3.48986E+03    1.81601E+05    6.94558E+02    1.30313E+04    5.01704E-03   -6.79785E-02    1.98989E-02    3.71154E+00    6.40818E+00    6.58551E+00
    3.52976E+03    1.82245E+05    6.44426E+02    1.31790E+04    4.55089E-03   -6.46859E-02    1.91472E-02    3.61153E+00    6.20656E+00    6.40818E+00
    3.57010E+03    1.82837E+05    5.91381E+02    1.33284E+04    4.08295E-03   -6.12173E-02    1.83137E-02    3.50143E+00    5.98505E+00    6.20656E+00
    3.61090E+03    1.83373E+05    5.36448E+02    1.34794E+04    3.62092E-03   -5.75959E-02    1.74251E-02    3.38208E+00    5.74520E+00    5.98505E+00
    3.65216E+03    1.83853E+05    4.80314E+02    1.36322E+04    3.16959E-03   -5.38291E-02    1.64929E-02    3.25365E+00    5.48717E+00    5.74520E+00
    3.69389E+03    1.84277E+05    4.23525E+02    1.37867E+04    2.73239E-03   -4.99145E-02    1.55218E-02    3.11582E+00    5.21031E+00    5.48717E+00
    3.73609E+03    1.84644E+05    3.66584E+02    1.39430E+04    2.31219E-03   -4.58427E-02    1.45134E-02    2.96797E+00    4.91334E+00    5.21031E+00
    3.77876E+03    1.84954E+05    3.10007E+02    1.41010E+04    1.91166E-03   -4.15968E-02    1.34671E-02    2.80914E+00    4.59428E+00    4.91334E+00
    3.82192E+03    1.85208E+05    2.54365E+02    1.42608E+04    1.53349E-03   -3.71512E-02    1.23807E-02    2.63797E+00    4.25034E+00    4.59428E+00
    3.86557E+03    1.85408E+05    2.00323E+02    1.44224E+04    1.18072E-03   -3.24675E-02    1.12508E-02    2.45247E+00    3.87749E+00    4.25034E+00
    3.90971E+03    1.85557E+05    1.48712E+02    1.45858E+04    8.56939E-04   -2.74861E-02    1.00725E-02    2.24973E+00    3.46975E+00    3.87749E+00
    3.95434E+03    1.85658E+05    1.00625E+02    1.47511E+04    5.66889E-04   -2.21075E-02    8.84004E-03    2.02501E+00    3.01738E+00    3.46975E+00
    3.99949E+03    1.85715E+05    5.76580E+01    1.49182E+04    3.17573E-04   -1.61424E-02    7.54962E-03    1.76960E+00    2.50239E+00    3.01738E+00
    4.04514E+03    1.85738E+05    2.26372E+01    1.50873E+04    1.21898E-04   -9.12187E-03    6.22008E-03    1.46274E+00    1.88151E+00    2.50239E+00
    4.09131E+03    1.85763E+05    2.48379E+01    1.50873E+04    1.30761E-04   -8.27544E-03    7.89168E-03    1.88151E+00    2.26571E+00    3.20056E+00
    4.13799E+03    1.85792E+05    2.90340E+01    1.50873E+04    1.49439E-04   -7.59461E-03    9.57921E-03    2.26571E+00    2.62229E+00    3.86683E+00
    4.18521E+03    1.85827E+05    3.50287E+01    1.50873E+04    1.76268E-04   -7.03715E-03    1.12582E-02    2.62229E+00    2.95643E+00    4.50404E+00
    4.23296E+03    1.85869E+05    4.26802E+01    1.50873E+04    2.09976E-04   -6.57284E-03    1.29141E-02    2.95643E+00    3.27205E+00    5.11496E+00
    4.28125E+03    1.85921E+05    5.18867E+01    1.50873E+04    2.49570E-04   -6.17985E-03    1.45389E-02    3.27205E+00    3.57216E+00    5.70216E+00
    4.33009E+03    1.85984E+05    6.25754E+01    1.50873E+04    2.94262E-04   -5.84227E-03    1.61285E-02    3.57216E+00    3.85907E+00    6.26796E+00
    4.37948E+03    1.86059E+05    7.46969E+01    1.50873E+04    3.43422E-04   -5.54838E-03    1.76815E-02    3.85907E+00    4.13463E+00    6.81445E+00
    4.42942E+03    1.86147E+05    8.82197E+01    1.50873E+04    3.96539E-04   -5.28944E-03    1.91979E-02    4.13463E+00    4.40030E+00    7.34347E+00
    4.47993E+03    1.86250E+05    1.03127E+02    1.50873E+04    4.53198E-04   -5.05886E-03    2.06786E-02    4.40030E+00    4.65726E+00    7.85664E+00
    4.53101E+03    1.86369E+05    1.19414E+02    1.50873E+04    5.13058E-04   -4.85161E-03    2.21251E-02    4.65726E+00    4.90648E+00    8.35536E+00
    4.58267E+03    1.86506E+05    1.37085E+02    1.50873E+04    5.75836E-04   -4.66379E-03    2.35390E-02    4.90648E+00    5.14876E+00    8.84091E+00
    4.63491E+03    1.86663E+05    1.56153E+02    1.50873E+04    6.41294E-04   -4.49237E-03    2.49221E-02    5.14876E+00    5.38477E+00    9.31437E+00
    4.68775E+03    1.86839E+05    1.76638E+02    1.50873E+04    7.09232E-04   -4.33492E-03    2.62762E-02    5.38477E+00    5.61508E+00    9.77671E+00
    4.74118E+03    1.87038E+05    1.98565E+02    1.50873E+04    7.79480E-04   -4.18953E-03    2.76030E-02    5.61508E+00    5.84018E+00    1.02288E+01
    4.79521E+03    1.87260E+05    2.21965E+02    1.50873E+04    8.51891E-04   -4.05462E-03    2.89042E-02    5.84018E+00    6.06049E+00    1.06714E+01
    4.84985E+03    1.87507E+05    2.46872E+02    1.50873E+04    9.26340E-04   -3.92891E-03    3.01812E-02    6.06049E+00    6.27639E+00    1.11051E+01
    4.90511E+03    1.87780E+05    2.73325E+02    1.50873E+04    1.00272E-03   -3.81134E-03    3.14355E-02    6.27639E+00    6.48819E+00    1.15307E+01
    4.96100E+03    1.88081E+05    3.01368E+02    1.50873E+04    1.08092E-03   -3.70103E-03    3.26684E-02    6.48819E+00    6.69619E+00    1.19486E+01
    5.01752E+03    1.88412E+05    3.31045E+02    1.50873E+04    1.16088E-03   -3.59722E-03    3.38812E-02    6.69619E+00    6.90063E+00    1.23593E+01
    5.07467E+03    1.88775E+05    3.62408E+02    1.50873E+04    1.24250E-03   -3.49929E-03    3.50750E-02    6.90063E+00    7.10176E+00    1.27632E+01
    5.13247E+03    1.89170E+05    3.95508E+02    1.50873E+04    1.32573E-03   -3.40668E-03    3.62509E-02    7.10176E+00    7.29978E+00    1.31609E+01
    5.19093E+03    1.89601E+05    4.30401E+02    1.50873E+04    1.41051E-03   -3.31893E-03    3.74098E-02    7.29978E+00    7.49488E+00    1.35526E+01
    5.25004E+03    1.90068E+05    4.67147E+02    1.50873E+04    1.49678E-03   -3.23562E-03    3.85527E-02    7.49488E+00    7.68723E+00    1.39388E+01
    5.30983E+03    1.90574E+05    5.05807E+02    1.50873E+04    1.58450E-03   -3.15642E-03    3.96804E-02    7.68723E+00    7.87699E+00    1.43196E+01
    5.37028E+03    1.91120E+05    5.46447E+02    1.50873E+04    1.67363E-03   -3.08099E-03    4.07938E-02    7.87699E+00    8.06431E+00    1.46955E+01
    5.43143E+03    1.91709E+05    5.89136E+02    1.50873E+04    1.76412E-03   -3.00907E-03    4.18935E-02    8.06431E+00    8.24932E+00    1.50666E+01
    5.49326E+03    1.92343E+05    6.33944E+02    1.50873E+04    1.85596E-03   -2.94041E-03    4.29804E-02    8.24932E+00    8.43216E+00    1.54333E+01
    5.55579E+03    1.93024E+05    6.80947E+02    1.50873E+04    1.94910E-03   -2.87479E-03    4.40549E-02    8.43216E+00    8.61293E+00    1.57957E+01
    5.61903E+03    1.93754E+05    7.30223E+02    1.50873E+04    2.04353E-03   -2.81201E-03    4.51179E-02    8.61293E+00    8.79176E+00    1.61542E+01
    5.68298E+03    1.94536E+05    7.81855E+02    1.50873E+04    2.13923E-03   -2.75191E-03    4.61698E-02    8.79176E+00    8.96874E+00    1.65088E+01
    5.74766E+03    1.95372E+05    8.35927E+02    1.50873E+04    2.23617E-03   -2.69431E-03    4.72113E-02    8.96874E+00    9.14397E+00    1.68599E+01
    5.81306E+03    1.96265E+05    8.92528E+02    1.50873E+04    2.33434E-03   -2.63908E-03    4.82429E-02    9.14397E+00    9.31756E+00    1.72075E+01
    5.87921E+03    1.97216E+05    9.51753E+02    1.50873E+04    2.43373E-03   -2.58609E-03    4.92650E-02    9.31756E+00    9.48957E+00    1.75520E+01
    5.94610E+03    1.98230E+05    1.01370E+03    1.50873E+04    2.53433E-03   -2.53522E-03    5.02783E-02    9.48957E+00    9.66012E+00    1.78933E+01
    6.01375E+03    1.99309E+05    1.07846E+03    1.50873E+04    2.63613E-03   -2.48636E-03    5.12831E-02    9.66012E+00    9.82926E+00    1.82318E+01
    6.08216E+03    2.00455E+05    1.14616E+03    1.50873E+04    2.73913E-03   -2.43940E-03    5.22798E-02    9.82926E+00    9.99708E+00    1.85676E+01
    6.15135E+03    2.01672E+05    1.21689E+03    1.50873E+04    2.84333E-03   -2.39426E-03    5.32691E-02    9.99708E+00    1.01637E+01    1.89007E+01
    6.22132E+03    2.02962E+05    1.29077E+03    1.50873E+04    2.94872E-03   -2.35086E-03    5.42512E-02    1.01637E+01    1.03291E+01    1.92315E+01
    6.29208E+03    2.04330E+05    1.36792E+03    1.50873E+04    3.05531E-03   -2.30911E-03    5.52266E-02    1.03291E+01    1.04934E+01    1.95599E+01
    6.36364E+03    2.05779E+05    1.44847E+03    1.50873E+04    3.16310E-03   -2.26895E-03    5.61956E-02    1.04934E+01    1.06567E+01    1.98862E+01
    6.43600E+03    2.07311E+05    1.53255E+03    1.50873E+04    3.27210E-03   -2.23030E-03    5.71587E-02    1.06567E+01    1.08190E+01    2.02105E+01
    6.50919E+03    2.08932E+05    1.62029E+03    1.50873E+04    3.38231E-03   -2.19311E-03    5.81163E-02    1.08190E+01    1.09804E+01    2.05328E+01
    6.58320E+03    2.10643E+05    1.71184E+03    1.50873E+04    3.49376E-03   -2.15732E-03    5.90687E-02    1.09804E+01    1.11409E+01    2.08534E+01
    6.65805E+03    2.12451E+05    1.80734E+03    1.50873E+04    3.60645E-03   -2.12286E-03    6.00162E-02    1.11409E+01    1.13007E+01    2.11723E+01
    6.73374E+03    2.14358E+05    1.90694E+03    1.50873E+04    3.72039E-03   -2.08970E-03    6.09592E-02    1.13007E+01    1.14598E+01    2.14897E+01
    6.81029E+03    2.16369E+05    2.01082E+03    1.50873E+04    3.83561E-03   -2.05779E-03    6.18981E-02    1.14598E+01    1.16182E+01    2.18057E+01
    6.88770E+03    2.18488E+05    2.11913E+03    1.50873E+04    3.95213E-03   -2.02708E-03    6.28333E-02    1.16182E+01    1.17760E+01    2.21204E+01
    6.96599E+03    2.20720E+05    2.23206E+03    1.50873E+04    4.06996E-03   -1.99753E-03    6.37649E-02    1.17760E+01    1.19333E+01    2.24340E+01
    7.04517E+03    2.23070E+05    2.34978E+03    1.50873E+04    4.18912E-03   -1.96909E-03    6.46935E-02    1.19333E+01    1.20900E+01    2.27464E+01
    7.12523E+03    2.25542E+05    2.47249E+03    1.50873E+04    4.30965E-03   -1.94174E-03    6.56192E-02    1.20900E+01    1.22464E+01    2.30580E+01
    7.20621E+03    2.28142E+05    2.60039E+03    1.50873E+04    4.43158E-03   -1.91544E-03    6.65425E-02    1.22464E+01    1.24023E+01    2.33686E+01
    7.28809E+03    2.30876E+05    2.73368E+03    1.50873E+04    4.55492E-03   -1.89016E-03    6.74637E-02    1.24023E+01    1.25580E+01    2.36786E+01
    7.37091E+03    2.33749E+05    2.87259E+03    1.50873E+04    4.67972E-03   -1.86586E-03    6.83830E-02    1.25580E+01    1.27134E+01    2.39879E+01
    7.45466E+03    2.36766E+05    3.01734E+03    1.50873E+04    4.80601E-03   -1.84251E-03    6.93009E-02    1.27134E+01    1.28686E+01    2.42967E+01
    7.53935E+03    2.39934E+05    3.16818E+03    1.50873E+04    4.93381E-03   -1.82010E-03    7.02175E-02    1.28686E+01    1.30236E+01    2.46051E+01
    7.62500E+03    2.43260E+05    3.32535E+03    1.50873E+04    5.06319E-03   -1.79858E-03    7.11333E-02    1.30236E+01    1.31785E+01    2.49132E+01
    7.71162E+03    2.46749E+05    3.48911E+03    1.50873E+04    5.19416E-03   -1.77793E-03    7.20486E-02    1.31785E+01    1.33334E+01    2.52211E+01
    7.79922E+03    2.50408E+05    3.65973E+03    1.50873E+04    5.32678E-03   -1.75814E-03    7.29636E-02    1.33334E+01    1.34882E+01    2.55289E+01
    7.88781E+03    2.54246E+05    3.83751E+03    1.50873E+04    5.46109E-03   -1.73918E-03    7.38787E-02    1.34882E+01    1.36432E+01    2.58367E+01
    7.97740E+03    2.58269E+05    4.02273E+03    1.50873E+04    5.59714E-03   -1.72102E-03    7.47943E-02    1.36432E+01    1.37982E+01    2.61447E+01
    8.06801E+03    2.62484E+05    4.21572E+03    1.50873E+04    5.73498E-03   -1.70364E-03    7.57105E-02    1.37982E+01    1.39535E+01    2.64529E+01
    8.15963E+03    2.66901E+05    4.41679E+03    1.50873E+04    5.87467E-03   -1.68703E-03    7.66278E-02    1.39535E+01    1.41089E+01    2.67614E+01
    8.25229E+03    2.71527E+05    4.62629E+03    1.50873E+04    6.01625E-03   -1.67117E-03    7.75465E-02    1.41089E+01    1.42646E+01    2.70704E+01
    8.34600E+03    2.76372E+05    4.84459E+03    1.50873E+04    6.15978E-03   -1.65603E-03    7.84668E-02    1.42646E+01    1.44207E+01    2.73800E+01
    8.44077E+03    2.81444E+05    5.07204E+03    1.50873E+04    6.30533E-03   -1.64161E-03    7.93892E-02    1.44207E+01    1.45771E+01    2.76902E+01
    8.53661E+03    2.86753E+05    5.30906E+03    1.50873E+04    6.45296E-03   -1.62788E-03    8.03138E-02    1.45771E+01    1.47340E+01    2.80012E+01
    8.63353E+03    2.92309E+05    5.55604E+03    1.50873E+04    6.60274E-03   -1.61482E-03    8.12412E-02    1.47340E+01    1.48914E+01    2.83131E+01
    8.73155E+03    2.98123E+05    5.81343E+03    1.50873E+04    6.75473E-03   -1.60243E-03    8.21715E-02    1.48914E+01    1.50494E+01    2.86260E+01
    8.83067E+03    3.04204E+05    6.08166E+03    1.50873E+04    6.90901E-03   -1.59069E-03    8.31052E-02    1.50494E+01    1.52079E+01    2.89400E+01
    8.93091E+03    3.10565E+05    6.36122E+03    1.50873E+04    7.06565E-03   -1.57957E-03    8.40425E-02    1.52079E+01    1.53671E+01    2.92552E+01
    9.03229E+03    3.17218E+05    6.65261E+03    1.50873E+04    7.22472E-03   -1.56908E-03    8.49839E-02    1.53671E+01    1.55271E+01    2.95718E+01
    9.13481E+03    3.24174E+05    6.95634E+03    1.50873E+04    7.38632E-03   -1.55920E-03    8.59296E-02    1.55271E+01    1.56879E+01    2.98898E+01
    9.23850E+03    3.31447E+05    7.27296E+03    1.50873E+04    7.55052E-03   -1.54991E-03    8.68799E-02    1.56879E+01    1.58495E+01    3.02094E+01
    9.34335E+03    3.39050E+05    7.60305E+03    1.50873E+04    7.71742E-03   -1.54120E-03    8.78353E-02    1.58495E+01    1.60120E+01    3.05307E+01
    9.44939E+03    3.46998E+05    7.94720E+03    1.50873E+04    7.88710E-03   -1.53306E-03    8.87961E-02    1.60120E+01    1.61754E+01    3.08538E+01
    9.55662E+03    3.55304E+05    8.30605E+03    1.50873E+04    8.05967E-03   -1.52549E-03    8.97627E-02    1.61754E+01    1.63399E+01    3.11788E+01
    9.66507E+03    3.63984E+05    8.68026E+03    1.50873E+04    8.23521E-03   -1.51846E-03    9.07354E-02    1.63399E+01    1.65055E+01    3.15059E+01
    9.77474E+03    3.73054E+05    9.07053E+03    1.50873E+04    8.41384E-03   -1.51197E-03    9.17145E-02    1.65055E+01    1.66723E+01    3.18352E+01
    9.88565E+03    3.82532E+05    9.47758E+03    1.50873E+04    8.59565E-03   -1.50602E-03    9.27005E-02    1.66723E+01    1.68403E+01    3.21667E+01
    9.99782E+03    3.92434E+05    9.90219E+03    1.50873E+04    8.78077E-03   -1.50059E-03    9.36938E-02    1.68403E+01    1.70095E+01    3.25007E+01
    1.01113E+04    4.02779E+05    1.03452E+04    1.50873E+04    8.96931E-03   -1.49567E-03    9.46946E-02    1.70095E+01    1.71801E+01    3.28373E+01
    1.02260E+04    4.13587E+05    1.08073E+04    1.50873E+04    9.16138E-03   -1.49125E-03    9.57035E-02    1.71801E+01    1.73522E+01    3.31765E+01
    1.03420E+04    4.24876E+05    1.12896E+04    1.50873E+04    9.35712E-03   -1.48734E-03    9.67208E-02    1.73522E+01    1.75257E+01    3.35186E+01
    1.04593E+04    4.36669E+05    1.17929E+04    1.50873E+04    9.55666E-03   -1.48391E-03    9.77469E-02    1.75257E+01    1.77008E+01    3.38636E+01
    1.05779E+04    4.48988E+05    1.23183E+04    1.50873E+04    9.76012E-03   -1.48097E-03    9.87822E-02    1.77008E+01    1.78775E+01    3.42117E+01
    1.06979E+04    4.61854E+05    1.28667E+04    1.50873E+04    9.96765E-03   -1.47850E-03    9.98272E-02    1.78775E+01    1.80559E+01    3.45631E+01
    1.08193E+04    4.75293E+05    1.34392E+04    1.50873E+04    1.01794E-02   -1.47651E-03    1.00882E-01    1.80559E+01    1.82360E+01    3.49178E+01
    1.09420E+04    4.89330E+05    1.40370E+04    1.50873E+04    1.03955E-02   -1.47498E-03    1.01948E-01    1.82360E+01    1.84181E+01    3.52761E+01
    1.10661E+04    5.03992E+05    1.46614E+04    1.50873E+04    1.06162E-02   -1.47391E-03    1.03024E-01    1.84181E+01    1.86020E+01    3.56380E+01
    1.11916E+04    5.19305E+05    1.53135E+04    1.50873E+04    1.08415E-02   -1.47330E-03    1.04112E-01    1.86020E+01    1.87879E+01    3.60038E+01
    1.13185E+04    5.35300E+05    1.59947E+04    1.50873E+04    1.10717E-02   -1.47314E-03    1.05212E-01    1.87879E+01    1.89760E+01    3.63736E+01
    1.14469E+04    5.52006E+05    1.67065E+04    1.50873E+04    1.13069E-02   -1.47344E-03    1.06324E-01    1.89760E+01    1.91662E+01    3.67475E+01
    1.15767E+04    5.69457E+05    1.74502E+04    1.50873E+04    1.15474E-02   -1.47417E-03    1.07449E-01    1.91662E+01    1.93586E+01    3.71257E+01
    1.17080E+04    5.87684E+05    1.82275E+04    1.50873E+04    1.17932E-02   -1.47535E-03    1.08587E-01    1.93586E+01    1.95534E+01    3.75083E+01
    1.18407E+04    6.06724E+05    1.90401E+04    1.50873E+04    1.20447E-02   -1.47697E-03    1.09739E-01    1.95534E+01    1.97505E+01    3.78956E+01
    1.19750E+04    6.26614E+05    1.98896E+04    1.50873E+04    1.23021E-02   -1.47903E-03    1.10905E-01    1.97505E+01    1.99502E+01    3.82877E+01
    1.21108E+04    6.47392E+05    2.07779E+04    1.50873E+04    1.25654E-02   -1.48153E-03    1.12086E-01    1.99502E+01    2.01525E+01    3.86848E+01
    1.22481E+04    6.69099E+05    2.17070E+04    1.50873E+04    1.28351E-02   -1.48447E-03    1.13282E-01    2.01525E+01    2.03575E+01    3.90871E+01
    1.23869E+04    6.91778E+05    2.26788E+04    1.50873E+04    1.31112E-02   -1.48784E-03    1.14495E-01    2.03575E+01    2.05653E+01    3.94947E+01
    1.25274E+04    7.15473E+05    2.36956E+04    1.50873E+04    1.33941E-02   -1.49165E-03    1.15723E-01    2.05653E+01    2.07759E+01    3.99078E+01
    1.26694E+04    7.40233E+05    2.47596E+04    1.50873E+04    1.36841E-02   -1.49590E-03    1.16969E-01    2.07759E+01    2.09895E+01    4.03267E+01
    1.28130E+04    7.66106E+05    2.58732E+04    1.50873E+04    1.39813E-02   -1.50059E-03    1.18233E-01    2.09895E+01    2.12063E+01    4.07516E+01
    1.29582E+04    7.93145E+05    2.70390E+04    1.50873E+04    1.42860E-02   -1.50573E-03    1.19515E-01    2.12063E+01    2.14262E+01    4.11826E+01
    1.31051E+04    8.21405E+05    2.82597E+04    1.50873E+04    1.45987E-02   -1.51130E-03    1.20816E-01    2.14262E+01    2.16494E+01    4.16199E+01
    1.32537E+04    8.50943E+05    2.95382E+04    1.50873E+04    1.49195E-02   -1.51733E-03    1.22136E-01    2.16494E+01    2.18761E+01    4.20638E+01
    1.34039E+04    8.81820E+05    3.08773E+04    1.50873E+04    1.52488E-02   -1.52382E-03    1.23477E-01    2.18761E+01    2.21063E+01    4.25146E+01
    1.35558E+04    9.14101E+05    3.22804E+04    1.50873E+04    1.55869E-02   -1.53076E-03    1.24838E-01    2.21063E+01    2.23402E+01    4.29724E+01
    1.37095E+04    9.47851E+05    3.37508E+04    1.50873E+04    1.59342E-02   -1.53817E-03    1.26221E-01    2.23402E+01    2.25778E+01    4.34374E+01
    1.38648E+04    9.83143E+05    3.52920E+04    1.50873E+04    1.62910E-02   -1.54605E-03    1.27627E-01    2.25778E+01    2.28194E+01    4.39100E+01
    1.40220E+04    1.02005E+06    3.69080E+04    1.50873E+04    1.66578E-02   -1.55441E-03    1.29056E-01    2.28194E+01    2.30650E+01    4.43904E+01
    1.41809E+04    1.05865E+06    3.86026E+04    1.50873E+04    1.70349E-02   -1.56325E-03    1.30509E-01    2.30650E+01    2.33148E+01    4.48788E+01
    1.43416E+04    1.09903E+06    4.03802E+04    1.50873E+04    1.74228E-02   -1.57260E-03    1.31986E-01    2.33148E+01    2.35689E+01    4.53756E+01
    1.45041E+04    1.14128E+06    4.22452E+04    1.50873E+04    1.78219E-02   -1.58244E-03    1.33489E-01    2.35689E+01    2.38276E+01    4.58810E+01
    1.46684E+04    1.18548E+06    4.42025E+04    1.50873E+04    1.82327E-02   -1.59281E-03    1.35019E-01    2.38276E+01    2.40908E+01    4.63953E+01
    1.48347E+04    1.23174E+06    4.62572E+04    1.50873E+04    1.86556E-02   -1.60371E-03    1.36576E-01    2.40908E+01    2.43589E+01    4.69188E+01
    1.50027E+04    1.28015E+06    4.84147E+04    1.50873E+04    1.90912E-02   -1.61515E-03    1.38161E-01    2.43589E+01    2.46319E+01    4.74519E+01
    1.51727E+04    1.33083E+06    5.06807E+04    1.50873E+04    1.95401E-02   -1.62714E-03    1.39776E-01    2.46319E+01    2.49100E+01    4.79948E+01
    1.53446E+04    1.38390E+06    5.30614E+04    1.50873E+04    2.00027E-02   -1.63971E-03    1.41421E-01    2.49100E+01    2.51935E+01    4.85479E+01
    1.55185E+04    1.43946E+06    5.55633E+04    1.50873E+04    2.04798E-02   -1.65287E-03    1.43098E-01    2.51935E+01    2.54825E+01    4.91116E+01
    1.56943E+04    1.49765E+06    5.81934E+04    1.50873E+04    2.09719E-02   -1.66663E-03    1.44807E-01    2.54825E+01    2.57771E+01    4.96863E+01
    1.58721E+04    1.55861E+06    6.09589E+04    1.50873E+04    2.14798E-02   -1.68102E-03    1.46550E-01    2.57771E+01    2.60777E+01    5.02722E+01
    1.60519E+04    1.62248E+06    6.38679E+04    1.50873E+04    2.20040E-02   -1.69606E-03    1.48328E-01    2.60777E+01    2.63844E+01    5.08700E+01
    1.62338E+04    1.68941E+06    6.69287E+04    1.50873E+04    2.25455E-02   -1.71176E-03    1.50142E-01    2.63844E+01    2.66974E+01    5.14798E+01
    1.64177E+04    1.75956E+06    7.01503E+04    1.50873E+04    2.31049E-02   -1.72815E-03    1.51993E-01    2.66974E+01    2.70170E+01    5.21023E+01
    1.66036E+04    1.83310E+06    7.35422E+04    1.50873E+04    2.36832E-02   -1.74527E-03    1.53883E-01    2.70170E+01    2.73434E+01    5.27378E+01
    1.67917E+04    1.91022E+06    7.71147E+04    1.50873E+04    2.42811E-02   -1.76312E-03    1.55814E-01    2.73434E+01    2.76769E+01    5.33869E+01
    1.69819E+04    1.99109E+06    8.08788E+04    1.50873E+04    2.48997E-02   -1.78175E-03    1.57786E-01    2.76769E+01    2.80177E+01    5.40501E+01
    1.71743E+04    2.07594E+06    8.48460E+04    1.50873E+04    2.55399E-02   -1.80118E-03    1.59802E-01    2.80177E+01    2.83661E+01    5.47278E+01
    1.73688E+04    2.16497E+06    8.90290E+04    1.50873E+04    2.62028E-02   -1.82144E-03    1.61863E-01    2.83661E+01    2.87224E+01    5.54206E+01
    1.75655E+04    2.25841E+06    9.34412E+04    1.50873E+04    2.68896E-02   -1.84258E-03    1.63970E-01    2.87224E+01    2.90869E+01    5.61292E+01
    1.77645E+04    2.35651E+06    9.80970E+04    1.50873E+04    2.76013E-02   -1.86462E-03    1.66126E-01    2.90869E+01    2.94600E+01    5.68540E+01
    1.79657E+04    2.45952E+06    1.03012E+05    1.50873E+04    2.83393E-02   -1.88761E-03    1.68332E-01    2.94600E+01    2.98419E+01    5.75959E+01
    1.81692E+04    2.56772E+06    1.08202E+05    1.50873E+04    2.91050E-02   -1.91159E-03    1.70591E-01    2.98419E+01    3.02330E+01    5.83553E+01
    1.83749E+04    2.68141E+06    1.13686E+05    1.50873E+04    2.98997E-02   -1.93661E-03    1.72904E-01    3.02330E+01    3.06337E+01    5.91331E+01
    1.85830E+04    2.80089E+06    1.19482E+05    1.50873E+04    3.07250E-02   -1.96271E-03    1.75274E-01    3.06337E+01    3.10445E+01    5.99300E+01
    1.87935E+04    2.92650E+06    1.25611E+05    1.50873E+04    3.15825E-02   -1.98994E-03    1.77704E-01    3.10445E+01    3.14656E+01    6.07467E+01
    1.90063E+04    3.05859E+06    1.32095E+05    1.50873E+04    3.24740E-02   -2.01837E-03    1.80194E-01    3.14656E+01    3.18976E+01    6.15842E+01
    1.92215E+04    3.19755E+06    1.38959E+05    1.50873E+04    3.34014E-02   -2.04806E-03    1.82749E-01    3.18976E+01    3.23408E+01    6.24431E+01
    1.94392E+04    3.34378E+06    1.46227E+05    1.50873E+04    3.43666E-02   -2.07906E-03    1.85371E-01    3.23408E+01    3.27959E+01    6.33246E+01
    1.96593E+04    3.49771E+06    1.53928E+05    1.50873E+04    3.53718E-02   -2.11145E-03    1.88062E-01    3.27959E+01    3.32633E+01    6.42295E+01
    1.98819E+04    3.65980E+06    1.62092E+05    1.50873E+04    3.64192E-02   -2.14531E-03    1.90826E-01    3.32633E+01    3.37435E+01    6.51589E+01
    2.01070E+04    3.83055E+06    1.70751E+05    1.50873E+04    3.75114E-02   -2.18071E-03    1.93666E-01    3.37435E+01    3.42372E+01    6.61139E+01
    2.03347E+04    4.01049E+06    1.79941E+05    1.50873E+04    3.86509E-02   -2.21775E-03    1.96586E-01    3.42372E+01    3.47450E+01    6.70956E+01
    2.05649E+04    4.20019E+06    1.89700E+05    1.50873E+04    3.98407E-02   -2.25653E-03    1.99589E-01    3.47450E+01    3.52674E+01    6.81052E+01
    2.07978E+04    4.40026E+06    2.00070E+05    1.50873E+04    4.10838E-02   -2.29715E-03    2.02678E-01    3.52674E+01    3.58053E+01    6.91441E+01
    2.10332E+04    4.61136E+06    2.11095E+05    1.50873E+04    4.23835E-02   -2.33972E-03    2.05859E-01    3.58053E+01    3.63593E+01    7.02137E+01
    2.12714E+04    4.83418E+06    2.22824E+05    1.50873E+04    4.37434E-02   -2.38438E-03    2.09136E-01    3.63593E+01    3.69303E+01    7.13153E+01
    2.15122E+04    5.06949E+06    2.35312E+05    1.50873E+04    4.51674E-02   -2.43126E-03    2.12512E-01    3.69303E+01    3.75191E+01    7.24507E+01
    2.17557E+04    5.31811E+06    2.48616E+05    1.50873E+04    4.66597E-02   -2.48052E-03    2.15994E-01    3.75191E+01    3.81267E+01    7.36215E+01
    2.20020E+04    5.58091E+06    2.62801E+05    1.50873E+04    4.82248E-02   -2.53232E-03    2.19587E-01    3.81267E+01    3.87539E+01    7.48295E+01
    2.22511E+04    5.85885E+06    2.77936E+05    1.50873E+04    4.98677E-02   -2.58684E-03    2.23296E-01    3.87539E+01    3.94018E+01    7.60766E+01
    2.25030E+04    6.15294E+06    2.94098E+05    1.50873E+04    5.15938E-02   -2.64429E-03    2.27127E-01    3.94018E+01    4.00716E+01    7.73650E+01
    2.27578E+04    6.46432E+06    3.11371E+05    1.50873E+04    5.34091E-02   -2.70490E-03    2.31088E-01    4.00716E+01    4.07646E+01    7.86969E+01
    2.30154E+04    6.79416E+06    3.29847E+05    1.50873E+04    5.53199E-02   -2.76890E-03    2.35186E-01    4.07646E+01    4.14819E+01    8.00746E+01
    2.32759E+04    7.14379E+06    3.49629E+05    1.50873E+04    5.73334E-02   -2.83658E-03    2.39427E-01    4.14819E+01    4.22251E+01    8.15009E+01
    2.35394E+04    7.51462E+06    3.70830E+05    1.50873E+04    5.94573E-02   -2.90824E-03    2.43821E-01    4.22251E+01    4.29956E+01    8.29786E+01
    2.38058E+04    7.90819E+06    3.93572E+05    1.50873E+04    6.17003E-02   -2.98421E-03    2.48378E-01    4.29956E+01    4.37952E+01    8.45107E+01
    2.40753E+04    8.32619E+06    4.17996E+05    1.50873E+04    6.40718E-02   -3.06487E-03    2.53105E-01    4.37952E+01    4.46258E+01    8.61005E+01
    2.43478E+04    8.77044E+06    4.44254E+05    1.50873E+04    6.65821E-02   -3.15063E-03    2.58016E-01    4.46258E+01    4.54892E+01    8.77518E+01
    2.46234E+04    9.24296E+06    4.72517E+05    1.50873E+04    6.92429E-02   -3.24196E-03    2.63121E-01    4.54892E+01    4.63876E+01    8.94684E+01
    2.49021E+04    9.74594E+06    5.02976E+05    1.50873E+04    7.20672E-02   -3.33936E-03    2.68432E-01    4.63876E+01    4.73235E+01    9.12548E+01
    2.51840E+04    1.02818E+07    5.35844E+05    1.50873E+04    7.50690E-02   -3.44340E-03    2.73966E-01    4.73235E+01    4.82995E+01    9.31155E+01
    2.54690E+04    1.08531E+07    5.71362E+05    1.50873E+04    7.82646E-02   -3.55474E-03    2.79736E-01    4.82995E+01    4.93184E+01    9.50559E+01
    2.57573E+04    1.14629E+07    6.09797E+05    1.50873E+04    8.16718E-02   -3.67407E-03    2.85759E-01    4.93184E+01    5.03835E+01    9.70816E+01
    2.60488E+04    1.21144E+07    6.51454E+05    1.50873E+04    8.53106E-02   -3.80221E-03    2.92055E-01    5.03835E+01    5.14981E+01    9.91990E+01
    2.63436E+04    1.28111E+07    6.96677E+05    1.50873E+04    8.92038E-02   -3.94004E-03    2.98644E-01    5.14981E+01    5.26662E+01    1.01415E+02
    2.66417E+04    1.35569E+07    7.45855E+05    1.50873E+04    9.33767E-02   -4.08857E-03    3.05549E-01    5.26662E+01    5.38920E+01    1.03737E+02
    2.69432E+04    1.43564E+07    7.99431E+05    1.50873E+04    9.78583E-02   -4.24894E-03    3.12794E-01    5.38920E+01    5.51803E+01    1.06174E+02
    2.72481E+04    1.52143E+07    8.57912E+05    1.50873E+04    1.02681E-01   -4.42243E-03    3.20409E-01    5.51803E+01    5.65363E+01    1.08735E+02
    2.75565E+04    1.61361E+07    9.21876E+05    1.50873E+04    1.07883E-01   -4.61049E-03    3.28424E-01    5.65363E+01    5.79660E+01    1.11431E+02
    2.78684E+04    1.71281E+07    9.91990E+05    1.50873E+04    1.13507E-01   -4.81476E-03    3.36873E-01    5.79660E+01    5.94759E+01    1.14273E+02
    2.81837E+04    1.81972E+07    1.06902E+06    1.50873E+04    1.19601E-01   -5.03714E-03    3.45797E-01    5.94759E+01    6.10734E+01    1.17274E+02
    2.85027E+04    1.93510E+07    1.15386E+06    1.50873E+04    1.26221E-01   -5.27976E-03    3.55237E-01    6.10734E+01    6.27668E+01    1.20450E+02
    2.88252E+04    2.05985E+07    1.24753E+06    1.50873E+04    1.33434E-01   -5.54510E-03    3.65244E-01    6.27668E+01    6.45653E+01    1.23815E+02
    2.91514E+04    2.19498E+07    1.35125E+06    1.50873E+04    1.41313E-01   -5.83602E-03    3.75871E-01    6.45653E+01    6.64796E+01    1.27390E+02
    2.94812E+04    2.34162E+07    1.46642E+06    1.50873E+04    1.49948E-01   -6.15581E-03    3.87182E-01    6.64796E+01    6.85216E+01    1.31195E+02
    2.98148E+04    2.50109E+07    1.59472E+06    1.50873E+04    1.59440E-01   -6.50835E-03    3.99247E-01    6.85216E+01    7.07050E+01    1.35254E+02
    3.01522E+04    2.67490E+07    1.73810E+06    1.50873E+04    1.69911E-01   -6.89816E-03    4.12145E-01    7.07050E+01    7.30453E+01    1.39593E+02
    3.04934E+04    2.86480E+07    1.89892E+06    1.50873E+04    1.81504E-01   -7.33056E-03    4.25970E-01    7.30453E+01    7.55603E+01    1.44244E+02
    3.08384E+04    3.07279E+07    2.07997E+06    1.50873E+04    1.94389E-01   -7.81191E-03    4.40826E-01    7.55603E+01    7.82708E+01    1.49242E+02
    3.11873E+04    3.30126E+07    2.28463E+06    1.50873E+04    2.08768E-01   -8.34977E-03    4.56835E-01    7.82708E+01    8.12007E+01    1.54629E+02
    3.15402E+04    3.55295E+07    2.51699E+06    1.50873E+04    2.24887E-01   -8.95327E-03    4.74138E-01    8.12007E+01    8.43778E+01    1.60450E+02
    3.18971E+04    3.83116E+07    2.78205E+06    1.50873E+04    2.43041E-01   -9.63350E-03    4.92898E-01    8.43778E+01    8.78350E+01    1.66763E+02
    3.22580E+04    4.13975E+07    3.08594E+06    1.50873E+04    2.63595E-01   -1.04040E-02    5.13310E-01    8.78350E+01    9.16109E+01    1.73632E+02
    3.26230E+04    4.48338E+07    3.43629E+06    1.50873E+04    2.86994E-01   -1.12817E-02    5.35599E-01    9.16109E+01    9.57515E+01    1.81134E+02
    3.29921E+04    4.86765E+07    3.84262E+06    1.50873E+04    3.13794E-01   -1.22876E-02    5.60038E-01    9.57515E+01    1.00312E+02    1.89359E+02
    3.33653E+04    5.29935E+07    4.31700E+06    1.50873E+04    3.44693E-01   -1.34484E-02    5.86952E-01    1.00312E+02    1.05360E+02    1.98418E+02
    3.37428E+04    5.78683E+07    4.87484E+06    1.50873E+04    3.80579E-01   -1.47983E-02    6.16733E-01    1.05360E+02    1.10978E+02    2.08444E+02
    3.41246E+04    6.34044E+07    5.53610E+06    1.50873E+04    4.22594E-01   -1.63818E-02    6.49866E-01    1.10978E+02    1.17267E+02    2.19600E+02
    3.45106E+04    6.97314E+07    6.32700E+06    1.50873E+04    4.72228E-01   -1.82582E-02    6.86946E-01    1.17267E+02    1.24355E+02    2.32086E+02
    3.49010E+04    7.70139E+07    7.28251E+06    1.50873E+04    5.31458E-01   -2.05072E-02    7.28723E-01    1.24355E+02    1.32407E+02    2.46158E+02
    3.52959E+04    8.54640E+07    8.45012E+06    1.50873E+04    6.02955E-01   -2.32393E-02    7.76154E-01    1.32407E+02    1.41634E+02    2.62137E+02
    3.56952E+04    9.53597E+07    9.89567E+06    1.50873E+04    6.90401E-01   -2.66110E-02    8.30478E-01    1.41634E+02    1.52320E+02    2.80444E+02
    3.60990E+04    1.07072E+08    1.17127E+07    1.50873E+04    7.99003E-01   -3.08509E-02    8.93337E-01    1.52320E+02    1.64848E+02    3.01637E+02
    3.65074E+04    1.21110E+08    1.40379E+07    1.50873E+04    9.36328E-01   -3.63056E-02    9.66959E-01    1.64848E+02    1.79757E+02    3.26470E+02
    3.69204E+04    1.38188E+08    1.70780E+07    1.50873E+04    1.11377E+00   -4.35241E-02    1.05446E+00    1.79757E+02    1.97833E+02    3.56004E+02
    3.73380E+04    1.59347E+08    2.11586E+07    1.50873E+04    1.34922E+00   -5.34242E-02    1.16033E+00    1.97833E+02    2.20272E+02    3.91777E+02
    3.77604E+04    1.86167E+08    2.68204E+07    1.50873E+04    1.67222E+00   -6.76517E-02    1.29137E+00    2.20272E+02    2.49007E+02    4.36118E+02
    3.81876E+04    2.21189E+08    3.50218E+07    1.50873E+04    2.13502E+00   -8.94407E-02    1.45843E+00    2.49007E+02    2.87426E+02    4.92776E+02
    3.86195E+04    2.68807E+08    4.76184E+07    1.50873E+04    2.83840E+00   -1.26008E-01    1.68004E+00    2.87426E+02    3.42165E+02    5.68236E+02
    3.90564E+04    3.37478E+08    6.86710E+07    1.50873E+04    4.00228E+00   -1.96751E-01    1.99087E+00    3.42165E+02    4.28600E+02    6.74929E+02
    3.94982E+04    4.46373E+08    1.08894E+08    1.50873E+04    6.20546E+00   -3.70974E-01    2.46330E+00    4.28600E+02    5.93415E+02    8.40328E+02
    3.99450E+04    6.55949E+08    2.09577E+08    1.50873E+04    1.16774E+01   -1.02484E+00    3.25993E+00    5.93415E+02    1.05387E+03    1.13830E+03
    4.03968E+04    1.59717E+09    9.41224E+08    1.50873E+04    5.12781E+01   -5.50876E+00    4.57511E+00    1.05387E+03    3.55691E+03    1.81858E+03
