 # rho, F_z,dF_z, z(rho), E2 (=>sigma2=e0^2*E2), Er, Ez, Ui,j , Ui+1,j , Ui,j-1
    2.50000E-01    3.40129E-01    3.40129E-01    0.00000E+00    2.72103E+00   -4.28140E-01    1.59302E+00    2.01058E+00    2.22465E+00    2.80709E+00
    7.31707E-01    9.57741E-01    6.17612E-01    5.00000E-01    1.82142E+00   -1.66856E-01    1.33924E+00    1.55503E+00    1.63235E+00    2.22465E+00
    1.19774E+00    1.92236E+00    9.64616E-01    5.00000E-01    1.71847E+00   -5.99156E-02    1.30953E+00    1.63235E+00    1.66043E+00    2.28712E+00
    1.66904E+00    3.31286E+00    1.39051E+00    5.00000E-01    1.75783E+00   -3.88285E-02    1.32526E+00    1.66043E+00    1.67884E+00    2.32306E+00
    2.14566E+00    5.18550E+00    1.87264E+00    5.00000E-01    1.82089E+00   -3.86592E-02    1.34885E+00    1.67884E+00    1.69736E+00    2.35326E+00
    2.62767E+00    7.60566E+00    2.42016E+00    5.00000E-01    1.90013E+00   -4.81656E-02    1.37761E+00    1.69736E+00    1.72071E+00    2.38617E+00
    3.11513E+00    1.06629E+01    3.05726E+00    5.00000E-01    2.00211E+00   -6.81868E-02    1.41331E+00    1.72071E+00    1.75414E+00    2.42737E+00
    3.60810E+00    1.44855E+01    3.82260E+00    5.00000E-01    2.13713E+00   -1.08880E-01    1.45783E+00    1.75414E+00    1.80811E+00    2.48305E+00
    4.10663E+00    1.92580E+01    4.77251E+00    5.00000E-01    2.31810E+00   -2.03273E-01    1.50890E+00    1.80811E+00    1.91002E+00    2.56256E+00
    4.61080E+00    2.53135E+01    6.05549E+00    5.00000E-01    2.59038E+00   -4.63802E-01    1.54119E+00    1.91002E+00    2.14517E+00    2.68062E+00
    5.12067E+00    3.07449E+01    5.43135E+00    9.63414E-01    2.06867E+00   -3.73178E-01    1.38903E+00    1.45065E+00    1.64199E+00    2.14517E+00
    5.63630E+00    3.68244E+01    6.07953E+00    9.63414E-01    2.08021E+00   -3.16431E-01    1.40715E+00    1.64199E+00    1.80607E+00    2.34557E+00
    6.15775E+00    4.48932E+01    8.06883E+00    9.63414E-01    2.49884E+00   -5.65881E-01    1.47602E+00    1.80607E+00    2.10281E+00    2.54408E+00
    6.68510E+00    5.21012E+01    7.20792E+00    1.43207E+00    2.03316E+00   -4.65702E-01    1.34770E+00    1.47827E+00    1.72523E+00    2.10281E+00
    7.21840E+00    6.10423E+01    8.94109E+00    1.43207E+00    2.30962E+00   -6.12657E-01    1.39078E+00    1.72523E+00    2.05380E+00    2.36974E+00
    7.75774E+00    6.86718E+01    7.62952E+00    1.90601E+00    1.81331E+00   -4.63372E-01    1.26436E+00    1.46126E+00    1.71258E+00    2.05380E+00
    8.30316E+00    7.86325E+01    9.96075E+00    1.90601E+00    2.18715E+00   -6.22537E-01    1.34149E+00    1.71258E+00    2.05403E+00    2.34127E+00
    8.85475E+00    8.73292E+01    8.69666E+00    2.38531E+00    1.77062E+00   -4.73131E-01    1.24369E+00    1.46459E+00    1.72703E+00    2.05403E+00
    9.41258E+00    9.90547E+01    1.17255E+01    2.38531E+00    2.22072E+00   -6.57704E-01    1.33722E+00    1.72703E+00    2.09597E+00    2.36080E+00
    9.97670E+00    1.09655E+02    1.06000E+01    2.87003E+00    1.87288E+00   -5.22911E-01    1.26469E+00    1.48980E+00    1.78645E+00    2.09597E+00
    1.05472E+01    1.24861E+02    1.52061E+01    2.87003E+00    2.51299E+00   -7.95223E-01    1.37135E+00    1.78645E+00    2.24267E+00    2.44374E+00
    1.11242E+01    1.41395E+02    1.65342E+01    3.36023E+00    2.56180E+00   -9.19194E-01    1.31030E+00    1.60755E+00    2.14085E+00    2.24267E+00
    1.17076E+01    1.56395E+02    1.49996E+01    3.85596E+00    2.18354E+00   -9.05389E-01    1.16783E+00    1.56839E+00    2.09962E+00    2.14085E+00
    1.22977E+01    1.71104E+02    1.47098E+01    4.35730E+00    2.01583E+00   -8.92317E-01    1.10436E+00    1.55216E+00    2.08163E+00    2.09962E+00
    1.28944E+01    1.86026E+02    1.49214E+01    4.86430E+00    1.92841E+00   -8.86663E-01    1.06876E+00    1.54583E+00    2.07790E+00    2.08163E+00
    1.34979E+01    2.01524E+02    1.54984E+01    5.37703E+00    1.89204E+00   -8.90517E-01    1.04834E+00    1.54639E+00    2.08681E+00    2.07790E+00
    1.41082E+01    2.18021E+02    1.64964E+01    5.89556E+00    1.90524E+00   -9.08562E-01    1.03911E+00    1.55402E+00    2.11162E+00    2.08681E+00
    1.47254E+01    2.36245E+02    1.82246E+01    6.41994E+00    1.99408E+00   -9.55288E-01    1.03995E+00    1.57238E+00    2.16528E+00    2.11162E+00
    1.53495E+01    2.58325E+02    2.20800E+01    6.95025E+00    2.29179E+00   -1.09478E+00    1.04558E+00    1.61700E+00    2.30415E+00    2.16528E+00
    1.59807E+01    2.72117E+02    1.37913E+01    8.02892E+00    1.35956E+00   -9.44814E-01    6.83291E-01    1.47233E+00    2.07206E+00    1.83878E+00
    1.66191E+01    2.93469E+02    2.13521E+01    8.57741E+00    2.00145E+00   -1.09575E+00    8.94861E-01    1.58672E+00    2.29012E+00    2.07206E+00
    1.72646E+01    3.10909E+02    1.74404E+01    9.69305E+00    1.55607E+00   -1.07384E+00    6.34774E-01    1.50664E+00    2.20376E+00    1.85874E+00
    1.79175E+01    3.27967E+02    1.70581E+01    1.08341E+01    1.45012E+00   -1.05730E+00    5.76398E-01    1.49247E+00    2.18661E+00    1.81945E+00
    1.85777E+01    3.46564E+02    1.85965E+01    1.20010E+01    1.50768E+00   -1.09976E+00    5.46079E-01    1.50438E+00    2.23456E+00    1.82121E+00
    1.92454E+01    3.62765E+02    1.62017E+01    1.38013E+01    1.25378E+00   -1.04397E+00    4.04859E-01    1.45395E+00    2.15491E+00    1.69690E+00
    1.99207E+01    3.75672E+02    1.29066E+01    1.62981E+01    9.54152E-01   -9.27606E-01    3.06104E-01    1.40048E+00    2.03035E+00    1.59261E+00
    2.06035E+01    3.86554E+02    1.08825E+01    1.89097E+01    7.69164E-01   -8.36061E-01    2.64888E-01    1.37113E+00    1.94526E+00    1.54504E+00
    2.12941E+01    3.98151E+02    1.15965E+01    2.09469E+01    7.84185E-01   -8.42667E-01    2.72208E-01    1.38680E+00    1.97200E+00    1.57163E+00
    2.19925E+01    4.08301E+02    1.01504E+01    2.37722E+01    6.57172E-01   -7.79076E-01    2.24081E-01    1.36113E+00    1.90828E+00    1.52028E+00
    2.26988E+01    4.17237E+02    8.93511E+00    2.67274E+01    5.54227E-01   -7.16996E-01    2.00358E-01    1.34258E+00    1.85182E+00    1.49142E+00
    2.34130E+01    4.26782E+02    9.54587E+00    2.90326E+01    5.67634E-01   -7.24089E-01    2.08156E-01    1.35774E+00    1.87783E+00    1.51768E+00
    2.41354E+01    4.34930E+02    8.14758E+00    3.22296E+01    4.64735E-01   -6.59430E-01    1.72877E-01    1.33123E+00    1.81023E+00    1.47017E+00
    2.48659E+01    4.43289E+02    8.35863E+00    3.47234E+01    4.57596E-01   -6.52367E-01    1.78920E-01    1.33947E+00    1.81870E+00    1.48820E+00
    2.56046E+01    4.51613E+02    8.32469E+00    3.73028E+01    4.37643E-01   -6.38877E-01    1.71697E-01    1.33994E+00    1.81456E+00    1.48755E+00
    2.63517E+01    4.59836E+02    8.22319E+00    3.99705E+01    4.15357E-01   -6.23524E-01    1.63019E-01    1.33872E+00    1.80717E+00    1.48368E+00
    2.71072E+01    4.67930E+02    8.09315E+00    4.27298E+01    3.92955E-01   -6.07588E-01    1.54245E-01    1.33683E+00    1.79847E+00    1.47869E+00
    2.78713E+01    4.75875E+02    7.94556E+00    4.55836E+01    3.71020E-01   -5.91433E-01    1.45693E-01    1.33453E+00    1.78897E+00    1.47312E+00
    2.86440E+01    4.83656E+02    7.78079E+00    4.85353E+01    3.49575E-01   -5.75049E-01    1.37451E-01    1.33183E+00    1.77867E+00    1.46706E+00
    2.94255E+01    4.91245E+02    7.58917E+00    5.15882E+01    3.28202E-01   -5.58052E-01    1.29537E-01    1.32852E+00    1.76706E+00    1.46034E+00
    3.02157E+01    4.98578E+02    7.33291E+00    5.47457E+01    3.05375E-01   -5.38976E-01    1.21980E-01    1.32385E+00    1.75218E+00    1.45223E+00
    3.10149E+01    5.05353E+02    6.77492E+00    5.80115E+01    2.71796E-01   -5.08319E-01    1.15790E-01    1.31310E+00    1.72163E+00    1.43914E+00
    3.18232E+01    5.13360E+02    8.00652E+00    6.02507E+01    3.09550E-01   -5.37911E-01    1.42130E-01    1.34478E+00    1.78198E+00    1.50302E+00
    3.26405E+01    5.20633E+02    7.27379E+00    6.37052E+01    2.71115E-01   -5.09248E-01    1.08544E-01    1.32370E+00    1.74228E+00    1.44869E+00
    3.34671E+01    5.27234E+02    6.60036E+00    6.72782E+01    2.37257E-01   -4.76519E-01    1.00928E-01    1.30971E+00    1.70581E+00    1.42991E+00
    3.43031E+01    5.34863E+02    7.62974E+00    6.97280E+01    2.64586E-01   -4.99253E-01    1.23824E-01    1.33720E+00    1.75690E+00    1.48802E+00
    3.51485E+01    5.41403E+02    6.53990E+00    7.35074E+01    2.18864E-01   -4.58196E-01    9.44506E-02    1.30872E+00    1.69825E+00    1.42770E+00
    3.60034E+01    5.48639E+02    7.23584E+00    7.60988E+01    2.33763E-01   -4.69508E-01    1.15435E-01    1.32914E+00    1.73280E+00    1.47787E+00
    3.68680E+01    5.56549E+02    7.90950E+00    7.87490E+01    2.46745E-01   -4.82952E-01    1.16203E-01    1.34311E+00    1.76302E+00    1.49623E+00
    3.77424E+01    5.63265E+02    6.71679E+00    8.28378E+01    2.02396E-01   -4.41758E-01    8.51245E-02    1.31206E+00    1.70049E+00    1.42807E+00
    3.86267E+01    5.70832E+02    7.56622E+00    8.56412E+01    2.20283E-01   -4.57877E-01    1.03110E-01    1.33485E+00    1.74201E+00    1.47857E+00
    3.95209E+01    5.77236E+02    6.40463E+00    8.99662E+01    1.80209E-01   -4.17453E-01    7.70877E-02    1.30487E+00    1.68027E+00    1.41600E+00
    4.04252E+01    5.84158E+02    6.92160E+00    9.29317E+01    1.88271E-01   -4.23473E-01    9.45631E-02    1.32103E+00    1.70614E+00    1.46045E+00
    4.13398E+01    5.91345E+02    7.18704E+00    9.59645E+01    1.89030E-01   -4.24181E-01    9.53980E-02    1.32698E+00    1.71710E+00    1.47083E+00
    4.22647E+01    5.98767E+02    7.42214E+00    9.90662E+01    1.88808E-01   -4.24241E-01    9.39569E-02    1.33161E+00    1.72620E+00    1.47651E+00
    4.32001E+01    6.06601E+02    7.83394E+00    1.02238E+02    1.92791E-01   -4.29492E-01    9.12532E-02    1.33941E+00    1.74339E+00    1.48333E+00
    4.41460E+01    6.13100E+02    6.49929E+00    1.07133E+02    1.54769E-01   -3.87972E-01    6.51710E-02    1.30562E+00    1.67467E+00    1.41193E+00
    4.51026E+01    6.20027E+02    6.92650E+00    1.10488E+02    1.59640E-01   -3.91489E-01    7.98521E-02    1.31920E+00    1.69581E+00    1.45242E+00
    4.60700E+01    6.27122E+02    7.09483E+00    1.13920E+02    1.58297E-01   -3.89720E-01    8.00979E-02    1.32296E+00    1.70211E+00    1.45963E+00
    4.70484E+01    6.34310E+02    7.18814E+00    1.17430E+02    1.55289E-01   -3.86152E-01    7.85903E-02    1.32463E+00    1.70455E+00    1.46178E+00
    4.80378E+01    6.41559E+02    7.24922E+00    1.21019E+02    1.51669E-01   -3.81831E-01    7.66446E-02    1.32549E+00    1.70540E+00    1.46228E+00
    4.90384E+01    6.48851E+02    7.29206E+00    1.24691E+02    1.47783E-01   -3.77126E-01    7.45577E-02    1.32593E+00    1.70540E+00    1.46202E+00
    5.00503E+01    6.56173E+02    7.32219E+00    1.28445E+02    1.43769E-01   -3.72186E-01    7.24286E-02    1.32608E+00    1.70481E+00    1.46129E+00
    5.10736E+01    6.63515E+02    7.34164E+00    1.32285E+02    1.39684E-01   -3.67072E-01    7.02983E-02    1.32601E+00    1.70375E+00    1.46022E+00
    5.21085E+01    6.70865E+02    7.35034E+00    1.36212E+02    1.35540E-01   -3.61789E-01    6.81858E-02    1.32571E+00    1.70223E+00    1.45885E+00
    5.31551E+01    6.78211E+02    7.34602E+00    1.40229E+02    1.31310E-01   -3.56287E-01    6.61007E-02    1.32514E+00    1.70012E+00    1.45714E+00
    5.42135E+01    6.85534E+02    7.32253E+00    1.44337E+02    1.26901E-01   -3.50426E-01    6.40498E-02    1.32418E+00    1.69716E+00    1.45500E+00
    5.52839E+01    6.92797E+02    7.26360E+00    1.48538E+02    1.22063E-01   -3.43820E-01    6.20524E-02    1.32249E+00    1.69258E+00    1.45210E+00
    5.63664E+01    6.99911E+02    7.11411E+00    1.52834E+02    1.15944E-01   -3.35137E-01    6.02301E-02    1.31893E+00    1.68374E+00    1.44759E+00
    5.74611E+01    7.06452E+02    6.54072E+00    1.57229E+02    1.03400E-01   -3.15914E-01    5.99864E-02    1.30654E+00    1.65431E+00    1.43759E+00
    5.85682E+01    7.15566E+02    9.11377E+00    1.59463E+02    1.39774E-01   -3.51396E-01    1.27652E-01    1.37227E+00    1.76347E+00    1.65431E+00
    5.96878E+01    7.23493E+02    7.92657E+00    1.64008E+02    1.17953E-01   -3.37904E-01    6.14356E-02    1.33519E+00    1.71563E+00    1.47402E+00
    6.08200E+01    7.31154E+02    7.66100E+00    1.68656E+02    1.10629E-01   -3.27833E-01    5.61627E-02    1.32842E+00    1.70169E+00    1.45822E+00
    6.19650E+01    7.38575E+02    7.42128E+00    1.73410E+02    1.04012E-01   -3.18001E-01    5.37279E-02    1.32291E+00    1.68908E+00    1.44990E+00
    6.31230E+01    7.45368E+02    6.79360E+00    1.78272E+02    9.24234E-02   -2.99320E-01    5.32068E-02    1.30960E+00    1.65815E+00    1.43822E+00
    6.42940E+01    7.54722E+02    9.35394E+00    1.80744E+02    1.23542E-01   -3.31644E-01    1.16422E-01    1.37354E+00    1.76410E+00    1.65815E+00
    6.54783E+01    7.62793E+02    8.07089E+00    1.85773E+02    1.03498E-01   -3.17118E-01    5.41689E-02    1.33547E+00    1.71314E+00    1.47091E+00
    6.66760E+01    7.70477E+02    7.68329E+00    1.90916E+02    9.56770E-02   -3.05327E-01    4.95186E-02    1.32645E+00    1.69419E+00    1.45307E+00
    6.78872E+01    7.77464E+02    6.98784E+00    1.96176E+02    8.45093E-02   -2.86615E-01    4.85938E-02    1.31187E+00    1.66097E+00    1.43895E+00
    6.91121E+01    7.86986E+02    9.52119E+00    1.98850E+02    1.11842E-01   -3.16352E-01    1.08462E-01    1.37412E+00    1.76380E+00    1.66097E+00
    7.03508E+01    7.95083E+02    8.09730E+00    2.04290E+02    9.23977E-02   -2.99943E-01    4.93152E-02    1.33404E+00    1.70768E+00    1.46743E+00
    7.16036E+01    8.02340E+02    7.25745E+00    2.09854E+02    8.04562E-02   -2.79855E-01    4.62328E-02    1.31624E+00    1.66879E+00    1.44413E+00
    7.28704E+01    8.12154E+02    9.81353E+00    2.12683E+02    1.05707E-01   -3.08026E-01    1.04052E-01    1.37771E+00    1.77014E+00    1.66879E+00
    7.41516E+01    8.20465E+02    8.31148E+00    2.18438E+02    8.69976E-02   -2.91285E-01    4.63723E-02    1.33675E+00    1.71204E+00    1.46942E+00
    7.54473E+01    8.27904E+02    7.43891E+00    2.24323E+02    7.56720E-02   -2.71644E-01    4.33759E-02    1.31858E+00    1.67252E+00    1.44550E+00
    7.67576E+01    8.37908E+02    1.00033E+01    2.27316E+02    9.89038E-02   -2.98474E-01    9.90812E-02    1.37932E+00    1.77261E+00    1.67252E+00
    7.80828E+01    8.46351E+02    8.44298E+00    2.33403E+02    8.11428E-02   -2.81529E-01    4.34099E-02    1.33784E+00    1.71300E+00    1.46922E+00
    7.94229E+01    8.53863E+02    7.51245E+00    2.39628E+02    7.01885E-02   -2.61801E-01    4.06018E-02    1.31873E+00    1.67154E+00    1.44440E+00
    8.07781E+01    8.63853E+02    9.98993E+00    2.42794E+02    9.07441E-02   -2.86190E-01    9.40166E-02    1.37725E+00    1.76728E+00    1.67154E+00
    8.21487E+01    8.71801E+02    7.94794E+00    2.49232E+02    7.01979E-02   -2.61639E-01    4.17457E-02    1.32723E+00    1.68783E+00    1.46087E+00
    8.35347E+01    8.82256E+02    1.04550E+01    2.52507E+02    8.97940E-02   -2.84640E-01    9.36709E-02    1.38457E+00    1.78131E+00    1.68783E+00
    8.49364E+01    8.90545E+02    8.28866E+00    2.59166E+02    6.92309E-02   -2.59944E-01    4.07423E-02    1.33298E+00    1.69940E+00    1.46788E+00
    8.63540E+01    9.01465E+02    1.09208E+01    2.62552E+02    8.87159E-02   -2.83309E-01    9.19332E-02    1.39156E+00    1.79542E+00    1.69940E+00
    8.77875E+01    9.10575E+02    9.10963E+00    2.69440E+02    7.19809E-02   -2.65527E-01    3.84237E-02    1.34710E+00    1.72988E+00    1.47868E+00
    8.92373E+01    9.18660E+02    8.08499E+00    2.76485E+02    6.21445E-02   -2.46718E-01    3.57043E-02    1.32701E+00    1.68670E+00    1.45206E+00
    9.07034E+01    9.29305E+02    1.06449E+01    2.80067E+02    7.95991E-02   -2.68954E-01    8.52207E-02    1.38485E+00    1.78139E+00    1.68670E+00
    9.21861E+01    9.37766E+02    8.46164E+00    2.87353E+02    6.15600E-02   -2.45409E-01    3.65321E-02    1.33403E+00    1.69995E+00    1.46637E+00
    9.36856E+01    9.48783E+02    1.10166E+01    2.91058E+02    7.79839E-02   -2.66158E-01    8.45198E-02    1.39032E+00    1.79165E+00    1.69995E+00
    9.52020E+01    9.57467E+02    8.68411E+00    2.98594E+02    5.98176E-02   -2.41976E-01    3.55677E-02    1.33742E+00    1.70642E+00    1.47069E+00
    9.67356E+01    9.68726E+02    1.12592E+01    3.02425E+02    7.54726E-02   -2.62003E-01    8.26268E-02    1.39334E+00    1.79739E+00    1.70642E+00
    9.82864E+01    9.77565E+02    8.83914E+00    3.10220E+02    5.76641E-02   -2.37651E-01    3.44438E-02    1.33947E+00    1.71011E+00    1.47294E+00
    9.98548E+01    9.88966E+02    1.14006E+01    3.14183E+02    7.23883E-02   -2.56725E-01    8.05032E-02    1.39462E+00    1.79953E+00    1.71011E+00
    1.01441E+02    9.97757E+02    8.79062E+00    3.22244E+02    5.43295E-02   -2.30666E-01    3.35054E-02    1.33781E+00    1.70573E+00    1.47210E+00
    1.03045E+02    1.00873E+03    1.09699E+01    3.26343E+02    6.59970E-02   -2.44507E-01    7.88236E-02    1.38623E+00    1.78064E+00    1.70573E+00
    1.04667E+02    1.02161E+03    1.28830E+01    3.30489E+02    7.54532E-02   -2.60053E-01    8.84637E-02    1.41802E+00    1.84224E+00    1.78064E+00
    1.06308E+02    1.03134E+03    9.72710E+00    3.38921E+02    5.54636E-02   -2.33163E-01    3.31464E-02    1.35356E+00    1.73821E+00    1.49252E+00
    1.07967E+02    1.04380E+03    1.24652E+01    3.43208E+02    6.92023E-02   -2.51367E-01    7.75673E-02    1.40935E+00    1.82872E+00    1.73821E+00
    1.09645E+02    1.05355E+03    9.74751E+00    3.51929E+02    5.26910E-02   -2.27399E-01    3.13172E-02    1.35287E+00    1.73654E+00    1.48866E+00
    1.11341E+02    1.06603E+03    1.24825E+01    3.56364E+02    6.57047E-02   -2.45171E-01    7.48068E-02    1.40851E+00    1.82684E+00    1.73654E+00
    1.13057E+02    1.07567E+03    9.63557E+00    3.65384E+02    4.93911E-02   -2.20166E-01    3.02969E-02    1.35018E+00    1.73009E+00    1.48605E+00
    1.14793E+02    1.08763E+03    1.19580E+01    3.69970E+02    5.96944E-02   -2.33168E-01    7.29869E-02    1.39907E+00    1.80596E+00    1.73009E+00
    1.16547E+02    1.10159E+03    1.39614E+01    3.74609E+02    6.78789E-02   -2.47357E-01    8.18123E-02    1.43072E+00    1.86725E+00    1.80596E+00
    1.18322E+02    1.11213E+03    1.05404E+01    3.84044E+02    4.99137E-02   -2.21407E-01    2.98770E-02    1.36465E+00    1.75980E+00    1.50480E+00
    1.20117E+02    1.12552E+03    1.33918E+01    3.88841E+02    6.17709E-02   -2.38004E-01    7.15905E-02    1.42019E+00    1.84976E+00    1.75980E+00
    1.21932E+02    1.13582E+03    1.03054E+01    3.98599E+02    4.63040E-02   -2.13303E-01    2.83866E-02    1.35982E+00    1.74916E+00    1.49754E+00
    1.23768E+02    1.14855E+03    1.27235E+01    4.03561E+02    5.56917E-02   -2.25567E-01    6.93618E-02    1.40884E+00    1.82522E+00    1.74916E+00
    1.25624E+02    1.16331E+03    1.47622E+01    4.08579E+02    6.29490E-02   -2.38579E-01    7.76472E-02    1.43993E+00    1.88531E+00    1.82522E+00
    1.27501E+02    1.17429E+03    1.09798E+01    4.18786E+02    4.56152E-02   -2.11725E-01    2.80656E-02    1.37010E+00    1.76981E+00    1.51252E+00
    1.29400E+02    1.18779E+03    1.35017E+01    4.23976E+02    5.46518E-02   -2.23587E-01    6.82698E-02    1.41944E+00    1.84631E+00    1.76981E+00
    1.31320E+02    1.20343E+03    1.56422E+01    4.29225E+02    6.16931E-02   -2.36415E-01    7.61637E-02    1.45102E+00    1.90748E+00    1.84631E+00
    1.33262E+02    1.21525E+03    1.18188E+01    4.39901E+02    4.54213E-02   -2.11403E-01    2.70198E-02    1.38234E+00    1.79513E+00    1.52576E+00
    1.35225E+02    1.23018E+03    1.49275E+01    4.45329E+02    5.59034E-02   -2.26944E-01    6.63323E-02    1.43906E+00    1.88719E+00    1.79513E+00
    1.37211E+02    1.24170E+03    1.15185E+01    4.56371E+02    4.20374E-02   -2.03425E-01    2.56069E-02    1.37679E+00    1.78303E+00    1.51737E+00
    1.39219E+02    1.25585E+03    1.41504E+01    4.61986E+02    5.03292E-02   -2.14973E-01    6.41557E-02    1.42683E+00    1.86098E+00    1.78303E+00
    1.41250E+02    1.27218E+03    1.63313E+01    4.67664E+02    5.66111E-02   -2.26857E-01    7.17421E-02    1.45816E+00    1.92148E+00    1.86098E+00
    1.43304E+02    1.28434E+03    1.21604E+01    4.79214E+02    4.10844E-02   -2.01111E-01    2.52750E-02    1.38601E+00    1.80139E+00    1.53115E+00
    1.45381E+02    1.29919E+03    1.48480E+01    4.85087E+02    4.88954E-02   -2.11967E-01    6.29720E-02    1.43570E+00    1.87845E+00    1.80139E+00
    1.47482E+02    1.31623E+03    1.70420E+01    4.91026E+02    5.47031E-02   -2.23115E-01    7.01617E-02    1.46639E+00    1.93770E+00    1.87845E+00
    1.49606E+02    1.32881E+03    1.25782E+01    5.03107E+02    3.93566E-02   -1.96863E-01    2.45239E-02    1.39142E+00    1.81197E+00    1.53872E+00
    1.51754E+02    1.34399E+03    1.51849E+01    5.09249E+02    4.63169E-02   -2.06278E-01    6.13710E-02    1.43918E+00    1.88482E+00    1.81197E+00
    1.53927E+02    1.36090E+03    1.69105E+01    5.15462E+02    5.02842E-02   -2.13478E-01    6.86390E-02    1.46318E+00    1.92959E+00    1.88482E+00
    1.56124E+02    1.37976E+03    1.88549E+01    5.21744E+02    5.46594E-02   -2.22741E-01    7.10325E-02    1.48831E+00    1.98046E+00    1.92959E+00
    1.58346E+02    1.39358E+03    1.38203E+01    5.34523E+02    3.90606E-02   -1.96177E-01    2.39839E-02    1.40842E+00    1.84677E+00    1.56081E+00
    1.60593E+02    1.41036E+03    1.67766E+01    5.41021E+02    4.62303E-02   -2.06387E-01    6.02878E-02    1.45941E+00    1.92578E+00    1.84677E+00
    1.62866E+02    1.42951E+03    1.91584E+01    5.47592E+02    5.14755E-02   -2.16771E-01    6.69757E-02    1.49058E+00    1.98595E+00    1.92578E+00
    1.65164E+02    1.44366E+03    1.41462E+01    5.60958E+02    3.70607E-02   -1.91137E-01    2.29663E-02    1.41205E+00    1.85378E+00    1.56468E+00
    1.67488E+02    1.46068E+03    1.70166E+01    5.67755E+02    4.34710E-02   -2.00153E-01    5.83926E-02    1.46134E+00    1.92914E+00    1.85378E+00
    1.69838E+02    1.47956E+03    1.88858E+01    5.74628E+02    4.70468E-02   -2.06861E-01    6.52336E-02    1.48577E+00    1.97470E+00    1.92914E+00
    1.72215E+02    1.50053E+03    2.09703E+01    5.81579E+02    5.09428E-02   -2.15394E-01    6.74420E-02    1.51115E+00    2.02600E+00    1.97470E+00
    1.74619E+02    1.51583E+03    1.52988E+01    5.95718E+02    3.62438E-02   -1.89051E-01    2.24435E-02    1.42686E+00    1.88385E+00    1.58462E+00
    1.77050E+02    1.53418E+03    1.83464E+01    6.02907E+02    4.23881E-02   -1.97771E-01    5.72247E-02    1.47703E+00    1.96051E+00    1.88385E+00
    1.79508E+02    1.55449E+03    2.03159E+01    6.10178E+02    4.57784E-02   -2.04222E-01    6.38115E-02    1.50174E+00    2.00663E+00    1.96051E+00
    1.81994E+02    1.57701E+03    2.25169E+01    6.17531E+02    4.94858E-02   -2.12469E-01    6.58978E-02    1.52751E+00    2.05872E+00    2.00663E+00
    1.84509E+02    1.59346E+03    1.64490E+01    6.32487E+02    3.52592E-02   -1.86513E-01    2.17252E-02    1.44094E+00    1.91253E+00    1.60249E+00
    1.87052E+02    1.61316E+03    1.97010E+01    6.40091E+02    4.11905E-02   -1.95113E-01    5.58705E-02    1.49239E+00    1.99129E+00    1.91253E+00
    1.89623E+02    1.63496E+03    2.17949E+01    6.47782E+02    4.44481E-02   -2.01419E-01    6.22788E-02    1.51767E+00    2.03852E+00    1.99129E+00
    1.92223E+02    1.65909E+03    2.41321E+01    6.55560E+02    4.80062E-02   -2.09457E-01    6.42969E-02    1.54402E+00    2.09178E+00    2.03852E+00
    1.94853E+02    1.67676E+03    1.76667E+01    6.71380E+02    3.42828E-02   -1.83960E-01    2.10128E-02    1.45536E+00    1.94188E+00    1.62064E+00
    1.97513E+02    1.69789E+03    2.11357E+01    6.79424E+02    4.00102E-02   -1.92450E-01    5.45289E-02    1.50813E+00    2.02284E+00    1.94188E+00
    2.00203E+02    1.72125E+03    2.33608E+01    6.87560E+02    4.31407E-02   -1.98615E-01    6.07685E-02    1.53400E+00    2.07121E+00    2.02284E+00
    2.02923E+02    1.74709E+03    2.58390E+01    6.95787E+02    4.65515E-02   -2.06439E-01    6.27242E-02    1.56093E+00    2.12561E+00    2.07121E+00
    2.05673E+02    1.76604E+03    1.89483E+01    7.12521E+02    3.33044E-02   -1.81360E-01    2.03239E-02    1.47005E+00    1.97173E+00    1.63914E+00
    2.08455E+02    1.78867E+03    2.26353E+01    7.21030E+02    3.88152E-02   -1.89695E-01    5.32076E-02    1.52403E+00    2.05470E+00    1.97173E+00
    2.11269E+02    1.81365E+03    2.49805E+01    7.29636E+02    4.17941E-02   -1.95654E-01    5.92745E-02    1.55032E+00    2.10385E+00    2.05470E+00
    2.14114E+02    1.84123E+03    2.75754E+01    7.38338E+02    4.50138E-02   -2.03158E-01    6.11607E-02    1.57754E+00    2.15879E+00    2.10385E+00
    2.16991E+02    1.86140E+03    2.01725E+01    7.56040E+02    3.21297E-02   -1.78164E-01    1.96755E-02    1.48356E+00    1.99906E+00    1.65672E+00
    2.19901E+02    1.88537E+03    2.39660E+01    7.65041E+02    3.72458E-02   -1.85894E-01    5.18578E-02    1.53751E+00    2.08145E+00    1.99906E+00
    2.22843E+02    1.91154E+03    2.61735E+01    7.74144E+02    3.96910E-02   -1.90669E-01    5.77601E-02    1.56155E+00    2.12578E+00    2.08145E+00
    2.25819E+02    1.93963E+03    2.80868E+01    7.83349E+02    4.15615E-02   -1.94889E-01    5.98302E-02    1.58116E+00    2.16439E+00    2.12578E+00
    2.28829E+02    1.97027E+03    3.06460E+01    7.92659E+02    4.42519E-02   -2.01438E-01    6.06183E-02    1.60636E+00    2.21600E+00    2.16439E+00
    2.31872E+02    1.99253E+03    2.22542E+01    8.11595E+02    3.13582E-02   -1.76039E-01    1.91933E-02    1.50601E+00    2.04480E+00    1.68671E+00
    2.34950E+02    2.01885E+03    2.63235E+01    8.21224E+02    3.61974E-02   -1.83348E-01    5.08045E-02    1.56108E+00    2.12858E+00    2.04480E+00
    2.38063E+02    2.04744E+03    2.85840E+01    8.30961E+02    3.83584E-02   -1.87526E-01    5.65027E-02    1.58453E+00    2.17152E+00    2.12858E+00
    2.41211E+02    2.07780E+03    3.03635E+01    8.40809E+02    3.97653E-02   -1.90640E-01    5.84948E-02    1.60192E+00    2.20540E+00    2.17152E+00
    2.44394E+02    2.11004E+03    3.22383E+01    8.50768E+02    4.12050E-02   -1.94079E-01    5.94841E-02    1.61963E+00    2.24094E+00    2.20540E+00
    2.47614E+02    2.14503E+03    3.49937E+01    8.60839E+02    4.36520E-02   -2.00174E-01    5.98536E-02    1.64486E+00    2.29293E+00    2.24094E+00
    2.50870E+02    2.17046E+03    2.54250E+01    8.81325E+02    3.09544E-02   -1.74942E-01    1.87013E-02    1.53843E+00    2.11120E+00    1.72890E+00
    2.54162E+02    2.20054E+03    3.00832E+01    8.91741E+02    3.57472E-02   -1.82360E-01    4.99192E-02    1.59702E+00    2.20083E+00    2.11120E+00
    2.57492E+02    2.23330E+03    3.27573E+01    9.02276E+02    3.79921E-02   -1.86852E-01    5.54844E-02    1.62286E+00    2.24854E+00    2.20083E+00
    2.60859E+02    2.26837E+03    3.50727E+01    9.12929E+02    3.97038E-02   -1.90815E-01    5.73898E-02    1.64397E+00    2.29013E+00    2.24854E+00
    2.64265E+02    2.30655E+03    3.81819E+01    9.23703E+02    4.21898E-02   -1.97015E-01    5.80937E-02    1.67123E+00    2.34593E+00    2.29013E+00
    2.67709E+02    2.33439E+03    2.78338E+01    9.45618E+02    3.00206E-02   -1.72320E-01    1.80685E-02    1.56154E+00    2.15834E+00    1.75841E+00
    2.71192E+02    2.36724E+03    3.28496E+01    9.56761E+02    3.45846E-02   -1.79480E-01    4.86969E-02    1.62176E+00    2.25038E+00    2.15834E+00
    2.74714E+02    2.40285E+03    3.56110E+01    9.68030E+02    3.65977E-02   -1.83489E-01    5.41237E-02    1.64727E+00    2.29719E+00    2.25038E+00
    2.78276E+02    2.44062E+03    3.77722E+01    9.79426E+02    3.78936E-02   -1.86434E-01    5.59998E-02    1.66612E+00    2.33394E+00    2.29719E+00
    2.81878E+02    2.48066E+03    4.00370E+01    9.90952E+02    3.92093E-02   -1.89656E-01    5.69217E-02    1.68523E+00    2.37226E+00    2.33394E+00
    2.85521E+02    2.52401E+03    4.33523E+01    1.00261E+03    4.14461E-02   -1.95366E-01    5.72567E-02    1.71236E+00    2.42807E+00    2.37226E+00
    2.89205E+02    2.55553E+03    3.15211E+01    1.02631E+03    2.94188E-02   -1.70613E-01    1.76044E-02    1.59538E+00    2.22747E+00    1.80288E+00
    2.92931E+02    2.59262E+03    3.70952E+01    1.03837E+03    3.37988E-02   -1.77532E-01    4.77609E-02    1.65814E+00    2.32331E+00    2.22747E+00
    2.96699E+02    2.63270E+03    4.00803E+01    1.05056E+03    3.56520E-02   -1.81218E-01    5.30293E-02    1.68403E+00    2.37068E+00    2.32331E+00
    3.00509E+02    2.67501E+03    4.23047E+01    1.06289E+03    3.67383E-02   -1.83664E-01    5.48259E-02    1.70228E+00    2.40605E+00    2.37068E+00
    3.04363E+02    2.71943E+03    4.44159E+01    1.07536E+03    3.76579E-02   -1.85884E-01    5.57225E-02    1.71904E+00    2.43938E+00    2.40605E+00
    3.08260E+02    2.76627E+03    4.68411E+01    1.08797E+03    3.87738E-02   -1.88701E-01    5.62653E-02    1.73784E+00    2.47735E+00    2.43938E+00
    3.12201E+02    2.81683E+03    5.05588E+01    1.10072E+03    4.08612E-02   -1.94107E-01    5.64235E-02    1.76589E+00    2.53518E+00    2.47735E+00
    3.16187E+02    2.85359E+03    3.67651E+01    1.12666E+03    2.90109E-02   -1.69459E-01    1.71662E-02    1.64034E+00    2.31954E+00    1.86172E+00
    3.20217E+02    2.89680E+03    4.32048E+01    1.13985E+03    3.32871E-02   -1.76303E-01    4.69511E-02    1.70722E+00    2.42183E+00    2.31954E+00
    3.24294E+02    2.94343E+03    4.66349E+01    1.15318E+03    3.50818E-02   -1.79910E-01    5.20984E-02    1.73471E+00    2.47218E+00    2.42183E+00
    3.28416E+02    2.99262E+03    4.91867E+01    1.16667E+03    3.61287E-02   -1.82291E-01    5.38393E-02    1.75407E+00    2.50975E+00    2.47218E+00
    3.32585E+02    3.04422E+03    5.16077E+01    1.18031E+03    3.70136E-02   -1.84448E-01    5.47030E-02    1.77187E+00    2.54513E+00    2.50975E+00
    3.36801E+02    3.09861E+03    5.43875E+01    1.19411E+03    3.80886E-02   -1.87187E-01    5.52233E-02    1.79182E+00    2.58543E+00    2.54513E+00
    3.41064E+02    3.15726E+03    5.86473E+01    1.20806E+03    4.01052E-02   -1.92456E-01    5.53701E-02    1.82158E+00    2.64675E+00    2.58543E+00
    3.45376E+02    3.19997E+03    4.27089E+01    1.23644E+03    2.85190E-02   -1.68048E-01    1.67035E-02    1.68761E+00    2.41627E+00    1.92328E+00
    3.49737E+02    3.25007E+03    5.01053E+01    1.25087E+03    3.26717E-02   -1.74778E-01    4.60890E-02    1.75866E+00    2.52506E+00    2.41627E+00
    3.54147E+02    3.30406E+03    5.39832E+01    1.26546E+03    3.43736E-02   -1.78215E-01    5.11184E-02    1.78745E+00    2.57775E+00    2.52506E+00
    3.58606E+02    3.36085E+03    5.67914E+01    1.28022E+03    3.53130E-02   -1.80346E-01    5.28035E-02    1.80721E+00    2.61601E+00    2.57775E+00
    3.63116E+02    3.42018E+03    5.93283E+01    1.29514E+03    3.60251E-02   -1.82068E-01    5.36323E-02    1.82453E+00    2.65027E+00    2.61601E+00
    3.67677E+02    3.48214E+03    6.19634E+01    1.31023E+03    3.67432E-02   -1.83877E-01    5.41513E-02    1.84210E+00    2.68548E+00    2.65027E+00
    3.72290E+02    3.54727E+03    6.51274E+01    1.32550E+03    3.77148E-02   -1.86396E-01    5.45094E-02    1.86277E+00    2.72736E+00    2.68548E+00
    3.76954E+02    3.61736E+03    7.00911E+01    1.34093E+03    3.96391E-02   -1.91470E-01    5.45730E-02    1.89439E+00    2.79254E+00    2.72736E+00
    3.81672E+02    3.66846E+03    5.11007E+01    1.37233E+03    2.82232E-02   -1.67204E-01    1.63049E-02    1.74918E+00    2.54238E+00    2.00371E+00
    3.86442E+02    3.72834E+03    5.98764E+01    1.38830E+03    3.22968E-02   -1.73889E-01    4.53821E-02    1.82594E+00    2.66017E+00    2.54238E+00
    3.91267E+02    3.79279E+03    6.44551E+01    1.40444E+03    3.39542E-02   -1.77266E-01    5.03103E-02    1.85696E+00    2.71699E+00    2.66017E+00
    3.96146E+02    3.86055E+03    6.77638E+01    1.42077E+03    3.48635E-02   -1.79345E-01    5.19499E-02    1.87823E+00    2.75819E+00    2.71699E+00
    4.01080E+02    3.93130E+03    7.07488E+01    1.43728E+03    3.55498E-02   -1.81017E-01    5.27517E-02    1.89686E+00    2.79505E+00    2.75819E+00
    4.06070E+02    4.00515E+03    7.38452E+01    1.45398E+03    3.62402E-02   -1.82769E-01    5.32510E-02    1.91575E+00    2.83288E+00    2.79505E+00
    4.11116E+02    4.08271E+03    7.75583E+01    1.47087E+03    3.71751E-02   -1.85210E-01    5.35929E-02    1.93793E+00    2.87782E+00    2.83288E+00
    4.16220E+02    4.16609E+03    8.33799E+01    1.48795E+03    3.90344E-02   -1.90148E-01    5.36472E-02    1.97184E+00    2.94769E+00    2.87782E+00
    4.21381E+02    4.22694E+03    6.08537E+01    1.52269E+03    2.78254E-02   -1.66051E-01    1.58937E-02    1.81474E+00    2.67655E+00    2.08924E+00
    4.26600E+02    4.29811E+03    7.11714E+01    1.54035E+03    3.17858E-02   -1.72612E-01    4.46181E-02    1.89721E+00    2.80320E+00    2.67655E+00
    4.31879E+02    4.37457E+03    7.64588E+01    1.55821E+03    3.33530E-02   -1.75810E-01    4.94338E-02    1.93000E+00    2.86320E+00    2.80320E+00
    4.37217E+02    4.45475E+03    8.01748E+01    1.57628E+03    3.41610E-02   -1.77647E-01    5.10141E-02    1.95190E+00    2.90551E+00    2.86320E+00
    4.42615E+02    4.53813E+03    8.33836E+01    1.59455E+03    3.47027E-02   -1.78949E-01    5.17690E-02    1.97027E+00    2.94172E+00    2.90551E+00
    4.48074E+02    4.62460E+03    8.64691E+01    1.61303E+03    3.51512E-02   -1.80065E-01    5.22269E-02    1.98755E+00    2.97610E+00    2.94172E+00
    4.53595E+02    4.71426E+03    8.96572E+01    1.63171E+03    3.56013E-02   -1.81216E-01    5.25561E-02    2.00507E+00    3.01118E+00    2.97610E+00
    4.59179E+02    4.80746E+03    9.32003E+01    1.65061E+03    3.61497E-02   -1.82646E-01    5.28220E-02    2.02421E+00    3.04972E+00    3.01118E+00
    4.64825E+02    4.90507E+03    9.76158E+01    1.66972E+03    3.69845E-02   -1.84857E-01    5.30314E-02    2.04763E+00    3.09729E+00    3.04972E+00
    4.70535E+02    5.00978E+03    1.04705E+02    1.68904E+03    3.87509E-02   -1.89582E-01    5.30068E-02    2.08435E+00    3.17300E+00    3.09729E+00
    4.76310E+02    5.08621E+03    7.64353E+01    1.72835E+03    2.76333E-02   -1.65503E-01    1.55539E-02    1.90944E+00    2.87056E+00    2.21342E+00
    4.82150E+02    5.17546E+03    8.92451E+01    1.74834E+03    3.15174E-02   -1.71987E-01    4.40215E-02    2.00048E+00    3.01054E+00    2.87056E+00
    4.88056E+02    5.27120E+03    9.57401E+01    1.76855E+03    3.30288E-02   -1.75081E-01    4.87383E-02    2.03635E+00    3.07620E+00    3.01054E+00
    4.94029E+02    5.37146E+03    1.00259E+02    1.78899E+03    3.37878E-02   -1.76808E-01    5.02667E-02    2.06011E+00    3.12208E+00    3.07620E+00
    5.00069E+02    5.47557E+03    1.04116E+02    1.80967E+03    3.42766E-02   -1.77981E-01    5.09849E-02    2.07983E+00    3.16093E+00    3.12208E+00
    5.06178E+02    5.58334E+03    1.07765E+02    1.83057E+03    3.46580E-02   -1.78927E-01    5.14108E-02    2.09809E+00    3.19722E+00    3.16093E+00
    5.12356E+02    5.69477E+03    1.11435E+02    1.85172E+03    3.50107E-02   -1.79824E-01    5.17095E-02    2.11613E+00    3.23325E+00    3.19722E+00
    5.18603E+02    5.81009E+03    1.15320E+02    1.87310E+03    3.53948E-02   -1.80821E-01    5.19479E-02    2.13490E+00    3.27090E+00    3.23325E+00
    5.24921E+02    5.92979E+03    1.19698E+02    1.89472E+03    3.58908E-02   -1.82128E-01    5.21549E-02    2.15572E+00    3.31286E+00    3.27090E+00
    5.31310E+02    6.05499E+03    1.25204E+02    1.91659E+03    3.66757E-02   -1.84223E-01    5.23226E-02    2.18145E+00    3.36513E+00    3.31286E+00
    5.37772E+02    6.18910E+03    1.34105E+02    1.93871E+03    3.83775E-02   -1.88800E-01    5.22707E-02    2.22207E+00    3.44886E+00    3.36513E+00
    5.44306E+02    6.28709E+03    9.79917E+01    1.98369E+03    2.73965E-02   -1.64819E-01    1.52016E-02    2.02573E+00    3.10880E+00    2.36571E+00
    5.50915E+02    6.40132E+03    1.14232E+02    2.00656E+03    3.12013E-02   -1.71226E-01    4.33940E-02    2.12732E+00    3.26521E+00    3.10880E+00
    5.57598E+02    6.52370E+03    1.22374E+02    2.02970E+03    3.26557E-02   -1.74214E-01    4.80136E-02    2.16698E+00    3.33781E+00    3.26521E+00
    5.64357E+02    6.65167E+03    1.27972E+02    2.05309E+03    3.33633E-02   -1.75823E-01    4.94918E-02    2.19296E+00    3.38797E+00    3.33781E+00
    5.71192E+02    6.78435E+03    1.32684E+02    2.07675E+03    3.37959E-02   -1.76858E-01    5.01728E-02    2.21426E+00    3.42987E+00    3.38797E+00
    5.78104E+02    6.92141E+03    1.37060E+02    2.10067E+03    3.41079E-02   -1.77626E-01    5.05645E-02    2.23363E+00    3.46832E+00    3.42987E+00
    5.85094E+02    7.06276E+03    1.41347E+02    2.12487E+03    3.43662E-02   -1.78277E-01    5.08274E-02    2.25228E+00    3.50550E+00    3.46832E+00
    5.92163E+02    7.20846E+03    1.45695E+02    2.14934E+03    3.46091E-02   -1.78900E-01    5.10267E-02    2.27089E+00    3.54270E+00    3.50550E+00
    5.99313E+02    7.35869E+03    1.50236E+02    2.17408E+03    3.48682E-02   -1.79575E-01    5.11943E-02    2.29004E+00    3.58107E+00    3.54270E+00
    6.06543E+02    7.51384E+03    1.55151E+02    2.19911E+03    3.51821E-02   -1.80404E-01    5.13478E-02    2.31046E+00    3.62210E+00    3.58107E+00
    6.13854E+02    7.67461E+03    1.60769E+02    2.22441E+03    3.56194E-02   -1.81570E-01    5.14947E-02    2.33346E+00    3.66850E+00    3.62210E+00
    6.21249E+02    7.84252E+03    1.67909E+02    2.25001E+03    3.63476E-02   -1.83530E-01    5.16168E-02    2.36220E+00    3.72690E+00    3.66850E+00
    6.28727E+02    8.02208E+03    1.79556E+02    2.27589E+03    3.79776E-02   -1.87941E-01    5.15328E-02    2.40799E+00    3.82129E+00    3.72690E+00
    6.36289E+02    8.15336E+03    1.31288E+02    2.32854E+03    2.71318E-02   -1.64046E-01    1.48523E-02    2.18252E+00    3.43007E+00    2.57128E+00
    6.43937E+02    8.30616E+03    1.52794E+02    2.35531E+03    3.08525E-02   -1.70366E-01    4.27534E-02    2.29834E+00    3.60859E+00    3.43007E+00
    6.51671E+02    8.46961E+03    1.63453E+02    2.38238E+03    3.22488E-02   -1.73246E-01    4.72717E-02    2.34311E+00    3.69057E+00    3.60859E+00
    6.59493E+02    8.64032E+03    1.70705E+02    2.40976E+03    3.29082E-02   -1.74748E-01    4.86974E-02    2.37220E+00    3.74669E+00    3.69057E+00
    6.67403E+02    8.81707E+03    1.76749E+02    2.43745E+03    3.32933E-02   -1.75667E-01    4.93405E-02    2.39582E+00    3.79316E+00    3.74669E+00
    6.75402E+02    8.99937E+03    1.82303E+02    2.46545E+03    3.35536E-02   -1.76306E-01    4.96986E-02    2.41710E+00    3.83536E+00    3.79316E+00
    6.83492E+02    9.18704E+03    1.87671E+02    2.49376E+03    3.37515E-02   -1.76801E-01    4.99283E-02    2.43733E+00    3.87565E+00    3.83536E+00
    6.91673E+02    9.38006E+03    1.93018E+02    2.52240E+03    3.39192E-02   -1.77228E-01    5.00925E-02    2.45717E+00    3.91526E+00    3.87565E+00
    6.99947E+02    9.57851E+03    1.98456E+02    2.55136E+03    3.40774E-02   -1.77638E-01    5.02213E-02    2.47705E+00    3.95503E+00    3.91526E+00
    7.08314E+02    9.78260E+03    2.04090E+02    2.58065E+03    3.42440E-02   -1.78075E-01    5.03316E-02    2.49738E+00    3.99573E+00    3.95503E+00
    7.16776E+02    9.99266E+03    2.10055E+02    2.61027E+03    3.44396E-02   -1.78594E-01    5.04343E-02    2.51861E+00    4.03831E+00    3.99573E+00
    7.25333E+02    1.02092E+04    2.16567E+02    2.64022E+03    3.46963E-02   -1.79283E-01    5.05365E-02    2.54146E+00    4.08426E+00    4.03831E+00
    7.33987E+02    1.04333E+04    2.24062E+02    2.67052E+03    3.50775E-02   -1.80314E-01    5.06401E-02    2.56740E+00    4.13661E+00    4.08426E+00
    7.42739E+02    1.06669E+04    2.33651E+02    2.70115E+03    3.57438E-02   -1.82129E-01    5.07244E-02    2.60005E+00    4.20296E+00    4.13661E+00
    7.51590E+02    1.09164E+04    2.49424E+02    2.73213E+03    3.72860E-02   -1.86345E-01    5.06112E-02    2.65250E+00    4.31106E+00    4.20296E+00
    7.60540E+02    1.10988E+04    1.82406E+02    2.79515E+03    2.66455E-02   -1.62593E-01    1.44570E-02    2.38841E+00    3.85191E+00    2.84136E+00
    7.69592E+02    1.13106E+04    2.11882E+02    2.82719E+03    3.02456E-02   -1.68777E-01    4.19518E-02    2.52267E+00    4.05900E+00    3.85191E+00
    7.78746E+02    1.15369E+04    2.26282E+02    2.85960E+03    3.15648E-02   -1.71513E-01    4.63466E-02    2.57392E+00    4.15281E+00    4.05900E+00
    7.88004E+02    1.17729E+04    2.35943E+02    2.89237E+03    3.21624E-02   -1.72876E-01    4.77086E-02    2.60681E+00    4.21622E+00    4.15281E+00
    7.97366E+02    1.20168E+04    2.43896E+02    2.92551E+03    3.24889E-02   -1.73654E-01    4.83047E-02    2.63322E+00    4.26813E+00    4.21622E+00
    8.06834E+02    1.22679E+04    2.51117E+02    2.95902E+03    3.26890E-02   -1.74141E-01    4.86212E-02    2.65675E+00    4.31478E+00    4.26813E+00
    8.16409E+02    1.25259E+04    2.58009E+02    2.99292E+03    3.28213E-02   -1.74467E-01    4.88101E-02    2.67886E+00    4.35877E+00    4.31478E+00
    8.26092E+02    1.27907E+04    2.64770E+02    3.02720E+03    3.29147E-02   -1.74701E-01    4.89319E-02    2.70023E+00    4.40140E+00    4.35877E+00
    8.35885E+02    1.30622E+04    2.71515E+02    3.06186E+03    3.29850E-02   -1.74879E-01    4.90150E-02    2.72127E+00    4.44341E+00    4.40140E+00
    8.45788E+02    1.33405E+04    2.78322E+02    3.09692E+03    3.30426E-02   -1.75026E-01    4.90747E-02    2.74223E+00    4.48530E+00    4.44341E+00
    8.55803E+02    1.36258E+04    2.85252E+02    3.13237E+03    3.30951E-02   -1.75164E-01    4.91201E-02    2.76331E+00    4.52746E+00    4.48530E+00
    8.65932E+02    1.39181E+04    2.92369E+02    3.16823E+03    3.31494E-02   -1.75308E-01    4.91573E-02    2.78469E+00    4.57024E+00    4.52746E+00
    8.76174E+02    1.42179E+04    2.99745E+02    3.20448E+03    3.32131E-02   -1.75480E-01    4.91909E-02    2.80658E+00    4.61408E+00    4.57024E+00
    8.86533E+02    1.45254E+04    3.07483E+02    3.24115E+03    3.32962E-02   -1.75707E-01    4.92246E-02    2.82926E+00    4.65956E+00    4.61408E+00
    8.97009E+02    1.48411E+04    3.15747E+02    3.27824E+03    3.34142E-02   -1.76032E-01    4.92621E-02    2.85319E+00    4.70760E+00    4.65956E+00
    9.07603E+02    1.51659E+04    3.24834E+02    3.31574E+03    3.35950E-02   -1.76533E-01    4.93063E-02    2.87918E+00    4.75987E+00    4.70760E+00
    9.18316E+02    1.55013E+04    3.35371E+02    3.35366E+03    3.38971E-02   -1.77373E-01    4.93564E-02    2.90892E+00    4.81990E+00    4.75987E+00
    9.29151E+02    1.58503E+04    3.48980E+02    3.39202E+03    3.44717E-02   -1.78976E-01    4.93907E-02    2.94673E+00    4.89678E+00    4.81990E+00
    9.40108E+02    1.62219E+04    3.71664E+02    3.43080E+03    3.58790E-02   -1.82906E-01    4.92371E-02    3.00833E+00    5.02373E+00    4.89678E+00
    9.51189E+02    1.64935E+04    2.71516E+02    3.50970E+03    2.56164E-02   -1.59443E-01    1.39386E-02    2.68702E+00    4.46374E+00    3.23378E+00
    9.62395E+02    1.68081E+04    3.14640E+02    3.54982E+03    2.90114E-02   -1.65383E-01    4.07405E-02    2.84760E+00    4.71133E+00    4.46374E+00
    9.73728E+02    1.71434E+04    3.35287E+02    3.59039E+03    3.02140E-02   -1.67907E-01    4.49572E-02    2.90776E+00    4.82132E+00    4.71133E+00
    9.85189E+02    1.74923E+04    3.48874E+02    3.63142E+03    3.07254E-02   -1.69080E-01    4.62309E-02    2.94570E+00    4.89440E+00    4.82132E+00
    9.96779E+02    1.78522E+04    3.59885E+02    3.67291E+03    3.09766E-02   -1.69676E-01    4.67633E-02    2.97574E+00    4.95339E+00    4.89440E+00
    1.00850E+03    1.82219E+04    3.69758E+02    3.71487E+03    3.11049E-02   -1.69981E-01    4.70248E-02    3.00220E+00    5.00581E+00    4.95339E+00
    1.02035E+03    1.86010E+04    3.79075E+02    3.75731E+03    3.11661E-02   -1.70123E-01    4.71620E-02    3.02682E+00    5.05476E+00    5.00581E+00
    1.03234E+03    1.89891E+04    3.88121E+02    3.80022E+03    3.11869E-02   -1.70164E-01    4.72328E-02    3.05040E+00    5.10175E+00    5.05476E+00
    1.04447E+03    1.93862E+04    3.97048E+02    3.84362E+03    3.11815E-02   -1.70140E-01    4.72644E-02    3.07338E+00    5.14762E+00    5.10175E+00
    1.05673E+03    1.97921E+04    4.05952E+02    3.88751E+03    3.11588E-02   -1.70071E-01    4.72711E-02    3.09604E+00    5.19287E+00    5.14762E+00
    1.06912E+03    2.02070E+04    4.14897E+02    3.93190E+03    3.11244E-02   -1.69973E-01    4.72611E-02    3.11854E+00    5.23783E+00    5.19287E+00
    1.08166E+03    2.06309E+04    4.23931E+02    3.97679E+03    3.10822E-02   -1.69855E-01    4.72397E-02    3.14102E+00    5.28277E+00    5.23783E+00
    1.09434E+03    2.10640E+04    4.33098E+02    4.02218E+03    3.10357E-02   -1.69726E-01    4.72104E-02    3.16358E+00    5.32789E+00    5.28277E+00
    1.10717E+03    2.15065E+04    4.42441E+02    4.06809E+03    3.09877E-02   -1.69594E-01    4.71757E-02    3.18633E+00    5.37340E+00    5.32789E+00
    1.12014E+03    2.19585E+04    4.52008E+02    4.11452E+03    3.09416E-02   -1.69469E-01    4.71377E-02    3.20938E+00    5.41953E+00    5.37340E+00
    1.13325E+03    2.24203E+04    4.61864E+02    4.16147E+03    3.09012E-02   -1.69360E-01    4.70985E-02    3.23288E+00    5.46657E+00    5.41953E+00
    1.14652E+03    2.28924E+04    4.72099E+02    4.20895E+03    3.08717E-02   -1.69284E-01    4.70599E-02    3.25702E+00    5.51494E+00    5.46657E+00
    1.15993E+03    2.33753E+04    4.82853E+02    4.25697E+03    3.08611E-02   -1.69263E-01    4.70241E-02    3.28212E+00    5.56527E+00    5.51494E+00
    1.17349E+03    2.38697E+04    4.94364E+02    4.30553E+03    3.08827E-02   -1.69335E-01    4.69932E-02    3.30870E+00    5.61863E+00    5.56527E+00
    1.18721E+03    2.43767E+04    5.07075E+02    4.35464E+03    3.09608E-02   -1.69572E-01    4.69693E-02    3.33772E+00    5.67702E+00    5.61863E+00
    1.20109E+03    2.48987E+04    5.21929E+02    4.40431E+03    3.11477E-02   -1.70127E-01    4.69512E-02    3.37124E+00    5.74472E+00    5.67702E+00
    1.21512E+03    2.54400E+04    5.41384E+02    4.45454E+03    3.15788E-02   -1.71399E-01    4.69181E-02    3.41452E+00    5.83276E+00    5.74472E+00
    1.22930E+03    2.60146E+04    5.74568E+02    4.50533E+03    3.27575E-02   -1.74859E-01    4.67086E-02    3.48675E+00    5.98170E+00    5.83276E+00
    1.24365E+03    2.64329E+04    4.18284E+02    4.60865E+03    2.33088E-02   -1.52109E-01    1.31046E-02    3.08598E+00    5.28084E+00    3.75914E+00
    1.25816E+03    2.69159E+04    4.83037E+02    4.66118E+03    2.63094E-02   -1.57563E-01    3.85149E-02    3.28005E+00    5.57930E+00    5.28084E+00
    1.27284E+03    2.74289E+04    5.12988E+02    4.71431E+03    2.73100E-02   -1.59718E-01    4.24270E-02    3.35037E+00    5.70741E+00    5.57930E+00
    1.28768E+03    2.79609E+04    5.31996E+02    4.76804E+03    2.76827E-02   -1.60578E-01    4.35577E-02    3.39323E+00    5.78974E+00    5.70741E+00
    1.30269E+03    2.85079E+04    5.46942E+02    4.82238E+03    2.78182E-02   -1.60882E-01    4.39893E-02    3.42622E+00    5.85440E+00    5.78974E+00
    1.31787E+03    2.90679E+04    5.60019E+02    4.87733E+03    2.78407E-02   -1.60904E-01    4.41647E-02    3.45463E+00    5.91058E+00    5.85440E+00
    1.33322E+03    2.96400E+04    5.72114E+02    4.93290E+03    2.78004E-02   -1.60763E-01    4.42217E-02    3.48057E+00    5.96210E+00    5.91058E+00
    1.34874E+03    3.02236E+04    5.83648E+02    4.98910E+03    2.77211E-02   -1.60519E-01    4.42146E-02    3.50502E+00    6.01077E+00    5.96210E+00
    1.36444E+03    3.08185E+04    5.94843E+02    5.04593E+03    2.76157E-02   -1.60203E-01    4.41688E-02    3.52850E+00    6.05757E+00    6.01077E+00
    1.38031E+03    3.14243E+04    6.05829E+02    5.10341E+03    2.74916E-02   -1.59834E-01    4.40975E-02    3.55131E+00    6.10309E+00    6.05757E+00
    1.39637E+03    3.20410E+04    6.16684E+02    5.16154E+03    2.73534E-02   -1.59426E-01    4.40081E-02    3.57364E+00    6.14765E+00    6.10309E+00
    1.41261E+03    3.26685E+04    6.27459E+02    5.22032E+03    2.72040E-02   -1.58985E-01    4.39053E-02    3.59560E+00    6.19150E+00    6.14765E+00
    1.42903E+03    3.33066E+04    6.38189E+02    5.27977E+03    2.70456E-02   -1.58518E-01    4.37921E-02    3.61727E+00    6.23479E+00    6.19150E+00
    1.44563E+03    3.39555E+04    6.48897E+02    5.33989E+03    2.68798E-02   -1.58028E-01    4.36702E-02    3.63871E+00    6.27762E+00    6.23479E+00
    1.46243E+03    3.46151E+04    6.59599E+02    5.40068E+03    2.67076E-02   -1.57517E-01    4.35413E-02    3.65996E+00    6.32007E+00    6.27762E+00
    1.47941E+03    3.52855E+04    6.70309E+02    5.46217E+03    2.65299E-02   -1.56990E-01    4.34062E-02    3.68104E+00    6.36220E+00    6.32007E+00
    1.49658E+03    3.59665E+04    6.81038E+02    5.52435E+03    2.63475E-02   -1.56447E-01    4.32657E-02    3.70199E+00    6.40407E+00    6.36220E+00
    1.51395E+03    3.66583E+04    6.91795E+02    5.58723E+03    2.61609E-02   -1.55890E-01    4.31205E-02    3.72283E+00    6.44571E+00    6.40407E+00
    1.53152E+03    3.73609E+04    7.02589E+02    5.65083E+03    2.59709E-02   -1.55320E-01    4.29710E-02    3.74357E+00    6.48716E+00    6.44571E+00
    1.54928E+03    3.80743E+04    7.13432E+02    5.71514E+03    2.57781E-02   -1.54741E-01    4.28177E-02    3.76424E+00    6.52848E+00    6.48716E+00
    1.56725E+03    3.87986E+04    7.24336E+02    5.78018E+03    2.55830E-02   -1.54153E-01    4.26610E-02    3.78487E+00    6.56972E+00    6.52848E+00
    1.58541E+03    3.95340E+04    7.35319E+02    5.84595E+03    2.53864E-02   -1.53558E-01    4.25013E-02    3.80549E+00    6.61095E+00    6.56972E+00
    1.60379E+03    4.02804E+04    7.46406E+02    5.91247E+03    2.51893E-02   -1.52960E-01    4.23391E-02    3.82615E+00    6.65226E+00    6.61095E+00
    1.62237E+03    4.10380E+04    7.57632E+02    5.97974E+03    2.49929E-02   -1.52362E-01    4.21749E-02    3.84691E+00    6.69379E+00    6.65226E+00
    1.64116E+03    4.18070E+04    7.69047E+02    6.04777E+03    2.47988E-02   -1.51770E-01    4.20094E-02    3.86787E+00    6.73572E+00    6.69379E+00
    1.66016E+03    4.25878E+04    7.80730E+02    6.11656E+03    2.46093E-02   -1.51190E-01    4.18434E-02    3.88916E+00    6.77834E+00    6.73572E+00
    1.67938E+03    4.33806E+04    7.92804E+02    6.18614E+03    2.44278E-02   -1.50635E-01    4.16779E-02    3.91101E+00    6.82211E+00    6.77834E+00
    1.69881E+03    4.41861E+04    8.05471E+02    6.25650E+03    2.42601E-02   -1.50122E-01    4.15141E-02    3.93377E+00    6.86775E+00    6.82211E+00
    1.71847E+03    4.50051E+04    8.19086E+02    6.32766E+03    2.41155E-02   -1.49684E-01    4.13537E-02    3.95806E+00    6.91653E+00    6.86775E+00
    1.73834E+03    4.58395E+04    8.34328E+02    6.39962E+03    2.40120E-02   -1.49381E-01    4.11979E-02    3.98504E+00    6.97090E+00    6.91653E+00
    1.75845E+03    4.66921E+04    8.52661E+02    6.47239E+03    2.39881E-02   -1.49343E-01    4.10456E-02    4.01725E+00    7.03606E+00    6.97090E+00
    1.77877E+03    4.75701E+04    8.77923E+02    6.54598E+03    2.41437E-02   -1.49909E-01    4.08788E-02    4.06117E+00    7.12567E+00    7.03606E+00
    1.79933E+03    4.84945E+04    9.24420E+02    6.62041E+03    2.48511E-02   -1.52335E-01    4.05606E-02    4.14058E+00    7.28987E+00    7.12567E+00
    1.82012E+03    4.91590E+04    6.64561E+02    6.77180E+03    1.74639E-02   -1.31669E-01    1.12766E-02    3.61914E+00    6.37195E+00    4.46791E+00
    1.84115E+03    4.99208E+04    7.61739E+02    6.84878E+03    1.95680E-02   -1.35909E-01    3.31154E-02    3.85123E+00    6.72480E+00    6.37195E+00
    1.86241E+03    5.07235E+04    8.02687E+02    6.92663E+03    2.01567E-02   -1.37246E-01    3.63349E-02    3.92777E+00    6.86239E+00    6.72480E+00
    1.88391E+03    5.15493E+04    8.25849E+02    7.00536E+03    2.02725E-02   -1.37447E-01    3.71604E-02    3.96950E+00    6.94162E+00    6.86239E+00
    1.90566E+03    5.23915E+04    8.42195E+02    7.08497E+03    2.02095E-02   -1.37157E-01    3.73843E-02    3.99841E+00    6.99776E+00    6.94162E+00
    1.92765E+03    5.32467E+04    8.55202E+02    7.16549E+03    2.00608E-02   -1.36613E-01    3.73865E-02    4.02112E+00    7.04235E+00    6.99776E+00
    1.94989E+03    5.41130E+04    8.66268E+02    7.24692E+03    1.98642E-02   -1.35919E-01    3.72849E-02    4.04024E+00    7.08010E+00    7.04235E+00
    1.97238E+03    5.49890E+04    8.76048E+02    7.32927E+03    1.96374E-02   -1.35126E-01    3.71261E-02    4.05700E+00    7.11327E+00    7.08010E+00
    1.99513E+03    5.58739E+04    8.84885E+02    7.41255E+03    1.93903E-02   -1.34262E-01    3.69317E-02    4.07202E+00    7.14306E+00    7.11327E+00
    2.01813E+03    5.67669E+04    8.92968E+02    7.49677E+03    1.91282E-02   -1.33343E-01    3.67129E-02    4.08566E+00    7.17015E+00    7.14306E+00
    2.04139E+03    5.76673E+04    9.00410E+02    7.58194E+03    1.88548E-02   -1.32379E-01    3.64762E-02    4.09814E+00    7.19494E+00    7.17015E+00
    2.06492E+03    5.85746E+04    9.07276E+02    7.66807E+03    1.85722E-02   -1.31377E-01    3.62253E-02    4.10958E+00    7.21766E+00    7.19494E+00
    2.08871E+03    5.94882E+04    9.13603E+02    7.75518E+03    1.82821E-02   -1.30341E-01    3.59628E-02    4.12006E+00    7.23847E+00    7.21766E+00
    2.11277E+03    6.04076E+04    9.19412E+02    7.84327E+03    1.79856E-02   -1.29274E-01    3.56901E-02    4.12961E+00    7.25745E+00    7.23847E+00
    2.13710E+03    6.13323E+04    9.24712E+02    7.93236E+03    1.76835E-02   -1.28179E-01    3.54084E-02    4.13828E+00    7.27465E+00    7.25745E+00
    2.16171E+03    6.22618E+04    9.29503E+02    8.02245E+03    1.73765E-02   -1.27056E-01    3.51185E-02    4.14606E+00    7.29009E+00    7.27465E+00
    2.18659E+03    6.31956E+04    9.33782E+02    8.11356E+03    1.70650E-02   -1.25907E-01    3.48209E-02    4.15296E+00    7.30375E+00    7.29009E+00
    2.21176E+03    6.41331E+04    9.37539E+02    8.20570E+03    1.67494E-02   -1.24732E-01    3.45159E-02    4.15896E+00    7.31563E+00    7.30375E+00
    2.23721E+03    6.50739E+04    9.40762E+02    8.29888E+03    1.64301E-02   -1.23532E-01    3.42039E-02    4.16405E+00    7.32569E+00    7.31563E+00
    2.26295E+03    6.60173E+04    9.43437E+02    8.39312E+03    1.61074E-02   -1.22308E-01    3.38849E-02    4.16822E+00    7.33390E+00    7.32569E+00
    2.28898E+03    6.69629E+04    9.45547E+02    8.48842E+03    1.57815E-02   -1.21059E-01    3.35592E-02    4.17144E+00    7.34020E+00    7.33390E+00
    2.31530E+03    6.79099E+04    9.47074E+02    8.58480E+03    1.54527E-02   -1.19786E-01    3.32269E-02    4.17368E+00    7.34454E+00    7.34020E+00
    2.34192E+03    6.88579E+04    9.48000E+02    8.68226E+03    1.51211E-02   -1.18488E-01    3.28879E-02    4.17491E+00    7.34687E+00    7.34454E+00
    2.36884E+03    6.98062E+04    9.48304E+02    8.78083E+03    1.47870E-02   -1.17166E-01    3.25423E-02    4.17511E+00    7.34712E+00    7.34687E+00
    2.39607E+03    7.07542E+04    9.47966E+02    8.88051E+03    1.44504E-02   -1.15820E-01    3.21901E-02    4.17423E+00    7.34522E+00    7.34712E+00
    2.42360E+03    7.17012E+04    9.46964E+02    8.98132E+03    1.41117E-02   -1.14449E-01    3.18313E-02    4.17225E+00    7.34111E+00    7.34522E+00
    2.45145E+03    7.26464E+04    9.45277E+02    9.08326E+03    1.37710E-02   -1.13053E-01    3.14658E-02    4.16912E+00    7.33469E+00    7.34111E+00
    2.47961E+03    7.35893E+04    9.42883E+02    9.18636E+03    1.34284E-02   -1.11631E-01    3.10936E-02    4.16480E+00    7.32590E+00    7.33469E+00
    2.50808E+03    7.45291E+04    9.39759E+02    9.29063E+03    1.30841E-02   -1.10185E-01    3.07147E-02    4.15926E+00    7.31465E+00    7.32590E+00
    2.53688E+03    7.54650E+04    9.35883E+02    9.39607E+03    1.27382E-02   -1.08712E-01    3.03289E-02    4.15245E+00    7.30086E+00    7.31465E+00
    2.56601E+03    7.63962E+04    9.31233E+02    9.50270E+03    1.23910E-02   -1.07214E-01    2.99363E-02    4.14432E+00    7.28442E+00    7.30086E+00
    2.59546E+03    7.73220E+04    9.25786E+02    9.61054E+03    1.20427E-02   -1.05690E-01    2.95367E-02    4.13483E+00    7.26526E+00    7.28442E+00
    2.62525E+03    7.82415E+04    9.19521E+02    9.71960E+03    1.16934E-02   -1.04138E-01    2.91301E-02    4.12392E+00    7.24326E+00    7.26526E+00
    2.65537E+03    7.91539E+04    9.12417E+02    9.82989E+03    1.13432E-02   -1.02560E-01    2.87163E-02    4.11156E+00    7.21834E+00    7.24326E+00
    2.68583E+03    8.00584E+04    9.04454E+02    9.94142E+03    1.09925E-02   -1.00955E-01    2.82953E-02    4.09768E+00    7.19038E+00    7.21834E+00
    2.71664E+03    8.09540E+04    8.95612E+02    1.00542E+04    1.06413E-02   -9.93214E-02    2.78669E-02    4.08223E+00    7.15929E+00    7.19038E+00
    2.74780E+03    8.18399E+04    8.85872E+02    1.01683E+04    1.02900E-02   -9.76601E-02    2.74312E-02    4.06516E+00    7.12494E+00    7.15929E+00
    2.77931E+03    8.27151E+04    8.75220E+02    1.02836E+04    9.93868E-03   -9.59705E-02    2.69879E-02    4.04642E+00    7.08723E+00    7.12494E+00
    2.81117E+03    8.35787E+04    8.63639E+02    1.04003E+04    9.58767E-03   -9.42521E-02    2.65370E-02    4.02594E+00    7.04606E+00    7.08723E+00
    2.84339E+03    8.44298E+04    8.51119E+02    1.05183E+04    9.23722E-03   -9.25048E-02    2.60784E-02    4.00368E+00    7.00130E+00    7.04606E+00
    2.87598E+03    8.52675E+04    8.37651E+02    1.06376E+04    8.88761E-03   -9.07284E-02    2.56119E-02    3.97957E+00    6.95285E+00    7.00130E+00
    2.90894E+03    8.60907E+04    8.23231E+02    1.07583E+04    8.53916E-03   -8.89228E-02    2.51376E-02    3.95357E+00    6.90061E+00    6.95285E+00
    2.94227E+03    8.68986E+04    8.07862E+02    1.08803E+04    8.19224E-03   -8.70882E-02    2.46553E-02    3.92563E+00    6.84448E+00    6.90061E+00
    2.97597E+03    8.76901E+04    7.91552E+02    1.10037E+04    7.84727E-03   -8.52251E-02    2.41650E-02    3.89572E+00    6.78440E+00    6.84448E+00
    3.01006E+03    8.84645E+04    7.74325E+02    1.11285E+04    7.50475E-03   -8.33345E-02    2.36667E-02    3.86380E+00    6.72032E+00    6.78440E+00
    3.04453E+03    8.92207E+04    7.56221E+02    1.12547E+04    7.16533E-03   -8.14182E-02    2.31605E-02    3.82990E+00    6.65227E+00    6.72032E+00
    3.07939E+03    8.99580E+04    7.37310E+02    1.13823E+04    6.82988E-03   -7.94797E-02    2.26464E-02    3.79407E+00    6.58038E+00    6.65227E+00
    3.11465E+03    9.06757E+04    7.17710E+02    1.15114E+04    6.49962E-03   -7.75249E-02    2.21247E-02    3.75647E+00    6.50496E+00    6.58038E+00
    3.15030E+03    9.13733E+04    6.97633E+02    1.16420E+04    6.17651E-03   -7.55654E-02    2.15956E-02    3.71744E+00    6.42673E+00    6.50496E+00
    3.18635E+03    9.20508E+04    6.77486E+02    1.17740E+04    5.86400E-03   -7.36240E-02    2.10593E-02    3.67771E+00    6.34722E+00    6.42673E+00
    3.22282E+03    9.27090E+04    6.58146E+02    1.19075E+04    5.56922E-03   -7.17521E-02    2.05148E-02    3.63902E+00    6.27006E+00    6.34722E+00
    3.25969E+03    9.33509E+04    6.41917E+02    1.20425E+04    5.31043E-03   -7.00876E-02    1.99541E-02    3.60612E+00    6.20516E+00    6.27006E+00
    3.29699E+03    9.39883E+04    6.37408E+02    1.21790E+04    5.15523E-03   -6.91519E-02    1.93193E-02    3.59681E+00    6.19014E+00    6.20516E+00
    3.33470E+03    9.43926E+04    4.04352E+02    1.24567E+04    3.19721E-03   -5.62928E-02    5.32251E-03    3.03859E+00    5.17353E+00    3.77353E+00
    3.37284E+03    9.48290E+04    4.36383E+02    1.25980E+04    3.37334E-03   -5.62432E-02    1.44926E-02    3.14976E+00    5.30692E+00    5.17353E+00
    3.41141E+03    9.52581E+04    4.29097E+02    1.27408E+04    3.24286E-03   -5.48237E-02    1.54023E-02    3.13182E+00    5.25830E+00    5.30692E+00
    3.45042E+03    9.56674E+04    4.09301E+02    1.28852E+04    3.02412E-03   -5.28380E-02    1.52401E-02    3.08179E+00    5.15441E+00    5.25830E+00
    3.48986E+03    9.60518E+04    3.84407E+02    1.30313E+04    2.77671E-03   -5.05741E-02    1.47974E-02    3.01724E+00    5.02347E+00    5.15441E+00
    3.52976E+03    9.64087E+04    3.56825E+02    1.31790E+04    2.51987E-03   -4.81356E-02    1.42419E-02    2.94329E+00    4.87436E+00    5.02347E+00
    3.57010E+03    9.67363E+04    3.27598E+02    1.33284E+04    2.26177E-03   -4.55645E-02    1.36252E-02    2.86177E+00    4.71035E+00    4.87436E+00
    3.61090E+03    9.70335E+04    2.97294E+02    1.34794E+04    2.00668E-03   -4.28781E-02    1.29671E-02    2.77332E+00    4.53257E+00    4.71035E+00
    3.65216E+03    9.72998E+04    2.66293E+02    1.36322E+04    1.75726E-03   -4.00819E-02    1.22761E-02    2.67805E+00    4.34116E+00    4.53257E+00
    3.69389E+03    9.75347E+04    2.34898E+02    1.37867E+04    1.51545E-03   -3.71741E-02    1.15558E-02    2.57572E+00    4.13561E+00    4.34116E+00
    3.73609E+03    9.77381E+04    2.03390E+02    1.39430E+04    1.28286E-03   -3.41477E-02    1.08072E-02    2.46588E+00    3.91496E+00    4.13561E+00
    3.77876E+03    9.79102E+04    1.72057E+02    1.41010E+04    1.06099E-03   -3.09901E-02    1.00300E-02    2.34780E+00    3.67775E+00    3.91496E+00
    3.82192E+03    9.80514E+04    1.41218E+02    1.42608E+04    8.51364E-04   -2.76823E-02    9.22259E-03    2.22046E+00    3.42188E+00    3.67775E+00
    3.86557E+03    9.81626E+04    1.11246E+02    1.44224E+04    6.55690E-04   -2.41956E-02    8.38230E-03    2.08240E+00    3.14436E+00    3.42188E+00
    3.90971E+03    9.82453E+04    8.26043E+01    1.45858E+04    4.75999E-04   -2.04857E-02    7.50557E-03    1.93142E+00    2.84072E+00    3.14436E+00
    3.95434E+03    9.83012E+04    5.59049E+01    1.47511E+04    3.14951E-04   -1.64787E-02    6.58811E-03    1.76402E+00    2.50372E+00    2.84072E+00
    3.99949E+03    9.83332E+04    3.20386E+01    1.49182E+04    1.76464E-04   -1.20333E-02    5.62710E-03    1.57369E+00    2.11994E+00    2.50372E+00
    4.04514E+03    9.83458E+04    1.25800E+01    1.50873E+04    6.77414E-05   -6.80024E-03    4.63661E-03    1.34496E+00    1.65715E+00    2.11994E+00
    4.09131E+03    9.83596E+04    1.38029E+01    1.50873E+04    7.26668E-05   -6.16937E-03    5.88266E-03    1.65715E+00    1.94357E+00    2.64041E+00
    4.13799E+03    9.83757E+04    1.61348E+01    1.50873E+04    8.30467E-05   -5.66197E-03    7.14064E-03    1.94357E+00    2.20941E+00    3.13710E+00
    4.18521E+03    9.83952E+04    1.94664E+01    1.50873E+04    9.79570E-05   -5.24657E-03    8.39229E-03    2.20941E+00    2.45853E+00    3.61214E+00
    4.23296E+03    9.84189E+04    2.37190E+01    1.50873E+04    1.16692E-04   -4.90063E-03    9.62682E-03    2.45853E+00    2.69386E+00    4.06761E+00
    4.28125E+03    9.84477E+04    2.88362E+01    1.50873E+04    1.38699E-04   -4.60787E-03    1.08382E-02    2.69386E+00    2.91762E+00    4.50541E+00
    4.33009E+03    9.84825E+04    3.47776E+01    1.50873E+04    1.63542E-04   -4.35644E-03    1.20235E-02    2.91762E+00    3.13157E+00    4.92728E+00
    4.37948E+03    9.85240E+04    4.15160E+01    1.50873E+04    1.90871E-04   -4.13760E-03    1.31815E-02    3.13157E+00    3.33706E+00    5.33479E+00
    4.42942E+03    9.85731E+04    4.90340E+01    1.50873E+04    2.20403E-04   -3.94482E-03    1.43123E-02    3.33706E+00    3.53520E+00    5.72929E+00
    4.47993E+03    9.86304E+04    5.73225E+01    1.50873E+04    2.51907E-04   -3.77320E-03    1.54166E-02    3.53520E+00    3.72685E+00    6.11200E+00
    4.53101E+03    9.86968E+04    6.63790E+01    1.50873E+04    2.85195E-04   -3.61898E-03    1.64954E-02    3.72685E+00    3.91275E+00    6.48398E+00
    4.58267E+03    9.87730E+04    7.62063E+01    1.50873E+04    3.20110E-04   -3.47927E-03    1.75501E-02    3.91275E+00    4.09350E+00    6.84616E+00
    4.63491E+03    9.88598E+04    8.68119E+01    1.50873E+04    3.56521E-04   -3.35178E-03    1.85819E-02    4.09350E+00    4.26958E+00    7.19937E+00
    4.68775E+03    9.89580E+04    9.82070E+01    1.50873E+04    3.94317E-04   -3.23473E-03    1.95922E-02    4.26958E+00    4.44144E+00    7.54432E+00
    4.74118E+03    9.90684E+04    1.10406E+02    1.50873E+04    4.33405E-04   -3.12668E-03    2.05822E-02    4.44144E+00    4.60944E+00    7.88166E+00
    4.79521E+03    9.91918E+04    1.23426E+02    1.50873E+04    4.73704E-04   -3.02645E-03    2.15533E-02    4.60944E+00    4.77388E+00    8.21196E+00
    4.84985E+03    9.93291E+04    1.37287E+02    1.50873E+04    5.15144E-04   -2.93309E-03    2.25065E-02    4.77388E+00    4.93506E+00    8.53573E+00
    4.90511E+03    9.94811E+04    1.52011E+02    1.50873E+04    5.57666E-04   -2.84581E-03    2.34428E-02    4.93506E+00    5.09320E+00    8.85341E+00
    4.96100E+03    9.96487E+04    1.67623E+02    1.50873E+04    6.01216E-04   -2.76395E-03    2.43634E-02    5.09320E+00    5.24854E+00    9.16543E+00
    5.01752E+03    9.98329E+04    1.84147E+02    1.50873E+04    6.45750E-04   -2.68694E-03    2.52691E-02    5.24854E+00    5.40125E+00    9.47215E+00
    5.07467E+03    1.00035E+05    2.01614E+02    1.50873E+04    6.91225E-04   -2.61433E-03    2.61609E-02    5.40125E+00    5.55151E+00    9.77390E+00
    5.13247E+03    1.00255E+05    2.20051E+02    1.50873E+04    7.37607E-04   -2.54569E-03    2.70393E-02    5.55151E+00    5.69948E+00    1.00710E+01
    5.19093E+03    1.00494E+05    2.39492E+02    1.50873E+04    7.84863E-04   -2.48069E-03    2.79054E-02    5.69948E+00    5.84531E+00    1.03637E+01
    5.25004E+03    1.00754E+05    2.59970E+02    1.50873E+04    8.32966E-04   -2.41902E-03    2.87596E-02    5.84531E+00    5.98911E+00    1.06523E+01
    5.30983E+03    1.01036E+05    2.81519E+02    1.50873E+04    8.81892E-04   -2.36040E-03    2.96027E-02    5.98911E+00    6.13101E+00    1.09371E+01
    5.37028E+03    1.01340E+05    3.04178E+02    1.50873E+04    9.31618E-04   -2.30462E-03    3.04353E-02    6.13101E+00    6.27113E+00    1.12181E+01
    5.43143E+03    1.01668E+05    3.27985E+02    1.50873E+04    9.82126E-04   -2.25145E-03    3.12579E-02    6.27113E+00    6.40956E+00    1.14957E+01
    5.49326E+03    1.02021E+05    3.52980E+02    1.50873E+04    1.03340E-03   -2.20073E-03    3.20711E-02    6.40956E+00    6.54641E+00    1.17701E+01
    5.55579E+03    1.02400E+05    3.79208E+02    1.50873E+04    1.08542E-03   -2.15228E-03    3.28754E-02    6.54641E+00    6.68175E+00    1.20414E+01
    5.61903E+03    1.02807E+05    4.06711E+02    1.50873E+04    1.13818E-03   -2.10597E-03    3.36712E-02    6.68175E+00    6.81567E+00    1.23097E+01
    5.68298E+03    1.03242E+05    4.35538E+02    1.50873E+04    1.19167E-03   -2.06165E-03    3.44590E-02    6.81567E+00    6.94826E+00    1.25753E+01
    5.74766E+03    1.03708E+05    4.65736E+02    1.50873E+04    1.24588E-03   -2.01922E-03    3.52392E-02    6.94826E+00    7.07959E+00    1.28383E+01
    5.81306E+03    1.04205E+05    4.97358E+02    1.50873E+04    1.30080E-03   -1.97856E-03    3.60123E-02    7.07959E+00    7.20973E+00    1.30989E+01
    5.87921E+03    1.04736E+05    5.30456E+02    1.50873E+04    1.35643E-03   -1.93957E-03    3.67786E-02    7.20973E+00    7.33874E+00    1.33571E+01
    5.94610E+03    1.05301E+05    5.65085E+02    1.50873E+04    1.41276E-03   -1.90218E-03    3.75386E-02    7.33874E+00    7.46670E+00    1.36131E+01
    6.01375E+03    1.05902E+05    6.01305E+02    1.50873E+04    1.46980E-03   -1.86629E-03    3.82925E-02    7.46670E+00    7.59366E+00    1.38671E+01
    6.08216E+03    1.06541E+05    6.39176E+02    1.50873E+04    1.52753E-03   -1.83184E-03    3.90407E-02    7.59366E+00    7.71969E+00    1.41191E+01
    6.15135E+03    1.07220E+05    6.78760E+02    1.50873E+04    1.58596E-03   -1.79875E-03    3.97835E-02    7.71969E+00    7.84483E+00    1.43693E+01
    6.22132E+03    1.07940E+05    7.20125E+02    1.50873E+04    1.64510E-03   -1.76697E-03    4.05213E-02    7.84483E+00    7.96916E+00    1.46178E+01
    6.29208E+03    1.08703E+05    7.63339E+02    1.50873E+04    1.70495E-03   -1.73643E-03    4.12545E-02    7.96916E+00    8.09272E+00    1.48646E+01
    6.36364E+03    1.09512E+05    8.08475E+02    1.50873E+04    1.76550E-03   -1.70708E-03    4.19832E-02    8.09272E+00    8.21556E+00    1.51100E+01
    6.43600E+03    1.10368E+05    8.55606E+02    1.50873E+04    1.82678E-03   -1.67887E-03    4.27078E-02    8.21556E+00    8.33774E+00    1.53540E+01
    6.50919E+03    1.11272E+05    9.04814E+02    1.50873E+04    1.88877E-03   -1.65176E-03    4.34286E-02    8.33774E+00    8.45930E+00    1.55966E+01
    6.58320E+03    1.12229E+05    9.56178E+02    1.50873E+04    1.95150E-03   -1.62571E-03    4.41459E-02    8.45930E+00    8.58030E+00    1.58381E+01
    6.65805E+03    1.13238E+05    1.00979E+03    1.50873E+04    2.01497E-03   -1.60066E-03    4.48599E-02    8.58030E+00    8.70078E+00    1.60784E+01
    6.73374E+03    1.14304E+05    1.06573E+03    1.50873E+04    2.07920E-03   -1.57659E-03    4.55710E-02    8.70078E+00    8.82078E+00    1.63177E+01
    6.81029E+03    1.15428E+05    1.12409E+03    1.50873E+04    2.14419E-03   -1.55346E-03    4.62793E-02    8.82078E+00    8.94037E+00    1.65561E+01
    6.88770E+03    1.16613E+05    1.18498E+03    1.50873E+04    2.20996E-03   -1.53124E-03    4.69853E-02    8.94037E+00    9.05957E+00    1.67937E+01
    6.96599E+03    1.17862E+05    1.24850E+03    1.50873E+04    2.27653E-03   -1.50989E-03    4.76891E-02    9.05957E+00    9.17845E+00    1.70306E+01
    7.04517E+03    1.19176E+05    1.31475E+03    1.50873E+04    2.34390E-03   -1.48939E-03    4.83909E-02    9.17845E+00    9.29703E+00    1.72667E+01
    7.12523E+03    1.20560E+05    1.38385E+03    1.50873E+04    2.41210E-03   -1.46972E-03    4.90912E-02    9.29703E+00    9.41537E+00    1.75024E+01
    7.20621E+03    1.22016E+05    1.45590E+03    1.50873E+04    2.48115E-03   -1.45083E-03    4.97900E-02    9.41537E+00    9.53351E+00    1.77375E+01
    7.28809E+03    1.23547E+05    1.53105E+03    1.50873E+04    2.55106E-03   -1.43272E-03    5.04877E-02    9.53351E+00    9.65149E+00    1.79723E+01
    7.37091E+03    1.25157E+05    1.60940E+03    1.50873E+04    2.62186E-03   -1.41536E-03    5.11846E-02    9.65149E+00    9.76936E+00    1.82067E+01
    7.45466E+03    1.26848E+05    1.69110E+03    1.50873E+04    2.69357E-03   -1.39872E-03    5.18808E-02    9.76936E+00    9.88716E+00    1.84410E+01
    7.53935E+03    1.28624E+05    1.77629E+03    1.50873E+04    2.76622E-03   -1.38278E-03    5.25767E-02    9.88716E+00    1.00049E+01    1.86751E+01
    7.62500E+03    1.30489E+05    1.86511E+03    1.50873E+04    2.83982E-03   -1.36753E-03    5.32724E-02    1.00049E+01    1.01227E+01    1.89091E+01
    7.71162E+03    1.32447E+05    1.95772E+03    1.50873E+04    2.91441E-03   -1.35295E-03    5.39683E-02    1.01227E+01    1.02406E+01    1.91433E+01
    7.79922E+03    1.34501E+05    2.05427E+03    1.50873E+04    2.99002E-03   -1.33902E-03    5.46646E-02    1.02406E+01    1.03585E+01    1.93775E+01
    7.88781E+03    1.36656E+05    2.15494E+03    1.50873E+04    3.06666E-03   -1.32572E-03    5.53616E-02    1.03585E+01    1.04766E+01    1.96119E+01
    7.97740E+03    1.38916E+05    2.25991E+03    1.50873E+04    3.14439E-03   -1.31303E-03    5.60595E-02    1.04766E+01    1.05949E+01    1.98467E+01
    8.06801E+03    1.41285E+05    2.36935E+03    1.50873E+04    3.22322E-03   -1.30095E-03    5.67585E-02    1.05949E+01    1.07135E+01    2.00818E+01
    8.15963E+03    1.43769E+05    2.48346E+03    1.50873E+04    3.30320E-03   -1.28946E-03    5.74590E-02    1.07135E+01    1.08323E+01    2.03174E+01
    8.25229E+03    1.46371E+05    2.60245E+03    1.50873E+04    3.38435E-03   -1.27853E-03    5.81611E-02    1.08323E+01    1.09514E+01    2.05536E+01
    8.34600E+03    1.49098E+05    2.72653E+03    1.50873E+04    3.46672E-03   -1.26817E-03    5.88652E-02    1.09514E+01    1.10709E+01    2.07904E+01
    8.44077E+03    1.51954E+05    2.85592E+03    1.50873E+04    3.55035E-03   -1.25835E-03    5.95716E-02    1.10709E+01    1.11908E+01    2.10280E+01
    8.53661E+03    1.54944E+05    2.99086E+03    1.50873E+04    3.63528E-03   -1.24907E-03    6.02804E-02    1.11908E+01    1.13112E+01    2.12664E+01
    8.63353E+03    1.58076E+05    3.13159E+03    1.50873E+04    3.72155E-03   -1.24031E-03    6.09919E-02    1.13112E+01    1.14321E+01    2.15057E+01
    8.73155E+03    1.61354E+05    3.27838E+03    1.50873E+04    3.80921E-03   -1.23206E-03    6.17065E-02    1.14321E+01    1.15535E+01    2.17460E+01
    8.83067E+03    1.64786E+05    3.43148E+03    1.50873E+04    3.89830E-03   -1.22431E-03    6.24243E-02    1.15535E+01    1.16756E+01    2.19875E+01
    8.93091E+03    1.68377E+05    3.59119E+03    1.50873E+04    3.98887E-03   -1.21706E-03    6.31458E-02    1.16756E+01    1.17983E+01    2.22301E+01
    9.03229E+03    1.72135E+05    3.75781E+03    1.50873E+04    4.08098E-03   -1.21028E-03    6.38711E-02    1.17983E+01    1.19217E+01    2.24740E+01
    9.13481E+03    1.76067E+05    3.93165E+03    1.50873E+04    4.17467E-03   -1.20398E-03    6.46005E-02    1.19217E+01    1.20458E+01    2.27193E+01
    9.23850E+03    1.80180E+05    4.11304E+03    1.50873E+04    4.27001E-03   -1.19814E-03    6.53343E-02    1.20458E+01    1.21707E+01    2.29661E+01
    9.34335E+03    1.84482E+05    4.30233E+03    1.50873E+04    4.36705E-03   -1.19276E-03    6.60729E-02    1.21707E+01    1.22965E+01    2.32145E+01
    9.44939E+03    1.88982E+05    4.49988E+03    1.50873E+04    4.46585E-03   -1.18782E-03    6.68165E-02    1.22965E+01    1.24231E+01    2.34645E+01
    9.55662E+03    1.93688E+05    4.70607E+03    1.50873E+04    4.56648E-03   -1.18332E-03    6.75653E-02    1.24231E+01    1.25507E+01    2.37163E+01
    9.66507E+03    1.98609E+05    4.92131E+03    1.50873E+04    4.66899E-03   -1.17925E-03    6.83198E-02    1.25507E+01    1.26793E+01    2.39701E+01
    9.77474E+03    2.03755E+05    5.14602E+03    1.50873E+04    4.77346E-03   -1.17561E-03    6.90802E-02    1.26793E+01    1.28090E+01    2.42258E+01
    9.88565E+03    2.09136E+05    5.38065E+03    1.50873E+04    4.87996E-03   -1.17238E-03    6.98469E-02    1.28090E+01    1.29398E+01    2.44836E+01
    9.99782E+03    2.14762E+05    5.62567E+03    1.50873E+04    4.98857E-03   -1.16957E-03    7.06201E-02    1.29398E+01    1.30717E+01    2.47436E+01
    1.01113E+04    2.20643E+05    5.88156E+03    1.50873E+04    5.09935E-03   -1.16716E-03    7.14002E-02    1.30717E+01    1.32048E+01    2.50059E+01
    1.02260E+04    2.26792E+05    6.14885E+03    1.50873E+04    5.21239E-03   -1.16515E-03    7.21874E-02    1.32048E+01    1.33392E+01    2.52706E+01
    1.03420E+04    2.33220E+05    6.42809E+03    1.50873E+04    5.32777E-03   -1.16353E-03    7.29823E-02    1.33392E+01    1.34750E+01    2.55379E+01
    1.04593E+04    2.39940E+05    6.71985E+03    1.50873E+04    5.44557E-03   -1.16231E-03    7.37850E-02    1.34750E+01    1.36121E+01    2.58078E+01
    1.05779E+04    2.46965E+05    7.02473E+03    1.50873E+04    5.56590E-03   -1.16146E-03    7.45959E-02    1.36121E+01    1.37507E+01    2.60804E+01
    1.06979E+04    2.54308E+05    7.34339E+03    1.50873E+04    5.68883E-03   -1.16100E-03    7.54154E-02    1.37507E+01    1.38908E+01    2.63560E+01
    1.08193E+04    2.61985E+05    7.67648E+03    1.50873E+04    5.81448E-03   -1.16091E-03    7.62439E-02    1.38908E+01    1.40324E+01    2.66346E+01
    1.09420E+04    2.70009E+05    8.02472E+03    1.50873E+04    5.94293E-03   -1.16119E-03    7.70816E-02    1.40324E+01    1.41757E+01    2.69162E+01
    1.10661E+04    2.78398E+05    8.38887E+03    1.50873E+04    6.07429E-03   -1.16183E-03    7.79291E-02    1.41757E+01    1.43207E+01    2.72012E+01
    1.11916E+04    2.87168E+05    8.76970E+03    1.50873E+04    6.20868E-03   -1.16284E-03    7.87866E-02    1.43207E+01    1.44675E+01    2.74895E+01
    1.13185E+04    2.96336E+05    9.16805E+03    1.50873E+04    6.34620E-03   -1.16421E-03    7.96545E-02    1.44675E+01    1.46161E+01    2.77814E+01
    1.14469E+04    3.05921E+05    9.58480E+03    1.50873E+04    6.48698E-03   -1.16594E-03    8.05334E-02    1.46161E+01    1.47666E+01    2.80768E+01
    1.15767E+04    3.15942E+05    1.00209E+04    1.50873E+04    6.63114E-03   -1.16802E-03    8.14234E-02    1.47666E+01    1.49191E+01    2.83761E+01
    1.17080E+04    3.26419E+05    1.04773E+04    1.50873E+04    6.77881E-03   -1.17046E-03    8.23252E-02    1.49191E+01    1.50736E+01    2.86793E+01
    1.18407E+04    3.37374E+05    1.09550E+04    1.50873E+04    6.93012E-03   -1.17324E-03    8.32390E-02    1.50736E+01    1.52302E+01    2.89866E+01
    1.19750E+04    3.48829E+05    1.14551E+04    1.50873E+04    7.08520E-03   -1.17638E-03    8.41654E-02    1.52302E+01    1.53890E+01    2.92980E+01
    1.21108E+04    3.60808E+05    1.19789E+04    1.50873E+04    7.24422E-03   -1.17986E-03    8.51048E-02    1.53890E+01    1.55501E+01    2.96139E+01
    1.22481E+04    3.73335E+05    1.25274E+04    1.50873E+04    7.40731E-03   -1.18368E-03    8.60576E-02    1.55501E+01    1.57136E+01    2.99342E+01
    1.23869E+04    3.86437E+05    1.31020E+04    1.50873E+04    7.57464E-03   -1.18786E-03    8.70243E-02    1.57136E+01    1.58794E+01    3.02592E+01
    1.25274E+04    4.00141E+05    1.37041E+04    1.50873E+04    7.74637E-03   -1.19237E-03    8.80054E-02    1.58794E+01    1.60478E+01    3.05891E+01
    1.26694E+04    4.14476E+05    1.43351E+04    1.50873E+04    7.92267E-03   -1.19723E-03    8.90013E-02    1.60478E+01    1.62188E+01    3.09239E+01
    1.28130E+04    4.29473E+05    1.49964E+04    1.50873E+04    8.10372E-03   -1.20244E-03    9.00126E-02    1.62188E+01    1.63925E+01    3.12640E+01
    1.29582E+04    4.45163E+05    1.56898E+04    1.50873E+04    8.28970E-03   -1.20799E-03    9.10398E-02    1.63925E+01    1.65689E+01    3.16093E+01
    1.31051E+04    4.61580E+05    1.64170E+04    1.50873E+04    8.48083E-03   -1.21390E-03    9.20834E-02    1.65689E+01    1.67482E+01    3.19602E+01
    1.32537E+04    4.78759E+05    1.71796E+04    1.50873E+04    8.67728E-03   -1.22014E-03    9.31439E-02    1.67482E+01    1.69305E+01    3.23168E+01
    1.34039E+04    4.96739E+05    1.79797E+04    1.50873E+04    8.87929E-03   -1.22674E-03    9.42220E-02    1.69305E+01    1.71158E+01    3.26792E+01
    1.35558E+04    5.15558E+05    1.88193E+04    1.50873E+04    9.08707E-03   -1.23369E-03    9.53182E-02    1.71158E+01    1.73043E+01    3.30478E+01
    1.37095E+04    5.35259E+05    1.97005E+04    1.50873E+04    9.30086E-03   -1.24100E-03    9.64330E-02    1.73043E+01    1.74960E+01    3.34226E+01
    1.38648E+04    5.55884E+05    2.06256E+04    1.50873E+04    9.52089E-03   -1.24867E-03    9.75671E-02    1.74960E+01    1.76911E+01    3.38039E+01
    1.40220E+04    5.77481E+05    2.15969E+04    1.50873E+04    9.74743E-03   -1.25670E-03    9.87211E-02    1.76911E+01    1.78897E+01    3.41919E+01
    1.41809E+04    6.00098E+05    2.26172E+04    1.50873E+04    9.98073E-03   -1.26509E-03    9.98956E-02    1.78897E+01    1.80919E+01    3.45867E+01
    1.43416E+04    6.23787E+05    2.36890E+04    1.50873E+04    1.02211E-02   -1.27386E-03    1.01091E-01    1.80919E+01    1.82977E+01    3.49888E+01
    1.45041E+04    6.48603E+05    2.48153E+04    1.50873E+04    1.04688E-02   -1.28300E-03    1.02309E-01    1.82977E+01    1.85074E+01    3.53982E+01
    1.46684E+04    6.74602E+05    2.59991E+04    1.50873E+04    1.07241E-02   -1.29253E-03    1.03549E-01    1.85074E+01    1.87210E+01    3.58151E+01
    1.48347E+04    7.01846E+05    2.72437E+04    1.50873E+04    1.09874E-02   -1.30245E-03    1.04813E-01    1.87210E+01    1.89387E+01    3.62400E+01
    1.50027E+04    7.30398E+05    2.85526E+04    1.50873E+04    1.12590E-02   -1.31277E-03    1.06101E-01    1.89387E+01    1.91606E+01    3.66729E+01
    1.51727E+04    7.60328E+05    2.99293E+04    1.50873E+04    1.15393E-02   -1.32349E-03    1.07413E-01    1.91606E+01    1.93869E+01    3.71142E+01
    1.53446E+04    7.91705E+05    3.13779E+04    1.50873E+04    1.18286E-02   -1.33463E-03    1.08751E-01    1.93869E+01    1.96176E+01    3.75641E+01
    1.55185E+04    8.24608E+05    3.29025E+04    1.50873E+04    1.21273E-02   -1.34620E-03    1.10116E-01    1.96176E+01    1.98530E+01    3.80229E+01
    1.56943E+04    8.59115E+05    3.45074E+04    1.50873E+04    1.24359E-02   -1.35820E-03    1.11508E-01    1.98530E+01    2.00931E+01    3.84910E+01
    1.58721E+04    8.95313E+05    3.61975E+04    1.50873E+04    1.27547E-02   -1.37066E-03    1.12928E-01    2.00931E+01    2.03382E+01    3.89685E+01
    1.60519E+04    9.33291E+05    3.79778E+04    1.50873E+04    1.30843E-02   -1.38358E-03    1.14378E-01    2.03382E+01    2.05883E+01    3.94559E+01
    1.62338E+04    9.73144E+05    3.98535E+04    1.50873E+04    1.34250E-02   -1.39698E-03    1.15858E-01    2.05883E+01    2.08438E+01    3.99534E+01
    1.64177E+04    1.01497E+06    4.18305E+04    1.50873E+04    1.37774E-02   -1.41088E-03    1.17369E-01    2.08438E+01    2.11047E+01    4.04614E+01
    1.66036E+04    1.05889E+06    4.39149E+04    1.50873E+04    1.41421E-02   -1.42529E-03    1.18912E-01    2.11047E+01    2.13713E+01    4.09803E+01
    1.67917E+04    1.10500E+06    4.61131E+04    1.50873E+04    1.45196E-02   -1.44023E-03    1.20489E-01    2.13713E+01    2.16437E+01    4.15104E+01
    1.69819E+04    1.15343E+06    4.84321E+04    1.50873E+04    1.49105E-02   -1.45573E-03    1.22100E-01    2.16437E+01    2.19221E+01    4.20521E+01
    1.71743E+04    1.20431E+06    5.08794E+04    1.50873E+04    1.53155E-02   -1.47181E-03    1.23747E-01    2.19221E+01    2.22068E+01    4.26058E+01
    1.73688E+04    1.25778E+06    5.34630E+04    1.50873E+04    1.57351E-02   -1.48849E-03    1.25431E-01    2.22068E+01    2.24980E+01    4.31720E+01
    1.75655E+04    1.31397E+06    5.61913E+04    1.50873E+04    1.61702E-02   -1.50580E-03    1.27153E-01    2.24980E+01    2.27959E+01    4.37510E+01
    1.77645E+04    1.37304E+06    5.90736E+04    1.50873E+04    1.66214E-02   -1.52378E-03    1.28915E-01    2.27959E+01    2.31008E+01    4.43434E+01
    1.79657E+04    1.43516E+06    6.21197E+04    1.50873E+04    1.70896E-02   -1.54245E-03    1.30718E-01    2.31008E+01    2.34128E+01    4.49496E+01
    1.81692E+04    1.50050E+06    6.53400E+04    1.50873E+04    1.75756E-02   -1.56186E-03    1.32564E-01    2.34128E+01    2.37324E+01    4.55702E+01
    1.83749E+04    1.56925E+06    6.87459E+04    1.50873E+04    1.80804E-02   -1.58204E-03    1.34454E-01    2.37324E+01    2.40598E+01    4.62057E+01
    1.85830E+04    1.64160E+06    7.23496E+04    1.50873E+04    1.86049E-02   -1.60303E-03    1.36390E-01    2.40598E+01    2.43952E+01    4.68567E+01
    1.87935E+04    1.71776E+06    7.61642E+04    1.50873E+04    1.91501E-02   -1.62488E-03    1.38374E-01    2.43952E+01    2.47391E+01    4.75238E+01
    1.90063E+04    1.79797E+06    8.02037E+04    1.50873E+04    1.97171E-02   -1.64765E-03    1.40408E-01    2.47391E+01    2.50917E+01    4.82076E+01
    1.92215E+04    1.88245E+06    8.44835E+04    1.50873E+04    2.03072E-02   -1.67139E-03    1.42494E-01    2.50917E+01    2.54535E+01    4.89088E+01
    1.94392E+04    1.97147E+06    8.90198E+04    1.50873E+04    2.09216E-02   -1.69617E-03    1.44633E-01    2.54535E+01    2.58247E+01    4.96282E+01
    1.96593E+04    2.06530E+06    9.38305E+04    1.50873E+04    2.15617E-02   -1.72204E-03    1.46829E-01    2.58247E+01    2.62059E+01    5.03665E+01
    1.98819E+04    2.16423E+06    9.89347E+04    1.50873E+04    2.22289E-02   -1.74908E-03    1.49083E-01    2.62059E+01    2.65975E+01    5.11244E+01
    2.01070E+04    2.26859E+06    1.04353E+05    1.50873E+04    2.29248E-02   -1.77737E-03    1.51399E-01    2.65975E+01    2.69999E+01    5.19030E+01
    2.03347E+04    2.37870E+06    1.10109E+05    1.50873E+04    2.36511E-02   -1.80701E-03    1.53778E-01    2.69999E+01    2.74136E+01    5.27032E+01
    2.05649E+04    2.49492E+06    1.16226E+05    1.50873E+04    2.44097E-02   -1.83807E-03    1.56225E-01    2.74136E+01    2.78391E+01    5.35258E+01
    2.07978E+04    2.61765E+06    1.22731E+05    1.50873E+04    2.52025E-02   -1.87067E-03    1.58742E-01    2.78391E+01    2.82772E+01    5.43720E+01
    2.10332E+04    2.74731E+06    1.29653E+05    1.50873E+04    2.60317E-02   -1.90492E-03    1.61332E-01    2.82772E+01    2.87282E+01    5.52430E+01
    2.12714E+04    2.88433E+06    1.37024E+05    1.50873E+04    2.68996E-02   -1.94095E-03    1.64000E-01    2.87282E+01    2.91930E+01    5.61399E+01
    2.15122E+04    3.02921E+06    1.44878E+05    1.50873E+04    2.78089E-02   -1.97888E-03    1.66748E-01    2.91930E+01    2.96723E+01    5.70642E+01
    2.17557E+04    3.18246E+06    1.53253E+05    1.50873E+04    2.87622E-02   -2.01886E-03    1.69582E-01    2.96723E+01    3.01667E+01    5.80171E+01
    2.20020E+04    3.34465E+06    1.62191E+05    1.50873E+04    2.97626E-02   -2.06106E-03    1.72506E-01    3.01667E+01    3.06772E+01    5.90002E+01
    2.22511E+04    3.51639E+06    1.71737E+05    1.50873E+04    3.08133E-02   -2.10564E-03    1.75525E-01    3.06772E+01    3.12046E+01    6.00153E+01
    2.25030E+04    3.69833E+06    1.81941E+05    1.50873E+04    3.19181E-02   -2.15280E-03    1.78643E-01    3.12046E+01    3.17500E+01    6.10640E+01
    2.27578E+04    3.89119E+06    1.92858E+05    1.50873E+04    3.30807E-02   -2.20275E-03    1.81868E-01    3.17500E+01    3.23142E+01    6.21482E+01
    2.30154E+04    4.09574E+06    2.04550E+05    1.50873E+04    3.43057E-02   -2.25572E-03    1.85204E-01    3.23142E+01    3.28986E+01    6.32702E+01
    2.32759E+04    4.31282E+06    2.17082E+05    1.50873E+04    3.55978E-02   -2.31195E-03    1.88660E-01    3.28986E+01    3.35043E+01    6.44321E+01
    2.35394E+04    4.54335E+06    2.30530E+05    1.50873E+04    3.69622E-02   -2.37173E-03    1.92241E-01    3.35043E+01    3.41328E+01    6.56365E+01
    2.38058E+04    4.78833E+06    2.44976E+05    1.50873E+04    3.84049E-02   -2.43535E-03    1.95956E-01    3.41328E+01    3.47853E+01    6.68859E+01
    2.40753E+04    5.04884E+06    2.60512E+05    1.50873E+04    3.99321E-02   -2.50314E-03    1.99815E-01    3.47853E+01    3.54636E+01    6.81833E+01
    2.43478E+04    5.32608E+06    2.77241E+05    1.50873E+04    4.15512E-02   -2.57547E-03    2.03825E-01    3.54636E+01    3.61694E+01    6.95319E+01
    2.46234E+04    5.62135E+06    2.95276E+05    1.50873E+04    4.32699E-02   -2.65275E-03    2.07997E-01    3.61694E+01    3.69046E+01    7.09351E+01
    2.49021E+04    5.93610E+06    3.14746E+05    1.50873E+04    4.50973E-02   -2.73541E-03    2.12344E-01    3.69046E+01    3.76712E+01    7.23967E+01
    2.51840E+04    6.27189E+06    3.35794E+05    1.50873E+04    4.70431E-02   -2.82396E-03    2.16876E-01    3.76712E+01    3.84716E+01    7.39209E+01
    2.54690E+04    6.63048E+06    3.58583E+05    1.50873E+04    4.91184E-02   -2.91893E-03    2.21607E-01    3.84716E+01    3.93083E+01    7.55122E+01
    2.57573E+04    7.01377E+06    3.83294E+05    1.50873E+04    5.13356E-02   -3.02095E-03    2.26553E-01    3.93083E+01    4.01840E+01    7.71755E+01
    2.60488E+04    7.42390E+06    4.10132E+05    1.50873E+04    5.37085E-02   -3.13069E-03    2.31730E-01    4.01840E+01    4.11018E+01    7.89165E+01
    2.63436E+04    7.86324E+06    4.39333E+05    1.50873E+04    5.62529E-02   -3.24891E-03    2.37155E-01    4.11018E+01    4.20649E+01    8.07410E+01
    2.66417E+04    8.33440E+06    4.71161E+05    1.50873E+04    5.89866E-02   -3.37647E-03    2.42848E-01    4.20649E+01    4.30773E+01    8.26558E+01
    2.69432E+04    8.84031E+06    5.05918E+05    1.50873E+04    6.19294E-02   -3.51433E-03    2.48831E-01    4.30773E+01    4.41428E+01    8.46682E+01
    2.72481E+04    9.38427E+06    5.43952E+05    1.50873E+04    6.51044E-02   -3.66358E-03    2.55129E-01    4.41428E+01    4.52662E+01    8.67864E+01
    2.75565E+04    9.96993E+06    5.85660E+05    1.50873E+04    6.85374E-02   -3.82545E-03    2.61768E-01    4.52662E+01    4.64524E+01    8.90195E+01
    2.78684E+04    1.06014E+07    6.31498E+05    1.50873E+04    7.22582E-02   -4.00134E-03    2.68779E-01    4.64524E+01    4.77072E+01    9.13775E+01
    2.81837E+04    1.12834E+07    6.81997E+05    1.50873E+04    7.63010E-02   -4.19286E-03    2.76195E-01    4.77072E+01    4.90370E+01    9.38718E+01
    2.85027E+04    1.20212E+07    7.37769E+05    1.50873E+04    8.07051E-02   -4.40184E-03    2.84052E-01    4.90370E+01    5.04488E+01    9.65149E+01
    2.88252E+04    1.28207E+07    7.99528E+05    1.50873E+04    8.55161E-02   -4.63038E-03    2.92395E-01    5.04488E+01    5.19506E+01    9.93211E+01
    2.91514E+04    1.36888E+07    8.68110E+05    1.50873E+04    9.07867E-02   -4.88094E-03    3.01269E-01    5.19506E+01    5.35516E+01    1.02306E+02
    2.94812E+04    1.46333E+07    9.44497E+05    1.50873E+04    9.65786E-02   -5.15636E-03    3.10728E-01    5.35516E+01    5.52621E+01    1.05488E+02
    2.98148E+04    1.56632E+07    1.02984E+06    1.50873E+04    1.02964E-01   -5.45993E-03    3.20834E-01    5.52621E+01    5.70938E+01    1.08888E+02
    3.01522E+04    1.67887E+07    1.12553E+06    1.50873E+04    1.10028E-01   -5.79555E-03    3.31654E-01    5.70938E+01    5.90600E+01    1.12528E+02
    3.04934E+04    1.80219E+07    1.23318E+06    1.50873E+04    1.17871E-01   -6.16780E-03    3.43269E-01    5.90600E+01    6.11761E+01    1.16436E+02
    3.08384E+04    1.93767E+07    1.35478E+06    1.50873E+04    1.26614E-01   -6.58214E-03    3.55768E-01    6.11761E+01    6.34599E+01    1.20641E+02
    3.11873E+04    2.08693E+07    1.49268E+06    1.50873E+04    1.36400E-01   -7.04509E-03    3.69256E-01    6.34599E+01    6.59320E+01    1.25179E+02
    3.15402E+04    2.25191E+07    1.64976E+06    1.50873E+04    1.47401E-01   -7.56449E-03    3.83854E-01    6.59320E+01    6.86163E+01    1.30091E+02
    3.18971E+04    2.43486E+07    1.82955E+06    1.50873E+04    1.59830E-01   -8.14989E-03    3.99705E-01    6.86163E+01    7.15410E+01    1.35425E+02
    3.22580E+04    2.63850E+07    2.03638E+06    1.50873E+04    1.73943E-01   -8.81297E-03    4.16972E-01    7.15410E+01    7.47394E+01    1.41236E+02
    3.26230E+04    2.86607E+07    2.27565E+06    1.50873E+04    1.90059E-01   -9.56820E-03    4.35852E-01    7.47394E+01    7.82512E+01    1.47590E+02
    3.29921E+04    3.12148E+07    2.55412E+06    1.50873E+04    2.08573E-01   -1.04337E-02    4.56579E-01    7.82512E+01    8.21239E+01    1.54566E+02
    3.33653E+04    3.40951E+07    2.88036E+06    1.50873E+04    2.29984E-01   -1.14323E-02    4.79431E-01    8.21239E+01    8.64152E+01    1.62258E+02
    3.37428E+04    3.73605E+07    3.26537E+06    1.50873E+04    2.54928E-01   -1.25934E-02    5.04747E-01    8.64152E+01    9.11957E+01    1.70781E+02
    3.41246E+04    4.10839E+07    3.72338E+06    1.50873E+04    2.84222E-01   -1.39554E-02    5.32942E-01    9.11957E+01    9.65531E+01    1.80274E+02
    3.45106E+04    4.53571E+07    4.27315E+06    1.50873E+04    3.18935E-01   -1.55689E-02    5.64528E-01    9.65531E+01    1.02597E+02    1.90911E+02
    3.49010E+04    5.02968E+07    4.93973E+06    1.50873E+04    3.60488E-01   -1.75025E-02    6.00151E-01    1.02597E+02    1.09469E+02    2.02910E+02
    3.52959E+04    5.60540E+07    5.75720E+06    1.50873E+04    4.10802E-01   -1.98509E-02    6.40631E-01    1.09469E+02    1.17351E+02    2.16548E+02
    3.56952E+04    6.28269E+07    6.77291E+06    1.50873E+04    4.72532E-01   -2.27486E-02    6.87033E-01    1.17351E+02    1.26486E+02    2.32185E+02
    3.60990E+04    7.08811E+07    8.05423E+06    1.50873E+04    5.49433E-01   -2.63920E-02    7.40768E-01    1.26486E+02    1.37203E+02    2.50301E+02
    3.65074E+04    8.05809E+07    9.69980E+06    1.50873E+04    6.46976E-01   -3.10788E-02    8.03748E-01    1.37203E+02    1.49966E+02    2.71546E+02
    3.69204E+04    9.24399E+07    1.18590E+07    1.50873E+04    7.73409E-01   -3.72807E-02    8.78646E-01    1.49966E+02    1.65449E+02    2.96828E+02
    3.73380E+04    1.07208E+08    1.47678E+07    1.50873E+04    9.41694E-01   -4.57869E-02    9.69329E-01    1.65449E+02    1.84680E+02    3.27468E+02
    3.77604E+04    1.26026E+08    1.88183E+07    1.50873E+04    1.17330E+00   -5.80125E-02    1.08164E+00    1.84680E+02    2.09321E+02    3.65470E+02
    3.81876E+04    1.50733E+08    2.47074E+07    1.50873E+04    1.50623E+00   -7.67390E-02    1.22488E+00    2.09321E+02    2.42284E+02    4.14054E+02
    3.86195E+04    1.84520E+08    3.37870E+07    1.50873E+04    2.01395E+00   -1.08174E-01    1.41501E+00    2.42284E+02    2.89276E+02    4.78796E+02
    3.90564E+04    2.33543E+08    4.90222E+07    1.50873E+04    2.85711E+00   -1.69004E-01    1.68183E+00    2.89276E+02    3.63521E+02    5.70385E+02
    3.94982E+04    3.11802E+08    7.82589E+07    1.50873E+04    4.45967E+00   -3.18851E-01    2.08758E+00    3.63521E+02    5.05180E+02    7.12451E+02
    3.99450E+04    4.63662E+08    1.51860E+08    1.50873E+04    8.46151E+00   -8.81316E-01    2.77214E+00    5.05180E+02    9.01153E+02    9.68530E+02
    4.03968E+04    1.15539E+09    6.91732E+08    1.50873E+04    3.76857E+01   -4.73861E+00    3.90273E+00    9.01153E+02    3.05426E+03    1.55347E+03
