 # rho, F_z,dF_z, z(rho), E2 (=>sigma2=e0^2*E2), Er, Ez, Ui,j , Ui+1,j , Ui,j-1
    2.50000E-01    4.38253E-01    4.38253E-01    0.00000E+00    3.50602E+00   -4.86012E-01    1.80826E+00    2.14714E+00    2.39014E+00    3.05127E+00
    7.31707E-01    1.23406E+00    7.95808E-01    5.00000E-01    2.34694E+00   -1.89415E-01    1.52022E+00    1.63004E+00    1.71781E+00    2.39014E+00
    1.19774E+00    2.47701E+00    1.24295E+00    5.00000E-01    2.21432E+00   -6.80285E-02    1.48650E+00    1.71781E+00    1.74970E+00    2.46106E+00
    1.66904E+00    4.26876E+00    1.79176E+00    5.00000E-01    2.26508E+00   -4.40973E-02    1.50437E+00    1.74970E+00    1.77059E+00    2.50188E+00
    2.14566E+00    6.68185E+00    2.41308E+00    5.00000E-01    2.34639E+00   -4.39116E-02    1.53116E+00    1.77059E+00    1.79164E+00    2.53618E+00
    2.62767E+00    9.80055E+00    3.11870E+00    5.00000E-01    2.44857E+00   -5.47108E-02    1.56383E+00    1.79164E+00    1.81816E+00    2.57356E+00
    3.11513E+00    1.37404E+01    3.93986E+00    5.00000E-01    2.58009E+00   -7.74489E-02    1.60440E+00    1.81816E+00    1.85613E+00    2.62036E+00
    3.60810E+00    1.86668E+01    4.92637E+00    5.00000E-01    2.75422E+00   -1.23659E-01    1.65497E+00    1.85613E+00    1.91743E+00    2.68361E+00
    4.10663E+00    2.48177E+01    6.15091E+00    5.00000E-01    2.98761E+00   -2.30842E-01    1.71299E+00    1.91743E+00    2.03316E+00    2.77392E+00
    4.61080E+00    3.26227E+01    7.80504E+00    5.00000E-01    3.33879E+00   -5.26659E-01    1.74969E+00    2.03316E+00    2.30018E+00    2.90800E+00
    5.12067E+00    3.96239E+01    7.00117E+00    9.63414E-01    2.66658E+00   -4.23747E-01    1.57703E+00    1.51166E+00    1.72893E+00    2.30018E+00
    5.63630E+00    4.74612E+01    7.83730E+00    9.63414E-01    2.68166E+00   -3.59359E-01    1.59766E+00    1.72893E+00    1.91527E+00    2.52776E+00
    6.15775E+00    5.78641E+01    1.04029E+01    9.63414E-01    3.22168E+00   -6.42659E-01    1.67591E+00    1.91527E+00    2.25227E+00    2.75322E+00
    6.68510E+00    6.71581E+01    9.29402E+00    1.43207E+00    2.62160E+00   -5.28900E-01    1.53031E+00    1.54310E+00    1.82358E+00    2.25227E+00
    7.21840E+00    7.86883E+01    1.15302E+01    1.43207E+00    2.97842E+00   -6.95858E-01    1.57930E+00    1.82358E+00    2.19677E+00    2.55545E+00
    7.75774E+00    8.85284E+01    9.84011E+00    1.90601E+00    2.33870E+00   -5.26327E-01    1.43586E+00    1.52385E+00    1.80931E+00    2.19677E+00
    8.30316E+00    1.01377E+02    1.28486E+01    1.90601E+00    2.82125E+00   -7.07186E-01    1.52353E+00    1.80931E+00    2.19720E+00    2.52331E+00
    8.85475E+00    1.12597E+02    1.12196E+01    2.38531E+00    2.28430E+00   -5.37500E-01    1.41258E+00    1.52771E+00    1.82585E+00    2.19720E+00
    9.41258E+00    1.27726E+02    1.51296E+01    2.38531E+00    2.86543E+00   -7.47265E-01    1.51889E+00    1.82585E+00    2.24504E+00    2.54573E+00
    9.97670E+00    1.41406E+02    1.36798E+01    2.87003E+00    2.41703E+00   -5.94167E-01    1.43666E+00    1.55644E+00    1.89351E+00    2.24504E+00
    1.05472E+01    1.61034E+02    1.96280E+01    2.87003E+00    3.24376E+00   -9.03689E-01    1.55792E+00    1.89351E+00    2.41196E+00    2.64022E+00
    1.11242E+01    1.82382E+02    2.13476E+01    3.36023E+00    3.30760E+00   -1.04465E+00    1.48873E+00    1.69035E+00    2.29644E+00    2.41196E+00
    1.17076E+01    2.01753E+02    1.93717E+01    3.85596E+00    2.82001E+00   -1.02909E+00    1.32702E+00    1.64594E+00    2.24975E+00    2.29644E+00
    1.22977E+01    2.20756E+02    1.90027E+01    4.35730E+00    2.60412E+00   -1.01437E+00    1.25506E+00    1.62758E+00    2.22948E+00    2.24975E+00
    1.28944E+01    2.40038E+02    1.92815E+01    4.86430E+00    2.49190E+00   -1.00809E+00    1.21477E+00    1.62047E+00    2.22540E+00    2.22948E+00
    1.34979E+01    2.60070E+02    2.00329E+01    5.37703E+00    2.44562E+00   -1.01262E+00    1.19173E+00    1.62120E+00    2.23572E+00    2.22540E+00
    1.41082E+01    2.81400E+02    2.13297E+01    5.89556E+00    2.46345E+00   -1.03331E+00    1.18141E+00    1.62997E+00    2.26414E+00    2.23572E+00
    1.47254E+01    3.04972E+02    2.35721E+01    6.41994E+00    2.57919E+00   -1.08664E+00    1.18254E+00    1.65096E+00    2.32538E+00    2.26414E+00
    1.53495E+01    3.33542E+02    2.85698E+01    6.95025E+00    2.96539E+00   -1.24554E+00    1.18913E+00    1.70182E+00    2.48361E+00    2.32538E+00
    1.59807E+01    3.51398E+02    1.78556E+01    8.02892E+00    1.76022E+00   -1.07519E+00    7.77303E-01    1.53742E+00    2.21990E+00    1.95429E+00
    1.66191E+01    3.79052E+02    2.76542E+01    8.57741E+00    2.59218E+00   -1.24721E+00    1.01816E+00    1.66769E+00    2.46832E+00    2.21990E+00
    1.72646E+01    4.01655E+02    2.26032E+01    9.69305E+00    2.01671E+00   -1.22262E+00    7.22432E-01    1.57674E+00    2.37045E+00    1.97746E+00
    1.79175E+01    4.23777E+02    2.21218E+01    1.08341E+01    1.88058E+00   -1.20416E+00    6.56187E-01    1.56078E+00    2.35134E+00    1.93303E+00
    1.85777E+01    4.47910E+02    2.41329E+01    1.20010E+01    1.95653E+00   -1.25293E+00    6.21856E-01    1.57453E+00    2.40640E+00    1.93533E+00
    1.92454E+01    4.68955E+02    2.10453E+01    1.38013E+01    1.62861E+00   -1.18990E+00    4.61242E-01    1.51733E+00    2.31628E+00    1.79411E+00
    1.99207E+01    4.85740E+02    1.67852E+01    1.62981E+01    1.24089E+00   -1.05789E+00    3.48940E-01    1.45667E+00    2.17501E+00    1.67569E+00
    2.06035E+01    4.99910E+02    1.41696E+01    1.89097E+01    1.00149E+00   -9.54046E-01    3.02133E-01    1.42346E+00    2.07861E+00    1.62182E+00
    2.12941E+01    5.15023E+02    1.51133E+01    2.09469E+01    1.02200E+00   -9.62036E-01    3.10618E-01    1.44153E+00    2.10963E+00    1.65245E+00
    2.19925E+01    5.28268E+02    1.32453E+01    2.37722E+01    8.57549E-01   -8.89993E-01    2.55856E-01    1.41250E+00    2.03755E+00    1.59422E+00
    2.26988E+01    5.39943E+02    1.16743E+01    2.67274E+01    7.24134E-01   -8.19593E-01    2.28913E-01    1.39156E+00    1.97367E+00    1.56161E+00
    2.34130E+01    5.52428E+02    1.24849E+01    2.90326E+01    7.42398E-01   -8.28121E-01    2.37935E-01    1.40909E+00    2.00390E+00    1.59191E+00
    2.41354E+01    5.63098E+02    1.06706E+01    3.22296E+01    6.08648E-01   -7.54683E-01    1.97741E-01    1.37904E+00    1.92723E+00    1.53796E+00
    2.48659E+01    5.74057E+02    1.09587E+01    3.47234E+01    5.99935E-01   -7.47000E-01    2.04758E-01    1.38867E+00    1.93742E+00    1.55888E+00
    2.56046E+01    5.84983E+02    1.09263E+01    3.73028E+01    5.74416E-01   -7.31960E-01    1.96596E-01    1.38942E+00    1.93319E+00    1.55844E+00
    2.63517E+01    5.95789E+02    1.08056E+01    3.99705E+01    5.45797E-01   -7.14785E-01    1.86763E-01    1.38825E+00    1.92527E+00    1.55433E+00
    2.71072E+01    6.06436E+02    1.06475E+01    4.27298E+01    5.16980E-01   -6.96935E-01    1.76812E-01    1.38632E+00    1.91584E+00    1.54893E+00
    2.78713E+01    6.16903E+02    1.04664E+01    4.55836E+01    4.88729E-01   -6.78826E-01    1.67108E-01    1.38392E+00    1.90550E+00    1.54288E+00
    2.86440E+01    6.27165E+02    1.02625E+01    4.85353E+01    4.61073E-01   -6.60444E-01    1.57752E-01    1.38106E+00    1.89426E+00    1.53626E+00
    2.94255E+01    6.37188E+02    1.00230E+01    5.15882E+01    4.33456E-01   -6.41347E-01    1.48763E-01    1.37752E+00    1.88151E+00    1.52890E+00
    3.02157E+01    6.46886E+02    9.69775E+00    5.47457E+01    4.03857E-01   -6.19845E-01    1.40176E-01    1.37240E+00    1.86500E+00    1.51993E+00
    3.10149E+01    6.55858E+02    8.97220E+00    5.80115E+01    3.59946E-01   -5.84993E-01    1.33155E-01    1.36028E+00    1.83044E+00    1.50523E+00
    3.18232E+01    6.66472E+02    1.06137E+01    6.02507E+01    4.10349E-01   -6.19362E-01    1.63524E-01    1.39694E+00    1.90034E+00    1.57899E+00
    3.26405E+01    6.76129E+02    9.65715E+00    6.37052E+01    3.59950E-01   -5.86799E-01    1.24967E-01    1.37296E+00    1.85528E+00    1.51685E+00
    3.34671E+01    6.84906E+02    8.77641E+00    6.72782E+01    3.15477E-01   -5.49504E-01    1.16288E-01    1.35710E+00    1.81387E+00    1.49559E+00
    3.43031E+01    6.95062E+02    1.01560E+01    6.97280E+01    3.52192E-01   -5.76035E-01    1.42746E-01    1.38901E+00    1.87325E+00    1.56288E+00
    3.51485E+01    7.03781E+02    8.71960E+00    7.35074E+01    2.91810E-01   -5.29090E-01    1.08966E-01    1.35644E+00    1.80624E+00    1.49371E+00
    3.60034E+01    7.13439E+02    9.65830E+00    7.60988E+01    3.12023E-01   -5.42464E-01    1.33254E-01    1.38024E+00    1.84662E+00    1.55192E+00
    3.68680E+01    7.24010E+02    1.05702E+01    7.87490E+01    3.29750E-01   -5.58334E-01    1.34213E-01    1.39662E+00    1.88207E+00    1.57347E+00
    3.77424E+01    7.33002E+02    8.99259E+00    8.28378E+01    2.70973E-01   -5.11166E-01    9.83982E-02    1.36105E+00    1.81051E+00    1.49515E+00
    3.86267E+01    7.43145E+02    1.01424E+01    8.56412E+01    2.95286E-01   -5.30152E-01    1.19265E-01    1.38766E+00    1.85908E+00    1.55389E+00
    3.95209E+01    7.51746E+02    8.60146E+00    8.99662E+01    2.42022E-01   -4.83795E-01    8.92426E-02    1.35328E+00    1.78835E+00    1.48194E+00
    4.04252E+01    7.61054E+02    9.30757E+00    9.29317E+01    2.53171E-01   -4.91090E-01    1.09549E-01    1.37224E+00    1.81885E+00    1.53376E+00
    4.13398E+01    7.70731E+02    9.67746E+00    9.59645E+01    2.54532E-01   -4.92243E-01    1.10587E-01    1.37939E+00    1.83211E+00    1.54615E+00
    4.22647E+01    7.80739E+02    1.00080E+01    9.90662E+01    2.54588E-01   -4.92656E-01    1.08987E-01    1.38504E+00    1.84326E+00    1.55311E+00
    4.32001E+01    7.91318E+02    1.05786E+01    1.02238E+02    2.60335E-01   -4.99115E-01    1.05920E-01    1.39437E+00    1.86385E+00    1.56143E+00
    4.41460E+01    8.00113E+02    8.79529E+00    1.07133E+02    2.09444E-01   -4.51343E-01    7.57199E-02    1.35549E+00    1.78483E+00    1.47902E+00
    4.51026E+01    8.09500E+02    9.38688E+00    1.10488E+02    2.16346E-01   -4.55768E-01    9.28519E-02    1.37156E+00    1.81001E+00    1.52647E+00
    4.60700E+01    8.19129E+02    9.62947E+00    1.13920E+02    2.14849E-01   -4.54051E-01    9.32049E-02    1.37623E+00    1.81795E+00    1.53526E+00
    4.70484E+01    8.28901E+02    9.77123E+00    1.17430E+02    2.11093E-01   -4.50242E-01    9.15181E-02    1.37846E+00    1.82143E+00    1.53817E+00
    4.80378E+01    8.38770E+02    9.86992E+00    1.21019E+02    2.06500E-01   -4.45558E-01    8.93199E-02    1.37977E+00    1.82309E+00    1.53918E+00
    4.90384E+01    8.48715E+02    9.94439E+00    1.24691E+02    2.01536E-01   -4.40425E-01    8.69553E-02    1.38058E+00    1.82375E+00    1.53930E+00
    5.00503E+01    8.58717E+02    1.00021E+01    1.28445E+02    1.96387E-01   -4.35018E-01    8.45393E-02    1.38108E+00    1.82374E+00    1.53889E+00
    5.10736E+01    8.68763E+02    1.00457E+01    1.32285E+02    1.91131E-01   -4.29404E-01    8.21195E-02    1.38131E+00    1.82320E+00    1.53810E+00
    5.21085E+01    8.78838E+02    1.00750E+01    1.36212E+02    1.85783E-01   -4.23589E-01    7.97179E-02    1.38129E+00    1.82213E+00    1.53695E+00
    5.31551E+01    8.88924E+02    1.00868E+01    1.40229E+02    1.80301E-01   -4.17515E-01    7.73455E-02    1.38097E+00    1.82039E+00    1.53542E+00
    5.42135E+01    8.98997E+02    1.00726E+01    1.44337E+02    1.74559E-01   -4.11014E-01    7.50105E-02    1.38018E+00    1.81765E+00    1.53338E+00
    5.52839E+01    9.09007E+02    1.00097E+01    1.48538E+02    1.68210E-01   -4.03633E-01    7.27355E-02    1.37854E+00    1.81301E+00    1.53047E+00
    5.63664E+01    9.18828E+02    9.82175E+00    1.52834E+02    1.60073E-01   -3.93802E-01    7.06636E-02    1.37471E+00    1.80338E+00    1.52566E+00
    5.74611E+01    9.27875E+02    9.04666E+00    1.57229E+02    1.43016E-01   -3.71555E-01    7.04469E-02    1.36048E+00    1.76951E+00    1.51439E+00
    5.85682E+01    9.40492E+02    1.26169E+01    1.59463E+02    1.93501E-01   -4.13507E-01    1.50043E-01    1.43799E+00    1.89834E+00    1.76951E+00
    5.96878E+01    9.51489E+02    1.09969E+01    1.64008E+02    1.63642E-01   -3.98024E-01    7.22448E-02    1.39477E+00    1.84290E+00    1.55803E+00
    6.08200E+01    9.62139E+02    1.06500E+01    1.68656E+02    1.53792E-01   -3.86551E-01    6.61077E-02    1.38719E+00    1.82732E+00    1.53997E+00
    6.19650E+01    9.72477E+02    1.03376E+01    1.73410E+02    1.44886E-01   -3.75337E-01    6.33051E-02    1.38108E+00    1.81327E+00    1.53071E+00
    6.31230E+01    9.81959E+02    9.48227E+00    1.78272E+02    1.29001E-01   -3.53642E-01    6.27591E-02    1.36574E+00    1.77755E+00    1.51745E+00
    6.42940E+01    9.95028E+02    1.30687E+01    1.80744E+02    1.72604E-01   -3.92058E-01    1.37459E-01    1.44151E+00    1.90321E+00    1.77755E+00
    6.54783E+01    1.00633E+03    1.13022E+01    1.85773E+02    1.44936E-01   -3.75289E-01    6.39869E-02    1.39696E+00    1.84390E+00    1.55694E+00
    6.66760E+01    1.01711E+03    1.07828E+01    1.90916E+02    1.34274E-01   -3.61726E-01    5.85554E-02    1.38670E+00    1.82236E+00    1.53643E+00
    6.78872E+01    1.02694E+03    9.82775E+00    1.96176E+02    1.18855E-01   -3.39919E-01    5.75285E-02    1.36982E+00    1.78385E+00    1.52027E+00
    6.91121E+01    1.04034E+03    1.34045E+01    1.98850E+02    1.57459E-01   -3.75414E-01    1.28544E-01    1.44389E+00    1.90632E+00    1.78385E+00
    7.03508E+01    1.05177E+03    1.14277E+01    2.04290E+02    1.30400E-01   -3.56344E-01    5.84738E-02    1.39680E+00    1.84069E+00    1.55496E+00
    7.16036E+01    1.06204E+03    1.02654E+01    2.09854E+02    1.13803E-01   -3.32852E-01    5.48845E-02    1.37608E+00    1.79540E+00    1.52791E+00
    7.28704E+01    1.07593E+03    1.38960E+01    2.12683E+02    1.49681E-01   -3.66589E-01    1.23667E-01    1.44944E+00    1.91647E+00    1.79540E+00
    7.41516E+01    1.08773E+03    1.17989E+01    2.18438E+02    1.23501E-01   -3.47075E-01    5.51401E-02    1.40119E+00    1.84836E+00    1.55895E+00
    7.54473E+01    1.09832E+03    1.05850E+01    2.24323E+02    1.07675E-01   -3.24050E-01    5.16416E-02    1.37999E+00    1.80221E+00    1.53110E+00
    7.67576E+01    1.11257E+03    1.42499E+01    2.27316E+02    1.40890E-01   -3.56287E-01    1.18107E-01    1.45271E+00    1.92218E+00    1.80221E+00
    7.80828E+01    1.12463E+03    1.20587E+01    2.33403E+02    1.15893E-01   -3.36471E-01    5.17701E-02    1.40372E+00    1.85209E+00    1.56040E+00
    7.94229E+01    1.13538E+03    1.07556E+01    2.39628E+02    1.00489E-01   -3.13270E-01    4.84840E-02    1.38134E+00    1.80351E+00    1.53141E+00
    8.07781E+01    1.14970E+03    1.43190E+01    2.42794E+02    1.30067E-01   -3.42681E-01    1.12414E-01    1.45163E+00    1.91866E+00    1.80351E+00
    8.21487E+01    1.16112E+03    1.14223E+01    2.49232E+02    1.00884E-01   -3.13672E-01    4.99428E-02    1.39225E+00    1.82457E+00    1.55213E+00
    8.35347E+01    1.17617E+03    1.50432E+01    2.52507E+02    1.29200E-01   -3.41481E-01    1.12211E-01    1.46129E+00    1.93725E+00    1.82457E+00
    8.49364E+01    1.18813E+03    1.19588E+01    2.59166E+02    9.98858E-02   -3.12251E-01    4.88342E-02    1.39993E+00    1.84008E+00    1.56163E+00
    8.63540E+01    1.20390E+03    1.57758E+01    2.62552E+02    1.28156E-01   -3.40558E-01    1.10343E-01    1.47059E+00    1.95606E+00    1.84008E+00
    8.77875E+01    1.21710E+03    1.31968E+01    2.69440E+02    1.04277E-01   -3.19606E-01    4.61396E-02    1.41773E+00    1.87848E+00    1.57574E+00
    8.92373E+01    1.22884E+03    1.17429E+01    2.76485E+02    9.02609E-02   -2.97351E-01    4.29346E-02    1.39407E+00    1.82758E+00    1.54445E+00
    9.07034E+01    1.24432E+03    1.54800E+01    2.80067E+02    1.15755E-01   -3.24380E-01    1.02627E-01    1.46408E+00    1.94234E+00    1.82758E+00
    9.21861E+01    1.25666E+03    1.23398E+01    2.87353E+02    8.97743E-02   -2.96373E-01    4.40181E-02    1.40335E+00    1.84526E+00    1.56281E+00
    9.36856E+01    1.27275E+03    1.60860E+01    2.91058E+02    1.13869E-01   -3.21664E-01    1.01988E-01    1.47163E+00    1.95666E+00    1.84526E+00
    9.52020E+01    1.28546E+03    1.27167E+01    2.98594E+02    8.75947E-02   -2.92832E-01    4.29426E-02    1.40829E+00    1.85484E+00    1.56918E+00
    9.67356E+01    1.30197E+03    1.65086E+01    3.02425E+02    1.10661E-01   -3.17299E-01    9.99087E-02    1.47628E+00    1.96560E+00    1.85484E+00
    9.82864E+01    1.31497E+03    1.29981E+01    3.10220E+02    8.47959E-02   -2.88200E-01    4.16713E-02    1.41162E+00    1.86110E+00    1.57310E+00
    9.98548E+01    1.33176E+03    1.67864E+01    3.14183E+02    1.06585E-01   -3.11561E-01    9.75445E-02    1.47882E+00    1.97022E+00    1.86110E+00
    1.01441E+02    1.34474E+03    1.29814E+01    3.22244E+02    8.02300E-02   -2.80321E-01    4.06219E-02    1.41048E+00    1.85760E+00    1.57329E+00
    1.03045E+02    1.36096E+03    1.62201E+01    3.26343E+02    9.75837E-02   -2.97359E-01    9.57141E-02    1.46964E+00    1.94930E+00    1.85760E+00
    1.04667E+02    1.38004E+03    1.90773E+01    3.30489E+02    1.11731E-01   -3.16506E-01    1.07495E-01    1.50866E+00    2.02498E+00    1.94930E+00
    1.06308E+02    1.39448E+03    1.44486E+01    3.38921E+02    8.23853E-02   -2.84185E-01    4.02992E-02    1.43087E+00    1.89969E+00    1.59981E+00
    1.07967E+02    1.41302E+03    1.85408E+01    3.43208E+02    1.02931E-01   -3.06609E-01    9.44583E-02    1.49922E+00    2.01076E+00    1.89969E+00
    1.09645E+02    1.42757E+03    1.45428E+01    3.51929E+02    7.86121E-02   -2.77770E-01    3.81579E-02    1.43098E+00    1.89964E+00    1.59644E+00
    1.11341E+02    1.44622E+03    1.86483E+01    3.56364E+02    9.81598E-02   -2.99708E-01    9.12973E-02    1.49930E+00    2.01068E+00    1.89964E+00
    1.13057E+02    1.46065E+03    1.44389E+01    3.65384E+02    7.40124E-02   -2.69525E-01    3.69968E-02    1.42863E+00    1.89371E+00    1.59455E+00
    1.14793E+02    1.47860E+03    1.79426E+01    3.69970E+02    8.95696E-02   -2.85656E-01    8.92749E-02    1.48882E+00    1.98731E+00    1.89371E+00
    1.16547E+02    1.49958E+03    2.09805E+01    3.74609E+02    1.02005E-01   -3.03277E-01    1.00142E-01    1.52800E+00    2.06321E+00    1.98731E+00
    1.18322E+02    1.51547E+03    1.58899E+01    3.84044E+02    7.52460E-02   -2.71859E-01    3.65900E-02    1.44769E+00    1.93288E+00    1.61933E+00
    1.20117E+02    1.53568E+03    2.02162E+01    3.88841E+02    9.32490E-02   -2.92465E-01    8.78256E-02    1.51625E+00    2.04411E+00    1.93288E+00
    1.21932E+02    1.55129E+03    1.56051E+01    3.98599E+02    7.01160E-02   -2.62492E-01    3.48436E-02    1.44275E+00    1.92187E+00    1.61180E+00
    1.23768E+02    1.57058E+03    1.92924E+01    4.03561E+02    8.44438E-02   -2.77795E-01    8.52851E-02    1.50342E+00    2.01620E+00    1.92187E+00
    1.25624E+02    1.59300E+03    2.24179E+01    4.08579E+02    9.55943E-02   -2.94051E-01    9.55427E-02    1.54213E+00    2.09105E+00    2.01620E+00
    1.27501E+02    1.60973E+03    1.67268E+01    4.18786E+02    6.94909E-02   -2.61337E-01    3.45525E-02    1.45677E+00    1.95014E+00    1.63211E+00
    1.29400E+02    1.63032E+03    2.05965E+01    4.23976E+02    8.33699E-02   -2.76190E-01    8.41954E-02    1.51804E+00    2.04534E+00    1.95014E+00
    1.31320E+02    1.65422E+03    2.38988E+01    4.29225E+02    9.42572E-02   -2.92269E-01    9.40004E-02    1.55748E+00    2.12178E+00    2.04534E+00
    1.33262E+02    1.67234E+03    1.81152E+01    4.39901E+02    6.96191E-02   -2.61736E-01    3.33638E-02    1.47332E+00    1.98438E+00    1.65042E+00
    1.35225E+02    1.69525E+03    2.29117E+01    4.45329E+02    8.58042E-02   -2.81197E-01    8.20523E-02    1.54393E+00    2.09919E+00    1.98438E+00
    1.37211E+02    1.71298E+03    1.77340E+01    4.56371E+02    6.47215E-02   -2.52422E-01    3.16918E-02    1.46750E+00    1.97157E+00    1.64148E+00
    1.39219E+02    1.73480E+03    2.18152E+01    4.61986E+02    7.75907E-02   -2.66953E-01    7.95416E-02    1.52996E+00    2.06908E+00    1.97157E+00
    1.41250E+02    1.76001E+03    2.52157E+01    4.67664E+02    8.74081E-02   -2.81931E-01    8.90128E-02    1.56929E+00    2.14509E+00    2.06908E+00
    1.43304E+02    1.77885E+03    1.88346E+01    4.79214E+02    6.36336E-02   -2.50298E-01    3.13749E-02    1.48037E+00    1.99734E+00    1.66053E+00
    1.45381E+02    1.80188E+03    2.30278E+01    4.85087E+02    7.58323E-02   -2.64008E-01    7.83083E-02    1.54258E+00    2.09403E+00    1.99734E+00
    1.47482E+02    1.82835E+03    2.64705E+01    4.91026E+02    8.49678E-02   -2.78108E-01    8.73131E-02    1.58125E+00    2.16872E+00    2.09403E+00
    1.49606E+02    1.84794E+03    1.95976E+01    5.03107E+02    6.13203E-02   -2.45740E-01    3.05339E-02    1.48854E+00    2.01350E+00    1.67194E+00
    1.51754E+02    1.87163E+03    2.36899E+01    5.09249E+02    7.22590E-02   -2.57682E-01    7.65459E-02    1.54855E+00    2.10524E+00    2.01350E+00
    1.53927E+02    1.89805E+03    2.64207E+01    5.15462E+02    7.85633E-02   -2.66877E-01    8.56746E-02    1.57895E+00    2.16202E+00    2.10524E+00
    1.56124E+02    1.92756E+03    2.95042E+01    5.21744E+02    8.55310E-02   -2.78673E-01    8.87254E-02    1.61083E+00    2.22656E+00    2.16202E+00
    1.58346E+02    1.94925E+03    2.16932E+01    5.34523E+02    6.13122E-02   -2.45792E-01    2.99721E-02    1.51166E+00    2.06088E+00    1.70209E+00
    1.60593E+02    1.97562E+03    2.63681E+01    5.41021E+02    7.26609E-02   -2.58775E-01    7.54737E-02    1.57594E+00    2.16069E+00    2.06088E+00
    1.62866E+02    2.00578E+03    3.01562E+01    5.47592E+02    8.10245E-02   -2.72000E-01    8.39069E-02    1.61547E+00    2.23706E+00    2.16069E+00
    1.65164E+02    2.02811E+03    2.23338E+01    5.60958E+02    5.85109E-02   -2.40171E-01    2.87852E-02    1.51771E+00    2.07276E+00    1.70900E+00
    1.67488E+02    2.05501E+03    2.68996E+01    5.67755E+02    6.87181E-02   -2.51680E-01    7.33154E-02    1.58003E+00    2.16825E+00    2.07276E+00
    1.69838E+02    2.08491E+03    2.98965E+01    5.74628E+02    7.44757E-02   -2.60303E-01    8.19636E-02    1.61118E+00    2.22643E+00    2.16825E+00
    1.72215E+02    2.11815E+03    3.32455E+01    5.81579E+02    8.07627E-02   -2.71242E-01    8.47971E-02    1.64358E+00    2.29193E+00    2.22643E+00
    1.74619E+02    2.14248E+03    2.43260E+01    5.95718E+02    5.76300E-02   -2.38397E-01    2.82315E-02    1.53822E+00    2.11450E+00    1.73668E+00
    1.77050E+02    2.17169E+03    2.92080E+01    6.02907E+02    6.74832E-02   -2.49567E-01    7.21064E-02    1.60189E+00    2.21199E+00    2.11450E+00
    1.79508E+02    2.20407E+03    3.23880E+01    6.10178E+02    7.29809E-02   -2.57889E-01    8.04629E-02    1.63351E+00    2.27107E+00    2.21199E+00
    1.81994E+02    2.24002E+03    3.59487E+01    6.17531E+02    7.90050E-02   -2.68498E-01    8.31497E-02    1.66652E+00    2.33781E+00    2.27107E+00
    1.84509E+02    2.26636E+03    2.63368E+01    6.32487E+02    5.64540E-02   -2.36012E-01    2.74243E-02    1.55792E+00    2.15466E+00    1.76184E+00
    1.87052E+02    2.29794E+03    3.15813E+01    6.40091E+02    6.60296E-02   -2.47060E-01    7.06458E-02    1.62341E+00    2.25514E+00    2.15466E+00
    1.89623E+02    2.33292E+03    3.49843E+01    6.47782E+02    7.13463E-02   -2.55218E-01    7.88028E-02    1.65586E+00    2.31582E+00    2.25514E+00
    1.92223E+02    2.37171E+03    3.87896E+01    6.55560E+02    7.71646E-02   -2.65588E-01    8.14094E-02    1.68972E+00    2.38426E+00    2.31582E+00
    1.94853E+02    2.40019E+03    2.84757E+01    6.71380E+02    5.52581E-02   -2.33559E-01    2.66157E-02    1.57809E+00    2.19577E+00    1.78743E+00
    1.97513E+02    2.43430E+03    3.41063E+01    6.79424E+02    6.45637E-02   -2.44495E-01    6.91818E-02    1.64547E+00    2.29938E+00    2.19577E+00
    2.00203E+02    2.47204E+03    3.77448E+01    6.87560E+02    6.97038E-02   -2.52491E-01    7.71488E-02    1.67877E+00    2.36170E+00    2.29938E+00
    2.02923E+02    2.51384E+03    4.18042E+01    6.95787E+02    7.53145E-02   -2.62613E-01    7.96815E-02    1.71347E+00    2.43180E+00    2.36170E+00
    2.05673E+02    2.54458E+03    3.07366E+01    7.12521E+02    5.40241E-02   -2.30991E-01    2.58277E-02    1.59863E+00    2.23761E+00    1.81352E+00
    2.08455E+02    2.58134E+03    3.67575E+01    7.21030E+02    6.30321E-02   -2.41755E-01    6.77232E-02    1.66778E+00    2.34409E+00    2.23761E+00
    2.11269E+02    2.62195E+03    4.06147E+01    7.29636E+02    6.79513E-02   -2.49504E-01    7.54923E-02    1.70170E+00    2.40758E+00    2.34409E+00
    2.14114E+02    2.66684E+03    4.48898E+01    7.38338E+02    7.32778E-02   -2.59235E-01    7.79409E-02    1.73687E+00    2.47856E+00    2.40758E+00
    2.16991E+02    2.69976E+03    3.29200E+01    7.56040E+02    5.24334E-02   -2.27605E-01    2.50822E-02    1.61770E+00    2.27626E+00    1.83845E+00
    2.19901E+02    2.73891E+03    3.91507E+01    7.65041E+02    6.08447E-02   -2.37616E-01    6.62069E-02    1.68699E+00    2.38228E+00    2.27626E+00
    2.22843E+02    2.78172E+03    4.28050E+01    7.74144E+02    6.49118E-02   -2.43859E-01    7.37859E-02    1.71813E+00    2.43975E+00    2.38228E+00
    2.25819E+02    2.82771E+03    4.59869E+01    7.83349E+02    6.80491E-02   -2.49401E-01    7.64741E-02    1.74363E+00    2.48999E+00    2.43975E+00
    2.28829E+02    2.87794E+03    5.02360E+01    7.92659E+02    7.25393E-02   -2.57933E-01    7.75247E-02    1.77633E+00    2.55695E+00    2.48999E+00
    2.31872E+02    2.91451E+03    3.65638E+01    8.11595E+02    5.15218E-02   -2.25652E-01    2.45541E-02    1.64857E+00    2.33921E+00    1.87975E+00
    2.34950E+02    2.95780E+03    4.32906E+01    8.21224E+02    5.95288E-02   -2.35144E-01    6.50852E-02    1.71952E+00    2.44734E+00    2.33921E+00
    2.38063E+02    3.00485E+03    4.70565E+01    8.30961E+02    6.31477E-02   -2.40629E-01    7.24247E-02    1.74998E+00    2.50320E+00    2.44734E+00
    2.41211E+02    3.05489E+03    5.00385E+01    8.40809E+02    6.55324E-02   -2.44755E-01    7.50178E-02    1.77270E+00    2.54749E+00    2.50320E+00
    2.44394E+02    3.10808E+03    5.31842E+01    8.50768E+02    6.79768E-02   -2.49301E-01    7.63266E-02    1.79585E+00    2.59395E+00    2.54749E+00
    2.47614E+02    3.16587E+03    5.77915E+01    8.60839E+02    7.20906E-02   -2.57267E-01    7.68401E-02    1.82871E+00    2.66161E+00    2.59395E+00
    2.50870E+02    3.20794E+03    4.20763E+01    8.81325E+02    5.12270E-02   -2.25056E-01    2.40154E-02    1.69262E+00    2.42948E+00    1.93723E+00
    2.54162E+02    3.25777E+03    4.98275E+01    8.91741E+02    5.92089E-02   -2.34711E-01    6.41859E-02    1.76834E+00    2.54549E+00    2.42948E+00
    2.57492E+02    3.31208E+03    5.43068E+01    9.02276E+02    6.29854E-02   -2.40605E-01    7.13767E-02    1.80198E+00    2.60764E+00    2.54549E+00
    2.60859E+02    3.37028E+03    5.82001E+01    9.12929E+02    6.58850E-02   -2.45824E-01    7.38627E-02    1.82954E+00    2.66198E+00    2.60764E+00
    2.64265E+02    3.43370E+03    6.34199E+01    9.23703E+02    7.00769E-02   -2.53932E-01    7.48030E-02    1.86507E+00    2.73469E+00    2.66198E+00
    2.67709E+02    3.48001E+03    4.63171E+01    9.45618E+02    4.99560E-02   -2.22294E-01    2.32712E-02    1.72436E+00    2.49423E+00    1.97791E+00
    2.71192E+02    3.53472E+03    5.47046E+01    9.56761E+02    5.75939E-02   -2.31627E-01    6.27905E-02    1.80236E+00    2.61362E+00    2.49423E+00
    2.74714E+02    3.59407E+03    5.93515E+01    9.68030E+02    6.09958E-02   -2.36899E-01    6.98185E-02    1.83562E+00    2.67472E+00    2.61362E+00
    2.78276E+02    3.65708E+03    6.30052E+01    9.79426E+02    6.32077E-02   -2.40800E-01    7.22689E-02    1.86031E+00    2.72286E+00    2.67472E+00
    2.81878E+02    3.72391E+03    6.68377E+01    9.90952E+02    6.54559E-02   -2.45062E-01    7.34891E-02    1.88535E+00    2.77309E+00    2.72286E+00
    2.85521E+02    3.79635E+03    7.24317E+01    1.00261E+03    6.92468E-02   -2.52543E-01    7.39513E-02    1.92078E+00    2.84596E+00    2.77309E+00
    2.89205E+02    3.84909E+03    5.27477E+01    1.02631E+03    4.92296E-02   -2.20709E-01    2.27422E-02    1.77016E+00    2.58785E+00    2.03823E+00
    2.92931E+02    3.91121E+03    6.21151E+01    1.03837E+03    5.65953E-02   -2.29741E-01    6.17606E-02    1.85164E+00    2.71242E+00    2.58785E+00
    2.96699E+02    3.97837E+03    6.71594E+01    1.05056E+03    5.97393E-02   -2.34592E-01    6.85989E-02    1.88545E+00    2.77433E+00    2.71242E+00
    3.00509E+02    4.04930E+03    7.09355E+01    1.06289E+03    6.16019E-02   -2.37841E-01    7.09483E-02    1.90938E+00    2.82075E+00    2.77433E+00
    3.04363E+02    4.12383E+03    7.45263E+01    1.07536E+03    6.31869E-02   -2.40798E-01    7.21338E-02    1.93141E+00    2.86454E+00    2.82075E+00
    3.08260E+02    4.20248E+03    7.86483E+01    1.08797E+03    6.51030E-02   -2.44529E-01    7.28615E-02    1.95607E+00    2.91437E+00    2.86454E+00
    3.12201E+02    4.28742E+03    8.49471E+01    1.10072E+03    6.86536E-02   -2.51618E-01    7.30905E-02    1.99275E+00    2.98997E+00    2.91437E+00
    3.16187E+02    4.34927E+03    6.18498E+01    1.12666E+03    4.88049E-02   -2.19796E-01    2.22408E-02    1.83053E+00    2.71148E+00    2.11734E+00
    3.20217E+02    4.42199E+03    7.27201E+01    1.13985E+03    5.60271E-02   -2.28738E-01    6.08791E-02    1.91751E+00    2.84466E+00    2.71148E+00
    3.24294E+02    4.50053E+03    7.85358E+01    1.15318E+03    5.90797E-02   -2.33481E-01    6.75735E-02    1.95343E+00    2.91050E+00    2.84466E+00
    3.28416E+02    4.58341E+03    8.28776E+01    1.16667E+03    6.08754E-02   -2.36635E-01    6.98513E-02    1.97882E+00    2.95978E+00    2.91050E+00
    3.32585E+02    4.67041E+03    8.70026E+01    1.18031E+03    6.23992E-02   -2.39498E-01    7.09914E-02    2.00220E+00    3.00624E+00    2.95978E+00
    3.36801E+02    4.76215E+03    9.17361E+01    1.19411E+03    6.42445E-02   -2.43117E-01    7.16859E-02    2.02836E+00    3.05909E+00    3.00624E+00
    3.41064E+02    4.86112E+03    9.89711E+01    1.20806E+03    6.76801E-02   -2.50023E-01    7.18948E-02    2.06728E+00    3.13927E+00    3.05909E+00
    3.45376E+02    4.93326E+03    7.21421E+01    1.23644E+03    4.81732E-02   -2.18409E-01    2.16915E-02    1.89365E+00    2.84068E+00    2.19970E+00
    3.49737E+02    5.01793E+03    8.46672E+01    1.25087E+03    5.52082E-02   -2.27204E-01    5.98878E-02    1.98619E+00    2.98248E+00    2.84068E+00
    3.54147E+02    5.10918E+03    9.12558E+01    1.26546E+03    5.81067E-02   -2.31717E-01    6.64377E-02    2.02381E+00    3.05138E+00    2.98248E+00
    3.58606E+02    5.20522E+03    9.60397E+01    1.28022E+03    5.97176E-02   -2.34533E-01    6.86420E-02    2.04971E+00    3.10152E+00    3.05138E+00
    3.63116E+02    5.30559E+03    1.00367E+02    1.29514E+03    6.09444E-02   -2.36816E-01    6.97334E-02    2.07243E+00    3.14648E+00    3.10152E+00
    3.67677E+02    5.41045E+03    1.04862E+02    1.31023E+03    6.21814E-02   -2.39212E-01    7.04217E-02    2.09549E+00    3.19265E+00    3.14648E+00
    3.72290E+02    5.52071E+03    1.10254E+02    1.32550E+03    6.38473E-02   -2.42529E-01    7.09004E-02    2.12256E+00    3.24752E+00    3.19265E+00
    3.76954E+02    5.63940E+03    1.18696E+02    1.34093E+03    6.71269E-02   -2.49172E-01    7.09954E-02    2.16389E+00    3.33271E+00    3.24752E+00
    3.81672E+02    5.72599E+03    8.65876E+01    1.37233E+03    4.78228E-02   -2.17653E-01    2.12136E-02    1.97521E+00    3.00772E+00    2.30636E+00
    3.86442E+02    5.82747E+03    1.01480E+02    1.38830E+03    5.47376E-02   -2.26382E-01    5.90667E-02    2.07525E+00    3.16131E+00    3.00772E+00
    3.91267E+02    5.93673E+03    1.09265E+02    1.40444E+03    5.75597E-02   -2.30805E-01    6.54898E-02    2.11576E+00    3.23555E+00    3.16131E+00
    3.96146E+02    6.05163E+03    1.14899E+02    1.42077E+03    5.91140E-02   -2.33538E-01    6.76326E-02    2.14358E+00    3.28944E+00    3.23555E+00
    4.01080E+02    6.17162E+03    1.19985E+02    1.43728E+03    6.02897E-02   -2.35738E-01    6.86844E-02    2.16796E+00    3.33767E+00    3.28944E+00
    4.06070E+02    6.29688E+03    1.25259E+02    1.45398E+03    6.14720E-02   -2.38041E-01    6.93420E-02    2.19267E+00    3.38716E+00    3.33767E+00
    4.11116E+02    6.42846E+03    1.31580E+02    1.47087E+03    6.30686E-02   -2.41241E-01    6.97942E-02    2.22166E+00    3.44589E+00    3.38716E+00
    4.16220E+02    6.56993E+03    1.41478E+02    1.48795E+03    6.62330E-02   -2.47691E-01    6.98711E-02    2.26593E+00    3.53709E+00    3.44589E+00
    4.21381E+02    6.67322E+03    1.03281E+02    1.52269E+03    4.72254E-02   -2.16326E-01    2.07016E-02    2.06141E+00    3.18415E+00    2.41896E+00
    4.26600E+02    6.79402E+03    1.20802E+02    1.54035E+03    5.39513E-02   -2.24884E-01    5.81243E-02    2.16891E+00    3.34925E+00    3.18415E+00
    4.31879E+02    6.92380E+03    1.29786E+02    1.55821E+03    5.66154E-02   -2.29059E-01    6.44012E-02    2.21166E+00    3.42751E+00    3.34925E+00
    4.37217E+02    7.05991E+03    1.36102E+02    1.57628E+03    5.79903E-02   -2.31458E-01    6.64629E-02    2.24023E+00    3.48270E+00    3.42751E+00
    4.42615E+02    7.20146E+03    1.41555E+02    1.59455E+03    5.89125E-02   -2.33159E-01    6.74489E-02    2.26419E+00    3.52993E+00    3.48270E+00
    4.48074E+02    7.34826E+03    1.46796E+02    1.61303E+03    5.96753E-02   -2.34616E-01    6.80474E-02    2.28672E+00    3.57476E+00    3.52993E+00
    4.53595E+02    7.50047E+03    1.52210E+02    1.63171E+03    6.04399E-02   -2.36116E-01    6.84777E-02    2.30956E+00    3.62048E+00    3.57476E+00
    4.59179E+02    7.65869E+03    1.58224E+02    1.65061E+03    6.13703E-02   -2.37978E-01    6.88250E-02    2.33449E+00    3.67067E+00    3.62048E+00
    4.64825E+02    7.82441E+03    1.65715E+02    1.66972E+03    6.27858E-02   -2.40855E-01    6.90980E-02    2.36499E+00    3.73262E+00    3.67067E+00
    4.70535E+02    8.00215E+03    1.77741E+02    1.68904E+03    6.57816E-02   -2.47005E-01    6.90657E-02    2.41280E+00    3.83119E+00    3.73262E+00
    4.76310E+02    8.13188E+03    1.29734E+02    1.72835E+03    4.69022E-02   -2.15619E-01    2.02667E-02    2.18482E+00    3.43698E+00    2.58091E+00
    4.82150E+02    8.28334E+03    1.51464E+02    1.74834E+03    5.34903E-02   -2.24055E-01    5.73543E-02    2.30338E+00    3.61923E+00    3.43698E+00
    4.88056E+02    8.44581E+03    1.62470E+02    1.76855E+03    5.60495E-02   -2.28074E-01    6.34971E-02    2.35005E+00    3.70463E+00    3.61923E+00
    4.94029E+02    8.61593E+03    1.70118E+02    1.78899E+03    5.73306E-02   -2.30309E-01    6.54853E-02    2.38091E+00    3.76423E+00    3.70463E+00
    5.00069E+02    8.79257E+03    1.76639E+02    1.80967E+03    5.81520E-02   -2.31821E-01    6.64173E-02    2.40650E+00    3.81463E+00    3.76423E+00
    5.06178E+02    8.97537E+03    1.82801E+02    1.83057E+03    5.87901E-02   -2.33035E-01    6.69681E-02    2.43017E+00    3.86168E+00    3.81463E+00
    5.12356E+02    9.16437E+03    1.88995E+02    1.85172E+03    5.93782E-02   -2.34183E-01    6.73524E-02    2.45354E+00    3.90835E+00    3.86168E+00
    5.18603E+02    9.35991E+03    1.95547E+02    1.87310E+03    6.00184E-02   -2.35459E-01    6.76577E-02    2.47785E+00    3.95711E+00    3.90835E+00
    5.24921E+02    9.56284E+03    2.02930E+02    1.89472E+03    6.08471E-02   -2.37137E-01    6.79215E-02    2.50480E+00    4.01145E+00    3.95711E+00
    5.31310E+02    9.77506E+03    2.12217E+02    1.91659E+03    6.21641E-02   -2.39837E-01    6.81336E-02    2.53814E+00    4.07916E+00    4.01145E+00
    5.37772E+02    1.00023E+04    2.27249E+02    1.93871E+03    6.50329E-02   -2.45766E-01    6.80592E-02    2.59083E+00    4.18778E+00    4.07916E+00
    5.44306E+02    1.01683E+04    1.65965E+02    1.98369E+03    4.64005E-02   -2.14497E-01    1.97932E-02    2.33491E+00    3.74443E+00    2.77758E+00
    5.50915E+02    1.03617E+04    1.93425E+02    2.00656E+03    5.28321E-02   -2.22805E-01    5.64813E-02    2.46694E+00    3.94760E+00    3.74443E+00
    5.57598E+02    1.05689E+04    2.07156E+02    2.02970E+03    5.52795E-02   -2.26661E-01    6.24860E-02    2.51833E+00    4.04164E+00    3.94760E+00
    5.64357E+02    1.07854E+04    2.16567E+02    2.05309E+03    5.64610E-02   -2.28721E-01    6.44011E-02    2.55191E+00    4.10644E+00    4.04164E+00
    5.71192E+02    1.10099E+04    2.24472E+02    2.07675E+03    5.71754E-02   -2.30031E-01    6.52781E-02    2.57937E+00    4.16046E+00    4.10644E+00
    5.78104E+02    1.12417E+04    2.31802E+02    2.10067E+03    5.76845E-02   -2.30993E-01    6.57779E-02    2.60431E+00    4.20996E+00    4.16046E+00
    5.85094E+02    1.14807E+04    2.38971E+02    2.12487E+03    5.81016E-02   -2.31800E-01    6.61096E-02    2.62828E+00    4.25774E+00    4.20996E+00
    5.92163E+02    1.17269E+04    2.46233E+02    2.14934E+03    5.84917E-02   -2.32569E-01    6.63580E-02    2.65219E+00    4.30553E+00    4.25774E+00
    5.99313E+02    1.19807E+04    2.53815E+02    2.17408E+03    5.89078E-02   -2.33403E-01    6.65646E-02    2.67678E+00    4.35480E+00    4.30553E+00
    6.06543E+02    1.22427E+04    2.62018E+02    2.19911E+03    5.94154E-02   -2.34434E-01    6.67524E-02    2.70299E+00    4.40747E+00    4.35480E+00
    6.13854E+02    1.25141E+04    2.71399E+02    2.22441E+03    6.01300E-02   -2.35903E-01    6.69311E-02    2.73253E+00    4.46707E+00    4.40747E+00
    6.21249E+02    1.27975E+04    2.83333E+02    2.25001E+03    6.13340E-02   -2.38400E-01    6.70771E-02    2.76951E+00    4.54222E+00    4.46707E+00
    6.28727E+02    1.31003E+04    3.02856E+02    2.27589E+03    6.40566E-02   -2.44077E-01    6.69549E-02    2.82860E+00    4.66403E+00    4.54222E+00
    6.36289E+02    1.33216E+04    2.21243E+02    2.32854E+03    4.57220E-02   -2.12954E-01    1.92965E-02    2.53510E+00    4.15459E+00    3.04019E+00
    6.43937E+02    1.35789E+04    2.57383E+02    2.35531E+03    5.19715E-02   -2.21110E-01    5.55128E-02    2.68510E+00    4.38562E+00    4.15459E+00
    6.51671E+02    1.38542E+04    2.75219E+02    2.38238E+03    5.42998E-02   -2.24798E-01    6.13661E-02    2.74283E+00    4.49124E+00    4.38562E+00
    6.59493E+02    1.41415E+04    2.87297E+02    2.40976E+03    5.53847E-02   -2.26694E-01    6.32031E-02    2.78016E+00    4.56324E+00    4.49124E+00
    6.67403E+02    1.44388E+04    2.97328E+02    2.43745E+03    5.60063E-02   -2.27832E-01    6.40232E-02    2.81038E+00    4.62266E+00    4.56324E+00
    6.75402E+02    1.47453E+04    3.06522E+02    2.46545E+03    5.64167E-02   -2.28604E-01    6.44729E-02    2.83753E+00    4.67651E+00    4.62266E+00
    6.83492E+02    1.50607E+04    3.15391E+02    2.49376E+03    5.67211E-02   -2.29189E-01    6.47554E-02    2.86329E+00    4.72781E+00    4.67651E+00
    6.91673E+02    1.53849E+04    3.24210E+02    2.52240E+03    5.69737E-02   -2.29684E-01    6.49524E-02    2.88853E+00    4.77819E+00    4.72781E+00
    6.99947E+02    1.57181E+04    3.33170E+02    2.55136E+03    5.72096E-02   -2.30155E-01    6.51032E-02    2.91381E+00    4.82873E+00    4.77819E+00
    7.08314E+02    1.60605E+04    3.42446E+02    2.58065E+03    5.74585E-02   -2.30659E-01    6.52295E-02    2.93962E+00    4.88043E+00    4.82873E+00
    7.16776E+02    1.64128E+04    3.52262E+02    2.61027E+03    5.77552E-02   -2.31269E-01    6.53454E-02    2.96658E+00    4.93451E+00    4.88043E+00
    7.25333E+02    1.67758E+04    3.62980E+02    2.64022E+03    5.81533E-02   -2.32095E-01    6.54604E-02    2.99563E+00    4.99290E+00    4.93451E+00
    7.33987E+02    1.71511E+04    3.75330E+02    2.67052E+03    5.87588E-02   -2.33363E-01    6.55767E-02    3.02863E+00    5.05951E+00    4.99290E+00
    7.42739E+02    1.75423E+04    3.91164E+02    2.70115E+03    5.98400E-02   -2.35643E-01    6.56677E-02    3.07028E+00    5.14417E+00    5.05951E+00
    7.51590E+02    1.79596E+04    4.17319E+02    2.73213E+03    6.23844E-02   -2.41026E-01    6.55031E-02    3.13751E+00    5.28275E+00    5.14417E+00
    7.60540E+02    1.82644E+04    3.04816E+02    2.79515E+03    4.45271E-02   -2.10183E-01    1.87099E-02    2.79484E+00    4.68670E+00    3.38104E+00
    7.69592E+02    1.86183E+04    3.53888E+02    2.82719E+03    5.05166E-02   -2.18114E-01    5.42479E-02    2.96786E+00    4.95330E+00    4.68670E+00
    7.78746E+02    1.89960E+04    3.77722E+02    2.85960E+03    5.26895E-02   -2.21585E-01    5.99131E-02    3.03351E+00    5.07333E+00    4.95330E+00
    7.88004E+02    1.93896E+04    3.93613E+02    2.89237E+03    5.36550E-02   -2.23279E-01    6.16558E-02    3.07537E+00    5.15401E+00    5.07333E+00
    7.97366E+02    1.97963E+04    4.06633E+02    2.92551E+03    5.41668E-02   -2.24214E-01    6.24077E-02    3.10884E+00    5.21977E+00    5.15401E+00
    8.06834E+02    2.02147E+04    4.18413E+02    2.95902E+03    5.44665E-02   -2.24773E-01    6.27977E-02    3.13856E+00    5.27867E+00    5.21977E+00
    8.16409E+02    2.06443E+04    4.29626E+02    2.99292E+03    5.46527E-02   -2.25124E-01    6.30223E-02    3.16641E+00    5.33409E+00    5.27867E+00
    8.26092E+02    2.10849E+04    4.40604E+02    3.02720E+03    5.47733E-02   -2.25353E-01    6.31598E-02    3.19330E+00    5.38770E+00    5.33409E+00
    8.35885E+02    2.15364E+04    4.51538E+02    3.06186E+03    5.48550E-02   -2.25510E-01    6.32472E-02    3.21973E+00    5.44047E+00    5.38770E+00
    8.45788E+02    2.19990E+04    4.62556E+02    3.09692E+03    5.49150E-02   -2.25627E-01    6.33040E-02    3.24603E+00    5.49303E+00    5.44047E+00
    8.55803E+02    2.24728E+04    4.73762E+02    3.13237E+03    5.49661E-02   -2.25730E-01    6.33422E-02    3.27245E+00    5.54587E+00    5.49303E+00
    8.65932E+02    2.29580E+04    4.85259E+02    3.16823E+03    5.50197E-02   -2.25841E-01    6.33695E-02    3.29924E+00    5.59948E+00    5.54587E+00
    8.76174E+02    2.34552E+04    4.97167E+02    3.20448E+03    5.50884E-02   -2.25987E-01    6.33919E-02    3.32666E+00    5.65439E+00    5.59948E+00
    8.86533E+02    2.39648E+04    5.09656E+02    3.24115E+03    5.51888E-02   -2.26202E-01    6.34143E-02    3.35507E+00    5.71136E+00    5.65439E+00
    8.97009E+02    2.44878E+04    5.22996E+02    3.27824E+03    5.53465E-02   -2.26543E-01    6.34413E-02    3.38507E+00    5.77157E+00    5.71136E+00
    9.07603E+02    2.50255E+04    5.37677E+02    3.31574E+03    5.56076E-02   -2.27109E-01    6.34767E-02    3.41768E+00    5.83718E+00    5.77157E+00
    9.18316E+02    2.55802E+04    5.54731E+02    3.35366E+03    5.60685E-02   -2.28109E-01    6.35195E-02    3.45508E+00    5.91270E+00    5.83718E+00
    9.29151E+02    2.61571E+04    5.76832E+02    3.39202E+03    5.69786E-02   -2.30089E-01    6.35420E-02    3.50283E+00    6.00979E+00    5.91270E+00
    9.40108E+02    2.67710E+04    6.13882E+02    3.43080E+03    5.92619E-02   -2.35058E-01    6.33229E-02    3.58110E+00    6.17113E+00    6.00979E+00
    9.51189E+02    2.72188E+04    4.47820E+02    3.50970E+03    4.22498E-02   -2.04765E-01    1.79248E-02    3.16663E+00    5.44837E+00    3.86975E+00
    9.62395E+02    2.77374E+04    5.18627E+02    3.54982E+03    4.78200E-02   -2.12322E-01    5.23401E-02    3.37208E+00    5.76477E+00    5.44837E+00
    9.73728E+02    2.82897E+04    5.52291E+02    3.59039E+03    4.97690E-02   -2.15489E-01    5.77373E-02    3.44850E+00    5.90432E+00    5.76477E+00
    9.85189E+02    2.88640E+04    5.74278E+02    3.63142E+03    5.05767E-02   -2.16919E-01    5.93528E-02    3.49634E+00    5.99639E+00    5.90432E+00
    9.96779E+02    2.94560E+04    5.91992E+02    3.67291E+03    5.09548E-02   -2.17607E-01    6.00158E-02    3.53400E+00    6.07032E+00    5.99639E+00
    1.00850E+03    3.00638E+04    6.07806E+02    3.71487E+03    5.11302E-02   -2.17923E-01    6.03305E-02    3.56704E+00    6.13575E+00    6.07032E+00
    1.02035E+03    3.06865E+04    6.22684E+02    3.75731E+03    5.11947E-02   -2.18028E-01    6.04853E-02    3.59768E+00    6.19667E+00    6.13575E+00
    1.03234E+03    3.13235E+04    6.37092E+02    3.80022E+03    5.11926E-02   -2.18004E-01    6.05549E-02    3.62697E+00    6.25504E+00    6.19667E+00
    1.04447E+03    3.19748E+04    6.51285E+02    3.84362E+03    5.11476E-02   -2.17895E-01    6.05741E-02    3.65548E+00    6.31192E+00    6.25504E+00
    1.05673E+03    3.26403E+04    6.65417E+02    3.88751E+03    5.10740E-02   -2.17730E-01    6.05612E-02    3.68355E+00    6.36796E+00    6.31192E+00
    1.06912E+03    3.33198E+04    6.79593E+02    3.93190E+03    5.09811E-02   -2.17526E-01    6.05270E-02    3.71139E+00    6.42360E+00    6.36796E+00
    1.08166E+03    3.40137E+04    6.93895E+02    3.97679E+03    5.08757E-02   -2.17297E-01    6.04780E-02    3.73918E+00    6.47915E+00    6.42360E+00
    1.09434E+03    3.47221E+04    7.08393E+02    4.02218E+03    5.07631E-02   -2.17055E-01    6.04188E-02    3.76706E+00    6.53489E+00    6.47915E+00
    1.10717E+03    3.54453E+04    7.23155E+02    4.06809E+03    5.06484E-02   -2.16809E-01    6.03528E-02    3.79515E+00    6.59109E+00    6.53489E+00
    1.12014E+03    3.61835E+04    7.38262E+02    4.11452E+03    5.05368E-02   -2.16571E-01    6.02827E-02    3.82360E+00    6.64803E+00    6.59109E+00
    1.13325E+03    3.69374E+04    7.53818E+02    4.16147E+03    5.04345E-02   -2.16354E-01    6.02110E-02    3.85261E+00    6.70610E+00    6.64803E+00
    1.14652E+03    3.77073E+04    7.69969E+02    4.20895E+03    5.03502E-02   -2.16179E-01    6.01401E-02    3.88241E+00    6.76582E+00    6.70610E+00
    1.15993E+03    3.84943E+04    7.86943E+02    4.25697E+03    5.02968E-02   -2.16074E-01    6.00727E-02    3.91342E+00    6.82799E+00    6.76582E+00
    1.17349E+03    3.92994E+04    8.05124E+02    4.30553E+03    5.02956E-02   -2.16088E-01    6.00117E-02    3.94629E+00    6.89399E+00    6.82799E+00
    1.18721E+03    4.01246E+04    8.25229E+02    4.35464E+03    5.03865E-02   -2.16313E-01    5.99597E-02    3.98226E+00    6.96636E+00    6.89399E+00
    1.20109E+03    4.09734E+04    8.48789E+02    4.40431E+03    5.06540E-02   -2.16943E-01    5.99150E-02    4.02392E+00    7.05053E+00    6.96636E+00
    1.21512E+03    4.18532E+04    8.79788E+02    4.45454E+03    5.13179E-02   -2.18485E-01    5.98514E-02    4.07800E+00    7.16057E+00    7.05053E+00
    1.22930E+03    4.27862E+04    9.33028E+02    4.50533E+03    5.31941E-02   -2.22815E-01    5.95634E-02    4.16891E+00    7.34809E+00    7.16057E+00
    1.24365E+03    4.34645E+04    6.78254E+02    4.60865E+03    3.77956E-02   -1.93691E-01    1.67099E-02    3.65632E+00    6.45119E+00    4.51467E+00
    1.25816E+03    4.42473E+04    7.82773E+02    4.66118E+03    4.26351E-02   -2.00569E-01    4.90617E-02    3.90251E+00    6.82933E+00    6.45119E+00
    1.27284E+03    4.50780E+04    8.30760E+02    4.71431E+03    4.42273E-02   -2.03245E-01    5.40263E-02    3.99104E+00    6.99042E+00    6.82933E+00
    1.28768E+03    4.59390E+04    8.60962E+02    4.76804E+03    4.48007E-02   -2.04270E-01    5.54473E-02    4.04455E+00    7.09312E+00    6.99042E+00
    1.30269E+03    4.68235E+04    8.84551E+02    4.82238E+03    4.49894E-02   -2.04587E-01    5.59777E-02    4.08547E+00    7.17328E+00    7.09312E+00
    1.31787E+03    4.77286E+04    9.05087E+02    4.87733E+03    4.49953E-02   -2.04546E-01    5.61818E-02    4.12055E+00    7.24261E+00    7.17328E+00
    1.33322E+03    4.86526E+04    9.24009E+02    4.93290E+03    4.48998E-02   -2.04297E-01    5.62352E-02    4.15246E+00    7.30597E+00    7.24261E+00
    1.34874E+03    4.95946E+04    9.42000E+02    4.98910E+03    4.47416E-02   -2.03917E-01    5.62071E-02    4.18245E+00    7.36567E+00    7.30597E+00
    1.36444E+03    5.05541E+04    9.59422E+02    5.04593E+03    4.45414E-02   -2.03447E-01    5.61298E-02    4.21120E+00    7.42297E+00    7.36567E+00
    1.38031E+03    5.15305E+04    9.76485E+02    5.10341E+03    4.43115E-02   -2.02912E-01    5.60202E-02    4.23908E+00    7.47859E+00    7.42297E+00
    1.39637E+03    5.25239E+04    9.93317E+02    5.16154E+03    4.40591E-02   -2.02326E-01    5.58879E-02    4.26633E+00    7.53299E+00    7.47859E+00
    1.41261E+03    5.35339E+04    1.01000E+03    5.22032E+03    4.37894E-02   -2.01699E-01    5.57386E-02    4.29311E+00    7.58644E+00    7.53299E+00
    1.42903E+03    5.45604E+04    1.02659E+03    5.27977E+03    4.35056E-02   -2.01040E-01    5.55762E-02    4.31950E+00    7.63916E+00    7.58644E+00
    1.44563E+03    5.56036E+04    1.04313E+03    5.33989E+03    4.32103E-02   -2.00352E-01    5.54031E-02    4.34559E+00    7.69127E+00    7.63916E+00
    1.46243E+03    5.66632E+04    1.05963E+03    5.40068E+03    4.29053E-02   -1.99639E-01    5.52212E-02    4.37142E+00    7.74288E+00    7.69127E+00
    1.47941E+03    5.77393E+04    1.07614E+03    5.46217E+03    4.25919E-02   -1.98906E-01    5.50317E-02    4.39703E+00    7.79406E+00    7.74288E+00
    1.49658E+03    5.88320E+04    1.09265E+03    5.52435E+03    4.22716E-02   -1.98153E-01    5.48356E-02    4.42246E+00    7.84488E+00    7.79406E+00
    1.51395E+03    5.99412E+04    1.10919E+03    5.58723E+03    4.19452E-02   -1.97384E-01    5.46337E-02    4.44774E+00    7.89539E+00    7.84488E+00
    1.53152E+03    6.10670E+04    1.12577E+03    5.65083E+03    4.16138E-02   -1.96600E-01    5.44266E-02    4.47289E+00    7.94565E+00    7.89539E+00
    1.54928E+03    6.22094E+04    1.14242E+03    5.71514E+03    4.12783E-02   -1.95804E-01    5.42149E-02    4.49794E+00    7.99572E+00    7.94565E+00
    1.56725E+03    6.33685E+04    1.15914E+03    5.78018E+03    4.09399E-02   -1.94997E-01    5.39991E-02    4.52292E+00    8.04566E+00    7.99572E+00
    1.58541E+03    6.45445E+04    1.17597E+03    5.84595E+03    4.05997E-02   -1.94184E-01    5.37798E-02    4.54789E+00    8.09557E+00    8.04566E+00
    1.60379E+03    6.57374E+04    1.19295E+03    5.91247E+03    4.02592E-02   -1.93367E-01    5.35576E-02    4.57289E+00    8.14557E+00    8.09557E+00
    1.62237E+03    6.69476E+04    1.21014E+03    5.97974E+03    3.99203E-02   -1.92551E-01    5.33331E-02    4.59801E+00    8.19582E+00    8.14557E+00
    1.64116E+03    6.81752E+04    1.22761E+03    6.04777E+03    3.95856E-02   -1.91743E-01    5.31071E-02    4.62337E+00    8.24656E+00    8.19582E+00
    1.66016E+03    6.94207E+04    1.24549E+03    6.11656E+03    3.92588E-02   -1.90951E-01    5.28807E-02    4.64915E+00    8.29816E+00    8.24656E+00
    1.67938E+03    7.06846E+04    1.26397E+03    6.18614E+03    3.89455E-02   -1.90192E-01    5.26552E-02    4.67562E+00    8.35118E+00    8.29816E+00
    1.69881E+03    7.19680E+04    1.28338E+03    6.25650E+03    3.86544E-02   -1.89487E-01    5.24321E-02    4.70322E+00    8.40654E+00    8.35118E+00
    1.71847E+03    7.32723E+04    1.30428E+03    6.32766E+03    3.84007E-02   -1.88877E-01    5.22134E-02    4.73274E+00    8.46585E+00    8.40654E+00
    1.73834E+03    7.46001E+04    1.32775E+03    6.39962E+03    3.82128E-02   -1.88437E-01    5.20010E-02    4.76566E+00    8.53217E+00    8.46585E+00
    1.75845E+03    7.59562E+04    1.35610E+03    6.47239E+03    3.81516E-02   -1.88332E-01    5.17930E-02    4.80513E+00    8.61208E+00    8.53217E+00
    1.77877E+03    7.73516E+04    1.39544E+03    6.54598E+03    3.83759E-02   -1.88989E-01    5.15671E-02    4.85936E+00    8.72275E+00    8.61208E+00
    1.79933E+03    7.88201E+04    1.46845E+03    6.62041E+03    3.94762E-02   -1.91989E-01    5.11506E-02    4.95827E+00    8.92735E+00    8.72275E+00
    1.82012E+03    7.98745E+04    1.05440E+03    6.77180E+03    2.77084E-02   -1.65850E-01    1.42198E-02    4.29914E+00    7.76656E+00    5.36944E+00
    1.84115E+03    8.10824E+04    1.20798E+03    6.84878E+03    3.10311E-02   -1.71144E-01    4.17244E-02    4.59054E+00    8.20908E+00    7.76656E+00
    1.86241E+03    8.23546E+04    1.27222E+03    6.92663E+03    3.19475E-02   -1.72780E-01    4.57677E-02    4.68593E+00    8.38033E+00    8.20908E+00
    1.88391E+03    8.36629E+04    1.30822E+03    7.00536E+03    3.21135E-02   -1.72985E-01    4.67945E-02    4.73743E+00    8.47802E+00    8.38033E+00
    1.90566E+03    8.49962E+04    1.33338E+03    7.08497E+03    3.19960E-02   -1.72572E-01    4.70634E-02    4.77278E+00    8.54660E+00    8.47802E+00
    1.92765E+03    8.63495E+04    1.35323E+03    7.16549E+03    3.17432E-02   -1.71841E-01    4.70532E-02    4.80031E+00    8.60061E+00    8.54660E+00
    1.94989E+03    8.77195E+04    1.36999E+03    7.24692E+03    3.14149E-02   -1.70921E-01    4.69124E-02    4.82332E+00    8.64601E+00    8.60061E+00
    1.97238E+03    8.91042E+04    1.38470E+03    7.32927E+03    3.10394E-02   -1.69878E-01    4.66997E-02    4.84335E+00    8.68563E+00    8.64601E+00
    1.99513E+03    9.05021E+04    1.39791E+03    7.41255E+03    3.06321E-02   -1.68746E-01    4.64425E-02    4.86119E+00    8.72099E+00    8.68563E+00
    2.01813E+03    9.19120E+04    1.40992E+03    7.49677E+03    3.02018E-02   -1.67546E-01    4.61548E-02    4.87729E+00    8.75295E+00    8.72099E+00
    2.04139E+03    9.33329E+04    1.42091E+03    7.58194E+03    2.97541E-02   -1.66290E-01    4.58448E-02    4.89192E+00    8.78200E+00    8.75295E+00
    2.06492E+03    9.47639E+04    1.43098E+03    7.66807E+03    2.92926E-02   -1.64987E-01    4.55172E-02    4.90525E+00    8.80846E+00    8.78200E+00
    2.08871E+03    9.62041E+04    1.44019E+03    7.75518E+03    2.88197E-02   -1.63643E-01    4.51751E-02    4.91736E+00    8.83252E+00    8.80846E+00
    2.11277E+03    9.76527E+04    1.44858E+03    7.84327E+03    2.83373E-02   -1.62260E-01    4.48207E-02    4.92833E+00    8.85427E+00    8.83252E+00
    2.13710E+03    9.91088E+04    1.45617E+03    7.93236E+03    2.78467E-02   -1.60843E-01    4.44551E-02    4.93817E+00    8.87380E+00    8.85427E+00
    2.16171E+03    1.00572E+05    1.46295E+03    8.02245E+03    2.73489E-02   -1.59392E-01    4.40795E-02    4.94690E+00    8.89110E+00    8.87380E+00
    2.18659E+03    1.02041E+05    1.46892E+03    8.11356E+03    2.68446E-02   -1.57910E-01    4.36944E-02    4.95452E+00    8.90619E+00    8.89110E+00
    2.21176E+03    1.03515E+05    1.47407E+03    8.20570E+03    2.63346E-02   -1.56396E-01    4.33004E-02    4.96103E+00    8.91904E+00    8.90619E+00
    2.23721E+03    1.04993E+05    1.47837E+03    8.29888E+03    2.58193E-02   -1.54852E-01    4.28978E-02    4.96639E+00    8.92962E+00    8.91904E+00
    2.26295E+03    1.06475E+05    1.48182E+03    8.39312E+03    2.52992E-02   -1.53278E-01    4.24868E-02    4.97060E+00    8.93787E+00    8.92962E+00
    2.28898E+03    1.07959E+05    1.48437E+03    8.48842E+03    2.47748E-02   -1.51674E-01    4.20676E-02    4.97362E+00    8.94374E+00    8.93787E+00
    2.31530E+03    1.09445E+05    1.48602E+03    8.58480E+03    2.42462E-02   -1.50041E-01    4.16403E-02    4.97542E+00    8.94717E+00    8.94374E+00
    2.34192E+03    1.10932E+05    1.48672E+03    8.68226E+03    2.37140E-02   -1.48378E-01    4.12050E-02    4.97596E+00    8.94809E+00    8.94717E+00
    2.36884E+03    1.12419E+05    1.48645E+03    8.78083E+03    2.31783E-02   -1.46686E-01    4.07617E-02    4.97521E+00    8.94641E+00    8.94809E+00
    2.39607E+03    1.13904E+05    1.48518E+03    8.88051E+03    2.26396E-02   -1.44964E-01    4.03104E-02    4.97312E+00    8.94205E+00    8.94641E+00
    2.42360E+03    1.15387E+05    1.48288E+03    8.98132E+03    2.20979E-02   -1.43212E-01    3.98510E-02    4.96966E+00    8.93493E+00    8.94205E+00
    2.45145E+03    1.16866E+05    1.47950E+03    9.08326E+03    2.15537E-02   -1.41431E-01    3.93836E-02    4.96476E+00    8.92494E+00    8.93493E+00
    2.47961E+03    1.18341E+05    1.47503E+03    9.18636E+03    2.10071E-02   -1.39618E-01    3.89081E-02    4.95839E+00    8.91201E+00    8.92494E+00
    2.50808E+03    1.19811E+05    1.46943E+03    9.29063E+03    2.04585E-02   -1.37775E-01    3.84245E-02    4.95049E+00    8.89601E+00    8.91201E+00
    2.53688E+03    1.21273E+05    1.46265E+03    9.39607E+03    1.99081E-02   -1.35901E-01    3.79326E-02    4.94101E+00    8.87684E+00    8.89601E+00
    2.56601E+03    1.22728E+05    1.45468E+03    9.50270E+03    1.93561E-02   -1.33996E-01    3.74324E-02    4.92990E+00    8.85440E+00    8.87684E+00
    2.59546E+03    1.24173E+05    1.44548E+03    9.61054E+03    1.88029E-02   -1.32059E-01    3.69238E-02    4.91710E+00    8.82856E+00    8.85440E+00
    2.62525E+03    1.25608E+05    1.43501E+03    9.71960E+03    1.82487E-02   -1.30090E-01    3.64066E-02    4.90254E+00    8.79922E+00    8.82856E+00
    2.65537E+03    1.27032E+05    1.42325E+03    9.82989E+03    1.76939E-02   -1.28088E-01    3.58808E-02    4.88617E+00    8.76624E+00    8.79922E+00
    2.68583E+03    1.28442E+05    1.41016E+03    9.94142E+03    1.71387E-02   -1.26053E-01    3.53463E-02    4.86792E+00    8.72950E+00    8.76624E+00
    2.71664E+03    1.29837E+05    1.39572E+03    1.00542E+04    1.65834E-02   -1.23985E-01    3.48030E-02    4.84773E+00    8.68886E+00    8.72950E+00
    2.74780E+03    1.31217E+05    1.37990E+03    1.01683E+04    1.60284E-02   -1.21882E-01    3.42507E-02    4.82553E+00    8.64421E+00    8.68886E+00
    2.77931E+03    1.32580E+05    1.36268E+03    1.02836E+04    1.54740E-02   -1.19746E-01    3.36893E-02    4.80126E+00    8.59539E+00    8.64421E+00
    2.81117E+03    1.33924E+05    1.34403E+03    1.04003E+04    1.49207E-02   -1.17575E-01    3.31187E-02    4.77484E+00    8.54228E+00    8.59539E+00
    2.84339E+03    1.35248E+05    1.32394E+03    1.05183E+04    1.43687E-02   -1.15369E-01    3.25388E-02    4.74621E+00    8.48474E+00    8.54228E+00
    2.87598E+03    1.36550E+05    1.30240E+03    1.06376E+04    1.38187E-02   -1.13128E-01    3.19494E-02    4.71530E+00    8.42264E+00    8.48474E+00
    2.90894E+03    1.37830E+05    1.27941E+03    1.07583E+04    1.32709E-02   -1.10852E-01    3.13506E-02    4.68206E+00    8.35585E+00    8.42264E+00
    2.94227E+03    1.39085E+05    1.25496E+03    1.08803E+04    1.27261E-02   -1.08540E-01    3.07421E-02    4.64642E+00    8.28426E+00    8.35585E+00
    2.97597E+03    1.40314E+05    1.22908E+03    1.10037E+04    1.21848E-02   -1.06195E-01    3.01241E-02    4.60833E+00    8.20779E+00    8.28426E+00
    3.01006E+03    1.41516E+05    1.20181E+03    1.11285E+04    1.16479E-02   -1.03817E-01    2.94963E-02    4.56779E+00    8.12639E+00    8.20779E+00
    3.04453E+03    1.42689E+05    1.17320E+03    1.12547E+04    1.11163E-02   -1.01407E-01    2.88590E-02    4.52479E+00    8.04009E+00    8.12639E+00
    3.07939E+03    1.43832E+05    1.14338E+03    1.13823E+04    1.05914E-02   -9.89719E-02    2.82123E-02    4.47942E+00    7.94906E+00    8.04009E+00
    3.11465E+03    1.44945E+05    1.11251E+03    1.15114E+04    1.00750E-02   -9.65174E-02    2.75564E-02    4.43187E+00    7.85370E+00    7.94906E+00
    3.15030E+03    1.46026E+05    1.08094E+03    1.16420E+04    9.57012E-03   -9.40583E-02    2.68917E-02    4.38257E+00    7.75489E+00    7.85370E+00
    3.18635E+03    1.47075E+05    1.04929E+03    1.17740E+04    9.08217E-03   -9.16229E-02    2.62184E-02    4.33243E+00    7.65456E+00    7.75489E+00
    3.22282E+03    1.48094E+05    1.01892E+03    1.19075E+04    8.62211E-03   -8.92752E-02    2.55351E-02    4.28362E+00    7.55720E+00    7.65456E+00
    3.25969E+03    1.49087E+05    9.93399E+02    1.20425E+04    8.21816E-03   -8.71867E-02    2.48321E-02    4.24202E+00    7.47515E+00    7.55720E+00
    3.29699E+03    1.50073E+05    9.86025E+02    1.21790E+04    7.97478E-03   -8.60057E-02    2.40374E-02    4.22980E+00    7.45517E+00    7.47515E+00
    3.33470E+03    1.50698E+05    6.25022E+02    1.24567E+04    4.94204E-03   -6.99871E-02    6.62169E-03    3.53456E+00    6.18886E+00    4.44888E+00
    3.37284E+03    1.51373E+05    6.74322E+02    1.25980E+04    5.21266E-03   -6.99135E-02    1.80214E-02    3.67233E+00    6.35380E+00    6.18886E+00
    3.41141E+03    1.52036E+05    6.62843E+02    1.27408E+04    5.00939E-03   -6.81374E-02    1.91491E-02    3.64959E+00    6.29247E+00    6.35380E+00
    3.45042E+03    1.52668E+05    6.32056E+02    1.28852E+04    4.66994E-03   -6.56587E-02    1.89440E-02    3.58698E+00    6.16250E+00    6.29247E+00
    3.48986E+03    1.53261E+05    5.93423E+02    1.30313E+04    4.28650E-03   -6.28354E-02    1.83907E-02    3.50636E+00    5.99899E+00    6.16250E+00
    3.52976E+03    1.53812E+05    5.50672E+02    1.31790E+04    3.88880E-03   -5.97964E-02    1.76973E-02    3.41410E+00    5.81298E+00    5.99899E+00
    3.57010E+03    1.54317E+05    5.05415E+02    1.33284E+04    3.48944E-03   -5.65939E-02    1.69283E-02    3.31248E+00    5.60854E+00    5.81298E+00
    3.61090E+03    1.54776E+05    4.58530E+02    1.34794E+04    3.09499E-03   -5.32496E-02    1.61081E-02    3.20231E+00    5.38709E+00    5.60854E+00
    3.65216E+03    1.55186E+05    4.10602E+02    1.36322E+04    2.70956E-03   -4.97702E-02    1.52474E-02    3.08370E+00    5.14880E+00    5.38709E+00
    3.69389E+03    1.55548E+05    3.62099E+02    1.37867E+04    2.33610E-03   -4.61536E-02    1.43506E-02    2.95638E+00    4.89306E+00    5.14880E+00
    3.73609E+03    1.55862E+05    3.13453E+02    1.39430E+04    1.97707E-03   -4.23910E-02    1.34192E-02    2.81978E+00    4.61867E+00    4.89306E+00
    3.77876E+03    1.56127E+05    2.65104E+02    1.41010E+04    1.63476E-03   -3.84668E-02    1.24525E-02    2.67300E+00    4.32382E+00    4.61867E+00
    3.82192E+03    1.56344E+05    2.17542E+02    1.42608E+04    1.31150E-03   -3.43574E-02    1.14487E-02    2.51478E+00    4.00590E+00    4.32382E+00
    3.86557E+03    1.56516E+05    1.71339E+02    1.44224E+04    1.00988E-03   -3.00272E-02    1.04044E-02    2.34329E+00    3.66121E+00    4.00590E+00
    3.90971E+03    1.56643E+05    1.27205E+02    1.45858E+04    7.33005E-04   -2.54211E-02    9.31515E-03    2.15584E+00    3.28420E+00    3.66121E+00
    3.95434E+03    1.56729E+05    8.60776E+01    1.47511E+04    4.84935E-04   -2.04473E-02    8.17572E-03    1.94803E+00    2.86588E+00    3.28420E+00
    3.99949E+03    1.56778E+05    4.93249E+01    1.49182E+04    2.71675E-04   -1.49305E-02    6.98255E-03    1.71182E+00    2.38960E+00    2.86588E+00
    4.04514E+03    1.56798E+05    1.93661E+01    1.50873E+04    1.04284E-04   -8.43719E-03    5.75306E-03    1.42800E+00    1.81534E+00    2.38960E+00
    4.09131E+03    1.56819E+05    2.12488E+01    1.50873E+04    1.11867E-04   -7.65434E-03    7.29915E-03    1.81534E+00    2.17071E+00    3.03536E+00
    4.13799E+03    1.56844E+05    2.48387E+01    1.50873E+04    1.27846E-04   -7.02468E-03    8.85999E-03    2.17071E+00    2.50053E+00    3.65161E+00
    4.18521E+03    1.56874E+05    2.99672E+01    1.50873E+04    1.50798E-04   -6.50913E-03    1.04129E-02    2.50053E+00    2.80960E+00    4.24100E+00
    4.23296E+03    1.56910E+05    3.65133E+01    1.50873E+04    1.79637E-04   -6.07975E-03    1.19446E-02    2.80960E+00    3.10154E+00    4.80608E+00
    4.28125E+03    1.56955E+05    4.43899E+01    1.50873E+04    2.13511E-04   -5.71634E-03    1.34475E-02    3.10154E+00    3.37914E+00    5.34922E+00
    4.33009E+03    1.57008E+05    5.35349E+01    1.50873E+04    2.51749E-04   -5.40419E-03    1.49179E-02    3.37914E+00    3.64454E+00    5.87259E+00
    4.37948E+03    1.57072E+05    6.39059E+01    1.50873E+04    2.93810E-04   -5.13245E-03    1.63544E-02    3.64454E+00    3.89944E+00    6.37810E+00
    4.42942E+03    1.57148E+05    7.54761E+01    1.50873E+04    3.39258E-04   -4.89305E-03    1.77571E-02    3.89944E+00    4.14520E+00    6.86746E+00
    4.47993E+03    1.57236E+05    8.82314E+01    1.50873E+04    3.87739E-04   -4.67989E-03    1.91269E-02    4.14520E+00    4.38291E+00    7.34216E+00
    4.53101E+03    1.57338E+05    1.02168E+02    1.50873E+04    4.38960E-04   -4.48830E-03    2.04650E-02    4.38291E+00    4.61347E+00    7.80353E+00
    4.58267E+03    1.57455E+05    1.17289E+02    1.50873E+04    4.92680E-04   -4.31470E-03    2.17730E-02    4.61347E+00    4.83761E+00    8.25272E+00
    4.63491E+03    1.57589E+05    1.33606E+02    1.50873E+04    5.48696E-04   -4.15626E-03    2.30526E-02    4.83761E+00    5.05596E+00    8.69073E+00
    4.68775E+03    1.57740E+05    1.51136E+02    1.50873E+04    6.06837E-04   -4.01076E-03    2.43054E-02    5.05596E+00    5.26905E+00    9.11848E+00
    4.74118E+03    1.57910E+05    1.69902E+02    1.50873E+04    6.66958E-04   -3.87641E-03    2.55330E-02    5.26905E+00    5.47733E+00    9.53676E+00
    4.79521E+03    1.58100E+05    1.89928E+02    1.50873E+04    7.28935E-04   -3.75176E-03    2.67368E-02    5.47733E+00    5.68119E+00    9.94626E+00
    4.84985E+03    1.58311E+05    2.11245E+02    1.50873E+04    7.92659E-04   -3.63562E-03    2.79185E-02    5.68119E+00    5.88097E+00    1.03476E+01
    4.90511E+03    1.58545E+05    2.33888E+02    1.50873E+04    8.58036E-04   -3.52702E-03    2.90791E-02    5.88097E+00    6.07697E+00    1.07414E+01
    4.96100E+03    1.58803E+05    2.57891E+02    1.50873E+04    9.24986E-04   -3.42514E-03    3.02201E-02    6.07697E+00    6.26946E+00    1.11281E+01
    5.01752E+03    1.59086E+05    2.83296E+02    1.50873E+04    9.93435E-04   -3.32927E-03    3.13425E-02    6.26946E+00    6.45868E+00    1.15082E+01
    5.07467E+03    1.59396E+05    3.10145E+02    1.50873E+04    1.06332E-03   -3.23884E-03    3.24474E-02    6.45868E+00    6.64483E+00    1.18821E+01
    5.13247E+03    1.59735E+05    3.38483E+02    1.50873E+04    1.13459E-03   -3.15334E-03    3.35357E-02    6.64483E+00    6.82813E+00    1.22502E+01
    5.19093E+03    1.60103E+05    3.68359E+02    1.50873E+04    1.20718E-03   -3.07233E-03    3.46084E-02    6.82813E+00    7.00873E+00    1.26128E+01
    5.25004E+03    1.60503E+05    3.99822E+02    1.50873E+04    1.28107E-03   -2.99544E-03    3.56664E-02    7.00873E+00    7.18680E+00    1.29702E+01
    5.30983E+03    1.60936E+05    4.32928E+02    1.50873E+04    1.35620E-03   -2.92235E-03    3.67104E-02    7.18680E+00    7.36249E+00    1.33228E+01
    5.37028E+03    1.61404E+05    4.67731E+02    1.50873E+04    1.43254E-03   -2.85275E-03    3.77412E-02    7.36249E+00    7.53593E+00    1.36707E+01
    5.43143E+03    1.61908E+05    5.04291E+02    1.50873E+04    1.51006E-03   -2.78641E-03    3.87595E-02    7.53593E+00    7.70725E+00    1.40144E+01
    5.49326E+03    1.62451E+05    5.42671E+02    1.50873E+04    1.58874E-03   -2.72307E-03    3.97659E-02    7.70725E+00    7.87658E+00    1.43539E+01
    5.55579E+03    1.63034E+05    5.82933E+02    1.50873E+04    1.66855E-03   -2.66256E-03    4.07611E-02    7.87658E+00    8.04400E+00    1.46896E+01
    5.61903E+03    1.63659E+05    6.25147E+02    1.50873E+04    1.74948E-03   -2.60468E-03    4.17456E-02    8.04400E+00    8.20965E+00    1.50216E+01
    5.68298E+03    1.64328E+05    6.69382E+02    1.50873E+04    1.83149E-03   -2.54927E-03    4.27199E-02    8.20965E+00    8.37359E+00    1.53501E+01
    5.74766E+03    1.65044E+05    7.15713E+02    1.50873E+04    1.91459E-03   -2.49619E-03    4.36847E-02    8.37359E+00    8.53594E+00    1.56753E+01
    5.81306E+03    1.65808E+05    7.64216E+02    1.50873E+04    1.99875E-03   -2.44530E-03    4.46404E-02    8.53594E+00    8.69678E+00    1.59974E+01
    5.87921E+03    1.66623E+05    8.14972E+02    1.50873E+04    2.08397E-03   -2.39649E-03    4.55875E-02    8.69678E+00    8.85619E+00    1.63165E+01
    5.94610E+03    1.67491E+05    8.68064E+02    1.50873E+04    2.17023E-03   -2.34963E-03    4.65265E-02    8.85619E+00    9.01425E+00    1.66329E+01
    6.01375E+03    1.68415E+05    9.23581E+02    1.50873E+04    2.25755E-03   -2.30464E-03    4.74577E-02    9.01425E+00    9.17103E+00    1.69466E+01
    6.08216E+03    1.69396E+05    9.81613E+02    1.50873E+04    2.34590E-03   -2.26142E-03    4.83817E-02    9.17103E+00    9.32661E+00    1.72578E+01
    6.15135E+03    1.70439E+05    1.04226E+03    1.50873E+04    2.43529E-03   -2.21988E-03    4.92987E-02    9.32661E+00    9.48105E+00    1.75666E+01
    6.22132E+03    1.71544E+05    1.10561E+03    1.50873E+04    2.52573E-03   -2.17994E-03    5.02093E-02    9.48105E+00    9.63444E+00    1.78733E+01
    6.29208E+03    1.72716E+05    1.17178E+03    1.50873E+04    2.61720E-03   -2.14155E-03    5.11138E-02    9.63444E+00    9.78682E+00    1.81778E+01
    6.36364E+03    1.73957E+05    1.24086E+03    1.50873E+04    2.70973E-03   -2.10462E-03    5.20125E-02    9.78682E+00    9.93827E+00    1.84805E+01
    6.43600E+03    1.75270E+05    1.31299E+03    1.50873E+04    2.80331E-03   -2.06909E-03    5.29059E-02    9.93827E+00    1.00888E+01    1.87812E+01
    6.50919E+03    1.76658E+05    1.38826E+03    1.50873E+04    2.89796E-03   -2.03492E-03    5.37942E-02    1.00888E+01    1.02386E+01    1.90803E+01
    6.58320E+03    1.78125E+05    1.46681E+03    1.50873E+04    2.99368E-03   -2.00204E-03    5.46779E-02    1.02386E+01    1.03876E+01    1.93777E+01
    6.65805E+03    1.79674E+05    1.54877E+03    1.50873E+04    3.09049E-03   -1.97040E-03    5.55572E-02    1.03876E+01    1.05359E+01    1.96737E+01
    6.73374E+03    1.81308E+05    1.63426E+03    1.50873E+04    3.18839E-03   -1.93997E-03    5.64325E-02    1.05359E+01    1.06836E+01    1.99683E+01
    6.81029E+03    1.83031E+05    1.72343E+03    1.50873E+04    3.28742E-03   -1.91069E-03    5.73042E-02    1.06836E+01    1.08307E+01    2.02617E+01
    6.88770E+03    1.84848E+05    1.81642E+03    1.50873E+04    3.38758E-03   -1.88252E-03    5.81724E-02    1.08307E+01    1.09772E+01    2.05539E+01
    6.96599E+03    1.86761E+05    1.91339E+03    1.50873E+04    3.48889E-03   -1.85543E-03    5.90377E-02    1.09772E+01    1.11233E+01    2.08451E+01
    7.04517E+03    1.88776E+05    2.01449E+03    1.50873E+04    3.59138E-03   -1.82938E-03    5.99002E-02    1.11233E+01    1.12690E+01    2.11353E+01
    7.12523E+03    1.90895E+05    2.11989E+03    1.50873E+04    3.69506E-03   -1.80433E-03    6.07602E-02    1.12690E+01    1.14142E+01    2.14247E+01
    7.20621E+03    1.93125E+05    2.22977E+03    1.50873E+04    3.79997E-03   -1.78026E-03    6.16182E-02    1.14142E+01    1.15592E+01    2.17134E+01
    7.28809E+03    1.95470E+05    2.34430E+03    1.50873E+04    3.90613E-03   -1.75713E-03    6.24744E-02    1.15592E+01    1.17039E+01    2.20015E+01
    7.37091E+03    1.97933E+05    2.46368E+03    1.50873E+04    4.01357E-03   -1.73491E-03    6.33290E-02    1.17039E+01    1.18484E+01    2.22890E+01
    7.45466E+03    2.00521E+05    2.58811E+03    1.50873E+04    4.12232E-03   -1.71358E-03    6.41824E-02    1.18484E+01    1.19927E+01    2.25761E+01
    7.53935E+03    2.03239E+05    2.71778E+03    1.50873E+04    4.23241E-03   -1.69311E-03    6.50349E-02    1.19927E+01    1.21369E+01    2.28630E+01
    7.62500E+03    2.06092E+05    2.85293E+03    1.50873E+04    4.34388E-03   -1.67347E-03    6.58869E-02    1.21369E+01    1.22810E+01    2.31496E+01
    7.71162E+03    2.09086E+05    2.99377E+03    1.50873E+04    4.45676E-03   -1.65465E-03    6.67385E-02    1.22810E+01    1.24252E+01    2.34360E+01
    7.79922E+03    2.12226E+05    3.14054E+03    1.50873E+04    4.57109E-03   -1.63661E-03    6.75900E-02    1.24252E+01    1.25693E+01    2.37225E+01
    7.88781E+03    2.15520E+05    3.29349E+03    1.50873E+04    4.68692E-03   -1.61934E-03    6.84419E-02    1.25693E+01    1.27136E+01    2.40091E+01
    7.97740E+03    2.18973E+05    3.45289E+03    1.50873E+04    4.80428E-03   -1.60282E-03    6.92944E-02    1.27136E+01    1.28580E+01    2.42958E+01
    8.06801E+03    2.22592E+05    3.61900E+03    1.50873E+04    4.92322E-03   -1.58703E-03    7.01477E-02    1.28580E+01    1.30026E+01    2.45828E+01
    8.15963E+03    2.26384E+05    3.79210E+03    1.50873E+04    5.04378E-03   -1.57195E-03    7.10022E-02    1.30026E+01    1.31474E+01    2.48703E+01
    8.25229E+03    2.30356E+05    3.97250E+03    1.50873E+04    5.16603E-03   -1.55756E-03    7.18582E-02    1.31474E+01    1.32926E+01    2.51582E+01
    8.34600E+03    2.34517E+05    4.16051E+03    1.50873E+04    5.29000E-03   -1.54384E-03    7.27160E-02    1.32926E+01    1.34381E+01    2.54467E+01
    8.44077E+03    2.38873E+05    4.35646E+03    1.50873E+04    5.41575E-03   -1.53079E-03    7.35759E-02    1.34381E+01    1.35840E+01    2.57359E+01
    8.53661E+03    2.43434E+05    4.56068E+03    1.50873E+04    5.54334E-03   -1.51837E-03    7.44381E-02    1.35840E+01    1.37303E+01    2.60259E+01
    8.63353E+03    2.48208E+05    4.77354E+03    1.50873E+04    5.67283E-03   -1.50658E-03    7.53031E-02    1.37303E+01    1.38771E+01    2.63168E+01
    8.73155E+03    2.53203E+05    4.99542E+03    1.50873E+04    5.80427E-03   -1.49541E-03    7.61711E-02    1.38771E+01    1.40245E+01    2.66087E+01
    8.83067E+03    2.58430E+05    5.22670E+03    1.50873E+04    5.93774E-03   -1.48484E-03    7.70424E-02    1.40245E+01    1.41725E+01    2.69018E+01
    8.93091E+03    2.63897E+05    5.46781E+03    1.50873E+04    6.07329E-03   -1.47485E-03    7.79174E-02    1.41725E+01    1.43212E+01    2.71960E+01
    9.03229E+03    2.69617E+05    5.71917E+03    1.50873E+04    6.21101E-03   -1.46543E-03    7.87963E-02    1.43212E+01    1.44706E+01    2.74916E+01
    9.13481E+03    2.75598E+05    5.98124E+03    1.50873E+04    6.35095E-03   -1.45658E-03    7.96795E-02    1.44706E+01    1.46208E+01    2.77886E+01
    9.23850E+03    2.81852E+05    6.25450E+03    1.50873E+04    6.49320E-03   -1.44827E-03    8.05674E-02    1.46208E+01    1.47718E+01    2.80872E+01
    9.34335E+03    2.88392E+05    6.53945E+03    1.50873E+04    6.63783E-03   -1.44050E-03    8.14601E-02    1.47718E+01    1.49237E+01    2.83874E+01
    9.44939E+03    2.95228E+05    6.83662E+03    1.50873E+04    6.78492E-03   -1.43326E-03    8.23582E-02    1.49237E+01    1.50765E+01    2.86894E+01
    9.55662E+03    3.02375E+05    7.14655E+03    1.50873E+04    6.93456E-03   -1.42654E-03    8.32618E-02    1.50765E+01    1.52303E+01    2.89933E+01
    9.66507E+03    3.09845E+05    7.46983E+03    1.50873E+04    7.08684E-03   -1.42032E-03    8.41714E-02    1.52303E+01    1.53852E+01    2.92992E+01
    9.77474E+03    3.17652E+05    7.80706E+03    1.50873E+04    7.24185E-03   -1.41460E-03    8.50873E-02    1.53852E+01    1.55413E+01    2.96071E+01
    9.88565E+03    3.25811E+05    8.15889E+03    1.50873E+04    7.39967E-03   -1.40936E-03    8.60098E-02    1.55413E+01    1.56984E+01    2.99174E+01
    9.99782E+03    3.34337E+05    8.52598E+03    1.50873E+04    7.56042E-03   -1.40461E-03    8.69393E-02    1.56984E+01    1.58569E+01    3.02299E+01
    1.01113E+04    3.43246E+05    8.90904E+03    1.50873E+04    7.72418E-03   -1.40032E-03    8.78762E-02    1.58569E+01    1.60166E+01    3.05449E+01
    1.02260E+04    3.52555E+05    9.30880E+03    1.50873E+04    7.89108E-03   -1.39650E-03    8.88208E-02    1.60166E+01    1.61777E+01    3.08626E+01
    1.03420E+04    3.62281E+05    9.72606E+03    1.50873E+04    8.06121E-03   -1.39312E-03    8.97734E-02    1.61777E+01    1.63402E+01    3.11829E+01
    1.04593E+04    3.72442E+05    1.01616E+04    1.50873E+04    8.23469E-03   -1.39020E-03    9.07345E-02    1.63402E+01    1.65043E+01    3.15061E+01
    1.05779E+04    3.83059E+05    1.06164E+04    1.50873E+04    8.41164E-03   -1.38771E-03    9.17045E-02    1.65043E+01    1.66698E+01    3.18322E+01
    1.06979E+04    3.94150E+05    1.10912E+04    1.50873E+04    8.59219E-03   -1.38566E-03    9.26837E-02    1.66698E+01    1.68370E+01    3.21614E+01
    1.08193E+04    4.05737E+05    1.15870E+04    1.50873E+04    8.77645E-03   -1.38403E-03    9.36725E-02    1.68370E+01    1.70059E+01    3.24939E+01
    1.09420E+04    4.17842E+05    1.21048E+04    1.50873E+04    8.96457E-03   -1.38282E-03    9.46713E-02    1.70059E+01    1.71766E+01    3.28297E+01
    1.10661E+04    4.30487E+05    1.26458E+04    1.50873E+04    9.15667E-03   -1.38203E-03    9.56805E-02    1.71766E+01    1.73490E+01    3.31691E+01
    1.11916E+04    4.43698E+05    1.32109E+04    1.50873E+04    9.35291E-03   -1.38164E-03    9.67006E-02    1.73490E+01    1.75234E+01    3.35121E+01
    1.13185E+04    4.57500E+05    1.38014E+04    1.50873E+04    9.55343E-03   -1.38166E-03    9.77319E-02    1.75234E+01    1.76998E+01    3.38588E+01
    1.14469E+04    4.71918E+05    1.44184E+04    1.50873E+04    9.75839E-03   -1.38208E-03    9.87749E-02    1.76998E+01    1.78782E+01    3.42095E+01
    1.15767E+04    4.86982E+05    1.50634E+04    1.50873E+04    9.96794E-03   -1.38289E-03    9.98300E-02    1.78782E+01    1.80587E+01    3.45642E+01
    1.17080E+04    5.02719E+05    1.57376E+04    1.50873E+04    1.01823E-02   -1.38409E-03    1.00898E-01    1.80587E+01    1.82414E+01    3.49232E+01
    1.18407E+04    5.19162E+05    1.64425E+04    1.50873E+04    1.04015E-02   -1.38567E-03    1.01978E-01    1.82414E+01    1.84264E+01    3.52866E+01
    1.19750E+04    5.36341E+05    1.71796E+04    1.50873E+04    1.06259E-02   -1.38764E-03    1.03072E-01    1.84264E+01    1.86137E+01    3.56544E+01
    1.21108E+04    5.54292E+05    1.79505E+04    1.50873E+04    1.08555E-02   -1.39000E-03    1.04181E-01    1.86137E+01    1.88035E+01    3.60270E+01
    1.22481E+04    5.73048E+05    1.87568E+04    1.50873E+04    1.10907E-02   -1.39272E-03    1.05303E-01    1.88035E+01    1.89958E+01    3.64044E+01
    1.23869E+04    5.92649E+05    1.96004E+04    1.50873E+04    1.13315E-02   -1.39583E-03    1.06441E-01    1.89958E+01    1.91907E+01    3.67868E+01
    1.25274E+04    6.13132E+05    2.04832E+04    1.50873E+04    1.15783E-02   -1.39931E-03    1.07593E-01    1.91907E+01    1.93884E+01    3.71745E+01
    1.26694E+04    6.34539E+05    2.14071E+04    1.50873E+04    1.18312E-02   -1.40317E-03    1.08762E-01    1.93884E+01    1.95888E+01    3.75674E+01
    1.28130E+04    6.56913E+05    2.23741E+04    1.50873E+04    1.20905E-02   -1.40739E-03    1.09948E-01    1.95888E+01    1.97920E+01    3.79659E+01
    1.29582E+04    6.80300E+05    2.33866E+04    1.50873E+04    1.23563E-02   -1.41199E-03    1.11150E-01    1.97920E+01    1.99983E+01    3.83702E+01
    1.31051E+04    7.04747E+05    2.44468E+04    1.50873E+04    1.26290E-02   -1.41697E-03    1.12370E-01    1.99983E+01    2.02076E+01    3.87803E+01
    1.32537E+04    7.30304E+05    2.55572E+04    1.50873E+04    1.29087E-02   -1.42231E-03    1.13608E-01    2.02076E+01    2.04200E+01    3.91965E+01
    1.34039E+04    7.57024E+05    2.67204E+04    1.50873E+04    1.31959E-02   -1.42804E-03    1.14864E-01    2.04200E+01    2.06358E+01    3.96190E+01
    1.35558E+04    7.84963E+05    2.79391E+04    1.50873E+04    1.34907E-02   -1.43414E-03    1.16141E-01    2.06358E+01    2.08549E+01    4.00481E+01
    1.37095E+04    8.14180E+05    2.92163E+04    1.50873E+04    1.37934E-02   -1.44062E-03    1.17437E-01    2.08549E+01    2.10774E+01    4.04838E+01
    1.38648E+04    8.44735E+05    3.05550E+04    1.50873E+04    1.41044E-02   -1.44749E-03    1.18753E-01    2.10774E+01    2.13036E+01    4.09264E+01
    1.40220E+04    8.76693E+05    3.19584E+04    1.50873E+04    1.44239E-02   -1.45474E-03    1.20091E-01    2.13036E+01    2.15335E+01    4.13762E+01
    1.41809E+04    9.10123E+05    3.34301E+04    1.50873E+04    1.47524E-02   -1.46239E-03    1.21451E-01    2.15335E+01    2.17672E+01    4.18333E+01
    1.43416E+04    9.45097E+05    3.49736E+04    1.50873E+04    1.50901E-02   -1.47044E-03    1.22833E-01    2.17672E+01    2.20048E+01    4.22980E+01
    1.45041E+04    9.81690E+05    3.65929E+04    1.50873E+04    1.54374E-02   -1.47890E-03    1.24238E-01    2.20048E+01    2.22465E+01    4.27706E+01
    1.46684E+04    1.01998E+06    3.82920E+04    1.50873E+04    1.57947E-02   -1.48777E-03    1.25668E-01    2.22465E+01    2.24924E+01    4.32513E+01
    1.48347E+04    1.06006E+06    4.00752E+04    1.50873E+04    1.61624E-02   -1.49706E-03    1.27122E-01    2.24924E+01    2.27426E+01    4.37403E+01
    1.50027E+04    1.10200E+06    4.19472E+04    1.50873E+04    1.65409E-02   -1.50679E-03    1.28603E-01    2.27426E+01    2.29973E+01    4.42379E+01
    1.51727E+04    1.14592E+06    4.39129E+04    1.50873E+04    1.69307E-02   -1.51696E-03    1.30109E-01    2.29973E+01    2.32566E+01    4.47444E+01
    1.53446E+04    1.19189E+06    4.59773E+04    1.50873E+04    1.73322E-02   -1.52759E-03    1.31643E-01    2.32566E+01    2.35207E+01    4.52601E+01
    1.55185E+04    1.24004E+06    4.81462E+04    1.50873E+04    1.77459E-02   -1.53868E-03    1.33205E-01    2.35207E+01    2.37897E+01    4.57852E+01
    1.56943E+04    1.29047E+06    5.04253E+04    1.50873E+04    1.81724E-02   -1.55027E-03    1.34796E-01    2.37897E+01    2.40638E+01    4.63202E+01
    1.58721E+04    1.34329E+06    5.28208E+04    1.50873E+04    1.86122E-02   -1.56236E-03    1.36417E-01    2.40638E+01    2.43432E+01    4.68653E+01
    1.60519E+04    1.39863E+06    5.53394E+04    1.50873E+04    1.90657E-02   -1.57497E-03    1.38070E-01    2.43432E+01    2.46279E+01    4.74208E+01
    1.62338E+04    1.45661E+06    5.79881E+04    1.50873E+04    1.95338E-02   -1.58812E-03    1.39754E-01    2.46279E+01    2.49184E+01    4.79872E+01
    1.64177E+04    1.51739E+06    6.07745E+04    1.50873E+04    2.00169E-02   -1.60184E-03    1.41472E-01    2.49184E+01    2.52146E+01    4.85647E+01
    1.66036E+04    1.58110E+06    6.37067E+04    1.50873E+04    2.05158E-02   -1.61615E-03    1.43224E-01    2.52146E+01    2.55168E+01    4.91538E+01
    1.67917E+04    1.64789E+06    6.67930E+04    1.50873E+04    2.10311E-02   -1.63107E-03    1.45012E-01    2.55168E+01    2.58253E+01    4.97549E+01
    1.69819E+04    1.71793E+06    7.00428E+04    1.50873E+04    2.15637E-02   -1.64664E-03    1.46837E-01    2.58253E+01    2.61403E+01    5.03683E+01
    1.71743E+04    1.79140E+06    7.34658E+04    1.50873E+04    2.21143E-02   -1.66289E-03    1.48699E-01    2.61403E+01    2.64620E+01    5.09947E+01
    1.73688E+04    1.86847E+06    7.70724E+04    1.50873E+04    2.26838E-02   -1.67985E-03    1.50602E-01    2.64620E+01    2.67906E+01    5.16343E+01
    1.75655E+04    1.94934E+06    8.08738E+04    1.50873E+04    2.32730E-02   -1.69757E-03    1.52546E-01    2.67906E+01    2.71264E+01    5.22878E+01
    1.77645E+04    2.03423E+06    8.48820E+04    1.50873E+04    2.38830E-02   -1.71608E-03    1.54532E-01    2.71264E+01    2.74697E+01    5.29556E+01
    1.79657E+04    2.12334E+06    8.91099E+04    1.50873E+04    2.45148E-02   -1.73543E-03    1.56562E-01    2.74697E+01    2.78208E+01    5.36384E+01
    1.81692E+04    2.21691E+06    9.35712E+04    1.50873E+04    2.51695E-02   -1.75567E-03    1.58639E-01    2.78208E+01    2.81801E+01    5.43366E+01
    1.83749E+04    2.31519E+06    9.82808E+04    1.50873E+04    2.58482E-02   -1.77685E-03    1.60764E-01    2.81801E+01    2.85478E+01    5.50509E+01
    1.85830E+04    2.41844E+06    1.03255E+05    1.50873E+04    2.65521E-02   -1.79903E-03    1.62938E-01    2.85478E+01    2.89242E+01    5.57821E+01
    1.87935E+04    2.52695E+06    1.08510E+05    1.50873E+04    2.72828E-02   -1.82228E-03    1.65165E-01    2.89242E+01    2.93099E+01    5.65307E+01
    1.90063E+04    2.64102E+06    1.14065E+05    1.50873E+04    2.80415E-02   -1.84666E-03    1.67446E-01    2.93099E+01    2.97051E+01    5.72976E+01
    1.92215E+04    2.76096E+06    1.19940E+05    1.50873E+04    2.88298E-02   -1.87225E-03    1.69783E-01    2.97051E+01    3.01103E+01    5.80835E+01
    1.94392E+04    2.88711E+06    1.26156E+05    1.50873E+04    2.96494E-02   -1.89912E-03    1.72180E-01    3.01103E+01    3.05260E+01    5.88893E+01
    1.96593E+04    3.01985E+06    1.32737E+05    1.50873E+04    3.05021E-02   -1.92737E-03    1.74638E-01    3.05260E+01    3.09526E+01    5.97159E+01
    1.98819E+04    3.15956E+06    1.39708E+05    1.50873E+04    3.13898E-02   -1.95709E-03    1.77161E-01    3.09526E+01    3.13908E+01    6.05642E+01
    2.01070E+04    3.30665E+06    1.47096E+05    1.50873E+04    3.23147E-02   -1.98837E-03    1.79752E-01    3.13908E+01    3.18409E+01    6.14354E+01
    2.03347E+04    3.46158E+06    1.54932E+05    1.50873E+04    3.32789E-02   -2.02134E-03    1.82414E-01    3.18409E+01    3.23037E+01    6.23305E+01
    2.05649E+04    3.62483E+06    1.63247E+05    1.50873E+04    3.42849E-02   -2.05610E-03    1.85151E-01    3.23037E+01    3.27797E+01    6.32507E+01
    2.07978E+04    3.79691E+06    1.72076E+05    1.50873E+04    3.53355E-02   -2.09279E-03    1.87966E-01    3.27797E+01    3.32698E+01    6.41973E+01
    2.10332E+04    3.97837E+06    1.81459E+05    1.50873E+04    3.64334E-02   -2.13155E-03    1.90863E-01    3.32698E+01    3.37745E+01    6.51716E+01
    2.12714E+04    4.16980E+06    1.91437E+05    1.50873E+04    3.75818E-02   -2.17252E-03    1.93848E-01    3.37745E+01    3.42948E+01    6.61752E+01
    2.15122E+04    4.37186E+06    2.02056E+05    1.50873E+04    3.87841E-02   -2.21586E-03    1.96924E-01    3.42948E+01    3.48314E+01    6.72097E+01
    2.17557E+04    4.58523E+06    2.13367E+05    1.50873E+04    4.00442E-02   -2.26176E-03    2.00098E-01    3.48314E+01    3.53853E+01    6.82767E+01
    2.20020E+04    4.81065E+06    2.25424E+05    1.50873E+04    4.13659E-02   -2.31040E-03    2.03373E-01    3.53853E+01    3.59576E+01    6.93781E+01
    2.22511E+04    5.04894E+06    2.38287E+05    1.50873E+04    4.27539E-02   -2.36200E-03    2.06757E-01    3.59576E+01    3.65492E+01    7.05159E+01
    2.25030E+04    5.30096E+06    2.52025E+05    1.50873E+04    4.42129E-02   -2.41676E-03    2.10255E-01    3.65492E+01    3.71614E+01    7.16922E+01
    2.27578E+04    5.56767E+06    2.66710E+05    1.50873E+04    4.57484E-02   -2.47494E-03    2.13874E-01    3.71614E+01    3.77954E+01    7.29094E+01
    2.30154E+04    5.85010E+06    2.82424E+05    1.50873E+04    4.73663E-02   -2.53680E-03    2.17623E-01    3.77954E+01    3.84526E+01    7.41700E+01
    2.32759E+04    6.14935E+06    2.99256E+05    1.50873E+04    4.90729E-02   -2.60263E-03    2.21509E-01    3.84526E+01    3.91345E+01    7.54767E+01
    2.35394E+04    6.46666E+06    3.17306E+05    1.50873E+04    5.08756E-02   -2.67274E-03    2.25540E-01    3.91345E+01    3.98427E+01    7.68324E+01
    2.38058E+04    6.80334E+06    3.36685E+05    1.50873E+04    5.27821E-02   -2.74749E-03    2.29727E-01    3.98427E+01    4.05788E+01    7.82404E+01
    2.40753E+04    7.16086E+06    3.57516E+05    1.50873E+04    5.48012E-02   -2.82724E-03    2.34079E-01    4.05788E+01    4.13450E+01    7.97040E+01
    2.43478E+04    7.54080E+06    3.79936E+05    1.50873E+04    5.69426E-02   -2.91241E-03    2.38609E-01    4.13450E+01    4.21431E+01    8.12272E+01
    2.46234E+04    7.94489E+06    4.04100E+05    1.50873E+04    5.92171E-02   -3.00345E-03    2.43327E-01    4.21431E+01    4.29754E+01    8.28140E+01
    2.49021E+04    8.37507E+06    4.30178E+05    1.50873E+04    6.16365E-02   -3.10088E-03    2.48248E-01    4.29754E+01    4.38445E+01    8.44688E+01
    2.51840E+04    8.83344E+06    4.58363E+05    1.50873E+04    6.42144E-02   -3.20525E-03    2.53385E-01    4.38445E+01    4.47530E+01    8.61966E+01
    2.54690E+04    9.32231E+06    4.88874E+05    1.50873E+04    6.69655E-02   -3.31717E-03    2.58756E-01    4.47530E+01    4.57038E+01    8.80027E+01
    2.57573E+04    9.84426E+06    5.21953E+05    1.50873E+04    6.99066E-02   -3.43734E-03    2.64376E-01    4.57038E+01    4.67002E+01    8.98930E+01
    2.60488E+04    1.04021E+07    5.57878E+05    1.50873E+04    7.30565E-02   -3.56652E-03    2.70266E-01    4.67002E+01    4.77458E+01    9.18738E+01
    2.63436E+04    1.09991E+07    5.96963E+05    1.50873E+04    7.64362E-02   -3.70557E-03    2.76446E-01    4.77458E+01    4.88443E+01    9.39523E+01
    2.66417E+04    1.16387E+07    6.39563E+05    1.50873E+04    8.00696E-02   -3.85544E-03    2.82939E-01    4.88443E+01    5.00003E+01    9.61362E+01
    2.69432E+04    1.23248E+07    6.86086E+05    1.50873E+04    8.39837E-02   -4.01722E-03    2.89772E-01    5.00003E+01    5.12183E+01    9.84341E+01
    2.72481E+04    1.30617E+07    7.36994E+05    1.50873E+04    8.82091E-02   -4.19214E-03    2.96971E-01    5.12183E+01    5.25037E+01    1.00855E+02
    2.75565E+04    1.38546E+07    7.92821E+05    1.50873E+04    9.27806E-02   -4.38157E-03    3.04568E-01    5.25037E+01    5.38624E+01    1.03411E+02
    2.78684E+04    1.47087E+07    8.54179E+05    1.50873E+04    9.77381E-02   -4.58710E-03    3.12597E-01    5.38624E+01    5.53009E+01    1.06112E+02
    2.81837E+04    1.56305E+07    9.21777E+05    1.50873E+04    1.03127E-01   -4.81053E-03    3.21098E-01    5.53009E+01    5.68266E+01    1.08971E+02
    2.85027E+04    1.66270E+07    9.96434E+05    1.50873E+04    1.09001E-01   -5.05392E-03    3.30114E-01    5.68266E+01    5.84475E+01    1.12003E+02
    2.88252E+04    1.77061E+07    1.07910E+06    1.50873E+04    1.15419E-01   -5.31966E-03    3.39692E-01    5.84475E+01    6.01729E+01    1.15225E+02
    2.91514E+04    1.88770E+07    1.17090E+06    1.50873E+04    1.22453E-01   -5.61050E-03    3.49887E-01    6.01729E+01    6.20132E+01    1.18655E+02
    2.94812E+04    2.01501E+07    1.27314E+06    1.50873E+04    1.30183E-01   -5.92966E-03    3.60761E-01    6.20132E+01    6.39802E+01    1.22313E+02
    2.98148E+04    2.15375E+07    1.38735E+06    1.50873E+04    1.38708E-01   -6.28089E-03    3.72382E-01    6.39802E+01    6.60873E+01    1.26222E+02
    3.01522E+04    2.30528E+07    1.51537E+06    1.50873E+04    1.48138E-01   -6.66860E-03    3.84829E-01    6.60873E+01    6.83497E+01    1.30410E+02
    3.04934E+04    2.47122E+07    1.65938E+06    1.50873E+04    1.58609E-01   -7.09800E-03    3.98194E-01    6.83497E+01    7.07850E+01    1.34906E+02
    3.08384E+04    2.65342E+07    1.82199E+06    1.50873E+04    1.70278E-01   -7.57530E-03    4.12578E-01    7.07850E+01    7.34134E+01    1.39745E+02
    3.11873E+04    2.85405E+07    2.00633E+06    1.50873E+04    1.83337E-01   -8.10793E-03    4.28102E-01    7.34134E+01    7.62584E+01    1.44968E+02
    3.15402E+04    3.07568E+07    2.21624E+06    1.50873E+04    1.98015E-01   -8.70485E-03    4.44903E-01    7.62584E+01    7.93474E+01    1.50622E+02
    3.18971E+04    3.32131E+07    2.45637E+06    1.50873E+04    2.14589E-01   -9.37694E-03    4.63143E-01    7.93474E+01    8.27124E+01    1.56759E+02
    3.22580E+04    3.59456E+07    2.73247E+06    1.50873E+04    2.33402E-01   -1.01375E-02    4.83011E-01    8.27124E+01    8.63916E+01    1.63445E+02
    3.26230E+04    3.89973E+07    3.05169E+06    1.50873E+04    2.54872E-01   -1.10031E-02    5.04729E-01    8.63916E+01    9.04300E+01    1.70755E+02
    3.29921E+04    4.24202E+07    3.42296E+06    1.50873E+04    2.79524E-01   -1.19944E-02    5.28564E-01    9.04300E+01    9.48820E+01    1.78777E+02
    3.33653E+04    4.62779E+07    3.85763E+06    1.50873E+04    3.08015E-01   -1.31375E-02    5.54835E-01    9.48820E+01    9.98133E+01    1.87620E+02
    3.37428E+04    5.06481E+07    4.37019E+06    1.50873E+04    3.41181E-01   -1.44658E-02    5.83928E-01    9.98133E+01    1.05305E+02    1.97414E+02
    3.41246E+04    5.56275E+07    4.97944E+06    1.50873E+04    3.80102E-01   -1.60229E-02    6.16316E-01    1.05305E+02    1.11456E+02    2.08319E+02
    3.45106E+04    6.13376E+07    5.71010E+06    1.50873E+04    4.26184E-01   -1.78667E-02    6.52583E-01    1.11456E+02    1.18392E+02    2.20532E+02
    3.49010E+04    6.79328E+07    6.59516E+06    1.50873E+04    4.81297E-01   -2.00751E-02    6.93465E-01    1.18392E+02    1.26274E+02    2.34301E+02
    3.52959E+04    7.56122E+07    7.67946E+06    1.50873E+04    5.47964E-01   -2.27558E-02    7.39896E-01    1.26274E+02    1.35310E+02    2.49944E+02
    3.56952E+04    8.46374E+07    9.02522E+06    1.50873E+04    6.29672E-01   -2.60614E-02    7.93090E-01    1.35310E+02    1.45774E+02    2.67871E+02
    3.60990E+04    9.53583E+07    1.07209E+07    1.50873E+04    7.31344E-01   -3.02150E-02    8.54652E-01    1.45774E+02    1.58044E+02    2.88625E+02
    3.65074E+04    1.08254E+08    1.28958E+07    1.50873E+04    8.60146E-01   -3.55547E-02    9.26759E-01    1.58044E+02    1.72645E+02    3.12947E+02
    3.69204E+04    1.24000E+08    1.57454E+07    1.50873E+04    1.02687E+00   -4.26159E-02    1.01245E+00    1.72645E+02    1.90344E+02    3.41871E+02
    3.73380E+04    1.43578E+08    1.95783E+07    1.50873E+04    1.24845E+00   -5.22940E-02    1.11612E+00    1.90344E+02    2.12308E+02    3.76897E+02
    3.77604E+04    1.68484E+08    2.49065E+07    1.50873E+04    1.55290E+00   -6.61945E-02    1.24439E+00    2.12308E+02    2.40424E+02    4.20302E+02
    3.81876E+04    2.01123E+08    3.26383E+07    1.50873E+04    1.98972E+00   -8.74729E-02    1.40786E+00    2.40424E+02    2.77998E+02    4.75741E+02
    3.86195E+04    2.45656E+08    4.45333E+07    1.50873E+04    2.65451E+00   -1.23171E-01    1.62460E+00    2.77998E+02    3.31504E+02    5.49542E+02
    3.90564E+04    3.10100E+08    6.44439E+07    1.50873E+04    3.75591E+00   -1.92214E-01    1.92846E+00    3.31504E+02    4.15946E+02    6.53837E+02
    3.94982E+04    4.12643E+08    1.02543E+08    1.50873E+04    5.84351E+00   -3.62222E-01    2.39004E+00    4.15946E+02    5.76873E+02    8.15430E+02
    3.99450E+04    6.10720E+08    1.98077E+08    1.50873E+04    1.10367E+01   -1.00020E+00    3.16801E+00    5.76873E+02    1.02626E+03    1.10639E+03
    4.03968E+04    1.50481E+09    8.94085E+08    1.50873E+04    4.87100E+01   -5.37488E+00    4.45203E+00    1.02626E+03    3.46847E+03    1.77039E+03
