 # rho, F_z,dF_z, z(rho), E2 (=>sigma2=e0^2*E2), Er, Ez, Ui,j , Ui+1,j , Ui,j-1
    2.50000E-01    5.89147E-01    5.89147E-01    0.00000E+00    4.71317E+00   -5.63525E-01    2.09657E+00    2.33005E+00    2.61181E+00    3.37833E+00
    7.31707E-01    1.65898E+00    1.06983E+00    5.00000E-01    3.15506E+00   -2.19629E-01    1.76262E+00    1.73050E+00    1.83228E+00    2.61181E+00
    1.19774E+00    3.32993E+00    1.67095E+00    5.00000E-01    2.97681E+00   -7.88912E-02    1.72354E+00    1.83228E+00    1.86925E+00    2.69405E+00
    1.66904E+00    5.73871E+00    2.40878E+00    5.00000E-01    3.04510E+00   -5.11492E-02    1.74427E+00    1.86925E+00    1.89349E+00    2.74139E+00
    2.14566E+00    8.98285E+00    3.24414E+00    5.00000E-01    3.15448E+00   -5.09399E-02    1.77536E+00    1.89349E+00    1.91791E+00    2.78117E+00
    2.62767E+00    1.31757E+01    4.19288E+00    5.00000E-01    3.29193E+00   -6.34688E-02    1.81326E+00    1.91791E+00    1.94868E+00    2.82454E+00
    3.11513E+00    1.84727E+01    5.29702E+00    5.00000E-01    3.46885E+00   -8.98432E-02    1.86032E+00    1.94868E+00    1.99272E+00    2.87883E+00
    3.60810E+00    2.50964E+01    6.62361E+00    5.00000E-01    3.70311E+00   -1.43438E-01    1.91899E+00    1.99272E+00    2.06382E+00    2.95221E+00
    4.10663E+00    3.33668E+01    8.27042E+00    5.00000E-01    4.01709E+00   -2.67745E-01    1.98630E+00    2.06382E+00    2.19805E+00    3.05698E+00
    4.61080E+00    4.38619E+01    1.04952E+01    5.00000E-01    4.48956E+00   -6.10808E-01    2.02891E+00    2.19805E+00    2.50773E+00    3.21251E+00
    5.12067E+00    5.32768E+01    9.41488E+00    9.63414E-01    3.58591E+00   -4.91447E-01    1.82877E+00    1.59335E+00    1.84533E+00    2.50773E+00
    5.63630E+00    6.38168E+01    1.05399E+01    9.63414E-01    3.60641E+00   -4.16818E-01    1.85275E+00    1.84533E+00    2.06146E+00    2.77170E+00
    6.15775E+00    7.78082E+01    1.39914E+01    9.63414E-01    4.33302E+00   -7.45422E-01    1.94354E+00    2.06146E+00    2.45235E+00    3.03323E+00
    6.68510E+00    9.03095E+01    1.25012E+01    1.43207E+00    3.52627E+00   -6.13485E-01    1.77480E+00    1.62988E+00    1.95522E+00    2.45235E+00
    7.21840E+00    1.05820E+02    1.55106E+01    1.43207E+00    4.00662E+00   -8.07200E-01    1.83168E+00    1.95522E+00    2.38812E+00    2.80405E+00
    7.75774E+00    1.19059E+02    1.32385E+01    1.90601E+00    3.14639E+00   -6.10569E-01    1.66541E+00    1.60763E+00    1.93878E+00    2.38812E+00
    8.30316E+00    1.36346E+02    1.72878E+01    1.90601E+00    3.79601E+00   -8.20440E-01    1.76717E+00    1.93878E+00    2.38878E+00    2.76696E+00
    8.85475E+00    1.51444E+02    1.50979E+01    2.38531E+00    3.07391E+00   -6.23613E-01    1.63860E+00    1.61217E+00    1.95808E+00    2.38878E+00
    9.41258E+00    1.71806E+02    2.03621E+01    2.38531E+00    3.85642E+00   -8.67061E-01    1.76200E+00    1.95808E+00    2.44447E+00    2.79317E+00
    9.97670E+00    1.90220E+02    1.84134E+01    2.87003E+00    3.25340E+00   -6.89465E-01    1.66674E+00    1.64559E+00    2.03672E+00    2.44447E+00
    1.05472E+01    2.16644E+02    2.64242E+01    2.87003E+00    4.36692E+00   -1.04873E+00    1.80751E+00    2.03672E+00    2.63838E+00    2.90306E+00
    1.11242E+01    2.45389E+02    2.87451E+01    3.36023E+00    4.45376E+00   -1.21238E+00    1.72739E+00    1.80109E+00    2.50450E+00    2.63838E+00
    1.17076E+01    2.71479E+02    2.60904E+01    3.85596E+00    3.79806E+00   -1.19445E+00    1.53992E+00    1.74964E+00    2.45047E+00    2.50450E+00
    1.22977E+01    2.97078E+02    2.55990E+01    4.35730E+00    3.50809E+00   -1.17750E+00    1.45657E+00    1.72840E+00    2.42710E+00    2.45047E+00
    1.28944E+01    3.23059E+02    2.59806E+01    4.86430E+00    3.35767E+00   -1.17034E+00    1.40996E+00    1.72024E+00    2.42254E+00    2.42710E+00
    1.34979E+01    3.50059E+02    2.69996E+01    5.37703E+00    3.29611E+00   -1.17575E+00    1.38337E+00    1.72116E+00    2.43468E+00    2.42254E+00
    1.41082E+01    3.78813E+02    2.87546E+01    5.89556E+00    3.32098E+00   -1.19993E+00    1.37155E+00    1.73145E+00    2.46787E+00    2.43468E+00
    1.47254E+01    4.10600E+02    3.17864E+01    6.41994E+00    3.47797E+00   -1.26203E+00    1.37304E+00    1.75591E+00    2.53920E+00    2.46787E+00
    1.53495E+01    4.49137E+02    3.85376E+01    6.95025E+00    4.00000E+00   -1.44680E+00    1.38086E+00    1.81510E+00    2.72320E+00    2.53920E+00
    1.59807E+01    4.73234E+02    2.40972E+01    8.02892E+00    2.37553E+00   -1.24917E+00    9.02828E-01    1.62430E+00    2.41723E+00    2.10849E+00
    1.66191E+01    5.10566E+02    3.73317E+01    8.57741E+00    3.49930E+00   -1.44928E+00    1.18274E+00    1.77575E+00    2.70609E+00    2.41723E+00
    1.72646E+01    5.41096E+02    3.05299E+01    9.69305E+00    2.72394E+00   -1.42104E+00    8.39400E-01    1.67025E+00    2.59276E+00    2.13585E+00
    1.79175E+01    5.70991E+02    2.98951E+01    1.08341E+01    2.54140E+00   -1.39994E+00    7.62613E-01    1.65187E+00    2.57096E+00    2.08450E+00
    1.85777E+01    6.03622E+02    3.26307E+01    1.20010E+01    2.64548E+00   -1.45702E+00    7.22889E-01    1.66803E+00    2.63541E+00    2.08745E+00
    1.92454E+01    6.32100E+02    2.84783E+01    1.38013E+01    2.20383E+00   -1.38424E+00    5.36373E-01    1.60176E+00    2.53120E+00    1.92362E+00
    1.99207E+01    6.54836E+02    2.27362E+01    1.62981E+01    1.68083E+00   -1.23127E+00    4.05976E-01    1.53146E+00    2.36753E+00    1.78628E+00
    2.06035E+01    6.74048E+02    1.92118E+01    1.89097E+01    1.35786E+00   -1.11094E+00    3.51688E-01    1.49305E+00    2.25593E+00    1.72394E+00
    2.12941E+01    6.94555E+02    2.05070E+01    2.09469E+01    1.38674E+00   -1.12068E+00    3.61695E-01    1.51429E+00    2.29256E+00    1.75990E+00
    2.19925E+01    7.12546E+02    1.79913E+01    2.37722E+01    1.16482E+00   -1.03729E+00    2.98078E-01    1.48072E+00    2.20922E+00    1.69243E+00
    2.26988E+01    7.28420E+02    1.58740E+01    2.67274E+01    9.84631E-01   -9.55738E-01    2.66828E-01    1.45656E+00    2.13537E+00    1.65478E+00
    2.34130E+01    7.45411E+02    1.69903E+01    2.90326E+01    1.01031E+00   -9.66089E-01    2.77453E-01    1.47720E+00    2.17111E+00    1.69038E+00
    2.41354E+01    7.59948E+02    1.45378E+01    3.22296E+01    8.29230E-01   -8.80910E-01    2.30711E-01    1.44240E+00    2.08228E+00    1.62782E+00
    2.48659E+01    7.74892E+02    1.49434E+01    3.47234E+01    8.18079E-01   -8.72329E-01    2.39000E-01    1.45384E+00    2.09465E+00    1.65251E+00
    2.56046E+01    7.89805E+02    1.49131E+01    3.73028E+01    7.84007E-01   -8.55162E-01    2.29574E-01    1.45493E+00    2.09023E+00    1.65230E+00
    2.63517E+01    8.04567E+02    1.47626E+01    3.99705E+01    7.45664E-01   -8.35498E-01    2.18191E-01    1.45378E+00    2.08148E+00    1.64780E+00
    2.71072E+01    8.19129E+02    1.45611E+01    4.27298E+01    7.07000E-01   -8.15040E-01    2.06664E-01    1.45174E+00    2.07100E+00    1.64181E+00
    2.78713E+01    8.33457E+02    1.43282E+01    4.55836E+01    6.69057E-01   -7.94272E-01    1.95418E-01    1.44917E+00    2.05946E+00    1.63506E+00
    2.86440E+01    8.47521E+02    1.40641E+01    4.85353E+01    6.31870E-01   -7.73177E-01    1.84571E-01    1.44606E+00    2.04686E+00    1.62765E+00
    2.94255E+01    8.61272E+02    1.37510E+01    5.15882E+01    5.94678E-01   -7.51233E-01    1.74145E-01    1.44216E+00    2.03250E+00    1.61937E+00
    3.02157E+01    8.74592E+02    1.33198E+01    5.47457E+01    5.54696E-01   -7.26457E-01    1.64183E-01    1.43641E+00    2.01374E+00    1.60921E+00
    3.10149E+01    8.86929E+02    1.23374E+01    5.80115E+01    4.94953E-01   -6.86004E-01    1.56049E-01    1.42246E+00    1.97379E+00    1.59232E+00
    3.18232E+01    9.01536E+02    1.46066E+01    6.02507E+01    5.64722E-01   -7.26613E-01    1.91716E-01    1.46563E+00    2.05620E+00    1.67906E+00
    3.26405E+01    9.14843E+02    1.33071E+01    6.37052E+01    4.95993E-01   -6.88842E-01    1.46595E-01    1.43777E+00    2.00397E+00    1.60657E+00
    3.34671E+01    9.26951E+02    1.21088E+01    6.72782E+01    4.35262E-01   -6.45469E-01    1.36500E-01    1.41943E+00    1.95597E+00    1.58199E+00
    3.43031E+01    9.40976E+02    1.40246E+01    6.97280E+01    4.86349E-01   -6.76941E-01    1.67631E-01    1.45711E+00    2.02618E+00    1.66129E+00
    3.51485E+01    9.53034E+02    1.20574E+01    7.35074E+01    4.03514E-01   -6.22189E-01    1.28043E-01    1.41912E+00    1.94807E+00    1.58043E+00
    3.60034E+01    9.66401E+02    1.33679E+01    7.60988E+01    4.31866E-01   -6.38219E-01    1.56660E-01    1.44731E+00    1.99602E+00    1.64915E+00
    3.68680E+01    9.81046E+02    1.46447E+01    7.87490E+01    4.56857E-01   -6.57220E-01    1.57858E-01    1.46681E+00    2.03824E+00    1.67482E+00
    3.77424E+01    9.93524E+02    1.24776E+01    8.28378E+01    3.75985E-01   -6.02140E-01    1.15813E-01    1.42527E+00    1.95472E+00    1.58310E+00
    3.86267E+01    1.00761E+03    1.40873E+01    8.56412E+01    4.10140E-01   -6.24832E-01    1.40446E-01    1.45684E+00    2.01246E+00    1.65260E+00
    3.95209E+01    1.01958E+03    1.19656E+01    8.99662E+01    3.36681E-01   -5.70632E-01    1.05167E-01    1.41666E+00    1.92981E+00    1.56827E+00
    4.04252E+01    1.03254E+03    1.29615E+01    9.29317E+01    3.52558E-01   -5.79546E-01    1.29171E-01    1.43924E+00    1.96630E+00    1.62969E+00
    4.13398E+01    1.04603E+03    1.34914E+01    9.59645E+01    3.54845E-01   -5.81227E-01    1.30463E-01    1.44793E+00    1.98249E+00    1.64465E+00
    4.22647E+01    1.06000E+03    1.39681E+01    9.90662E+01    3.55329E-01   -5.82047E-01    1.28644E-01    1.45485E+00    1.99621E+00    1.65324E+00
    4.32001E+01    1.07478E+03    1.47821E+01    1.02238E+02    3.63783E-01   -5.90030E-01    1.25092E-01    1.46616E+00    2.02115E+00    1.66345E+00
    4.41460E+01    1.08709E+03    1.23119E+01    1.07133E+02    2.93187E-01   -5.34020E-01    8.94973E-02    1.42057E+00    1.92856E+00    1.56657E+00
    4.51026E+01    1.10025E+03    1.31555E+01    1.10488E+02    3.03205E-01   -5.39578E-01    1.09819E-01    1.43984E+00    1.95891E+00    1.62306E+00
    4.60700E+01    1.11376E+03    1.35120E+01    1.13920E+02    3.01476E-01   -5.37875E-01    1.10301E-01    1.44564E+00    1.96891E+00    1.63384E+00
    4.70484E+01    1.12749E+03    1.37282E+01    1.17430E+02    2.96579E-01   -5.33699E-01    1.08370E-01    1.44857E+00    1.97365E+00    1.63768E+00
    4.80378E+01    1.14137E+03    1.38848E+01    1.21019E+02    2.90500E-01   -5.28488E-01    1.05832E-01    1.45040E+00    1.97623E+00    1.63929E+00
    4.90384E+01    1.15538E+03    1.40080E+01    1.24691E+02    2.83890E-01   -5.22744E-01    1.03096E-01    1.45167E+00    1.97766E+00    1.63985E+00
    5.00503E+01    1.16949E+03    1.41082E+01    1.28445E+02    2.77009E-01   -5.16672E-01    1.00296E-01    1.45256E+00    1.97832E+00    1.63979E+00
    5.10736E+01    1.18368E+03    1.41891E+01    1.32285E+02    2.69965E-01   -5.10354E-01    9.74892E-02    1.45315E+00    1.97834E+00    1.63927E+00
    5.21085E+01    1.19793E+03    1.42503E+01    1.36212E+02    2.62776E-01   -5.03793E-01    9.47016E-02    1.45344E+00    1.97775E+00    1.63836E+00
    5.31551E+01    1.21222E+03    1.42873E+01    1.40229E+02    2.55384E-01   -4.96920E-01    9.19460E-02    1.45338E+00    1.97637E+00    1.63699E+00
    5.42135E+01    1.22650E+03    1.42876E+01    1.44337E+02    2.47606E-01   -4.89534E-01    8.92323E-02    1.45277E+00    1.97381E+00    1.63501E+00
    5.52839E+01    1.24072E+03    1.42191E+01    1.48538E+02    2.38948E-01   -4.81093E-01    8.65873E-02    1.45114E+00    1.96899E+00    1.63200E+00
    5.63664E+01    1.25469E+03    1.39725E+01    1.52834E+02    2.27722E-01   -4.69718E-01    8.41819E-02    1.44690E+00    1.95821E+00    1.62673E+00
    5.74611E+01    1.26758E+03    1.28886E+01    1.57229E+02    2.03752E-01   -4.43506E-01    8.39898E-02    1.43024E+00    1.91848E+00    1.61374E+00
    5.85682E+01    1.28557E+03    1.79880E+01    1.59463E+02    2.75875E-01   -4.93791E-01    1.79012E-01    1.52295E+00    2.07269E+00    1.91848E+00
    5.96878E+01    1.30128E+03    1.57049E+01    1.64008E+02    2.33701E-01   -4.75675E-01    8.62244E-02    1.47174E+00    2.00729E+00    1.66658E+00
    6.08200E+01    1.31651E+03    1.52338E+01    1.68656E+02    2.19984E-01   -4.62331E-01    7.89598E-02    1.46305E+00    1.98946E+00    1.64553E+00
    6.19650E+01    1.33132E+03    1.48105E+01    1.73410E+02    2.07574E-01   -4.49275E-01    7.56723E-02    1.45610E+00    1.97343E+00    1.63496E+00
    6.31230E+01    1.34493E+03    1.36063E+01    1.78272E+02    1.85107E-01   -4.23638E-01    7.50837E-02    1.43809E+00    1.93140E+00    1.61959E+00
    6.42940E+01    1.36369E+03    1.87669E+01    1.80744E+02    2.47864E-01   -4.69869E-01    1.64581E-01    1.52906E+00    2.08240E+00    1.93140E+00
    6.54783E+01    1.37995E+03    1.62595E+01    1.85773E+02    2.08506E-01   -4.50147E-01    7.66400E-02    1.47609E+00    2.01219E+00    1.66770E+00
    6.66760E+01    1.39549E+03    1.55384E+01    1.90916E+02    1.93494E-01   -4.34243E-01    7.01921E-02    1.46418E+00    1.98718E+00    1.64366E+00
    6.78872E+01    1.40968E+03    1.41855E+01    1.96176E+02    1.71556E-01   -4.08402E-01    6.90234E-02    1.44429E+00    1.94172E+00    1.62479E+00
    6.91121E+01    1.42904E+03    1.93638E+01    1.98850E+02    2.27460E-01   -4.51258E-01    1.54358E-01    1.53350E+00    2.08934E+00    1.94172E+00
    7.03508E+01    1.44558E+03    1.65389E+01    2.04290E+02    1.88724E-01   -4.28707E-01    7.02423E-02    1.47733E+00    2.01136E+00    1.66732E+00
    7.16036E+01    1.46046E+03    1.48824E+01    2.09854E+02    1.64986E-01   -4.00789E-01    6.59915E-02    1.45280E+00    1.95770E+00    1.63534E+00
    7.28704E+01    1.48062E+03    2.01624E+01    2.12683E+02    2.17181E-01   -4.41624E-01    1.48825E-01    1.54136E+00    2.10399E+00    1.95770E+00
    7.41516E+01    1.49778E+03    1.71527E+01    2.18438E+02    1.79541E-01   -4.18490E-01    6.63818E-02    1.48369E+00    2.02287E+00    1.67362E+00
    7.54473E+01    1.51319E+03    1.54152E+01    2.24323E+02    1.56810E-01   -3.91072E-01    6.22292E-02    1.45853E+00    1.96809E+00    1.64062E+00
    7.67576E+01    1.53396E+03    2.07701E+01    2.27316E+02    2.05355E-01   -4.30189E-01    1.42454E-01    1.54654E+00    2.11339E+00    1.96809E+00
    7.80828E+01    1.55157E+03    1.76109E+01    2.33403E+02    1.69253E-01   -4.06634E-01    6.24645E-02    1.48785E+00    2.02972E+00    1.67690E+00
    7.94229E+01    1.56731E+03    1.57361E+01    2.39628E+02    1.47021E-01   -3.78936E-01    5.85570E-02    1.46123E+00    1.97189E+00    1.64247E+00
    8.07781E+01    1.58828E+03    2.09675E+01    2.42794E+02    1.90459E-01   -4.14717E-01    1.35900E-01    1.54650E+00    2.11170E+00    1.97189E+00
    8.21487E+01    1.60504E+03    1.67587E+01    2.49232E+02    1.48017E-01   -3.79958E-01    6.04027E-02    1.47509E+00    1.99877E+00    1.66846E+00
    8.35347E+01    1.62713E+03    2.20907E+01    2.52507E+02    1.89728E-01   -4.13853E-01    1.35845E-01    1.55897E+00    2.13581E+00    1.99877E+00
    8.49364E+01    1.64472E+03    1.75966E+01    2.59166E+02    1.46975E-01   -3.78784E-01    5.91448E-02    1.48510E+00    2.01903E+00    1.68093E+00
    8.63540E+01    1.66796E+03    2.32339E+01    2.62552E+02    1.88742E-01   -4.13336E-01    1.33774E-01    1.57108E+00    2.16030E+00    2.01903E+00
    8.77875E+01    1.68743E+03    1.94760E+01    2.69440E+02    1.53893E-01   -3.88280E-01    5.59568E-02    1.50744E+00    2.06719E+00    1.69907E+00
    8.92373E+01    1.70480E+03    1.73630E+01    2.76485E+02    1.33459E-01   -3.61583E-01    5.21235E-02    1.47915E+00    2.00630E+00    1.66171E+00
    9.07034E+01    1.72770E+03    2.29089E+01    2.80067E+02    1.71305E-01   -3.94651E-01    1.24722E-01    1.56454E+00    2.14640E+00    2.00630E+00
    9.21861E+01    1.74600E+03    1.82987E+01    2.87353E+02    1.33126E-01   -3.60919E-01    5.35168E-02    1.49115E+00    2.02929E+00    1.68501E+00
    9.36856E+01    1.76988E+03    2.38754E+01    2.91058E+02    1.69008E-01   -3.91920E-01    1.24126E-01    1.57457E+00    2.16554E+00    2.02929E+00
    9.52020E+01    1.78879E+03    1.89132E+01    2.98594E+02    1.30278E-01   -3.57133E-01    5.22852E-02    1.49789E+00    2.04250E+00    1.69379E+00
    9.67356E+01    1.81337E+03    2.45751E+01    3.02425E+02    1.64732E-01   -3.87173E-01    1.21774E-01    1.58109E+00    2.17817E+00    2.04250E+00
    9.82864E+01    1.83276E+03    1.93890E+01    3.10220E+02    1.26489E-01   -3.52004E-01    5.08119E-02    1.50270E+00    2.05168E+00    1.69961E+00
    9.98548E+01    1.85782E+03    2.50627E+01    3.14183E+02    1.59136E-01   -3.80734E-01    1.19069E-01    1.58506E+00    2.18556E+00    2.05168E+00
    1.01441E+02    1.87724E+03    1.94212E+01    3.22244E+02    1.20031E-01   -3.42885E-01    4.96065E-02    1.50205E+00    2.04896E+00    1.70087E+00
    1.03045E+02    1.90153E+03    2.42881E+01    3.26343E+02    1.46122E-01   -3.63911E-01    1.17010E-01    1.57468E+00    2.16169E+00    2.04896E+00
    1.04667E+02    1.93012E+03    2.85957E+01    3.30489E+02    1.67479E-01   -3.87548E-01    1.31476E-01    1.62275E+00    2.25495E+00    2.16169E+00
    1.06308E+02    1.95183E+03    2.17037E+01    3.38921E+02    1.23754E-01   -3.48314E-01    4.93086E-02    1.52805E+00    2.10267E+00    1.73476E+00
    1.07967E+02    1.97970E+03    2.78765E+01    3.43208E+02    1.54760E-01   -3.75995E-01    1.15704E-01    1.61212E+00    2.23942E+00    2.10267E+00
    1.09645E+02    2.00161E+03    2.19108E+01    3.51929E+02    1.18441E-01   -3.40961E-01    4.67585E-02    1.52898E+00    2.10426E+00    1.73173E+00
    1.11341E+02    2.02974E+03    2.81220E+01    3.56364E+02    1.48027E-01   -3.68079E-01    1.12001E-01    1.61313E+00    2.24118E+00    2.10426E+00
    1.13057E+02    2.05156E+03    2.18185E+01    3.65384E+02    1.11840E-01   -3.31328E-01    4.54043E-02    1.52687E+00    2.09860E+00    1.73050E+00
    1.14793E+02    2.07869E+03    2.71367E+01    3.69970E+02    1.35467E-01   -3.51335E-01    1.09685E-01    1.60114E+00    2.21424E+00    2.09860E+00
    1.16547E+02    2.11046E+03    3.17635E+01    3.74609E+02    1.54432E-01   -3.73201E-01    1.23096E-01    1.64965E+00    2.30827E+00    2.21424E+00
    1.18322E+02    2.13456E+03    2.41069E+01    3.84044E+02    1.14158E-01   -3.34863E-01    4.49928E-02    1.55140E+00    2.14903E+00    1.76245E+00
    1.20117E+02    2.16526E+03    3.06981E+01    3.88841E+02    1.41598E-01   -3.60429E-01    1.08116E-01    1.63614E+00    2.28668E+00    2.14903E+00
    1.21932E+02    2.18900E+03    2.37439E+01    3.98599E+02    1.06685E-01   -3.23796E-01    4.29097E-02    1.54610E+00    2.13712E+00    1.75429E+00
    1.23768E+02    2.21838E+03    2.93796E+01    4.03561E+02    1.28596E-01   -3.42842E-01    1.05146E-01    1.62123E+00    2.25408E+00    2.13712E+00
    1.25624E+02    2.25256E+03    3.41731E+01    4.08579E+02    1.45721E-01   -3.63088E-01    1.17848E-01    1.66933E+00    2.34713E+00    2.25408E+00
    1.27501E+02    2.27811E+03    2.55496E+01    4.18786E+02    1.06145E-01   -3.22997E-01    4.26341E-02    1.56449E+00    2.17427E+00    1.78085E+00
    1.29400E+02    2.30959E+03    3.14874E+01    4.23976E+02    1.27454E-01   -3.41521E-01    1.04004E-01    1.64051E+00    2.29254E+00    2.17427E+00
    1.31320E+02    2.34617E+03    3.65716E+01    4.29225E+02    1.44239E-01   -3.61585E-01    1.16171E-01    1.68961E+00    2.38775E+00    2.29254E+00
    1.33262E+02    2.37394E+03    2.77770E+01    4.39901E+02    1.06751E-01   -3.24113E-01    4.12459E-02    1.58608E+00    2.21894E+00    1.80501E+00
    1.35225E+02    2.40910E+03    3.51620E+01    4.45329E+02    1.31682E-01   -3.48381E-01    1.01550E-01    1.67382E+00    2.36175E+00    2.21894E+00
    1.37211E+02    2.43637E+03    2.72680E+01    4.56371E+02    9.95164E-02   -3.13013E-01    3.92357E-02    1.57967E+00    2.20475E+00    1.79507E+00
    1.39219E+02    2.46994E+03    3.35707E+01    4.61986E+02    1.19402E-01   -3.31184E-01    9.85836E-02    1.65741E+00    2.32624E+00    2.20475E+00
    1.41250E+02    2.50878E+03    3.88396E+01    4.67664E+02    1.34634E-01   -3.49932E-01    1.10372E-01    1.70653E+00    2.42121E+00    2.32624E+00
    1.43304E+02    2.53785E+03    2.90658E+01    4.79214E+02    9.82003E-02   -3.10944E-01    3.89155E-02    1.59671E+00    2.23895E+00    1.82018E+00
    1.45381E+02    2.57341E+03    3.55652E+01    4.85087E+02    1.17119E-01   -3.28123E-01    9.72332E-02    1.67429E+00    2.35966E+00    2.23895E+00
    1.47482E+02    2.61433E+03    4.09192E+01    4.91026E+02    1.31346E-01   -3.45807E-01    1.08462E-01    1.72267E+00    2.45315E+00    2.35966E+00
    1.49606E+02    2.64468E+03    3.03503E+01    5.03107E+02    9.49649E-02   -3.05819E-01    3.79414E-02    1.60795E+00    2.26125E+00    1.83584E+00
    1.51754E+02    2.68140E+03    3.67159E+01    5.09249E+02    1.11991E-01   -3.20819E-01    9.52149E-02    1.68289E+00    2.37599E+00    2.26125E+00
    1.53927E+02    2.72238E+03    4.09833E+01    5.15462E+02    1.21866E-01   -3.32413E-01    1.06617E-01    1.72105E+00    2.44731E+00    2.37599E+00
    1.56124E+02    2.76819E+03    4.58072E+01    5.21744E+02    1.32792E-01   -3.47262E-01    1.10459E-01    1.76110E+00    2.52837E+00    2.44731E+00
    1.58346E+02    2.80193E+03    3.37402E+01    5.34523E+02    9.53609E-02   -3.06542E-01    3.73246E-02    1.63809E+00    2.32304E+00    1.87523E+00
    1.60593E+02    2.84297E+03    4.10415E+01    5.41021E+02    1.13096E-01   -3.22868E-01    9.40839E-02    1.71852E+00    2.44811E+00    2.32304E+00
    1.62866E+02    2.88995E+03    4.69768E+01    5.47592E+02    1.26219E-01   -3.39513E-01    1.04640E-01    1.76817E+00    2.54404E+00    2.44811E+00
    1.65164E+02    2.92480E+03    3.48497E+01    5.60958E+02    9.13007E-02   -3.00019E-01    3.59075E-02    1.64668E+00    2.34004E+00    1.88530E+00
    1.67488E+02    2.96680E+03    4.20035E+01    5.67755E+02    1.07303E-01   -3.14520E-01    9.15449E-02    1.72480E+00    2.45988E+00    2.34004E+00
    1.69838E+02    3.01352E+03    4.67195E+01    5.74628E+02    1.16384E-01   -3.25424E-01    1.02385E-01    1.76402E+00    2.53318E+00    2.45988E+00
    1.72215E+02    3.06552E+03    5.19948E+01    5.81579E+02    1.26310E-01   -3.39237E-01    1.05964E-01    1.80485E+00    2.61572E+00    2.53318E+00
    1.74619E+02    3.10362E+03    3.81058E+01    5.95718E+02    9.02754E-02   -2.98379E-01    3.52877E-02    1.67361E+00    2.39488E+00    1.92167E+00
    1.77050E+02    3.14941E+03    4.57834E+01    6.02907E+02    1.05780E-01   -3.12476E-01    9.02123E-02    1.75356E+00    2.51744E+00    2.39488E+00
    1.79508E+02    3.20021E+03    5.08050E+01    6.10178E+02    1.14480E-01   -3.23015E-01    1.00705E-01    1.79343E+00    2.59201E+00    2.51744E+00
    1.81994E+02    3.25664E+03    5.64331E+01    6.17531E+02    1.24024E-01   -3.36431E-01    1.04105E-01    1.83510E+00    2.67623E+00    2.59201E+00
    1.84509E+02    3.29805E+03    4.14055E+01    6.32487E+02    8.87546E-02   -2.95931E-01    3.43437E-02    1.69953E+00    2.44777E+00    1.95490E+00
    1.87052E+02    3.34773E+03    4.96812E+01    6.40091E+02    1.03872E-01   -3.09890E-01    8.85478E-02    1.78190E+00    2.57428E+00    2.44777E+00
    1.89623E+02    3.40280E+03    5.50715E+01    6.47782E+02    1.12312E-01   -3.20233E-01    9.88065E-02    1.82287E+00    2.65096E+00    2.57428E+00
    1.92223E+02    3.46391E+03    6.11042E+01    6.55560E+02    1.21555E-01   -3.33360E-01    1.02109E-01    1.86566E+00    2.73744E+00    2.65096E+00
    1.94853E+02    3.50882E+03    4.49184E+01    6.71380E+02    8.71657E-02   -2.93344E-01    3.33900E-02    1.72603E+00    2.50183E+00    1.98866E+00
    1.97513E+02    3.56265E+03    5.38304E+01    6.79424E+02    1.01902E-01   -3.07176E-01    8.68607E-02    1.81090E+00    2.63245E+00    2.50183E+00
    2.00203E+02    3.62226E+03    5.96097E+01    6.87560E+02    1.10082E-01   -3.17322E-01    9.68948E-02    1.85300E+00    2.71128E+00    2.63245E+00
    2.02923E+02    3.68833E+03    6.60625E+01    6.95787E+02    1.19018E-01   -3.30147E-01    1.00106E-01    1.89689E+00    2.79996E+00    2.71128E+00
    2.05673E+02    3.73696E+03    4.86328E+01    7.12521E+02    8.54791E-02   -2.90561E-01    3.24541E-02    1.75298E+00    2.55675E+00    2.02301E+00
    2.08455E+02    3.79515E+03    5.81885E+01    7.21030E+02    9.97824E-02   -3.04187E-01    8.51616E-02    1.84018E+00    2.69115E+00    2.55675E+00
    2.11269E+02    3.85948E+03    6.43302E+01    7.29636E+02    1.07629E-01   -3.14025E-01    9.49590E-02    1.88312E+00    2.77153E+00    2.69115E+00
    2.14114E+02    3.93062E+03    7.11419E+01    7.38338E+02    1.16132E-01   -3.26366E-01    9.80660E-02    1.92763E+00    2.86139E+00    2.77153E+00
    2.16991E+02    3.98285E+03    5.22296E+01    7.56040E+02    8.31886E-02   -2.86692E-01    3.15639E-02    1.77803E+00    2.60755E+00    2.05583E+00
    2.19901E+02    4.04499E+03    6.21427E+01    7.65041E+02    9.65767E-02   -2.99376E-01    8.33714E-02    1.86551E+00    2.74152E+00    2.60755E+00
    2.22843E+02    4.11297E+03    6.79758E+01    7.74144E+02    1.03082E-01   -3.07318E-01    9.29396E-02    1.90497E+00    2.81437E+00    2.74152E+00
    2.25819E+02    4.18603E+03    7.30646E+01    7.83349E+02    1.08117E-01   -3.14379E-01    9.63495E-02    1.93733E+00    2.87815E+00    2.81437E+00
    2.28829E+02    4.26589E+03    7.98549E+01    7.92659E+02    1.15308E-01   -3.25213E-01    9.76968E-02    1.97879E+00    2.96302E+00    2.87815E+00
    2.31872E+02    4.32406E+03    5.81765E+01    8.11595E+02    8.19763E-02   -2.84638E-01    3.09477E-02    1.81809E+00    2.68926E+00    2.10945E+00
    2.34950E+02    4.39297E+03    6.89056E+01    8.21224E+02    9.47519E-02   -2.96673E-01    8.20793E-02    1.90776E+00    2.82603E+00    2.68926E+00
    2.38063E+02    4.46790E+03    7.49303E+01    8.30961E+02    1.00553E-01   -3.03656E-01    9.13556E-02    1.94639E+00    2.89689E+00    2.82603E+00
    2.41211E+02    4.54761E+03    7.97111E+01    8.40809E+02    1.04393E-01   -3.08926E-01    9.46466E-02    1.97526E+00    2.95318E+00    2.89689E+00
    2.44394E+02    4.63237E+03    8.47565E+01    8.50768E+02    1.08331E-01   -3.14728E-01    9.63178E-02    2.00468E+00    3.01223E+00    2.95318E+00
    2.47614E+02    4.72450E+03    9.21358E+01    8.60839E+02    1.14933E-01   -3.24848E-01    9.69851E-02    2.04636E+00    3.09806E+00    3.01223E+00
    2.50870E+02    4.79164E+03    6.71322E+01    8.81325E+02    8.17320E-02   -2.84276E-01    3.03151E-02    1.87486E+00    2.80560E+00    2.18362E+00
    2.54162E+02    4.87116E+03    7.95229E+01    8.91741E+02    9.44953E-02   -2.96521E-01    8.10606E-02    1.97065E+00    2.95246E+00    2.80560E+00
    2.57492E+02    4.95786E+03    8.66994E+01    9.02276E+02    1.00555E-01   -3.04017E-01    9.01578E-02    2.01331E+00    3.03131E+00    2.95246E+00
    2.60859E+02    5.05080E+03    9.29446E+01    9.12929E+02    1.05217E-01   -3.10660E-01    9.33135E-02    2.04830E+00    3.10031E+00    3.03131E+00
    2.64265E+02    5.15212E+03    1.01312E+02    9.23703E+02    1.11947E-01   -3.20957E-01    9.45166E-02    2.09338E+00    3.19253E+00    3.10031E+00
    2.67709E+02    5.22615E+03    7.40343E+01    9.45618E+02    7.98508E-02   -2.81045E-01    2.94069E-02    1.91579E+00    2.88913E+00    2.23619E+00
    2.71192E+02    5.31361E+03    8.74611E+01    9.56761E+02    9.20805E-02   -2.92883E-01    7.93745E-02    2.01452E+00    3.04033E+00    2.88913E+00
    2.74714E+02    5.40852E+03    9.49133E+01    9.68030E+02    9.75429E-02   -2.99585E-01    8.82708E-02    2.05671E+00    3.11784E+00    3.04033E+00
    2.78276E+02    5.50930E+03    1.00780E+02    9.79426E+02    1.01104E-01   -3.04555E-01    9.13806E-02    2.08806E+00    3.17899E+00    3.11784E+00
    2.81878E+02    5.61624E+03    1.06935E+02    9.90952E+02    1.04724E-01   -3.09979E-01    9.29348E-02    2.11985E+00    3.24276E+00    3.17899E+00
    2.85521E+02    5.73215E+03    1.15910E+02    1.00261E+03    1.10814E-01   -3.19477E-01    9.35301E-02    2.16480E+00    3.33519E+00    3.24276E+00
    2.89205E+02    5.81659E+03    8.44442E+01    1.02631E+03    7.88121E-02   -2.79257E-01    2.87654E-02    1.97445E+00    3.00906E+00    2.31352E+00
    2.92931E+02    5.91605E+03    9.94554E+01    1.03837E+03    9.06175E-02   -2.90710E-01    7.81369E-02    2.07764E+00    3.16684E+00    3.00906E+00
    2.96699E+02    6.02360E+03    1.07549E+02    1.05056E+03    9.56661E-02   -2.96871E-01    8.67965E-02    2.12050E+00    3.24536E+00    3.16684E+00
    3.00509E+02    6.13721E+03    1.13612E+02    1.06289E+03    9.86635E-02   -3.01004E-01    8.97765E-02    2.15087E+00    3.30428E+00    3.24536E+00
    3.04363E+02    6.25659E+03    1.19380E+02    1.07536E+03    1.01216E-01   -3.04767E-01    9.12839E-02    2.17883E+00    3.35985E+00    3.30428E+00
    3.08260E+02    6.38259E+03    1.25999E+02    1.08797E+03    1.04298E-01   -3.09508E-01    9.22116E-02    2.21012E+00    3.42307E+00    3.35985E+00
    3.12201E+02    6.51869E+03    1.36106E+02    1.10072E+03    1.09999E-01   -3.18499E-01    9.25075E-02    2.25661E+00    3.51891E+00    3.42307E+00
    3.16187E+02    6.61781E+03    9.91173E+01    1.12666E+03    7.82123E-02   -2.78244E-01    2.81506E-02    2.05138E+00    3.16659E+00    2.41440E+00
    3.20217E+02    6.73436E+03    1.16545E+02    1.13985E+03    8.97920E-02   -2.89574E-01    7.70650E-02    2.16153E+00    3.33527E+00    3.16659E+00
    3.24294E+02    6.86023E+03    1.25873E+02    1.15318E+03    9.46900E-02   -2.95588E-01    8.55429E-02    2.20705E+00    3.41870E+00    3.33527E+00
    3.28416E+02    6.99307E+03    1.32839E+02    1.16667E+03    9.75732E-02   -2.99589E-01    8.84296E-02    2.23922E+00    3.48115E+00    3.41870E+00
    3.32585E+02    7.13252E+03    1.39456E+02    1.18031E+03    1.00020E-01   -3.03219E-01    8.98757E-02    2.26884E+00    3.54002E+00    3.48115E+00
    3.36801E+02    7.27957E+03    1.47048E+02    1.19411E+03    1.02981E-01   -3.07805E-01    9.07573E-02    2.30199E+00    3.60697E+00    3.54002E+00
    3.41064E+02    7.43822E+03    1.58649E+02    1.20806E+03    1.08490E-01   -3.16551E-01    9.10236E-02    2.35127E+00    3.70851E+00    3.60697E+00
    3.45376E+02    7.55386E+03    1.15642E+02    1.23644E+03    7.72208E-02   -2.76526E-01    2.74636E-02    2.13145E+00    3.33047E+00    2.51893E+00
    3.49737E+02    7.68958E+03    1.35718E+02    1.25087E+03    8.84964E-02   -2.87658E-01    7.58239E-02    2.24859E+00    3.50998E+00    3.33047E+00
    3.54147E+02    7.83586E+03    1.46276E+02    1.26546E+03    9.31405E-02   -2.93368E-01    8.41164E-02    2.29622E+00    3.59718E+00    3.50998E+00
    3.58606E+02    7.98980E+03    1.53939E+02    1.28022E+03    9.57192E-02   -2.96928E-01    8.69067E-02    2.32898E+00    3.66061E+00    3.59718E+00
    3.63116E+02    8.15066E+03    1.60867E+02    1.29514E+03    9.76813E-02   -2.99811E-01    8.82873E-02    2.35772E+00    3.71746E+00    3.66061E+00
    3.67677E+02    8.31873E+03    1.68062E+02    1.31023E+03    9.96582E-02   -3.02835E-01    8.91572E-02    2.38686E+00    3.77585E+00    3.71746E+00
    3.72290E+02    8.49542E+03    1.76692E+02    1.32550E+03    1.02321E-01   -3.07025E-01    8.97611E-02    2.42109E+00    3.84521E+00    3.77585E+00
    3.76954E+02    8.68563E+03    1.90206E+02    1.34093E+03    1.07568E-01   -3.15421E-01    8.98789E-02    2.47335E+00    3.95294E+00    3.84521E+00
    3.81672E+02    8.82435E+03    1.38727E+02    1.37233E+03    7.66198E-02   -2.75497E-01    2.68562E-02    2.23439E+00    3.54131E+00    2.65362E+00
    3.86442E+02    8.98693E+03    1.62573E+02    1.38830E+03    8.76904E-02   -2.86531E-01    7.47685E-02    2.36096E+00    3.73558E+00    3.54131E+00
    3.91267E+02    9.16195E+03    1.75025E+02    1.40444E+03    9.22013E-02   -2.92112E-01    8.28951E-02    2.41215E+00    3.82938E+00    3.73558E+00
    3.96146E+02    9.34598E+03    1.84028E+02    1.42077E+03    9.46797E-02   -2.95553E-01    8.56030E-02    2.44728E+00    3.89741E+00    3.82938E+00
    4.01080E+02    9.53813E+03    1.92148E+02    1.43728E+03    9.65501E-02   -2.98318E-01    8.69294E-02    2.47803E+00    3.95826E+00    3.89741E+00
    4.06070E+02    9.73869E+03    2.00566E+02    1.45398E+03    9.84295E-02   -3.01212E-01    8.77563E-02    2.50919E+00    4.02067E+00    3.95826E+00
    4.11116E+02    9.94935E+03    2.10654E+02    1.47087E+03    1.00971E-01   -3.05237E-01    8.83228E-02    2.54576E+00    4.09475E+00    4.02067E+00
    4.16220E+02    1.01758E+04    2.26464E+02    1.48795E+03    1.06019E-01   -3.13372E-01    8.84140E-02    2.60164E+00    4.20988E+00    4.09475E+00
    4.21381E+02    1.03411E+04    1.65264E+02    1.52269E+03    7.55671E-02   -2.73644E-01    2.61953E-02    2.34265E+00    3.76288E+00    2.79509E+00
    4.26600E+02    1.05343E+04    1.93269E+02    1.54035E+03    8.63159E-02   -2.84445E-01    7.35320E-02    2.47851E+00    3.97147E+00    3.76288E+00
    4.31879E+02    1.07419E+04    2.07605E+02    1.55821E+03    9.05619E-02   -2.89698E-01    8.14658E-02    2.53245E+00    4.07017E+00    3.97147E+00
    4.37217E+02    1.09596E+04    2.17666E+02    1.57628E+03    9.27434E-02   -2.92705E-01    8.40663E-02    2.56844E+00    4.13967E+00    4.07017E+00
    4.42615E+02    1.11860E+04    2.26342E+02    1.59455E+03    9.41993E-02   -2.94826E-01    8.53056E-02    2.59858E+00    4.19908E+00    4.13967E+00
    4.48074E+02    1.14206E+04    2.34674E+02    1.61303E+03    9.53990E-02   -2.96637E-01    8.60541E-02    2.62690E+00    4.25543E+00    4.19908E+00
    4.53595E+02    1.16639E+04    2.43275E+02    1.63171E+03    9.66001E-02   -2.98500E-01    8.65896E-02    2.65559E+00    4.31287E+00    4.25543E+00
    4.59179E+02    1.19167E+04    2.52829E+02    1.65061E+03    9.80650E-02   -3.00820E-01    8.70195E-02    2.68691E+00    4.37594E+00    4.31287E+00
    4.64825E+02    1.21815E+04    2.64737E+02    1.66972E+03    1.00303E-01   -3.04421E-01    8.73553E-02    2.72527E+00    4.45383E+00    4.37594E+00
    4.70535E+02    1.24654E+04    2.83879E+02    1.68904E+03    1.05063E-01   -3.12155E-01    8.73048E-02    2.78547E+00    4.57798E+00    4.45383E+00
    4.76310E+02    1.26724E+04    2.07098E+02    1.72835E+03    7.48713E-02   -2.72424E-01    2.56182E-02    2.49699E+00    4.07903E+00    2.99767E+00
    4.82150E+02    1.29142E+04    2.41732E+02    1.74834E+03    8.53690E-02   -2.83049E-01    7.24742E-02    2.64659E+00    4.30890E+00    4.07903E+00
    4.88056E+02    1.31734E+04    2.59233E+02    1.76855E+03    8.94313E-02   -2.88089E-01    8.02264E-02    2.70533E+00    4.41635E+00    4.30890E+00
    4.94029E+02    1.34448E+04    2.71366E+02    1.78899E+03    9.14516E-02   -2.90874E-01    8.27282E-02    2.74409E+00    4.49118E+00    4.41635E+00
    5.00069E+02    1.37265E+04    2.81692E+02    1.80967E+03    9.27369E-02   -2.92743E-01    8.38949E-02    2.77617E+00    4.55436E+00    4.49118E+00
    5.06178E+02    1.40179E+04    2.91438E+02    1.83057E+03    9.37286E-02   -2.94236E-01    8.45794E-02    2.80581E+00    4.61327E+00    4.55436E+00
    5.12356E+02    1.43191E+04    3.01228E+02    1.85172E+03    9.46395E-02   -2.95644E-01    8.50533E-02    2.83506E+00    4.67168E+00    4.61327E+00
    5.18603E+02    1.46307E+04    3.11580E+02    1.87310E+03    9.56322E-02   -2.97211E-01    8.54269E-02    2.86548E+00    4.73270E+00    4.67168E+00
    5.24921E+02    1.49540E+04    3.23248E+02    1.89472E+03    9.69238E-02   -2.99284E-01    8.57480E-02    2.89922E+00    4.80072E+00    4.73270E+00
    5.31310E+02    1.52919E+04    3.37938E+02    1.91659E+03    9.89916E-02   -3.02647E-01    8.60033E-02    2.94100E+00    4.88558E+00    4.80072E+00
    5.37772E+02    1.56537E+04    3.61763E+02    1.93871E+03    1.03527E-01   -3.10079E-01    8.58970E-02    3.00717E+00    5.02203E+00    4.88558E+00
    5.44306E+02    1.59177E+04    2.64035E+02    1.98369E+03    7.38187E-02   -2.70545E-01    2.49800E-02    2.68375E+00    4.46158E+00    3.24243E+00
    5.50915E+02    1.62253E+04    3.07636E+02    2.00656E+03    8.40276E-02   -2.80982E-01    7.12518E-02    2.85002E+00    4.71730E+00    4.46158E+00
    5.57598E+02    1.65547E+04    3.29374E+02    2.02970E+03    8.78936E-02   -2.85800E-01    7.88146E-02    2.91453E+00    4.83530E+00    4.71730E+00
    5.64357E+02    1.68989E+04    3.44231E+02    2.05309E+03    8.97440E-02   -2.88353E-01    8.12178E-02    2.95657E+00    4.91639E+00    4.83530E+00
    5.71192E+02    1.72556E+04    3.56681E+02    2.07675E+03    9.08505E-02   -2.89958E-01    8.23109E-02    2.99087E+00    4.98386E+00    4.91639E+00
    5.78104E+02    1.76238E+04    3.68207E+02    2.10067E+03    9.16295E-02   -2.91123E-01    8.29280E-02    3.02198E+00    5.04559E+00    4.98386E+00
    5.85094E+02    1.80033E+04    3.79469E+02    2.12487E+03    9.22613E-02   -2.92091E-01    8.33327E-02    3.05185E+00    5.10514E+00    5.04559E+00
    5.92163E+02    1.83942E+04    3.90870E+02    2.14934E+03    9.28495E-02   -2.93011E-01    8.36322E-02    3.08163E+00    5.16465E+00    5.10514E+00
    5.99313E+02    1.87969E+04    4.02768E+02    2.17408E+03    9.34783E-02   -2.94011E-01    8.38786E-02    3.11224E+00    5.22600E+00    5.16465E+00
    6.06543E+02    1.92126E+04    4.15641E+02    2.19911E+03    9.42510E-02   -2.95259E-01    8.41011E-02    3.14490E+00    5.29161E+00    5.22600E+00
    6.13854E+02    1.96430E+04    4.30370E+02    2.22441E+03    9.53511E-02   -2.97057E-01    8.43118E-02    3.18172E+00    5.36591E+00    5.29161E+00
    6.21249E+02    2.00921E+04    4.49135E+02    2.25001E+03    9.72255E-02   -3.00147E-01    8.44813E-02    3.22789E+00    5.45974E+00    5.36591E+00
    6.28727E+02    2.05720E+04    4.79907E+02    2.27589E+03    1.01504E-01   -3.07238E-01    8.43130E-02    3.30186E+00    5.61226E+00    5.45974E+00
    6.36289E+02    2.09223E+04    3.50324E+02    2.32854E+03    7.23977E-02   -2.67969E-01    2.42982E-02    2.93171E+00    4.96957E+00    3.56772E+00
    6.43937E+02    2.13297E+04    4.07421E+02    2.35531E+03    8.22675E-02   -2.78184E-01    6.98670E-02    3.12011E+00    5.25957E+00    4.96957E+00
    6.51671E+02    2.17652E+04    4.35504E+02    2.38238E+03    8.59236E-02   -2.82773E-01    7.72201E-02    3.19237E+00    5.39169E+00    5.25957E+00
    6.59493E+02    2.22197E+04    4.54456E+02    2.40976E+03    8.76093E-02   -2.85107E-01    7.95178E-02    3.23893E+00    5.48147E+00    5.39169E+00
    6.67403E+02    2.26899E+04    4.70154E+02    2.43745E+03    8.85606E-02   -2.86487E-01    8.05353E-02    3.27652E+00    5.55537E+00    5.48147E+00
    6.75402E+02    2.31744E+04    4.84515E+02    2.46545E+03    8.91771E-02   -2.87406E-01    8.10866E-02    3.31024E+00    5.62224E+00    5.55537E+00
    6.83492E+02    2.36727E+04    4.98351E+02    2.49376E+03    8.96252E-02   -2.88088E-01    8.14272E-02    3.34220E+00    5.68587E+00    5.62224E+00
    6.91673E+02    2.41848E+04    5.12096E+02    2.52240E+03    8.99909E-02   -2.88657E-01    8.16599E-02    3.37348E+00    5.74832E+00    5.68587E+00
    6.99947E+02    2.47109E+04    5.26050E+02    2.55136E+03    9.03296E-02   -2.89193E-01    8.18343E-02    3.40480E+00    5.81093E+00    5.74832E+00
    7.08314E+02    2.52514E+04    5.40491E+02    2.58065E+03    9.06884E-02   -2.89772E-01    8.19779E-02    3.43678E+00    5.87497E+00    5.81093E+00
    7.16776E+02    2.58071E+04    5.55772E+02    2.61027E+03    9.11218E-02   -2.90482E-01    8.21082E-02    3.47018E+00    5.94196E+00    5.87497E+00
    7.25333E+02    2.63796E+04    5.72462E+02    2.64022E+03    9.17145E-02   -2.91465E-01    8.22371E-02    3.50618E+00    6.01435E+00    5.94196E+00
    7.33987E+02    2.69713E+04    5.91708E+02    2.67052E+03    9.26334E-02   -2.93000E-01    8.23676E-02    3.54712E+00    6.09700E+00    6.01435E+00
    7.42739E+02    2.75877E+04    6.16428E+02    2.70115E+03    9.43007E-02   -2.95804E-01    8.24661E-02    3.59891E+00    6.20228E+00    6.09700E+00
    7.51590E+02    2.82451E+04    6.57380E+02    2.73213E+03    9.82707E-02   -3.02501E-01    8.22438E-02    3.68277E+00    6.37516E+00    6.20228E+00
    7.60540E+02    2.87249E+04    4.79773E+02    2.79515E+03    7.00845E-02   -2.63691E-01    2.34906E-02    3.25181E+00    5.62529E+00    3.98779E+00
    7.69592E+02    2.92817E+04    5.56821E+02    2.82719E+03    7.94847E-02   -2.73589E-01    6.80720E-02    3.46843E+00    5.95884E+00    5.62529E+00
    7.78746E+02    2.98758E+04    5.94100E+02    2.85960E+03    8.28728E-02   -2.77890E-01    7.51662E-02    3.55029E+00    6.10843E+00    5.95884E+00
    7.88004E+02    3.04947E+04    6.18858E+02    2.89237E+03    8.43589E-02   -2.79960E-01    7.73379E-02    3.60230E+00    6.20862E+00    6.10843E+00
    7.97366E+02    3.11337E+04    6.39079E+02    2.92551E+03    8.51305E-02   -2.81078E-01    7.82661E-02    3.64374E+00    6.29004E+00    6.20862E+00
    8.06834E+02    3.17911E+04    6.57336E+02    2.95902E+03    8.55680E-02   -2.81723E-01    7.87399E-02    3.68048E+00    6.36283E+00    6.29004E+00
    8.16409E+02    3.24658E+04    6.74685E+02    2.99292E+03    8.58266E-02   -2.82107E-01    7.90061E-02    3.71486E+00    6.43121E+00    6.36283E+00
    8.26092E+02    3.31574E+04    6.91649E+02    3.02720E+03    8.59816E-02   -2.82338E-01    7.91629E-02    3.74800E+00    6.49730E+00    6.43121E+00
    8.35885E+02    3.38659E+04    7.08528E+02    3.06186E+03    8.60754E-02   -2.82478E-01    7.92567E-02    3.78056E+00    6.56229E+00    6.49730E+00
    8.45788E+02    3.45915E+04    7.25523E+02    3.09692E+03    8.61347E-02   -2.82567E-01    7.93121E-02    3.81293E+00    6.62699E+00    6.56229E+00
    8.55803E+02    3.53343E+04    7.42799E+02    3.13237E+03    8.61799E-02   -2.82638E-01    7.93440E-02    3.84545E+00    6.69202E+00    6.62699E+00
    8.65932E+02    3.60948E+04    7.60514E+02    3.16823E+03    8.62287E-02   -2.82720E-01    7.93622E-02    3.87840E+00    6.75797E+00    6.69202E+00
    8.76174E+02    3.68736E+04    7.78857E+02    3.20448E+03    8.63009E-02   -2.82844E-01    7.93740E-02    3.91213E+00    6.82551E+00    6.75797E+00
    8.86533E+02    3.76717E+04    7.98092E+02    3.24115E+03    8.64224E-02   -2.83055E-01    7.93859E-02    3.94708E+00    6.89560E+00    6.82551E+00
    8.97009E+02    3.84904E+04    8.18639E+02    3.27824E+03    8.66332E-02   -2.83423E-01    7.94034E-02    3.98400E+00    6.96970E+00    6.89560E+00
    9.07603E+02    3.93316E+04    8.41265E+02    3.31574E+03    8.70053E-02   -2.84070E-01    7.94313E-02    4.02416E+00    7.05050E+00    6.96970E+00
    9.18316E+02    4.01992E+04    8.67581E+02    3.35366E+03    8.76893E-02   -2.85261E-01    7.94683E-02    4.07029E+00    7.14366E+00    7.05050E+00
    9.29151E+02    4.11010E+04    9.01760E+02    3.39202E+03    8.90744E-02   -2.87676E-01    7.94799E-02    4.12934E+00    7.26374E+00    7.14366E+00
    9.40108E+02    4.20602E+04    9.59259E+02    3.43080E+03    9.26034E-02   -2.93824E-01    7.91896E-02    4.22649E+00    7.46406E+00    7.26374E+00
    9.51189E+02    4.27594E+04    6.99155E+02    3.50970E+03    6.59622E-02   -2.55851E-01    2.24152E-02    3.70724E+00    6.55825E+00    4.58649E+00
    9.62395E+02    4.35688E+04    8.09402E+02    3.54982E+03    7.46310E-02   -2.65240E-01    6.54130E-02    3.96337E+00    6.95240E+00    6.55825E+00
    9.73728E+02    4.44304E+04    8.61590E+02    3.59039E+03    7.76411E-02   -2.69140E-01    7.21430E-02    4.05822E+00    7.12547E+00    6.95240E+00
    9.85189E+02    4.53259E+04    8.95517E+02    3.63142E+03    7.88684E-02   -2.70870E-01    7.41462E-02    4.11731E+00    7.23916E+00    7.12547E+00
    9.96779E+02    4.62486E+04    9.22751E+02    3.67291E+03    7.94244E-02   -2.71672E-01    7.49589E-02    4.16367E+00    7.33014E+00    7.23916E+00
    1.00850E+03    4.71956E+04    9.46996E+02    3.71487E+03    7.96637E-02   -2.72008E-01    7.53361E-02    4.20424E+00    7.41045E+00    7.33014E+00
    1.02035E+03    4.81654E+04    9.69760E+02    3.75731E+03    7.97300E-02   -2.72080E-01    7.55134E-02    4.24179E+00    7.48510E+00    7.41045E+00
    1.03234E+03    4.91572E+04    9.91769E+02    3.80022E+03    7.96921E-02   -2.71991E-01    7.55840E-02    4.27763E+00    7.55652E+00    7.48510E+00
    1.04447E+03    5.01706E+04    1.01342E+03    3.84362E+03    7.95872E-02   -2.71796E-01    7.55917E-02    4.31248E+00    7.62604E+00    7.55652E+00
    1.05673E+03    5.12055E+04    1.03495E+03    3.88751E+03    7.94377E-02   -2.71530E-01    7.55592E-02    4.34675E+00    7.69447E+00    7.62604E+00
    1.06912E+03    5.22621E+04    1.05654E+03    3.93190E+03    7.92582E-02   -2.71216E-01    7.55000E-02    4.38072E+00    7.76236E+00    7.69447E+00
    1.08166E+03    5.33404E+04    1.07829E+03    3.97679E+03    7.90590E-02   -2.70870E-01    7.54223E-02    4.41461E+00    7.83010E+00    7.76236E+00
    1.09434E+03    5.44407E+04    1.10032E+03    4.02218E+03    7.88487E-02   -2.70507E-01    7.53318E-02    4.44859E+00    7.89804E+00    7.83010E+00
    1.10717E+03    5.55634E+04    1.12274E+03    4.06809E+03    7.86350E-02   -2.70139E-01    7.52327E-02    4.48281E+00    7.96650E+00    7.89804E+00
    1.12014E+03    5.67091E+04    1.14568E+03    4.11452E+03    7.84260E-02   -2.69781E-01    7.51284E-02    4.51747E+00    8.03585E+00    7.96650E+00
    1.13325E+03    5.78784E+04    1.16928E+03    4.16147E+03    7.82314E-02   -2.69450E-01    7.50221E-02    4.55278E+00    8.10655E+00    8.03585E+00
    1.14652E+03    5.90722E+04    1.19378E+03    4.20895E+03    7.80646E-02   -2.69169E-01    7.49167E-02    4.58908E+00    8.17927E+00    8.10655E+00
    1.15993E+03    6.02917E+04    1.21953E+03    4.25697E+03    7.79454E-02   -2.68976E-01    7.48156E-02    4.62684E+00    8.25499E+00    8.17927E+00
    1.17349E+03    6.15388E+04    1.24712E+03    4.30553E+03    7.79070E-02   -2.68930E-01    7.47224E-02    4.66690E+00    8.33543E+00    8.25499E+00
    1.18721E+03    6.28165E+04    1.27766E+03    4.35464E+03    7.80109E-02   -2.69146E-01    7.46402E-02    4.71078E+00    8.42374E+00    8.33543E+00
    1.20109E+03    6.41300E+04    1.31351E+03    4.40431E+03    7.83875E-02   -2.69865E-01    7.45672E-02    4.76172E+00    8.52667E+00    8.42374E+00
    1.21512E+03    6.54908E+04    1.36082E+03    4.45454E+03    7.93763E-02   -2.71718E-01    7.44706E-02    4.82807E+00    8.66169E+00    8.52667E+00
    1.22930E+03    6.69333E+04    1.44245E+03    4.50533E+03    8.22375E-02   -2.77033E-01    7.40950E-02    4.94017E+00    8.89296E+00    8.66169E+00
    1.24365E+03    6.79808E+04    1.04753E+03    4.60865E+03    5.83735E-02   -2.40710E-01    2.07856E-02    4.30122E+00    7.77455E+00    5.36893E+00
    1.25816E+03    6.91892E+04    1.20844E+03    4.66118E+03    6.58199E-02   -2.49200E-01    6.09869E-02    4.60638E+00    8.24284E+00    7.77455E+00
    1.27284E+03    7.04712E+04    1.28193E+03    4.71431E+03    6.82464E-02   -2.52465E-01    6.71421E-02    4.71550E+00    8.44124E+00    8.24284E+00
    1.28768E+03    7.17991E+04    1.32790E+03    4.76804E+03    6.90983E-02   -2.53677E-01    6.88919E-02    4.78107E+00    8.56701E+00    8.44124E+00
    1.30269E+03    7.31627E+04    1.36363E+03    4.82238E+03    6.93559E-02   -2.54010E-01    6.95344E-02    4.83097E+00    8.66470E+00    8.56701E+00
    1.31787E+03    7.45573E+04    1.39461E+03    4.87733E+03    6.93311E-02   -2.53896E-01    6.97712E-02    4.87357E+00    8.74889E+00    8.66470E+00
    1.33322E+03    7.59804E+04    1.42306E+03    4.93290E+03    6.91497E-02   -2.53525E-01    6.98204E-02    4.91221E+00    8.82560E+00    8.74889E+00
    1.34874E+03    7.74304E+04    1.45004E+03    4.98910E+03    6.88718E-02   -2.52991E-01    6.97684E-02    4.94846E+00    8.89772E+00    8.82560E+00
    1.36444E+03    7.89065E+04    1.47612E+03    5.04593E+03    6.85294E-02   -2.52344E-01    6.96553E-02    4.98313E+00    8.96681E+00    8.89772E+00
    1.38031E+03    8.04081E+04    1.50162E+03    5.10341E+03    6.81411E-02   -2.51616E-01    6.95020E-02    5.01670E+00    9.03377E+00    8.96681E+00
    1.39637E+03    8.19349E+04    1.52672E+03    5.16154E+03    6.77186E-02   -2.50825E-01    6.93204E-02    5.04946E+00    9.09916E+00    9.03377E+00
    1.41261E+03    8.34864E+04    1.55157E+03    5.22032E+03    6.72695E-02   -2.49984E-01    6.91177E-02    5.08160E+00    9.16334E+00    9.09916E+00
    1.42903E+03    8.50627E+04    1.57624E+03    5.27977E+03    6.67990E-02   -2.49102E-01    6.88988E-02    5.11325E+00    9.22655E+00    9.16334E+00
    1.44563E+03    8.66635E+04    1.60079E+03    5.33989E+03    6.63111E-02   -2.48185E-01    6.86666E-02    5.14450E+00    9.28896E+00    9.22655E+00
    1.46243E+03    8.82887E+04    1.62528E+03    5.40068E+03    6.58085E-02   -2.47238E-01    6.84234E-02    5.17540E+00    9.35070E+00    9.28896E+00
    1.47941E+03    8.99385E+04    1.64972E+03    5.46217E+03    6.52934E-02   -2.46264E-01    6.81708E-02    5.20602E+00    9.41187E+00    9.35070E+00
    1.49658E+03    9.16126E+04    1.67414E+03    5.52435E+03    6.47679E-02   -2.45267E-01    6.79101E-02    5.23638E+00    9.47253E+00    9.41187E+00
    1.51395E+03    9.33112E+04    1.69858E+03    5.58723E+03    6.42335E-02   -2.44250E-01    6.76422E-02    5.26653E+00    9.53277E+00    9.47253E+00
    1.53152E+03    9.50342E+04    1.72304E+03    5.65083E+03    6.36917E-02   -2.43214E-01    6.73678E-02    5.29649E+00    9.59266E+00    9.53277E+00
    1.54928E+03    9.67818E+04    1.74757E+03    5.71514E+03    6.31440E-02   -2.42164E-01    6.70878E-02    5.32631E+00    9.65225E+00    9.59266E+00
    1.56725E+03    9.85540E+04    1.77219E+03    5.78018E+03    6.25922E-02   -2.41101E-01    6.68028E-02    5.35602E+00    9.71164E+00    9.65225E+00
    1.58541E+03    1.00351E+05    1.79694E+03    5.84595E+03    6.20380E-02   -2.40029E-01    6.65135E-02    5.38568E+00    9.77095E+00    9.71164E+00
    1.60379E+03    1.02173E+05    1.82188E+03    5.91247E+03    6.14838E-02   -2.38953E-01    6.62206E-02    5.41537E+00    9.83031E+00    9.77095E+00
    1.62237E+03    1.04020E+05    1.84710E+03    5.97974E+03    6.09324E-02   -2.37879E-01    6.59249E-02    5.44519E+00    9.88994E+00    9.83031E+00
    1.64116E+03    1.05893E+05    1.87271E+03    6.04777E+03    6.03878E-02   -2.36814E-01    6.56274E-02    5.47527E+00    9.95013E+00    9.88994E+00
    1.66016E+03    1.07792E+05    1.89892E+03    6.11656E+03    5.98556E-02   -2.35770E-01    6.53295E-02    5.50584E+00    1.00113E+01    9.95013E+00
    1.67938E+03    1.09718E+05    1.92601E+03    6.18614E+03    5.93442E-02   -2.34766E-01    6.50327E-02    5.53723E+00    1.00742E+01    1.00113E+01
    1.69881E+03    1.11672E+05    1.95448E+03    6.25650E+03    5.88671E-02   -2.33829E-01    6.47389E-02    5.57001E+00    1.01399E+01    1.00742E+01
    1.71847E+03    1.13657E+05    1.98517E+03    6.32766E+03    5.84472E-02   -2.33009E-01    6.44508E-02    5.60512E+00    1.02105E+01    1.01399E+01
    1.73834E+03    1.15677E+05    2.01971E+03    6.39962E+03    5.81276E-02   -2.32400E-01    6.41702E-02    5.64438E+00    1.02896E+01    1.02105E+01
    1.75845E+03    1.17739E+05    2.06164E+03    6.47239E+03    5.80007E-02   -2.32203E-01    6.38953E-02    5.69170E+00    1.03854E+01    1.02896E+01
    1.77877E+03    1.19859E+05    2.12019E+03    6.54598E+03    5.83073E-02   -2.32943E-01    6.35984E-02    5.75717E+00    1.05191E+01    1.03854E+01
    1.79933E+03    1.22089E+05    2.22978E+03    6.62041E+03    5.99431E-02   -2.36571E-01    6.30669E-02    5.87763E+00    1.07683E+01    1.05191E+01
    1.82012E+03    1.23688E+05    1.59914E+03    6.77180E+03    4.20236E-02   -2.04245E-01    1.75315E-02    5.06302E+00    9.33318E+00    6.38259E+00
    1.84115E+03    1.25519E+05    1.83112E+03    6.84878E+03    4.70389E-02   -2.10706E-01    5.13994E-02    5.42071E+00    9.87572E+00    9.33318E+00
    1.86241E+03    1.27446E+05    1.92745E+03    6.92663E+03    4.84011E-02   -2.12660E-01    5.63640E-02    5.53688E+00    1.00840E+01    9.87572E+00
    1.88391E+03    1.29427E+05    1.98085E+03    7.00536E+03    4.86250E-02   -2.12852E-01    5.76122E-02    5.59895E+00    1.02016E+01    1.00840E+01
    1.90566E+03    1.31445E+05    2.01779E+03    7.08497E+03    4.84193E-02   -2.12282E-01    5.79268E-02    5.64112E+00    1.02833E+01    1.02016E+01
    1.92765E+03    1.33492E+05    2.04664E+03    7.16549E+03    4.80088E-02   -2.11321E-01    5.78975E-02    5.67363E+00    1.03471E+01    1.02833E+01
    1.94989E+03    1.35562E+05    2.07078E+03    7.24692E+03    4.74845E-02   -2.10129E-01    5.77076E-02    5.70056E+00    1.04001E+01    1.03471E+01
    1.97238E+03    1.37654E+05    2.09180E+03    7.32927E+03    4.68896E-02   -2.08786E-01    5.74293E-02    5.72380E+00    1.04461E+01    1.04001E+01
    1.99513E+03    1.39765E+05    2.11051E+03    7.41255E+03    4.62471E-02   -2.07333E-01    5.70963E-02    5.74433E+00    1.04868E+01    1.04461E+01
    2.01813E+03    1.41892E+05    2.12739E+03    7.49677E+03    4.55706E-02   -2.05798E-01    5.67259E-02    5.76271E+00    1.05232E+01    1.04868E+01
    2.04139E+03    1.44035E+05    2.14270E+03    7.58194E+03    4.48685E-02   -2.04195E-01    5.63283E-02    5.77927E+00    1.05561E+01    1.05232E+01
    2.06492E+03    1.46191E+05    2.15660E+03    7.66807E+03    4.41464E-02   -2.02535E-01    5.59093E-02    5.79421E+00    1.05857E+01    1.05561E+01
    2.08871E+03    1.48360E+05    2.16920E+03    7.75518E+03    4.34080E-02   -2.00825E-01    5.54727E-02    5.80766E+00    1.06124E+01    1.05857E+01
    2.11277E+03    1.50541E+05    2.18054E+03    7.84327E+03    4.26560E-02   -1.99070E-01    5.50211E-02    5.81968E+00    1.06362E+01    1.06124E+01
    2.13710E+03    1.52732E+05    2.19066E+03    7.93236E+03    4.18925E-02   -1.97272E-01    5.45562E-02    5.83031E+00    1.06573E+01    1.06362E+01
    2.16171E+03    1.54931E+05    2.19954E+03    8.02245E+03    4.11191E-02   -1.95434E-01    5.40791E-02    5.83958E+00    1.06757E+01    1.06573E+01
    2.18659E+03    1.57138E+05    2.20720E+03    8.11356E+03    4.03369E-02   -1.93559E-01    5.35907E-02    5.84748E+00    1.06913E+01    1.06757E+01
    2.21176E+03    1.59352E+05    2.21362E+03    8.20570E+03    3.95469E-02   -1.91646E-01    5.30916E-02    5.85401E+00    1.07041E+01    1.06913E+01
    2.23721E+03    1.61571E+05    2.21876E+03    8.29888E+03    3.87500E-02   -1.89697E-01    5.25823E-02    5.85914E+00    1.07142E+01    1.07041E+01
    2.26295E+03    1.63793E+05    2.22261E+03    8.39312E+03    3.79468E-02   -1.87713E-01    5.20630E-02    5.86284E+00    1.07214E+01    1.07142E+01
    2.28898E+03    1.66019E+05    2.22512E+03    8.48842E+03    3.71380E-02   -1.85694E-01    5.15339E-02    5.86509E+00    1.07257E+01    1.07214E+01
    2.31530E+03    1.68245E+05    2.22625E+03    8.58480E+03    3.63241E-02   -1.83640E-01    5.09952E-02    5.86585E+00    1.07270E+01    1.07257E+01
    2.34192E+03    1.70471E+05    2.22598E+03    8.68226E+03    3.55056E-02   -1.81551E-01    5.04471E-02    5.86506E+00    1.07252E+01    1.07270E+01
    2.36884E+03    1.72695E+05    2.22426E+03    8.78083E+03    3.46830E-02   -1.79427E-01    4.98895E-02    5.86270E+00    1.07203E+01    1.07252E+01
    2.39607E+03    1.74916E+05    2.22104E+03    8.88051E+03    3.38568E-02   -1.77268E-01    4.93224E-02    5.85871E+00    1.07121E+01    1.07203E+01
    2.42360E+03    1.77132E+05    2.21629E+03    8.98132E+03    3.30272E-02   -1.75074E-01    4.87459E-02    5.85303E+00    1.07005E+01    1.07121E+01
    2.45145E+03    1.79342E+05    2.20994E+03    9.08326E+03    3.21948E-02   -1.72845E-01    4.81599E-02    5.84562E+00    1.06854E+01    1.07005E+01
    2.47961E+03    1.81544E+05    2.20197E+03    9.18636E+03    3.13600E-02   -1.70580E-01    4.75644E-02    5.83641E+00    1.06668E+01    1.06854E+01
    2.50808E+03    1.83737E+05    2.19232E+03    9.29063E+03    3.05231E-02   -1.68279E-01    4.69593E-02    5.82535E+00    1.06444E+01    1.06668E+01
    2.53688E+03    1.85918E+05    2.18094E+03    9.39607E+03    2.96846E-02   -1.65942E-01    4.63445E-02    5.81237E+00    1.06182E+01    1.06444E+01
    2.56601E+03    1.88085E+05    2.16779E+03    9.50270E+03    2.88448E-02   -1.63568E-01    4.57200E-02    5.79741E+00    1.05880E+01    1.06182E+01
    2.59546E+03    1.90238E+05    2.15283E+03    9.61054E+03    2.80042E-02   -1.61157E-01    4.50856E-02    5.78039E+00    1.05537E+01    1.05880E+01
    2.62525E+03    1.92374E+05    2.13601E+03    9.71960E+03    2.71633E-02   -1.58708E-01    4.44412E-02    5.76125E+00    1.05152E+01    1.05537E+01
    2.65537E+03    1.94491E+05    2.11729E+03    9.82989E+03    2.63223E-02   -1.56221E-01    4.37867E-02    5.73992E+00    1.04722E+01    1.05152E+01
    2.68583E+03    1.96588E+05    2.09663E+03    9.94142E+03    2.54818E-02   -1.53696E-01    4.31220E-02    5.71632E+00    1.04247E+01    1.04722E+01
    2.71664E+03    1.98662E+05    2.07399E+03    1.00542E+04    2.46423E-02   -1.51131E-01    4.24470E-02    5.69038E+00    1.03725E+01    1.04247E+01
    2.74780E+03    2.00711E+05    2.04933E+03    1.01683E+04    2.38042E-02   -1.48527E-01    4.17615E-02    5.66201E+00    1.03155E+01    1.03725E+01
    2.77931E+03    2.02734E+05    2.02262E+03    1.02836E+04    2.29681E-02   -1.45883E-01    4.10654E-02    5.63114E+00    1.02534E+01    1.03155E+01
    2.81117E+03    2.04728E+05    1.99384E+03    1.04003E+04    2.21346E-02   -1.43198E-01    4.03585E-02    5.59768E+00    1.01862E+01    1.02534E+01
    2.84339E+03    2.06691E+05    1.96296E+03    1.05183E+04    2.13041E-02   -1.40473E-01    3.96408E-02    5.56156E+00    1.01136E+01    1.01862E+01
    2.87598E+03    2.08621E+05    1.92998E+03    1.06376E+04    2.04774E-02   -1.37707E-01    3.89121E-02    5.52270E+00    1.00355E+01    1.01136E+01
    2.90894E+03    2.10516E+05    1.89488E+03    1.07583E+04    1.96551E-02   -1.34900E-01    3.81722E-02    5.48103E+00    9.95182E+00    1.00355E+01
    2.94227E+03    2.12373E+05    1.85769E+03    1.08803E+04    1.88382E-02   -1.32052E-01    3.74212E-02    5.43647E+00    9.86234E+00    9.95182E+00
    2.97597E+03    2.14192E+05    1.81843E+03    1.10037E+04    1.80275E-02   -1.29165E-01    3.66590E-02    5.38898E+00    9.76700E+00    9.86234E+00
    3.01006E+03    2.15969E+05    1.77715E+03    1.11285E+04    1.72241E-02   -1.26239E-01    3.58855E-02    5.33854E+00    9.66574E+00    9.76700E+00
    3.04453E+03    2.17703E+05    1.73396E+03    1.12547E+04    1.64296E-02   -1.23278E-01    3.51010E-02    5.28515E+00    9.55861E+00    9.66574E+00
    3.07939E+03    2.19392E+05    1.68902E+03    1.13823E+04    1.56458E-02   -1.20287E-01    3.43054E-02    5.22893E+00    9.44580E+00    9.55861E+00
    3.11465E+03    2.21035E+05    1.64261E+03    1.15114E+04    1.48756E-02   -1.17275E-01    3.34993E-02    5.17009E+00    9.32783E+00    9.44580E+00
    3.15030E+03    2.22630E+05    1.59521E+03    1.16420E+04    1.41232E-02   -1.14259E-01    3.26829E-02    5.10917E+00    9.20575E+00    9.32783E+00
    3.18635E+03    2.24178E+05    1.54775E+03    1.17740E+04    1.33966E-02   -1.11273E-01    3.18567E-02    5.04728E+00    9.08191E+00    9.20575E+00
    3.22282E+03    2.25680E+05    1.50224E+03    1.19075E+04    1.27119E-02   -1.08396E-01    3.10189E-02    4.98705E+00    8.96177E+00    9.08191E+00
    3.25969E+03    2.27144E+05    1.46392E+03    1.20425E+04    1.21107E-02   -1.05836E-01    3.01576E-02    4.93562E+00    8.86030E+00    8.96177E+00
    3.29699E+03    2.28596E+05    1.45238E+03    1.21790E+04    1.17465E-02   -1.04378E-01    2.91857E-02    4.91987E+00    8.83423E+00    8.86030E+00
    3.33470E+03    2.29516E+05    9.19808E+02    1.24567E+04    7.27291E-03   -8.49016E-02    8.03895E-03    4.07474E+00    7.29469E+00    5.18477E+00
    3.37284E+03    2.30508E+05    9.92004E+02    1.25980E+04    7.66841E-03   -8.47955E-02    2.18662E-02    4.24126E+00    7.49352E+00    7.29469E+00
    3.41141E+03    2.31483E+05    9.74745E+02    1.27408E+04    7.36656E-03   -8.26253E-02    2.32296E-02    4.21306E+00    7.41789E+00    7.49352E+00
    3.45042E+03    2.32412E+05    9.29119E+02    1.28852E+04    6.86479E-03   -7.96046E-02    2.29763E-02    4.13654E+00    7.25910E+00    7.41789E+00
    3.48986E+03    2.33284E+05    8.72007E+02    1.30313E+04    6.29882E-03   -7.61676E-02    2.23007E-02    4.03824E+00    7.05973E+00    7.25910E+00
    3.52976E+03    2.34093E+05    8.08899E+02    1.31790E+04    5.71238E-03   -7.24708E-02    2.14559E-02    3.92587E+00    6.83321E+00    7.05973E+00
    3.57010E+03    2.34835E+05    7.42165E+02    1.33284E+04    5.12398E-03   -6.85779E-02    2.05197E-02    3.80223E+00    6.58448E+00    6.83321E+00
    3.61090E+03    2.35508E+05    6.73097E+02    1.34794E+04    4.54328E-03   -6.45149E-02    1.95220E-02    3.66828E+00    6.31527E+00    6.58448E+00
    3.65216E+03    2.36110E+05    6.02554E+02    1.36322E+04    3.97625E-03   -6.02901E-02    1.84757E-02    3.52418E+00    6.02578E+00    6.31527E+00
    3.69389E+03    2.36642E+05    5.31220E+02    1.37867E+04    3.42719E-03   -5.59009E-02    1.73862E-02    3.36960E+00    5.71530E+00    6.02578E+00
    3.73609E+03    2.37101E+05    4.59726E+02    1.39430E+04    2.89968E-03   -5.13366E-02    1.62552E-02    3.20384E+00    5.38235E+00    5.71530E+00
    3.77876E+03    2.37490E+05    3.88717E+02    1.41010E+04    2.39702E-03   -4.65784E-02    1.50820E-02    3.02583E+00    5.02476E+00    5.38235E+00
    3.82192E+03    2.37809E+05    3.18903E+02    1.42608E+04    1.92258E-03   -4.15976E-02    1.38642E-02    2.83402E+00    4.63937E+00    5.02476E+00
    3.86557E+03    2.38060E+05    2.51119E+02    1.44224E+04    1.48011E-03   -3.63511E-02    1.25980E-02    2.62623E+00    4.22170E+00    4.63937E+00
    3.90971E+03    2.38247E+05    1.86401E+02    1.45858E+04    1.07412E-03   -3.07722E-02    1.12778E-02    2.39916E+00    3.76503E+00    4.22170E+00
    3.95434E+03    2.38373E+05    1.26115E+02    1.47511E+04    7.10495E-04   -2.47495E-02    9.89726E-03    2.14752E+00    3.25848E+00    3.76503E+00
    3.99949E+03    2.38445E+05    7.22589E+01    1.49182E+04    3.97993E-04   -1.80708E-02    8.45205E-03    1.86155E+00    2.68188E+00    3.25848E+00
    4.04514E+03    2.38473E+05    2.83683E+01    1.50873E+04    1.52759E-04   -1.02114E-02    6.96327E-03    1.51801E+00    1.98680E+00    2.68188E+00
    4.09131E+03    2.38504E+05    3.11263E+01    1.50873E+04    1.63867E-04   -9.26377E-03    8.83459E-03    1.98680E+00    2.41689E+00    3.46345E+00
    4.13799E+03    2.38541E+05    3.63848E+01    1.50873E+04    1.87274E-04   -8.50152E-03    1.07237E-02    2.41689E+00    2.81605E+00    4.20930E+00
    4.18521E+03    2.38585E+05    4.38969E+01    1.50873E+04    2.20894E-04   -7.87737E-03    1.26032E-02    2.81605E+00    3.19009E+00    4.92261E+00
    4.23296E+03    2.38638E+05    5.34852E+01    1.50873E+04    2.63134E-04   -7.35746E-03    1.44569E-02    3.19009E+00    3.54338E+00    5.60648E+00
    4.28125E+03    2.38703E+05    6.50215E+01    1.50873E+04    3.12747E-04   -6.91739E-03    1.62757E-02    3.54338E+00    3.87930E+00    6.26378E+00
    4.33009E+03    2.38782E+05    7.84149E+01    1.50873E+04    3.68748E-04   -6.53934E-03    1.80551E-02    3.87930E+00    4.20045E+00    6.89711E+00
    4.37948E+03    2.38875E+05    9.36031E+01    1.50873E+04    4.30344E-04   -6.21018E-03    1.97934E-02    4.20045E+00    4.50888E+00    7.50881E+00
    4.42942E+03    2.38986E+05    1.10546E+02    1.50873E+04    4.96896E-04   -5.92014E-03    2.14906E-02    4.50888E+00    4.80623E+00    8.10093E+00
    4.47993E+03    2.39115E+05    1.29224E+02    1.50873E+04    5.67882E-04   -5.66184E-03    2.31479E-02    4.80623E+00    5.09382E+00    8.67529E+00
    4.53101E+03    2.39265E+05    1.49629E+02    1.50873E+04    6.42875E-04   -5.42964E-03    2.47668E-02    5.09382E+00    5.37273E+00    9.23346E+00
    4.58267E+03    2.39436E+05    1.71767E+02    1.50873E+04    7.21518E-04   -5.21919E-03    2.63492E-02    5.37273E+00    5.64386E+00    9.77686E+00
    4.63491E+03    2.39632E+05    1.95653E+02    1.50873E+04    8.03514E-04   -5.02709E-03    2.78970E-02    5.64386E+00    5.90796E+00    1.03067E+01
    4.68775E+03    2.39853E+05    2.21314E+02    1.50873E+04    8.88611E-04   -4.85062E-03    2.94123E-02    5.90796E+00    6.16567E+00    1.08241E+01
    4.74118E+03    2.40102E+05    2.48779E+02    1.50873E+04    9.76595E-04   -4.68764E-03    3.08969E-02    6.16567E+00    6.41753E+00    1.13299E+01
    4.79521E+03    2.40380E+05    2.78086E+02    1.50873E+04    1.06728E-03   -4.53639E-03    3.23528E-02    6.41753E+00    6.66402E+00    1.18251E+01
    4.84985E+03    2.40689E+05    3.09279E+02    1.50873E+04    1.16051E-03   -4.39543E-03    3.37815E-02    6.66402E+00    6.90555E+00    1.23104E+01
    4.90511E+03    2.41032E+05    3.42406E+02    1.50873E+04    1.25615E-03   -4.26358E-03    3.51848E-02    6.90555E+00    7.14249E+00    1.27865E+01
    4.96100E+03    2.41409E+05    3.77521E+02    1.50873E+04    1.35406E-03   -4.13985E-03    3.65640E-02    7.14249E+00    7.37515E+00    1.32540E+01
    5.01752E+03    2.41824E+05    4.14680E+02    1.50873E+04    1.45416E-03   -4.02339E-03    3.79206E-02    7.37515E+00    7.60381E+00    1.37134E+01
    5.07467E+03    2.42278E+05    4.53945E+02    1.50873E+04    1.55633E-03   -3.91349E-03    3.92558E-02    7.60381E+00    7.82875E+00    1.41652E+01
    5.13247E+03    2.42773E+05    4.95382E+02    1.50873E+04    1.66051E-03   -3.80956E-03    4.05709E-02    7.82875E+00    8.05018E+00    1.46100E+01
    5.19093E+03    2.43312E+05    5.39060E+02    1.50873E+04    1.76661E-03   -3.71105E-03    4.18669E-02    8.05018E+00    8.26833E+00    1.50480E+01
    5.25004E+03    2.43898E+05    5.85052E+02    1.50873E+04    1.87456E-03   -3.61752E-03    4.31448E-02    8.26833E+00    8.48338E+00    1.54798E+01
    5.30983E+03    2.44531E+05    6.33435E+02    1.50873E+04    1.98431E-03   -3.52857E-03    4.44056E-02    8.48338E+00    8.69552E+00    1.59056E+01
    5.37028E+03    2.45215E+05    6.84291E+02    1.50873E+04    2.09580E-03   -3.44384E-03    4.56502E-02    8.69552E+00    8.90490E+00    1.63257E+01
    5.43143E+03    2.45953E+05    7.37703E+02    1.50873E+04    2.20900E-03   -3.36304E-03    4.68795E-02    8.90490E+00    9.11168E+00    1.67406E+01
    5.49326E+03    2.46747E+05    7.93762E+02    1.50873E+04    2.32385E-03   -3.28587E-03    4.80942E-02    9.11168E+00    9.31599E+00    1.71504E+01
    5.55579E+03    2.47599E+05    8.52559E+02    1.50873E+04    2.44032E-03   -3.21211E-03    4.92950E-02    9.31599E+00    9.51798E+00    1.75554E+01
    5.61903E+03    2.48513E+05    9.14193E+02    1.50873E+04    2.55837E-03   -3.14152E-03    5.04827E-02    9.51798E+00    9.71776E+00    1.79559E+01
    5.68298E+03    2.49492E+05    9.78763E+02    1.50873E+04    2.67799E-03   -3.07392E-03    5.16579E-02    9.71776E+00    9.91545E+00    1.83521E+01
    5.74766E+03    2.50539E+05    1.04638E+03    1.50873E+04    2.79914E-03   -3.00912E-03    5.28213E-02    9.91545E+00    1.01112E+01    1.87443E+01
    5.81306E+03    2.51656E+05    1.11714E+03    1.50873E+04    2.92181E-03   -2.94697E-03    5.39733E-02    1.01112E+01    1.03050E+01    1.91325E+01
    5.87921E+03    2.52847E+05    1.19118E+03    1.50873E+04    3.04597E-03   -2.88732E-03    5.51147E-02    1.03050E+01    1.04970E+01    1.95171E+01
    5.94610E+03    2.54116E+05    1.26860E+03    1.50873E+04    3.17162E-03   -2.83003E-03    5.62460E-02    1.04970E+01    1.06874E+01    1.98983E+01
    6.01375E+03    2.55465E+05    1.34954E+03    1.50873E+04    3.29874E-03   -2.77498E-03    5.73676E-02    1.06874E+01    1.08762E+01    2.02761E+01
    6.08216E+03    2.56899E+05    1.43413E+03    1.50873E+04    3.42733E-03   -2.72207E-03    5.84801E-02    1.08762E+01    1.10635E+01    2.06509E+01
    6.15135E+03    2.58422E+05    1.52249E+03    1.50873E+04    3.55739E-03   -2.67118E-03    5.95840E-02    1.10635E+01    1.12493E+01    2.10226E+01
    6.22132E+03    2.60036E+05    1.61477E+03    1.50873E+04    3.68890E-03   -2.62223E-03    6.06797E-02    1.12493E+01    1.14338E+01    2.13916E+01
    6.29208E+03    2.61748E+05    1.71113E+03    1.50873E+04    3.82187E-03   -2.57513E-03    6.17676E-02    1.14338E+01    1.16171E+01    2.17580E+01
    6.36364E+03    2.63559E+05    1.81171E+03    1.50873E+04    3.95631E-03   -2.52979E-03    6.28483E-02    1.16171E+01    1.17991E+01    2.21218E+01
    6.43600E+03    2.65476E+05    1.91668E+03    1.50873E+04    4.09223E-03   -2.48615E-03    6.39222E-02    1.17991E+01    1.19800E+01    2.24834E+01
    6.50919E+03    2.67502E+05    2.02619E+03    1.50873E+04    4.22962E-03   -2.44413E-03    6.49896E-02    1.19800E+01    1.21599E+01    2.28427E+01
    6.58320E+03    2.69643E+05    2.14044E+03    1.50873E+04    4.36850E-03   -2.40367E-03    6.60509E-02    1.21599E+01    1.23388E+01    2.32000E+01
    6.65805E+03    2.71902E+05    2.25959E+03    1.50873E+04    4.50890E-03   -2.36471E-03    6.71067E-02    1.23388E+01    1.25168E+01    2.35553E+01
    6.73374E+03    2.74286E+05    2.38384E+03    1.50873E+04    4.65081E-03   -2.32719E-03    6.81571E-02    1.25168E+01    1.26939E+01    2.39089E+01
    6.81029E+03    2.76799E+05    2.51340E+03    1.50873E+04    4.79427E-03   -2.29105E-03    6.92027E-02    1.26939E+01    1.28703E+01    2.42608E+01
    6.88770E+03    2.79448E+05    2.64845E+03    1.50873E+04    4.93929E-03   -2.25626E-03    7.02439E-02    1.28703E+01    1.30459E+01    2.46112E+01
    6.96599E+03    2.82237E+05    2.78923E+03    1.50873E+04    5.08590E-03   -2.22275E-03    7.12809E-02    1.30459E+01    1.32209E+01    2.49602E+01
    7.04517E+03    2.85173E+05    2.93595E+03    1.50873E+04    5.23413E-03   -2.19050E-03    7.23141E-02    1.32209E+01    1.33953E+01    2.53079E+01
    7.12523E+03    2.88262E+05    3.08885E+03    1.50873E+04    5.38400E-03   -2.15945E-03    7.33440E-02    1.33953E+01    1.35692E+01    2.56544E+01
    7.20621E+03    2.91510E+05    3.24818E+03    1.50873E+04    5.53555E-03   -2.12957E-03    7.43708E-02    1.35692E+01    1.37426E+01    2.59999E+01
    7.28809E+03    2.94924E+05    3.41419E+03    1.50873E+04    5.68880E-03   -2.10082E-03    7.53949E-02    1.37426E+01    1.39156E+01    2.63445E+01
    7.37091E+03    2.98511E+05    3.58715E+03    1.50873E+04    5.84381E-03   -2.07316E-03    7.64167E-02    1.39156E+01    1.40883E+01    2.66883E+01
    7.45466E+03    3.02279E+05    3.76734E+03    1.50873E+04    6.00060E-03   -2.04657E-03    7.74365E-02    1.40883E+01    1.42606E+01    2.70314E+01
    7.53935E+03    3.06234E+05    3.95506E+03    1.50873E+04    6.15922E-03   -2.02101E-03    7.84547E-02    1.42606E+01    1.44328E+01    2.73739E+01
    7.62500E+03    3.10384E+05    4.15060E+03    1.50873E+04    6.31972E-03   -1.99645E-03    7.94716E-02    1.44328E+01    1.46047E+01    2.77160E+01
    7.71162E+03    3.14739E+05    4.35428E+03    1.50873E+04    6.48213E-03   -1.97286E-03    8.04875E-02    1.46047E+01    1.47766E+01    2.80578E+01
    7.79922E+03    3.19305E+05    4.56645E+03    1.50873E+04    6.64652E-03   -1.95022E-03    8.15029E-02    1.47766E+01    1.49484E+01    2.83994E+01
    7.88781E+03    3.24093E+05    4.78744E+03    1.50873E+04    6.81293E-03   -1.92850E-03    8.25180E-02    1.49484E+01    1.51202E+01    2.87408E+01
    7.97740E+03    3.29110E+05    5.01763E+03    1.50873E+04    6.98143E-03   -1.90767E-03    8.35331E-02    1.51202E+01    1.52920E+01    2.90823E+01
    8.06801E+03    3.34368E+05    5.25739E+03    1.50873E+04    7.15206E-03   -1.88771E-03    8.45488E-02    1.52920E+01    1.54640E+01    2.94239E+01
    8.15963E+03    3.39875E+05    5.50712E+03    1.50873E+04    7.32489E-03   -1.86861E-03    8.55652E-02    1.54640E+01    1.56362E+01    2.97658E+01
    8.25229E+03    3.45642E+05    5.76724E+03    1.50873E+04    7.49999E-03   -1.85033E-03    8.65827E-02    1.56362E+01    1.58086E+01    3.01081E+01
    8.34600E+03    3.51680E+05    6.03819E+03    1.50873E+04    7.67742E-03   -1.83285E-03    8.76017E-02    1.58086E+01    1.59814E+01    3.04508E+01
    8.44077E+03    3.58001E+05    6.32042E+03    1.50873E+04    7.85725E-03   -1.81617E-03    8.86225E-02    1.59814E+01    1.61544E+01    3.07942E+01
    8.53661E+03    3.64615E+05    6.61441E+03    1.50873E+04    8.03957E-03   -1.80025E-03    8.96456E-02    1.61544E+01    1.63279E+01    3.11382E+01
    8.63353E+03    3.71536E+05    6.92066E+03    1.50873E+04    8.22443E-03   -1.78508E-03    9.06711E-02    1.63279E+01    1.65019E+01    3.14832E+01
    8.73155E+03    3.78775E+05    7.23969E+03    1.50873E+04    8.41194E-03   -1.77065E-03    9.16995E-02    1.65019E+01    1.66764E+01    3.18290E+01
    8.83067E+03    3.86347E+05    7.57207E+03    1.50873E+04    8.60217E-03   -1.75693E-03    9.27312E-02    1.66764E+01    1.68516E+01    3.21760E+01
    8.93091E+03    3.94266E+05    7.91835E+03    1.50873E+04    8.79520E-03   -1.74392E-03    9.37665E-02    1.68516E+01    1.70274E+01    3.25242E+01
    9.03229E+03    4.02545E+05    8.27914E+03    1.50873E+04    8.99113E-03   -1.73158E-03    9.48058E-02    1.70274E+01    1.72039E+01    3.28737E+01
    9.13481E+03    4.11200E+05    8.65508E+03    1.50873E+04    9.19007E-03   -1.71992E-03    9.58494E-02    1.72039E+01    1.73812E+01    3.32247E+01
    9.23850E+03    4.20247E+05    9.04683E+03    1.50873E+04    9.39209E-03   -1.70892E-03    9.68977E-02    1.73812E+01    1.75594E+01    3.35772E+01
    9.34335E+03    4.29702E+05    9.45508E+03    1.50873E+04    9.59731E-03   -1.69856E-03    9.79512E-02    1.75594E+01    1.77385E+01    3.39315E+01
    9.44939E+03    4.39582E+05    9.88056E+03    1.50873E+04    9.80584E-03   -1.68883E-03    9.90101E-02    1.77385E+01    1.79186E+01    3.42875E+01
    9.55662E+03    4.49907E+05    1.03240E+04    1.50873E+04    1.00178E-02   -1.67972E-03    1.00075E-01    1.79186E+01    1.80997E+01    3.46456E+01
    9.66507E+03    4.60693E+05    1.07863E+04    1.50873E+04    1.02333E-02   -1.67121E-03    1.01146E-01    1.80997E+01    1.82820E+01    3.50057E+01
    9.77474E+03    4.71961E+05    1.12682E+04    1.50873E+04    1.04524E-02   -1.66330E-03    1.02223E-01    1.82820E+01    1.84654E+01    3.53681E+01
    9.88565E+03    4.83732E+05    1.17706E+04    1.50873E+04    1.06753E-02   -1.65598E-03    1.03308E-01    1.84654E+01    1.86501E+01    3.57329E+01
    9.99782E+03    4.96026E+05    1.22945E+04    1.50873E+04    1.09021E-02   -1.64922E-03    1.04400E-01    1.86501E+01    1.88362E+01    3.61001E+01
    1.01113E+04    5.08867E+05    1.28408E+04    1.50873E+04    1.11330E-02   -1.64304E-03    1.05500E-01    1.88362E+01    1.90236E+01    3.64700E+01
    1.02260E+04    5.22277E+05    1.34105E+04    1.50873E+04    1.13681E-02   -1.63741E-03    1.06609E-01    1.90236E+01    1.92125E+01    3.68427E+01
    1.03420E+04    5.36282E+05    1.40047E+04    1.50873E+04    1.16075E-02   -1.63232E-03    1.07726E-01    1.92125E+01    1.94029E+01    3.72183E+01
    1.04593E+04    5.50907E+05    1.46246E+04    1.50873E+04    1.18513E-02   -1.62778E-03    1.08852E-01    1.94029E+01    1.95950E+01    3.75969E+01
    1.05779E+04    5.66178E+05    1.52713E+04    1.50873E+04    1.20999E-02   -1.62377E-03    1.09987E-01    1.95950E+01    1.97887E+01    3.79788E+01
    1.06979E+04    5.82124E+05    1.59460E+04    1.50873E+04    1.23532E-02   -1.62028E-03    1.11133E-01    1.97887E+01    1.99842E+01    3.83640E+01
    1.08193E+04    5.98774E+05    1.66502E+04    1.50873E+04    1.26115E-02   -1.61731E-03    1.12289E-01    1.99842E+01    2.01816E+01    3.87528E+01
    1.09420E+04    6.16159E+05    1.73851E+04    1.50873E+04    1.28750E-02   -1.61485E-03    1.13456E-01    2.01816E+01    2.03808E+01    3.91452E+01
    1.10661E+04    6.34311E+05    1.81521E+04    1.50873E+04    1.31438E-02   -1.61289E-03    1.14635E-01    2.03808E+01    2.05821E+01    3.95415E+01
    1.11916E+04    6.53264E+05    1.89530E+04    1.50873E+04    1.34181E-02   -1.61144E-03    1.15825E-01    2.05821E+01    2.07855E+01    3.99418E+01
    1.13185E+04    6.73053E+05    1.97891E+04    1.50873E+04    1.36982E-02   -1.61048E-03    1.17028E-01    2.07855E+01    2.09911E+01    4.03462E+01
    1.14469E+04    6.93716E+05    2.06623E+04    1.50873E+04    1.39842E-02   -1.61002E-03    1.18244E-01    2.09911E+01    2.11989E+01    4.07549E+01
    1.15767E+04    7.15290E+05    2.15743E+04    1.50873E+04    1.42764E-02   -1.61004E-03    1.19473E-01    2.11989E+01    2.14090E+01    4.11682E+01
    1.17080E+04    7.37817E+05    2.25269E+04    1.50873E+04    1.45749E-02   -1.61055E-03    1.20716E-01    2.14090E+01    2.16217E+01    4.15861E+01
    1.18407E+04    7.61339E+05    2.35222E+04    1.50873E+04    1.48801E-02   -1.61154E-03    1.21973E-01    2.16217E+01    2.18368E+01    4.20089E+01
    1.19750E+04    7.85901E+05    2.45622E+04    1.50873E+04    1.51922E-02   -1.61302E-03    1.23246E-01    2.18368E+01    2.20546E+01    4.24367E+01
    1.21108E+04    8.11550E+05    2.56491E+04    1.50873E+04    1.55113E-02   -1.61497E-03    1.24534E-01    2.20546E+01    2.22751E+01    4.28698E+01
    1.22481E+04    8.38336E+05    2.67853E+04    1.50873E+04    1.58378E-02   -1.61741E-03    1.25838E-01    2.22751E+01    2.24984E+01    4.33083E+01
    1.23869E+04    8.66309E+05    2.79732E+04    1.50873E+04    1.61720E-02   -1.62032E-03    1.27159E-01    2.24984E+01    2.27247E+01    4.37524E+01
    1.25274E+04    8.95524E+05    2.92153E+04    1.50873E+04    1.65142E-02   -1.62372E-03    1.28497E-01    2.27247E+01    2.29540E+01    4.42023E+01
    1.26694E+04    9.26038E+05    3.05143E+04    1.50873E+04    1.68646E-02   -1.62760E-03    1.29853E-01    2.29540E+01    2.31864E+01    4.46583E+01
    1.28130E+04    9.57912E+05    3.18732E+04    1.50873E+04    1.72235E-02   -1.63196E-03    1.31228E-01    2.31864E+01    2.34221E+01    4.51206E+01
    1.29582E+04    9.91207E+05    3.32950E+04    1.50873E+04    1.75914E-02   -1.63681E-03    1.32622E-01    2.34221E+01    2.36612E+01    4.55893E+01
    1.31051E+04    1.02599E+06    3.47828E+04    1.50873E+04    1.79684E-02   -1.64215E-03    1.34036E-01    2.36612E+01    2.39038E+01    4.60647E+01
    1.32537E+04    1.06233E+06    3.63402E+04    1.50873E+04    1.83551E-02   -1.64798E-03    1.35471E-01    2.39038E+01    2.41499E+01    4.65471E+01
    1.34039E+04    1.10030E+06    3.79705E+04    1.50873E+04    1.87518E-02   -1.65432E-03    1.36927E-01    2.41499E+01    2.43999E+01    4.70366E+01
    1.35558E+04    1.13998E+06    3.96777E+04    1.50873E+04    1.91588E-02   -1.66116E-03    1.38405E-01    2.43999E+01    2.46536E+01    4.75336E+01
    1.37095E+04    1.18144E+06    4.14658E+04    1.50873E+04    1.95766E-02   -1.66851E-03    1.39906E-01    2.46536E+01    2.49114E+01    4.80383E+01
    1.38648E+04    1.22478E+06    4.33390E+04    1.50873E+04    2.00056E-02   -1.67638E-03    1.41431E-01    2.49114E+01    2.51734E+01    4.85509E+01
    1.40220E+04    1.27008E+06    4.53017E+04    1.50873E+04    2.04462E-02   -1.68479E-03    1.42980E-01    2.51734E+01    2.54396E+01    4.90718E+01
    1.41809E+04    1.31744E+06    4.73589E+04    1.50873E+04    2.08990E-02   -1.69372E-03    1.44555E-01    2.54396E+01    2.57102E+01    4.96012E+01
    1.43416E+04    1.36696E+06    4.95155E+04    1.50873E+04    2.13644E-02   -1.70321E-03    1.46156E-01    2.57102E+01    2.59855E+01    5.01394E+01
    1.45041E+04    1.41874E+06    5.17768E+04    1.50873E+04    2.18430E-02   -1.71325E-03    1.47784E-01    2.59855E+01    2.62655E+01    5.06868E+01
    1.46684E+04    1.47288E+06    5.41487E+04    1.50873E+04    2.23352E-02   -1.72387E-03    1.49440E-01    2.62655E+01    2.65504E+01    5.12436E+01
    1.48347E+04    1.52952E+06    5.66371E+04    1.50873E+04    2.28418E-02   -1.73507E-03    1.51125E-01    2.65504E+01    2.68404E+01    5.18102E+01
    1.50027E+04    1.58877E+06    5.92484E+04    1.50873E+04    2.33632E-02   -1.74686E-03    1.52840E-01    2.68404E+01    2.71357E+01    5.23869E+01
    1.51727E+04    1.65076E+06    6.19896E+04    1.50873E+04    2.39002E-02   -1.75927E-03    1.54587E-01    2.71357E+01    2.74364E+01    5.29741E+01
    1.53446E+04    1.71563E+06    6.48677E+04    1.50873E+04    2.44533E-02   -1.77231E-03    1.56366E-01    2.74364E+01    2.77428E+01    5.35721E+01
    1.55185E+04    1.78352E+06    6.78905E+04    1.50873E+04    2.50234E-02   -1.78599E-03    1.58178E-01    2.77428E+01    2.80550E+01    5.41814E+01
    1.56943E+04    1.85458E+06    7.10664E+04    1.50873E+04    2.56111E-02   -1.80033E-03    1.60025E-01    2.80550E+01    2.83734E+01    5.48024E+01
    1.58721E+04    1.92899E+06    7.44039E+04    1.50873E+04    2.62173E-02   -1.81536E-03    1.61907E-01    2.83734E+01    2.86979E+01    5.54353E+01
    1.60519E+04    2.00690E+06    7.79124E+04    1.50873E+04    2.68427E-02   -1.83110E-03    1.63827E-01    2.86979E+01    2.90290E+01    5.60808E+01
    1.62338E+04    2.08850E+06    8.16018E+04    1.50873E+04    2.74882E-02   -1.84756E-03    1.65785E-01    2.90290E+01    2.93669E+01    5.67393E+01
    1.64177E+04    2.17398E+06    8.54827E+04    1.50873E+04    2.81549E-02   -1.86477E-03    1.67784E-01    2.93669E+01    2.97118E+01    5.74111E+01
    1.66036E+04    2.26355E+06    8.95665E+04    1.50873E+04    2.88435E-02   -1.88275E-03    1.69823E-01    2.97118E+01    3.00639E+01    5.80969E+01
    1.67917E+04    2.35742E+06    9.38651E+04    1.50873E+04    2.95553E-02   -1.90153E-03    1.71906E-01    3.00639E+01    3.04235E+01    5.87971E+01
    1.69819E+04    2.45581E+06    9.83915E+04    1.50873E+04    3.02912E-02   -1.92114E-03    1.74033E-01    3.04235E+01    3.07910E+01    5.95123E+01
    1.71743E+04    2.55897E+06    1.03159E+05    1.50873E+04    3.10525E-02   -1.94160E-03    1.76207E-01    3.07910E+01    3.11666E+01    6.02430E+01
    1.73688E+04    2.66715E+06    1.08184E+05    1.50873E+04    3.18404E-02   -1.96295E-03    1.78428E-01    3.11666E+01    3.15505E+01    6.09899E+01
    1.75655E+04    2.78063E+06    1.13480E+05    1.50873E+04    3.26561E-02   -1.98522E-03    1.80699E-01    3.15505E+01    3.19433E+01    6.17535E+01
    1.77645E+04    2.89970E+06    1.19065E+05    1.50873E+04    3.35010E-02   -2.00844E-03    1.83022E-01    3.19433E+01    3.23451E+01    6.25345E+01
    1.79657E+04    3.02465E+06    1.24957E+05    1.50873E+04    3.43767E-02   -2.03265E-03    1.85398E-01    3.23451E+01    3.27564E+01    6.33335E+01
    1.81692E+04    3.15583E+06    1.31176E+05    1.50873E+04    3.52846E-02   -2.05788E-03    1.87831E-01    3.27564E+01    3.31774E+01    6.41513E+01
    1.83749E+04    3.29357E+06    1.37742E+05    1.50873E+04    3.62265E-02   -2.08419E-03    1.90321E-01    3.31774E+01    3.36087E+01    6.49887E+01
    1.85830E+04    3.43825E+06    1.44677E+05    1.50873E+04    3.72040E-02   -2.11160E-03    1.92872E-01    3.36087E+01    3.40506E+01    6.58463E+01
    1.87935E+04    3.59025E+06    1.52006E+05    1.50873E+04    3.82191E-02   -2.14018E-03    1.95485E-01    3.40506E+01    3.45035E+01    6.67250E+01
    1.90063E+04    3.75001E+06    1.59754E+05    1.50873E+04    3.92737E-02   -2.16996E-03    1.98164E-01    3.45035E+01    3.49679E+01    6.76256E+01
    1.92215E+04    3.91796E+06    1.67950E+05    1.50873E+04    4.03700E-02   -2.20100E-03    2.00911E-01    3.49679E+01    3.54443E+01    6.85491E+01
    1.94392E+04    4.09458E+06    1.76622E+05    1.50873E+04    4.15102E-02   -2.23337E-03    2.03728E-01    3.54443E+01    3.59331E+01    6.94965E+01
    1.96593E+04    4.28038E+06    1.85804E+05    1.50873E+04    4.26967E-02   -2.26711E-03    2.06619E-01    3.59331E+01    3.64350E+01    7.04685E+01
    1.98819E+04    4.47592E+06    1.95530E+05    1.50873E+04    4.39322E-02   -2.30231E-03    2.09587E-01    3.64350E+01    3.69504E+01    7.14665E+01
    2.01070E+04    4.68175E+06    2.05838E+05    1.50873E+04    4.52194E-02   -2.33904E-03    2.12636E-01    3.69504E+01    3.74799E+01    7.24914E+01
    2.03347E+04    4.89852E+06    2.16768E+05    1.50873E+04    4.65612E-02   -2.37737E-03    2.15767E-01    3.74799E+01    3.80242E+01    7.35443E+01
    2.05649E+04    5.12689E+06    2.28364E+05    1.50873E+04    4.79609E-02   -2.41740E-03    2.18986E-01    3.80242E+01    3.85839E+01    7.46267E+01
    2.07978E+04    5.36756E+06    2.40674E+05    1.50873E+04    4.94218E-02   -2.45923E-03    2.22296E-01    3.85839E+01    3.91597E+01    7.57397E+01
    2.10332E+04    5.62131E+06    2.53749E+05    1.50873E+04    5.09476E-02   -2.50297E-03    2.25702E-01    3.91597E+01    3.97524E+01    7.68847E+01
    2.12714E+04    5.88895E+06    2.67645E+05    1.50873E+04    5.25424E-02   -2.54874E-03    2.29207E-01    3.97524E+01    4.03628E+01    7.80633E+01
    2.15122E+04    6.17138E+06    2.82423E+05    1.50873E+04    5.42103E-02   -2.59667E-03    2.32817E-01    4.03628E+01    4.09916E+01    7.92769E+01
    2.17557E+04    6.46953E+06    2.98150E+05    1.50873E+04    5.59561E-02   -2.64692E-03    2.36536E-01    4.09916E+01    4.16399E+01    8.05274E+01
    2.20020E+04    6.78442E+06    3.14898E+05    1.50873E+04    5.77847E-02   -2.69965E-03    2.40369E-01    4.16399E+01    4.23086E+01    8.18164E+01
    2.22511E+04    7.11717E+06    3.32745E+05    1.50873E+04    5.97015E-02   -2.75505E-03    2.44323E-01    4.23086E+01    4.29986E+01    8.31460E+01
    2.25030E+04    7.46895E+06    3.51778E+05    1.50873E+04    6.17126E-02   -2.81333E-03    2.48404E-01    4.29986E+01    4.37113E+01    8.45182E+01
    2.27578E+04    7.84104E+06    3.72092E+05    1.50873E+04    6.38244E-02   -2.87473E-03    2.52619E-01    4.37113E+01    4.44477E+01    8.59352E+01
    2.30154E+04    8.23483E+06    3.93790E+05    1.50873E+04    6.60439E-02   -2.93951E-03    2.56973E-01    4.44477E+01    4.52093E+01    8.73995E+01
    2.32759E+04    8.65182E+06    4.16987E+05    1.50873E+04    6.83789E-02   -3.00797E-03    2.61476E-01    4.52093E+01    4.59973E+01    8.89137E+01
    2.35394E+04    9.09362E+06    4.41810E+05    1.50873E+04    7.08380E-02   -3.08043E-03    2.66136E-01    4.59973E+01    4.68135E+01    9.04807E+01
    2.38058E+04    9.56202E+06    4.68397E+05    1.50873E+04    7.34306E-02   -3.15728E-03    2.70962E-01    4.68135E+01    4.76595E+01    9.21035E+01
    2.40753E+04    1.00589E+07    4.96903E+05    1.50873E+04    7.61669E-02   -3.23891E-03    2.75964E-01    4.76595E+01    4.85372E+01    9.37856E+01
    2.43478E+04    1.05864E+07    5.27500E+05    1.50873E+04    7.90585E-02   -3.32580E-03    2.81154E-01    4.85372E+01    4.94486E+01    9.55306E+01
    2.46234E+04    1.11468E+07    5.60379E+05    1.50873E+04    8.21182E-02   -3.41848E-03    2.86542E-01    4.94486E+01    5.03960E+01    9.73427E+01
    2.49021E+04    1.17426E+07    5.95752E+05    1.50873E+04    8.53603E-02   -3.51752E-03    2.92144E-01    5.03960E+01    5.13818E+01    9.92263E+01
    2.51840E+04    1.23764E+07    6.33859E+05    1.50873E+04    8.88004E-02   -3.62357E-03    2.97972E-01    5.13818E+01    5.24089E+01    1.01186E+02
    2.54690E+04    1.30514E+07    6.74968E+05    1.50873E+04    9.24565E-02   -3.73738E-03    3.04044E-01    5.24089E+01    5.34801E+01    1.03228E+02
    2.57573E+04    1.37708E+07    7.19380E+05    1.50873E+04    9.63486E-02   -3.85976E-03    3.10377E-01    5.34801E+01    5.45990E+01    1.05358E+02
    2.60488E+04    1.45382E+07    7.67437E+05    1.50873E+04    1.00499E-01   -3.99164E-03    3.16991E-01    5.45990E+01    5.57691E+01    1.07582E+02
    2.63436E+04    1.53577E+07    8.19524E+05    1.50873E+04    1.04933E-01   -4.13405E-03    3.23908E-01    5.57691E+01    5.69947E+01    1.09909E+02
    2.66417E+04    1.62338E+07    8.76080E+05    1.50873E+04    1.09680E-01   -4.28815E-03    3.31152E-01    5.69947E+01    5.82804E+01    1.12345E+02
    2.69432E+04    1.71714E+07    9.37605E+05    1.50873E+04    1.14772E-01   -4.45524E-03    3.38751E-01    5.82804E+01    5.96312E+01    1.14901E+02
    2.72481E+04    1.81761E+07    1.00467E+06    1.50873E+04    1.20247E-01   -4.63680E-03    3.46735E-01    5.96312E+01    6.10530E+01    1.17586E+02
    2.75565E+04    1.92540E+07    1.07793E+06    1.50873E+04    1.26146E-01   -4.83448E-03    3.55138E-01    6.10530E+01    6.25522E+01    1.20413E+02
    2.78684E+04    2.04122E+07    1.15815E+06    1.50873E+04    1.32520E-01   -5.05017E-03    3.63998E-01    6.25522E+01    6.41359E+01    1.23393E+02
    2.81837E+04    2.16584E+07    1.24620E+06    1.50873E+04    1.39423E-01   -5.28599E-03    3.73357E-01    6.41359E+01    6.58123E+01    1.26541E+02
    2.85027E+04    2.30014E+07    1.34308E+06    1.50873E+04    1.46921E-01   -5.54438E-03    3.83263E-01    6.58123E+01    6.75905E+01    1.29873E+02
    2.88252E+04    2.44514E+07    1.44999E+06    1.50873E+04    1.55089E-01   -5.82810E-03    3.93770E-01    6.75905E+01    6.94809E+01    1.33407E+02
    2.91514E+04    2.60198E+07    1.56831E+06    1.50873E+04    1.64013E-01   -6.14036E-03    4.04939E-01    6.94809E+01    7.14950E+01    1.37164E+02
    2.94812E+04    2.77194E+07    1.69966E+06    1.50873E+04    1.73797E-01   -6.48481E-03    4.16839E-01    7.14950E+01    7.36461E+01    1.41167E+02
    2.98148E+04    2.95654E+07    1.84595E+06    1.50873E+04    1.84558E-01   -6.86572E-03    4.29547E-01    7.36461E+01    7.59494E+01    1.45443E+02
    3.01522E+04    3.15748E+07    2.00945E+06    1.50873E+04    1.96438E-01   -7.28807E-03    4.43153E-01    7.59494E+01    7.84219E+01    1.50020E+02
    3.04934E+04    3.37677E+07    2.19289E+06    1.50873E+04    2.09603E-01   -7.75769E-03    4.57758E-01    7.84219E+01    8.10836E+01    1.54934E+02
    3.08384E+04    3.61672E+07    2.39949E+06    1.50873E+04    2.24251E-01   -8.28149E-03    4.73479E-01    8.10836E+01    8.39570E+01    1.60223E+02
    3.11873E+04    3.88004E+07    2.63318E+06    1.50873E+04    2.40618E-01   -8.86769E-03    4.90449E-01    8.39570E+01    8.70686E+01    1.65933E+02
    3.15402E+04    4.16991E+07    2.89871E+06    1.50873E+04    2.58992E-01   -9.52617E-03    5.08823E-01    8.70686E+01    9.04490E+01    1.72116E+02
    3.18971E+04    4.49009E+07    3.20187E+06    1.50873E+04    2.79717E-01   -1.02689E-02    5.28783E-01    9.04490E+01    9.41342E+01    1.78832E+02
    3.22580E+04    4.84508E+07    3.54981E+06    1.50873E+04    3.03217E-01   -1.11105E-02    5.50540E-01    9.41342E+01    9.81664E+01    1.86154E+02
    3.26230E+04    5.24021E+07    3.95139E+06    1.50873E+04    3.30014E-01   -1.20690E-02    5.74342E-01    9.81664E+01    1.02596E+02    1.94165E+02
    3.29921E+04    5.68198E+07    4.41770E+06    1.50873E+04    3.60756E-01   -1.31671E-02    6.00485E-01    1.02596E+02    1.07483E+02    2.02964E+02
    3.33653E+04    6.17826E+07    4.96279E+06    1.50873E+04    3.96257E-01   -1.44333E-02    6.29324E-01    1.07483E+02    1.12901E+02    2.12672E+02
    3.37428E+04    6.73872E+07    5.60460E+06    1.50873E+04    4.37552E-01   -1.59043E-02    6.61286E-01    1.12901E+02    1.18938E+02    2.23432E+02
    3.41246E+04    7.37536E+07    6.36636E+06    1.50873E+04    4.85971E-01   -1.76278E-02    6.96893E-01    1.18938E+02    1.25706E+02    2.35421E+02
    3.45106E+04    8.10322E+07    7.27859E+06    1.50873E+04    5.43251E-01   -1.96670E-02    7.36793E-01    1.25706E+02    1.33341E+02    2.48857E+02
    3.49010E+04    8.94141E+07    8.38194E+06    1.50873E+04    6.11691E-01   -2.21075E-02    7.81794E-01    1.33341E+02    1.42021E+02    2.64014E+02
    3.52959E+04    9.91457E+07    9.73162E+06    1.50873E+04    6.94396E-01   -2.50673E-02    8.32927E-01    1.42021E+02    1.51974E+02    2.81241E+02
    3.56952E+04    1.10550E+08    1.14041E+07    1.50873E+04    7.95642E-01   -2.87136E-02    8.91525E-01    1.51974E+02    1.63504E+02    3.00988E+02
    3.60990E+04    1.24058E+08    1.35079E+07    1.50873E+04    9.21468E-01   -3.32910E-02    9.59354E-01    1.63504E+02    1.77023E+02    3.23855E+02
    3.65074E+04    1.40259E+08    1.62016E+07    1.50873E+04    1.08065E+00   -3.91701E-02    1.03880E+00    1.77023E+02    1.93109E+02    3.50654E+02
    3.69204E+04    1.59984E+08    1.97244E+07    1.50873E+04    1.28637E+00   -4.69375E-02    1.13321E+00    1.93109E+02    2.12603E+02    3.82519E+02
    3.73380E+04    1.84437E+08    2.44533E+07    1.50873E+04    1.55931E+00   -5.75743E-02    1.24739E+00    2.12603E+02    2.36784E+02    4.21098E+02
    3.77604E+04    2.15450E+08    3.10126E+07    1.50873E+04    1.93361E+00   -7.28391E-02    1.38863E+00    2.36784E+02    2.67722E+02    4.68887E+02
    3.81876E+04    2.55958E+08    4.05086E+07    1.50873E+04    2.46951E+00   -9.61875E-02    1.56852E+00    2.67722E+02    3.09040E+02    5.29893E+02
    3.86195E+04    3.11038E+08    5.50795E+07    1.50873E+04    3.28314E+00   -1.35330E-01    1.80688E+00    3.09040E+02    3.67828E+02    6.11051E+02
    3.90564E+04    3.90436E+08    7.93980E+07    1.50873E+04    4.62747E+00   -2.10986E-01    2.14078E+00    3.67828E+02    4.60517E+02    7.25649E+02
    3.94982E+04    5.16208E+08    1.25773E+08    1.50873E+04    7.16729E+00   -3.97185E-01    2.64755E+00    4.60517E+02    6.36977E+02    9.03042E+02
    3.99450E+04    7.57723E+08    2.41515E+08    1.50873E+04    1.34570E+01   -1.09570E+00    3.50092E+00    6.36977E+02    1.12927E+03    1.22214E+03
    4.03968E+04    1.83567E+09    1.07795E+09    1.50873E+04    5.87268E+01   -5.88498E+00    4.90855E+00    1.12927E+03    3.80325E+03    1.94971E+03
