 # rho, F_z,dF_z, z(rho), E2 (=>sigma2=e0^2*E2), Er, Ez, Ui,j , Ui+1,j , Ui,j-1
    2.50000E-01    1.31741E+00    1.31741E+00    0.00000E+00    1.05393E+01   -8.42692E-01    3.13515E+00    2.98892E+00    3.41027E+00    4.55650E+00
    7.31707E-01    3.70972E+00    2.39231E+00    5.00000E-01    7.05521E+00   -3.28434E-01    2.63578E+00    2.09238E+00    2.24458E+00    3.41027E+00
    1.19774E+00    7.44624E+00    3.73652E+00    5.00000E-01    6.65664E+00   -1.17981E-01    2.57735E+00    2.24458E+00    2.29987E+00    3.53325E+00
    1.66904E+00    1.28327E+01    5.38646E+00    5.00000E-01    6.80938E+00   -7.64993E-02    2.60836E+00    2.29987E+00    2.33613E+00    3.60405E+00
    2.14566E+00    2.00872E+01    7.25452E+00    5.00000E-01    7.05403E+00   -7.61899E-02    2.65485E+00    2.33613E+00    2.37265E+00    3.66355E+00
    2.62767E+00    2.94634E+01    9.37618E+00    5.00000E-01    7.36148E+00   -9.49299E-02    2.71154E+00    2.37265E+00    2.41866E+00    3.72842E+00
    3.11513E+00    4.13088E+01    1.18454E+01    5.00000E-01    7.75720E+00   -1.34376E-01    2.78193E+00    2.41866E+00    2.48453E+00    3.80963E+00
    3.60810E+00    5.61211E+01    1.48122E+01    5.00000E-01    8.28119E+00   -2.14531E-01    2.86970E+00    2.48453E+00    2.59088E+00    3.91938E+00
    4.10663E+00    7.46163E+01    1.84953E+01    5.00000E-01    8.98349E+00   -4.00435E-01    2.97038E+00    2.59088E+00    2.79163E+00    4.07607E+00
    4.61080E+00    9.80875E+01    2.34711E+01    5.00000E-01    1.00403E+01   -9.13491E-01    3.03412E+00    2.79163E+00    3.25478E+00    4.30869E+00
    5.12067E+00    1.19143E+02    2.10558E+01    9.63414E-01    8.01964E+00   -7.34978E-01    2.73486E+00    1.88735E+00    2.26419E+00    3.25478E+00
    5.63630E+00    1.42716E+02    2.35725E+01    9.63414E-01    8.06570E+00   -6.23396E-01    2.77075E+00    2.26419E+00    2.58744E+00    3.64957E+00
    6.15775E+00    1.74009E+02    3.12928E+01    9.63414E-01    9.69110E+00   -1.11486E+00    2.90658E+00    2.58744E+00    3.17206E+00    4.04073E+00
    6.68510E+00    2.01970E+02    2.79610E+01    1.43207E+00    7.88706E+00   -9.17544E-01    2.65428E+00    1.94203E+00    2.42861E+00    3.17206E+00
    7.21840E+00    2.36663E+02    3.46934E+01    1.43207E+00    8.96181E+00   -1.20731E+00    2.73938E+00    2.42861E+00    3.07609E+00    3.69808E+00
    7.75774E+00    2.66275E+02    2.96125E+01    1.90601E+00    7.03801E+00   -9.13228E-01    2.49079E+00    1.90878E+00    2.40408E+00    3.07609E+00
    8.30316E+00    3.04948E+02    3.86721E+01    1.90601E+00    8.49151E+00   -1.22717E+00    2.64302E+00    2.40408E+00    3.07717E+00    3.64273E+00
    8.85475E+00    3.38723E+02    3.37752E+01    2.38531E+00    6.87656E+00   -9.32794E-01    2.45081E+00    1.91562E+00    2.43303E+00    3.07717E+00
    9.41258E+00    3.84277E+02    4.55542E+01    2.38531E+00    8.62761E+00   -1.29699E+00    2.63542E+00    2.43303E+00    3.16059E+00    3.68208E+00
    9.97670E+00    4.25474E+02    4.11972E+01    2.87003E+00    7.27898E+00   -1.03137E+00    2.49304E+00    1.96567E+00    2.55076E+00    3.16059E+00
    1.05472E+01    4.84599E+02    5.91245E+01    2.87003E+00    9.77104E+00   -1.56886E+00    2.70365E+00    2.55076E+00    3.45083E+00    3.84663E+00
    1.11242E+01    5.48922E+02    6.43236E+01    3.36023E+00    9.96630E+00   -1.81374E+00    2.58392E+00    2.19835E+00    3.25066E+00    3.45083E+00
    1.17076E+01    6.07312E+02    5.83894E+01    3.85596E+00    8.49994E+00   -1.78700E+00    2.30360E+00    2.12145E+00    3.16996E+00    3.25066E+00
    1.22977E+01    6.64608E+02    5.72961E+01    4.35730E+00    7.85185E+00   -1.76173E+00    2.17902E+00    2.08974E+00    3.13511E+00    3.16996E+00
    1.28944E+01    7.22765E+02    5.81569E+01    4.86430E+00    7.51606E+00   -1.75113E+00    2.10941E+00    2.07758E+00    3.12841E+00    3.13511E+00
    1.34979E+01    7.83210E+02    6.04452E+01    5.37703E+00    7.37916E+00   -1.75934E+00    2.06975E+00    2.07904E+00    3.14672E+00    3.12841E+00
    1.41082E+01    8.47593E+02    6.43829E+01    5.89556E+00    7.43584E+00   -1.79565E+00    2.05219E+00    2.09449E+00    3.19652E+00    3.14672E+00
    1.47254E+01    9.18774E+02    7.11816E+01    6.41994E+00    7.78847E+00   -1.88873E+00    2.05455E+00    2.13118E+00    3.30343E+00    3.19652E+00
    1.53495E+01    1.00509E+03    8.63148E+01    6.95025E+00    8.95903E+00   -2.16542E+00    2.06639E+00    2.21985E+00    3.57901E+00    3.30343E+00
    1.59807E+01    1.05908E+03    5.39870E+01    8.02892E+00    5.32210E+00   -1.86985E+00    1.35120E+00    1.93443E+00    3.12134E+00    2.65908E+00
    1.66191E+01    1.14273E+03    8.36512E+01    8.57741E+00    7.84107E+00   -2.16961E+00    1.77027E+00    2.16121E+00    3.55396E+00    3.12134E+00
    1.72646E+01    1.21116E+03    6.84324E+01    9.69305E+00    6.10569E+00   -2.12763E+00    1.25653E+00    2.00344E+00    3.38467E+00    2.70042E+00
    1.79175E+01    1.27819E+03    6.70310E+01    1.08341E+01    5.69835E+00   -2.09637E+00    1.14175E+00    1.97608E+00    3.35239E+00    2.62379E+00
    1.85777E+01    1.35138E+03    7.31903E+01    1.20010E+01    5.93378E+00   -2.18222E+00    1.08244E+00    2.00045E+00    3.44932E+00    2.62847E+00
    1.92454E+01    1.41529E+03    6.39098E+01    1.38013E+01    4.94573E+00   -2.07374E+00    8.03339E-01    1.90142E+00    3.29382E+00    2.38349E+00
    1.99207E+01    1.46635E+03    5.10582E+01    1.62981E+01    3.77461E+00   -1.84517E+00    6.08237E-01    1.79639E+00    3.04932E+00    2.17816E+00
    2.06035E+01    1.50952E+03    4.31734E+01    1.89097E+01    3.05144E+00   -1.66542E+00    5.27079E-01    1.73909E+00    2.88274E+00    2.08513E+00
    2.12941E+01    1.55563E+03    4.61104E+01    2.09469E+01    3.11810E+00   -1.68050E+00    5.42219E-01    1.77115E+00    2.93820E+00    2.13933E+00
    2.19925E+01    1.59612E+03    4.04858E+01    2.37722E+01    2.62119E+00   -1.55607E+00    4.47018E-01    1.72110E+00    2.81395E+00    2.03859E+00
    2.26988E+01    1.63187E+03    3.57508E+01    2.67274E+01    2.21755E+00   -1.43433E+00    4.00312E-01    1.68513E+00    2.70386E+00    1.98253E+00
    2.34130E+01    1.67016E+03    3.82908E+01    2.90326E+01    2.27691E+00   -1.45036E+00    4.16382E-01    1.71635E+00    2.75810E+00    2.03628E+00
    2.41354E+01    1.70295E+03    3.27942E+01    3.22296E+01    1.87057E+00   -1.32310E+00    3.46390E-01    1.66441E+00    2.62550E+00    1.94280E+00
    2.48659E+01    1.73669E+03    3.37341E+01    3.47234E+01    1.84678E+00   -1.31070E+00    3.58961E-01    1.68186E+00    2.64469E+00    1.98024E+00
    2.56046E+01    1.77038E+03    3.36926E+01    3.73028E+01    1.77128E+00   -1.28542E+00    3.44932E-01    1.68376E+00    2.63869E+00    1.98031E+00
    2.63517E+01    1.80376E+03    3.33806E+01    3.99705E+01    1.68607E+00   -1.25639E+00    3.27958E-01    1.68232E+00    2.62624E+00    1.97395E+00
    2.71072E+01    1.83672E+03    3.29543E+01    4.27298E+01    1.60006E+00   -1.22617E+00    3.10761E-01    1.67956E+00    2.61118E+00    1.96537E+00
    2.78713E+01    1.86917E+03    3.24574E+01    4.55836E+01    1.51560E+00   -1.19548E+00    2.93979E-01    1.67600E+00    2.59457E+00    1.95564E+00
    2.86440E+01    1.90106E+03    3.18904E+01    4.85353E+01    1.43277E+00   -1.16430E+00    2.77790E-01    1.67165E+00    2.57637E+00    1.94496E+00
    2.94255E+01    1.93228E+03    3.12124E+01    5.15882E+01    1.34981E+00   -1.13184E+00    2.62225E-01    1.66611E+00    2.55555E+00    1.93295E+00
    3.02157E+01    1.96254E+03    3.02658E+01    5.47457E+01    1.26040E+00   -1.09509E+00    2.47349E-01    1.65781E+00    2.52809E+00    1.91814E+00
    3.10149E+01    1.99061E+03    2.80642E+01    5.80115E+01    1.12588E+00   -1.03467E+00    2.35221E-01    1.63712E+00    2.46868E+00    1.89317E+00
    3.18232E+01    2.02386E+03    3.32520E+01    6.02507E+01    1.28560E+00   -1.09637E+00    2.89095E-01    1.70250E+00    2.59360E+00    2.02435E+00
    3.26405E+01    2.05419E+03    3.03311E+01    6.37052E+01    1.13053E+00   -1.04000E+00    2.21175E-01    1.66088E+00    2.51572E+00    1.91556E+00
    3.34671E+01    2.08182E+03    2.76339E+01    6.72782E+01    9.93329E-01   -9.75122E-01    2.06071E-01    1.63358E+00    2.44415E+00    1.87900E+00
    3.43031E+01    2.11386E+03    3.20342E+01    6.97280E+01    1.11089E+00   -1.02313E+00    2.53180E-01    1.69081E+00    2.55089E+00    1.99918E+00
    3.51485E+01    2.14144E+03    2.75780E+01    7.35074E+01    9.22926E-01   -9.41000E-01    1.93507E-01    1.63383E+00    2.43381E+00    1.87760E+00
    3.60034E+01    2.17204E+03    3.06037E+01    7.60988E+01    9.88690E-01   -9.65703E-01    2.36870E-01    1.67677E+00    2.50703E+00    1.98195E+00
    3.68680E+01    2.20560E+03    3.35604E+01    7.87490E+01    1.04695E+00   -9.94954E-01    2.38788E-01    1.70662E+00    2.57170E+00    2.02127E+00
    3.77424E+01    2.23424E+03    2.86375E+01    8.28378E+01    8.62931E-01   -9.12249E-01    1.75307E-01    1.64423E+00    2.44635E+00    1.88314E+00
    3.86267E+01    2.26660E+03    3.23657E+01    8.56412E+01    9.42297E-01   -9.47128E-01    2.12709E-01    1.69241E+00    2.53462E+00    1.98889E+00
    3.95209E+01    2.29414E+03    2.75347E+01    8.99662E+01    7.74754E-01   -8.65648E-01    1.59394E-01    1.63201E+00    2.41046E+00    1.86179E+00
    4.04252E+01    2.32400E+03    2.98582E+01    9.29317E+01    8.12159E-01   -8.79651E-01    1.95889E-01    1.66662E+00    2.46660E+00    1.95544E+00
    4.13398E+01    2.35511E+03    3.11142E+01    9.59645E+01    8.18353E-01   -8.82705E-01    1.97953E-01    1.68019E+00    2.49202E+00    1.97868E+00
    4.22647E+01    2.38736E+03    3.22517E+01    9.90662E+01    8.20435E-01   -8.84473E-01    1.95302E-01    1.69111E+00    2.51376E+00    1.99230E+00
    4.32001E+01    2.42153E+03    3.41732E+01    1.02238E+02    8.40991E-01   -8.97154E-01    1.90014E-01    1.70872E+00    2.55259E+00    2.00841E+00
    4.41460E+01    2.45005E+03    2.85148E+01    1.07133E+02    6.79029E-01   -8.12722E-01    1.36059E-01    1.64001E+00    2.41310E+00    1.86196E+00
    4.51026E+01    2.48056E+03    3.05056E+01    1.10488E+02    7.03085E-01   -8.21690E-01    1.67066E-01    1.66974E+00    2.46020E+00    1.94847E+00
    4.60700E+01    2.51193E+03    3.13723E+01    1.13920E+02    6.99966E-01   -8.19619E-01    1.67902E-01    1.67899E+00    2.47636E+00    1.96548E+00
    4.70484E+01    2.54384E+03    3.19161E+01    1.17430E+02    6.89500E-01   -8.13789E-01    1.65066E-01    1.68390E+00    2.48455E+00    1.97196E+00
    4.80378E+01    2.57617E+03    3.23233E+01    1.21019E+02    6.76274E-01   -8.06384E-01    1.61305E-01    1.68717E+00    2.48949E+00    1.97505E+00
    4.90384E+01    2.60882E+03    3.26549E+01    1.24691E+02    6.61793E-01   -7.98166E-01    1.57237E-01    1.68957E+00    2.49269E+00    1.97657E+00
    5.00503E+01    2.64176E+03    3.29345E+01    1.28445E+02    6.46657E-01   -7.89447E-01    1.53069E-01    1.69141E+00    2.49474E+00    1.97715E+00
    5.10736E+01    2.67493E+03    3.31705E+01    1.32285E+02    6.31110E-01   -7.80348E-01    1.48888E-01    1.69280E+00    2.49584E+00    1.97706E+00
    5.21085E+01    2.70829E+03    3.33619E+01    1.36212E+02    6.15194E-01   -7.70874E-01    1.44731E-01    1.69375E+00    2.49601E+00    1.97635E+00
    5.31551E+01    2.74179E+03    3.34975E+01    1.40229E+02    5.98767E-01   -7.60916E-01    1.40620E-01    1.69416E+00    2.49500E+00    1.97497E+00
    5.42135E+01    2.77533E+03    3.35483E+01    1.44337E+02    5.81396E-01   -7.50164E-01    1.36568E-01    1.69375E+00    2.49219E+00    1.97267E+00
    5.52839E+01    2.80877E+03    3.34376E+01    1.48538E+02    5.61909E-01   -7.37782E-01    1.32617E-01    1.69178E+00    2.48592E+00    1.96878E+00
    5.63664E+01    2.84168E+03    3.29075E+01    1.52834E+02    5.36322E-01   -7.20883E-01    1.29030E-01    1.68578E+00    2.47050E+00    1.96142E+00
    5.74611E+01    2.87208E+03    3.04003E+01    1.57229E+02    4.80588E-01   -6.81167E-01    1.28840E-01    1.66072E+00    2.41059E+00    1.94221E+00
    5.85682E+01    2.91454E+03    4.24594E+01    1.59463E+02    6.51182E-01   -7.58727E-01    2.74801E-01    1.80342E+00    2.64811E+00    2.41059E+00
    5.96878E+01    2.95167E+03    3.71348E+01    1.64008E+02    5.52594E-01   -7.31478E-01    1.32413E-01    1.72534E+00    2.54890E+00    2.02456E+00
    6.08200E+01    2.98775E+03    3.60795E+01    1.68656E+02    5.21007E-01   -7.11534E-01    1.21352E-01    1.71256E+00    2.52271E+00    1.99301E+00
    6.19650E+01    3.02289E+03    3.51337E+01    1.73410E+02    4.92410E-01   -6.91999E-01    1.16393E-01    1.70244E+00    2.49925E+00    1.97755E+00
    6.31230E+01    3.05522E+03    3.23284E+01    1.78272E+02    4.39812E-01   -6.53032E-01    1.15589E-01    1.67523E+00    2.43567E+00    1.95465E+00
    6.42940E+01    3.09984E+03    4.46245E+01    1.80744E+02    5.89376E-01   -7.24624E-01    2.53567E-01    1.81580E+00    2.66914E+00    2.43567E+00
    6.54783E+01    3.13857E+03    3.87323E+01    1.85773E+02    4.96690E-01   -6.94793E-01    1.18121E-01    1.73475E+00    2.56221E+00    2.03007E+00
    6.66760E+01    3.17565E+03    3.70771E+01    1.90916E+02    4.61706E-01   -6.70808E-01    1.08273E-01    1.71697E+00    2.52489E+00    1.99383E+00
    6.78872E+01    3.20955E+03    3.39043E+01    1.96176E+02    4.10031E-01   -6.31407E-01    1.06567E-01    1.68682E+00    2.45588E+00    1.96550E+00
    6.91121E+01    3.25587E+03    4.63172E+01    1.98850E+02    5.44075E-01   -6.97986E-01    2.38517E-01    1.82508E+00    2.68484E+00    2.45588E+00
    7.03508E+01    3.29550E+03    3.96332E+01    2.04290E+02    4.52251E-01   -6.63673E-01    1.08580E-01    1.73886E+00    2.56559E+00    2.03255E+00
    7.16036E+01    3.33123E+03    3.57237E+01    2.09854E+02    3.96033E-01   -6.20974E-01    1.02102E-01    1.70148E+00    2.48377E+00    1.98392E+00
    7.28704E+01    3.37966E+03    4.84368E+01    2.12683E+02    5.21739E-01   -6.84563E-01    2.30462E-01    1.83905E+00    2.71118E+00    2.48377E+00
    7.41516E+01    3.42095E+03    4.12834E+01    2.18438E+02    4.32120E-01   -6.49265E-01    1.02832E-01    1.75035E+00    2.58686E+00    2.04456E+00
    7.54473E+01    3.45811E+03    3.71644E+01    2.24323E+02    3.78053E-01   -6.07242E-01    9.64884E-02    1.71193E+00    2.50314E+00    1.99426E+00
    7.67576E+01    3.50823E+03    5.01149E+01    2.27316E+02    4.95491E-01   -6.68293E-01    2.21078E-01    1.84893E+00    2.72953E+00    2.50314E+00
    7.80828E+01    3.55080E+03    4.25717E+01    2.33403E+02    4.09143E-01   -6.32249E-01    9.69737E-02    1.75846E+00    2.60098E+00    2.05194E+00
    7.94229E+01    3.58890E+03    3.81038E+01    2.39628E+02    3.56002E-01   -5.89680E-01    9.09922E-02    1.71767E+00    2.51234E+00    1.99931E+00
    8.07781E+01    3.63971E+03    5.08118E+01    2.42794E+02    4.61552E-01   -6.45659E-01    2.11368E-01    1.85072E+00    2.73066E+00    2.51234E+00
    8.21487E+01    3.68040E+03    4.06863E+01    2.49232E+02    3.59350E-01   -5.92045E-01    9.39835E-02    1.74021E+00    2.55620E+00    2.04109E+00
    8.35347E+01    3.73408E+03    5.36742E+01    2.52507E+02    4.60987E-01   -6.45159E-01    2.11559E-01    1.87128E+00    2.77052E+00    2.55620E+00
    8.49364E+01    3.77691E+03    4.28331E+01    2.59166E+02    3.57763E-01   -5.90993E-01    9.21458E-02    1.75680E+00    2.58985E+00    2.06190E+00
    8.63540E+01    3.83351E+03    5.66010E+01    2.62552E+02    4.59803E-01   -6.45202E-01    2.08608E-01    1.89133E+00    2.81107E+00    2.58985E+00
    8.77875E+01    3.88104E+03    4.75343E+01    2.69440E+02    3.75599E-01   -6.06613E-01    8.72871E-02    1.79271E+00    2.66721E+00    2.09163E+00
    8.92373E+01    3.92349E+03    4.24473E+01    2.76485E+02    3.26268E-01   -5.65371E-01    8.13829E-02    1.74914E+00    2.57340E+00    2.03418E+00
    9.07034E+01    3.97954E+03    5.60489E+01    2.80067E+02    4.19115E-01   -6.17351E-01    1.94915E-01    1.88300E+00    2.79322E+00    2.57340E+00
    9.21861E+01    4.02439E+03    4.48479E+01    2.87353E+02    3.26277E-01   -5.65046E-01    8.36662E-02    1.76887E+00    2.61138E+00    2.07195E+00
    9.36856E+01    4.08295E+03    5.85608E+01    2.91058E+02    4.14538E-01   -6.13850E-01    1.94230E-01    1.89982E+00    2.82544E+00    2.61138E+00
    9.52020E+01    4.12942E+03    4.64700E+01    2.98594E+02    3.20093E-01   -5.59816E-01    8.18441E-02    1.78040E+00    2.63408E+00    2.08705E+00
    9.67356E+01    4.18985E+03    6.04268E+01    3.02425E+02    4.05054E-01   -6.07168E-01    1.90790E-01    1.91117E+00    2.84752E+00    2.63408E+00
    9.82864E+01    4.23760E+03    4.77557E+01    3.10220E+02    3.11545E-01   -5.52452E-01    7.96373E-02    1.78891E+00    2.65050E+00    2.09751E+00
    9.98548E+01    4.29938E+03    6.17756E+01    3.14183E+02    3.92245E-01   -5.97794E-01    1.86783E-01    1.91851E+00    2.86136E+00    2.65050E+00
    1.01441E+02    4.34733E+03    4.79488E+01    3.22244E+02    2.96343E-01   -5.38779E-01    7.78447E-02    1.78881E+00    2.64819E+00    2.10082E+00
    1.03045E+02    4.40733E+03    6.00066E+01    3.26343E+02    3.61012E-01   -5.72047E-01    1.83778E-01    1.90328E+00    2.82602E+00    2.64819E+00
    1.04667E+02    4.47804E+03    7.07059E+01    3.30489E+02    4.14109E-01   -6.09454E-01    2.06578E-01    1.97923E+00    2.97343E+00    2.82602E+00
    1.06308E+02    4.53179E+03    5.37529E+01    3.38921E+02    3.06497E-01   -5.48171E-01    7.74991E-02    1.83098E+00    2.73531E+00    2.15588E+00
    1.07967E+02    4.60088E+03    6.90890E+01    3.43208E+02    3.83556E-01   -5.91970E-01    1.82010E-01    1.96364E+00    2.95126E+00    2.73531E+00
    1.09645E+02    4.65527E+03    5.43878E+01    3.51929E+02    2.93998E-01   -5.37200E-01    7.35766E-02    1.83338E+00    2.73976E+00    2.15241E+00
    1.11341E+02    4.72512E+03    6.98521E+01    3.56364E+02    3.67682E-01   -5.80147E-01    1.76386E-01    1.96630E+00    2.95619E+00    2.73976E+00
    1.13057E+02    4.77939E+03    5.42743E+01    3.65384E+02    2.78206E-01   -5.22580E-01    7.15272E-02    1.83095E+00    2.73270E+00    2.15173E+00
    1.14793E+02    4.84694E+03    6.75456E+01    3.69970E+02    3.37189E-01   -5.54332E-01    1.72930E-01    1.94840E+00    2.91574E+00    2.73270E+00
    1.16547E+02    4.92606E+03    7.91180E+01    3.74609E+02    3.84665E-01   -5.89045E-01    1.94141E-01    2.02529E+00    3.06483E+00    2.91574E+00
    1.18322E+02    4.98619E+03    6.01322E+01    3.84044E+02    2.84755E-01   -5.28882E-01    7.09793E-02    1.87082E+00    2.81473E+00    2.20378E+00
    1.20117E+02    5.06281E+03    7.66194E+01    3.88841E+02    3.53414E-01   -5.69454E-01    1.70692E-01    2.00499E+00    3.03279E+00    2.81473E+00
    1.21932E+02    5.12215E+03    5.93399E+01    3.98599E+02    2.66623E-01   -5.11890E-01    6.77631E-02    1.86329E+00    2.79764E+00    2.19206E+00
    1.23768E+02    5.19561E+03    7.34647E+01    4.03561E+02    3.21559E-01   -5.42169E-01    1.66167E-01    1.98234E+00    2.98314E+00    2.79764E+00
    1.25624E+02    5.28112E+03    8.55038E+01    4.08579E+02    3.64605E-01   -5.74367E-01    1.86299E-01    2.05873E+00    3.13094E+00    2.98314E+00
    1.27501E+02    5.34512E+03    6.40058E+01    4.18786E+02    2.65910E-01   -5.11239E-01    6.74139E-02    1.89344E+00    2.85859E+00    2.23554E+00
    1.29400E+02    5.42404E+03    7.89208E+01    4.23976E+02    3.19453E-01   -5.40714E-01    1.64565E-01    2.01403E+00    3.04636E+00    2.85859E+00
    1.31320E+02    5.51576E+03    9.17160E+01    4.29225E+02    3.61730E-01   -5.72645E-01    1.83869E-01    2.09207E+00    3.19772E+00    3.04636E+00
    1.33262E+02    5.58550E+03    6.97389E+01    4.39901E+02    2.68015E-01   -5.13568E-01    6.52951E-02    1.92862E+00    2.93141E+00    2.27521E+00
    1.35225E+02    5.67382E+03    8.83211E+01    4.45329E+02    3.30763E-01   -5.52165E-01    1.60862E-01    2.06790E+00    3.15824E+00    2.93141E+00
    1.37211E+02    5.74238E+03    6.85608E+01    4.56371E+02    2.50217E-01   -4.96339E-01    6.21639E-02    1.91914E+00    2.91031E+00    2.26042E+00
    1.39219E+02    5.82682E+03    8.44422E+01    4.61986E+02    3.00338E-01   -5.25275E-01    1.56282E-01    2.04263E+00    3.10344E+00    2.91031E+00
    1.41250E+02    5.92456E+03    9.77395E+01    4.67664E+02    3.38806E-01   -5.55137E-01    1.75011E-01    2.12080E+00    3.25458E+00    3.10344E+00
    1.43304E+02    5.99777E+03    7.32081E+01    4.79214E+02    2.47338E-01   -4.93486E-01    6.17169E-02    1.94699E+00    2.96625E+00    2.30139E+00
    1.45381E+02    6.08738E+03    8.96097E+01    4.85087E+02    2.95091E-01   -5.20854E-01    1.54281E-01    2.07030E+00    3.15825E+00    2.96625E+00
    1.47482E+02    6.19052E+03    1.03139E+02    4.91026E+02    3.31067E-01   -5.49033E-01    1.72133E-01    2.14733E+00    3.30709E+00    3.15825E+00
    1.49606E+02    6.26708E+03    7.65562E+01    5.03107E+02    2.39542E-01   -4.85710E-01    6.02234E-02    1.96553E+00    3.00313E+00    2.32726E+00
    1.51754E+02    6.35972E+03    9.26398E+01    5.09249E+02    2.82570E-01   -5.09618E-01    1.51196E-01    2.08473E+00    3.18570E+00    3.00313E+00
    1.53927E+02    6.46315E+03    1.03439E+02    5.15462E+02    3.07581E-01   -5.28117E-01    1.69330E-01    2.14553E+00    3.29935E+00    3.18570E+00
    1.56124E+02    6.57880E+03    1.15650E+02    5.21744E+02    3.35263E-01   -5.51794E-01    1.75461E-01    2.20934E+00    3.42852E+00    3.29935E+00
    1.58346E+02    6.66404E+03    8.52325E+01    5.34523E+02    2.40895E-01   -4.87215E-01    5.92964E-02    2.01415E+00    3.10281E+00    2.39089E+00
    1.60593E+02    6.76774E+03    1.03699E+02    5.41021E+02    2.85757E-01   -5.13227E-01    1.49516E-01    2.14213E+00    3.30187E+00    3.10281E+00
    1.62866E+02    6.88646E+03    1.18722E+02    5.47592E+02    3.18986E-01   -5.39746E-01    1.66313E-01    2.22119E+00    3.45463E+00    3.30187E+00
    1.65164E+02    6.97457E+03    8.81094E+01    5.60958E+02    2.30833E-01   -4.77048E-01    5.70766E-02    2.02824E+00    3.13073E+00    2.40755E+00
    1.67488E+02    7.08078E+03    1.06212E+02    5.67755E+02    2.71330E-01   -5.00146E-01    1.45549E-01    2.15255E+00    3.32147E+00    3.13073E+00
    1.69838E+02    7.19893E+03    1.18154E+02    5.74628E+02    2.94335E-01   -5.17524E-01    1.62798E-01    2.21500E+00    3.43821E+00    3.32147E+00
    1.72215E+02    7.33045E+03    1.31513E+02    5.81579E+02    3.19482E-01   -5.39526E-01    1.68504E-01    2.28002E+00    3.56965E+00    3.43821E+00
    1.74619E+02    7.42685E+03    9.64028E+01    5.95718E+02    2.28385E-01   -4.74590E-01    5.61183E-02    2.07141E+00    3.21863E+00    2.46590E+00
    1.77050E+02    7.54268E+03    1.15833E+02    6.02907E+02    2.67625E-01   -4.97029E-01    1.43482E-01    2.19861E+00    3.41366E+00    3.21863E+00
    1.79508E+02    7.67123E+03    1.28545E+02    6.10178E+02    2.89653E-01   -5.13806E-01    1.60178E-01    2.26207E+00    3.53232E+00    3.41366E+00
    1.81994E+02    7.81402E+03    1.42789E+02    6.17531E+02    3.13810E-01   -5.35153E-01    1.65592E-01    2.32836E+00    3.66634E+00    3.53232E+00
    1.84509E+02    7.91878E+03    1.04766E+02    6.32487E+02    2.24572E-01   -4.70730E-01    5.46305E-02    2.11272E+00    3.30293E+00    2.51895E+00
    1.87052E+02    8.04448E+03    1.25703E+02    6.40091E+02    2.62817E-01   -4.92927E-01    1.40853E-01    2.24373E+00    3.50414E+00    3.30293E+00
    1.89623E+02    8.18382E+03    1.39335E+02    6.47782E+02    2.84157E-01   -5.09367E-01    1.57171E-01    2.30888E+00    3.62605E+00    3.50414E+00
    1.92223E+02    8.33841E+03    1.54588E+02    6.55560E+02    3.07524E-01   -5.30229E-01    1.62422E-01    2.37690E+00    3.76351E+00    3.62605E+00
    1.94853E+02    8.45202E+03    1.13616E+02    6.71380E+02    2.20477E-01   -4.66536E-01    5.31137E-02    2.15469E+00    3.38852E+00    2.57246E+00
    1.97513E+02    8.58817E+03    1.36143E+02    6.79424E+02    2.57721E-01   -4.88503E-01    1.38153E-01    2.28959E+00    3.59611E+00    3.38852E+00
    2.00203E+02    8.73891E+03    1.50738E+02    6.87560E+02    2.78371E-01   -5.04601E-01    1.54104E-01    2.35645E+00    3.72128E+00    3.59611E+00
    2.02923E+02    8.90593E+03    1.67028E+02    6.95787E+02    3.00917E-01   -5.24950E-01    1.59202E-01    2.42613E+00    3.86204E+00    3.72128E+00
    2.05673E+02    9.02884E+03    1.22910E+02    7.12521E+02    2.16032E-01   -4.61918E-01    5.16126E-02    2.19707E+00    3.47485E+00    2.62649E+00
    2.08455E+02    9.17588E+03    1.47032E+02    7.21030E+02    2.52131E-01   -4.83526E-01    1.35401E-01    2.33555E+00    3.68822E+00    3.47485E+00
    2.11269E+02    9.33839E+03    1.62512E+02    7.29636E+02    2.71894E-01   -4.99104E-01    1.50963E-01    2.40364E+00    3.81566E+00    3.68822E+00
    2.14114E+02    9.51806E+03    1.79672E+02    7.38338E+02    2.93295E-01   -5.18647E-01    1.55886E-01    2.47419E+00    3.95809E+00    3.81566E+00
    2.16991E+02    9.64989E+03    1.31829E+02    7.56040E+02    2.09971E-01   -4.55470E-01    5.01727E-02    2.23609E+00    3.55396E+00    2.67766E+00
    2.19901E+02    9.80669E+03    1.56807E+02    7.65041E+02    2.43695E-01   -4.75548E-01    1.32475E-01    2.37487E+00    3.76637E+00    3.55396E+00
    2.22843E+02    9.97817E+03    1.71470E+02    7.74144E+02    2.60027E-01   -4.88082E-01    1.47657E-01    2.43731E+00    3.88163E+00    3.76637E+00
    2.25819E+02    1.01624E+04    1.84242E+02    7.83349E+02    2.72631E-01   -4.99206E-01    1.53051E-01    2.48845E+00    3.98238E+00    3.88163E+00
    2.28829E+02    1.03637E+04    2.01287E+02    7.92659E+02    2.90652E-01   -5.16309E-01    1.55166E-01    2.55399E+00    4.11656E+00    3.98238E+00
    2.31872E+02    1.05102E+04    1.46521E+02    8.11595E+02    2.06463E-01   -4.51715E-01    4.91495E-02    2.29832E+00    3.68086E+00    2.76106E+00
    2.34950E+02    1.06837E+04    1.73479E+02    8.21224E+02    2.38550E-01   -4.70718E-01    1.30288E-01    2.44036E+00    3.89733E+00    3.68086E+00
    2.38063E+02    1.08723E+04    1.88567E+02    8.30961E+02    2.53048E-01   -4.81692E-01    1.44983E-01    2.50132E+00    4.00911E+00    3.89733E+00
    2.41211E+02    1.10728E+04    2.00506E+02    8.40809E+02    2.62591E-01   -4.89937E-01    1.50175E-01    2.54677E+00    4.09769E+00    4.00911E+00
    2.44394E+02    1.12859E+04    2.13094E+02    8.50768E+02    2.72364E-01   -4.99017E-01    1.52793E-01    2.59304E+00    4.19056E+00    4.09769E+00
    2.47614E+02    1.15174E+04    2.31527E+02    8.60839E+02    2.88813E-01   -5.14930E-01    1.53817E-01    2.65871E+00    4.32580E+00    4.19056E+00
    2.50870E+02    1.16859E+04    1.68513E+02    8.81325E+02    2.05161E-01   -4.50388E-01    4.80754E-02    2.38611E+00    3.86072E+00    2.87577E+00
    2.54162E+02    1.18854E+04    1.99520E+02    8.91741E+02    2.37085E-01   -4.69662E-01    1.28464E-01    2.53750E+00    4.09259E+00    3.86072E+00
    2.57492E+02    1.21028E+04    2.17408E+02    9.02276E+02    2.52151E-01   -4.81401E-01    1.42844E-01    2.60462E+00    4.21660E+00    4.09259E+00
    2.60859E+02    1.23358E+04    2.32934E+02    9.12929E+02    2.63691E-01   -4.91777E-01    1.47804E-01    2.65956E+00    4.32489E+00    4.21660E+00
    2.64265E+02    1.25895E+04    2.53749E+02    9.23703E+02    2.80385E-01   -5.07921E-01    1.49669E-01    2.73039E+00    4.46982E+00    4.32489E+00
    2.67709E+02    1.27747E+04    1.85193E+02    9.45618E+02    1.99743E-01   -4.44494E-01    4.65617E-02    2.44844E+00    3.98786E+00    2.95576E+00
    2.71192E+02    1.29934E+04    2.18658E+02    9.56761E+02    2.30207E-01   -4.63073E-01    1.25579E-01    2.60414E+00    4.22602E+00    3.98786E+00
    2.74714E+02    1.32305E+04    2.37142E+02    9.68030E+02    2.43712E-01   -4.73519E-01    1.39611E-01    2.67031E+00    4.34752E+00    4.22602E+00
    2.78276E+02    1.34821E+04    2.51635E+02    9.79426E+02    2.52444E-01   -4.81215E-01    1.44485E-01    2.71930E+00    4.44303E+00    4.34752E+00
    2.81878E+02    1.37490E+04    2.66820E+02    9.90952E+02    2.61304E-01   -4.89618E-01    1.46895E-01    2.76894E+00    4.54259E+00    4.44303E+00
    2.85521E+02    1.40380E+04    2.89009E+02    1.00261E+03    2.76301E-01   -5.04439E-01    1.47789E-01    2.83928E+00    4.68727E+00    4.54259E+00
    2.89205E+02    1.42482E+04    2.10243E+02    1.02631E+03    1.96221E-01   -4.40631E-01    4.54471E-02    2.53762E+00    4.17009E+00    3.07332E+00
    2.92931E+02    1.44957E+04    2.47461E+02    1.03837E+03    2.25471E-01   -4.58540E-01    1.23337E-01    2.69987E+00    4.41789E+00    4.17009E+00
    2.96699E+02    1.47631E+04    2.67410E+02    1.05056E+03    2.37865E-01   -4.68090E-01    1.36957E-01    2.76685E+00    4.54047E+00    4.41789E+00
    3.00509E+02    1.50454E+04    2.82279E+02    1.06289E+03    2.45137E-01   -4.74430E-01    1.41609E-01    2.81406E+00    4.63202E+00    4.54047E+00
    3.04363E+02    1.53417E+04    2.96384E+02    1.07536E+03    2.51288E-01   -4.80178E-01    1.43935E-01    2.85743E+00    4.71820E+00    4.63202E+00
    3.08260E+02    1.56543E+04    3.12571E+02    1.08797E+03    2.58738E-01   -4.87456E-01    1.45344E-01    2.90599E+00    4.81631E+00    4.71820E+00
    3.12201E+02    1.59917E+04    3.37369E+02    1.10072E+03    2.72659E-01   -5.01412E-01    1.45756E-01    2.97842E+00    4.96564E+00    4.81631E+00
    3.16187E+02    1.62370E+04    2.45280E+02    1.12666E+03    1.93547E-01   -4.37699E-01    4.43482E-02    2.65397E+00    4.40828E+00    3.22588E+00
    3.20217E+02    1.65252E+04    2.88204E+02    1.13985E+03    2.22047E-01   -4.55344E-01    1.21281E-01    2.82658E+00    4.67223E+00    4.40828E+00
    3.24294E+02    1.68362E+04    3.11029E+02    1.15318E+03    2.33976E-01   -4.64615E-01    1.34569E-01    2.89740E+00    4.80192E+00    4.67223E+00
    3.28416E+02    1.71642E+04    3.27975E+02    1.16667E+03    2.40905E-01   -4.70710E-01    1.39056E-01    2.94719E+00    4.89849E+00    4.80192E+00
    3.32585E+02    1.75082E+04    3.44026E+02    1.18031E+03    2.46739E-01   -4.76215E-01    1.41273E-01    2.99289E+00    4.98932E+00    4.89849E+00
    3.36801E+02    1.78706E+04    3.62444E+02    1.19411E+03    2.53826E-01   -4.83210E-01    1.42601E-01    3.04408E+00    5.09272E+00    4.98932E+00
    3.41064E+02    1.82613E+04    3.90692E+02    1.20806E+03    2.67169E-01   -4.96721E-01    1.42961E-01    3.12053E+00    5.25025E+00    5.09272E+00
    3.45376E+02    1.85456E+04    2.84278E+02    1.23644E+03    1.89828E-01   -4.33552E-01    4.31276E-02    2.77403E+00    4.65392E+00    3.38251E+00
    3.49737E+02    1.88790E+04    3.33377E+02    1.25087E+03    2.17382E-01   -4.50818E-01    1.18935E-01    2.95692E+00    4.93376E+00    4.65392E+00
    3.54147E+02    1.92380E+04    3.59012E+02    1.26546E+03    2.28599E-01   -4.59571E-01    1.31886E-01    3.03071E+00    5.06870E+00    4.93376E+00
    3.58606E+02    1.96155E+04    3.77494E+02    1.28022E+03    2.34726E-01   -4.64946E-01    1.36203E-01    3.08115E+00    5.16628E+00    5.06870E+00
    3.63116E+02    2.00096E+04    3.94138E+02    1.29514E+03    2.39327E-01   -4.69253E-01    1.38308E-01    3.12520E+00    5.25343E+00    5.16628E+00
    3.67677E+02    2.04210E+04    4.11399E+02    1.31023E+03    2.43953E-01   -4.73774E-01    1.39610E-01    3.16986E+00    5.34287E+00    5.25343E+00
    3.72290E+02    2.08532E+04    4.32131E+02    1.32550E+03    2.50244E-01   -4.80109E-01    1.40494E-01    3.22240E+00    5.44936E+00    5.34287E+00
    3.76954E+02    2.13179E+04    4.64747E+02    1.34093E+03    2.62831E-01   -4.93009E-01    1.40618E-01    3.30305E+00    5.61568E+00    5.44936E+00
    3.81672E+02    2.16562E+04    3.38331E+02    1.37233E+03    1.86862E-01   -4.30229E-01    4.20105E-02    2.92778E+00    4.96872E+00    3.58357E+00
    3.86442E+02    2.20524E+04    3.96172E+02    1.38830E+03    2.13692E-01   -4.47265E-01    1.16818E-01    3.12455E+00    5.27028E+00    4.96872E+00
    3.91267E+02    2.24786E+04    4.26149E+02    1.40444E+03    2.24490E-01   -4.55775E-01    1.29456E-01    3.20350E+00    5.41477E+00    5.27028E+00
    3.96146E+02    2.29262E+04    4.47667E+02    1.42077E+03    2.30319E-01   -4.60937E-01    1.33626E-01    3.25730E+00    5.51888E+00    5.41477E+00
    4.01080E+02    2.33932E+04    4.66996E+02    1.43728E+03    2.34656E-01   -4.65036E-01    1.35637E-01    3.30422E+00    5.61169E+00    5.51888E+00
    4.06070E+02    2.38802E+04    4.87008E+02    1.45398E+03    2.39003E-01   -4.69331E-01    1.36865E-01    3.35171E+00    5.70681E+00    5.61169E+00
    4.11116E+02    2.43913E+04    5.11027E+02    1.47087E+03    2.44945E-01   -4.75381E-01    1.37687E-01    3.40758E+00    5.82000E+00    5.70681E+00
    4.16220E+02    2.49401E+04    5.48855E+02    1.48795E+03    2.56947E-01   -4.87819E-01    1.37767E-01    3.49342E+00    5.99693E+00    5.82000E+00
    4.21381E+02    2.53399E+04    3.99771E+02    1.52269E+03    1.82795E-01   -4.25594E-01    4.08112E-02    3.08830E+00    5.29715E+00    3.79318E+00
    4.26600E+02    2.58070E+04    4.67141E+02    1.54035E+03    2.08629E-01   -4.42197E-01    1.14418E-01    3.29864E+00    5.61959E+00    5.29715E+00
    4.31879E+02    2.63084E+04    5.01352E+02    1.55821E+03    2.18701E-01   -4.50163E-01    1.26706E-01    3.38145E+00    5.77092E+00    5.61959E+00
    4.37217E+02    2.68336E+04    5.25177E+02    1.57628E+03    2.23768E-01   -4.54629E-01    1.30692E-01    3.43627E+00    5.87671E+00    5.77092E+00
    4.42615E+02    2.73792E+04    5.45612E+02    1.59455E+03    2.27074E-01   -4.57714E-01    1.32559E-01    3.48196E+00    5.96672E+00    5.87671E+00
    4.48074E+02    2.79443E+04    5.65179E+02    1.61303E+03    2.29755E-01   -4.60315E-01    1.33661E-01    3.52477E+00    6.05189E+00    5.96672E+00
    4.53595E+02    2.85297E+04    5.85351E+02    1.63171E+03    2.32433E-01   -4.62991E-01    1.34432E-01    3.56811E+00    6.13864E+00    6.05189E+00
    4.59179E+02    2.91375E+04    6.07773E+02    1.65061E+03    2.35738E-01   -4.66372E-01    1.35037E-01    3.61548E+00    6.23404E+00    6.13864E+00
    4.64825E+02    2.97733E+04    6.35801E+02    1.66972E+03    2.40891E-01   -4.71733E-01    1.35496E-01    3.67369E+00    6.35229E+00    6.23404E+00
    4.70535E+02    3.04544E+04    6.81118E+02    1.68904E+03    2.52080E-01   -4.83486E-01    1.35357E-01    3.76567E+00    6.54203E+00    6.35229E+00
    4.76310E+02    3.09503E+04    4.95952E+02    1.72835E+03    1.79299E-01   -4.21571E-01    3.97123E-02    3.31667E+00    5.76484E+00    4.09280E+00
    4.82150E+02    3.15288E+04    5.78429E+02    1.74834E+03    2.04276E-01   -4.37819E-01    1.12206E-01    3.54711E+00    6.11837E+00    5.76484E+00
    4.88056E+02    3.21485E+04    6.19767E+02    1.76855E+03    2.13810E-01   -4.45417E-01    1.24152E-01    3.63680E+00    6.28224E+00    6.11837E+00
    4.94029E+02    3.27967E+04    6.48194E+02    1.78899E+03    2.18444E-01   -4.49521E-01    1.27966E-01    3.69553E+00    6.39552E+00    6.28224E+00
    5.00069E+02    3.34690E+04    6.72252E+02    1.80967E+03    2.21315E-01   -4.52205E-01    1.29713E-01    3.74387E+00    6.49067E+00    6.39552E+00
    5.06178E+02    3.41639E+04    6.94880E+02    1.83057E+03    2.23478E-01   -4.54305E-01    1.30712E-01    3.78840E+00    6.57913E+00    6.49067E+00
    5.12356E+02    3.48814E+04    7.17566E+02    1.85172E+03    2.25444E-01   -4.56270E-01    1.31385E-01    3.83226E+00    6.66674E+00    6.57913E+00
    5.18603E+02    3.56230E+04    7.41545E+02    1.87310E+03    2.27600E-01   -4.58477E-01    1.31902E-01    3.87789E+00    6.75827E+00    6.66674E+00
    5.24921E+02    3.63916E+04    7.68603E+02    1.89472E+03    2.30461E-01   -4.61462E-01    1.32338E-01    3.92860E+00    6.86048E+00    6.75827E+00
    5.31310E+02    3.71944E+04    8.02784E+02    1.91659E+03    2.35158E-01   -4.66429E-01    1.32672E-01    3.99162E+00    6.98855E+00    6.86048E+00
    5.37772E+02    3.80529E+04    8.58563E+02    1.93871E+03    2.45699E-01   -4.77657E-01    1.32448E-01    4.09215E+00    7.19591E+00    6.98855E+00
    5.44306E+02    3.86784E+04    6.25448E+02    1.98369E+03    1.74862E-01   -4.16388E-01    3.85124E-02    3.59152E+00    6.32774E+00    4.45286E+00
    5.50915E+02    3.94065E+04    7.28154E+02    2.00656E+03    1.98887E-01   -4.32262E-01    1.09714E-01    3.84624E+00    6.71886E+00    6.32774E+00
    5.57598E+02    4.01855E+04    7.78932E+02    2.02970E+03    2.07858E-01   -4.39481E-01    1.21304E-01    3.94422E+00    6.89781E+00    6.71886E+00
    5.64357E+02    4.09988E+04    8.13346E+02    2.05309E+03    2.12046E-01   -4.43209E-01    1.24948E-01    4.00753E+00    7.01984E+00    6.89781E+00
    5.71192E+02    4.18408E+04    8.42009E+02    2.07675E+03    2.14469E-01   -4.45475E-01    1.26573E-01    4.05887E+00    7.12080E+00    7.01984E+00
    5.78104E+02    4.27092E+04    8.68434E+02    2.10067E+03    2.16112E-01   -4.47063E-01    1.27465E-01    4.10527E+00    7.21283E+00    7.12080E+00
    5.85094E+02    4.36034E+04    8.94184E+02    2.12487E+03    2.17405E-01   -4.48345E-01    1.28030E-01    4.14972E+00    7.30141E+00    7.21283E+00
    5.92163E+02    4.45236E+04    9.20208E+02    2.14934E+03    2.18591E-01   -4.49552E-01    1.28432E-01    4.19396E+00    7.38985E+00    7.30141E+00
    5.99313E+02    4.54710E+04    9.47349E+02    2.17408E+03    2.19870E-01   -4.50880E-01    1.28752E-01    4.23946E+00    7.48100E+00    7.38985E+00
    6.06543E+02    4.64477E+04    9.76724E+02    2.19911E+03    2.21482E-01   -4.52584E-01    1.29034E-01    4.28802E+00    7.57858E+00    7.48100E+00
    6.13854E+02    4.74581E+04    1.01039E+03    2.22441E+03    2.23859E-01   -4.55127E-01    1.29298E-01    4.34291E+00    7.68935E+00    7.57858E+00
    6.21249E+02    4.85116E+04    1.05345E+03    2.25001E+03    2.28044E-01   -4.59646E-01    1.29499E-01    4.41204E+00    7.82990E+00    7.68935E+00
    6.28727E+02    4.96361E+04    1.12455E+03    2.27589E+03    2.37851E-01   -4.70279E-01    1.29183E-01    4.52364E+00    8.06009E+00    7.82990E+00
    6.36289E+02    5.04554E+04    8.19327E+02    2.32854E+03    1.69321E-01   -4.09799E-01    3.72246E-02    3.95426E+00    7.07072E+00    4.92862E+00
    6.43937E+02    5.14075E+04    9.52089E+02    2.35531E+03    1.92248E-01   -4.25231E-01    1.06898E-01    4.24101E+00    7.51137E+00    7.07072E+00
    6.51671E+02    5.24243E+04    1.01681E+03    2.38238E+03    2.00614E-01   -4.32051E-01    1.18094E-01    4.34996E+00    7.71032E+00    7.51137E+00
    6.59493E+02    5.34844E+04    1.06009E+03    2.40976E+03    2.04363E-01   -4.35417E-01    1.21553E-01    4.41954E+00    7.84436E+00    7.71032E+00
    6.67403E+02    5.45801E+04    1.09570E+03    2.43745E+03    2.06391E-01   -4.37321E-01    1.23053E-01    4.47534E+00    7.95400E+00    7.84436E+00
    6.75402E+02    5.57082E+04    1.12811E+03    2.46545E+03    2.07633E-01   -4.38518E-01    1.23838E-01    4.52517E+00    8.05277E+00    7.95400E+00
    6.83492E+02    5.68675E+04    1.15923E+03    2.49376E+03    2.08480E-01   -4.39351E-01    1.24300E-01    4.57225E+00    8.14648E+00    8.05277E+00
    6.91673E+02    5.80575E+04    1.19006E+03    2.52240E+03    2.09131E-01   -4.40007E-01    1.24597E-01    4.61823E+00    8.23825E+00    8.14648E+00
    6.99947E+02    5.92788E+04    1.22131E+03    2.55136E+03    2.09716E-01   -4.40613E-01    1.24804E-01    4.66421E+00    8.33017E+00    8.23825E+00
    7.08314E+02    6.05325E+04    1.25362E+03    2.58065E+03    2.10344E-01   -4.41280E-01    1.24963E-01    4.71113E+00    8.42414E+00    8.33017E+00
    7.16776E+02    6.18203E+04    1.28780E+03    2.61027E+03    2.11141E-01   -4.42144E-01    1.25101E-01    4.76014E+00    8.52246E+00    8.42414E+00
    7.25333E+02    6.31454E+04    1.32515E+03    2.64022E+03    2.12304E-01   -4.43418E-01    1.25237E-01    4.81305E+00    8.62884E+00    8.52246E+00
    7.33987E+02    6.45137E+04    1.36833E+03    2.67052E+03    2.14215E-01   -4.45529E-01    1.25374E-01    4.87340E+00    8.75068E+00    8.62884E+00
    7.42739E+02    6.59378E+04    1.42403E+03    2.70115E+03    2.17848E-01   -4.49563E-01    1.25463E-01    4.95013E+00    8.90673E+00    8.75068E+00
    7.51590E+02    6.74548E+04    1.51705E+03    2.73213E+03    2.26781E-01   -4.59500E-01    1.25063E-01    5.07546E+00    9.16521E+00    8.90673E+00
    7.60540E+02    6.85597E+04    1.10485E+03    2.79515E+03    1.61394E-01   -4.00148E-01    3.57169E-02    4.41726E+00    8.01901E+00    5.53630E+00
    7.69592E+02    6.98408E+04    1.28112E+03    2.82719E+03    1.82877E-01   -4.14964E-01    1.03354E-01    4.74423E+00    8.52153E+00    8.01901E+00
    7.78746E+02    7.12063E+04    1.36555E+03    2.85960E+03    1.90484E-01   -4.21275E-01    1.14068E-01    4.86647E+00    8.74456E+00    8.52153E+00
    7.88004E+02    7.26273E+04    1.42100E+03    2.89237E+03    1.93703E-01   -4.24196E-01    1.17305E-01    4.94330E+00    8.89240E+00    8.74456E+00
    7.97366E+02    7.40933E+04    1.46591E+03    2.92551E+03    1.95272E-01   -4.25668E-01    1.18652E-01    5.00403E+00    9.01161E+00    8.89240E+00
    8.06834E+02    7.55995E+04    1.50620E+03    2.95902E+03    1.96068E-01   -4.26420E-01    1.19309E-01    5.05753E+00    9.11756E+00    9.01161E+00
    8.16409E+02    7.71438E+04    1.54431E+03    2.99292E+03    1.96451E-01   -4.26773E-01    1.19650E-01    5.10737E+00    9.21667E+00    9.11756E+00
    8.26092E+02    7.87252E+04    1.58142E+03    3.02720E+03    1.96593E-01   -4.26890E-01    1.19824E-01    5.15527E+00    9.31215E+00    9.21667E+00
    8.35885E+02    8.03434E+04    1.61824E+03    3.06186E+03    1.96592E-01   -4.26867E-01    1.19902E-01    5.20219E+00    9.40582E+00    9.31215E+00
    8.45788E+02    8.19987E+04    1.65522E+03    3.09692E+03    1.96509E-01   -4.26765E-01    1.19920E-01    5.24876E+00    9.49887E+00    9.40582E+00
    8.55803E+02    8.36914E+04    1.69273E+03    3.13237E+03    1.96392E-01   -4.26632E-01    1.19903E-01    5.29546E+00    9.59226E+00    9.49887E+00
    8.65932E+02    8.54225E+04    1.73113E+03    3.16823E+03    1.96280E-01   -4.26512E-01    1.19864E-01    5.34274E+00    9.68687E+00    9.59226E+00
    8.76174E+02    8.71934E+04    1.77085E+03    3.20448E+03    1.96218E-01   -4.26454E-01    1.19814E-01    5.39109E+00    9.78371E+00    9.68687E+00
    8.86533E+02    8.90058E+04    1.81247E+03    3.24115E+03    1.96266E-01   -4.26523E-01    1.19764E-01    5.44122E+00    9.88420E+00    9.78371E+00
    8.97009E+02    9.08628E+04    1.85694E+03    3.27824E+03    1.96512E-01   -4.26824E-01    1.19722E-01    5.49419E+00    9.99055E+00    9.88420E+00
    9.07603E+02    9.27688E+04    1.90598E+03    3.31574E+03    1.97120E-01   -4.27543E-01    1.19694E-01    5.55196E+00    1.01068E+01    9.99055E+00
    9.18316E+02    9.47320E+04    1.96321E+03    3.35366E+03    1.98428E-01   -4.29074E-01    1.19679E-01    5.61859E+00    1.02414E+01    1.01068E+01
    9.29151E+02    9.67700E+04    2.03802E+03    3.39202E+03    2.01313E-01   -4.32438E-01    1.19626E-01    5.70450E+00    1.04162E+01    1.02414E+01
    9.40108E+02    9.89352E+04    2.16522E+03    3.43080E+03    2.09022E-01   -4.41399E-01    1.19119E-01    5.84748E+00    1.07111E+01    1.04162E+01
    9.51189E+02    1.00509E+05    1.57407E+03    3.50970E+03    1.48507E-01   -3.83888E-01    3.37136E-02    5.06227E+00    9.34004E+00    6.38472E+00
    9.62395E+02    1.02330E+05    1.82028E+03    3.54982E+03    1.67839E-01   -3.97736E-01    9.82123E-02    5.44404E+00    9.92619E+00    9.34004E+00
    9.73728E+02    1.04265E+05    1.93532E+03    3.59039E+03    1.74399E-01   -4.03337E-01    1.08250E-01    5.58349E+00    1.01801E+01    9.92619E+00
    9.85189E+02    1.06274E+05    2.00903E+03    3.63142E+03    1.76936E-01   -4.05676E-01    1.11188E-01    5.66915E+00    1.03447E+01    1.01801E+01
    9.96779E+02    1.08341E+05    2.06751E+03    3.67291E+03    1.77958E-01   -4.06618E-01    1.12337E-01    5.73559E+00    1.04749E+01    1.03447E+01
    1.00850E+03    1.10461E+05    2.11912E+03    3.71487E+03    1.78265E-01   -4.06859E-01    1.12832E-01    5.79324E+00    1.05890E+01    1.04749E+01
    1.02035E+03    1.12628E+05    2.16724E+03    3.75731E+03    1.78182E-01   -4.06703E-01    1.13025E-01    5.84626E+00    1.06943E+01    1.05890E+01
    1.03234E+03    1.14841E+05    2.21352E+03    3.80022E+03    1.77864E-01   -4.06302E-01    1.13058E-01    5.89663E+00    1.07947E+01    1.06943E+01
    1.04447E+03    1.17100E+05    2.25884E+03    3.84362E+03    1.77394E-01   -4.05741E-01    1.12996E-01    5.94540E+00    1.08919E+01    1.07947E+01
    1.05673E+03    1.19404E+05    2.30374E+03    3.88751E+03    1.76823E-01   -4.05072E-01    1.12873E-01    5.99321E+00    1.09874E+01    1.08919E+01
    1.06912E+03    1.21752E+05    2.34860E+03    3.93190E+03    1.76185E-01   -4.04328E-01    1.12709E-01    6.04049E+00    1.10818E+01    1.09874E+01
    1.08166E+03    1.24146E+05    2.39368E+03    3.97679E+03    1.75502E-01   -4.03537E-01    1.12518E-01    6.08754E+00    1.11759E+01    1.10818E+01
    1.09434E+03    1.26585E+05    2.43923E+03    4.02218E+03    1.74794E-01   -4.02718E-01    1.12307E-01    6.13462E+00    1.12700E+01    1.11759E+01
    1.10717E+03    1.29071E+05    2.48548E+03    4.06809E+03    1.74078E-01   -4.01890E-01    1.12082E-01    6.18197E+00    1.13647E+01    1.12700E+01
    1.12014E+03    1.31604E+05    2.53269E+03    4.11452E+03    1.73372E-01   -4.01076E-01    1.11850E-01    6.22987E+00    1.14606E+01    1.13647E+01
    1.13325E+03    1.34185E+05    2.58123E+03    4.16147E+03    1.72698E-01   -4.00301E-01    1.11614E-01    6.27865E+00    1.15582E+01    1.14606E+01
    1.14652E+03    1.36816E+05    2.63156E+03    4.20895E+03    1.72085E-01   -3.99599E-01    1.11379E-01    6.32878E+00    1.16586E+01    1.15582E+01
    1.15993E+03    1.39501E+05    2.68447E+03    4.25697E+03    1.71576E-01   -3.99025E-01    1.11150E-01    6.38099E+00    1.17633E+01    1.16586E+01
    1.17349E+03    1.42242E+05    2.74123E+03    4.30553E+03    1.71243E-01   -3.98669E-01    1.10932E-01    6.43649E+00    1.18748E+01    1.17633E+01
    1.18721E+03    1.45046E+05    2.80426E+03    4.35464E+03    1.71222E-01   -3.98698E-01    1.10731E-01    6.49754E+00    1.19977E+01    1.18748E+01
    1.20109E+03    1.47925E+05    2.87871E+03    4.40431E+03    1.71795E-01   -3.99469E-01    1.10543E-01    6.56891E+00    1.21420E+01    1.19977E+01
    1.21512E+03    1.50903E+05    2.97796E+03    4.45454E+03    1.73704E-01   -4.01912E-01    1.10320E-01    6.66292E+00    1.23334E+01    1.21420E+01
    1.22930E+03    1.54055E+05    3.15181E+03    4.50533E+03    1.79692E-01   -4.09465E-01    1.09685E-01    6.82434E+00    1.26667E+01    1.23334E+01
    1.24365E+03    1.56337E+05    2.28197E+03    4.60865E+03    1.27162E-01   -3.55269E-01    3.07651E-02    5.87266E+00    1.09990E+01    7.45300E+00
    1.25816E+03    1.58966E+05    2.62913E+03    4.66118E+03    1.43200E-01   -3.67540E-01    9.00804E-02    6.31948E+00    1.16828E+01    1.09990E+01
    1.27284E+03    1.61751E+05    2.78513E+03    4.71431E+03    1.48272E-01   -3.72091E-01    9.90997E-02    6.47658E+00    1.19677E+01    1.16828E+01
    1.28768E+03    1.64632E+05    2.88089E+03    4.76804E+03    1.49909E-01   -3.73610E-01    1.01610E-01    6.56925E+00    1.21451E+01    1.19677E+01
    1.30269E+03    1.67586E+05    2.95413E+03    4.82238E+03    1.50251E-01   -3.73829E-01    1.02484E-01    6.63866E+00    1.22808E+01    1.21451E+01
    1.31787E+03    1.70603E+05    3.01686E+03    4.87733E+03    1.49979E-01   -3.73390E-01    1.02759E-01    6.69724E+00    1.23964E+01    1.22808E+01
    1.33322E+03    1.73677E+05    3.07393E+03    4.93290E+03    1.49369E-01   -3.72573E-01    1.02757E-01    6.74988E+00    1.25009E+01    1.23964E+01
    1.34874E+03    1.76804E+05    3.12765E+03    4.98910E+03    1.48552E-01   -3.71516E-01    1.02606E-01    6.79892E+00    1.25984E+01    1.25009E+01
    1.36444E+03    1.79984E+05    3.17926E+03    5.04593E+03    1.47598E-01   -3.70296E-01    1.02365E-01    6.84556E+00    1.26913E+01    1.25984E+01
    1.38031E+03    1.83213E+05    3.22944E+03    5.10341E+03    1.46547E-01   -3.68958E-01    1.02065E-01    6.89052E+00    1.27810E+01    1.26913E+01
    1.39637E+03    1.86492E+05    3.27864E+03    5.16154E+03    1.45426E-01   -3.67530E-01    1.01724E-01    6.93424E+00    1.28682E+01    1.27810E+01
    1.41261E+03    1.89819E+05    3.32714E+03    5.22032E+03    1.44251E-01   -3.66031E-01    1.01352E-01    6.97698E+00    1.29535E+01    1.28682E+01
    1.42903E+03    1.93194E+05    3.37513E+03    5.27977E+03    1.43034E-01   -3.64474E-01    1.00957E-01    7.01894E+00    1.30373E+01    1.29535E+01
    1.44563E+03    1.96617E+05    3.42274E+03    5.33989E+03    1.41783E-01   -3.62869E-01    1.00544E-01    7.06026E+00    1.31198E+01    1.30373E+01
    1.46243E+03    2.00087E+05    3.47005E+03    5.40068E+03    1.40505E-01   -3.61223E-01    1.00114E-01    7.10104E+00    1.32013E+01    1.31198E+01
    1.47941E+03    2.03604E+05    3.51716E+03    5.46217E+03    1.39204E-01   -3.59541E-01    9.96725E-02    7.14134E+00    1.32818E+01    1.32013E+01
    1.49658E+03    2.07168E+05    3.56411E+03    5.52435E+03    1.37885E-01   -3.57828E-01    9.92194E-02    7.18123E+00    1.33615E+01    1.32818E+01
    1.51395E+03    2.10779E+05    3.61096E+03    5.58723E+03    1.36552E-01   -3.56089E-01    9.87567E-02    7.22076E+00    1.34405E+01    1.33615E+01
    1.53152E+03    2.14437E+05    3.65777E+03    5.65083E+03    1.35208E-01   -3.54327E-01    9.82855E-02    7.26000E+00    1.35189E+01    1.34405E+01
    1.54928E+03    2.18141E+05    3.70459E+03    5.71514E+03    1.33856E-01   -3.52548E-01    9.78071E-02    7.29898E+00    1.35968E+01    1.35189E+01
    1.56725E+03    2.21893E+05    3.75150E+03    5.78018E+03    1.32500E-01   -3.50754E-01    9.73223E-02    7.33779E+00    1.36744E+01    1.35968E+01
    1.58541E+03    2.25692E+05    3.79858E+03    5.84595E+03    1.31144E-01   -3.48951E-01    9.68323E-02    7.37650E+00    1.37517E+01    1.36744E+01
    1.60379E+03    2.29538E+05    3.84598E+03    5.91247E+03    1.29792E-01   -3.47147E-01    9.63382E-02    7.41522E+00    1.38292E+01    1.37517E+01
    1.62237E+03    2.33431E+05    3.89386E+03    5.97974E+03    1.28451E-01   -3.45349E-01    9.58411E-02    7.45410E+00    1.39069E+01    1.38292E+01
    1.64116E+03    2.37374E+05    3.94248E+03    6.04777E+03    1.27130E-01   -3.43569E-01    9.53427E-02    7.49335E+00    1.39855E+01    1.39069E+01
    1.66016E+03    2.41366E+05    3.99226E+03    6.11656E+03    1.25839E-01   -3.41824E-01    9.48447E-02    7.53329E+00    1.40654E+01    1.39855E+01
    1.67938E+03    2.45410E+05    4.04380E+03    6.18614E+03    1.24597E-01   -3.40141E-01    9.43495E-02    7.57441E+00    1.41478E+01    1.40654E+01
    1.69881E+03    2.49508E+05    4.09812E+03    6.25650E+03    1.23432E-01   -3.38559E-01    9.38600E-02    7.61751E+00    1.42343E+01    1.41478E+01
    1.71847E+03    2.53665E+05    4.15701E+03    6.32766E+03    1.22391E-01   -3.37151E-01    9.33798E-02    7.66397E+00    1.43277E+01    1.42343E+01
    1.73834E+03    2.57889E+05    4.22386E+03    6.39962E+03    1.21563E-01   -3.36051E-01    9.29119E-02    7.71642E+00    1.44335E+01    1.43277E+01
    1.75845E+03    2.62195E+05    4.30599E+03    6.47239E+03    1.21141E-01   -3.35550E-01    9.24534E-02    7.78048E+00    1.45633E+01    1.44335E+01
    1.77877E+03    2.66617E+05    4.42261E+03    6.54598E+03    1.21626E-01   -3.36405E-01    9.19646E-02    7.87070E+00    1.47476E+01    1.45633E+01
    1.79933E+03    2.71263E+05    4.64524E+03    6.62041E+03    1.24878E-01   -3.41426E-01    9.11391E-02    8.04017E+00    1.50986E+01    1.47476E+01
    1.82012E+03    2.74586E+05    3.32315E+03    6.77180E+03    8.73287E-02   -2.94427E-01    2.53306E-02    6.85729E+00    1.30129E+01    8.76389E+00
    1.84115E+03    2.78387E+05    3.80134E+03    6.84878E+03    9.76509E-02   -3.03569E-01    7.41390E-02    7.36950E+00    1.37879E+01    1.30129E+01
    1.86241E+03    2.82384E+05    3.99691E+03    6.92663E+03    1.00368E-01   -3.06213E-01    8.12518E-02    7.53325E+00    1.40808E+01    1.37879E+01
    1.88391E+03    2.86487E+05    4.10313E+03    7.00536E+03    1.00722E-01   -3.06320E-01    8.30040E-02    7.61899E+00    1.42428E+01    1.40808E+01
    1.90566E+03    2.90662E+05    4.17507E+03    7.08497E+03    1.00186E-01   -3.05334E-01    8.34102E-02    7.67602E+00    1.43531E+01    1.42428E+01
    1.92765E+03    2.94893E+05    4.23021E+03    7.16549E+03    9.92297E-02   -3.03788E-01    8.33218E-02    7.71916E+00    1.44375E+01    1.43531E+01
    1.94989E+03    2.99168E+05    4.27557E+03    7.24692E+03    9.80418E-02   -3.01914E-01    8.30029E-02    7.75429E+00    1.45067E+01    1.44375E+01
    1.97238E+03    3.03483E+05    4.31445E+03    7.32927E+03    9.67124E-02   -2.99828E-01    8.25580E-02    7.78413E+00    1.45656E+01    1.45067E+01
    1.99513E+03    3.07831E+05    4.34859E+03    7.41255E+03    9.52896E-02   -2.97590E-01    8.20357E-02    7.81013E+00    1.46170E+01    1.45656E+01
    2.01813E+03    3.12210E+05    4.37896E+03    7.49677E+03    9.38014E-02   -2.95238E-01    8.14611E-02    7.83308E+00    1.46625E+01    1.46170E+01
    2.04139E+03    3.16616E+05    4.40613E+03    7.58194E+03    9.22654E-02   -2.92795E-01    8.08487E-02    7.85347E+00    1.47029E+01    1.46625E+01
    2.06492E+03    3.21047E+05    4.43046E+03    7.66807E+03    9.06930E-02   -2.90275E-01    8.02070E-02    7.87158E+00    1.47388E+01    1.47029E+01
    2.08871E+03    3.25499E+05    4.45214E+03    7.75518E+03    8.90920E-02   -2.87689E-01    7.95417E-02    7.88761E+00    1.47706E+01    1.47388E+01
    2.11277E+03    3.29970E+05    4.47130E+03    7.84327E+03    8.74681E-02   -2.85044E-01    7.88562E-02    7.90165E+00    1.47984E+01    1.47706E+01
    2.13710E+03    3.34458E+05    4.48800E+03    7.93236E+03    8.58254E-02   -2.82343E-01    7.81531E-02    7.91377E+00    1.48224E+01    1.47984E+01
    2.16171E+03    3.38960E+05    4.50227E+03    8.02245E+03    8.41670E-02   -2.79591E-01    7.74341E-02    7.92400E+00    1.48425E+01    1.48224E+01
    2.18659E+03    3.43474E+05    4.51409E+03    8.11356E+03    8.24954E-02   -2.76790E-01    7.67004E-02    7.93235E+00    1.48590E+01    1.48425E+01
    2.21176E+03    3.47998E+05    4.52344E+03    8.20570E+03    8.08125E-02   -2.73941E-01    7.59529E-02    7.93879E+00    1.48716E+01    1.48590E+01
    2.23721E+03    3.52528E+05    4.53028E+03    8.29888E+03    7.91200E-02   -2.71046E-01    7.51922E-02    7.94331E+00    1.48804E+01    1.48716E+01
    2.26295E+03    3.57063E+05    4.53456E+03    8.39312E+03    7.74191E-02   -2.68106E-01    7.44187E-02    7.94587E+00    1.48852E+01    1.48804E+01
    2.28898E+03    3.61599E+05    4.53621E+03    8.48842E+03    7.57111E-02   -2.65121E-01    7.36328E-02    7.94643E+00    1.48861E+01    1.48852E+01
    2.31530E+03    3.66134E+05    4.53517E+03    8.58480E+03    7.39970E-02   -2.62092E-01    7.28346E-02    7.94493E+00    1.48828E+01    1.48861E+01
    2.34192E+03    3.70666E+05    4.53136E+03    8.68226E+03    7.22776E-02   -2.59018E-01    7.20242E-02    7.94132E+00    1.48753E+01    1.48828E+01
    2.36884E+03    3.75190E+05    4.52470E+03    8.78083E+03    7.05540E-02   -2.55899E-01    7.12018E-02    7.93553E+00    1.48634E+01    1.48753E+01
    2.39607E+03    3.79705E+05    4.51511E+03    8.88051E+03    6.88267E-02   -2.52735E-01    7.03673E-02    7.92750E+00    1.48471E+01    1.48634E+01
    2.42360E+03    3.84208E+05    4.50251E+03    8.98132E+03    6.70966E-02   -2.49527E-01    6.95207E-02    7.91715E+00    1.48261E+01    1.48471E+01
    2.45145E+03    3.88695E+05    4.48680E+03    9.08326E+03    6.53645E-02   -2.46272E-01    6.86619E-02    7.90442E+00    1.48003E+01    1.48261E+01
    2.47961E+03    3.93163E+05    4.46789E+03    9.18636E+03    6.36309E-02   -2.42972E-01    6.77909E-02    7.88921E+00    1.47695E+01    1.48003E+01
    2.50808E+03    3.97608E+05    4.44571E+03    9.29063E+03    6.18966E-02   -2.39625E-01    6.69075E-02    7.87144E+00    1.47336E+01    1.47695E+01
    2.53688E+03    4.02028E+05    4.42015E+03    9.39607E+03    6.01623E-02   -2.36230E-01    6.60117E-02    7.85103E+00    1.46925E+01    1.47336E+01
    2.56601E+03    4.06420E+05    4.39113E+03    9.50270E+03    5.84288E-02   -2.32788E-01    6.51032E-02    7.82788E+00    1.46458E+01    1.46925E+01
    2.59546E+03    4.10778E+05    4.35857E+03    9.61054E+03    5.66966E-02   -2.29297E-01    6.41818E-02    7.80189E+00    1.45935E+01    1.46458E+01
    2.62525E+03    4.15100E+05    4.32236E+03    9.71960E+03    5.49665E-02   -2.25757E-01    6.32475E-02    7.77298E+00    1.45353E+01    1.45935E+01
    2.65537E+03    4.19383E+05    4.28243E+03    9.82989E+03    5.32394E-02   -2.22167E-01    6.23000E-02    7.74102E+00    1.44710E+01    1.45353E+01
    2.68583E+03    4.23622E+05    4.23870E+03    9.94142E+03    5.15159E-02   -2.18526E-01    6.13391E-02    7.70593E+00    1.44004E+01    1.44710E+01
    2.71664E+03    4.27813E+05    4.19110E+03    1.00542E+04    4.97970E-02   -2.14833E-01    6.03646E-02    7.66759E+00    1.43233E+01    1.44004E+01
    2.74780E+03    4.31952E+05    4.13954E+03    1.01683E+04    4.80834E-02   -2.11087E-01    5.93762E-02    7.62588E+00    1.42394E+01    1.43233E+01
    2.77931E+03    4.36036E+05    4.08398E+03    1.02836E+04    4.63762E-02   -2.07289E-01    5.83738E-02    7.58070E+00    1.41486E+01    1.42394E+01
    2.81117E+03    4.40061E+05    4.02435E+03    1.04003E+04    4.46762E-02   -2.03436E-01    5.73572E-02    7.53193E+00    1.40506E+01    1.41486E+01
    2.84339E+03    4.44021E+05    3.96061E+03    1.05183E+04    4.29846E-02   -1.99529E-01    5.63261E-02    7.47946E+00    1.39452E+01    1.40506E+01
    2.87598E+03    4.47914E+05    3.89274E+03    1.06376E+04    4.13025E-02   -1.95567E-01    5.52803E-02    7.42317E+00    1.38321E+01    1.39452E+01
    2.90894E+03    4.51735E+05    3.82073E+03    1.07583E+04    3.96314E-02   -1.91551E-01    5.42197E-02    7.36296E+00    1.37112E+01    1.38321E+01
    2.94227E+03    4.55479E+05    3.74460E+03    1.08803E+04    3.79727E-02   -1.87479E-01    5.31440E-02    7.29874E+00    1.35823E+01    1.37112E+01
    2.97597E+03    4.59144E+05    3.66441E+03    1.10037E+04    3.63281E-02   -1.83354E-01    5.20532E-02    7.23042E+00    1.34452E+01    1.35823E+01
    3.01006E+03    4.62724E+05    3.58027E+03    1.11285E+04    3.47000E-02   -1.79177E-01    5.09473E-02    7.15799E+00    1.32998E+01    1.34452E+01
    3.04453E+03    4.66216E+05    3.49238E+03    1.12547E+04    3.30910E-02   -1.74952E-01    4.98264E-02    7.08145E+00    1.31462E+01    1.32998E+01
    3.07939E+03    4.69617E+05    3.40107E+03    1.13823E+04    3.15049E-02   -1.70687E-01    4.86907E-02    7.00094E+00    1.29847E+01    1.31462E+01
    3.11465E+03    4.72924E+05    3.30688E+03    1.15114E+04    2.99473E-02   -1.66395E-01    4.75406E-02    6.91680E+00    1.28160E+01    1.29847E+01
    3.15030E+03    4.76135E+05    3.21079E+03    1.16420E+04    2.84268E-02   -1.62099E-01    4.63767E-02    6.82976E+00    1.26416E+01    1.28160E+01
    3.18635E+03    4.79250E+05    3.11468E+03    1.17740E+04    2.69592E-02   -1.57849E-01    4.51993E-02    6.74141E+00    1.24648E+01    1.26416E+01
    3.22282E+03    4.82272E+05    3.02256E+03    1.19075E+04    2.55768E-02   -1.53754E-01    4.40061E-02    6.65547E+00    1.22934E+01    1.24648E+01
    3.25969E+03    4.85217E+05    2.94497E+03    1.20425E+04    2.43631E-02   -1.50110E-01    4.27803E-02    6.58205E+00    1.21485E+01    1.22934E+01
    3.29699E+03    4.88139E+05    2.92130E+03    1.21790E+04    2.36269E-02   -1.48031E-01    4.13980E-02    6.55930E+00    1.21107E+01    1.21485E+01
    3.33470E+03    4.89988E+05    1.84960E+03    1.24567E+04    1.46248E-02   -1.20394E-01    1.14021E-02    5.36014E+00    9.92617E+00    6.93455E+00
    3.37284E+03    4.91983E+05    1.99459E+03    1.25980E+04    1.54186E-02   -1.20237E-01    3.10090E-02    5.59604E+00    1.02076E+01    9.92617E+00
    3.41141E+03    4.93942E+05    1.95970E+03    1.27408E+04    1.48103E-02   -1.17155E-01    3.29404E-02    5.55583E+00    1.01000E+01    1.02076E+01
    3.45042E+03    4.95810E+05    1.86780E+03    1.28852E+04    1.38002E-02   -1.12866E-01    3.25795E-02    5.44714E+00    9.87442E+00    1.01000E+01
    3.48986E+03    4.97563E+05    1.75285E+03    1.30313E+04    1.26615E-02   -1.07989E-01    3.16200E-02    5.30758E+00    9.59141E+00    9.87442E+00
    3.52976E+03    4.99189E+05    1.62588E+03    1.31790E+04    1.14818E-02   -1.02744E-01    3.04208E-02    5.14813E+00    9.26996E+00    9.59141E+00
    3.57010E+03    5.00681E+05    1.49165E+03    1.33284E+04    1.02985E-02   -9.72220E-02    2.90923E-02    4.97271E+00    8.91707E+00    9.26996E+00
    3.61090E+03    5.02033E+05    1.35275E+03    1.34794E+04    9.13084E-03   -9.14594E-02    2.76768E-02    4.78270E+00    8.53520E+00    8.91707E+00
    3.65216E+03    5.03244E+05    1.21092E+03    1.36322E+04    7.99085E-03   -8.54681E-02    2.61926E-02    4.57833E+00    8.12464E+00    8.53520E+00
    3.69389E+03    5.04312E+05    1.06752E+03    1.37867E+04    6.88715E-03   -7.92443E-02    2.46474E-02    4.35912E+00    7.68434E+00    8.12464E+00
    3.73609E+03    5.05236E+05    9.23814E+02    1.39430E+04    5.82686E-03   -7.27727E-02    2.30435E-02    4.12409E+00    7.21225E+00    7.68434E+00
    3.77876E+03    5.06017E+05    7.81096E+02    1.41010E+04    4.81662E-03   -6.60267E-02    2.13799E-02    3.87170E+00    6.70525E+00    7.21225E+00
    3.82192E+03    5.06657E+05    6.40794E+02    1.42608E+04    3.86317E-03   -5.89654E-02    1.96533E-02    3.59977E+00    6.15888E+00    6.70525E+00
    3.86557E+03    5.07162E+05    5.04581E+02    1.44224E+04    2.97403E-03   -5.15279E-02    1.78581E-02    3.30519E+00    5.56678E+00    6.15888E+00
    3.90971E+03    5.07537E+05    3.74534E+02    1.45858E+04    2.15822E-03   -4.36194E-02    1.59865E-02    2.98330E+00    4.91942E+00    5.56678E+00
    3.95434E+03    5.07790E+05    2.53399E+02    1.47511E+04    1.42757E-03   -3.50821E-02    1.40294E-02    2.62659E+00    4.20136E+00    4.91942E+00
    3.99949E+03    5.07935E+05    1.45186E+02    1.49182E+04    7.99665E-04   -2.56150E-02    1.19807E-02    2.22123E+00    3.38403E+00    4.20136E+00
    4.04514E+03    5.07992E+05    5.69987E+01    1.50873E+04    3.06930E-04   -1.44744E-02    9.87028E-03    1.73426E+00    2.39876E+00    3.38403E+00
    4.09131E+03    5.08055E+05    6.25400E+01    1.50873E+04    3.29248E-04   -1.31311E-02    1.25229E-02    2.39876E+00    3.00840E+00    4.49189E+00
    4.13799E+03    5.08128E+05    7.31056E+01    1.50873E+04    3.76277E-04   -1.20506E-02    1.52006E-02    3.00840E+00    3.57420E+00    5.54911E+00
    4.18521E+03    5.08216E+05    8.81991E+01    1.50873E+04    4.43827E-04   -1.11659E-02    1.78648E-02    3.57420E+00    4.10438E+00    6.56021E+00
    4.23296E+03    5.08323E+05    1.07464E+02    1.50873E+04    5.28696E-04   -1.04289E-02    2.04923E-02    4.10438E+00    4.60517E+00    7.52956E+00
    4.28125E+03    5.08454E+05    1.30643E+02    1.50873E+04    6.28381E-04   -9.80511E-03    2.30703E-02    4.60517E+00    5.08132E+00    8.46126E+00
    4.33009E+03    5.08612E+05    1.57553E+02    1.50873E+04    7.40897E-04   -9.26920E-03    2.55926E-02    5.08132E+00    5.53653E+00    9.35898E+00
    4.37948E+03    5.08800E+05    1.88069E+02    1.50873E+04    8.64655E-04   -8.80261E-03    2.80565E-02    5.53653E+00    5.97372E+00    1.02260E+01
    4.42942E+03    5.09022E+05    2.22111E+02    1.50873E+04    9.98370E-04   -8.39146E-03    3.04623E-02    5.97372E+00    6.39519E+00    1.10653E+01
    4.47993E+03    5.09281E+05    2.59637E+02    1.50873E+04    1.14099E-03   -8.02530E-03    3.28114E-02    6.39519E+00    6.80283E+00    1.18795E+01
    4.53101E+03    5.09582E+05    3.00634E+02    1.50873E+04    1.29167E-03   -7.69614E-03    3.51061E-02    6.80283E+00    7.19816E+00    1.26706E+01
    4.58267E+03    5.09927E+05    3.45113E+02    1.50873E+04    1.44967E-03   -7.39781E-03    3.73489E-02    7.19816E+00    7.58247E+00    1.34409E+01
    4.63491E+03    5.10320E+05    3.93105E+02    1.50873E+04    1.61441E-03   -7.12547E-03    3.95429E-02    7.58247E+00    7.95681E+00    1.41919E+01
    4.68775E+03    5.10765E+05    4.44660E+02    1.50873E+04    1.78538E-03   -6.87532E-03    4.16907E-02    7.95681E+00    8.32209E+00    1.49252E+01
    4.74118E+03    5.11265E+05    4.99840E+02    1.50873E+04    1.96215E-03   -6.64428E-03    4.37950E-02    8.32209E+00    8.67908E+00    1.56422E+01
    4.79521E+03    5.11824E+05    5.58722E+02    1.50873E+04    2.14435E-03   -6.42986E-03    4.58585E-02    8.67908E+00    9.02846E+00    1.63441E+01
    4.84985E+03    5.12445E+05    6.21392E+02    1.50873E+04    2.33165E-03   -6.23004E-03    4.78836E-02    9.02846E+00    9.37080E+00    1.70320E+01
    4.90511E+03    5.13133E+05    6.87947E+02    1.50873E+04    2.52379E-03   -6.04313E-03    4.98726E-02    9.37080E+00    9.70663E+00    1.77067E+01
    4.96100E+03    5.13891E+05    7.58495E+02    1.50873E+04    2.72051E-03   -5.86773E-03    5.18274E-02    9.70663E+00    1.00364E+01    1.83693E+01
    5.01752E+03    5.14725E+05    8.33150E+02    1.50873E+04    2.92161E-03   -5.70264E-03    5.37502E-02    1.00364E+01    1.03605E+01    1.90205E+01
    5.07467E+03    5.15637E+05    9.12036E+02    1.50873E+04    3.12688E-03   -5.54687E-03    5.56427E-02    1.03605E+01    1.06793E+01    1.96609E+01
    5.13247E+03    5.16632E+05    9.95285E+02    1.50873E+04    3.33617E-03   -5.39954E-03    5.75066E-02    1.06793E+01    1.09932E+01    2.02913E+01
    5.19093E+03    5.17715E+05    1.08304E+03    1.50873E+04    3.54932E-03   -5.25992E-03    5.93435E-02    1.09932E+01    1.13024E+01    2.09121E+01
    5.25004E+03    5.18890E+05    1.17543E+03    1.50873E+04    3.76620E-03   -5.12735E-03    6.11548E-02    1.13024E+01    1.16072E+01    2.15241E+01
    5.30983E+03    5.20163E+05    1.27264E+03    1.50873E+04    3.98669E-03   -5.00128E-03    6.29418E-02    1.16072E+01    1.19078E+01    2.21276E+01
    5.37028E+03    5.21538E+05    1.37481E+03    1.50873E+04    4.21068E-03   -4.88120E-03    6.47059E-02    1.19078E+01    1.22046E+01    2.27231E+01
    5.43143E+03    5.23020E+05    1.48212E+03    1.50873E+04    4.43808E-03   -4.76669E-03    6.64482E-02    1.22046E+01    1.24977E+01    2.33111E+01
    5.49326E+03    5.24615E+05    1.59474E+03    1.50873E+04    4.66882E-03   -4.65735E-03    6.81698E-02    1.24977E+01    1.27873E+01    2.38919E+01
    5.55579E+03    5.26328E+05    1.71287E+03    1.50873E+04    4.90280E-03   -4.55283E-03    6.98719E-02    1.27873E+01    1.30736E+01    2.44660E+01
    5.61903E+03    5.28164E+05    1.83669E+03    1.50873E+04    5.13998E-03   -4.45283E-03    7.15553E-02    1.30736E+01    1.33568E+01    2.50337E+01
    5.68298E+03    5.30131E+05    1.96642E+03    1.50873E+04    5.38030E-03   -4.35706E-03    7.32210E-02    1.33568E+01    1.36370E+01    2.55953E+01
    5.74766E+03    5.32233E+05    2.10226E+03    1.50873E+04    5.62370E-03   -4.26528E-03    7.48699E-02    1.36370E+01    1.39144E+01    2.61511E+01
    5.81306E+03    5.34477E+05    2.24443E+03    1.50873E+04    5.87015E-03   -4.17726E-03    7.65029E-02    1.39144E+01    1.41891E+01    2.67015E+01
    5.87921E+03    5.36870E+05    2.39318E+03    1.50873E+04    6.11961E-03   -4.09279E-03    7.81208E-02    1.41891E+01    1.44614E+01    2.72466E+01
    5.94610E+03    5.39419E+05    2.54874E+03    1.50873E+04    6.37206E-03   -4.01168E-03    7.97243E-02    1.44614E+01    1.47312E+01    2.77869E+01
    6.01375E+03    5.42131E+05    2.71136E+03    1.50873E+04    6.62748E-03   -3.93377E-03    8.13143E-02    1.47312E+01    1.49988E+01    2.83225E+01
    6.08216E+03    5.45012E+05    2.88130E+03    1.50873E+04    6.88586E-03   -3.85889E-03    8.28913E-02    1.49988E+01    1.52643E+01    2.88537E+01
    6.15135E+03    5.48071E+05    3.05885E+03    1.50873E+04    7.14718E-03   -3.78689E-03    8.44561E-02    1.52643E+01    1.55278E+01    2.93807E+01
    6.22132E+03    5.51315E+05    3.24428E+03    1.50873E+04    7.41145E-03   -3.71766E-03    8.60095E-02    1.55278E+01    1.57894E+01    2.99038E+01
    6.29208E+03    5.54753E+05    3.43789E+03    1.50873E+04    7.67866E-03   -3.65106E-03    8.75519E-02    1.57894E+01    1.60492E+01    3.04232E+01
    6.36364E+03    5.58393E+05    3.64000E+03    1.50873E+04    7.94884E-03   -3.58697E-03    8.90841E-02    1.60492E+01    1.63073E+01    3.09391E+01
    6.43600E+03    5.62244E+05    3.85093E+03    1.50873E+04    8.22199E-03   -3.52531E-03    9.06066E-02    1.63073E+01    1.65638E+01    3.14517E+01
    6.50919E+03    5.66315E+05    4.07102E+03    1.50873E+04    8.49813E-03   -3.46596E-03    9.21201E-02    1.65638E+01    1.68189E+01    3.19613E+01
    6.58320E+03    5.70615E+05    4.30061E+03    1.50873E+04    8.77729E-03   -3.40883E-03    9.36252E-02    1.68189E+01    1.70726E+01    3.24679E+01
    6.65805E+03    5.75156E+05    4.54009E+03    1.50873E+04    9.05951E-03   -3.35385E-03    9.51223E-02    1.70726E+01    1.73251E+01    3.29719E+01
    6.73374E+03    5.79945E+05    4.78983E+03    1.50873E+04    9.34481E-03   -3.30093E-03    9.66122E-02    1.73251E+01    1.75763E+01    3.34733E+01
    6.81029E+03    5.84996E+05    5.05023E+03    1.50873E+04    9.63324E-03   -3.24999E-03    9.80953E-02    1.75763E+01    1.78265E+01    3.39725E+01
    6.88770E+03    5.90317E+05    5.32171E+03    1.50873E+04    9.92485E-03   -3.20098E-03    9.95721E-02    1.78265E+01    1.80757E+01    3.44695E+01
    6.96599E+03    5.95922E+05    5.60472E+03    1.50873E+04    1.02197E-02   -3.15381E-03    1.01043E-01    1.80757E+01    1.83240E+01    3.49646E+01
    7.04517E+03    6.01822E+05    5.89970E+03    1.50873E+04    1.05178E-02   -3.10844E-03    1.02509E-01    1.83240E+01    1.85715E+01    3.54579E+01
    7.12523E+03    6.08029E+05    6.20713E+03    1.50873E+04    1.08193E-02   -3.06480E-03    1.03971E-01    1.85715E+01    1.88183E+01    3.59497E+01
    7.20621E+03    6.14556E+05    6.52751E+03    1.50873E+04    1.11242E-02   -3.02284E-03    1.05428E-01    1.88183E+01    1.90644E+01    3.64400E+01
    7.28809E+03    6.21418E+05    6.86137E+03    1.50873E+04    1.14326E-02   -2.98251E-03    1.06882E-01    1.90644E+01    1.93100E+01    3.69291E+01
    7.37091E+03    6.28627E+05    7.20924E+03    1.50873E+04    1.17445E-02   -2.94375E-03    1.08332E-01    1.93100E+01    1.95552E+01    3.74172E+01
    7.45466E+03    6.36199E+05    7.57169E+03    1.50873E+04    1.20601E-02   -2.90653E-03    1.09780E-01    1.95552E+01    1.97999E+01    3.79044E+01
    7.53935E+03    6.44148E+05    7.94932E+03    1.50873E+04    1.23795E-02   -2.87080E-03    1.11226E-01    1.97999E+01    2.00445E+01    3.83908E+01
    7.62500E+03    6.52491E+05    8.34275E+03    1.50873E+04    1.27027E-02   -2.83651E-03    1.12671E-01    2.00445E+01    2.02888E+01    3.88768E+01
    7.71162E+03    6.61243E+05    8.75262E+03    1.50873E+04    1.30299E-02   -2.80363E-03    1.14114E-01    2.02888E+01    2.05330E+01    3.93623E+01
    7.79922E+03    6.70423E+05    9.17963E+03    1.50873E+04    1.33611E-02   -2.77213E-03    1.15557E-01    2.05330E+01    2.07772E+01    3.98477E+01
    7.88781E+03    6.80047E+05    9.62448E+03    1.50873E+04    1.36964E-02   -2.74195E-03    1.17000E-01    2.07772E+01    2.10215E+01    4.03331E+01
    7.97740E+03    6.90135E+05    1.00879E+04    1.50873E+04    1.40361E-02   -2.71308E-03    1.18443E-01    2.10215E+01    2.12659E+01    4.08186E+01
    8.06801E+03    7.00706E+05    1.05707E+04    1.50873E+04    1.43802E-02   -2.68548E-03    1.19887E-01    2.12659E+01    2.15106E+01    4.13045E+01
    8.15963E+03    7.11780E+05    1.10737E+04    1.50873E+04    1.47288E-02   -2.65912E-03    1.21333E-01    2.15106E+01    2.17556E+01    4.17908E+01
    8.25229E+03    7.23377E+05    1.15977E+04    1.50873E+04    1.50822E-02   -2.63396E-03    1.22781E-01    2.17556E+01    2.20010E+01    4.22778E+01
    8.34600E+03    7.35521E+05    1.21436E+04    1.50873E+04    1.54403E-02   -2.60998E-03    1.24232E-01    2.20010E+01    2.22470E+01    4.27657E+01
    8.44077E+03    7.48233E+05    1.27124E+04    1.50873E+04    1.58035E-02   -2.58716E-03    1.25685E-01    2.22470E+01    2.24935E+01    4.32546E+01
    8.53661E+03    7.61538E+05    1.33051E+04    1.50873E+04    1.61718E-02   -2.56546E-03    1.27143E-01    2.24935E+01    2.27408E+01    4.37448E+01
    8.63353E+03    7.75461E+05    1.39226E+04    1.50873E+04    1.65455E-02   -2.54486E-03    1.28604E-01    2.27408E+01    2.29888E+01    4.42363E+01
    8.73155E+03    7.90027E+05    1.45661E+04    1.50873E+04    1.69246E-02   -2.52535E-03    1.30070E-01    2.29888E+01    2.32377E+01    4.47294E+01
    8.83067E+03    8.05264E+05    1.52366E+04    1.50873E+04    1.73094E-02   -2.50689E-03    1.31541E-01    2.32377E+01    2.34876E+01    4.52242E+01
    8.93091E+03    8.21199E+05    1.59355E+04    1.50873E+04    1.77001E-02   -2.48946E-03    1.33019E-01    2.34876E+01    2.37386E+01    4.57210E+01
    9.03229E+03    8.37863E+05    1.66639E+04    1.50873E+04    1.80969E-02   -2.47305E-03    1.34502E-01    2.37386E+01    2.39907E+01    4.62199E+01
    9.13481E+03    8.55286E+05    1.74231E+04    1.50873E+04    1.85000E-02   -2.45763E-03    1.35993E-01    2.39907E+01    2.42441E+01    4.67212E+01
    9.23850E+03    8.73501E+05    1.82145E+04    1.50873E+04    1.89096E-02   -2.44318E-03    1.37490E-01    2.42441E+01    2.44988E+01    4.72249E+01
    9.34335E+03    8.92540E+05    1.90395E+04    1.50873E+04    1.93259E-02   -2.42970E-03    1.38996E-01    2.44988E+01    2.47550E+01    4.77314E+01
    9.44939E+03    9.12440E+05    1.98997E+04    1.50873E+04    1.97492E-02   -2.41715E-03    1.40511E-01    2.47550E+01    2.50128E+01    4.82407E+01
    9.55662E+03    9.33236E+05    2.07966E+04    1.50873E+04    2.01797E-02   -2.40552E-03    1.42035E-01    2.50128E+01    2.52722E+01    4.87532E+01
    9.66507E+03    9.54968E+05    2.17319E+04    1.50873E+04    2.06177E-02   -2.39480E-03    1.43569E-01    2.52722E+01    2.55333E+01    4.92689E+01
    9.77474E+03    9.77676E+05    2.27074E+04    1.50873E+04    2.10634E-02   -2.38496E-03    1.45113E-01    2.55333E+01    2.57964E+01    4.97882E+01
    9.88565E+03    1.00140E+06    2.37249E+04    1.50873E+04    2.15172E-02   -2.37601E-03    1.46668E-01    2.57964E+01    2.60614E+01    5.03112E+01
    9.99782E+03    1.02619E+06    2.47863E+04    1.50873E+04    2.19792E-02   -2.36791E-03    1.48235E-01    2.60614E+01    2.63285E+01    5.08381E+01
    1.01113E+04    1.05208E+06    2.58936E+04    1.50873E+04    2.24499E-02   -2.36067E-03    1.49814E-01    2.63285E+01    2.65977E+01    5.13692E+01
    1.02260E+04    1.07913E+06    2.70491E+04    1.50873E+04    2.29295E-02   -2.35425E-03    1.51407E-01    2.65977E+01    2.68693E+01    5.19046E+01
    1.03420E+04    1.10738E+06    2.82549E+04    1.50873E+04    2.34184E-02   -2.34866E-03    1.53013E-01    2.68693E+01    2.71433E+01    5.24446E+01
    1.04593E+04    1.13690E+06    2.95134E+04    1.50873E+04    2.39168E-02   -2.34389E-03    1.54633E-01    2.71433E+01    2.74199E+01    5.29894E+01
    1.05779E+04    1.16773E+06    3.08271E+04    1.50873E+04    2.44252E-02   -2.33991E-03    1.56268E-01    2.74199E+01    2.76991E+01    5.35393E+01
    1.06979E+04    1.19992E+06    3.21987E+04    1.50873E+04    2.49439E-02   -2.33672E-03    1.57919E-01    2.76991E+01    2.79810E+01    5.40944E+01
    1.08193E+04    1.23355E+06    3.36308E+04    1.50873E+04    2.54733E-02   -2.33431E-03    1.59587E-01    2.79810E+01    2.82659E+01    5.46551E+01
    1.09420E+04    1.26868E+06    3.51264E+04    1.50873E+04    2.60138E-02   -2.33267E-03    1.61271E-01    2.82659E+01    2.85537E+01    5.52215E+01
    1.10661E+04    1.30537E+06    3.66885E+04    1.50873E+04    2.65658E-02   -2.33179E-03    1.62973E-01    2.85537E+01    2.88447E+01    5.57939E+01
    1.11916E+04    1.34369E+06    3.83204E+04    1.50873E+04    2.71297E-02   -2.33166E-03    1.64694E-01    2.88447E+01    2.91390E+01    5.63726E+01
    1.13185E+04    1.38372E+06    4.00255E+04    1.50873E+04    2.77060E-02   -2.33228E-03    1.66435E-01    2.91390E+01    2.94367E+01    5.69577E+01
    1.14469E+04    1.42552E+06    4.18072E+04    1.50873E+04    2.82951E-02   -2.33364E-03    1.68195E-01    2.94367E+01    2.97379E+01    5.75497E+01
    1.15767E+04    1.46919E+06    4.36695E+04    1.50873E+04    2.88975E-02   -2.33572E-03    1.69977E-01    2.97379E+01    3.00428E+01    5.81487E+01
    1.17080E+04    1.51481E+06    4.56163E+04    1.50873E+04    2.95138E-02   -2.33854E-03    1.71780E-01    3.00428E+01    3.03515E+01    5.87550E+01
    1.18407E+04    1.56246E+06    4.76517E+04    1.50873E+04    3.01444E-02   -2.34207E-03    1.73606E-01    3.03515E+01    3.06642E+01    5.93688E+01
    1.19750E+04    1.61224E+06    4.97803E+04    1.50873E+04    3.07900E-02   -2.34632E-03    1.75455E-01    3.06642E+01    3.09810E+01    5.99906E+01
    1.21108E+04    1.66425E+06    5.20066E+04    1.50873E+04    3.14510E-02   -2.35128E-03    1.77329E-01    3.09810E+01    3.13020E+01    6.06206E+01
    1.22481E+04    1.71858E+06    5.43356E+04    1.50873E+04    3.21280E-02   -2.35694E-03    1.79227E-01    3.13020E+01    3.16275E+01    6.12590E+01
    1.23869E+04    1.77535E+06    5.67725E+04    1.50873E+04    3.28217E-02   -2.36331E-03    1.81152E-01    3.16275E+01    3.19575E+01    6.19061E+01
    1.25274E+04    1.83468E+06    5.93228E+04    1.50873E+04    3.35327E-02   -2.37038E-03    1.83104E-01    3.19575E+01    3.22922E+01    6.25624E+01
    1.26694E+04    1.89667E+06    6.19923E+04    1.50873E+04    3.42617E-02   -2.37814E-03    1.85084E-01    3.22922E+01    3.26319E+01    6.32281E+01
    1.28130E+04    1.96146E+06    6.47871E+04    1.50873E+04    3.50094E-02   -2.38661E-03    1.87093E-01    3.26319E+01    3.29765E+01    6.39035E+01
    1.29582E+04    2.02917E+06    6.77137E+04    1.50873E+04    3.57765E-02   -2.39577E-03    1.89132E-01    3.29765E+01    3.33265E+01    6.45889E+01
    1.31051E+04    2.09995E+06    7.07790E+04    1.50873E+04    3.65637E-02   -2.40563E-03    1.91201E-01    3.33265E+01    3.36818E+01    6.52848E+01
    1.32537E+04    2.17394E+06    7.39902E+04    1.50873E+04    3.73719E-02   -2.41619E-03    1.93303E-01    3.36818E+01    3.40427E+01    6.59914E+01
    1.34039E+04    2.25130E+06    7.73550E+04    1.50873E+04    3.82018E-02   -2.42745E-03    1.95438E-01    3.40427E+01    3.44095E+01    6.67092E+01
    1.35558E+04    2.33218E+06    8.08815E+04    1.50873E+04    3.90544E-02   -2.43941E-03    1.97607E-01    3.44095E+01    3.47821E+01    6.74384E+01
    1.37095E+04    2.41675E+06    8.45782E+04    1.50873E+04    3.99305E-02   -2.45208E-03    1.99811E-01    3.47821E+01    3.51610E+01    6.81796E+01
    1.38648E+04    2.50521E+06    8.84543E+04    1.50873E+04    4.08311E-02   -2.46545E-03    2.02052E-01    3.51610E+01    3.55462E+01    6.89330E+01
    1.40220E+04    2.59773E+06    9.25194E+04    1.50873E+04    4.17571E-02   -2.47954E-03    2.04331E-01    3.55462E+01    3.59380E+01    6.96990E+01
    1.41809E+04    2.69451E+06    9.67836E+04    1.50873E+04    4.27096E-02   -2.49435E-03    2.06648E-01    3.59380E+01    3.63366E+01    7.04782E+01
    1.43416E+04    2.79577E+06    1.01258E+05    1.50873E+04    4.36897E-02   -2.50989E-03    2.09006E-01    3.63366E+01    3.67422E+01    7.12709E+01
    1.45041E+04    2.90172E+06    1.05954E+05    1.50873E+04    4.46984E-02   -2.52616E-03    2.11405E-01    3.67422E+01    3.71551E+01    7.20775E+01
    1.46684E+04    3.01261E+06    1.10883E+05    1.50873E+04    4.57369E-02   -2.54318E-03    2.13847E-01    3.71551E+01    3.75754E+01    7.28985E+01
    1.48347E+04    3.12867E+06    1.16059E+05    1.50873E+04    4.68065E-02   -2.56095E-03    2.16333E-01    3.75754E+01    3.80034E+01    7.37344E+01
    1.50027E+04    3.25016E+06    1.21495E+05    1.50873E+04    4.79085E-02   -2.57948E-03    2.18865E-01    3.80034E+01    3.84395E+01    7.45856E+01
    1.51727E+04    3.37736E+06    1.27205E+05    1.50873E+04    4.90442E-02   -2.59880E-03    2.21444E-01    3.84395E+01    3.88837E+01    7.54527E+01
    1.53446E+04    3.51057E+06    1.33206E+05    1.50873E+04    5.02150E-02   -2.61890E-03    2.24072E-01    3.88837E+01    3.93365E+01    7.63362E+01
    1.55185E+04    3.65008E+06    1.39513E+05    1.50873E+04    5.14224E-02   -2.63982E-03    2.26750E-01    3.93365E+01    3.97980E+01    7.72365E+01
    1.56943E+04    3.79623E+06    1.46144E+05    1.50873E+04    5.26679E-02   -2.66156E-03    2.29480E-01    3.97980E+01    4.02686E+01    7.81543E+01
    1.58721E+04    3.94935E+06    1.53118E+05    1.50873E+04    5.39533E-02   -2.68414E-03    2.32263E-01    4.02686E+01    4.07485E+01    7.90901E+01
    1.60519E+04    4.10980E+06    1.60454E+05    1.50873E+04    5.52802E-02   -2.70759E-03    2.35102E-01    4.07485E+01    4.12381E+01    8.00446E+01
    1.62338E+04    4.27797E+06    1.68173E+05    1.50873E+04    5.66504E-02   -2.73193E-03    2.37998E-01    4.12381E+01    4.17377E+01    8.10182E+01
    1.64177E+04    4.45427E+06    1.76297E+05    1.50873E+04    5.80658E-02   -2.75718E-03    2.40953E-01    4.17377E+01    4.22475E+01    8.20117E+01
    1.66036E+04    4.63912E+06    1.84851E+05    1.50873E+04    5.95284E-02   -2.78337E-03    2.43969E-01    4.22475E+01    4.27681E+01    8.30257E+01
    1.67917E+04    4.83298E+06    1.93859E+05    1.50873E+04    6.10404E-02   -2.81054E-03    2.47048E-01    4.27681E+01    4.32997E+01    8.40609E+01
    1.69819E+04    5.03633E+06    2.03349E+05    1.50873E+04    6.26040E-02   -2.83871E-03    2.50192E-01    4.32997E+01    4.38426E+01    8.51180E+01
    1.71743E+04    5.24968E+06    2.13350E+05    1.50873E+04    6.42215E-02   -2.86792E-03    2.53403E-01    4.38426E+01    4.43974E+01    8.61978E+01
    1.73688E+04    5.47357E+06    2.23892E+05    1.50873E+04    6.58955E-02   -2.89821E-03    2.56685E-01    4.43974E+01    4.49643E+01    8.73010E+01
    1.75655E+04    5.70858E+06    2.35009E+05    1.50873E+04    6.76284E-02   -2.92962E-03    2.60038E-01    4.49643E+01    4.55439E+01    8.84284E+01
    1.77645E+04    5.95531E+06    2.46735E+05    1.50873E+04    6.94232E-02   -2.96221E-03    2.63466E-01    4.55439E+01    4.61365E+01    8.95810E+01
    1.79657E+04    6.21442E+06    2.59109E+05    1.50873E+04    7.12828E-02   -2.99602E-03    2.66972E-01    4.61365E+01    4.67427E+01    9.07595E+01
    1.81692E+04    6.48659E+06    2.72170E+05    1.50873E+04    7.32102E-02   -3.03111E-03    2.70557E-01    4.67427E+01    4.73629E+01    9.19650E+01
    1.83749E+04    6.77256E+06    2.85962E+05    1.50873E+04    7.52089E-02   -3.06754E-03    2.74225E-01    4.73629E+01    4.79977E+01    9.31983E+01
    1.85830E+04    7.07309E+06    3.00531E+05    1.50873E+04    7.72823E-02   -3.10537E-03    2.77980E-01    4.79977E+01    4.86475E+01    9.44606E+01
    1.87935E+04    7.38901E+06    3.15928E+05    1.50873E+04    7.94342E-02   -3.14469E-03    2.81823E-01    4.86475E+01    4.93130E+01    9.57529E+01
    1.90063E+04    7.72122E+06    3.32205E+05    1.50873E+04    8.16686E-02   -3.18556E-03    2.85759E-01    4.93130E+01    4.99948E+01    9.70763E+01
    1.92215E+04    8.07064E+06    3.49420E+05    1.50873E+04    8.39897E-02   -3.22808E-03    2.89792E-01    4.99948E+01    5.06935E+01    9.84320E+01
    1.94392E+04    8.43827E+06    3.67634E+05    1.50873E+04    8.64021E-02   -3.27234E-03    2.93924E-01    5.06935E+01    5.14097E+01    9.98214E+01
    1.96593E+04    8.82519E+06    3.86915E+05    1.50873E+04    8.89107E-02   -3.31844E-03    2.98160E-01    5.14097E+01    5.21443E+01    1.01246E+02
    1.98819E+04    9.23252E+06    4.07334E+05    1.50873E+04    9.15206E-02   -3.36650E-03    3.02505E-01    5.21443E+01    5.28979E+01    1.02706E+02
    2.01070E+04    9.66149E+06    4.28968E+05    1.50873E+04    9.42374E-02   -3.41664E-03    3.06962E-01    5.28979E+01    5.36714E+01    1.04205E+02
    2.03347E+04    1.01134E+07    4.51901E+05    1.50873E+04    9.70672E-02   -3.46899E-03    3.11537E-01    5.36714E+01    5.44656E+01    1.05743E+02
    2.05649E+04    1.05896E+07    4.76224E+05    1.50873E+04    1.00016E-01   -3.52369E-03    3.16234E-01    5.44656E+01    5.52815E+01    1.07323E+02
    2.07978E+04    1.10917E+07    5.02035E+05    1.50873E+04    1.03092E-01   -3.58092E-03    3.21059E-01    5.52815E+01    5.61199E+01    1.08945E+02
    2.10332E+04    1.16211E+07    5.29440E+05    1.50873E+04    1.06301E-01   -3.64084E-03    3.26018E-01    5.61199E+01    5.69821E+01    1.10612E+02
    2.12714E+04    1.21796E+07    5.58554E+05    1.50873E+04    1.09652E-01   -3.70365E-03    3.31117E-01    5.69821E+01    5.78690E+01    1.12327E+02
    2.15122E+04    1.27691E+07    5.89503E+05    1.50873E+04    1.13153E-01   -3.76954E-03    3.36362E-01    5.78690E+01    5.87819E+01    1.14090E+02
    2.17557E+04    1.33916E+07    6.22423E+05    1.50873E+04    1.16815E-01   -3.83875E-03    3.41760E-01    5.87819E+01    5.97220E+01    1.15905E+02
    2.20020E+04    1.40490E+07    6.57464E+05    1.50873E+04    1.20647E-01   -3.91152E-03    3.47320E-01    5.97220E+01    6.06909E+01    1.17775E+02
    2.22511E+04    1.47438E+07    6.94788E+05    1.50873E+04    1.24660E-01   -3.98813E-03    3.53050E-01    6.06909E+01    6.16898E+01    1.19701E+02
    2.25030E+04    1.54784E+07    7.34573E+05    1.50873E+04    1.28867E-01   -4.06888E-03    3.58957E-01    6.16898E+01    6.27205E+01    1.21688E+02
    2.27578E+04    1.62554E+07    7.77014E+05    1.50873E+04    1.33280E-01   -4.15408E-03    3.65052E-01    6.27205E+01    6.37847E+01    1.23737E+02
    2.30154E+04    1.70777E+07    8.22324E+05    1.50873E+04    1.37915E-01   -4.24410E-03    3.71345E-01    6.37847E+01    6.48842E+01    1.25853E+02
    2.32759E+04    1.79485E+07    8.70740E+05    1.50873E+04    1.42787E-01   -4.33933E-03    3.77846E-01    6.48842E+01    6.60211E+01    1.28039E+02
    2.35394E+04    1.88710E+07    9.22519E+05    1.50873E+04    1.47913E-01   -4.44019E-03    3.84569E-01    6.60211E+01    6.71975E+01    1.30300E+02
    2.38058E+04    1.98489E+07    9.77948E+05    1.50873E+04    1.53313E-01   -4.54717E-03    3.91525E-01    6.71975E+01    6.84159E+01    1.32639E+02
    2.40753E+04    2.08863E+07    1.03734E+06    1.50873E+04    1.59007E-01   -4.66078E-03    3.98730E-01    6.84159E+01    6.96789E+01    1.35062E+02
    2.43478E+04    2.19873E+07    1.10105E+06    1.50873E+04    1.65019E-01   -4.78159E-03    4.06197E-01    6.96789E+01    7.09892E+01    1.37573E+02
    2.46234E+04    2.31568E+07    1.16947E+06    1.50873E+04    1.71375E-01   -4.91025E-03    4.13945E-01    7.09892E+01    7.23500E+01    1.40178E+02
    2.49021E+04    2.43998E+07    1.24302E+06    1.50873E+04    1.78102E-01   -5.04745E-03    4.21991E-01    7.23500E+01    7.37647E+01    1.42884E+02
    2.51840E+04    2.57220E+07    1.32219E+06    1.50873E+04    1.85232E-01   -5.19397E-03    4.30355E-01    7.37647E+01    7.52368E+01    1.45696E+02
    2.54690E+04    2.71295E+07    1.40752E+06    1.50873E+04    1.92801E-01   -5.35068E-03    4.39058E-01    7.52368E+01    7.67705E+01    1.48623E+02
    2.57573E+04    2.86291E+07    1.49961E+06    1.50873E+04    2.00847E-01   -5.51855E-03    4.48126E-01    7.67705E+01    7.83702E+01    1.51673E+02
    2.60488E+04    3.02283E+07    1.59915E+06    1.50873E+04    2.09415E-01   -5.69864E-03    4.57583E-01    7.83702E+01    8.00408E+01    1.54853E+02
    2.63436E+04    3.19352E+07    1.70688E+06    1.50873E+04    2.18552E-01   -5.89216E-03    4.67459E-01    8.00408E+01    8.17876E+01    1.58174E+02
    2.66417E+04    3.37589E+07    1.82369E+06    1.50873E+04    2.28316E-01   -6.10046E-03    4.77785E-01    8.17876E+01    8.36167E+01    1.61647E+02
    2.69432E+04    3.57094E+07    1.95055E+06    1.50873E+04    2.38767E-01   -6.32505E-03    4.88597E-01    8.36167E+01    8.55344E+01    1.65283E+02
    2.72481E+04    3.77980E+07    2.08857E+06    1.50873E+04    2.49976E-01   -6.56764E-03    4.99933E-01    8.55344E+01    8.75483E+01    1.69096E+02
    2.75565E+04    4.00370E+07    2.23902E+06    1.50873E+04    2.62023E-01   -6.83016E-03    5.11837E-01    8.75483E+01    8.96662E+01    1.73099E+02
    2.78684E+04    4.24404E+07    2.40335E+06    1.50873E+04    2.74999E-01   -7.11480E-03    5.24355E-01    8.96662E+01    9.18974E+01    1.77310E+02
    2.81837E+04    4.50236E+07    2.58321E+06    1.50873E+04    2.89007E-01   -7.42407E-03    5.37542E-01    9.18974E+01    9.42519E+01    1.81745E+02
    2.85027E+04    4.78041E+07    2.78054E+06    1.50873E+04    3.04166E-01   -7.76081E-03    5.51458E-01    9.42519E+01    9.67410E+01    1.86425E+02
    2.88252E+04    5.08017E+07    2.99755E+06    1.50873E+04    3.20612E-01   -8.12832E-03    5.66168E-01    9.67410E+01    9.93774E+01    1.91373E+02
    2.91514E+04    5.40385E+07    3.23680E+06    1.50873E+04    3.38503E-01   -8.53036E-03    5.81748E-01    9.93774E+01    1.02176E+02    1.96614E+02
    2.94812E+04    5.75398E+07    3.50130E+06    1.50873E+04    3.58022E-01   -8.97132E-03    5.98282E-01    1.02176E+02    1.05152E+02    2.02175E+02
    2.98148E+04    6.13343E+07    3.79456E+06    1.50873E+04    3.79381E-01   -9.45630E-03    6.15867E-01    1.05152E+02    1.08324E+02    2.08090E+02
    3.01522E+04    6.54550E+07    4.12073E+06    1.50873E+04    4.02829E-01   -9.99128E-03    6.34610E-01    1.08324E+02    1.11713E+02    2.14396E+02
    3.04934E+04    6.99397E+07    4.48469E+06    1.50873E+04    4.28660E-01   -1.05833E-02    6.54636E-01    1.11713E+02    1.15345E+02    2.21133E+02
    3.08384E+04    7.48320E+07    4.89227E+06    1.50873E+04    4.57219E-01   -1.12407E-02    6.76086E-01    1.15345E+02    1.19245E+02    2.28349E+02
    3.11873E+04    8.01824E+07    5.35043E+06    1.50873E+04    4.88918E-01   -1.19734E-02    6.99124E-01    1.19245E+02    1.23446E+02    2.36100E+02
    3.15402E+04    8.60500E+07    5.86757E+06    1.50873E+04    5.24252E-01   -1.27934E-02    7.23939E-01    1.23446E+02    1.27986E+02    2.44449E+02
    3.18971E+04    9.25039E+07    6.45387E+06    1.50873E+04    5.63814E-01   -1.37152E-02    7.50750E-01    1.27986E+02    1.32908E+02    2.53470E+02
    3.22580E+04    9.96257E+07    7.12178E+06    1.50873E+04    6.08327E-01   -1.47567E-02    7.79814E-01    1.32908E+02    1.38263E+02    2.63250E+02
    3.26230E+04    1.07512E+08    7.88661E+06    1.50873E+04    6.58678E-01   -1.59398E-02    8.11434E-01    1.38263E+02    1.44114E+02    2.73890E+02
    3.29921E+04    1.16280E+08    8.76744E+06    1.50873E+04    7.15962E-01   -1.72919E-02    8.45968E-01    1.44114E+02    1.50532E+02    2.85513E+02
    3.33653E+04    1.26068E+08    9.78819E+06    1.50873E+04    7.81544E-01   -1.88479E-02    8.83849E-01    1.50532E+02    1.57607E+02    2.98263E+02
    3.37428E+04    1.37047E+08    1.09793E+07    1.50873E+04    8.57153E-01   -2.06523E-02    9.25595E-01    1.57607E+02    1.65447E+02    3.12315E+02
    3.41246E+04    1.49427E+08    1.23797E+07    1.50873E+04    9.44996E-01   -2.27632E-02    9.71843E-01    1.65447E+02    1.74185E+02    3.27885E+02
    3.45106E+04    1.63467E+08    1.40405E+07    1.50873E+04    1.04794E+00   -2.52575E-02    1.02338E+00    1.74185E+02    1.83991E+02    3.45238E+02
    3.49010E+04    1.79496E+08    1.60290E+07    1.50873E+04    1.16975E+00   -2.82392E-02    1.08118E+00    1.83991E+02    1.95078E+02    3.64705E+02
    3.52959E+04    1.97932E+08    1.84361E+07    1.50873E+04    1.31550E+00   -3.18518E-02    1.14651E+00    1.95078E+02    2.07725E+02    3.86712E+02
    3.56952E+04    2.19319E+08    2.13869E+07    1.50873E+04    1.49212E+00   -3.62990E-02    1.22098E+00    2.07725E+02    2.22301E+02    4.11807E+02
    3.60990E+04    2.44377E+08    2.50576E+07    1.50873E+04    1.70935E+00   -4.18783E-02    1.30675E+00    2.22301E+02    2.39307E+02    4.40718E+02
    3.65074E+04    2.74081E+08    2.97039E+07    1.50873E+04    1.98125E+00   -4.90410E-02    1.40671E+00    2.39307E+02    2.59447E+02    4.74432E+02
    3.69204E+04    3.09790E+08    3.57094E+07    1.50873E+04    2.32886E+00   -5.85017E-02    1.52494E+00    2.59447E+02    2.83743E+02    5.14333E+02
    3.73380E+04    3.53464E+08    4.36740E+07    1.50873E+04    2.78495E+00   -7.14561E-02    1.66729E+00    2.83743E+02    3.13755E+02    5.62422E+02
    3.77604E+04    4.08050E+08    5.45857E+07    1.50873E+04    3.40336E+00   -9.00488E-02    1.84262E+00    3.13755E+02    3.52003E+02    6.21740E+02
    3.81876E+04    4.78233E+08    7.01830E+07    1.50873E+04    4.27855E+00   -1.18495E-01    2.06507E+00    3.52003E+02    4.02903E+02    6.97169E+02
    3.86195E+04    5.72038E+08    9.38054E+07    1.50873E+04    5.59148E+00   -1.66207E-01    2.35878E+00    4.02903E+02    4.75104E+02    7.97162E+02
    3.90564E+04    7.04739E+08    1.32700E+08    1.50873E+04    7.73404E+00   -2.58488E-01    2.76897E+00    4.75104E+02    5.88662E+02    9.37925E+02
    3.94982E+04    9.10544E+08    2.05805E+08    1.50873E+04    1.17280E+01   -4.85785E-01    3.38999E+00    5.88662E+02    8.04485E+02    1.15528E+03
    3.99450E+04    1.29556E+09    3.85019E+08    1.50873E+04    2.14529E+01   -1.33920E+00    4.43389E+00    8.04485E+02    1.40619E+03    1.54559E+03
    4.03968E+04    2.94064E+09    1.64508E+09    1.50873E+04    8.96244E+01   -7.19414E+00    6.15375E+00    1.40619E+03    4.67502E+03    2.43475E+03
