 # rho, F_z,dF_z, z(rho), E2 (=>sigma2=e0^2*E2), Er, Ez, Ui,j , Ui+1,j , Ui,j-1
    2.50000E-01    1.10754E+00    1.10754E+00    0.00000E+00    8.86034E+00   -7.72665E-01    2.87460E+00    2.82363E+00    3.20997E+00    4.26093E+00
    7.31707E-01    3.11875E+00    2.01121E+00    5.00000E-01    5.93130E+00   -3.01143E-01    2.41674E+00    2.00160E+00    2.14115E+00    3.20997E+00
    1.19774E+00    6.26004E+00    3.14129E+00    5.00000E-01    5.59624E+00   -1.08181E-01    2.36316E+00    2.14115E+00    2.19185E+00    3.32273E+00
    1.66904E+00    1.07884E+01    4.52841E+00    5.00000E-01    5.72466E+00   -7.01475E-02    2.39160E+00    2.19185E+00    2.22510E+00    3.38765E+00
    2.14566E+00    1.68874E+01    6.09892E+00    5.00000E-01    5.93037E+00   -6.98655E-02    2.43423E+00    2.22510E+00    2.25858E+00    3.44221E+00
    2.62767E+00    2.47700E+01    7.88265E+00    5.00000E-01    6.18887E+00   -8.70502E-02    2.48622E+00    2.25858E+00    2.30078E+00    3.50169E+00
    3.11513E+00    3.47287E+01    9.95864E+00    5.00000E-01    6.52160E+00   -1.23221E-01    2.55077E+00    2.30078E+00    2.36118E+00    3.57616E+00
    3.60810E+00    4.71816E+01    1.24530E+01    5.00000E-01    6.96217E+00   -1.96719E-01    2.63125E+00    2.36118E+00    2.45870E+00    3.67681E+00
    4.10663E+00    6.27311E+01    1.55495E+01    5.00000E-01    7.55269E+00   -3.67183E-01    2.72358E+00    2.45870E+00    2.64278E+00    3.82049E+00
    4.61080E+00    8.24642E+01    1.97331E+01    5.00000E-01    8.44130E+00   -8.37622E-01    2.78203E+00    2.64278E+00    3.06746E+00    4.03380E+00
    5.12067E+00    1.00167E+02    1.77027E+01    9.63414E-01    6.74252E+00   -6.73934E-01    2.50766E+00    1.81363E+00    2.15918E+00    3.06746E+00
    5.63630E+00    1.19986E+02    1.98188E+01    9.63414E-01    6.78133E+00   -5.71631E-01    2.54058E+00    2.15918E+00    2.45558E+00    3.42947E+00
    6.15775E+00    1.46296E+02    2.63102E+01    9.63414E-01    8.14804E+00   -1.02229E+00    2.66514E+00    2.45558E+00    2.99166E+00    3.78815E+00
    6.68510E+00    1.69805E+02    2.35093E+01    1.43207E+00    6.63137E+00   -8.41359E-01    2.43382E+00    1.86379E+00    2.30997E+00    2.99166E+00
    7.21840E+00    1.98976E+02    2.91704E+01    1.43207E+00    7.53515E+00   -1.10708E+00    2.51188E+00    2.30997E+00    2.90370E+00    3.47401E+00
    7.75774E+00    2.23875E+02    2.48988E+01    1.90601E+00    5.91772E+00   -8.37418E-01    2.28395E+00    1.83332E+00    2.28750E+00    2.90370E+00
    8.30316E+00    2.56392E+02    3.25171E+01    1.90601E+00    7.14000E+00   -1.12532E+00    2.42356E+00    2.28750E+00    2.90473E+00    3.42331E+00
    8.85475E+00    2.84792E+02    2.84001E+01    2.38531E+00    5.78221E+00   -8.55381E-01    2.24734E+00    1.83961E+00    2.31408E+00    2.90473E+00
    9.41258E+00    3.23097E+02    3.83055E+01    2.38531E+00    7.25477E+00   -1.18937E+00    2.41664E+00    2.31408E+00    2.98127E+00    3.45944E+00
    9.97670E+00    3.57740E+02    3.46427E+01    2.87003E+00    6.12089E+00   -9.45800E-01    2.28612E+00    1.88553E+00    2.42208E+00    2.98127E+00
    1.05472E+01    4.07459E+02    4.97192E+01    2.87003E+00    8.21669E+00   -1.43872E+00    2.47927E+00    2.42208E+00    3.24748E+00    3.61040E+00
    1.11242E+01    4.61552E+02    5.40931E+01    3.36023E+00    8.38118E+00   -1.66330E+00    2.36952E+00    2.09893E+00    3.06396E+00    3.24748E+00
    1.17076E+01    5.10657E+02    4.91045E+01    3.85596E+00    7.14831E+00   -1.63880E+00    2.11249E+00    2.02842E+00    2.98999E+00    3.06396E+00
    1.22977E+01    5.58843E+02    4.81868E+01    4.35730E+00    6.60351E+00   -1.61566E+00    1.99829E+00    1.99936E+00    2.95806E+00    2.98999E+00
    1.28944E+01    6.07756E+02    4.89125E+01    4.86430E+00    6.32134E+00   -1.60597E+00    1.93448E+00    1.98824E+00    2.95195E+00    2.95806E+00
    1.34979E+01    6.58595E+02    5.08390E+01    5.37703E+00    6.20643E+00   -1.61353E+00    1.89814E+00    1.98959E+00    2.96878E+00    2.95195E+00
    1.41082E+01    7.12748E+02    5.41529E+01    5.89556E+00    6.25434E+00   -1.64686E+00    1.88207E+00    2.00378E+00    3.01449E+00    2.96878E+00
    1.47254E+01    7.72622E+02    5.98738E+01    6.41994E+00    6.55120E+00   -1.73226E+00    1.88427E+00    2.03745E+00    3.11258E+00    3.01449E+00
    1.53495E+01    8.45228E+02    7.26060E+01    6.95025E+00    7.53613E+00   -1.98607E+00    1.89517E+00    2.11879E+00    3.36538E+00    3.11258E+00
    1.59807E+01    8.90643E+02    4.54156E+01    8.02892E+00    4.47712E+00   -1.71503E+00    1.23927E+00    1.85704E+00    2.94568E+00    2.52167E+00
    1.66191E+01    9.61016E+02    7.03726E+01    8.57741E+00    6.59640E+00   -1.99001E+00    1.62366E+00    2.06506E+00    3.34252E+00    2.94568E+00
    1.72646E+01    1.01859E+03    5.75735E+01    9.69305E+00    5.13683E+00   -1.95156E+00    1.15250E+00    1.92038E+00    3.18730E+00    2.55966E+00
    1.79175E+01    1.07499E+03    5.63977E+01    1.08341E+01    4.79440E+00   -1.92293E+00    1.04725E+00    1.89531E+00    3.15776E+00    2.48941E+00
    1.85777E+01    1.13657E+03    6.15835E+01    1.20010E+01    4.99277E+00   -2.00174E+00    9.92878E-01    1.91769E+00    3.24673E+00    2.49375E+00
    1.92454E+01    1.19035E+03    5.37788E+01    1.38013E+01    4.16173E+00   -1.90229E+00    7.36898E-01    1.82689E+00    3.10417E+00    2.26909E+00
    1.99207E+01    1.23332E+03    4.29680E+01    1.62981E+01    3.17652E+00   -1.69269E+00    5.57957E-01    1.73057E+00    2.87996E+00    2.08078E+00
    2.06035E+01    1.26965E+03    3.63351E+01    1.89097E+01    2.56812E+00   -1.52785E+00    4.83527E-01    1.67803E+00    2.72721E+00    1.99548E+00
    2.12941E+01    1.30846E+03    3.88088E+01    2.09469E+01    2.62434E+00   -1.54172E+00    4.97428E-01    1.70746E+00    2.77813E+00    2.04523E+00
    2.19925E+01    1.34254E+03    3.40768E+01    2.37722E+01    2.20625E+00   -1.42761E+00    4.10104E-01    1.66156E+00    2.66419E+00    1.95284E+00
    2.26988E+01    1.37263E+03    3.00928E+01    2.67274E+01    1.86659E+00   -1.31594E+00    3.67265E-01    1.62858E+00    2.56323E+00    1.90142E+00
    2.34130E+01    1.40486E+03    3.22317E+01    2.90326E+01    1.91662E+00   -1.33067E+00    3.82015E-01    1.65723E+00    2.61302E+00    1.95076E+00
    2.41354E+01    1.43247E+03    2.76058E+01    3.22296E+01    1.57462E+00   -1.21393E+00    3.17806E-01    1.60959E+00    2.49138E+00    1.86501E+00
    2.48659E+01    1.46087E+03    2.83976E+01    3.47234E+01    1.55463E+00   -1.20257E+00    3.29344E-01    1.62560E+00    2.50900E+00    1.89937E+00
    2.56046E+01    1.48923E+03    2.83629E+01    3.73028E+01    1.49109E+00   -1.17938E+00    3.16475E-01    1.62735E+00    2.50351E+00    1.89944E+00
    2.63517E+01    1.51733E+03    2.81005E+01    3.99705E+01    1.41937E+00   -1.15275E+00    3.00904E-01    1.62603E+00    2.49209E+00    1.89360E+00
    2.71072E+01    1.54507E+03    2.77418E+01    4.27298E+01    1.34697E+00   -1.12502E+00    2.85127E-01    1.62350E+00    2.47828E+00    1.88574E+00
    2.78713E+01    1.57239E+03    2.73233E+01    4.55836E+01    1.27587E+00   -1.09687E+00    2.69729E-01    1.62023E+00    2.46303E+00    1.87681E+00
    2.86440E+01    1.59924E+03    2.68457E+01    4.85353E+01    1.20612E+00   -1.06825E+00    2.54875E-01    1.61624E+00    2.44633E+00    1.86700E+00
    2.94255E+01    1.62551E+03    2.62746E+01    5.15882E+01    1.13627E+00   -1.03845E+00    2.40593E-01    1.61116E+00    2.42721E+00    1.85598E+00
    3.02157E+01    1.65099E+03    2.54772E+01    5.47457E+01    1.06098E+00   -1.00473E+00    2.26942E-01    1.60353E+00    2.40200E+00    1.84238E+00
    3.10149E+01    1.67461E+03    2.36233E+01    5.80115E+01    9.47717E-01   -9.49285E-01    2.15813E-01    1.58454E+00    2.34748E+00    1.81947E+00
    3.18232E+01    1.70260E+03    2.79895E+01    6.02507E+01    1.08213E+00   -1.00587E+00    2.65239E-01    1.64452E+00    2.46207E+00    1.93981E+00
    3.26405E+01    1.72813E+03    2.55298E+01    6.37052E+01    9.51568E-01   -9.54144E-01    2.02920E-01    1.60632E+00    2.39059E+00    1.83998E+00
    3.34671E+01    1.75139E+03    2.32584E+01    6.72782E+01    8.36048E-01   -8.94598E-01    1.89059E-01    1.58126E+00    2.32489E+00    1.80642E+00
    3.43031E+01    1.77835E+03    2.69610E+01    6.97280E+01    9.34960E-01   -9.38621E-01    2.32275E-01    1.63375E+00    2.42279E+00    1.91667E+00
    3.51485E+01    1.80156E+03    2.32092E+01    7.35074E+01    7.76719E-01   -8.63252E-01    1.77525E-01    1.58146E+00    2.31535E+00    1.80510E+00
    3.60034E+01    1.82732E+03    2.57545E+01    7.60988E+01    8.32030E-01   -8.85895E-01    2.17302E-01    1.62084E+00    2.38249E+00    1.90081E+00
    3.68680E+01    1.85556E+03    2.82413E+01    7.87490E+01    8.81018E-01   -9.12706E-01    2.19057E-01    1.64821E+00    2.44177E+00    1.93686E+00
    3.77424E+01    1.87966E+03    2.40968E+01    8.28378E+01    7.26105E-01   -8.36805E-01    1.60816E-01    1.59095E+00    2.32674E+00    1.81012E+00
    3.86267E+01    1.90689E+03    2.72323E+01    8.56412E+01    7.92843E-01   -8.68775E-01    1.95121E-01    1.63514E+00    2.40767E+00    1.90710E+00
    3.95209E+01    1.93005E+03    2.31655E+01    8.99662E+01    6.51815E-01   -7.94001E-01    1.46209E-01    1.57970E+00    2.29372E+00    1.79048E+00
    4.04252E+01    1.95517E+03    2.51187E+01    9.29317E+01    6.83243E-01   -8.06820E-01    1.79679E-01    1.61143E+00    2.34518E+00    1.87635E+00
    4.13398E+01    1.98135E+03    2.61736E+01    9.59645E+01    6.88407E-01   -8.09593E-01    1.81567E-01    1.62386E+00    2.36845E+00    1.89764E+00
    4.22647E+01    2.00847E+03    2.71285E+01    9.90662E+01    6.90109E-01   -8.11185E-01    1.79129E-01    1.63385E+00    2.38833E+00    1.91010E+00
    4.32001E+01    2.03722E+03    2.87426E+01    1.02238E+02    7.07346E-01   -8.22785E-01    1.74273E-01    1.64998E+00    2.42390E+00    1.92484E+00
    4.41460E+01    2.06120E+03    2.39806E+01    1.07133E+02    5.71056E-01   -7.45309E-01    1.24782E-01    1.58693E+00    2.29589E+00    1.79048E+00
    4.51026E+01    2.08685E+03    2.56528E+01    1.10488E+02    5.91240E-01   -7.53502E-01    1.53212E-01    1.61417E+00    2.33903E+00    1.86978E+00
    4.60700E+01    2.11323E+03    2.63794E+01    1.13920E+02    5.88568E-01   -7.51572E-01    1.53973E-01    1.62262E+00    2.35380E+00    1.88534E+00
    4.70484E+01    2.14006E+03    2.68343E+01    1.17430E+02    5.79717E-01   -7.46194E-01    1.51366E-01    1.62710E+00    2.36125E+00    1.89125E+00
    4.80378E+01    2.16724E+03    2.71743E+01    1.21019E+02    5.68545E-01   -7.39370E-01    1.47910E-01    1.63006E+00    2.36572E+00    1.89404E+00
    4.90384E+01    2.19469E+03    2.74505E+01    1.24691E+02    5.56319E-01   -7.31801E-01    1.44174E-01    1.63224E+00    2.36858E+00    1.89540E+00
    5.00503E+01    2.22237E+03    2.76828E+01    1.28445E+02    5.43543E-01   -7.23772E-01    1.40346E-01    1.63389E+00    2.37039E+00    1.89589E+00
    5.10736E+01    2.25025E+03    2.78785E+01    1.32285E+02    5.30423E-01   -7.15394E-01    1.36506E-01    1.63514E+00    2.37134E+00    1.89576E+00
    5.21085E+01    2.27829E+03    2.80365E+01    1.36212E+02    5.16994E-01   -7.06674E-01    1.32689E-01    1.63598E+00    2.37142E+00    1.89507E+00
    5.31551E+01    2.30643E+03    2.81477E+01    1.40229E+02    5.03138E-01   -6.97509E-01    1.28913E-01    1.63632E+00    2.37043E+00    1.89376E+00
    5.42135E+01    2.33462E+03    2.81873E+01    1.44337E+02    4.88491E-01   -6.87617E-01    1.25192E-01    1.63591E+00    2.36778E+00    1.89160E+00
    5.52839E+01    2.36271E+03    2.80914E+01    1.48538E+02    4.72068E-01   -6.76232E-01    1.21565E-01    1.63407E+00    2.36196E+00    1.88799E+00
    5.63664E+01    2.39036E+03    2.76432E+01    1.52834E+02    4.50524E-01   -6.60709E-01    1.18270E-01    1.62854E+00    2.34776E+00    1.88120E+00
    5.74611E+01    2.41589E+03    2.55343E+01    1.57229E+02    4.03665E-01   -6.24275E-01    1.18090E-01    1.60554E+00    2.29278E+00    1.86354E+00
    5.85682E+01    2.45155E+03    3.56615E+01    1.59463E+02    5.46925E-01   -6.95336E-01    2.51858E-01    1.73630E+00    2.51042E+00    2.29278E+00
    5.96878E+01    2.48274E+03    3.11856E+01    1.64008E+02    4.64065E-01   -6.70327E-01    1.21354E-01    1.66471E+00    2.41941E+00    1.93893E+00
    6.08200E+01    2.51303E+03    3.02960E+01    1.68656E+02    4.37490E-01   -6.52014E-01    1.11211E-01    1.65296E+00    2.39534E+00    1.90998E+00
    6.19650E+01    2.54253E+03    2.94985E+01    1.73410E+02    4.13432E-01   -6.34078E-01    1.06661E-01    1.64365E+00    2.37377E+00    1.89575E+00
    6.31230E+01    2.56967E+03    2.71403E+01    1.78272E+02    3.69230E-01   -5.98341E-01    1.05917E-01    1.61869E+00    2.31544E+00    1.87472E+00
    6.42940E+01    2.60713E+03    3.74611E+01    1.80744E+02    4.94766E-01   -6.63916E-01    2.32339E-01    1.74746E+00    2.52931E+00    2.31544E+00
    6.54783E+01    2.63964E+03    3.25109E+01    1.85773E+02    4.16909E-01   -6.36550E-01    1.08229E-01    1.67316E+00    2.43125E+00    1.94375E+00
    6.66760E+01    2.67076E+03    3.11181E+01    1.90916E+02    3.87502E-01   -6.14541E-01    9.92008E-02    1.65684E+00    2.39699E+00    1.91050E+00
    6.78872E+01    2.69921E+03    2.84523E+01    1.96176E+02    3.44096E-01   -5.78415E-01    9.76317E-02    1.62918E+00    2.33369E+00    1.88450E+00
    6.91121E+01    2.73808E+03    3.88673E+01    1.98850E+02    4.56562E-01   -6.39388E-01    2.18507E-01    1.75582E+00    2.54340E+00    2.33369E+00
    7.03508E+01    2.77134E+03    3.32546E+01    2.04290E+02    3.79465E-01   -6.07924E-01    9.94679E-02    1.67680E+00    2.43409E+00    1.94584E+00
    7.16036E+01    2.80131E+03    2.99712E+01    2.09854E+02    3.32261E-01   -5.68783E-01    9.35282E-02    1.64253E+00    2.35906E+00    1.90125E+00
    7.28704E+01    2.84194E+03    4.06352E+01    2.12683E+02    4.37705E-01   -6.27010E-01    2.11099E-01    1.76851E+00    2.56733E+00    2.35906E+00
    7.41516E+01    2.87657E+03    3.46303E+01    2.18438E+02    3.62481E-01   -5.94651E-01    9.41900E-02    1.68723E+00    2.45338E+00    1.95672E+00
    7.54473E+01    2.90775E+03    3.11722E+01    2.24323E+02    3.17098E-01   -5.56137E-01    8.83749E-02    1.65202E+00    2.37664E+00    1.91061E+00
    7.67576E+01    2.94978E+03    4.20329E+01    2.27316E+02    4.15583E-01   -6.12034E-01    2.02478E-01    1.77747E+00    2.58394E+00    2.37664E+00
    7.80828E+01    2.98548E+03    3.57027E+01    2.33403E+02    3.43127E-01   -5.78999E-01    8.88131E-02    1.69458E+00    2.46614E+00    1.96337E+00
    7.94229E+01    3.01743E+03    3.19531E+01    2.39628E+02    2.98536E-01   -5.39993E-01    8.33308E-02    1.65720E+00    2.38491E+00    1.91513E+00
    8.07781E+01    3.06004E+03    4.26081E+01    2.42794E+02    3.87034E-01   -5.91242E-01    1.93563E-01    1.77902E+00    2.58480E+00    2.38491E+00
    8.21487E+01    3.09416E+03    3.41147E+01    2.49232E+02    3.01308E-01   -5.42126E-01    8.60646E-02    1.67781E+00    2.42499E+00    1.95333E+00
    8.35347E+01    3.13916E+03    4.50033E+01    2.52507E+02    3.86515E-01   -5.90750E-01    1.93726E-01    1.79781E+00    2.62121E+00    2.42499E+00
    8.49364E+01    3.17507E+03    3.59109E+01    2.59166E+02    2.99945E-01   -5.41134E-01    8.43768E-02    1.69296E+00    2.45573E+00    1.97234E+00
    8.63540E+01    3.22252E+03    4.74524E+01    2.62552E+02    3.85483E-01   -5.90760E-01    1.91013E-01    1.81612E+00    2.65826E+00    2.45573E+00
    8.77875E+01    3.26237E+03    3.98486E+01    2.69440E+02    3.14869E-01   -5.55411E-01    7.99235E-02    1.72580E+00    2.52649E+00    1.99951E+00
    8.92373E+01    3.29795E+03    3.55824E+01    2.76485E+02    2.73501E-01   -5.17638E-01    7.45150E-02    1.68589E+00    2.44056E+00    1.94688E+00
    9.07034E+01    3.34494E+03    4.69833E+01    2.80067E+02    3.51325E-01   -5.65223E-01    1.78461E-01    1.80845E+00    2.64180E+00    2.44056E+00
    9.21861E+01    3.38253E+03    3.75925E+01    2.87353E+02    2.73492E-01   -5.17324E-01    7.66024E-02    1.70393E+00    2.47529E+00    1.98143E+00
    9.36856E+01    3.43162E+03    4.90863E+01    2.91058E+02    3.47470E-01   -5.62003E-01    1.77828E-01    1.82382E+00    2.67126E+00    2.47529E+00
    9.52020E+01    3.47057E+03    3.89507E+01    2.98594E+02    2.68299E-01   -5.12527E-01    7.49318E-02    1.71448E+00    2.49605E+00    1.99523E+00
    9.67356E+01    3.52122E+03    5.06487E+01    3.02425E+02    3.39510E-01   -5.55876E-01    1.74675E-01    1.83419E+00    2.69145E+00    2.49605E+00
    9.82864E+01    3.56124E+03    4.00277E+01    3.10220E+02    2.61130E-01   -5.05780E-01    7.29099E-02    1.72226E+00    2.51107E+00    2.00480E+00
    9.98548E+01    3.61302E+03    5.17788E+01    3.14183E+02    3.28770E-01   -5.47291E-01    1.71003E-01    1.84091E+00    2.70411E+00    2.51107E+00
    1.01441E+02    3.65321E+03    4.01899E+01    3.22244E+02    2.48389E-01   -4.93265E-01    7.12680E-02    1.72218E+00    2.50895E+00    2.00782E+00
    1.03045E+02    3.70351E+03    5.02969E+01    3.26343E+02    3.02596E-01   -5.23725E-01    1.68252E-01    1.82697E+00    2.67177E+00    2.50895E+00
    1.04667E+02    3.76277E+03    5.92656E+01    3.30489E+02    3.47106E-01   -5.57976E-01    1.89126E-01    1.89652E+00    2.80674E+00    2.67177E+00
    1.06308E+02    3.80783E+03    4.50572E+01    3.38921E+02    2.56915E-01   -5.01877E-01    7.09519E-02    1.76080E+00    2.58876E+00    2.05825E+00
    1.07967E+02    3.86575E+03    5.79135E+01    3.43208E+02    3.21514E-01   -5.41983E-01    1.66637E-01    1.88227E+00    2.78650E+00    2.58876E+00
    1.09645E+02    3.91134E+03    4.55928E+01    3.51929E+02    2.46456E-01   -4.91852E-01    6.73622E-02    1.76303E+00    2.59289E+00    2.05511E+00
    1.11341E+02    3.96990E+03    5.85581E+01    3.56364E+02    3.08234E-01   -5.31182E-01    1.61493E-01    1.88474E+00    2.79109E+00    2.59289E+00
    1.13057E+02    4.01540E+03    4.55026E+01    3.65384E+02    2.33242E-01   -4.78491E-01    6.54883E-02    1.76084E+00    2.58651E+00    2.05454E+00
    1.14793E+02    4.07203E+03    5.66312E+01    3.69970E+02    2.82704E-01   -5.07576E-01    1.58336E-01    1.86840E+00    2.75415E+00    2.58651E+00
    1.16547E+02    4.13837E+03    6.63368E+01    3.74609E+02    3.22524E-01   -5.39374E-01    1.77761E-01    1.93883E+00    2.89071E+00    2.75415E+00
    1.18322E+02    4.18879E+03    5.04238E+01    3.84044E+02    2.38781E-01   -4.84311E-01    6.49913E-02    1.79743E+00    2.66179E+00    2.10230E+00
    1.20117E+02    4.25304E+03    6.42526E+01    3.88841E+02    2.96371E-01   -5.21480E-01    1.56302E-01    1.92032E+00    2.86153E+00    2.66179E+00
    1.21932E+02    4.30281E+03    4.97688E+01    3.98599E+02    2.23619E-01   -4.68795E-01    6.20511E-02    1.79061E+00    2.64629E+00    2.09166E+00
    1.23768E+02    4.36443E+03    6.16194E+01    4.03561E+02    2.69712E-01   -4.96544E-01    1.52172E-01    1.89966E+00    2.81624E+00    2.64629E+00
    1.25624E+02    4.43615E+03    7.17230E+01    4.08579E+02    3.05841E-01   -5.26053E-01    1.70614E-01    1.96966E+00    2.95168E+00    2.81624E+00
    1.27501E+02    4.48985E+03    5.36993E+01    4.18786E+02    2.23092E-01   -4.68273E-01    6.17392E-02    1.81834E+00    2.70238E+00    2.13165E+00
    1.29400E+02    4.55607E+03    6.62180E+01    4.23976E+02    2.68035E-01   -4.95295E-01    1.50727E-01    1.92884E+00    2.87446E+00    2.70238E+00
    1.31320E+02    4.63303E+03    7.69612E+01    4.29225E+02    3.03537E-01   -5.24570E-01    1.68415E-01    2.00038E+00    3.01320E+00    2.87446E+00
    1.33262E+02    4.69157E+03    5.85324E+01    4.39901E+02    2.24948E-01   -4.70500E-01    5.98083E-02    1.85074E+00    2.76943E+00    2.16820E+00
    1.35225E+02    4.76570E+03    7.41362E+01    4.45329E+02    2.77640E-01   -5.05890E-01    1.47362E-01    1.97839E+00    2.97735E+00    2.76943E+00
    1.37211E+02    4.82327E+03    5.75634E+01    4.56371E+02    2.10081E-01   -4.54795E-01    5.69488E-02    1.84220E+00    2.75041E+00    2.15485E+00
    1.39219E+02    4.89417E+03    7.09052E+01    4.61986E+02    2.52190E-01   -4.81338E-01    1.43191E-01    1.95541E+00    2.92749E+00    2.75041E+00
    1.41250E+02    4.97625E+03    8.20816E+01    4.67664E+02    2.84529E-01   -5.08737E-01    1.60360E-01    2.02710E+00    3.06612E+00    2.92749E+00
    1.43304E+02    5.03775E+03    6.14978E+01    4.79214E+02    2.07774E-01   -4.52300E-01    5.65522E-02    1.86795E+00    2.80214E+00    2.19269E+00
    1.45381E+02    5.11304E+03    7.52855E+01    4.85087E+02    2.47921E-01   -4.77419E-01    1.41393E-01    1.98104E+00    2.97825E+00    2.80214E+00
    1.47482E+02    5.19970E+03    8.66656E+01    4.91026E+02    2.78188E-01   -5.03287E-01    1.57765E-01    2.05172E+00    3.11485E+00    2.97825E+00
    1.49606E+02    5.26405E+03    6.43497E+01    5.03107E+02    2.01348E-01   -4.45310E-01    5.51987E-02    1.88521E+00    2.83650E+00    2.21676E+00
    1.51754E+02    5.34193E+03    7.78804E+01    5.09249E+02    2.37551E-01   -4.67268E-01    1.38607E-01    1.99457E+00    3.00405E+00    2.83650E+00
    1.53927E+02    5.42890E+03    8.69738E+01    5.15462E+02    2.58621E-01   -4.84273E-01    1.55244E-01    2.05040E+00    3.10844E+00    3.00405E+00
    1.56124E+02    5.52616E+03    9.72592E+01    5.21744E+02    2.81949E-01   -5.06031E-01    1.60878E-01    2.10902E+00    3.22709E+00    3.10844E+00
    1.58346E+02    5.59787E+03    7.17070E+01    5.34523E+02    2.02667E-01   -4.46891E-01    5.43705E-02    1.93020E+00    2.92876E+00    2.27564E+00
    1.60593E+02    5.68513E+03    8.72581E+01    5.41021E+02    2.40452E-01   -4.70795E-01    1.37127E-01    2.04768E+00    3.11154E+00    2.92876E+00
    1.62866E+02    5.78505E+03    9.99198E+01    5.47592E+02    2.68468E-01   -4.95174E-01    1.52545E-01    2.12032E+00    3.25191E+00    3.11154E+00
    1.65164E+02    5.85924E+03    7.41876E+01    5.60958E+02    1.94360E-01   -4.37743E-01    5.23545E-02    1.94351E+00    2.95516E+00    2.29143E+00
    1.67488E+02    5.94868E+03    8.94466E+01    5.67755E+02    2.28502E-01   -4.58987E-01    1.33541E-01    2.05768E+00    3.13041E+00    2.95516E+00
    1.69838E+02    6.04821E+03    9.95256E+01    5.74628E+02    2.47930E-01   -4.74989E-01    1.49383E-01    2.11512E+00    3.23779E+00    3.13041E+00
    1.72215E+02    6.15901E+03    1.10805E+02    5.81579E+02    2.69176E-01   -4.95242E-01    1.54634E-01    2.17493E+00    3.35870E+00    3.23779E+00
    1.74619E+02    6.24028E+03    8.12636E+01    5.95718E+02    1.92519E-01   -4.35737E-01    5.15022E-02    1.98368E+00    3.03698E+00    2.34572E+00
    1.77050E+02    6.33794E+03    9.76637E+01    6.02907E+02    2.25646E-01   -4.56395E-01    1.31718E-01    2.10059E+00    3.21630E+00    3.03698E+00
    1.79508E+02    6.44635E+03    1.08408E+02    6.10178E+02    2.44279E-01   -4.71860E-01    1.47063E-01    2.15901E+00    3.32556E+00    3.21630E+00
    1.81994E+02    6.56680E+03    1.20453E+02    6.17531E+02    2.64722E-01   -4.91531E-01    1.52052E-01    2.22005E+00    3.44896E+00    3.32556E+00
    1.84509E+02    6.65523E+03    8.84274E+01    6.32487E+02    1.89548E-01   -4.32471E-01    5.01665E-02    2.02226E+00    3.11574E+00    2.39529E+00
    1.87052E+02    6.76135E+03    1.06124E+02    6.40091E+02    2.21882E-01   -4.52925E-01    1.29386E-01    2.14277E+00    3.30090E+00    3.11574E+00
    1.89623E+02    6.87902E+03    1.17665E+02    6.47782E+02    2.39964E-01   -4.68097E-01    1.44394E-01    2.20280E+00    3.41325E+00    3.30090E+00
    1.92223E+02    7.00960E+03    1.30584E+02    6.55560E+02    2.59773E-01   -4.87341E-01    1.49238E-01    2.26549E+00    3.53994E+00    3.41325E+00
    1.94853E+02    7.10564E+03    9.60332E+01    6.71380E+02    1.86356E-01   -4.28922E-01    4.88058E-02    2.06157E+00    3.19593E+00    2.44546E+00
    1.97513E+02    7.22074E+03    1.15104E+02    6.79424E+02    2.17894E-01   -4.49184E-01    1.26994E-01    2.18576E+00    3.38713E+00    3.19593E+00
    2.00203E+02    7.34822E+03    1.27482E+02    6.87560E+02    2.35423E-01   -4.64058E-01    1.41677E-01    2.24742E+00    3.50259E+00    3.38713E+00
    2.02923E+02    7.48953E+03    1.41303E+02    6.95787E+02    2.54572E-01   -4.82849E-01    1.46385E-01    2.31171E+00    3.63246E+00    3.50259E+00
    2.05673E+02    7.59357E+03    1.04049E+02    7.12521E+02    1.82881E-01   -4.25004E-01    4.74608E-02    2.10138E+00    3.27704E+00    2.49626E+00
    2.08455E+02    7.71808E+03    1.24504E+02    7.21030E+02    2.13501E-01   -4.44956E-01    1.24559E-01    2.22898E+00    3.47375E+00    3.27704E+00
    2.11269E+02    7.85573E+03    1.37657E+02    7.29636E+02    2.30309E-01   -4.59366E-01    1.38897E-01    2.29184E+00    3.59144E+00    3.47375E+00
    2.14114E+02    8.00798E+03    1.52244E+02    7.38338E+02    2.48522E-01   -4.77435E-01    1.43448E-01    2.35701E+00    3.72299E+00    3.59144E+00
    2.16991E+02    8.11976E+03    1.11783E+02    7.56040E+02    1.78042E-01   -4.19416E-01    4.61730E-02    2.13822E+00    3.35177E+00    2.54459E+00
    2.19901E+02    8.25276E+03    1.33002E+02    7.65041E+02    2.06700E-01   -4.37978E-01    1.21966E-01    2.26621E+00    3.54778E+00    3.35177E+00
    2.22843E+02    8.39825E+03    1.45488E+02    7.74144E+02    2.20627E-01   -4.49599E-01    1.35967E-01    2.32394E+00    3.65439E+00    3.54778E+00
    2.25819E+02    8.55463E+03    1.56380E+02    7.83349E+02    2.31403E-01   -4.59928E-01    1.40957E-01    2.37129E+00    3.74768E+00    3.65439E+00
    2.28829E+02    8.72554E+03    1.70910E+02    7.92659E+02    2.46789E-01   -4.75774E-01    1.42929E-01    2.43193E+00    3.87183E+00    3.74768E+00
    2.31872E+02    8.85004E+03    1.24503E+02    8.11595E+02    1.75436E-01   -4.16397E-01    4.52772E-02    2.19678E+00    3.47122E+00    2.62306E+00
    2.34950E+02    8.99750E+03    1.47456E+02    8.21224E+02    2.02766E-01   -4.33991E-01    1.20078E-01    2.32794E+00    3.67123E+00    3.47122E+00
    2.38063E+02    9.15784E+03    1.60337E+02    8.30961E+02    2.15165E-01   -4.44189E-01    1.33645E-01    2.38439E+00    3.77478E+00    3.67123E+00
    2.41211E+02    9.32839E+03    1.70552E+02    8.40809E+02    2.23362E-01   -4.51877E-01    1.38456E-01    2.42656E+00    3.85700E+00    3.77478E+00
    2.44394E+02    9.50972E+03    1.81329E+02    8.50768E+02    2.31763E-01   -4.60339E-01    1.40895E-01    2.46952E+00    3.94321E+00    3.85700E+00
    2.47614E+02    9.70681E+03    1.97091E+02    8.60839E+02    2.45857E-01   -4.75112E-01    1.41865E-01    2.53039E+00    4.06857E+00    3.94321E+00
    2.50870E+02    9.85037E+03    1.43563E+02    8.81325E+02    1.74785E-01   -4.15714E-01    4.43436E-02    2.27937E+00    3.64046E+00    2.73102E+00
    2.54162E+02    1.00204E+04    1.70036E+02    8.91741E+02    2.02050E-01   -4.33585E-01    1.18550E-01    2.41935E+00    3.85499E+00    3.64046E+00
    2.57492E+02    1.02058E+04    1.85350E+02    9.02276E+02    2.14970E-01   -4.44507E-01    1.31845E-01    2.48160E+00    3.97003E+00    3.85499E+00
    2.60859E+02    1.04044E+04    1.98663E+02    9.12929E+02    2.24895E-01   -4.54177E-01    1.36449E-01    2.53262E+00    4.07062E+00    3.97003E+00
    2.64265E+02    1.06209E+04    2.16502E+02    9.23703E+02    2.39228E-01   -4.69180E-01    1.38196E-01    2.59835E+00    4.20510E+00    4.07062E+00
    2.67709E+02    1.07791E+04    1.58136E+02    9.45618E+02    1.70560E-01   -4.10745E-01    4.29961E-02    2.33844E+00    3.76097E+00    2.80690E+00
    2.71192E+02    1.09658E+04    1.86775E+02    9.56761E+02    1.96640E-01   -4.27994E-01    1.16020E-01    2.48257E+00    3.98160E+00    3.76097E+00
    2.74714E+02    1.11685E+04    2.02639E+02    9.68030E+02    2.08253E-01   -4.37733E-01    1.29009E-01    2.54402E+00    4.09447E+00    3.98160E+00
    2.78276E+02    1.13836E+04    2.15106E+02    9.79426E+02    2.15797E-01   -4.44933E-01    1.33538E-01    2.58961E+00    4.18338E+00    4.09447E+00
    2.81878E+02    1.16118E+04    2.28176E+02    9.90952E+02    2.23459E-01   -4.52791E-01    1.35792E-01    2.63583E+00    4.27607E+00    4.18338E+00
    2.85521E+02    1.18590E+04    2.47251E+02    1.00261E+03    2.36379E-01   -4.66592E-01    1.36644E-01    2.70122E+00    4.41056E+00    4.27607E+00
    2.89205E+02    1.20390E+04    1.80010E+02    1.02631E+03    1.68004E-01   -4.07723E-01    4.20234E-02    2.42276E+00    3.93331E+00    2.91809E+00
    2.92931E+02    1.22510E+04    2.11947E+02    1.03837E+03    1.93112E-01   -4.24374E-01    1.14103E-01    2.57316E+00    4.16317E+00    3.93331E+00
    2.96699E+02    1.24801E+04    2.29117E+02    1.05056E+03    2.03803E-01   -4.33293E-01    1.26727E-01    2.63546E+00    4.27723E+00    4.16317E+00
    3.00509E+02    1.27220E+04    2.41947E+02    1.06289E+03    2.10112E-01   -4.39245E-01    1.31057E-01    2.67947E+00    4.36260E+00    4.27723E+00
    3.04363E+02    1.29762E+04    2.54133E+02    1.07536E+03    2.15466E-01   -4.44651E-01    1.33234E-01    2.71995E+00    4.44305E+00    4.36260E+00
    3.08260E+02    1.32443E+04    2.68116E+02    1.08797E+03    2.21939E-01   -4.51478E-01    1.34563E-01    2.76525E+00    4.53458E+00    4.44305E+00
    3.12201E+02    1.35338E+04    2.89500E+02    1.10072E+03    2.33972E-01   -4.64494E-01    1.34970E-01    2.83269E+00    4.67360E+00    4.53458E+00
    3.16187E+02    1.37444E+04    2.10639E+02    1.12666E+03    1.66213E-01   -4.05618E-01    4.10698E-02    2.53271E+00    4.15844E+00    3.06234E+00
    3.20217E+02    1.39920E+04    2.47580E+02    1.13985E+03    1.90748E-01   -4.22044E-01    1.12370E-01    2.69295E+00    4.40363E+00    4.15844E+00
    3.24294E+02    1.42593E+04    2.67280E+02    1.15318E+03    2.01065E-01   -4.30713E-01    1.24705E-01    2.75890E+00    4.52445E+00    4.40363E+00
    3.28416E+02    1.45412E+04    2.81942E+02    1.16667E+03    2.07092E-01   -4.36441E-01    1.28885E-01    2.80537E+00    4.61461E+00    4.52445E+00
    3.32585E+02    1.48371E+04    2.95845E+02    1.18031E+03    2.12183E-01   -4.41624E-01    1.30964E-01    2.84808E+00    4.69949E+00    4.61461E+00
    3.36801E+02    1.51489E+04    3.11795E+02    1.19411E+03    2.18356E-01   -4.48190E-01    1.32218E-01    2.89588E+00    4.79605E+00    4.69949E+00
    3.41064E+02    1.54851E+04    3.36216E+02    1.20806E+03    2.29917E-01   -4.60804E-01    1.32575E-01    2.96714E+00    4.94287E+00    4.79605E+00
    3.45376E+02    1.57299E+04    2.44811E+02    1.23644E+03    1.63473E-01   -4.02335E-01    3.99975E-02    2.64626E+00    4.39079E+00    3.21058E+00
    3.49737E+02    1.60171E+04    2.87176E+02    1.25087E+03    1.87256E-01   -4.18424E-01    1.10352E-01    2.81626E+00    4.65105E+00    4.39079E+00
    3.54147E+02    1.63264E+04    3.09354E+02    1.26546E+03    1.96980E-01   -4.26615E-01    1.22389E-01    2.88504E+00    4.77689E+00    4.65105E+00
    3.58606E+02    1.66518E+04    3.25382E+02    1.28022E+03    2.02323E-01   -4.31673E-01    1.26416E-01    2.93216E+00    4.86808E+00    4.77689E+00
    3.63116E+02    1.69916E+04    3.39834E+02    1.29514E+03    2.06353E-01   -4.35740E-01    1.28389E-01    2.97337E+00    4.94960E+00    4.86808E+00
    3.67677E+02    1.73465E+04    3.54827E+02    1.31023E+03    2.10406E-01   -4.40006E-01    1.29619E-01    3.01515E+00    5.03328E+00    4.94960E+00
    3.72290E+02    1.77193E+04    3.72822E+02    1.32550E+03    2.15898E-01   -4.45958E-01    1.30460E-01    3.06427E+00    5.13281E+00    5.03328E+00
    3.76954E+02    1.81204E+04    4.01084E+02    1.34093E+03    2.26828E-01   -4.58010E-01    1.30594E-01    3.13950E+00    5.28795E+00    5.13281E+00
    3.81672E+02    1.84125E+04    2.92157E+02    1.37233E+03    1.61360E-01   -3.99797E-01    3.90185E-02    2.79139E+00    4.68796E+00    3.40048E+00
    3.86442E+02    1.87547E+04    3.42186E+02    1.38830E+03    1.84572E-01   -4.15682E-01    1.08539E-01    2.97449E+00    4.96870E+00    4.68796E+00
    3.91267E+02    1.91229E+04    3.68171E+02    1.40444E+03    1.93948E-01   -4.23646E-01    1.20299E-01    3.04812E+00    5.10351E+00    4.96870E+00
    3.96146E+02    1.95097E+04    3.86860E+02    1.42077E+03    1.99034E-01   -4.28499E-01    1.24190E-01    3.09840E+00    5.20082E+00    5.10351E+00
    4.01080E+02    1.99134E+04    4.03664E+02    1.43728E+03    2.02833E-01   -4.32363E-01    1.26075E-01    3.14228E+00    5.28764E+00    5.20082E+00
    4.06070E+02    2.03345E+04    4.21066E+02    1.45398E+03    2.06642E-01   -4.36410E-01    1.27233E-01    3.18671E+00    5.37661E+00    5.28764E+00
    4.11116E+02    2.07764E+04    4.41939E+02    1.47087E+03    2.11829E-01   -4.42088E-01    1.28013E-01    3.23892E+00    5.48239E+00    5.37661E+00
    4.16220E+02    2.12512E+04    4.74765E+02    1.48795E+03    2.22262E-01   -4.53708E-01    1.28103E-01    3.31902E+00    5.64748E+00    5.48239E+00
    4.21381E+02    2.15971E+04    3.45960E+02    1.52269E+03    1.58190E-01   -3.95917E-01    3.79504E-02    2.94266E+00    4.99749E+00    3.59813E+00
    4.26600E+02    2.20015E+04    4.04333E+02    1.54035E+03    1.80579E-01   -4.11402E-01    1.06429E-01    3.13853E+00    5.29786E+00    4.99749E+00
    4.31879E+02    2.24355E+04    4.34026E+02    1.55821E+03    1.89331E-01   -4.18853E-01    1.17870E-01    3.21578E+00    5.43906E+00    5.29786E+00
    4.37217E+02    2.28902E+04    4.54734E+02    1.57628E+03    1.93754E-01   -4.23048E-01    1.21590E-01    3.26700E+00    5.53791E+00    5.43906E+00
    4.42615E+02    2.33627E+04    4.72512E+02    1.59455E+03    1.96651E-01   -4.25956E-01    1.23339E-01    3.30972E+00    5.62208E+00    5.53791E+00
    4.48074E+02    2.38523E+04    4.89541E+02    1.61303E+03    1.99007E-01   -4.28412E-01    1.24376E-01    3.34976E+00    5.70173E+00    5.62208E+00
    4.53595E+02    2.43594E+04    5.07097E+02    1.63171E+03    2.01359E-01   -4.30938E-01    1.25104E-01    3.39028E+00    5.78286E+00    5.70173E+00
    4.59179E+02    2.48860E+04    5.26604E+02    1.65061E+03    2.04254E-01   -4.34119E-01    1.25679E-01    3.43457E+00    5.87204E+00    5.78286E+00
    4.64825E+02    2.54369E+04    5.50970E+02    1.66972E+03    2.08750E-01   -4.39141E-01    1.26116E-01    3.48894E+00    5.98248E+00    5.87204E+00
    4.70535E+02    2.60273E+04    5.90326E+02    1.68904E+03    2.18478E-01   -4.50115E-01    1.25996E-01    3.57475E+00    6.15947E+00    5.98248E+00
    4.76310E+02    2.64572E+04    4.29953E+02    1.72835E+03    1.55439E-01   -3.92521E-01    3.69673E-02    3.15701E+00    5.43648E+00    3.87950E+00
    4.82150E+02    2.69587E+04    5.01504E+02    1.74834E+03    1.77109E-01   -4.07671E-01    1.04468E-01    3.37170E+00    5.76590E+00    5.43648E+00
    4.88056E+02    2.74961E+04    5.37398E+02    1.76855E+03    1.85394E-01   -4.14766E-01    1.15597E-01    3.45534E+00    5.91874E+00    5.76590E+00
    4.94029E+02    2.80582E+04    5.62101E+02    1.78899E+03    1.89431E-01   -4.18608E-01    1.19155E-01    3.51015E+00    6.02446E+00    5.91874E+00
    5.00069E+02    2.86412E+04    5.83016E+02    1.80967E+03    1.91937E-01   -4.21127E-01    1.20787E-01    3.55528E+00    6.11330E+00    6.02446E+00
    5.06178E+02    2.92439E+04    6.02691E+02    1.83057E+03    1.93830E-01   -4.23099E-01    1.21724E-01    3.59685E+00    6.19590E+00    6.11330E+00
    5.12356E+02    2.98663E+04    6.22414E+02    1.85172E+03    1.95549E-01   -4.24945E-01    1.22356E-01    3.63780E+00    6.27768E+00    6.19590E+00
    5.18603E+02    3.05096E+04    6.43258E+02    1.87310E+03    1.97433E-01   -4.27016E-01    1.22842E-01    3.68039E+00    6.36311E+00    6.27768E+00
    5.24921E+02    3.11764E+04    6.66771E+02    1.89472E+03    1.99927E-01   -4.29809E-01    1.23253E-01    3.72770E+00    6.45848E+00    6.36311E+00
    5.31310E+02    3.18728E+04    6.96463E+02    1.91659E+03    2.04013E-01   -4.34447E-01    1.23568E-01    3.78648E+00    6.57792E+00    6.45848E+00
    5.37772E+02    3.26177E+04    7.44892E+02    1.93871E+03    2.13169E-01   -4.44916E-01    1.23363E-01    3.88019E+00    6.77120E+00    6.57792E+00
    5.44306E+02    3.31604E+04    5.42684E+02    1.98369E+03    1.51723E-01   -3.87861E-01    3.58715E-02    3.41398E+00    5.96273E+00    4.21625E+00
    5.50915E+02    3.37922E+04    6.31816E+02    2.00656E+03    1.72574E-01   -4.02653E-01    1.02196E-01    3.65128E+00    6.32713E+00    5.96273E+00
    5.57598E+02    3.44681E+04    6.75892E+02    2.02970E+03    1.80362E-01   -4.09383E-01    1.12994E-01    3.74258E+00    6.49390E+00    6.32713E+00
    5.64357E+02    3.51739E+04    7.05768E+02    2.05309E+03    1.84000E-01   -4.12860E-01    1.16389E-01    3.80158E+00    6.60762E+00    6.49390E+00
    5.71192E+02    3.59045E+04    7.30651E+02    2.07675E+03    1.86105E-01   -4.14973E-01    1.17905E-01    3.84943E+00    6.70171E+00    6.60762E+00
    5.78104E+02    3.66581E+04    7.53590E+02    2.10067E+03    1.87533E-01   -4.16455E-01    1.18737E-01    3.89267E+00    6.78747E+00    6.70171E+00
    5.85094E+02    3.74341E+04    7.75941E+02    2.12487E+03    1.88656E-01   -4.17651E-01    1.19264E-01    3.93409E+00    6.87001E+00    6.78747E+00
    5.92163E+02    3.82326E+04    7.98527E+02    2.14934E+03    1.89687E-01   -4.18776E-01    1.19639E-01    3.97531E+00    6.95241E+00    6.87001E+00
    5.99313E+02    3.90547E+04    8.22080E+02    2.17408E+03    1.90796E-01   -4.20013E-01    1.19937E-01    4.01769E+00    7.03732E+00    6.95241E+00
    6.06543E+02    3.99023E+04    8.47569E+02    2.19911E+03    1.92195E-01   -4.21600E-01    1.20201E-01    4.06292E+00    7.12822E+00    7.03732E+00
    6.13854E+02    4.07790E+04    8.76782E+02    2.22441E+03    1.94256E-01   -4.23968E-01    1.20447E-01    4.11405E+00    7.23139E+00    7.12822E+00
    6.21249E+02    4.16932E+04    9.14144E+02    2.25001E+03    1.97887E-01   -4.28176E-01    1.20634E-01    4.17843E+00    7.36229E+00    7.23139E+00
    6.28727E+02    4.26690E+04    9.75827E+02    2.27589E+03    2.06395E-01   -4.38080E-01    1.20339E-01    4.28239E+00    7.57669E+00    7.36229E+00
    6.36289E+02    4.33800E+04    7.10958E+02    2.32854E+03    1.46926E-01   -3.81737E-01    3.46762E-02    3.75196E+00    6.65502E+00    4.65962E+00
    6.43937E+02    4.42061E+04    8.26154E+02    2.35531E+03    1.66819E-01   -3.96110E-01    9.95787E-02    4.01906E+00    7.06546E+00    6.65502E+00
    6.51671E+02    4.50884E+04    8.82309E+02    2.38238E+03    1.74077E-01   -4.02461E-01    1.10007E-01    4.12054E+00    7.25076E+00    7.06546E+00
    6.59493E+02    4.60083E+04    9.19857E+02    2.40976E+03    1.77329E-01   -4.05596E-01    1.13229E-01    4.18534E+00    7.37559E+00    7.25076E+00
    6.67403E+02    4.69590E+04    9.50745E+02    2.43745E+03    1.79087E-01   -4.07367E-01    1.14625E-01    4.23731E+00    7.47770E+00    7.37559E+00
    6.75402E+02    4.79379E+04    9.78863E+02    2.46545E+03    1.80164E-01   -4.08481E-01    1.15356E-01    4.28372E+00    7.56969E+00    7.47770E+00
    6.83492E+02    4.89438E+04    1.00586E+03    2.49376E+03    1.80898E-01   -4.09257E-01    1.15786E-01    4.32757E+00    7.65698E+00    7.56969E+00
    6.91673E+02    4.99764E+04    1.03262E+03    2.52240E+03    1.81463E-01   -4.09868E-01    1.16063E-01    4.37040E+00    7.74246E+00    7.65698E+00
    6.99947E+02    5.10361E+04    1.05974E+03    2.55136E+03    1.81971E-01   -4.10433E-01    1.16255E-01    4.41323E+00    7.82810E+00    7.74246E+00
    7.08314E+02    5.21239E+04    1.08778E+03    2.58065E+03    1.82517E-01   -4.11056E-01    1.16403E-01    4.45695E+00    7.91565E+00    7.82810E+00
    7.16776E+02    5.32413E+04    1.11745E+03    2.61027E+03    1.83211E-01   -4.11864E-01    1.16532E-01    4.50263E+00    8.00728E+00    7.91565E+00
    7.25333E+02    5.43912E+04    1.14988E+03    2.64022E+03    1.84223E-01   -4.13054E-01    1.16659E-01    4.55194E+00    8.10643E+00    8.00728E+00
    7.33987E+02    5.55786E+04    1.18737E+03    2.67052E+03    1.85886E-01   -4.15026E-01    1.16788E-01    4.60819E+00    8.22002E+00    8.10643E+00
    7.42739E+02    5.68143E+04    1.23574E+03    2.70115E+03    1.89043E-01   -4.18789E-01    1.16871E-01    4.67973E+00    8.36549E+00    8.22002E+00
    7.51590E+02    5.81308E+04    1.31650E+03    2.73213E+03    1.96802E-01   -4.28054E-01    1.16500E-01    4.79655E+00    8.60641E+00    8.36549E+00
    7.60540E+02    5.90897E+04    9.58884E+02    2.79515E+03    1.40072E-01   -3.72781E-01    3.32709E-02    4.18354E+00    7.53894E+00    5.22594E+00
    7.69592E+02    6.02016E+04    1.11193E+03    2.82719E+03    1.58725E-01   -3.86593E-01    9.62828E-02    4.48823E+00    8.00728E+00    7.53894E+00
    7.78746E+02    6.13869E+04    1.18527E+03    2.85960E+03    1.65337E-01   -3.92486E-01    1.06266E-01    4.60223E+00    8.21529E+00    8.00728E+00
    7.88004E+02    6.26204E+04    1.23350E+03    2.89237E+03    1.68143E-01   -3.95221E-01    1.09284E-01    4.67393E+00    8.35329E+00    8.21529E+00
    7.97366E+02    6.38930E+04    1.27258E+03    2.92551E+03    1.69518E-01   -3.96609E-01    1.10543E-01    4.73066E+00    8.46465E+00    8.35329E+00
    8.06834E+02    6.52007E+04    1.30767E+03    2.95902E+03    1.70225E-01   -3.97327E-01    1.11159E-01    4.78068E+00    8.56371E+00    8.46465E+00
    8.16409E+02    6.65416E+04    1.34089E+03    2.99292E+03    1.70574E-01   -3.97676E-01    1.11481E-01    4.82731E+00    8.65644E+00    8.56371E+00
    8.26092E+02    6.79148E+04    1.37327E+03    3.02720E+03    1.70716E-01   -3.97808E-01    1.11648E-01    4.87215E+00    8.74584E+00    8.65644E+00
    8.35885E+02    6.93202E+04    1.40541E+03    3.06186E+03    1.70736E-01   -3.97810E-01    1.11726E-01    4.91611E+00    8.83360E+00    8.74584E+00
    8.45788E+02    7.07579E+04    1.43772E+03    3.09692E+03    1.70687E-01   -3.97742E-01    1.11750E-01    4.95978E+00    8.92085E+00    8.83360E+00
    8.55803E+02    7.22285E+04    1.47051E+03    3.13237E+03    1.70609E-01   -3.97647E-01    1.11740E-01    5.00359E+00    9.00847E+00    8.92085E+00
    8.65932E+02    7.37326E+04    1.50410E+03    3.16823E+03    1.70539E-01   -3.97567E-01    1.11711E-01    5.04797E+00    9.09728E+00    9.00847E+00
    8.76174E+02    7.52714E+04    1.53887E+03    3.20448E+03    1.70514E-01   -3.97546E-01    1.11674E-01    5.09339E+00    9.18825E+00    9.09728E+00
    8.86533E+02    7.68468E+04    1.57532E+03    3.24115E+03    1.70586E-01   -3.97647E-01    1.11635E-01    5.14049E+00    9.28268E+00    9.18825E+00
    8.97009E+02    7.84610E+04    1.61429E+03    3.27824E+03    1.70834E-01   -3.97967E-01    1.11605E-01    5.19028E+00    9.38264E+00    9.28268E+00
    9.07603E+02    8.01183E+04    1.65727E+03    3.31574E+03    1.71398E-01   -3.98680E-01    1.11590E-01    5.24459E+00    9.49191E+00    9.38264E+00
    9.18316E+02    8.18257E+04    1.70741E+03    3.35366E+03    1.72574E-01   -4.00152E-01    1.11587E-01    5.30720E+00    9.61839E+00    9.49191E+00
    9.29151E+02    8.35986E+04    1.77290E+03    3.39202E+03    1.75124E-01   -4.03338E-01    1.11549E-01    5.38784E+00    9.78245E+00    9.61839E+00
    9.40108E+02    8.54827E+04    1.88404E+03    3.43080E+03    1.81878E-01   -4.11749E-01    1.11088E-01    5.52177E+00    1.00587E+01    9.78245E+00
    9.51189E+02    8.68531E+04    1.37042E+03    3.50970E+03    1.29293E-01   -3.58196E-01    3.14406E-02    4.79035E+00    8.78182E+00    6.02363E+00
    9.62395E+02    8.84382E+04    1.58517E+03    3.54982E+03    1.46161E-01   -3.71168E-01    9.16256E-02    5.14711E+00    9.32986E+00    8.78182E+00
    9.73728E+02    9.01241E+04    1.68583E+03    3.59039E+03    1.51917E-01   -3.76450E-01    1.01004E-01    5.27786E+00    9.56807E+00    9.32986E+00
    9.85189E+02    9.18747E+04    1.75058E+03    3.63142E+03    1.54174E-01   -3.78692E-01    1.03760E-01    5.35847E+00    9.72300E+00    9.56807E+00
    9.96779E+02    9.36768E+04    1.80211E+03    3.67291E+03    1.55114E-01   -3.79633E-01    1.04847E-01    5.42120E+00    9.84601E+00    9.72300E+00
    1.00850E+03    9.55245E+04    1.84771E+03    3.71487E+03    1.55434E-01   -3.79922E-01    1.05325E-01    5.47578E+00    9.95400E+00    9.84601E+00
    1.02035E+03    9.74148E+04    1.89033E+03    3.75731E+03    1.55416E-01   -3.79843E-01    1.05523E-01    5.52608E+00    1.00540E+01    9.95400E+00
    1.03234E+03    9.93462E+04    1.93140E+03    3.80022E+03    1.55195E-01   -3.79538E-01    1.05572E-01    5.57395E+00    1.01493E+01    1.00540E+01
    1.04447E+03    1.01318E+05    1.97169E+03    3.84362E+03    1.54844E-01   -3.79086E-01    1.05532E-01    5.62039E+00    1.02420E+01    1.01493E+01
    1.05673E+03    1.03330E+05    2.01168E+03    3.88751E+03    1.54406E-01   -3.78536E-01    1.05437E-01    5.66597E+00    1.03330E+01    1.02420E+01
    1.06912E+03    1.05381E+05    2.05168E+03    3.93190E+03    1.53911E-01   -3.77918E-01    1.05304E-01    5.71111E+00    1.04232E+01    1.03330E+01
    1.08166E+03    1.07473E+05    2.09195E+03    3.97679E+03    1.53379E-01   -3.77258E-01    1.05146E-01    5.75609E+00    1.05131E+01    1.04232E+01
    1.09434E+03    1.09606E+05    2.13268E+03    4.02218E+03    1.52827E-01   -3.76574E-01    1.04970E-01    5.80114E+00    1.06031E+01    1.05131E+01
    1.10717E+03    1.11780E+05    2.17408E+03    4.06809E+03    1.52269E-01   -3.75885E-01    1.04782E-01    5.84650E+00    1.06939E+01    1.06031E+01
    1.12014E+03    1.13996E+05    2.21640E+03    4.11452E+03    1.51721E-01   -3.75210E-01    1.04588E-01    5.89242E+00    1.07858E+01    1.06939E+01
    1.13325E+03    1.16256E+05    2.25994E+03    4.16147E+03    1.51202E-01   -3.74573E-01    1.04390E-01    5.93921E+00    1.08795E+01    1.07858E+01
    1.14652E+03    1.18561E+05    2.30513E+03    4.20895E+03    1.50738E-01   -3.74008E-01    1.04195E-01    5.98733E+00    1.09759E+01    1.08795E+01
    1.15993E+03    1.20914E+05    2.35264E+03    4.25697E+03    1.50367E-01   -3.73564E-01    1.04005E-01    6.03744E+00    1.10764E+01    1.09759E+01
    1.17349E+03    1.23318E+05    2.40361E+03    4.30553E+03    1.50152E-01   -3.73326E-01    1.03827E-01    6.09070E+00    1.11833E+01    1.10764E+01
    1.18721E+03    1.25778E+05    2.46016E+03    4.35464E+03    1.50211E-01   -3.73450E-01    1.03664E-01    6.14920E+00    1.13011E+01    1.11833E+01
    1.20109E+03    1.28305E+05    2.52681E+03    4.40431E+03    1.50795E-01   -3.74272E-01    1.03514E-01    6.21744E+00    1.14390E+01    1.13011E+01
    1.21512E+03    1.30920E+05    2.61536E+03    4.45454E+03    1.52554E-01   -3.76664E-01    1.03332E-01    6.30697E+00    1.16213E+01    1.14390E+01
    1.22930E+03    1.33690E+05    2.76961E+03    4.50533E+03    1.57902E-01   -3.83851E-01    1.02764E-01    6.45978E+00    1.19367E+01    1.16213E+01
    1.24365E+03    1.35697E+05    2.00755E+03    4.60865E+03    1.11871E-01   -3.33226E-01    2.88251E-02    5.57022E+00    1.03785E+01    7.05091E+00
    1.25816E+03    1.38011E+05    2.31411E+03    4.66118E+03    1.26042E-01   -3.44829E-01    8.44666E-02    5.99060E+00    1.10225E+01    1.03785E+01
    1.27284E+03    1.40464E+05    2.45274E+03    4.71431E+03    1.30577E-01   -3.49195E-01    9.29496E-02    6.13940E+00    1.12926E+01    1.10225E+01
    1.28768E+03    1.43003E+05    2.53850E+03    4.76804E+03    1.32092E-01   -3.50720E-01    9.53303E-02    6.22782E+00    1.14620E+01    1.12926E+01
    1.30269E+03    1.45607E+05    2.60451E+03    4.82238E+03    1.32469E-01   -3.51026E-01    9.61772E-02    6.29449E+00    1.15925E+01    1.14620E+01
    1.31787E+03    1.48268E+05    2.66135E+03    4.87733E+03    1.32306E-01   -3.50715E-01    9.64624E-02    6.35104E+00    1.17041E+01    1.15925E+01
    1.33322E+03    1.50982E+05    2.71328E+03    4.93290E+03    1.31845E-01   -3.50050E-01    9.64882E-02    6.40206E+00    1.18054E+01    1.17041E+01
    1.34874E+03    1.53744E+05    2.76233E+03    4.98910E+03    1.31200E-01   -3.49160E-01    9.63741E-02    6.44973E+00    1.19002E+01    1.18054E+01
    1.36444E+03    1.56554E+05    2.80956E+03    5.04593E+03    1.30435E-01   -3.48116E-01    9.61758E-02    6.49519E+00    1.19908E+01    1.19002E+01
    1.38031E+03    1.59409E+05    2.85561E+03    5.10341E+03    1.29583E-01   -3.46961E-01    9.59222E-02    6.53910E+00    1.20784E+01    1.19908E+01
    1.39637E+03    1.62310E+05    2.90085E+03    5.16154E+03    1.28669E-01   -3.45722E-01    9.56300E-02    6.58187E+00    1.21637E+01    1.20784E+01
    1.41261E+03    1.65256E+05    2.94552E+03    5.22032E+03    1.27705E-01   -3.44415E-01    9.53091E-02    6.62376E+00    1.22473E+01    1.21637E+01
    1.42903E+03    1.68245E+05    2.98979E+03    5.27977E+03    1.26704E-01   -3.43053E-01    9.49662E-02    6.66494E+00    1.23296E+01    1.22473E+01
    1.44563E+03    1.71279E+05    3.03378E+03    5.33989E+03    1.25671E-01   -3.41644E-01    9.46054E-02    6.70554E+00    1.24107E+01    1.23296E+01
    1.46243E+03    1.74357E+05    3.07756E+03    5.40068E+03    1.24612E-01   -3.40195E-01    9.42300E-02    6.74564E+00    1.24908E+01    1.24107E+01
    1.47941E+03    1.77478E+05    3.12119E+03    5.46217E+03    1.23532E-01   -3.38712E-01    9.38421E-02    6.78532E+00    1.25700E+01    1.24908E+01
    1.49658E+03    1.80643E+05    3.16474E+03    5.52435E+03    1.22435E-01   -3.37199E-01    9.34435E-02    6.82462E+00    1.26486E+01    1.25700E+01
    1.51395E+03    1.83851E+05    3.20824E+03    5.58723E+03    1.21323E-01   -3.35659E-01    9.30354E-02    6.86361E+00    1.27265E+01    1.26486E+01
    1.53152E+03    1.87103E+05    3.25173E+03    5.65083E+03    1.20199E-01   -3.34097E-01    9.26191E-02    6.90233E+00    1.28039E+01    1.27265E+01
    1.54928E+03    1.90398E+05    3.29528E+03    5.71514E+03    1.19067E-01   -3.32515E-01    9.21955E-02    6.94082E+00    1.28808E+01    1.28039E+01
    1.56725E+03    1.93737E+05    3.33893E+03    5.78018E+03    1.17928E-01   -3.30919E-01    9.17655E-02    6.97915E+00    1.29574E+01    1.28808E+01
    1.58541E+03    1.97120E+05    3.38278E+03    5.84595E+03    1.16788E-01   -3.29313E-01    9.13301E-02    7.01739E+00    1.30338E+01    1.29574E+01
    1.60379E+03    2.00546E+05    3.42692E+03    5.91247E+03    1.15650E-01   -3.27702E-01    9.08903E-02    7.05564E+00    1.31103E+01    1.30338E+01
    1.62237E+03    2.04018E+05    3.47152E+03    5.97974E+03    1.14519E-01   -3.26096E-01    9.04473E-02    7.09405E+00    1.31871E+01    1.31103E+01
    1.64116E+03    2.07535E+05    3.51682E+03    6.04777E+03    1.13404E-01   -3.24505E-01    9.00023E-02    7.13280E+00    1.32647E+01    1.31871E+01
    1.66016E+03    2.11098E+05    3.56316E+03    6.11656E+03    1.12314E-01   -3.22945E-01    8.95573E-02    7.17220E+00    1.33435E+01    1.32647E+01
    1.67938E+03    2.14709E+05    3.61109E+03    6.18614E+03    1.11265E-01   -3.21440E-01    8.91142E-02    7.21271E+00    1.34247E+01    1.33435E+01
    1.69881E+03    2.18371E+05    3.66152E+03    6.25650E+03    1.10282E-01   -3.20029E-01    8.86760E-02    7.25508E+00    1.35097E+01    1.34247E+01
    1.71847E+03    2.22087E+05    3.71606E+03    6.32766E+03    1.09408E-01   -3.18780E-01    8.82459E-02    7.30063E+00    1.36012E+01    1.35097E+01
    1.73834E+03    2.25864E+05    3.77773E+03    6.39962E+03    1.08723E-01   -3.17821E-01    8.78267E-02    7.35183E+00    1.37045E+01    1.36012E+01
    1.75845E+03    2.29717E+05    3.85310E+03    6.47239E+03    1.08400E-01   -3.17425E-01    8.74158E-02    7.41400E+00    1.38304E+01    1.37045E+01
    1.77877E+03    2.33677E+05    3.95939E+03    6.54598E+03    1.08887E-01   -3.18311E-01    8.69754E-02    7.50093E+00    1.40080E+01    1.38304E+01
    1.79933E+03    2.37838E+05    4.16071E+03    6.62041E+03    1.11852E-01   -3.23140E-01    8.62155E-02    7.66289E+00    1.43433E+01    1.40080E+01
    1.82012E+03    2.40817E+05    2.97926E+03    6.77180E+03    7.82917E-02   -2.78778E-01    2.39641E-02    6.54588E+00    1.23743E+01    8.34962E+00
    1.84115E+03    2.44226E+05    3.40922E+03    6.84878E+03    8.75780E-02   -2.87493E-01    7.01833E-02    7.03203E+00    1.31106E+01    1.23743E+01
    1.86241E+03    2.47812E+05    3.58602E+03    6.92663E+03    9.00503E-02   -2.90054E-01    7.69332E-02    7.18832E+00    1.33903E+01    1.31106E+01
    1.88391E+03    2.51495E+05    3.68274E+03    7.00536E+03    9.04019E-02   -2.90211E-01    7.86084E-02    7.27074E+00    1.35462E+01    1.33903E+01
    1.90566E+03    2.55244E+05    3.74871E+03    7.08497E+03    8.99548E-02   -2.89331E-01    7.90089E-02    7.32595E+00    1.36531E+01    1.35462E+01
    1.92765E+03    2.59043E+05    3.79958E+03    7.16549E+03    8.91284E-02   -2.87918E-01    7.89404E-02    7.36799E+00    1.37354E+01    1.36531E+01
    1.94989E+03    2.62885E+05    3.84166E+03    7.24692E+03    8.80920E-02   -2.86192E-01    7.86530E-02    7.40239E+00    1.38031E+01    1.37354E+01
    1.97238E+03    2.66763E+05    3.87789E+03    7.32927E+03    8.69265E-02   -2.84261E-01    7.82455E-02    7.43175E+00    1.38611E+01    1.38031E+01
    1.99513E+03    2.70672E+05    3.90982E+03    7.41255E+03    8.56749E-02   -2.82184E-01    7.77639E-02    7.45742E+00    1.39119E+01    1.38611E+01
    2.01813E+03    2.74611E+05    3.93832E+03    7.49677E+03    8.43625E-02   -2.79996E-01    7.72321E-02    7.48017E+00    1.39570E+01    1.39119E+01
    2.04139E+03    2.78575E+05    3.96390E+03    7.58194E+03    8.30049E-02   -2.77719E-01    7.66636E-02    7.50044E+00    1.39972E+01    1.39570E+01
    2.06492E+03    2.82562E+05    3.98687E+03    7.66807E+03    8.16126E-02   -2.75366E-01    7.60667E-02    7.51851E+00    1.40330E+01    1.39972E+01
    2.08871E+03    2.86569E+05    4.00741E+03    7.75518E+03    8.01924E-02   -2.72947E-01    7.54465E-02    7.53455E+00    1.40648E+01    1.40330E+01
    2.11277E+03    2.90595E+05    4.02562E+03    7.84327E+03    7.87497E-02   -2.70469E-01    7.48064E-02    7.54866E+00    1.40928E+01    1.40648E+01
    2.13710E+03    2.94636E+05    4.04156E+03    7.93236E+03    7.72880E-02   -2.67936E-01    7.41488E-02    7.56090E+00    1.41170E+01    1.40928E+01
    2.16171E+03    2.98691E+05    4.05525E+03    8.02245E+03    7.58103E-02   -2.65352E-01    7.34754E-02    7.57129E+00    1.41375E+01    1.41170E+01
    2.18659E+03    3.02758E+05    4.06668E+03    8.11356E+03    7.43189E-02   -2.62718E-01    7.27873E-02    7.57984E+00    1.41543E+01    1.41375E+01
    2.21176E+03    3.06834E+05    4.07582E+03    8.20570E+03    7.28156E-02   -2.60037E-01    7.20854E-02    7.58653E+00    1.41675E+01    1.41543E+01
    2.23721E+03    3.10917E+05    4.08263E+03    8.29888E+03    7.13018E-02   -2.57309E-01    7.13702E-02    7.59134E+00    1.41768E+01    1.41675E+01
    2.26295E+03    3.15004E+05    4.08707E+03    8.39312E+03    6.97790E-02   -2.54536E-01    7.06421E-02    7.59424E+00    1.41824E+01    1.41768E+01
    2.28898E+03    3.19093E+05    4.08907E+03    8.48842E+03    6.82482E-02   -2.51718E-01    6.99015E-02    7.59519E+00    1.41840E+01    1.41824E+01
    2.31530E+03    3.23181E+05    4.08858E+03    8.58480E+03    6.67103E-02   -2.48855E-01    6.91486E-02    7.59413E+00    1.41816E+01    1.41840E+01
    2.34192E+03    3.27267E+05    4.08553E+03    8.68226E+03    6.51664E-02   -2.45947E-01    6.83835E-02    7.59101E+00    1.41751E+01    1.41816E+01
    2.36884E+03    3.31347E+05    4.07985E+03    8.78083E+03    6.36173E-02   -2.42995E-01    6.76062E-02    7.58577E+00    1.41643E+01    1.41751E+01
    2.39607E+03    3.35418E+05    4.07145E+03    8.88051E+03    6.20637E-02   -2.39998E-01    6.68169E-02    7.57835E+00    1.41492E+01    1.41643E+01
    2.42360E+03    3.39478E+05    4.06028E+03    8.98132E+03    6.05065E-02   -2.36957E-01    6.60155E-02    7.56868E+00    1.41295E+01    1.41492E+01
    2.45145E+03    3.43525E+05    4.04624E+03    9.08326E+03    5.89463E-02   -2.33870E-01    6.52020E-02    7.55669E+00    1.41052E+01    1.41295E+01
    2.47961E+03    3.47554E+05    4.02925E+03    9.18636E+03    5.73839E-02   -2.30737E-01    6.43763E-02    7.54230E+00    1.40761E+01    1.41052E+01
    2.50808E+03    3.51563E+05    4.00925E+03    9.29063E+03    5.58199E-02   -2.27558E-01    6.35384E-02    7.52543E+00    1.40421E+01    1.40761E+01
    2.53688E+03    3.55549E+05    3.98615E+03    9.39607E+03    5.42552E-02   -2.24333E-01    6.26881E-02    7.50600E+00    1.40029E+01    1.40421E+01
    2.56601E+03    3.59509E+05    3.95987E+03    9.50270E+03    5.26904E-02   -2.21061E-01    6.18252E-02    7.48392E+00    1.39584E+01    1.40029E+01
    2.59546E+03    3.63439E+05    3.93034E+03    9.61054E+03    5.11262E-02   -2.17741E-01    6.09498E-02    7.45911E+00    1.39084E+01    1.39584E+01
    2.62525E+03    3.67337E+05    3.89747E+03    9.71960E+03    4.95634E-02   -2.14373E-01    6.00616E-02    7.43148E+00    1.38528E+01    1.39084E+01
    2.65537E+03    3.71198E+05    3.86121E+03    9.82989E+03    4.80027E-02   -2.10957E-01    5.91605E-02    7.40092E+00    1.37913E+01    1.38528E+01
    2.68583E+03    3.75020E+05    3.82147E+03    9.94142E+03    4.64450E-02   -2.07491E-01    5.82464E-02    7.36733E+00    1.37237E+01    1.37913E+01
    2.71664E+03    3.78798E+05    3.77819E+03    1.00542E+04    4.48910E-02   -2.03974E-01    5.73189E-02    7.33063E+00    1.36499E+01    1.37237E+01
    2.74780E+03    3.82529E+05    3.73132E+03    1.01683E+04    4.33416E-02   -2.00407E-01    5.63781E-02    7.29069E+00    1.35696E+01    1.36499E+01
    2.77931E+03    3.86210E+05    3.68080E+03    1.02836E+04    4.17978E-02   -1.96789E-01    5.54237E-02    7.24743E+00    1.34827E+01    1.35696E+01
    2.81117E+03    3.89836E+05    3.62658E+03    1.04003E+04    4.02604E-02   -1.93119E-01    5.44554E-02    7.20073E+00    1.33888E+01    1.34827E+01
    2.84339E+03    3.93405E+05    3.56865E+03    1.05183E+04    3.87306E-02   -1.89397E-01    5.34733E-02    7.15049E+00    1.32879E+01    1.33888E+01
    2.87598E+03    3.96912E+05    3.50697E+03    1.06376E+04    3.72094E-02   -1.85622E-01    5.24770E-02    7.09660E+00    1.31797E+01    1.32879E+01
    2.90894E+03    4.00354E+05    3.44154E+03    1.07583E+04    3.56982E-02   -1.81795E-01    5.14665E-02    7.03896E+00    1.30639E+01    1.31797E+01
    2.94227E+03    4.03726E+05    3.37240E+03    1.08803E+04    3.41983E-02   -1.77916E-01    5.04416E-02    6.97750E+00    1.29405E+01    1.30639E+01
    2.97597E+03    4.07026E+05    3.29959E+03    1.10037E+04    3.27114E-02   -1.73985E-01    4.94023E-02    6.91215E+00    1.28093E+01    1.29405E+01
    3.01006E+03    4.10249E+05    3.22323E+03    1.11285E+04    3.12395E-02   -1.70006E-01    4.83485E-02    6.84287E+00    1.26703E+01    1.28093E+01
    3.04453E+03    4.13392E+05    3.14349E+03    1.12547E+04    2.97852E-02   -1.65981E-01    4.72805E-02    6.76969E+00    1.25234E+01    1.26703E+01
    3.07939E+03    4.16453E+05    3.06068E+03    1.13823E+04    2.83519E-02   -1.61918E-01    4.61985E-02    6.69274E+00    1.23691E+01    1.25234E+01
    3.11465E+03    4.19428E+05    2.97530E+03    1.15114E+04    2.69445E-02   -1.57830E-01    4.51028E-02    6.61234E+00    1.22079E+01    1.23691E+01
    3.15030E+03    4.22317E+05    2.88824E+03    1.16420E+04    2.55711E-02   -1.53739E-01    4.39941E-02    6.52918E+00    1.20413E+01    1.22079E+01
    3.18635E+03    4.25118E+05    2.80117E+03    1.17740E+04    2.42456E-02   -1.49691E-01    4.28727E-02    6.44479E+00    1.18724E+01    1.20413E+01
    3.22282E+03    4.27835E+05    2.71771E+03    1.19075E+04    2.29972E-02   -1.45792E-01    4.17365E-02    6.36269E+00    1.17086E+01    1.18724E+01
    3.25969E+03    4.30483E+05    2.64734E+03    1.20425E+04    2.19009E-02   -1.42320E-01    4.05695E-02    6.29247E+00    1.15701E+01    1.17086E+01
    3.29699E+03    4.33108E+05    2.62545E+03    1.21790E+04    2.12341E-02   -1.40333E-01    3.92543E-02    6.27028E+00    1.15330E+01    1.15701E+01
    3.33470E+03    4.34770E+05    1.66150E+03    1.24567E+04    1.31375E-02   -1.14108E-01    1.08111E-02    5.13252E+00    9.46013E+00    6.62533E+00
    3.37284E+03    4.36561E+05    1.79139E+03    1.25980E+04    1.38478E-02   -1.13947E-01    2.93931E-02    5.35565E+00    9.72598E+00    9.46013E+00
    3.41141E+03    4.38321E+05    1.75967E+03    1.27408E+04    1.32986E-02   -1.11013E-01    3.12204E-02    5.31707E+00    9.62299E+00    9.72598E+00
    3.45042E+03    4.39998E+05    1.67679E+03    1.28852E+04    1.23890E-02   -1.06938E-01    3.08748E-02    5.21361E+00    9.40835E+00    9.62299E+00
    3.48986E+03    4.41571E+05    1.57326E+03    1.30313E+04    1.13642E-02   -1.02306E-01    2.99622E-02    5.08094E+00    9.13932E+00    9.40835E+00
    3.52976E+03    4.43030E+05    1.45898E+03    1.31790E+04    1.03032E-02   -9.73265E-02    2.88227E-02    4.92946E+00    8.83394E+00    9.13932E+00
    3.57010E+03    4.44368E+05    1.33825E+03    1.33284E+04    9.23941E-03   -9.20858E-02    2.75609E-02    4.76289E+00    8.49887E+00    8.83394E+00
    3.61090E+03    4.45581E+05    1.21339E+03    1.34794E+04    8.19017E-03   -8.66189E-02    2.62171E-02    4.58255E+00    8.13645E+00    8.49887E+00
    3.65216E+03    4.46667E+05    1.08595E+03    1.36322E+04    7.16620E-03   -8.09366E-02    2.48086E-02    4.38866E+00    7.74694E+00    8.13645E+00
    3.69389E+03    4.47625E+05    9.57171E+02    1.37867E+04    6.17523E-03   -7.50357E-02    2.33426E-02    4.18077E+00    7.32939E+00    7.74694E+00
    3.73609E+03    4.48453E+05    8.28171E+02    1.39430E+04    5.22361E-03   -6.89016E-02    2.18214E-02    3.95795E+00    6.88184E+00    7.32939E+00
    3.77876E+03    4.49153E+05    7.00111E+02    1.41010E+04    4.31722E-03   -6.25092E-02    2.02441E-02    3.71874E+00    6.40135E+00    6.88184E+00
    3.82192E+03    4.49727E+05    5.74265E+02    1.42608E+04    3.46209E-03   -5.58198E-02    1.86076E-02    3.46111E+00    5.88370E+00    6.40135E+00
    3.86557E+03    4.50179E+05    4.52130E+02    1.44224E+04    2.66488E-03   -4.87755E-02    1.69064E-02    3.18208E+00    5.32288E+00    5.88370E+00
    3.90971E+03    4.50515E+05    3.35559E+02    1.45858E+04    1.93363E-03   -4.12869E-02    1.51333E-02    2.87727E+00    4.70985E+00    5.32288E+00
    3.95434E+03    4.50742E+05    2.27005E+02    1.47511E+04    1.27888E-03   -3.32043E-02    1.32797E-02    2.53954E+00    4.03003E+00    4.70985E+00
    3.99949E+03    4.50872E+05    1.30053E+02    1.49182E+04    7.16313E-04   -2.42430E-02    1.13398E-02    2.15582E+00    3.25634E+00    4.03003E+00
    4.04514E+03    4.50923E+05    5.10547E+01    1.50873E+04    2.74922E-04   -1.36987E-02    9.34175E-03    1.69492E+00    2.32380E+00    3.25634E+00
    4.09131E+03    4.50979E+05    5.60183E+01    1.50873E+04    2.94914E-04   -1.24273E-02    1.18523E-02    2.32380E+00    2.90077E+00    4.30485E+00
    4.13799E+03    4.51044E+05    6.54820E+01    1.50873E+04    3.37038E-04   -1.14045E-02    1.43866E-02    2.90077E+00    3.43623E+00    5.30542E+00
    4.18521E+03    4.51123E+05    7.90010E+01    1.50873E+04    3.97542E-04   -1.05670E-02    1.69080E-02    3.43623E+00    3.93798E+00    6.26232E+00
    4.23296E+03    4.51220E+05    9.62559E+01    1.50873E+04    4.73555E-04   -9.86933E-03    1.93946E-02    3.93798E+00    4.41189E+00    7.17969E+00
    4.28125E+03    4.51337E+05    1.17016E+02    1.50873E+04    5.62835E-04   -9.27871E-03    2.18344E-02    4.41189E+00    4.86248E+00    8.06140E+00
    4.33009E+03    4.51478E+05    1.41116E+02    1.50873E+04    6.63603E-04   -8.77128E-03    2.42212E-02    4.86248E+00    5.29324E+00    8.91094E+00
    4.37948E+03    4.51646E+05    1.68445E+02    1.50873E+04    7.74434E-04   -8.32942E-03    2.65529E-02    5.29324E+00    5.70692E+00    9.73142E+00
    4.42942E+03    4.51845E+05    1.98931E+02    1.50873E+04    8.94176E-04   -7.94003E-03    2.88294E-02    5.70692E+00    6.10572E+00    1.05256E+01
    4.47993E+03    4.52078E+05    2.32535E+02    1.50873E+04    1.02189E-03   -7.59319E-03    3.10521E-02    6.10572E+00    6.49141E+00    1.12959E+01
    4.53101E+03    4.52347E+05    2.69244E+02    1.50873E+04    1.15680E-03   -7.28135E-03    3.32232E-02    6.49141E+00    6.86544E+00    1.20445E+01
    4.58267E+03    4.52656E+05    3.09069E+02    1.50873E+04    1.29827E-03   -6.99868E-03    3.53452E-02    6.86544E+00    7.22901E+00    1.27732E+01
    4.63491E+03    4.53008E+05    3.52037E+02    1.50873E+04    1.44575E-03   -6.74060E-03    3.74208E-02    7.22901E+00    7.58313E+00    1.34837E+01
    4.68775E+03    4.53406E+05    3.98191E+02    1.50873E+04    1.59880E-03   -6.50350E-03    3.94526E-02    7.58313E+00    7.92866E+00    1.41774E+01
    4.74118E+03    4.53854E+05    4.47588E+02    1.50873E+04    1.75703E-03   -6.28447E-03    4.14432E-02    7.92866E+00    8.26632E+00    1.48557E+01
    4.79521E+03    4.54354E+05    5.00293E+02    1.50873E+04    1.92010E-03   -6.08116E-03    4.33950E-02    8.26632E+00    8.59675E+00    1.55196E+01
    4.84985E+03    4.54911E+05    5.56385E+02    1.50873E+04    2.08773E-03   -5.89165E-03    4.53102E-02    8.59675E+00    8.92050E+00    1.61701E+01
    4.90511E+03    4.55527E+05    6.15948E+02    1.50873E+04    2.25966E-03   -5.71435E-03    4.71911E-02    8.92050E+00    9.23805E+00    1.68083E+01
    4.96100E+03    4.56206E+05    6.79079E+02    1.50873E+04    2.43567E-03   -5.54792E-03    4.90397E-02    9.23805E+00    9.54984E+00    1.74348E+01
    5.01752E+03    4.56951E+05    7.45878E+02    1.50873E+04    2.61557E-03   -5.39124E-03    5.08577E-02    9.54984E+00    9.85625E+00    1.80505E+01
    5.07467E+03    4.57768E+05    8.16455E+02    1.50873E+04    2.79919E-03   -5.24336E-03    5.26469E-02    9.85625E+00    1.01576E+01    1.86559E+01
    5.13247E+03    4.58659E+05    8.90926E+02    1.50873E+04    2.98636E-03   -5.10346E-03    5.44088E-02    1.01576E+01    1.04543E+01    1.92518E+01
    5.19093E+03    4.59628E+05    9.69415E+02    1.50873E+04    3.17696E-03   -4.97084E-03    5.61449E-02    1.04543E+01    1.07465E+01    1.98386E+01
    5.25004E+03    4.60680E+05    1.05205E+03    1.50873E+04    3.37087E-03   -4.84488E-03    5.78567E-02    1.07465E+01    1.10345E+01    2.04169E+01
    5.30983E+03    4.61819E+05    1.13897E+03    1.50873E+04    3.56797E-03   -4.72506E-03    5.95453E-02    1.10345E+01    1.13186E+01    2.09872E+01
    5.37028E+03    4.63050E+05    1.23032E+03    1.50873E+04    3.76816E-03   -4.61090E-03    6.12120E-02    1.13186E+01    1.15989E+01    2.15498E+01
    5.43143E+03    4.64376E+05    1.32625E+03    1.50873E+04    3.97137E-03   -4.50198E-03    6.28578E-02    1.15989E+01    1.18757E+01    2.21053E+01
    5.49326E+03    4.65803E+05    1.42692E+03    1.50873E+04    4.17751E-03   -4.39795E-03    6.44838E-02    1.18757E+01    1.21492E+01    2.26538E+01
    5.55579E+03    4.67335E+05    1.53249E+03    1.50873E+04    4.38651E-03   -4.29846E-03    6.60911E-02    1.21492E+01    1.24195E+01    2.31959E+01
    5.61903E+03    4.68978E+05    1.64313E+03    1.50873E+04    4.59831E-03   -4.20323E-03    6.76804E-02    1.24195E+01    1.26868E+01    2.37319E+01
    5.68298E+03    4.70737E+05    1.75903E+03    1.50873E+04    4.81286E-03   -4.11199E-03    6.92528E-02    1.26868E+01    1.29512E+01    2.42620E+01
    5.74766E+03    4.72618E+05    1.88036E+03    1.50873E+04    5.03011E-03   -4.02451E-03    7.08090E-02    1.29512E+01    1.32130E+01    2.47866E+01
    5.81306E+03    4.74625E+05    2.00733E+03    1.50873E+04    5.25003E-03   -3.94057E-03    7.23499E-02    1.32130E+01    1.34721E+01    2.53059E+01
    5.87921E+03    4.76765E+05    2.14015E+03    1.50873E+04    5.47257E-03   -3.85997E-03    7.38761E-02    1.34721E+01    1.37289E+01    2.58202E+01
    5.94610E+03    4.79044E+05    2.27901E+03    1.50873E+04    5.69772E-03   -3.78254E-03    7.53884E-02    1.37289E+01    1.39833E+01    2.63297E+01
    6.01375E+03    4.81468E+05    2.42415E+03    1.50873E+04    5.92544E-03   -3.70811E-03    7.68875E-02    1.39833E+01    1.42356E+01    2.68347E+01
    6.08216E+03    4.84044E+05    2.57579E+03    1.50873E+04    6.15573E-03   -3.63653E-03    7.83741E-02    1.42356E+01    1.44858E+01    2.73354E+01
    6.15135E+03    4.86778E+05    2.73418E+03    1.50873E+04    6.38856E-03   -3.56766E-03    7.98488E-02    1.44858E+01    1.47340E+01    2.78321E+01
    6.22132E+03    4.89678E+05    2.89956E+03    1.50873E+04    6.62394E-03   -3.50139E-03    8.13122E-02    1.47340E+01    1.49804E+01    2.83249E+01
    6.29208E+03    4.92750E+05    3.07219E+03    1.50873E+04    6.86186E-03   -3.43758E-03    8.27650E-02    1.49804E+01    1.52250E+01    2.88141E+01
    6.36364E+03    4.96003E+05    3.25236E+03    1.50873E+04    7.10232E-03   -3.37614E-03    8.42076E-02    1.52250E+01    1.54679E+01    2.92998E+01
    6.43600E+03    4.99443E+05    3.44033E+03    1.50873E+04    7.34533E-03   -3.31696E-03    8.56407E-02    1.54679E+01    1.57093E+01    2.97823E+01
    6.50919E+03    5.03079E+05    3.63641E+03    1.50873E+04    7.59090E-03   -3.25995E-03    8.70647E-02    1.57093E+01    1.59492E+01    3.02617E+01
    6.58320E+03    5.06920E+05    3.84090E+03    1.50873E+04    7.83905E-03   -3.20502E-03    8.84804E-02    1.59492E+01    1.61878E+01    3.07383E+01
    6.65805E+03    5.10974E+05    4.05413E+03    1.50873E+04    8.08980E-03   -3.15210E-03    8.98881E-02    1.61878E+01    1.64250E+01    3.12121E+01
    6.73374E+03    5.15251E+05    4.27642E+03    1.50873E+04    8.34317E-03   -3.10110E-03    9.12883E-02    1.64250E+01    1.66611E+01    3.16834E+01
    6.81029E+03    5.19759E+05    4.50813E+03    1.50873E+04    8.59920E-03   -3.05195E-03    9.26816E-02    1.66611E+01    1.68960E+01    3.21523E+01
    6.88770E+03    5.24508E+05    4.74962E+03    1.50873E+04    8.85791E-03   -3.00460E-03    9.40685E-02    1.68960E+01    1.71299E+01    3.26191E+01
    6.96599E+03    5.29510E+05    5.00126E+03    1.50873E+04    9.11935E-03   -2.95897E-03    9.54494E-02    1.71299E+01    1.73629E+01    3.30838E+01
    7.04517E+03    5.34773E+05    5.26346E+03    1.50873E+04    9.38356E-03   -2.91500E-03    9.68249E-02    1.73629E+01    1.75950E+01    3.35467E+01
    7.12523E+03    5.40310E+05    5.53663E+03    1.50873E+04    9.65058E-03   -2.87265E-03    9.81954E-02    1.75950E+01    1.78263E+01    3.40078E+01
    7.20621E+03    5.46131E+05    5.82119E+03    1.50873E+04    9.92047E-03   -2.83185E-03    9.95613E-02    1.78263E+01    1.80569E+01    3.44674E+01
    7.28809E+03    5.52249E+05    6.11760E+03    1.50873E+04    1.01933E-02   -2.79257E-03    1.00923E-01    1.80569E+01    1.82868E+01    3.49256E+01
    7.37091E+03    5.58675E+05    6.42631E+03    1.50873E+04    1.04691E-02   -2.75474E-03    1.02281E-01    1.82868E+01    1.85162E+01    3.53826E+01
    7.45466E+03    5.65423E+05    6.74783E+03    1.50873E+04    1.07479E-02   -2.71833E-03    1.03636E-01    1.85162E+01    1.87452E+01    3.58385E+01
    7.53935E+03    5.72505E+05    7.08267E+03    1.50873E+04    1.10299E-02   -2.68330E-03    1.04989E-01    1.87452E+01    1.89737E+01    3.62935E+01
    7.62500E+03    5.79937E+05    7.43134E+03    1.50873E+04    1.13150E-02   -2.64960E-03    1.06339E-01    1.89737E+01    1.92019E+01    3.67477E+01
    7.71162E+03    5.87731E+05    7.79442E+03    1.50873E+04    1.16034E-02   -2.61719E-03    1.07687E-01    1.92019E+01    1.94299E+01    3.72013E+01
    7.79922E+03    5.95904E+05    8.17248E+03    1.50873E+04    1.18951E-02   -2.58605E-03    1.09034E-01    1.94299E+01    1.96577E+01    3.76544E+01
    7.88781E+03    6.04470E+05    8.56614E+03    1.50873E+04    1.21903E-02   -2.55613E-03    1.10380E-01    1.96577E+01    1.98854E+01    3.81072E+01
    7.97740E+03    6.13446E+05    8.97602E+03    1.50873E+04    1.24890E-02   -2.52740E-03    1.11726E-01    1.98854E+01    2.01131E+01    3.85598E+01
    8.06801E+03    6.22849E+05    9.40279E+03    1.50873E+04    1.27914E-02   -2.49983E-03    1.13071E-01    2.01131E+01    2.03409E+01    3.90124E+01
    8.15963E+03    6.32696E+05    9.84714E+03    1.50873E+04    1.30974E-02   -2.47338E-03    1.14417E-01    2.03409E+01    2.05688E+01    3.94652E+01
    8.25229E+03    6.43006E+05    1.03098E+04    1.50873E+04    1.34073E-02   -2.44804E-03    1.15764E-01    2.05688E+01    2.07969E+01    3.99182E+01
    8.34600E+03    6.53797E+05    1.07915E+04    1.50873E+04    1.37212E-02   -2.42376E-03    1.17112E-01    2.07969E+01    2.10253E+01    4.03716E+01
    8.44077E+03    6.65090E+05    1.12931E+04    1.50873E+04    1.40391E-02   -2.40053E-03    1.18462E-01    2.10253E+01    2.12541E+01    4.08257E+01
    8.53661E+03    6.76906E+05    1.18154E+04    1.50873E+04    1.43612E-02   -2.37832E-03    1.19814E-01    2.12541E+01    2.14833E+01    4.12805E+01
    8.63353E+03    6.89265E+05    1.23592E+04    1.50873E+04    1.46876E-02   -2.35711E-03    1.21169E-01    2.14833E+01    2.17130E+01    4.17361E+01
    8.73155E+03    7.02190E+05    1.29255E+04    1.50873E+04    1.50184E-02   -2.33686E-03    1.22527E-01    2.17130E+01    2.19434E+01    4.21929E+01
    8.83067E+03    7.15705E+05    1.35152E+04    1.50873E+04    1.53538E-02   -2.31756E-03    1.23889E-01    2.19434E+01    2.21744E+01    4.26508E+01
    8.93091E+03    7.29835E+05    1.41294E+04    1.50873E+04    1.56940E-02   -2.29918E-03    1.25255E-01    2.21744E+01    2.24062E+01    4.31100E+01
    9.03229E+03    7.44604E+05    1.47689E+04    1.50873E+04    1.60390E-02   -2.28170E-03    1.26625E-01    2.24062E+01    2.26388E+01    4.35708E+01
    9.13481E+03    7.60039E+05    1.54350E+04    1.50873E+04    1.63891E-02   -2.26511E-03    1.28000E-01    2.26388E+01    2.28723E+01    4.40333E+01
    9.23850E+03    7.76168E+05    1.61288E+04    1.50873E+04    1.67444E-02   -2.24938E-03    1.29381E-01    2.28723E+01    2.31068E+01    4.44976E+01
    9.34335E+03    7.93019E+05    1.68515E+04    1.50873E+04    1.71050E-02   -2.23450E-03    1.30767E-01    2.31068E+01    2.33424E+01    4.49639E+01
    9.44939E+03    8.10624E+05    1.76044E+04    1.50873E+04    1.74712E-02   -2.22044E-03    1.32160E-01    2.33424E+01    2.35792E+01    4.54323E+01
    9.55662E+03    8.29012E+05    1.83886E+04    1.50873E+04    1.78432E-02   -2.20719E-03    1.33560E-01    2.35792E+01    2.38172E+01    4.59031E+01
    9.66507E+03    8.48218E+05    1.92057E+04    1.50873E+04    1.82210E-02   -2.19473E-03    1.34967E-01    2.38172E+01    2.40566E+01    4.63764E+01
    9.77474E+03    8.68275E+05    2.00571E+04    1.50873E+04    1.86050E-02   -2.18304E-03    1.36383E-01    2.40566E+01    2.42973E+01    4.68523E+01
    9.88565E+03    8.89219E+05    2.09442E+04    1.50873E+04    1.89953E-02   -2.17211E-03    1.37806E-01    2.42973E+01    2.45396E+01    4.73310E+01
    9.99782E+03    9.11088E+05    2.18687E+04    1.50873E+04    1.93921E-02   -2.16193E-03    1.39239E-01    2.45396E+01    2.47835E+01    4.78127E+01
    1.01113E+04    9.33920E+05    2.28323E+04    1.50873E+04    1.97957E-02   -2.15247E-03    1.40681E-01    2.47835E+01    2.50290E+01    4.82976E+01
    1.02260E+04    9.57757E+05    2.38366E+04    1.50873E+04    2.02063E-02   -2.14373E-03    1.42133E-01    2.50290E+01    2.52763E+01    4.87858E+01
    1.03420E+04    9.82640E+05    2.48836E+04    1.50873E+04    2.06241E-02   -2.13569E-03    1.43595E-01    2.52763E+01    2.55255E+01    4.92775E+01
    1.04593E+04    1.00862E+06    2.59750E+04    1.50873E+04    2.10494E-02   -2.12834E-03    1.45069E-01    2.55255E+01    2.57766E+01    4.97729E+01
    1.05779E+04    1.03573E+06    2.71130E+04    1.50873E+04    2.14824E-02   -2.12166E-03    1.46554E-01    2.57766E+01    2.60297E+01    5.02723E+01
    1.06979E+04    1.06403E+06    2.82997E+04    1.50873E+04    2.19235E-02   -2.11565E-03    1.48051E-01    2.60297E+01    2.62850E+01    5.07756E+01
    1.08193E+04    1.09357E+06    2.95373E+04    1.50873E+04    2.23727E-02   -2.11028E-03    1.49560E-01    2.62850E+01    2.65425E+01    5.12832E+01
    1.09420E+04    1.12439E+06    3.08281E+04    1.50873E+04    2.28306E-02   -2.10556E-03    1.51083E-01    2.65425E+01    2.68023E+01    5.17953E+01
    1.10661E+04    1.15657E+06    3.21746E+04    1.50873E+04    2.32973E-02   -2.10147E-03    1.52620E-01    2.68023E+01    2.70646E+01    5.23120E+01
    1.11916E+04    1.19015E+06    3.35793E+04    1.50873E+04    2.37731E-02   -2.09800E-03    1.54171E-01    2.70646E+01    2.73294E+01    5.28335E+01
    1.13185E+04    1.22519E+06    3.50450E+04    1.50873E+04    2.42584E-02   -2.09514E-03    1.55737E-01    2.73294E+01    2.75968E+01    5.33600E+01
    1.14469E+04    1.26177E+06    3.65744E+04    1.50873E+04    2.47535E-02   -2.09289E-03    1.57319E-01    2.75968E+01    2.78669E+01    5.38918E+01
    1.15767E+04    1.29994E+06    3.81707E+04    1.50873E+04    2.52588E-02   -2.09123E-03    1.58916E-01    2.78669E+01    2.81399E+01    5.44290E+01
    1.17080E+04    1.33977E+06    3.98369E+04    1.50873E+04    2.57745E-02   -2.09015E-03    1.60531E-01    2.81399E+01    2.84159E+01    5.49719E+01
    1.18407E+04    1.38135E+06    4.15764E+04    1.50873E+04    2.63012E-02   -2.08966E-03    1.62163E-01    2.84159E+01    2.86948E+01    5.55206E+01
    1.19750E+04    1.42474E+06    4.33926E+04    1.50873E+04    2.68390E-02   -2.08974E-03    1.63813E-01    2.86948E+01    2.89770E+01    5.60753E+01
    1.21108E+04    1.47003E+06    4.52891E+04    1.50873E+04    2.73886E-02   -2.09039E-03    1.65482E-01    2.89770E+01    2.92624E+01    5.66364E+01
    1.22481E+04    1.51730E+06    4.72699E+04    1.50873E+04    2.79501E-02   -2.09160E-03    1.67170E-01    2.92624E+01    2.95512E+01    5.72040E+01
    1.23869E+04    1.56664E+06    4.93390E+04    1.50873E+04    2.85242E-02   -2.09337E-03    1.68878E-01    2.95512E+01    2.98435E+01    5.77783E+01
    1.25274E+04    1.61814E+06    5.15006E+04    1.50873E+04    2.91112E-02   -2.09569E-03    1.70607E-01    2.98435E+01    3.01395E+01    5.83596E+01
    1.26694E+04    1.67190E+06    5.37593E+04    1.50873E+04    2.97116E-02   -2.09857E-03    1.72358E-01    3.01395E+01    3.04392E+01    5.89482E+01
    1.28130E+04    1.72802E+06    5.61198E+04    1.50873E+04    3.03258E-02   -2.10200E-03    1.74130E-01    3.04392E+01    3.07428E+01    5.95442E+01
    1.29582E+04    1.78661E+06    5.85871E+04    1.50873E+04    3.09544E-02   -2.10598E-03    1.75926E-01    3.07428E+01    3.10504E+01    6.01479E+01
    1.31051E+04    1.84777E+06    6.11664E+04    1.50873E+04    3.15979E-02   -2.11050E-03    1.77746E-01    3.10504E+01    3.13621E+01    6.07596E+01
    1.32537E+04    1.91164E+06    6.38633E+04    1.50873E+04    3.22569E-02   -2.11558E-03    1.79589E-01    3.13621E+01    3.16781E+01    6.13796E+01
    1.34039E+04    1.97832E+06    6.66837E+04    1.50873E+04    3.29318E-02   -2.12120E-03    1.81459E-01    3.16781E+01    3.19986E+01    6.20081E+01
    1.35558E+04    2.04796E+06    6.96337E+04    1.50873E+04    3.36233E-02   -2.12738E-03    1.83354E-01    3.19986E+01    3.23236E+01    6.26453E+01
    1.37095E+04    2.12068E+06    7.27198E+04    1.50873E+04    3.43320E-02   -2.13412E-03    1.85277E-01    3.23236E+01    3.26533E+01    6.32917E+01
    1.38648E+04    2.19662E+06    7.59489E+04    1.50873E+04    3.50585E-02   -2.14142E-03    1.87227E-01    3.26533E+01    3.29879E+01    6.39474E+01
    1.40220E+04    2.27595E+06    7.93284E+04    1.50873E+04    3.58036E-02   -2.14929E-03    1.89206E-01    3.29879E+01    3.33275E+01    6.46128E+01
    1.41809E+04    2.35882E+06    8.28658E+04    1.50873E+04    3.65678E-02   -2.15773E-03    1.91215E-01    3.33275E+01    3.36723E+01    6.52881E+01
    1.43416E+04    2.44539E+06    8.65693E+04    1.50873E+04    3.73520E-02   -2.16676E-03    1.93254E-01    3.36723E+01    3.40225E+01    6.59738E+01
    1.45041E+04    2.53584E+06    9.04475E+04    1.50873E+04    3.81569E-02   -2.17639E-03    1.95326E-01    3.40225E+01    3.43782E+01    6.66702E+01
    1.46684E+04    2.63034E+06    9.45094E+04    1.50873E+04    3.89832E-02   -2.18663E-03    1.97430E-01    3.43782E+01    3.47396E+01    6.73775E+01
    1.48347E+04    2.72911E+06    9.87648E+04    1.50873E+04    3.98319E-02   -2.19749E-03    1.99567E-01    3.47396E+01    3.51069E+01    6.80962E+01
    1.50027E+04    2.83233E+06    1.03224E+05    1.50873E+04    4.07039E-02   -2.20898E-03    2.01740E-01    3.51069E+01    3.54803E+01    6.88267E+01
    1.51727E+04    2.94023E+06    1.07897E+05    1.50873E+04    4.15999E-02   -2.22114E-03    2.03948E-01    3.54803E+01    3.58600E+01    6.95692E+01
    1.53446E+04    3.05303E+06    1.12796E+05    1.50873E+04    4.25211E-02   -2.23397E-03    2.06194E-01    3.58600E+01    3.62462E+01    7.03243E+01
    1.55185E+04    3.17096E+06    1.17933E+05    1.50873E+04    4.34684E-02   -2.24749E-03    2.08479E-01    3.62462E+01    3.66391E+01    7.10923E+01
    1.56943E+04    3.29428E+06    1.23321E+05    1.50873E+04    4.44429E-02   -2.26174E-03    2.10803E-01    3.66391E+01    3.70390E+01    7.18737E+01
    1.58721E+04    3.42325E+06    1.28974E+05    1.50873E+04    4.54458E-02   -2.27675E-03    2.13168E-01    3.70390E+01    3.74461E+01    7.26689E+01
    1.60519E+04    3.55816E+06    1.34906E+05    1.50873E+04    4.64782E-02   -2.29253E-03    2.15576E-01    3.74461E+01    3.78606E+01    7.34785E+01
    1.62338E+04    3.69929E+06    1.41132E+05    1.50873E+04    4.75415E-02   -2.30912E-03    2.18028E-01    3.78606E+01    3.82829E+01    7.43029E+01
    1.64177E+04    3.84696E+06    1.47669E+05    1.50873E+04    4.86369E-02   -2.32656E-03    2.20525E-01    3.82829E+01    3.87131E+01    7.51426E+01
    1.66036E+04    4.00150E+06    1.54536E+05    1.50873E+04    4.97659E-02   -2.34489E-03    2.23070E-01    3.87131E+01    3.91517E+01    7.59982E+01
    1.67917E+04    4.16325E+06    1.61749E+05    1.50873E+04    5.09299E-02   -2.36415E-03    2.25664E-01    3.91517E+01    3.95988E+01    7.68703E+01
    1.69819E+04    4.33258E+06    1.69330E+05    1.50873E+04    5.21306E-02   -2.38438E-03    2.28309E-01    3.95988E+01    4.00549E+01    7.77595E+01
    1.71743E+04    4.50988E+06    1.77299E+05    1.50873E+04    5.33697E-02   -2.40564E-03    2.31006E-01    4.00549E+01    4.05202E+01    7.86664E+01
    1.73688E+04    4.69556E+06    1.85680E+05    1.50873E+04    5.46490E-02   -2.42797E-03    2.33759E-01    4.05202E+01    4.09952E+01    7.95918E+01
    1.75655E+04    4.89005E+06    1.94497E+05    1.50873E+04    5.59703E-02   -2.45144E-03    2.36568E-01    4.09952E+01    4.14801E+01    8.05363E+01
    1.77645E+04    5.09383E+06    2.03775E+05    1.50873E+04    5.73358E-02   -2.47611E-03    2.39436E-01    4.14801E+01    4.19755E+01    8.15007E+01
    1.79657E+04    5.30737E+06    2.13544E+05    1.50873E+04    5.87475E-02   -2.50205E-03    2.42366E-01    4.19755E+01    4.24818E+01    8.24858E+01
    1.81692E+04    5.53120E+06    2.23832E+05    1.50873E+04    6.02079E-02   -2.52932E-03    2.45360E-01    4.24818E+01    4.29993E+01    8.34924E+01
    1.83749E+04    5.76588E+06    2.34672E+05    1.50873E+04    6.17195E-02   -2.55801E-03    2.48421E-01    4.29993E+01    4.35286E+01    8.45216E+01
    1.85830E+04    6.01197E+06    2.46098E+05    1.50873E+04    6.32848E-02   -2.58819E-03    2.51551E-01    4.35286E+01    4.40702E+01    8.55741E+01
    1.87935E+04    6.27012E+06    2.58149E+05    1.50873E+04    6.49067E-02   -2.61996E-03    2.54755E-01    4.40702E+01    4.46247E+01    8.66511E+01
    1.90063E+04    6.54099E+06    2.70863E+05    1.50873E+04    6.65884E-02   -2.65342E-03    2.58034E-01    4.46247E+01    4.51926E+01    8.77537E+01
    1.92215E+04    6.82527E+06    2.84284E+05    1.50873E+04    6.83331E-02   -2.68866E-03    2.61392E-01    4.51926E+01    4.57745E+01    8.88829E+01
    1.94392E+04    7.12373E+06    2.98458E+05    1.50873E+04    7.01443E-02   -2.72580E-03    2.64834E-01    4.57745E+01    4.63711E+01    9.00401E+01
    1.96593E+04    7.43716E+06    3.13436E+05    1.50873E+04    7.20258E-02   -2.76495E-03    2.68362E-01    4.63711E+01    4.69832E+01    9.12265E+01
    1.98819E+04    7.76644E+06    3.29273E+05    1.50873E+04    7.39818E-02   -2.80623E-03    2.71981E-01    4.69832E+01    4.76114E+01    9.24435E+01
    2.01070E+04    8.11246E+06    3.46027E+05    1.50873E+04    7.60167E-02   -2.84979E-03    2.75696E-01    4.76114E+01    4.82565E+01    9.36926E+01
    2.03347E+04    8.47623E+06    3.63762E+05    1.50873E+04    7.81352E-02   -2.89576E-03    2.79512E-01    4.82565E+01    4.89195E+01    9.49755E+01
    2.05649E+04    8.85877E+06    3.82548E+05    1.50873E+04    8.03425E-02   -2.94431E-03    2.83432E-01    4.89195E+01    4.96012E+01    9.62938E+01
    2.07978E+04    9.26124E+06    4.02460E+05    1.50873E+04    8.26443E-02   -2.99558E-03    2.87464E-01    4.96012E+01    5.03026E+01    9.76493E+01
    2.10332E+04    9.68482E+06    4.23581E+05    1.50873E+04    8.50465E-02   -3.04977E-03    2.91611E-01    5.03026E+01    5.10248E+01    9.90440E+01
    2.12714E+04    1.01308E+07    4.45999E+05    1.50873E+04    8.75557E-02   -3.10706E-03    2.95882E-01    5.10248E+01    5.17688E+01    1.00480E+02
    2.15122E+04    1.06006E+07    4.69812E+05    1.50873E+04    9.01790E-02   -3.16766E-03    3.00282E-01    5.17688E+01    5.25360E+01    1.01959E+02
    2.17557E+04    1.10958E+07    4.95127E+05    1.50873E+04    9.29243E-02   -3.23179E-03    3.04818E-01    5.25360E+01    5.33275E+01    1.03485E+02
    2.20020E+04    1.16178E+07    5.22062E+05    1.50873E+04    9.57999E-02   -3.29969E-03    3.09498E-01    5.33275E+01    5.41448E+01    1.05059E+02
    2.22511E+04    1.21686E+07    5.50743E+05    1.50873E+04    9.88151E-02   -3.37162E-03    3.14331E-01    5.41448E+01    5.49893E+01    1.06684E+02
    2.25030E+04    1.27499E+07    5.81311E+05    1.50873E+04    1.01980E-01   -3.44786E-03    3.19324E-01    5.49893E+01    5.58627E+01    1.08363E+02
    2.27578E+04    1.33638E+07    6.13922E+05    1.50873E+04    1.05305E-01   -3.52873E-03    3.24488E-01    5.58627E+01    5.67666E+01    1.10099E+02
    2.30154E+04    1.40125E+07    6.48744E+05    1.50873E+04    1.08803E-01   -3.61454E-03    3.29833E-01    5.67666E+01    5.77030E+01    1.11897E+02
    2.32759E+04    1.46985E+07    6.85965E+05    1.50873E+04    1.12487E-01   -3.70568E-03    3.35370E-01    5.77030E+01    5.86739E+01    1.13758E+02
    2.35394E+04    1.54243E+07    7.25793E+05    1.50873E+04    1.16371E-01   -3.80254E-03    3.41110E-01    5.86739E+01    5.96814E+01    1.15689E+02
    2.38058E+04    1.61928E+07    7.68457E+05    1.50873E+04    1.20471E-01   -3.90556E-03    3.47067E-01    5.96814E+01    6.07279E+01    1.17692E+02
    2.40753E+04    1.70070E+07    8.14211E+05    1.50873E+04    1.24805E-01   -4.01523E-03    3.53254E-01    6.07279E+01    6.18159E+01    1.19773E+02
    2.43478E+04    1.78703E+07    8.63338E+05    1.50873E+04    1.29392E-01   -4.13210E-03    3.59687E-01    6.18159E+01    6.29483E+01    1.21936E+02
    2.46234E+04    1.87865E+07    9.16154E+05    1.50873E+04    1.34254E-01   -4.25674E-03    3.66382E-01    6.29483E+01    6.41280E+01    1.24187E+02
    2.49021E+04    1.97595E+07    9.73008E+05    1.50873E+04    1.39414E-01   -4.38983E-03    3.73356E-01    6.41280E+01    6.53583E+01    1.26533E+02
    2.51840E+04    2.07938E+07    1.03430E+06    1.50873E+04    1.44900E-01   -4.53209E-03    3.80630E-01    6.53583E+01    6.66429E+01    1.28979E+02
    2.54690E+04    2.18942E+07    1.10046E+06    1.50873E+04    1.50740E-01   -4.68434E-03    3.88224E-01    6.66429E+01    6.79856E+01    1.31533E+02
    2.57573E+04    2.30662E+07    1.17198E+06    1.50873E+04    1.56967E-01   -4.84750E-03    3.96161E-01    6.79856E+01    6.93908E+01    1.34202E+02
    2.60488E+04    2.43156E+07    1.24944E+06    1.50873E+04    1.63619E-01   -5.02258E-03    4.04468E-01    6.93908E+01    7.08632E+01    1.36996E+02
    2.63436E+04    2.56491E+07    1.33345E+06    1.50873E+04    1.70738E-01   -5.21073E-03    4.13171E-01    7.08632E+01    7.24080E+01    1.39923E+02
    2.66417E+04    2.70738E+07    1.42474E+06    1.50873E+04    1.78369E-01   -5.41324E-03    4.22303E-01    7.24080E+01    7.40309E+01    1.42994E+02
    2.69432E+04    2.85979E+07    1.52411E+06    1.50873E+04    1.86566E-01   -5.63154E-03    4.31896E-01    7.40309E+01    7.57384E+01    1.46220E+02
    2.72481E+04    3.02304E+07    1.63248E+06    1.50873E+04    1.95388E-01   -5.86729E-03    4.41988E-01    7.57384E+01    7.75375E+01    1.49615E+02
    2.75565E+04    3.19813E+07    1.75093E+06    1.50873E+04    2.04904E-01   -6.12233E-03    4.52621E-01    7.75375E+01    7.94360E+01    1.53191E+02
    2.78684E+04    3.38620E+07    1.88065E+06    1.50873E+04    2.15190E-01   -6.39876E-03    4.63842E-01    7.94360E+01    8.14426E+01    1.56965E+02
    2.81837E+04    3.58850E+07    2.02305E+06    1.50873E+04    2.26336E-01   -6.69899E-03    4.75701E-01    8.14426E+01    8.35672E+01    1.60954E+02
    2.85027E+04    3.80648E+07    2.17974E+06    1.50873E+04    2.38444E-01   -7.02577E-03    4.88256E-01    8.35672E+01    8.58205E+01    1.65177E+02
    2.88252E+04    4.04174E+07    2.35259E+06    1.50873E+04    2.51629E-01   -7.38225E-03    5.01572E-01    8.58205E+01    8.82150E+01    1.69656E+02
    2.91514E+04    4.29612E+07    2.54379E+06    1.50873E+04    2.66029E-01   -7.77208E-03    5.15721E-01    8.82150E+01    9.07643E+01    1.74415E+02
    2.94812E+04    4.57170E+07    2.75588E+06    1.50873E+04    2.81800E-01   -8.19949E-03    5.30785E-01    9.07643E+01    9.34843E+01    1.79482E+02
    2.98148E+04    4.87089E+07    2.99185E+06    1.50873E+04    2.99126E-01   -8.66939E-03    5.46855E-01    9.34843E+01    9.63926E+01    1.84888E+02
    3.01522E+04    5.19641E+07    3.25525E+06    1.50873E+04    3.18223E-01   -9.18756E-03    5.64038E-01    9.63926E+01    9.95096E+01    1.90669E+02
    3.04934E+04    5.55144E+07    3.55026E+06    1.50873E+04    3.39345E-01   -9.76081E-03    5.82451E-01    9.95096E+01    1.02858E+02    1.96863E+02
    3.08384E+04    5.93963E+07    3.88190E+06    1.50873E+04    3.62793E-01   -1.03972E-02    6.02233E-01    1.02858E+02    1.06466E+02    2.03519E+02
    3.11873E+04    6.36525E+07    4.25619E+06    1.50873E+04    3.88927E-01   -1.11064E-02    6.23541E-01    1.06466E+02    1.10363E+02    2.10688E+02
    3.15402E+04    6.83329E+07    4.68037E+06    1.50873E+04    4.18179E-01   -1.19000E-02    6.46558E-01    1.10363E+02    1.14586E+02    2.18432E+02
    3.18971E+04    7.34962E+07    5.16330E+06    1.50873E+04    4.51069E-01   -1.27922E-02    6.71495E-01    1.14586E+02    1.19177E+02    2.26823E+02
    3.22580E+04    7.92120E+07    5.71582E+06    1.50873E+04    4.88233E-01   -1.38001E-02    6.98601E-01    1.19177E+02    1.24185E+02    2.35944E+02
    3.26230E+04    8.55633E+07    6.35131E+06    1.50873E+04    5.30452E-01   -1.49451E-02    7.28168E-01    1.24185E+02    1.29670E+02    2.45895E+02
    3.29921E+04    9.26498E+07    7.08651E+06    1.50873E+04    5.78694E-01   -1.62539E-02    7.60546E-01    1.29670E+02    1.35703E+02    2.56792E+02
    3.33653E+04    1.00592E+08    7.94245E+06    1.50873E+04    6.34170E-01   -1.77601E-02    7.96150E-01    1.35703E+02    1.42370E+02    2.68776E+02
    3.37428E+04    1.09538E+08    8.94598E+06    1.50873E+04    6.98414E-01   -1.95070E-02    8.35484E-01    1.42370E+02    1.49775E+02    2.82017E+02
    3.41246E+04    1.19670E+08    1.01317E+07    1.50873E+04    7.73393E-01   -2.15507E-02    8.79163E-01    1.49775E+02    1.58048E+02    2.96722E+02
    3.45106E+04    1.31215E+08    1.15447E+07    1.50873E+04    8.61664E-01   -2.39655E-02    9.27949E-01    1.58048E+02    1.67352E+02    3.13150E+02
    3.49010E+04    1.44460E+08    1.32453E+07    1.50873E+04    9.66604E-01   -2.68517E-02    9.82793E-01    1.67352E+02    1.77895E+02    3.31621E+02
    3.52959E+04    1.59774E+08    1.53144E+07    1.50873E+04    1.09275E+00   -3.03478E-02    1.04491E+00    1.77895E+02    1.89945E+02    3.52546E+02
    3.56952E+04    1.77638E+08    1.78641E+07    1.50873E+04    1.24634E+00   -3.46496E-02    1.11586E+00    1.89945E+02    2.03858E+02    3.76455E+02
    3.60990E+04    1.98691E+08    2.10527E+07    1.50873E+04    1.43615E+00   -4.00434E-02    1.19772E+00    2.03858E+02    2.20119E+02    4.04051E+02
    3.65074E+04    2.23801E+08    2.51101E+07    1.50873E+04    1.67484E+00   -4.69627E-02    1.29330E+00    2.20119E+02    2.39405E+02    4.36288E+02
    3.69204E+04    2.54183E+08    3.03821E+07    1.50873E+04    1.98143E+00   -5.60935E-02    1.40651E+00    2.39405E+02    2.62701E+02    4.74497E+02
    3.73380E+04    2.91594E+08    3.74106E+07    1.50873E+04    2.38555E+00   -6.85831E-02    1.54300E+00    2.62701E+02    2.91507E+02    5.20606E+02
    3.77604E+04    3.38683E+08    4.70893E+07    1.50873E+04    2.93597E+00   -8.64878E-02    1.71128E+00    2.91507E+02    3.28242E+02    5.77539E+02
    3.81876E+04    3.99677E+08    6.09937E+07    1.50873E+04    3.71834E+00   -1.13849E-01    1.92494E+00    3.28242E+02    3.77146E+02    6.49986E+02
    3.86195E+04    4.81831E+08    8.21544E+07    1.50873E+04    4.89699E+00   -1.59685E-01    2.20715E+00    3.77146E+02    4.46514E+02    7.46060E+02
    3.90564E+04    5.98991E+08    1.17160E+08    1.50873E+04    6.82829E+00   -2.48238E-01    2.60128E+00    4.46514E+02    5.55568E+02    8.81305E+02
    3.94982E+04    7.82249E+08    1.83258E+08    1.50873E+04    1.04432E+01   -4.66130E-01    3.19779E+00    5.55568E+02    7.62659E+02    1.09006E+03
    3.99450E+04    1.12839E+09    3.46145E+08    1.50873E+04    1.92869E+01   -1.28360E+00    4.19991E+00    7.62659E+02    1.33937E+03    1.46465E+03
    4.03968E+04    2.62786E+09    1.49947E+09    1.50873E+04    8.16913E+01   -6.88945E+00    5.85036E+00    1.33937E+03    4.46977E+03    2.31723E+03
