 # rho, F_z,dF_z, z(rho), E2 (=>sigma2=e0^2*E2), Er, Ez, Ui,j , Ui+1,j , Ui,j-1
    2.50000E-01    1.23471E+00    1.23471E+00    0.00000E+00    9.87767E+00   -8.15813E-01    3.03515E+00    2.92548E+00    3.33339E+00    4.44305E+00
    7.31707E-01    3.47683E+00    2.24212E+00    5.00000E-01    6.61230E+00   -3.17958E-01    2.55171E+00    2.05753E+00    2.20488E+00    3.33339E+00
    1.19774E+00    6.97878E+00    3.50195E+00    5.00000E-01    6.23876E+00   -1.14218E-01    2.49514E+00    2.20488E+00    2.25841E+00    3.45245E+00
    1.66904E+00    1.20271E+01    5.04831E+00    5.00000E-01    6.38190E+00   -7.40598E-02    2.52516E+00    2.25841E+00    2.29351E+00    3.52099E+00
    2.14566E+00    1.88262E+01    6.79911E+00    5.00000E-01    6.61121E+00   -7.37605E-02    2.57017E+00    2.29351E+00    2.32886E+00    3.57859E+00
    2.62767E+00    2.76138E+01    8.78758E+00    5.00000E-01    6.89935E+00   -9.19030E-02    2.62505E+00    2.32886E+00    2.37341E+00    3.64139E+00
    3.11513E+00    3.87156E+01    1.11018E+01    5.00000E-01    7.27024E+00   -1.30091E-01    2.69320E+00    2.37341E+00    2.43718E+00    3.72001E+00
    3.60810E+00    5.25980E+01    1.38824E+01    5.00000E-01    7.76134E+00   -2.07690E-01    2.77817E+00    2.43718E+00    2.54014E+00    3.82626E+00
    4.10663E+00    6.99323E+01    1.73343E+01    5.00000E-01    8.41957E+00   -3.87665E-01    2.87564E+00    2.54014E+00    2.73449E+00    3.97796E+00
    4.61080E+00    9.19301E+01    2.19978E+01    5.00000E-01    9.41007E+00   -8.84358E-01    2.93734E+00    2.73449E+00    3.18286E+00    4.20316E+00
    5.12067E+00    1.11664E+02    1.97341E+01    9.63414E-01    7.51624E+00   -7.11538E-01    2.64763E+00    1.85905E+00    2.22387E+00    3.18286E+00
    5.63630E+00    1.33757E+02    2.20928E+01    9.63414E-01    7.55942E+00   -6.03516E-01    2.68238E+00    2.22387E+00    2.53681E+00    3.56506E+00
    6.15775E+00    1.63086E+02    2.93286E+01    9.63414E-01    9.08281E+00   -1.07931E+00    2.81388E+00    2.53681E+00    3.10278E+00    3.94375E+00
    6.68510E+00    1.89292E+02    2.62060E+01    1.43207E+00    7.39202E+00   -8.88284E-01    2.56962E+00    1.91198E+00    2.38305E+00    3.10278E+00
    7.21840E+00    2.21807E+02    3.25159E+01    1.43207E+00    8.39933E+00   -1.16881E+00    2.65202E+00    2.38305E+00    3.00988E+00    3.61203E+00
    7.75774E+00    2.49561E+02    2.77539E+01    1.90601E+00    6.59628E+00   -8.84107E-01    2.41136E+00    1.87980E+00    2.35930E+00    3.00988E+00
    8.30316E+00    2.85806E+02    3.62450E+01    1.90601E+00    7.95857E+00   -1.18804E+00    2.55873E+00    2.35930E+00    3.01094E+00    3.55846E+00
    8.85475E+00    3.17462E+02    3.16554E+01    2.38531E+00    6.44499E+00   -9.03051E-01    2.37265E+00    1.88642E+00    2.38734E+00    3.01094E+00
    9.41258E+00    3.60157E+02    4.26953E+01    2.38531E+00    8.08616E+00   -1.25564E+00    2.55138E+00    2.38734E+00    3.09170E+00    3.59655E+00
    9.97670E+00    3.98769E+02    3.86118E+01    2.87003E+00    6.82218E+00   -9.98485E-01    2.41355E+00    1.93488E+00    2.50131E+00    3.09170E+00
    1.05472E+01    4.54183E+02    5.54142E+01    2.87003E+00    9.15786E+00   -1.51884E+00    2.61744E+00    2.50131E+00    3.37268E+00    3.75586E+00
    1.11242E+01    5.14470E+02    6.02872E+01    3.36023E+00    9.34089E+00   -1.75591E+00    2.50153E+00    2.16014E+00    3.17890E+00    3.37268E+00
    1.17076E+01    5.69196E+02    5.47254E+01    3.85596E+00    7.96656E+00   -1.73002E+00    2.23015E+00    2.08569E+00    3.10077E+00    3.17890E+00
    1.22977E+01    6.22897E+02    5.37008E+01    4.35730E+00    7.35916E+00   -1.70557E+00    2.10955E+00    2.05500E+00    3.06704E+00    3.10077E+00
    1.28944E+01    6.77404E+02    5.45077E+01    4.86430E+00    7.04445E+00   -1.69530E+00    2.04215E+00    2.04323E+00    3.06055E+00    3.06704E+00
    1.34979E+01    7.34057E+02    5.66525E+01    5.37703E+00    6.91614E+00   -1.70325E+00    2.00376E+00    2.04464E+00    3.07828E+00    3.06055E+00
    1.41082E+01    7.94400E+02    6.03431E+01    5.89556E+00    6.96927E+00   -1.73840E+00    1.98676E+00    2.05960E+00    3.12649E+00    3.07828E+00
    1.47254E+01    8.61115E+02    6.67153E+01    6.41994E+00    7.29978E+00   -1.82852E+00    1.98905E+00    2.09512E+00    3.22999E+00    3.12649E+00
    1.53495E+01    9.42014E+02    8.08989E+01    6.95025E+00    8.39689E+00   -2.09638E+00    2.00051E+00    2.18096E+00    3.49679E+00    3.22999E+00
    1.59807E+01    9.92614E+02    5.05995E+01    8.02892E+00    4.98815E+00   -1.81024E+00    1.30812E+00    1.90464E+00    3.05371E+00    2.60619E+00
    1.66191E+01    1.07102E+03    7.84022E+01    8.57741E+00    7.34905E+00   -2.10044E+00    1.71383E+00    2.12419E+00    3.47253E+00    3.05371E+00
    1.72646E+01    1.13515E+03    6.41381E+01    9.69305E+00    5.72254E+00   -2.05979E+00    1.21647E+00    1.97144E+00    3.30863E+00    2.64620E+00
    1.79175E+01    1.19798E+03    6.28242E+01    1.08341E+01    5.34072E+00   -2.02951E+00    1.10535E+00    1.94495E+00    3.27737E+00    2.57201E+00
    1.85777E+01    1.26657E+03    6.85965E+01    1.20010E+01    5.56134E+00   -2.11263E+00    1.04792E+00    1.96854E+00    3.37120E+00    2.57654E+00
    1.92454E+01    1.32647E+03    5.98976E+01    1.38013E+01    4.63524E+00   -2.00758E+00    7.77719E-01    1.87267E+00    3.22065E+00    2.33936E+00
    1.99207E+01    1.37432E+03    4.78517E+01    1.62981E+01    3.53756E+00   -1.78629E+00    5.88834E-01    1.77098E+00    2.98393E+00    2.14057E+00
    2.06035E+01    1.41478E+03    4.04611E+01    1.89097E+01    2.85974E+00   -1.61226E+00    5.10259E-01    1.71550E+00    2.82264E+00    2.05049E+00
    2.12941E+01    1.45800E+03    4.32126E+01    2.09469E+01    2.92214E+00   -1.62684E+00    5.24910E-01    1.74653E+00    2.87631E+00    2.10296E+00
    2.19925E+01    1.49594E+03    3.79401E+01    2.37722E+01    2.45637E+00   -1.50636E+00    4.32742E-01    1.69806E+00    2.75599E+00    2.00542E+00
    2.26988E+01    1.52944E+03    3.35016E+01    2.67274E+01    2.07803E+00   -1.38847E+00    3.87520E-01    1.66323E+00    2.64939E+00    1.95112E+00
    2.34130E+01    1.56532E+03    3.58805E+01    2.90326E+01    2.13359E+00   -1.40397E+00    4.03071E-01    1.69344E+00    2.70187E+00    2.00314E+00
    2.41354E+01    1.59605E+03    3.07284E+01    3.22296E+01    1.75274E+00   -1.28074E+00    3.35309E-01    1.64315E+00    2.57347E+00    1.91263E+00
    2.48659E+01    1.62766E+03    3.16079E+01    3.47234E+01    1.73038E+00   -1.26872E+00    3.47471E-01    1.66002E+00    2.59202E+00    1.94885E+00
    2.56046E+01    1.65922E+03    3.15675E+01    3.73028E+01    1.65956E+00   -1.24422E+00    3.33884E-01    1.66184E+00    2.58617E+00    1.94890E+00
    2.63517E+01    1.69050E+03    3.12737E+01    3.99705E+01    1.57965E+00   -1.21609E+00    3.17447E-01    1.66044E+00    2.57408E+00    1.94272E+00
    2.71072E+01    1.72137E+03    3.08727E+01    4.27298E+01    1.49899E+00   -1.18681E+00    3.00795E-01    1.65775E+00    2.55947E+00    1.93439E+00
    2.78713E+01    1.75178E+03    3.04054E+01    4.55836E+01    1.41979E+00   -1.15707E+00    2.84543E-01    1.65428E+00    2.54334E+00    1.92495E+00
    2.86440E+01    1.78165E+03    2.98724E+01    4.85353E+01    1.34210E+00   -1.12686E+00    2.68866E-01    1.65006E+00    2.52568E+00    1.91458E+00
    2.94255E+01    1.81088E+03    2.92354E+01    5.15882E+01    1.26432E+00   -1.09540E+00    2.53793E-01    1.64468E+00    2.50548E+00    1.90293E+00
    3.02157E+01    1.83923E+03    2.83468E+01    5.47457E+01    1.18049E+00   -1.05980E+00    2.39388E-01    1.63661E+00    2.47885E+00    1.88856E+00
    3.10149E+01    1.86551E+03    2.62829E+01    5.80115E+01    1.05442E+00   -1.00130E+00    2.27643E-01    1.61657E+00    2.42131E+00    1.86437E+00
    3.18232E+01    1.89665E+03    3.11398E+01    6.02507E+01    1.20393E+00   -1.06097E+00    2.79774E-01    1.67983E+00    2.54216E+00    1.99130E+00
    3.26405E+01    1.92505E+03    2.84020E+01    6.37052E+01    1.05863E+00   -1.00639E+00    2.14036E-01    1.63952E+00    2.46673E+00    1.88598E+00
    3.34671E+01    1.95093E+03    2.58741E+01    6.72782E+01    9.30072E-01   -9.43561E-01    1.99411E-01    1.61308E+00    2.39741E+00    1.85056E+00
    3.43031E+01    1.98092E+03    2.99924E+01    6.97280E+01    1.04008E+00   -9.89981E-01    2.44990E-01    1.66843E+00    2.50065E+00    1.96683E+00
    3.51485E+01    2.00674E+03    2.58178E+01    7.35074E+01    8.64018E-01   -9.10472E-01    1.87239E-01    1.61327E+00    2.38730E+00    1.84915E+00
    3.60034E+01    2.03539E+03    2.86484E+01    7.60988E+01    9.25523E-01   -9.34342E-01    2.29190E-01    1.65480E+00    2.45809E+00    1.95008E+00
    3.68680E+01    2.06680E+03    3.14140E+01    7.87490E+01    9.79993E-01   -9.62608E-01    2.31038E-01    1.68366E+00    2.52061E+00    1.98809E+00
    3.77424E+01    2.09360E+03    2.68030E+01    8.28378E+01    8.07652E-01   -8.82544E-01    1.69609E-01    1.62325E+00    2.39926E+00    1.85441E+00
    3.86267E+01    2.12389E+03    3.02901E+01    8.56412E+01    8.81867E-01   -9.16252E-01    2.05787E-01    1.66985E+00    2.48460E+00    1.95668E+00
    3.95209E+01    2.14966E+03    2.57659E+01    8.99662E+01    7.24983E-01   -8.37380E-01    1.54199E-01    1.61137E+00    2.36440E+00    1.83367E+00
    4.04252E+01    2.17760E+03    2.79379E+01    9.29317E+01    7.59925E-01   -8.50892E-01    1.89497E-01    1.64483E+00    2.41866E+00    1.92422E+00
    4.13398E+01    2.20671E+03    2.91107E+01    9.59645E+01    7.65657E-01   -8.53809E-01    1.91486E-01    1.65793E+00    2.44319E+00    1.94667E+00
    4.22647E+01    2.23688E+03    3.01722E+01    9.90662E+01    7.67537E-01   -8.55481E-01    1.88914E-01    1.66846E+00    2.46415E+00    1.95980E+00
    4.32001E+01    2.26885E+03    3.19669E+01    1.02238E+02    7.86695E-01   -8.67707E-01    1.83791E-01    1.68547E+00    2.50164E+00    1.97534E+00
    4.41460E+01    2.29552E+03    2.66701E+01    1.07133E+02    6.35102E-01   -7.85993E-01    1.31595E-01    1.61896E+00    2.36663E+00    1.83363E+00
    4.51026E+01    2.32405E+03    2.85295E+01    1.10488E+02    6.57541E-01   -7.94628E-01    1.61576E-01    1.64769E+00    2.41211E+00    1.91726E+00
    4.60700E+01    2.35338E+03    2.93372E+01    1.13920E+02    6.54561E-01   -7.92587E-01    1.62378E-01    1.65660E+00    2.42768E+00    1.93366E+00
    4.70484E+01    2.38323E+03    2.98428E+01    1.17430E+02    6.44709E-01   -7.86911E-01    1.59627E-01    1.66132E+00    2.43553E+00    1.93988E+00
    4.80378E+01    2.41345E+03    3.02205E+01    1.21019E+02    6.32278E-01   -7.79710E-01    1.55982E-01    1.66444E+00    2.44023E+00    1.94283E+00
    4.90384E+01    2.44398E+03    3.05273E+01    1.24691E+02    6.18674E-01   -7.71724E-01    1.52041E-01    1.66673E+00    2.44325E+00    1.94425E+00
    5.00503E+01    2.47476E+03    3.07853E+01    1.28445E+02    6.04459E-01   -7.63253E-01    1.48003E-01    1.66847E+00    2.44515E+00    1.94476E+00
    5.10736E+01    2.50576E+03    3.10026E+01    1.32285E+02    5.89863E-01   -7.54414E-01    1.43953E-01    1.66978E+00    2.44614E+00    1.94462E+00
    5.21085E+01    2.53694E+03    3.11780E+01    1.36212E+02    5.74923E-01   -7.45213E-01    1.39926E-01    1.67067E+00    2.44622E+00    1.94388E+00
    5.31551E+01    2.56824E+03    3.13012E+01    1.40229E+02    5.59508E-01   -7.35546E-01    1.35944E-01    1.67102E+00    2.44516E+00    1.94250E+00
    5.42135E+01    2.59959E+03    3.13451E+01    1.44337E+02    5.43214E-01   -7.25110E-01    1.32020E-01    1.67058E+00    2.44236E+00    1.94021E+00
    5.52839E+01    2.63083E+03    3.12381E+01    1.48538E+02    5.24947E-01   -7.13101E-01    1.28193E-01    1.66864E+00    2.43622E+00    1.93641E+00
    5.63664E+01    2.66156E+03    3.07393E+01    1.52834E+02    5.00984E-01   -6.96727E-01    1.24719E-01    1.66281E+00    2.42123E+00    1.92924E+00
    5.74611E+01    2.68996E+03    2.83940E+01    1.57229E+02    4.48871E-01   -6.58304E-01    1.24528E-01    1.63855E+00    2.36325E+00    1.91062E+00
    5.85682E+01    2.72961E+03    3.96550E+01    1.59463E+02    6.08172E-01   -7.33236E-01    2.65588E-01    1.77644E+00    2.59274E+00    2.36325E+00
    5.96878E+01    2.76429E+03    3.46775E+01    1.64008E+02    5.16027E-01   -7.06860E-01    1.27970E-01    1.70094E+00    2.49677E+00    1.99011E+00
    6.08200E+01    2.79798E+03    3.36879E+01    1.68656E+02    4.86471E-01   -6.87545E-01    1.17273E-01    1.68854E+00    2.47138E+00    1.95957E+00
    6.19650E+01    2.83078E+03    3.28007E+01    1.73410E+02    4.59713E-01   -6.68628E-01    1.12474E-01    1.67872E+00    2.44862E+00    1.94457E+00
    6.31230E+01    2.86096E+03    3.01781E+01    1.78272E+02    4.10558E-01   -6.30939E-01    1.11689E-01    1.65239E+00    2.38711E+00    1.92238E+00
    6.42940E+01    2.90261E+03    4.16539E+01    1.80744E+02    5.50142E-01   -7.00084E-01    2.44998E-01    1.78818E+00    2.61262E+00    2.38711E+00
    6.54783E+01    2.93876E+03    3.61490E+01    1.85773E+02    4.63563E-01   -6.71222E-01    1.14126E-01    1.70983E+00    2.50921E+00    1.99516E+00
    6.66760E+01    2.97336E+03    3.45999E+01    1.90916E+02    4.30859E-01   -6.48010E-01    1.04605E-01    1.69261E+00    2.47307E+00    1.96009E+00
    6.78872E+01    3.00500E+03    3.16353E+01    1.96176E+02    3.82590E-01   -6.09911E-01    1.02949E-01    1.66344E+00    2.40632E+00    1.93266E+00
    6.91121E+01    3.04821E+03    4.32149E+01    1.98850E+02    5.07633E-01   -6.74200E-01    2.30406E-01    1.79697E+00    2.62743E+00    2.40632E+00
    7.03508E+01    3.08518E+03    3.69736E+01    2.04290E+02    4.21903E-01   -6.41017E-01    1.04884E-01    1.71365E+00    2.51215E+00    1.99733E+00
    7.16036E+01    3.11851E+03    3.33224E+01    2.09854E+02    3.69412E-01   -5.99739E-01    9.86202E-02    1.67750E+00    2.43303E+00    1.95031E+00
    7.28704E+01    3.16369E+03    4.51783E+01    2.12683E+02    4.86641E-01   -6.61131E-01    2.22590E-01    1.81034E+00    2.65262E+00    2.43303E+00
    7.41516E+01    3.20219E+03    3.85011E+01    2.18438E+02    4.02997E-01   -6.27003E-01    9.93167E-02    1.72462E+00    2.53245E+00    2.00878E+00
    7.54473E+01    3.23684E+03    3.46555E+01    2.24323E+02    3.52532E-01   -5.86386E-01    9.31838E-02    1.68748E+00    2.45152E+00    1.96015E+00
    7.67576E+01    3.28357E+03    4.67292E+01    2.27316E+02    4.62016E-01   -6.45319E-01    2.13493E-01    1.81975E+00    2.67008E+00    2.45152E+00
    7.80828E+01    3.32326E+03    3.96905E+01    2.33403E+02    3.81453E-01   -6.10478E-01    9.36443E-02    1.73235E+00    2.54585E+00    2.01576E+00
    7.94229E+01    3.35878E+03    3.55210E+01    2.39628E+02    3.31871E-01   -5.69343E-01    8.78624E-02    1.69292E+00    2.46019E+00    1.96488E+00
    8.07781E+01    3.40615E+03    4.73650E+01    2.42794E+02    4.30243E-01   -6.23372E-01    2.04085E-01    1.82136E+00    2.67093E+00    2.46019E+00
    8.21487E+01    3.44407E+03    3.79219E+01    2.49232E+02    3.34934E-01   -5.71577E-01    9.07428E-02    1.71463E+00    2.50241E+00    2.00513E+00
    8.35347E+01    3.49409E+03    5.00248E+01    2.52507E+02    4.29643E-01   -6.22836E-01    2.04252E-01    1.84114E+00    2.70927E+00    2.50241E+00
    8.49364E+01    3.53401E+03    3.99162E+01    2.59166E+02    3.33399E-01   -5.70513E-01    8.89608E-02    1.73058E+00    2.53476E+00    2.02514E+00
    8.63540E+01    3.58675E+03    5.27438E+01    2.62552E+02    4.28468E-01   -6.22826E-01    2.01386E-01    1.86042E+00    2.74827E+00    2.53476E+00
    8.77875E+01    3.63104E+03    4.42900E+01    2.69440E+02    3.49963E-01   -5.85545E-01    8.42633E-02    1.76518E+00    2.60931E+00    2.05375E+00
    8.92373E+01    3.67059E+03    3.95464E+01    2.76485E+02    3.03970E-01   -5.45709E-01    7.85592E-02    1.72309E+00    2.51868E+00    1.99824E+00
    9.07034E+01    3.72281E+03    5.22161E+01    2.80067E+02    3.90454E-01   -5.95867E-01    1.88142E-01    1.85228E+00    2.73082E+00    2.51868E+00
    9.21861E+01    3.76458E+03    4.17770E+01    2.87353E+02    3.03936E-01   -5.45357E-01    8.07571E-02    1.74208E+00    2.55523E+00    2.03462E+00
    9.36856E+01    3.81913E+03    5.45487E+01    2.91058E+02    3.86137E-01   -5.92447E-01    1.87467E-01    1.86845E+00    2.76180E+00    2.55523E+00
    9.52020E+01    3.86241E+03    4.32824E+01    2.98594E+02    2.98137E-01   -5.40275E-01    7.89927E-02    1.75316E+00    2.57704E+00    2.04912E+00
    9.67356E+01    3.91869E+03    5.62798E+01    3.02425E+02    3.77256E-01   -5.85961E-01    1.84135E-01    1.87935E+00    2.78299E+00    2.57704E+00
    9.82864E+01    3.96317E+03    4.44748E+01    3.10220E+02    2.90142E-01   -5.33137E-01    7.68578E-02    1.76133E+00    2.59280E+00    2.05916E+00
    9.98548E+01    4.02070E+03    5.75296E+01    3.14183E+02    3.65285E-01   -5.76882E-01    1.80256E-01    1.88638E+00    2.79625E+00    2.59280E+00
    1.01441E+02    4.06535E+03    4.46502E+01    3.22244E+02    2.75956E-01   -5.19916E-01    7.51233E-02    1.76120E+00    2.59048E+00    2.06229E+00
    1.03045E+02    4.12123E+03    5.58769E+01    3.26343E+02    3.36167E-01   -5.52010E-01    1.77346E-01    1.87164E+00    2.76207E+00    2.59048E+00
    1.04667E+02    4.18706E+03    6.58379E+01    3.30489E+02    3.85598E-01   -5.88098E-01    1.99345E-01    1.94492E+00    2.90428E+00    2.76207E+00
    1.06308E+02    4.23711E+03    5.00494E+01    3.38921E+02    2.85380E-01   -5.28949E-01    7.47847E-02    1.80184E+00    2.67446E+00    2.11536E+00
    1.07967E+02    4.30144E+03    6.43275E+01    3.43208E+02    3.57122E-01   -5.71206E-01    1.75630E-01    1.92985E+00    2.88282E+00    2.67446E+00
    1.09645E+02    4.35208E+03    5.06374E+01    3.51929E+02    2.73725E-01   -5.18348E-01    7.09967E-02    1.80414E+00    2.67870E+00    2.11198E+00
    1.11341E+02    4.41711E+03    6.50345E+01    3.56364E+02    3.42324E-01   -5.59783E-01    1.70197E-01    1.93238E+00    2.88753E+00    2.67870E+00
    1.13057E+02    4.46764E+03    5.05298E+01    3.65384E+02    2.59012E-01   -5.04230E-01    6.90170E-02    1.80178E+00    2.67186E+00    2.11129E+00
    1.14793E+02    4.53053E+03    6.28850E+01    3.69970E+02    3.13923E-01   -5.34866E-01    1.66858E-01    1.91510E+00    2.84847E+00    2.67186E+00
    1.16547E+02    4.60419E+03    7.36585E+01    3.74609E+02    3.58121E-01   -5.68358E-01    1.87324E-01    1.98929E+00    2.99231E+00    2.84847E+00
    1.18322E+02    4.66017E+03    5.59826E+01    3.84044E+02    2.65104E-01   -5.10307E-01    6.84865E-02    1.84024E+00    2.75100E+00    2.16150E+00
    1.20117E+02    4.73150E+03    7.13320E+01    3.88841E+02    3.29026E-01   -5.49455E-01    1.64697E-01    1.96970E+00    2.96140E+00    2.75100E+00
    1.21932E+02    4.78675E+03    5.52457E+01    3.98599E+02    2.48227E-01   -4.93916E-01    6.53828E-02    1.83298E+00    2.73452E+00    2.15020E+00
    1.23768E+02    4.85514E+03    6.83966E+01    4.03561E+02    2.99376E-01   -5.23134E-01    1.60332E-01    1.94785E+00    2.91351E+00    2.73452E+00
    1.25624E+02    4.93475E+03    7.96062E+01    4.08579E+02    3.39456E-01   -5.54206E-01    1.79757E-01    2.02156E+00    3.05614E+00    2.91351E+00
    1.27501E+02    4.99434E+03    5.95932E+01    4.18786E+02    2.47578E-01   -4.93302E-01    6.50465E-02    1.86209E+00    2.79338E+00    2.19218E+00
    1.29400E+02    5.06782E+03    7.34816E+01    4.23976E+02    2.97436E-01   -5.21749E-01    1.58789E-01    1.97846E+00    2.97458E+00    2.79338E+00
    1.31320E+02    5.15322E+03    8.53971E+01    4.29225E+02    3.36808E-01   -5.52568E-01    1.77417E-01    2.05378E+00    3.12066E+00    2.97458E+00
    1.33262E+02    5.21816E+03    6.49384E+01    4.39901E+02    2.49567E-01   -4.95577E-01    6.30041E-02    1.89609E+00    2.86375E+00    2.23051E+00
    1.35225E+02    5.30040E+03    8.22442E+01    4.45329E+02    3.08005E-01   -5.32833E-01    1.55223E-01    2.03051E+00    3.08267E+00    2.86375E+00
    1.37211E+02    5.36425E+03    6.38489E+01    4.56371E+02    2.33021E-01   -4.78980E-01    5.99854E-02    1.88699E+00    2.84350E+00    2.21631E+00
    1.39219E+02    5.44289E+03    7.86420E+01    4.61986E+02    2.79708E-01   -5.06916E-01    1.50812E-01    2.00618E+00    3.02992E+00    2.84350E+00
    1.41250E+02    5.53393E+03    9.10305E+01    4.67664E+02    3.15550E-01   -5.35748E-01    1.68889E-01    2.08164E+00    3.17583E+00    3.02992E+00
    1.43304E+02    5.60212E+03    6.81907E+01    4.79214E+02    2.30386E-01   -4.76276E-01    5.95587E-02    1.91396E+00    2.89768E+00    2.25597E+00
    1.45381E+02    5.68559E+03    8.34727E+01    4.85087E+02    2.74882E-01   -5.02705E-01    1.48895E-01    2.03300E+00    3.08304E+00    2.89768E+00
    1.47482E+02    5.78167E+03    9.60819E+01    4.91026E+02    3.08413E-01   -5.29919E-01    1.66129E-01    2.10738E+00    3.22677E+00    3.08304E+00
    1.49606E+02    5.85300E+03    7.13281E+01    5.03107E+02    2.23183E-01   -4.68833E-01    5.81236E-02    1.93198E+00    2.93352E+00    2.28109E+00
    1.51754E+02    5.93932E+03    8.63191E+01    5.09249E+02    2.63291E-01   -4.91928E-01    1.45936E-01    2.04707E+00    3.10982E+00    2.93352E+00
    1.53927E+02    6.03571E+03    9.63889E+01    5.15462E+02    2.86617E-01   -5.09806E-01    1.63446E-01    2.10580E+00    3.21962E+00    3.10982E+00
    1.56124E+02    6.14348E+03    1.07777E+02    5.21744E+02    3.12439E-01   -5.32685E-01    1.69370E-01    2.16745E+00    3.34441E+00    3.21962E+00
    1.58346E+02    6.22293E+03    7.94450E+01    5.34523E+02    2.24538E-01   -4.70384E-01    5.72388E-02    1.97911E+00    3.03016E+00    2.34278E+00
    1.60593E+02    6.31959E+03    9.66655E+01    5.41021E+02    2.66376E-01   -4.95520E-01    1.44344E-01    2.10272E+00    3.22244E+00    3.03016E+00
    1.62866E+02    6.43027E+03    1.10681E+02    5.47592E+02    2.97381E-01   -5.21152E-01    1.60566E-01    2.17910E+00    3.37006E+00    3.22244E+00
    1.65164E+02    6.51243E+03    8.21593E+01    5.60958E+02    2.15244E-01   -4.60660E-01    5.51057E-02    1.99291E+00    3.05752E+00    2.35912E+00
    1.67488E+02    6.61148E+03    9.90486E+01    5.67755E+02    2.53031E-01   -4.82991E-01    1.40540E-01    2.11300E+00    3.24183E+00    3.05752E+00
    1.69838E+02    6.72168E+03    1.10198E+02    5.74628E+02    2.74515E-01   -4.99802E-01    1.57204E-01    2.17338E+00    3.35470E+00    3.24183E+00
    1.72215E+02    6.84435E+03    1.22672E+02    5.81579E+02    2.98005E-01   -5.21082E-01    1.62722E-01    2.23625E+00    3.48179E+00    3.35470E+00
    1.74619E+02    6.93430E+03    8.99455E+01    5.95718E+02    2.13087E-01   -4.58421E-01    5.41944E-02    2.03490E+00    3.14304E+00    2.41586E+00
    1.77050E+02    7.04238E+03    1.08087E+02    6.02907E+02    2.49727E-01   -4.80127E-01    1.38584E-01    2.15783E+00    3.33156E+00    3.14304E+00
    1.79508E+02    7.16235E+03    1.19964E+02    6.10178E+02    2.70318E-01   -4.96366E-01    1.54720E-01    2.21922E+00    3.44635E+00    3.33156E+00
    1.81994E+02    7.29562E+03    1.33276E+02    6.17531E+02    2.92903E-01   -5.17026E-01    1.59960E-01    2.28335E+00    3.57600E+00    3.44635E+00
    1.84509E+02    7.39344E+03    9.78155E+01    6.32487E+02    2.09672E-01   -4.54848E-01    5.27739E-02    2.07517E+00    3.22522E+00    2.46759E+00
    1.87052E+02    7.51082E+03    1.17378E+02    6.40091E+02    2.45411E-01   -4.76331E-01    1.36090E-01    2.20184E+00    3.41982E+00    3.22522E+00
    1.89623E+02    7.64094E+03    1.30127E+02    6.47782E+02    2.65378E-01   -4.92254E-01    1.51867E-01    2.26489E+00    3.53781E+00    3.41982E+00
    1.92223E+02    7.78534E+03    1.44394E+02    6.55560E+02    2.87245E-01   -5.12457E-01    1.56952E-01    2.33072E+00    3.67086E+00    3.53781E+00
    1.94853E+02    7.89150E+03    1.06160E+02    6.71380E+02    2.06007E-01   -4.50968E-01    5.13267E-02    2.11615E+00    3.30881E+00    2.51986E+00
    1.97513E+02    8.01872E+03    1.27226E+02    6.79424E+02    2.40841E-01   -4.72240E-01    1.33531E-01    2.24664E+00    3.50967E+00    3.30881E+00
    2.00203E+02    8.15961E+03    1.40889E+02    6.87560E+02    2.60181E-01   -4.87844E-01    1.48961E-01    2.31138E+00    3.63088E+00    3.50967E+00
    2.02923E+02    8.31575E+03    1.56141E+02    6.95787E+02    2.81303E-01   -5.07561E-01    1.53901E-01    2.37886E+00    3.76721E+00    3.63088E+00
    2.05673E+02    8.43069E+03    1.14940E+02    7.12521E+02    2.02024E-01   -4.46693E-01    4.98958E-02    2.15760E+00    3.39326E+00    2.57274E+00
    2.08455E+02    8.56821E+03    1.37519E+02    7.21030E+02    2.35819E-01   -4.67630E-01    1.30926E-01    2.29163E+00    3.59982E+00    3.39326E+00
    2.11269E+02    8.72024E+03    1.52025E+02    7.29636E+02    2.54348E-01   -4.82738E-01    1.45986E-01    2.35759E+00    3.72331E+00    3.59982E+00
    2.14114E+02    8.88835E+03    1.68108E+02    7.38338E+02    2.74419E-01   -5.01688E-01    1.50759E-01    2.42596E+00    3.86133E+00    3.72331E+00
    2.16991E+02    9.01174E+03    1.23392E+02    7.56040E+02    1.96532E-01   -4.40656E-01    4.85247E-02    2.19587E+00    3.47087E+00    2.62294E+00
    2.19901E+02    9.15853E+03    1.46795E+02    7.65041E+02    2.28136E-01   -4.60122E-01    1.28154E-01    2.33025E+00    3.67662E+00    3.47087E+00
    2.22843E+02    9.31908E+03    1.60551E+02    7.74144E+02    2.43469E-01   -4.72294E-01    1.42853E-01    2.39079E+00    3.78840E+00    3.67662E+00
    2.25819E+02    9.49163E+03    1.72543E+02    7.83349E+02    2.55320E-01   -4.83105E-01    1.48085E-01    2.44042E+00    3.88616E+00    3.78840E+00
    2.28829E+02    9.68017E+03    1.88543E+02    7.92659E+02    2.72251E-01   -4.99707E-01    1.50145E-01    2.50399E+00    4.01632E+00    3.88616E+00
    2.31872E+02    9.81747E+03    1.37300E+02    8.11595E+02    1.93469E-01   -4.37272E-01    4.75614E-02    2.25680E+00    3.59512E+00    2.70458E+00
    2.34950E+02    9.98006E+03    1.62589E+02    8.21224E+02    2.23575E-01   -4.55710E-01    1.26109E-01    2.39441E+00    3.80493E+00    3.59512E+00
    2.38063E+02    1.01568E+04    1.76763E+02    8.30961E+02    2.37207E-01   -4.66380E-01    1.40347E-01    2.45357E+00    3.91343E+00    3.80493E+00
    2.41211E+02    1.03448E+04    1.87992E+02    8.40809E+02    2.46201E-01   -4.74410E-01    1.45386E-01    2.49772E+00    3.99949E+00    3.91343E+00
    2.44394E+02    1.05446E+04    1.99834E+02    8.50768E+02    2.55415E-01   -4.83250E-01    1.47935E-01    2.54268E+00    4.08972E+00    3.99949E+00
    2.47614E+02    1.07618E+04    2.17164E+02    8.60839E+02    2.70896E-01   -4.98711E-01    1.48941E-01    2.60643E+00    4.22102E+00    4.08972E+00
    2.50870E+02    1.09199E+04    1.58124E+02    8.81325E+02    1.92512E-01   -4.36285E-01    4.65535E-02    2.34269E+00    3.77113E+00    2.81685E+00
    2.54162E+02    1.11072E+04    1.87251E+02    8.91741E+02    2.22507E-01   -4.54999E-01    1.24429E-01    2.48947E+00    3.99601E+00    3.77113E+00
    2.57492E+02    1.13113E+04    2.04078E+02    9.02276E+02    2.36691E-01   -4.66416E-01    1.38370E-01    2.55465E+00    4.11645E+00    3.99601E+00
    2.60859E+02    1.15300E+04    2.18694E+02    9.12929E+02    2.47571E-01   -4.76516E-01    1.43189E-01    2.60803E+00    4.22168E+00    4.11645E+00
    2.64265E+02    1.17682E+04    2.38284E+02    9.23703E+02    2.63297E-01   -4.92208E-01    1.45009E-01    2.67682E+00    4.36244E+00    4.22168E+00
    2.67709E+02    1.19422E+04    1.73974E+02    9.45618E+02    1.87642E-01   -4.30821E-01    4.51141E-02    2.40387E+00    3.89594E+00    2.89542E+00
    2.71192E+02    1.21477E+04    2.05445E+02    9.56761E+02    2.16296E-01   -4.48870E-01    1.21704E-01    2.55491E+00    4.12705E+00    3.89594E+00
    2.74714E+02    1.23705E+04    2.22851E+02    9.68030E+02    2.29025E-01   -4.59037E-01    1.35316E-01    2.61919E+00    4.24511E+00    4.12705E+00
    2.78276E+02    1.26070E+04    2.36513E+02    9.79426E+02    2.37273E-01   -4.66539E-01    1.40052E-01    2.66684E+00    4.33800E+00    4.24511E+00
    2.81878E+02    1.28579E+04    2.50830E+02    9.90952E+02    2.45645E-01   -4.74728E-01    1.42402E-01    2.71511E+00    4.43483E+00    4.33800E+00
    2.85521E+02    1.31296E+04    2.71739E+02    1.00261E+03    2.59790E-01   -4.89143E-01    1.43281E-01    2.78348E+00    4.57543E+00    4.43483E+00
    2.89205E+02    1.33273E+04    1.97749E+02    1.02631E+03    1.84560E-01   -4.27338E-01    4.40627E-02    2.49122E+00    4.07445E+00    3.01060E+00
    2.92931E+02    1.35601E+04    2.32788E+02    1.03837E+03    2.12101E-01   -4.44742E-01    1.19606E-01    2.64870E+00    4.31502E+00    4.07445E+00
    2.96699E+02    1.38117E+04    2.51592E+02    1.05056E+03    2.23795E-01   -4.54040E-01    1.32825E-01    2.71380E+00    4.43418E+00    4.31502E+00
    3.00509E+02    1.40773E+04    2.65621E+02    1.06289E+03    2.30672E-01   -4.60225E-01    1.37348E-01    2.75972E+00    4.52325E+00    4.43418E+00
    3.04363E+02    1.43563E+04    2.78935E+02    1.07536E+03    2.36494E-01   -4.65835E-01    1.39614E-01    2.80193E+00    4.60712E+00    4.52325E+00
    3.08260E+02    1.46505E+04    2.94213E+02    1.08797E+03    2.43542E-01   -4.72930E-01    1.40992E-01    2.84917E+00    4.70256E+00    4.60712E+00
    3.12201E+02    1.49681E+04    3.17600E+02    1.10072E+03    2.56682E-01   -4.86505E-01    1.41402E-01    2.91958E+00    4.84772E+00    4.70256E+00
    3.16187E+02    1.51991E+04    2.30969E+02    1.12666E+03    1.82255E-01   -4.24740E-01    4.30251E-02    2.60499E+00    4.30736E+00    3.15983E+00
    3.20217E+02    1.54705E+04    2.71417E+02    1.13985E+03    2.09113E-01   -4.41887E-01    1.17682E-01    2.77259E+00    4.56369E+00    4.30736E+00
    3.24294E+02    1.57634E+04    2.92945E+02    1.15318E+03    2.20372E-01   -4.50910E-01    1.30585E-01    2.84141E+00    4.68975E+00    4.56369E+00
    3.28416E+02    1.60724E+04    3.08938E+02    1.16667E+03    2.26922E-01   -4.56849E-01    1.34946E-01    2.88983E+00    4.78367E+00    4.68975E+00
    3.32585E+02    1.63964E+04    3.24090E+02    1.18031E+03    2.32441E-01   -4.62215E-01    1.37106E-01    2.93429E+00    4.87202E+00    4.78367E+00
    3.36801E+02    1.67379E+04    3.41473E+02    1.19411E+03    2.39140E-01   -4.69026E-01    1.38402E-01    2.98406E+00    4.97257E+00    4.87202E+00
    3.41064E+02    1.71060E+04    3.68119E+02    1.20806E+03    2.51734E-01   -4.82162E-01    1.38758E-01    3.05836E+00    5.12566E+00    4.97257E+00
    3.45376E+02    1.73739E+04    2.67895E+02    1.23644E+03    1.78888E-01   -4.20875E-01    4.18611E-02    2.72215E+00    4.54707E+00    3.31276E+00
    3.49737E+02    1.76881E+04    3.14181E+02    1.25087E+03    2.04865E-01   -4.37648E-01    1.15454E-01    2.89974E+00    4.81883E+00    4.54707E+00
    3.54147E+02    1.80265E+04    3.38358E+02    1.26546E+03    2.15448E-01   -4.46157E-01    1.28030E-01    2.97143E+00    4.94994E+00    4.81883E+00
    3.58606E+02    1.83823E+04    3.55793E+02    1.28022E+03    2.21232E-01   -4.51386E-01    1.32225E-01    3.02044E+00    5.04476E+00    4.94994E+00
    3.63116E+02    1.87538E+04    3.71494E+02    1.29514E+03    2.25577E-01   -4.55575E-01    1.34271E-01    3.06325E+00    5.12944E+00    5.04476E+00
    3.67677E+02    1.91415E+04    3.87775E+02    1.31023E+03    2.29944E-01   -4.59971E-01    1.35539E-01    3.10663E+00    5.21633E+00    5.12944E+00
    3.72290E+02    1.95489E+04    4.07324E+02    1.32550E+03    2.35878E-01   -4.66126E-01    1.36400E-01    3.15767E+00    5.31977E+00    5.21633E+00
    3.76954E+02    1.99869E+04    4.38073E+02    1.34093E+03    2.47746E-01   -4.78652E-01    1.36521E-01    3.23598E+00    5.48126E+00    5.31977E+00
    3.81672E+02    2.03058E+04    3.18910E+02    1.37233E+03    1.76136E-01   -4.17699E-01    4.07875E-02    2.87163E+00    4.85313E+00    3.50834E+00
    3.86442E+02    2.06793E+04    3.73426E+02    1.38830E+03    2.01423E-01   -4.34235E-01    1.13416E-01    3.06266E+00    5.14588E+00    4.85313E+00
    3.91267E+02    2.10809E+04    4.01671E+02    1.40444E+03    2.11596E-01   -4.42491E-01    1.25687E-01    3.13928E+00    5.28610E+00    5.14588E+00
    3.96146E+02    2.15029E+04    4.21940E+02    1.42077E+03    2.17082E-01   -4.47494E-01    1.29734E-01    3.19148E+00    5.38710E+00    5.28610E+00
    4.01080E+02    2.19430E+04    4.40138E+02    1.43728E+03    2.21160E-01   -4.51464E-01    1.31684E-01    3.23697E+00    5.47711E+00    5.38710E+00
    4.06070E+02    2.24020E+04    4.58975E+02    1.45398E+03    2.25246E-01   -4.55621E-01    1.32875E-01    3.28302E+00    5.56933E+00    5.47711E+00
    4.11116E+02    2.28836E+04    4.81580E+02    1.47087E+03    2.30830E-01   -4.61479E-01    1.33669E-01    3.33718E+00    5.67905E+00    5.56933E+00
    4.16220E+02    2.34008E+04    5.17188E+02    1.48795E+03    2.42122E-01   -4.73535E-01    1.33744E-01    3.42042E+00    5.85063E+00    5.67905E+00
    4.21381E+02    2.37774E+04    3.76638E+02    1.52269E+03    1.72218E-01   -4.13096E-01    3.96196E-02    3.02699E+00    5.17098E+00    3.71128E+00
    4.26600E+02    2.42175E+04    4.40071E+02    1.54035E+03    1.96540E-01   -4.29190E-01    1.11064E-01    3.23105E+00    5.48373E+00    5.17098E+00
    4.31879E+02    2.46897E+04    4.72250E+02    1.55821E+03    2.06006E-01   -4.36899E-01    1.22986E-01    3.31130E+00    5.63036E+00    5.48373E+00
    4.37217E+02    2.51844E+04    4.94635E+02    1.57628E+03    2.10754E-01   -4.41207E-01    1.26849E-01    3.36437E+00    5.73276E+00    5.63036E+00
    4.42615E+02    2.56982E+04    5.13817E+02    1.59455E+03    2.13841E-01   -4.44173E-01    1.28654E-01    3.40856E+00    5.81981E+00    5.73276E+00
    4.48074E+02    2.62303E+04    5.32171E+02    1.61303E+03    2.16337E-01   -4.46666E-01    1.29716E-01    3.44993E+00    5.90212E+00    5.81981E+00
    4.53595E+02    2.67814E+04    5.51086E+02    1.63171E+03    2.18826E-01   -4.49230E-01    1.30456E-01    3.49181E+00    5.98594E+00    5.90212E+00
    4.59179E+02    2.73535E+04    5.72106E+02    1.65061E+03    2.21903E-01   -4.52475E-01    1.31034E-01    3.53757E+00    6.07811E+00    5.98594E+00
    4.64825E+02    2.79519E+04    5.98390E+02    1.66972E+03    2.26717E-01   -4.57638E-01    1.31470E-01    3.59384E+00    6.19240E+00    6.07811E+00
    4.70535E+02    2.85929E+04    6.40927E+02    1.68904E+03    2.37206E-01   -4.68998E-01    1.31325E-01    3.68283E+00    6.37599E+00    6.19240E+00
    4.76310E+02    2.90594E+04    4.66511E+02    1.72835E+03    1.68656E-01   -4.08866E-01    3.85289E-02    3.24687E+00    5.62126E+00    3.99987E+00
    4.82150E+02    2.96034E+04    5.44000E+02    1.74834E+03    1.92117E-01   -4.24584E-01    1.08836E-01    3.47015E+00    5.96368E+00    5.62126E+00
    4.88056E+02    3.01861E+04    5.82767E+02    1.76855E+03    2.01045E-01   -4.31910E-01    1.20411E-01    3.55689E+00    6.12211E+00    5.96368E+00
    4.94029E+02    3.07955E+04    6.09375E+02    1.78899E+03    2.05363E-01   -4.35846E-01    1.24099E-01    3.61357E+00    6.23142E+00    6.12211E+00
    5.00069E+02    3.14274E+04    6.31861E+02    1.80967E+03    2.08018E-01   -4.38403E-01    1.25780E-01    3.66017E+00    6.32313E+00    6.23142E+00
    5.06178E+02    3.20804E+04    6.52989E+02    1.83057E+03    2.10006E-01   -4.40390E-01    1.26737E-01    3.70305E+00    6.40831E+00    6.32313E+00
    5.12356E+02    3.27545E+04    6.74157E+02    1.85172E+03    2.11806E-01   -4.42246E-01    1.27376E-01    3.74526E+00    6.49261E+00    6.40831E+00
    5.18603E+02    3.34510E+04    6.96526E+02    1.87310E+03    2.13782E-01   -4.44334E-01    1.27863E-01    3.78917E+00    6.58069E+00    6.49261E+00
    5.24921E+02    3.41728E+04    7.21770E+02    1.89472E+03    2.16418E-01   -4.47174E-01    1.28271E-01    3.83797E+00    6.67908E+00    6.58069E+00
    5.31310E+02    3.49265E+04    7.53686E+02    1.91659E+03    2.20776E-01   -4.51932E-01    1.28580E-01    3.89870E+00    6.80248E+00    6.67908E+00
    5.37772E+02    3.57323E+04    8.05852E+02    1.93871E+03    2.30614E-01   -4.62753E-01    1.28349E-01    3.99573E+00    7.00265E+00    6.80248E+00
    5.44306E+02    3.63191E+04    5.86751E+02    1.98369E+03    1.64043E-01   -4.03300E-01    3.73193E-02    3.51010E+00    6.16030E+00    4.34475E+00
    5.50915E+02    3.70021E+04    6.82954E+02    2.00656E+03    1.86542E-01   -4.18625E-01    1.06279E-01    3.75649E+00    6.53849E+00    6.16030E+00
    5.57598E+02    3.77325E+04    7.30407E+02    2.02970E+03    1.94909E-01   -4.25564E-01    1.17492E-01    3.85104E+00    6.71111E+00    6.53849E+00
    5.64357E+02    3.84950E+04    7.62491E+02    2.05309E+03    1.98788E-01   -4.29122E-01    1.21006E-01    3.91199E+00    6.82856E+00    6.71111E+00
    5.71192E+02    3.92841E+04    7.89166E+02    2.07675E+03    2.01009E-01   -4.31262E-01    1.22566E-01    3.96134E+00    6.92557E+00    6.82856E+00
    5.78104E+02    4.00978E+04    8.13730E+02    2.10067E+03    2.02499E-01   -4.32745E-01    1.23414E-01    4.00588E+00    7.01391E+00    6.92557E+00
    5.85094E+02    4.09355E+04    8.37648E+02    2.12487E+03    2.03659E-01   -4.33932E-01    1.23945E-01    4.04852E+00    7.09890E+00    7.01391E+00
    5.92163E+02    4.17973E+04    8.61811E+02    2.14934E+03    2.04720E-01   -4.35045E-01    1.24319E-01    4.09096E+00    7.18372E+00    7.09890E+00
    5.99313E+02    4.26843E+04    8.87008E+02    2.17408E+03    2.05865E-01   -4.36276E-01    1.24613E-01    4.13459E+00    7.27115E+00    7.18372E+00
    6.06543E+02    4.35986E+04    9.14284E+02    2.19911E+03    2.07324E-01   -4.37871E-01    1.24871E-01    4.18119E+00    7.36478E+00    7.27115E+00
    6.13854E+02    4.45442E+04    9.45568E+02    2.22441E+03    2.09496E-01   -4.40276E-01    1.25111E-01    4.23389E+00    7.47115E+00    7.36478E+00
    6.21249E+02    4.55298E+04    9.85624E+02    2.25001E+03    2.13361E-01   -4.44593E-01    1.25289E-01    4.30036E+00    7.60630E+00    7.47115E+00
    6.28727E+02    4.65817E+04    1.05188E+03    2.27589E+03    2.22481E-01   -4.54823E-01    1.24968E-01    4.40790E+00    7.82812E+00    7.60630E+00
    6.36289E+02    4.73477E+04    7.66021E+02    2.32854E+03    1.58305E-01   -3.96243E-01    3.60087E-02    3.85656E+00    6.86993E+00    4.79910E+00
    6.43937E+02    4.82377E+04    8.89975E+02    2.35531E+03    1.79706E-01   -4.11120E-01    1.03374E-01    4.13351E+00    7.29535E+00    6.86993E+00
    6.51671E+02    4.91879E+04    9.50284E+02    2.38238E+03    1.87488E-01   -4.17671E-01    1.14188E-01    4.23852E+00    7.48704E+00    7.29535E+00
    6.59493E+02    5.01785E+04    9.90533E+02    2.40976E+03    1.90954E-01   -4.20883E-01    1.17520E-01    4.30545E+00    7.61594E+00    7.48704E+00
    6.67403E+02    5.12021E+04    1.02360E+03    2.43745E+03    1.92811E-01   -4.22682E-01    1.18957E-01    4.35906E+00    7.72127E+00    7.61594E+00
    6.75402E+02    5.22558E+04    1.05368E+03    2.46545E+03    1.93934E-01   -4.23799E-01    1.19704E-01    4.40690E+00    7.81609E+00    7.72127E+00
    6.83492E+02    5.33383E+04    1.08255E+03    2.49376E+03    1.94689E-01   -4.24566E-01    1.20139E-01    4.45208E+00    7.90603E+00    7.81609E+00
    6.91673E+02    5.44495E+04    1.11115E+03    2.52240E+03    1.95263E-01   -4.25163E-01    1.20415E-01    4.49622E+00    7.99411E+00    7.90603E+00
    6.99947E+02    5.55896E+04    1.14014E+03    2.55136E+03    1.95778E-01   -4.25714E-01    1.20604E-01    4.54035E+00    8.08236E+00    7.99411E+00
    7.08314E+02    5.67597E+04    1.17012E+03    2.58065E+03    1.96334E-01   -4.26326E-01    1.20747E-01    4.58541E+00    8.17259E+00    8.08236E+00
    7.16776E+02    5.79616E+04    1.20185E+03    2.61027E+03    1.97050E-01   -4.27130E-01    1.20871E-01    4.63250E+00    8.26706E+00    8.17259E+00
    7.25333E+02    5.91981E+04    1.23655E+03    2.64022E+03    1.98108E-01   -4.28333E-01    1.20993E-01    4.68336E+00    8.36934E+00    8.26706E+00
    7.33987E+02    6.04748E+04    1.27668E+03    2.67052E+03    1.99868E-01   -4.30347E-01    1.21117E-01    4.74144E+00    8.48659E+00    8.36934E+00
    7.42739E+02    6.18033E+04    1.32851E+03    2.70115E+03    2.03235E-01   -4.34219E-01    1.21194E-01    4.81535E+00    8.63691E+00    8.48659E+00
    7.51590E+02    6.32185E+04    1.41514E+03    2.73213E+03    2.11548E-01   -4.43796E-01    1.20801E-01    4.93621E+00    8.88619E+00    8.63691E+00
    7.60540E+02    6.42489E+04    1.03048E+03    2.79515E+03    1.50530E-01   -3.86446E-01    3.44982E-02    4.30025E+00    7.77866E+00    5.38111E+00
    7.69592E+02    6.54438E+04    1.19483E+03    2.82719E+03    1.70559E-01   -4.00743E-01    9.98179E-02    4.61594E+00    8.26379E+00    7.77866E+00
    7.78746E+02    6.67173E+04    1.27352E+03    2.85960E+03    1.77647E-01   -4.06831E-01    1.10161E-01    4.73391E+00    8.47903E+00    8.26379E+00
    7.88004E+02    6.80425E+04    1.32520E+03    2.89237E+03    1.80644E-01   -4.09647E-01    1.13284E-01    4.80806E+00    8.62171E+00    8.47903E+00
    7.97366E+02    6.94096E+04    1.36707E+03    2.92551E+03    1.82105E-01   -4.11066E-01    1.14583E-01    4.86668E+00    8.73679E+00    8.62171E+00
    8.06834E+02    7.08142E+04    1.40464E+03    2.95902E+03    1.82848E-01   -4.11793E-01    1.15216E-01    4.91835E+00    8.83911E+00    8.73679E+00
    8.16409E+02    7.22544E+04    1.44020E+03    2.99292E+03    1.83208E-01   -4.12137E-01    1.15545E-01    4.96651E+00    8.93489E+00    8.83911E+00
    8.26092E+02    7.37293E+04    1.47486E+03    3.02720E+03    1.83346E-01   -4.12258E-01    1.15713E-01    5.01283E+00    9.02722E+00    8.93489E+00
    8.35885E+02    7.52385E+04    1.50927E+03    3.06186E+03    1.83353E-01   -4.12245E-01    1.15789E-01    5.05824E+00    9.11787E+00    9.02722E+00
    8.45788E+02    7.67824E+04    1.54385E+03    3.09692E+03    1.83288E-01   -4.12160E-01    1.15809E-01    5.10334E+00    9.20800E+00    9.11787E+00
    8.55803E+02    7.83613E+04    1.57896E+03    3.13237E+03    1.83192E-01   -4.12048E-01    1.15795E-01    5.14860E+00    9.29852E+00    9.20800E+00
    8.65932E+02    7.99763E+04    1.61493E+03    3.16823E+03    1.83105E-01   -4.11951E-01    1.15761E-01    5.19445E+00    9.39028E+00    9.29852E+00
    8.76174E+02    8.16284E+04    1.65216E+03    3.20448E+03    1.83067E-01   -4.11918E-01    1.15718E-01    5.24139E+00    9.48428E+00    9.39028E+00
    8.86533E+02    8.33196E+04    1.69120E+03    3.24115E+03    1.83134E-01   -4.12011E-01    1.15675E-01    5.29007E+00    9.58188E+00    9.48428E+00
    8.97009E+02    8.50526E+04    1.73294E+03    3.27824E+03    1.83389E-01   -4.12331E-01    1.15640E-01    5.34154E+00    9.68522E+00    9.58188E+00
    9.07603E+02    8.68315E+04    1.77898E+03    3.31574E+03    1.83985E-01   -4.13058E-01    1.15620E-01    5.39769E+00    9.79820E+00    9.68522E+00
    9.18316E+02    8.86643E+04    1.83271E+03    3.35366E+03    1.85238E-01   -4.14573E-01    1.15615E-01    5.46244E+00    9.92900E+00    9.79820E+00
    9.29151E+02    9.05672E+04    1.90291E+03    3.39202E+03    1.87966E-01   -4.17863E-01    1.15572E-01    5.54587E+00    1.00987E+01    9.92900E+00
    9.40108E+02    9.25893E+04    2.02209E+03    3.43080E+03    1.95205E-01   -4.26566E-01    1.15091E-01    5.68451E+00    1.03847E+01    1.00987E+01
    9.51189E+02    9.40599E+04    1.47069E+03    3.50970E+03    1.38753E-01   -3.71069E-01    3.25735E-02    4.92657E+00    9.06148E+00    6.20430E+00
    9.62395E+02    9.57610E+04    1.70108E+03    3.54982E+03    1.56848E-01   -3.84498E-01    9.49208E-02    5.29606E+00    9.62903E+00    9.06148E+00
    9.73728E+02    9.75700E+04    1.80902E+03    3.59039E+03    1.63017E-01   -3.89960E-01    1.04634E-01    5.43140E+00    9.87558E+00    9.62903E+00
    9.85189E+02    9.94484E+04    1.87840E+03    3.63142E+03    1.65431E-01   -3.92272E-01    1.07486E-01    5.51479E+00    1.00358E+01    9.87558E+00
    9.96779E+02    1.01382E+05    1.93359E+03    3.67291E+03    1.66431E-01   -3.93237E-01    1.08610E-01    5.57965E+00    1.01630E+01    1.00358E+01
    1.00850E+03    1.03364E+05    1.98241E+03    3.71487E+03    1.66765E-01   -3.93525E-01    1.09103E-01    5.63605E+00    1.02746E+01    1.01630E+01
    1.02035E+03    1.05392E+05    2.02802E+03    3.75731E+03    1.66736E-01   -3.93432E-01    1.09305E-01    5.68802E+00    1.03779E+01    1.02746E+01
    1.03234E+03    1.07464E+05    2.07195E+03    3.80022E+03    1.66489E-01   -3.93104E-01    1.09352E-01    5.73746E+00    1.04764E+01    1.03779E+01
    1.04447E+03    1.09579E+05    2.11504E+03    3.84362E+03    1.66101E-01   -3.92623E-01    1.09308E-01    5.78540E+00    1.05720E+01    1.04764E+01
    1.05673E+03    1.11737E+05    2.15778E+03    3.88751E+03    1.65620E-01   -3.92039E-01    1.09206E-01    5.83244E+00    1.06659E+01    1.05720E+01
    1.06912E+03    1.13938E+05    2.20052E+03    3.93190E+03    1.65077E-01   -3.91384E-01    1.09065E-01    5.87901E+00    1.07590E+01    1.06659E+01
    1.08166E+03    1.16181E+05    2.24353E+03    3.97679E+03    1.64493E-01   -3.90685E-01    1.08897E-01    5.92538E+00    1.08516E+01    1.07590E+01
    1.09434E+03    1.18468E+05    2.28701E+03    4.02218E+03    1.63886E-01   -3.89959E-01    1.08711E-01    5.97182E+00    1.09445E+01    1.08516E+01
    1.10717E+03    1.20799E+05    2.33119E+03    4.06809E+03    1.63272E-01   -3.89227E-01    1.08512E-01    6.01856E+00    1.10380E+01    1.09445E+01
    1.12014E+03    1.23176E+05    2.37633E+03    4.11452E+03    1.62669E-01   -3.88508E-01    1.08306E-01    6.06585E+00    1.11326E+01    1.10380E+01
    1.13325E+03    1.25599E+05    2.42274E+03    4.16147E+03    1.62095E-01   -3.87827E-01    1.08096E-01    6.11403E+00    1.12291E+01    1.11326E+01
    1.14652E+03    1.28069E+05    2.47089E+03    4.20895E+03    1.61578E-01   -3.87219E-01    1.07888E-01    6.16354E+00    1.13283E+01    1.12291E+01
    1.15993E+03    1.30591E+05    2.52150E+03    4.25697E+03    1.61160E-01   -3.86734E-01    1.07686E-01    6.21510E+00    1.14317E+01    1.13283E+01
    1.17349E+03    1.33167E+05    2.57578E+03    4.30553E+03    1.60908E-01   -3.86461E-01    1.07495E-01    6.26987E+00    1.15417E+01    1.14317E+01
    1.18721E+03    1.35803E+05    2.63600E+03    4.35464E+03    1.60948E-01   -3.86562E-01    1.07320E-01    6.33005E+00    1.16628E+01    1.15417E+01
    1.20109E+03    1.38510E+05    2.70699E+03    4.40431E+03    1.61548E-01   -3.87382E-01    1.07157E-01    6.40026E+00    1.18047E+01    1.16628E+01
    1.21512E+03    1.41311E+05    2.80138E+03    4.45454E+03    1.63404E-01   -3.89825E-01    1.06961E-01    6.49246E+00    1.19924E+01    1.18047E+01
    1.22930E+03    1.44277E+05    2.96605E+03    4.50533E+03    1.69101E-01   -3.97225E-01    1.06365E-01    6.65009E+00    1.23178E+01    1.19924E+01
    1.24365E+03    1.46426E+05    2.14908E+03    4.60865E+03    1.19757E-01   -3.44771E-01    2.98354E-02    5.72860E+00    1.07035E+01    7.26118E+00
    1.25816E+03    1.48903E+05    2.47678E+03    4.66118E+03    1.34902E-01   -3.56739E-01    8.74025E-02    6.16305E+00    1.13688E+01    1.07035E+01
    1.27284E+03    1.51528E+05    2.62461E+03    4.71431E+03    1.39727E-01   -3.61217E-01    9.61708E-02    6.31641E+00    1.16471E+01    1.13688E+01
    1.28768E+03    1.54243E+05    2.71575E+03    4.76804E+03    1.41316E-01   -3.62752E-01    9.86238E-02    6.40727E+00    1.18211E+01    1.16471E+01
    1.30269E+03    1.57029E+05    2.78570E+03    4.82238E+03    1.41684E-01   -3.63024E-01    9.94891E-02    6.47556E+00    1.19546E+01    1.18211E+01
    1.31787E+03    1.59875E+05    2.84576E+03    4.87733E+03    1.41473E-01   -3.62655E-01    9.97726E-02    6.53332E+00    1.20687E+01    1.19546E+01
    1.33322E+03    1.62775E+05    2.90050E+03    4.93290E+03    1.40942E-01   -3.61918E-01    9.97870E-02    6.58532E+00    1.21718E+01    1.20687E+01
    1.34874E+03    1.65727E+05    2.95208E+03    4.98910E+03    1.40213E-01   -3.60946E-01    9.96561E-02    6.63380E+00    1.22683E+01    1.21718E+01
    1.36444E+03    1.68729E+05    3.00166E+03    5.04593E+03    1.39353E-01   -3.59812E-01    9.94374E-02    6.67994E+00    1.23602E+01    1.22683E+01
    1.38031E+03    1.71779E+05    3.04989E+03    5.10341E+03    1.38399E-01   -3.58562E-01    9.91609E-02    6.72443E+00    1.24489E+01    1.23602E+01
    1.39637E+03    1.74876E+05    3.09718E+03    5.16154E+03    1.37377E-01   -3.57221E-01    9.88439E-02    6.76768E+00    1.25352E+01    1.24489E+01
    1.41261E+03    1.78020E+05    3.14379E+03    5.22032E+03    1.36302E-01   -3.55809E-01    9.84966E-02    6.80995E+00    1.26196E+01    1.25352E+01
    1.42903E+03    1.81210E+05    3.18989E+03    5.27977E+03    1.35184E-01   -3.54337E-01    9.81259E-02    6.85144E+00    1.27024E+01    1.26196E+01
    1.44563E+03    1.84445E+05    3.23561E+03    5.33989E+03    1.34031E-01   -3.52816E-01    9.77362E-02    6.89227E+00    1.27840E+01    1.27024E+01
    1.46243E+03    1.87726E+05    3.28102E+03    5.40068E+03    1.32850E-01   -3.51251E-01    9.73307E-02    6.93253E+00    1.28644E+01    1.27840E+01
    1.47941E+03    1.91053E+05    3.32619E+03    5.46217E+03    1.31646E-01   -3.49648E-01    9.69117E-02    6.97228E+00    1.29438E+01    1.28644E+01
    1.49658E+03    1.94424E+05    3.37117E+03    5.52435E+03    1.30421E-01   -3.48012E-01    9.64811E-02    7.01159E+00    1.30223E+01    1.29438E+01
    1.51395E+03    1.97840E+05    3.41601E+03    5.58723E+03    1.29180E-01   -3.46347E-01    9.60401E-02    7.05050E+00    1.31001E+01    1.30223E+01
    1.53152E+03    2.01301E+05    3.46075E+03    5.65083E+03    1.27925E-01   -3.44656E-01    9.55901E-02    7.08907E+00    1.31771E+01    1.31001E+01
    1.54928E+03    2.04806E+05    3.50545E+03    5.71514E+03    1.26661E-01   -3.42944E-01    9.51319E-02    7.12735E+00    1.32536E+01    1.31771E+01
    1.56725E+03    2.08356E+05    3.55017E+03    5.78018E+03    1.25389E-01   -3.41215E-01    9.46667E-02    7.16539E+00    1.33296E+01    1.32536E+01
    1.58541E+03    2.11951E+05    3.59499E+03    5.84595E+03    1.24115E-01   -3.39473E-01    9.41954E-02    7.20327E+00    1.34053E+01    1.33296E+01
    1.60379E+03    2.15591E+05    3.64003E+03    5.91247E+03    1.22842E-01   -3.37726E-01    9.37190E-02    7.24110E+00    1.34810E+01    1.34053E+01
    1.62237E+03    2.19277E+05    3.68545E+03    5.97974E+03    1.21577E-01   -3.35981E-01    9.32387E-02    7.27901E+00    1.35568E+01    1.34810E+01
    1.64116E+03    2.23008E+05    3.73150E+03    6.04777E+03    1.20327E-01   -3.34250E-01    9.27561E-02    7.31722E+00    1.36332E+01    1.35568E+01
    1.66016E+03    2.26787E+05    3.77855E+03    6.11656E+03    1.19103E-01   -3.32549E-01    9.22728E-02    7.35602E+00    1.37109E+01    1.36332E+01
    1.67938E+03    2.30614E+05    3.82718E+03    6.18614E+03    1.17923E-01   -3.30904E-01    9.17912E-02    7.39589E+00    1.37908E+01    1.37109E+01
    1.69881E+03    2.34492E+05    3.87834E+03    6.25650E+03    1.16812E-01   -3.29354E-01    9.13141E-02    7.43761E+00    1.38745E+01    1.37908E+01
    1.71847E+03    2.38426E+05    3.93372E+03    6.32766E+03    1.15816E-01   -3.27969E-01    9.08450E-02    7.48253E+00    1.39648E+01    1.38745E+01
    1.73834E+03    2.42422E+05    3.99652E+03    6.39962E+03    1.15020E-01   -3.26880E-01    9.03868E-02    7.53318E+00    1.40669E+01    1.39648E+01
    1.75845E+03    2.46496E+05    4.07366E+03    6.47239E+03    1.14605E-01   -3.26369E-01    8.99366E-02    7.59502E+00    1.41922E+01    1.40669E+01
    1.77877E+03    2.50679E+05    4.18329E+03    6.54598E+03    1.15044E-01   -3.27173E-01    8.94560E-02    7.68222E+00    1.43704E+01    1.41922E+01
    1.79933E+03    2.55072E+05    4.39301E+03    6.62041E+03    1.18097E-01   -3.32022E-01    8.86469E-02    7.84638E+00    1.47104E+01    1.43704E+01
    1.82012E+03    2.58214E+05    3.14124E+03    6.77180E+03    8.25484E-02   -2.86254E-01    2.46389E-02    6.69477E+00    1.26795E+01    8.54929E+00
    1.84115E+03    2.61806E+05    3.59243E+03    6.84878E+03    9.22843E-02   -2.95105E-01    7.20907E-02    7.19201E+00    1.34315E+01    1.26795E+01
    1.86241E+03    2.65582E+05    3.77623E+03    6.92663E+03    9.48269E-02   -2.97635E-01    7.89976E-02    7.35034E+00    1.37144E+01    1.34315E+01
    1.88391E+03    2.69458E+05    3.87544E+03    7.00536E+03    9.51323E-02   -2.97693E-01    8.06909E-02    7.43272E+00    1.38700E+01    1.37144E+01
    1.90566E+03    2.73400E+05    3.94211E+03    7.08497E+03    9.45957E-02   -2.96686E-01    8.10745E-02    7.48709E+00    1.39751E+01    1.38700E+01
    1.92765E+03    2.77393E+05    3.99277E+03    7.16549E+03    9.36601E-02   -2.95132E-01    8.09762E-02    7.52787E+00    1.40548E+01    1.39751E+01
    1.94989E+03    2.81427E+05    4.03408E+03    7.24692E+03    9.25044E-02   -2.93257E-01    8.06530E-02    7.56078E+00    1.41195E+01    1.40548E+01
    1.97238E+03    2.85496E+05    4.06915E+03    7.32927E+03    9.12138E-02   -2.91171E-01    8.02066E-02    7.58846E+00    1.41741E+01    1.41195E+01
    1.99513E+03    2.89595E+05    4.09962E+03    7.41255E+03    8.98341E-02   -2.88937E-01    7.96841E-02    7.61231E+00    1.42213E+01    1.41741E+01
    2.01813E+03    2.93722E+05    4.12643E+03    7.49677E+03    8.83920E-02   -2.86589E-01    7.91102E-02    7.63313E+00    1.42625E+01    1.42213E+01
    2.04139E+03    2.97872E+05    4.15010E+03    7.58194E+03    8.69040E-02   -2.84151E-01    7.84988E-02    7.65137E+00    1.42986E+01    1.42625E+01
    2.06492E+03    3.02043E+05    4.17097E+03    7.66807E+03    8.53812E-02   -2.81637E-01    7.78584E-02    7.66732E+00    1.43302E+01    1.42986E+01
    2.08871E+03    3.06232E+05    4.18925E+03    7.75518E+03    8.38313E-02   -2.79056E-01    7.71943E-02    7.68116E+00    1.43576E+01    1.43302E+01
    2.11277E+03    3.10437E+05    4.20504E+03    7.84327E+03    8.22595E-02   -2.76416E-01    7.65103E-02    7.69301E+00    1.43810E+01    1.43576E+01
    2.13710E+03    3.14656E+05    4.21842E+03    7.93236E+03    8.06700E-02   -2.73721E-01    7.58086E-02    7.70291E+00    1.44005E+01    1.43810E+01
    2.16171E+03    3.18885E+05    4.22940E+03    8.02245E+03    7.90660E-02   -2.70975E-01    7.50911E-02    7.71090E+00    1.44162E+01    1.44005E+01
    2.18659E+03    3.23123E+05    4.23799E+03    8.11356E+03    7.74497E-02   -2.68180E-01    7.43589E-02    7.71700E+00    1.44282E+01    1.44162E+01
    2.21176E+03    3.27367E+05    4.24417E+03    8.20570E+03    7.58234E-02   -2.65338E-01    7.36130E-02    7.72119E+00    1.44363E+01    1.44282E+01
    2.23721E+03    3.31615E+05    4.24791E+03    8.29888E+03    7.41885E-02   -2.62452E-01    7.28540E-02    7.72345E+00    1.44405E+01    1.44363E+01
    2.26295E+03    3.35864E+05    4.24917E+03    8.39312E+03    7.25466E-02   -2.59520E-01    7.20824E-02    7.72374E+00    1.44409E+01    1.44405E+01
    2.28898E+03    3.40112E+05    4.24789E+03    8.48842E+03    7.08989E-02   -2.56545E-01    7.12985E-02    7.72204E+00    1.44372E+01    1.44409E+01
    2.31530E+03    3.44356E+05    4.24402E+03    8.58480E+03    6.92464E-02   -2.53527E-01    7.05026E-02    7.71830E+00    1.44294E+01    1.44372E+01
    2.34192E+03    3.48594E+05    4.23749E+03    8.68226E+03    6.75902E-02   -2.50465E-01    6.96948E-02    7.71246E+00    1.44175E+01    1.44294E+01
    2.36884E+03    3.52822E+05    4.22824E+03    8.78083E+03    6.59313E-02   -2.47361E-01    6.88754E-02    7.70447E+00    1.44012E+01    1.44175E+01
    2.39607E+03    3.57038E+05    4.21621E+03    8.88051E+03    6.42703E-02   -2.44214E-01    6.80442E-02    7.69427E+00    1.43805E+01    1.44012E+01
    2.42360E+03    3.61240E+05    4.20132E+03    8.98132E+03    6.26083E-02   -2.41023E-01    6.72015E-02    7.68179E+00    1.43553E+01    1.43805E+01
    2.45145E+03    3.65423E+05    4.18350E+03    9.08326E+03    6.09460E-02   -2.37790E-01    6.63471E-02    7.66697E+00    1.43253E+01    1.43553E+01
    2.47961E+03    3.69586E+05    4.16268E+03    9.18636E+03    5.92841E-02   -2.34513E-01    6.54810E-02    7.64973E+00    1.42905E+01    1.43253E+01
    2.50808E+03    3.73724E+05    4.13878E+03    9.29063E+03    5.76234E-02   -2.31192E-01    6.46033E-02    7.63000E+00    1.42507E+01    1.42905E+01
    2.53688E+03    3.77836E+05    4.11174E+03    9.39607E+03    5.59646E-02   -2.27827E-01    6.37137E-02    7.60769E+00    1.42058E+01    1.42507E+01
    2.56601E+03    3.81918E+05    4.08149E+03    9.50270E+03    5.43086E-02   -2.24417E-01    6.28122E-02    7.58273E+00    1.41555E+01    1.42058E+01
    2.59546E+03    3.85966E+05    4.04794E+03    9.61054E+03    5.26560E-02   -2.20963E-01    6.18988E-02    7.55503E+00    1.40998E+01    1.41555E+01
    2.62525E+03    3.89977E+05    4.01104E+03    9.71960E+03    5.10076E-02   -2.17462E-01    6.09732E-02    7.52450E+00    1.40383E+01    1.40998E+01
    2.65537E+03    3.93947E+05    3.97072E+03    9.82989E+03    4.93641E-02   -2.13916E-01    6.00354E-02    7.49105E+00    1.39710E+01    1.40383E+01
    2.68583E+03    3.97874E+05    3.92691E+03    9.94142E+03    4.77265E-02   -2.10322E-01    5.90853E-02    7.45458E+00    1.38977E+01    1.39710E+01
    2.71664E+03    4.01754E+05    3.87956E+03    1.00542E+04    4.60955E-02   -2.06682E-01    5.81225E-02    7.41499E+00    1.38181E+01    1.38977E+01
    2.74780E+03    4.05582E+05    3.82862E+03    1.01683E+04    4.44719E-02   -2.02993E-01    5.71471E-02    7.37219E+00    1.37321E+01    1.38181E+01
    2.77931E+03    4.09357E+05    3.77405E+03    1.02836E+04    4.28567E-02   -1.99256E-01    5.61588E-02    7.32607E+00    1.36395E+01    1.37321E+01
    2.81117E+03    4.13072E+05    3.71580E+03    1.04003E+04    4.12508E-02   -1.95470E-01    5.51575E-02    7.27653E+00    1.35400E+01    1.36395E+01
    2.84339E+03    4.16726E+05    3.65385E+03    1.05183E+04    3.96553E-02   -1.91635E-01    5.41431E-02    7.22347E+00    1.34334E+01    1.35400E+01
    2.87598E+03    4.20314E+05    3.58819E+03    1.06376E+04    3.80712E-02   -1.87750E-01    5.31153E-02    7.16678E+00    1.33196E+01    1.34334E+01
    2.90894E+03    4.23833E+05    3.51882E+03    1.07583E+04    3.64998E-02   -1.83815E-01    5.20740E-02    7.10638E+00    1.31983E+01    1.33196E+01
    2.94227E+03    4.27279E+05    3.44579E+03    1.08803E+04    3.49425E-02   -1.79832E-01    5.10192E-02    7.04219E+00    1.30694E+01    1.31983E+01
    2.97597E+03    4.30648E+05    3.36915E+03    1.10037E+04    3.34009E-02   -1.75801E-01    4.99508E-02    6.97413E+00    1.29329E+01    1.30694E+01
    3.01006E+03    4.33937E+05    3.28902E+03    1.11285E+04    3.18771E-02   -1.71723E-01    4.88688E-02    6.90219E+00    1.27885E+01    1.29329E+01
    3.04453E+03    4.37143E+05    3.20559E+03    1.12547E+04    3.03735E-02   -1.67604E-01    4.77734E-02    6.82639E+00    1.26364E+01    1.27885E+01
    3.07939E+03    4.40262E+05    3.11917E+03    1.13823E+04    2.88936E-02   -1.63450E-01    4.66647E-02    6.74686E+00    1.24769E+01    1.26364E+01
    3.11465E+03    4.43292E+05    3.03027E+03    1.15114E+04    2.74423E-02   -1.59274E-01    4.55433E-02    6.66394E+00    1.23107E+01    1.24769E+01
    3.15030E+03    4.46232E+05    2.93981E+03    1.16420E+04    2.60277E-02   -1.55098E-01    4.44098E-02    6.57833E+00    1.21391E+01    1.23107E+01
    3.18635E+03    4.49081E+05    2.84949E+03    1.17740E+04    2.46638E-02   -1.50970E-01    4.32644E-02    6.49155E+00    1.19655E+01    1.21391E+01
    3.22282E+03    4.51844E+05    2.76298E+03    1.19075E+04    2.33803E-02   -1.46995E-01    4.21051E-02    6.40716E+00    1.17972E+01    1.19655E+01
    3.25969E+03    4.54534E+05    2.68990E+03    1.20425E+04    2.22529E-02   -1.43453E-01    4.09156E-02    6.33484E+00    1.16545E+01    1.17972E+01
    3.29699E+03    4.57201E+05    2.66615E+03    1.21790E+04    2.15633E-02   -1.41410E-01    3.95780E-02    6.31097E+00    1.16141E+01    1.16545E+01
    3.33470E+03    4.58886E+05    1.68545E+03    1.24567E+04    1.33268E-02   -1.14926E-01    1.08986E-02    5.16226E+00    9.52090E+00    6.66715E+00
    3.37284E+03    4.60702E+05    1.81643E+03    1.25980E+04    1.40414E-02   -1.14737E-01    2.96110E-02    5.38599E+00    9.78663E+00    9.52090E+00
    3.41141E+03    4.62486E+05    1.78347E+03    1.27408E+04    1.34784E-02   -1.11757E-01    3.14439E-02    5.34615E+00    9.68094E+00    9.78663E+00
    3.45042E+03    4.64185E+05    1.69871E+03    1.28852E+04    1.25509E-02   -1.07631E-01    3.10884E-02    5.24105E+00    9.46297E+00    9.68094E+00
    3.48986E+03    4.65778E+05    1.59313E+03    1.30313E+04    1.15078E-02   -1.02947E-01    3.01626E-02    5.10663E+00    9.19043E+00    9.46297E+00
    3.52976E+03    4.67254E+05    1.47680E+03    1.31790E+04    1.04290E-02   -9.79159E-02    2.90089E-02    4.95337E+00    8.88150E+00    9.19043E+00
    3.57010E+03    4.68609E+05    1.35406E+03    1.33284E+04    9.34854E-03   -9.26252E-02    2.77329E-02    4.78504E+00    8.54290E+00    8.88150E+00
    3.61090E+03    4.69836E+05    1.22726E+03    1.34794E+04    8.28377E-03   -8.71098E-02    2.63753E-02    4.60296E+00    8.17700E+00    8.54290E+00
    3.65216E+03    4.70934E+05    1.09797E+03    1.36322E+04    7.24552E-03   -8.13809E-02    2.49533E-02    4.40735E+00    7.78407E+00    8.17700E+00
    3.69389E+03    4.71901E+05    9.67440E+02    1.37867E+04    6.24148E-03   -7.54350E-02    2.34743E-02    4.19778E+00    7.36315E+00    7.78407E+00
    3.73609E+03    4.72738E+05    8.36794E+02    1.39430E+04    5.27799E-03   -6.92575E-02    2.19406E-02    3.97329E+00    6.91229E+00    7.36315E+00
    3.77876E+03    4.73445E+05    7.07196E+02    1.41010E+04    4.36091E-03   -6.28231E-02    2.03513E-02    3.73246E+00    6.42853E+00    6.91229E+00
    3.82192E+03    4.74025E+05    5.79924E+02    1.42608E+04    3.49620E-03   -5.60928E-02    1.87031E-02    3.47319E+00    5.90764E+00    6.42853E+00
    3.86557E+03    4.74482E+05    4.56478E+02    1.44224E+04    2.69051E-03   -4.90084E-02    1.69907E-02    3.19254E+00    5.34355E+00    5.90764E+00
    3.90971E+03    4.74820E+05    3.38716E+02    1.45858E+04    1.95182E-03   -4.14798E-02    1.52068E-02    2.88607E+00    4.72722E+00    5.34355E+00
    3.95434E+03    4.75049E+05    2.29102E+02    1.47511E+04    1.29069E-03   -3.33566E-02    1.33426E-02    2.54663E+00    4.04395E+00    4.72722E+00
    3.99949E+03    4.75181E+05    1.31236E+02    1.49182E+04    7.22831E-04   -2.43525E-02    1.13923E-02    2.16106E+00    3.26656E+00    4.04395E+00
    4.04514E+03    4.75232E+05    5.15147E+01    1.50873E+04    2.77399E-04   -1.37599E-02    9.38420E-03    1.69803E+00    2.32973E+00    3.26656E+00
    4.09131E+03    4.75289E+05    5.65233E+01    1.50873E+04    2.97573E-04   -1.24826E-02    1.19061E-02    2.32973E+00    2.90927E+00    4.31978E+00
    4.13799E+03    4.75355E+05    6.60721E+01    1.50873E+04    3.40076E-04   -1.14551E-02    1.44519E-02    2.90927E+00    3.44710E+00    5.32483E+00
    4.18521E+03    4.75434E+05    7.97123E+01    1.50873E+04    4.01121E-04   -1.06135E-02    1.69845E-02    3.44710E+00    3.95106E+00    6.28598E+00
    4.23296E+03    4.75532E+05    9.71209E+01    1.50873E+04    4.77811E-04   -9.91235E-03    1.94822E-02    3.95106E+00    4.42704E+00    7.20741E+00
    4.28125E+03    4.75650E+05    1.18065E+02    1.50873E+04    5.67880E-04   -9.31873E-03    2.19327E-02    4.42704E+00    4.87957E+00    8.09297E+00
    4.33009E+03    4.75792E+05    1.42377E+02    1.50873E+04    6.69533E-04   -8.80863E-03    2.43298E-02    4.87957E+00    5.31216E+00    8.94618E+00
    4.37948E+03    4.75962E+05    1.69945E+02    1.50873E+04    7.81329E-04   -8.36438E-03    2.66715E-02    5.31216E+00    5.72758E+00    9.77016E+00
    4.42942E+03    4.76163E+05    2.00695E+02    1.50873E+04    9.02104E-04   -7.97280E-03    2.89575E-02    5.72758E+00    6.12803E+00    1.05677E+01
    4.47993E+03    4.76397E+05    2.34587E+02    1.50873E+04    1.03091E-03   -7.62395E-03    3.11895E-02    6.12803E+00    6.51528E+00    1.13412E+01
    4.53101E+03    4.76669E+05    2.71608E+02    1.50873E+04    1.16696E-03   -7.31023E-03    3.33694E-02    6.51528E+00    6.89079E+00    1.20928E+01
    4.58267E+03    4.76981E+05    3.11767E+02    1.50873E+04    1.30960E-03   -7.02579E-03    3.54999E-02    6.89079E+00    7.25577E+00    1.28244E+01
    4.63491E+03    4.77336E+05    3.55092E+02    1.50873E+04    1.45830E-03   -6.76604E-03    3.75835E-02    7.25577E+00    7.61123E+00    1.35377E+01
    4.68775E+03    4.77737E+05    4.01624E+02    1.50873E+04    1.61258E-03   -6.52733E-03    3.96230E-02    7.61123E+00    7.95802E+00    1.42340E+01
    4.74118E+03    4.78189E+05    4.51418E+02    1.50873E+04    1.77207E-03   -6.30676E-03    4.16208E-02    7.95802E+00    8.29688E+00    1.49147E+01
    4.79521E+03    4.78693E+05    5.04542E+02    1.50873E+04    1.93641E-03   -6.10197E-03    4.35795E-02    8.29688E+00    8.62844E+00    1.55810E+01
    4.84985E+03    4.79254E+05    5.61071E+02    1.50873E+04    2.10531E-03   -5.91103E-03    4.55014E-02    8.62844E+00    8.95325E+00    1.62338E+01
    4.90511E+03    4.79875E+05    6.21092E+02    1.50873E+04    2.27853E-03   -5.73232E-03    4.73885E-02    8.95325E+00    9.27181E+00    1.68740E+01
    4.96100E+03    4.80560E+05    6.84697E+02    1.50873E+04    2.45582E-03   -5.56453E-03    4.92428E-02    9.27181E+00    9.58453E+00    1.75025E+01
    5.01752E+03    4.81312E+05    7.51988E+02    1.50873E+04    2.63699E-03   -5.40652E-03    5.10663E-02    9.58453E+00    9.89181E+00    1.81200E+01
    5.07467E+03    4.82135E+05    8.23073E+02    1.50873E+04    2.82187E-03   -5.25733E-03    5.28605E-02    9.89181E+00    1.01940E+01    1.87272E+01
    5.13247E+03    4.83033E+05    8.98067E+02    1.50873E+04    3.01030E-03   -5.11615E-03    5.46271E-02    1.01940E+01    1.04914E+01    1.93246E+01
    5.19093E+03    4.84010E+05    9.77094E+02    1.50873E+04    3.20213E-03   -4.98226E-03    5.63676E-02    1.04914E+01    1.07842E+01    1.99129E+01
    5.25004E+03    4.85071E+05    1.06028E+03    1.50873E+04    3.39724E-03   -4.85506E-03    5.80833E-02    1.07842E+01    1.10729E+01    2.04926E+01
    5.30983E+03    4.86218E+05    1.14777E+03    1.50873E+04    3.59551E-03   -4.73400E-03    5.97754E-02    1.10729E+01    1.13575E+01    2.10640E+01
    5.37028E+03    4.87458E+05    1.23969E+03    1.50873E+04    3.79685E-03   -4.61862E-03    6.14452E-02    1.13575E+01    1.16383E+01    2.16277E+01
    5.43143E+03    4.88794E+05    1.33620E+03    1.50873E+04    4.00115E-03   -4.50850E-03    6.30938E-02    1.16383E+01    1.19155E+01    2.21841E+01
    5.49326E+03    4.90232E+05    1.43746E+03    1.50873E+04    4.20835E-03   -4.40327E-03    6.47222E-02    1.19155E+01    1.21893E+01    2.27335E+01
    5.55579E+03    4.91775E+05    1.54362E+03    1.50873E+04    4.41836E-03   -4.30260E-03    6.63314E-02    1.21893E+01    1.24598E+01    2.32762E+01
    5.61903E+03    4.93430E+05    1.65486E+03    1.50873E+04    4.63112E-03   -4.20619E-03    6.79222E-02    1.24598E+01    1.27273E+01    2.38127E+01
    5.68298E+03    4.95202E+05    1.77135E+03    1.50873E+04    4.84658E-03   -4.11379E-03    6.94957E-02    1.27273E+01    1.29919E+01    2.43432E+01
    5.74766E+03    4.97095E+05    1.89328E+03    1.50873E+04    5.06467E-03   -4.02515E-03    7.10526E-02    1.29919E+01    1.32537E+01    2.48680E+01
    5.81306E+03    4.99116E+05    2.02084E+03    1.50873E+04    5.28536E-03   -3.94006E-03    7.25936E-02    1.32537E+01    1.35128E+01    2.53873E+01
    5.87921E+03    5.01270E+05    2.15424E+03    1.50873E+04    5.50861E-03   -3.85831E-03    7.41196E-02    1.35128E+01    1.37695E+01    2.59016E+01
    5.94610E+03    5.03564E+05    2.29367E+03    1.50873E+04    5.73438E-03   -3.77974E-03    7.56313E-02    1.37695E+01    1.40237E+01    2.64109E+01
    6.01375E+03    5.06003E+05    2.43937E+03    1.50873E+04    5.96265E-03   -3.70418E-03    7.71293E-02    1.40237E+01    1.42757E+01    2.69155E+01
    6.08216E+03    5.08595E+05    2.59155E+03    1.50873E+04    6.19340E-03   -3.63147E-03    7.86143E-02    1.42757E+01    1.45256E+01    2.74157E+01
    6.15135E+03    5.11345E+05    2.75045E+03    1.50873E+04    6.42660E-03   -3.56148E-03    8.00869E-02    1.45256E+01    1.47733E+01    2.79117E+01
    6.22132E+03    5.14261E+05    2.91633E+03    1.50873E+04    6.66225E-03   -3.49409E-03    8.15478E-02    1.47733E+01    1.50192E+01    2.84036E+01
    6.29208E+03    5.17351E+05    3.08942E+03    1.50873E+04    6.90034E-03   -3.42917E-03    8.29975E-02    1.50192E+01    1.52632E+01    2.88918E+01
    6.36364E+03    5.20621E+05    3.27001E+03    1.50873E+04    7.14086E-03   -3.36662E-03    8.44365E-02    1.52632E+01    1.55055E+01    2.93763E+01
    6.43600E+03    5.24079E+05    3.45836E+03    1.50873E+04    7.38382E-03   -3.30634E-03    8.58655E-02    1.55055E+01    1.57461E+01    2.98575E+01
    6.50919E+03    5.27734E+05    3.65477E+03    1.50873E+04    7.62923E-03   -3.24824E-03    8.72850E-02    1.57461E+01    1.59851E+01    3.03353E+01
    6.58320E+03    5.31593E+05    3.85954E+03    1.50873E+04    7.87709E-03   -3.19222E-03    8.86955E-02    1.59851E+01    1.62227E+01    3.08101E+01
    6.65805E+03    5.35666E+05    4.07298E+03    1.50873E+04    8.12742E-03   -3.13821E-03    9.00976E-02    1.62227E+01    1.64589E+01    3.12821E+01
    6.73374E+03    5.39962E+05    4.29542E+03    1.50873E+04    8.38024E-03   -3.08613E-03    9.14916E-02    1.64589E+01    1.66938E+01    3.17513E+01
    6.81029E+03    5.44489E+05    4.52720E+03    1.50873E+04    8.63557E-03   -3.03591E-03    9.28782E-02    1.66938E+01    1.69275E+01    3.22180E+01
    6.88770E+03    5.49258E+05    4.76867E+03    1.50873E+04    8.89345E-03   -2.98748E-03    9.42577E-02    1.69275E+01    1.71601E+01    3.26823E+01
    6.96599E+03    5.54278E+05    5.02021E+03    1.50873E+04    9.15389E-03   -2.94079E-03    9.56308E-02    1.71601E+01    1.73916E+01    3.31443E+01
    7.04517E+03    5.59560E+05    5.28219E+03    1.50873E+04    9.41695E-03   -2.89577E-03    9.69977E-02    1.73916E+01    1.76222E+01    3.36043E+01
    7.12523E+03    5.65115E+05    5.55503E+03    1.50873E+04    9.68265E-03   -2.85237E-03    9.83591E-02    1.76222E+01    1.78519E+01    3.40624E+01
    7.20621E+03    5.70954E+05    5.83914E+03    1.50873E+04    9.95105E-03   -2.81053E-03    9.97154E-02    1.78519E+01    1.80807E+01    3.45188E+01
    7.28809E+03    5.77089E+05    6.13495E+03    1.50873E+04    1.02222E-02   -2.77021E-03    1.01067E-01    1.80807E+01    1.83088E+01    3.49735E+01
    7.37091E+03    5.83532E+05    6.44293E+03    1.50873E+04    1.04961E-02   -2.73136E-03    1.02414E-01    1.83088E+01    1.85363E+01    3.54269E+01
    7.45466E+03    5.90296E+05    6.76355E+03    1.50873E+04    1.07729E-02   -2.69393E-03    1.03758E-01    1.85363E+01    1.87632E+01    3.58789E+01
    7.53935E+03    5.97393E+05    7.09730E+03    1.50873E+04    1.10526E-02   -2.65789E-03    1.05098E-01    1.87632E+01    1.89896E+01    3.63298E+01
    7.62500E+03    6.04838E+05    7.44471E+03    1.50873E+04    1.13353E-02   -2.62319E-03    1.06435E-01    1.89896E+01    1.92155E+01    3.67797E+01
    7.71162E+03    6.12644E+05    7.80631E+03    1.50873E+04    1.16211E-02   -2.58980E-03    1.07770E-01    1.92155E+01    1.94411E+01    3.72287E+01
    7.79922E+03    6.20827E+05    8.18268E+03    1.50873E+04    1.19100E-02   -2.55768E-03    1.09103E-01    1.94411E+01    1.96664E+01    3.76771E+01
    7.88781E+03    6.29401E+05    8.57439E+03    1.50873E+04    1.22021E-02   -2.52680E-03    1.10434E-01    1.96664E+01    1.98915E+01    3.81249E+01
    7.97740E+03    6.38383E+05    8.98207E+03    1.50873E+04    1.24975E-02   -2.49711E-03    1.11764E-01    1.98915E+01    2.01165E+01    3.85723E+01
    8.06801E+03    6.47790E+05    9.40636E+03    1.50873E+04    1.27963E-02   -2.46861E-03    1.13094E-01    2.01165E+01    2.03414E+01    3.90195E+01
    8.15963E+03    6.57637E+05    9.84794E+03    1.50873E+04    1.30985E-02   -2.44124E-03    1.14423E-01    2.03414E+01    2.05663E+01    3.94666E+01
    8.25229E+03    6.67945E+05    1.03075E+04    1.50873E+04    1.34044E-02   -2.41499E-03    1.15752E-01    2.05663E+01    2.07914E+01    3.99137E+01
    8.34600E+03    6.78731E+05    1.07858E+04    1.50873E+04    1.37139E-02   -2.38983E-03    1.17082E-01    2.07914E+01    2.10166E+01    4.03610E+01
    8.44077E+03    6.90014E+05    1.12836E+04    1.50873E+04    1.40272E-02   -2.36573E-03    1.18413E-01    2.10166E+01    2.12420E+01    4.08087E+01
    8.53661E+03    7.01816E+05    1.18016E+04    1.50873E+04    1.43444E-02   -2.34266E-03    1.19745E-01    2.12420E+01    2.14678E+01    4.12569E+01
    8.63353E+03    7.14157E+05    1.23408E+04    1.50873E+04    1.46657E-02   -2.32062E-03    1.21080E-01    2.14678E+01    2.16940E+01    4.17057E+01
    8.73155E+03    7.27059E+05    1.29021E+04    1.50873E+04    1.49912E-02   -2.29956E-03    1.22417E-01    2.16940E+01    2.19207E+01    4.21553E+01
    8.83067E+03    7.40545E+05    1.34862E+04    1.50873E+04    1.53209E-02   -2.27947E-03    1.23757E-01    2.19207E+01    2.21479E+01    4.26059E+01
    8.93091E+03    7.54639E+05    1.40943E+04    1.50873E+04    1.56550E-02   -2.26033E-03    1.25100E-01    2.21479E+01    2.23757E+01    4.30577E+01
    9.03229E+03    7.69367E+05    1.47273E+04    1.50873E+04    1.59938E-02   -2.24212E-03    1.26447E-01    2.23757E+01    2.26043E+01    4.35107E+01
    9.13481E+03    7.84753E+05    1.53862E+04    1.50873E+04    1.63373E-02   -2.22482E-03    1.27798E-01    2.26043E+01    2.28337E+01    4.39651E+01
    9.23850E+03    8.00825E+05    1.60722E+04    1.50873E+04    1.66856E-02   -2.20841E-03    1.29154E-01    2.28337E+01    2.30639E+01    4.44211E+01
    9.34335E+03    8.17612E+05    1.67865E+04    1.50873E+04    1.70390E-02   -2.19288E-03    1.30515E-01    2.30639E+01    2.32952E+01    4.48789E+01
    9.44939E+03    8.35142E+05    1.75302E+04    1.50873E+04    1.73976E-02   -2.17820E-03    1.31882E-01    2.32952E+01    2.35274E+01    4.53386E+01
    9.55662E+03    8.53446E+05    1.83047E+04    1.50873E+04    1.77617E-02   -2.16437E-03    1.33255E-01    2.35274E+01    2.37608E+01    4.58004E+01
    9.66507E+03    8.72558E+05    1.91112E+04    1.50873E+04    1.81313E-02   -2.15137E-03    1.34635E-01    2.37608E+01    2.39955E+01    4.62645E+01
    9.77474E+03    8.92509E+05    1.99511E+04    1.50873E+04    1.85067E-02   -2.13918E-03    1.36023E-01    2.39955E+01    2.42314E+01    4.67309E+01
    9.88565E+03    9.13335E+05    2.08260E+04    1.50873E+04    1.88881E-02   -2.12779E-03    1.37417E-01    2.42314E+01    2.44687E+01    4.72000E+01
    9.99782E+03    9.35072E+05    2.17374E+04    1.50873E+04    1.92757E-02   -2.11719E-03    1.38821E-01    2.44687E+01    2.47075E+01    4.76719E+01
    1.01113E+04    9.57759E+05    2.26869E+04    1.50873E+04    1.96697E-02   -2.10737E-03    1.40233E-01    2.47075E+01    2.49479E+01    4.81467E+01
    1.02260E+04    9.81435E+05    2.36762E+04    1.50873E+04    2.00703E-02   -2.09831E-03    1.41654E-01    2.49479E+01    2.51900E+01    4.86247E+01
    1.03420E+04    1.00614E+06    2.47070E+04    1.50873E+04    2.04778E-02   -2.09001E-03    1.43086E-01    2.51900E+01    2.54338E+01    4.91060E+01
    1.04593E+04    1.03192E+06    2.57814E+04    1.50873E+04    2.08925E-02   -2.08245E-03    1.44527E-01    2.54338E+01    2.56795E+01    4.95908E+01
    1.05779E+04    1.05882E+06    2.69011E+04    1.50873E+04    2.13145E-02   -2.07563E-03    1.45980E-01    2.56795E+01    2.59271E+01    5.00793E+01
    1.06979E+04    1.08689E+06    2.80683E+04    1.50873E+04    2.17442E-02   -2.06953E-03    1.47445E-01    2.59271E+01    2.61769E+01    5.05718E+01
    1.08193E+04    1.11618E+06    2.92852E+04    1.50873E+04    2.21818E-02   -2.06415E-03    1.48921E-01    2.61769E+01    2.64287E+01    5.10683E+01
    1.09420E+04    1.14673E+06    3.05541E+04    1.50873E+04    2.26277E-02   -2.05949E-03    1.50411E-01    2.64287E+01    2.66829E+01    5.15691E+01
    1.10661E+04    1.17861E+06    3.18773E+04    1.50873E+04    2.30820E-02   -2.05553E-03    1.51914E-01    2.66829E+01    2.69394E+01    5.20745E+01
    1.11916E+04    1.21187E+06    3.32574E+04    1.50873E+04    2.35452E-02   -2.05227E-03    1.53431E-01    2.69394E+01    2.71984E+01    5.25846E+01
    1.13185E+04    1.24656E+06    3.46971E+04    1.50873E+04    2.40176E-02   -2.04971E-03    1.54963E-01    2.71984E+01    2.74600E+01    5.30996E+01
    1.14469E+04    1.28276E+06    3.61991E+04    1.50873E+04    2.44995E-02   -2.04785E-03    1.56510E-01    2.74600E+01    2.77244E+01    5.36199E+01
    1.15767E+04    1.32053E+06    3.77664E+04    1.50873E+04    2.49913E-02   -2.04667E-03    1.58073E-01    2.77244E+01    2.79915E+01    5.41455E+01
    1.17080E+04    1.35993E+06    3.94022E+04    1.50873E+04    2.54933E-02   -2.04618E-03    1.59653E-01    2.79915E+01    2.82617E+01    5.46767E+01
    1.18407E+04    1.40104E+06    4.11096E+04    1.50873E+04    2.60059E-02   -2.04638E-03    1.61250E-01    2.82617E+01    2.85349E+01    5.52139E+01
    1.19750E+04    1.44393E+06    4.28922E+04    1.50873E+04    2.65296E-02   -2.04727E-03    1.62866E-01    2.85349E+01    2.88113E+01    5.57571E+01
    1.21108E+04    1.48869E+06    4.47536E+04    1.50873E+04    2.70647E-02   -2.04885E-03    1.64501E-01    2.88113E+01    2.90910E+01    5.63068E+01
    1.22481E+04    1.53539E+06    4.66977E+04    1.50873E+04    2.76118E-02   -2.05112E-03    1.66155E-01    2.90910E+01    2.93742E+01    5.68630E+01
    1.23869E+04    1.58411E+06    4.87285E+04    1.50873E+04    2.81712E-02   -2.05408E-03    1.67830E-01    2.93742E+01    2.96611E+01    5.74262E+01
    1.25274E+04    1.63496E+06    5.08502E+04    1.50873E+04    2.87435E-02   -2.05775E-03    1.69527E-01    2.96611E+01    2.99517E+01    5.79966E+01
    1.26694E+04    1.68803E+06    5.30675E+04    1.50873E+04    2.93292E-02   -2.06211E-03    1.71245E-01    2.99517E+01    3.02462E+01    5.85745E+01
    1.28130E+04    1.74342E+06    5.53851E+04    1.50873E+04    2.99288E-02   -2.06719E-03    1.72987E-01    3.02462E+01    3.05447E+01    5.91601E+01
    1.29582E+04    1.80122E+06    5.78081E+04    1.50873E+04    3.05429E-02   -2.07300E-03    1.74753E-01    3.05447E+01    3.08475E+01    5.97538E+01
    1.31051E+04    1.86157E+06    6.03418E+04    1.50873E+04    3.11720E-02   -2.07953E-03    1.76544E-01    3.08475E+01    3.11547E+01    6.03559E+01
    1.32537E+04    1.92456E+06    6.29920E+04    1.50873E+04    3.18167E-02   -2.08680E-03    1.78360E-01    3.11547E+01    3.14664E+01    6.09667E+01
    1.34039E+04    1.99032E+06    6.57645E+04    1.50873E+04    3.24778E-02   -2.09483E-03    1.80204E-01    3.14664E+01    3.17829E+01    6.15866E+01
    1.35558E+04    2.05899E+06    6.86657E+04    1.50873E+04    3.31559E-02   -2.10363E-03    1.82076E-01    3.17829E+01    3.21043E+01    6.22159E+01
    1.37095E+04    2.13069E+06    7.17025E+04    1.50873E+04    3.38517E-02   -2.11321E-03    1.83976E-01    3.21043E+01    3.24307E+01    6.28550E+01
    1.38648E+04    2.20557E+06    7.48819E+04    1.50873E+04    3.45660E-02   -2.12360E-03    1.85907E-01    3.24307E+01    3.27626E+01    6.35042E+01
    1.40220E+04    2.28378E+06    7.82116E+04    1.50873E+04    3.52995E-02   -2.13482E-03    1.87870E-01    3.27626E+01    3.30999E+01    6.41640E+01
    1.41809E+04    2.36548E+06    8.16996E+04    1.50873E+04    3.60532E-02   -2.14688E-03    1.89865E-01    3.30999E+01    3.34430E+01    6.48348E+01
    1.43416E+04    2.45084E+06    8.53544E+04    1.50873E+04    3.68278E-02   -2.15982E-03    1.91894E-01    3.34430E+01    3.37920E+01    6.55170E+01
    1.45041E+04    2.54002E+06    8.91852E+04    1.50873E+04    3.76244E-02   -2.17365E-03    1.93958E-01    3.37920E+01    3.41472E+01    6.62111E+01
    1.46684E+04    2.63323E+06    9.32017E+04    1.50873E+04    3.84438E-02   -2.18841E-03    1.96059E-01    3.41472E+01    3.45089E+01    6.69175E+01
    1.48347E+04    2.73064E+06    9.74142E+04    1.50873E+04    3.92873E-02   -2.20413E-03    1.98198E-01    3.45089E+01    3.48773E+01    6.76367E+01
    1.50027E+04    2.83247E+06    1.01834E+05    1.50873E+04    4.01557E-02   -2.22085E-03    2.00377E-01    3.48773E+01    3.52527E+01    6.83693E+01
    1.51727E+04    2.93895E+06    1.06472E+05    1.50873E+04    4.10505E-02   -2.23860E-03    2.02597E-01    3.52527E+01    3.56354E+01    6.91158E+01
    1.53446E+04    3.05029E+06    1.11341E+05    1.50873E+04    4.19727E-02   -2.25742E-03    2.04860E-01    3.56354E+01    3.60257E+01    6.98767E+01
    1.55185E+04    3.16674E+06    1.16456E+05    1.50873E+04    4.29237E-02   -2.27735E-03    2.07168E-01    3.60257E+01    3.64238E+01    7.06527E+01
    1.56943E+04    3.28857E+06    1.21829E+05    1.50873E+04    4.39049E-02   -2.29845E-03    2.09522E-01    3.64238E+01    3.68302E+01    7.14444E+01
    1.58721E+04    3.41605E+06    1.27476E+05    1.50873E+04    4.49179E-02   -2.32075E-03    2.11926E-01    3.68302E+01    3.72451E+01    7.22525E+01
    1.60519E+04    3.54946E+06    1.33413E+05    1.50873E+04    4.59641E-02   -2.34431E-03    2.14380E-01    3.72451E+01    3.76690E+01    7.30776E+01
    1.62338E+04    3.68912E+06    1.39659E+05    1.50873E+04    4.70454E-02   -2.36919E-03    2.16887E-01    3.76690E+01    3.81023E+01    7.39205E+01
    1.64177E+04    3.83535E+06    1.46232E+05    1.50873E+04    4.81635E-02   -2.39545E-03    2.19449E-01    3.81023E+01    3.85453E+01    7.47820E+01
    1.66036E+04    3.98850E+06    1.53152E+05    1.50873E+04    4.93202E-02   -2.42314E-03    2.22068E-01    3.85453E+01    3.89985E+01    7.56629E+01
    1.67917E+04    4.14894E+06    1.60440E+05    1.50873E+04    5.05178E-02   -2.45233E-03    2.24748E-01    3.89985E+01    3.94623E+01    7.65640E+01
    1.69819E+04    4.31706E+06    1.68121E+05    1.50873E+04    5.17584E-02   -2.48309E-03    2.27491E-01    3.94623E+01    3.99372E+01    7.74863E+01
    1.71743E+04    4.49328E+06    1.76218E+05    1.50873E+04    5.30444E-02   -2.51550E-03    2.30300E-01    3.99372E+01    4.04238E+01    7.84307E+01
    1.73688E+04    4.67804E+06    1.84760E+05    1.50873E+04    5.43781E-02   -2.54963E-03    2.33177E-01    4.04238E+01    4.09226E+01    7.93982E+01
    1.75655E+04    4.87182E+06    1.93775E+05    1.50873E+04    5.57625E-02   -2.58556E-03    2.36127E-01    4.09226E+01    4.14341E+01    8.03900E+01
    1.77645E+04    5.07511E+06    2.03294E+05    1.50873E+04    5.72003E-02   -2.62337E-03    2.39151E-01    4.14341E+01    4.19589E+01    8.14070E+01
    1.79657E+04    5.28846E+06    2.13351E+05    1.50873E+04    5.86946E-02   -2.66315E-03    2.42255E-01    4.19589E+01    4.24978E+01    8.24506E+01
    1.81692E+04    5.51245E+06    2.23984E+05    1.50873E+04    6.02488E-02   -2.70500E-03    2.45441E-01    4.24978E+01    4.30512E+01    8.35220E+01
    1.83749E+04    5.74768E+06    2.35230E+05    1.50873E+04    6.18663E-02   -2.74899E-03    2.48714E-01    4.30512E+01    4.36201E+01    8.46226E+01
    1.85830E+04    5.99481E+06    2.47134E+05    1.50873E+04    6.35511E-02   -2.79524E-03    2.52078E-01    4.36201E+01    4.42050E+01    8.57536E+01
    1.87935E+04    6.25455E+06    2.59741E+05    1.50873E+04    6.53072E-02   -2.84384E-03    2.55537E-01    4.42050E+01    4.48068E+01    8.69167E+01
    1.90063E+04    6.52765E+06    2.73102E+05    1.50873E+04    6.71390E-02   -2.89490E-03    2.59096E-01    4.48068E+01    4.54264E+01    8.81134E+01
    1.92215E+04    6.81493E+06    2.87271E+05    1.50873E+04    6.90512E-02   -2.94853E-03    2.62759E-01    4.54264E+01    4.60646E+01    8.93453E+01
    1.94392E+04    7.11723E+06    3.02307E+05    1.50873E+04    7.10489E-02   -3.00483E-03    2.66533E-01    4.60646E+01    4.67223E+01    9.06142E+01
    1.96593E+04    7.43551E+06    3.18274E+05    1.50873E+04    7.31375E-02   -3.06392E-03    2.70422E-01    4.67223E+01    4.74005E+01    9.19220E+01
    1.98819E+04    7.77075E+06    3.35243E+05    1.50873E+04    7.53230E-02   -3.12592E-03    2.74433E-01    4.74005E+01    4.81003E+01    9.32705E+01
    2.01070E+04    8.12404E+06    3.53288E+05    1.50873E+04    7.76117E-02   -3.19096E-03    2.78570E-01    4.81003E+01    4.88227E+01    9.46619E+01
    2.03347E+04    8.49653E+06    3.72492E+05    1.50873E+04    8.00103E-02   -3.25916E-03    2.82842E-01    4.88227E+01    4.95688E+01    9.60983E+01
    2.05649E+04    8.88947E+06    3.92946E+05    1.50873E+04    8.25262E-02   -3.33065E-03    2.87254E-01    4.95688E+01    5.03400E+01    9.75820E+01
    2.07978E+04    9.30422E+06    4.14747E+05    1.50873E+04    8.51672E-02   -3.40556E-03    2.91814E-01    5.03400E+01    5.11374E+01    9.91153E+01
    2.10332E+04    9.74222E+06    4.38002E+05    1.50873E+04    8.79420E-02   -3.48405E-03    2.96530E-01    5.11374E+01    5.19624E+01    1.00701E+02
    2.12714E+04    1.02051E+07    4.62828E+05    1.50873E+04    9.08595E-02   -3.56626E-03    3.01408E-01    5.19624E+01    5.28164E+01    1.02341E+02
    2.15122E+04    1.06944E+07    4.89353E+05    1.50873E+04    9.39299E-02   -3.65236E-03    3.06458E-01    5.28164E+01    5.37010E+01    1.04039E+02
    2.17557E+04    1.12121E+07    5.17716E+05    1.50873E+04    9.71637E-02   -3.74250E-03    3.11688E-01    5.37010E+01    5.46176E+01    1.05798E+02
    2.20020E+04    1.17602E+07    5.48070E+05    1.50873E+04    1.00572E-01   -3.83687E-03    3.17108E-01    5.46176E+01    5.55679E+01    1.07621E+02
    2.22511E+04    1.23408E+07    5.80581E+05    1.50873E+04    1.04169E-01   -3.93567E-03    3.22728E-01    5.55679E+01    5.65537E+01    1.09510E+02
    2.25030E+04    1.29562E+07    6.15435E+05    1.50873E+04    1.07966E-01   -4.03910E-03    3.28557E-01    5.65537E+01    5.75768E+01    1.11470E+02
    2.27578E+04    1.36090E+07    6.52831E+05    1.50873E+04    1.11979E-01   -4.14739E-03    3.34607E-01    5.75768E+01    5.86393E+01    1.13505E+02
    2.30154E+04    1.43020E+07    6.92991E+05    1.50873E+04    1.16224E-01   -4.26080E-03    3.40890E-01    5.86393E+01    5.97431E+01    1.15617E+02
    2.32759E+04    1.50382E+07    7.36158E+05    1.50873E+04    1.20718E-01   -4.37960E-03    3.47417E-01    5.97431E+01    6.08905E+01    1.17812E+02
    2.35394E+04    1.58208E+07    7.82601E+05    1.50873E+04    1.25479E-01   -4.50411E-03    3.54202E-01    6.08905E+01    6.20839E+01    1.20094E+02
    2.38058E+04    1.66534E+07    8.32616E+05    1.50873E+04    1.30529E-01   -4.63469E-03    3.61258E-01    6.20839E+01    6.33258E+01    1.22466E+02
    2.40753E+04    1.75399E+07    8.86529E+05    1.50873E+04    1.35890E-01   -4.77172E-03    3.68602E-01    6.33258E+01    6.46188E+01    1.24936E+02
    2.43478E+04    1.84846E+07    9.44702E+05    1.50873E+04    1.41586E-01   -4.91565E-03    3.76247E-01    6.46188E+01    6.59659E+01    1.27507E+02
    2.46234E+04    1.94922E+07    1.00754E+06    1.50873E+04    1.47645E-01   -5.06699E-03    3.84213E-01    6.59659E+01    6.73702E+01    1.30185E+02
    2.49021E+04    2.05676E+07    1.07548E+06    1.50873E+04    1.54096E-01   -5.22631E-03    3.92516E-01    6.73702E+01    6.88349E+01    1.32977E+02
    2.51840E+04    2.17167E+07    1.14902E+06    1.50873E+04    1.60972E-01   -5.39427E-03    4.01177E-01    6.88349E+01    7.03639E+01    1.35890E+02
    2.54690E+04    2.29454E+07    1.22872E+06    1.50873E+04    1.68309E-01   -5.57160E-03    4.10217E-01    7.03639E+01    7.19609E+01    1.38929E+02
    2.57573E+04    2.42606E+07    1.31519E+06    1.50873E+04    1.76147E-01   -5.75917E-03    4.19659E-01    7.19609E+01    7.36303E+01    1.42105E+02
    2.60488E+04    2.56697E+07    1.40913E+06    1.50873E+04    1.84531E-01   -5.95795E-03    4.29530E-01    7.36303E+01    7.53769E+01    1.45424E+02
    2.63436E+04    2.71810E+07    1.51131E+06    1.50873E+04    1.93511E-01   -6.16903E-03    4.39856E-01    7.53769E+01    7.72058E+01    1.48897E+02
    2.66417E+04    2.88036E+07    1.62262E+06    1.50873E+04    2.03143E-01   -6.39368E-03    4.50668E-01    7.72058E+01    7.91228E+01    1.52533E+02
    2.69432E+04    3.05477E+07    1.74405E+06    1.50873E+04    2.13489E-01   -6.63336E-03    4.62001E-01    7.91228E+01    8.11340E+01    1.56344E+02
    2.72481E+04    3.24244E+07    1.87672E+06    1.50873E+04    2.24620E-01   -6.88972E-03    4.73891E-01    8.11340E+01    8.32466E+01    1.60343E+02
    2.75565E+04    3.44463E+07    2.02191E+06    1.50873E+04    2.36616E-01   -7.16464E-03    4.86379E-01    8.32466E+01    8.54683E+01    1.64542E+02
    2.78684E+04    3.66274E+07    2.18110E+06    1.50873E+04    2.49568E-01   -7.46029E-03    4.99512E-01    8.54683E+01    8.78078E+01    1.68959E+02
    2.81837E+04    3.89834E+07    2.35594E+06    1.50873E+04    2.63580E-01   -7.77917E-03    5.13341E-01    8.78078E+01    9.02749E+01    1.73610E+02
    2.85027E+04    4.15317E+07    2.54838E+06    1.50873E+04    2.78769E-01   -8.12414E-03    5.27924E-01    9.02749E+01    9.28806E+01    1.78515E+02
    2.88252E+04    4.42924E+07    2.76064E+06    1.50873E+04    2.95273E-01   -8.49849E-03    5.43324E-01    9.28806E+01    9.56371E+01    1.83694E+02
    2.91514E+04    4.72877E+07    2.99531E+06    1.50873E+04    3.13248E-01   -8.90604E-03    5.59615E-01    9.56371E+01    9.85584E+01    1.89174E+02
    2.94812E+04    5.05431E+07    3.25539E+06    1.50873E+04    3.32877E-01   -9.35120E-03    5.76879E-01    9.85584E+01    1.01660E+02    1.94981E+02
    2.98148E+04    5.40875E+07    3.54441E+06    1.50873E+04    3.54371E-01   -9.83914E-03    5.95209E-01    1.01660E+02    1.04961E+02    2.01147E+02
    3.01522E+04    5.79540E+07    3.86653E+06    1.50873E+04    3.77980E-01   -1.03759E-02    6.14713E-01    1.04961E+02    1.08481E+02    2.07707E+02
    3.04934E+04    6.21807E+07    4.22664E+06    1.50873E+04    4.03995E-01   -1.09685E-02    6.35511E-01    1.08481E+02    1.12244E+02    2.14704E+02
    3.08384E+04    6.68112E+07    4.63058E+06    1.50873E+04    4.32763E-01   -1.16254E-02    6.57744E-01    1.12244E+02    1.16278E+02    2.22183E+02
    3.11873E+04    7.18966E+07    5.08534E+06    1.50873E+04    4.64694E-01   -1.23567E-02    6.81573E-01    1.16278E+02    1.20614E+02    2.30200E+02
    3.15402E+04    7.74959E+07    5.59930E+06    1.50873E+04    5.00283E-01   -1.31742E-02    7.07184E-01    1.20614E+02    1.25289E+02    2.38816E+02
    3.18971E+04    8.36786E+07    6.18268E+06    1.50873E+04    5.40122E-01   -1.40926E-02    7.34795E-01    1.25289E+02    1.30346E+02    2.48106E+02
    3.22580E+04    9.05265E+07    6.84791E+06    1.50873E+04    5.84934E-01   -1.51296E-02    7.64660E-01    1.30346E+02    1.35837E+02    2.58155E+02
    3.26230E+04    9.81368E+07    7.61033E+06    1.50873E+04    6.35604E-01   -1.63073E-02    7.97081E-01    1.35837E+02    1.41822E+02    2.69065E+02
    3.29921E+04    1.06626E+08    8.48902E+06    1.50873E+04    6.93225E-01   -1.76528E-02    8.32414E-01    1.41822E+02    1.48375E+02    2.80956E+02
    3.33653E+04    1.16134E+08    9.50789E+06    1.50873E+04    7.59163E-01   -1.92010E-02    8.71088E-01    1.48375E+02    1.55582E+02    2.93973E+02
    3.37428E+04    1.26831E+08    1.06973E+07    1.50873E+04    8.35140E-01   -2.09961E-02    9.13619E-01    1.55582E+02    1.63552E+02    3.08289E+02
    3.41246E+04    1.38927E+08    1.20963E+07    1.50873E+04    9.23361E-01   -2.30959E-02    9.60639E-01    1.63552E+02    1.72419E+02    3.24118E+02
    3.45106E+04    1.52683E+08    1.37557E+07    1.50873E+04    1.02668E+00   -2.55768E-02    1.01293E+00    1.72419E+02    1.82348E+02    3.41725E+02
    3.49010E+04    1.68426E+08    1.57427E+07    1.50873E+04    1.14886E+00   -2.85420E-02    1.07147E+00    1.82348E+02    1.93555E+02    3.61439E+02
    3.52959E+04    1.86574E+08    1.81480E+07    1.50873E+04    1.29495E+00   -3.21342E-02    1.13750E+00    1.93555E+02    2.06314E+02    3.83683E+02
    3.56952E+04    2.07670E+08    2.10962E+07    1.50873E+04    1.47184E+00   -3.65555E-02    1.21264E+00    2.06314E+02    2.20992E+02    4.09001E+02
    3.60990E+04    2.32433E+08    2.47626E+07    1.50873E+04    1.68922E+00   -4.21016E-02    1.29902E+00    2.20992E+02    2.38089E+02    4.38117E+02
    3.65074E+04    2.61834E+08    2.94017E+07    1.50873E+04    1.96109E+00   -4.92205E-02    1.39953E+00    2.38089E+02    2.58303E+02    4.72013E+02
    3.69204E+04    2.97229E+08    3.53949E+07    1.50873E+04    2.30834E+00   -5.86221E-02    1.51819E+00    2.58303E+02    2.82649E+02    5.12061E+02
    3.73380E+04    3.40567E+08    4.33379E+07    1.50873E+04    2.76352E+00   -7.14941E-02    1.66085E+00    2.82649E+02    3.12677E+02    5.60251E+02
    3.77604E+04    3.94779E+08    5.42119E+07    1.50873E+04    3.38006E+00   -8.99668E-02    1.83629E+00    3.12677E+02    3.50890E+02    6.19604E+02
    3.81876E+04    4.64520E+08    6.97415E+07    1.50873E+04    4.25163E+00   -1.18228E-01    2.05856E+00    3.50890E+02    4.01675E+02    6.94967E+02
    3.86195E+04    5.57758E+08    9.32377E+07    1.50873E+04    5.55764E+00   -1.65629E-01    2.35164E+00    4.01675E+02    4.73625E+02    7.94740E+02
    3.90564E+04    6.89640E+08    1.31882E+08    1.50873E+04    7.68632E+00   -2.57308E-01    2.76045E+00    4.73625E+02    5.86664E+02    9.35021E+02
    3.94982E+04    8.94063E+08    2.04423E+08    1.50873E+04    1.16493E+01   -4.83132E-01    3.37873E+00    5.86664E+02    8.01308E+02    1.15140E+03
    3.99450E+04    1.27603E+09    3.81970E+08    1.50873E+04    2.12830E+01   -1.33106E+00    4.41716E+00    8.01308E+02    1.39935E+03    1.53961E+03
    4.03968E+04    2.90310E+09    1.62707E+09    1.50873E+04    8.86433E+01   -7.14853E+00    6.12713E+00    1.39935E+03    4.64746E+03    2.42347E+03
