 # rho, F_z,dF_z, z(rho), E2 (=>sigma2=e0^2*E2), Er, Ez, Ui,j , Ui+1,j , Ui,j-1
    2.50000E-01    9.74794E-01    9.74794E-01    0.00000E+00    7.79835E+00   -7.24884E-01    2.69683E+00    2.71086E+00    3.07330E+00    4.05927E+00
    7.31707E-01    2.74494E+00    1.77015E+00    5.00000E-01    5.22039E+00   -2.82521E-01    2.26728E+00    1.93966E+00    2.07058E+00    3.07330E+00
    1.19774E+00    5.50973E+00    2.76479E+00    5.00000E-01    4.92549E+00   -1.01492E-01    2.21702E+00    2.07058E+00    2.11815E+00    3.17909E+00
    1.66904E+00    9.49538E+00    3.98565E+00    5.00000E-01    5.03852E+00   -6.58109E-02    2.24370E+00    2.11815E+00    2.14934E+00    3.24000E+00
    2.14566E+00    1.48633E+01    5.36793E+00    5.00000E-01    5.21958E+00   -6.55466E-02    2.28370E+00    2.14934E+00    2.18075E+00    3.29119E+00
    2.62767E+00    2.18012E+01    6.93788E+00    5.00000E-01    5.44711E+00   -8.16691E-02    2.33247E+00    2.18075E+00    2.22034E+00    3.34699E+00
    3.11513E+00    3.05663E+01    8.76507E+00    5.00000E-01    5.73997E+00   -1.15604E-01    2.39303E+00    2.22034E+00    2.27701E+00    3.41686E+00
    3.60810E+00    4.15267E+01    1.09605E+01    5.00000E-01    6.12775E+00   -1.84558E-01    2.46854E+00    2.27701E+00    2.36850E+00    3.51128E+00
    4.10663E+00    5.52126E+01    1.36859E+01    5.00000E-01    6.64750E+00   -3.44482E-01    2.55516E+00    2.36850E+00    2.54120E+00    3.64608E+00
    4.61080E+00    7.25808E+01    1.73682E+01    5.00000E-01    7.42964E+00   -7.85834E-01    2.61000E+00    2.54120E+00    2.93962E+00    3.84620E+00
    5.12067E+00    8.81619E+01    1.55811E+01    9.63414E-01    5.93447E+00   -6.32265E-01    2.35260E+00    1.76332E+00    2.08750E+00    2.93962E+00
    5.63630E+00    1.05606E+02    1.74437E+01    9.63414E-01    5.96864E+00   -5.36291E-01    2.38349E+00    2.08750E+00    2.36558E+00    3.27925E+00
    6.15775E+00    1.28763E+02    2.31573E+01    9.63414E-01    7.17160E+00   -9.59089E-01    2.50035E+00    2.36558E+00    2.86852E+00    3.61576E+00
    6.68510E+00    1.49455E+02    2.06921E+01    1.43207E+00    5.83670E+00   -7.89343E-01    2.28334E+00    1.81038E+00    2.22898E+00    2.86852E+00
    7.21840E+00    1.75130E+02    2.56749E+01    1.43207E+00    6.63221E+00   -1.03864E+00    2.35657E+00    2.22898E+00    2.78600E+00    3.32105E+00
    7.75774E+00    1.97045E+02    2.19153E+01    1.90601E+00    5.20862E+00   -7.85649E-01    2.14275E+00    1.78180E+00    2.20791E+00    2.78600E+00
    8.30316E+00    2.25666E+02    2.86208E+01    1.90601E+00    6.28447E+00   -1.05576E+00    2.27373E+00    2.20791E+00    2.78698E+00    3.27349E+00
    8.85475E+00    2.50663E+02    2.49972E+01    2.38531E+00    5.08939E+00   -8.02505E-01    2.10841E+00    1.78771E+00    2.23285E+00    2.78698E+00
    9.41258E+00    2.84379E+02    3.37160E+01    2.38531E+00    6.38554E+00   -1.11586E+00    2.26725E+00    2.23285E+00    2.85880E+00    3.30740E+00
    9.97670E+00    3.14871E+02    3.04921E+01    2.87003E+00    5.38754E+00   -8.87340E-01    2.14480E+00    1.83079E+00    2.33417E+00    2.85880E+00
    1.05472E+01    3.58634E+02    4.37625E+01    2.87003E+00    7.23229E+00   -1.34980E+00    2.32601E+00    2.33417E+00    3.10856E+00    3.44904E+00
    1.11242E+01    4.06247E+02    4.76127E+01    3.36023E+00    7.37711E+00   -1.56050E+00    2.22305E+00    2.03101E+00    2.93639E+00    3.10856E+00
    1.17076E+01    4.49469E+02    4.32221E+01    3.85596E+00    6.29198E+00   -1.53752E+00    1.98192E+00    1.96486E+00    2.86699E+00    2.93639E+00
    1.22977E+01    4.91883E+02    4.24146E+01    4.35730E+00    5.81249E+00   -1.51581E+00    1.87478E+00    1.93760E+00    2.83705E+00    2.86699E+00
    1.28944E+01    5.34937E+02    4.30536E+01    4.86430E+00    5.56415E+00   -1.50672E+00    1.81492E+00    1.92716E+00    2.83132E+00    2.83705E+00
    1.34979E+01    5.79686E+02    4.47496E+01    5.37703E+00    5.46303E+00   -1.51382E+00    1.78084E+00    1.92843E+00    2.84711E+00    2.83132E+00
    1.41082E+01    6.27353E+02    4.76668E+01    5.89556E+00    5.50523E+00   -1.54509E+00    1.76576E+00    1.94175E+00    2.89000E+00    2.84711E+00
    1.47254E+01    6.80056E+02    5.27027E+01    6.41994E+00    5.76657E+00   -1.62522E+00    1.76783E+00    1.97334E+00    2.98204E+00    2.89000E+00
    1.53495E+01    7.43966E+02    6.39104E+01    6.95025E+00    6.63356E+00   -1.86335E+00    1.77806E+00    2.04966E+00    3.21922E+00    2.98204E+00
    1.59807E+01    7.83943E+02    3.99766E+01    8.02892E+00    3.94094E+00   -1.60906E+00    1.16270E+00    1.80409E+00    2.82545E+00    2.42764E+00
    1.66191E+01    8.45888E+02    6.19449E+01    8.57741E+00    5.80643E+00   -1.86705E+00    1.52333E+00    1.99926E+00    3.19778E+00    2.82545E+00
    1.72646E+01    8.96567E+02    5.06787E+01    9.69305E+00    4.52166E+00   -1.83098E+00    1.08129E+00    1.86351E+00    3.05216E+00    2.46329E+00
    1.79175E+01    9.46210E+02    4.96438E+01    1.08341E+01    4.22025E+00   -1.80412E+00    9.82548E-01    1.83999E+00    3.02444E+00    2.39739E+00
    1.85777E+01    1.00042E+03    5.42084E+01    1.20010E+01    4.39485E+00   -1.87806E+00    9.31532E-01    1.86099E+00    3.10791E+00    2.40146E+00
    1.92454E+01    1.04776E+03    4.73381E+01    1.38013E+01    3.66331E+00   -1.78475E+00    6.91367E-01    1.77580E+00    2.97415E+00    2.19067E+00
    1.99207E+01    1.08558E+03    3.78215E+01    1.62981E+01    2.79605E+00   -1.58809E+00    5.23480E-01    1.68543E+00    2.76379E+00    2.01400E+00
    2.06035E+01    1.11756E+03    3.19824E+01    1.89097E+01    2.26048E+00   -1.43342E+00    4.53645E-01    1.63613E+00    2.62046E+00    1.93395E+00
    2.12941E+01    1.15172E+03    3.41591E+01    2.09469E+01    2.30992E+00   -1.44642E+00    4.66684E-01    1.66373E+00    2.66822E+00    1.98062E+00
    2.19925E+01    1.18171E+03    2.99931E+01    2.37722E+01    1.94186E+00   -1.33934E+00    3.84752E-01    1.62066E+00    2.56129E+00    1.89393E+00
    2.26988E+01    1.20820E+03    2.64855E+01    2.67274E+01    1.64284E+00   -1.23455E+00    3.44555E-01    1.58971E+00    2.46655E+00    1.84568E+00
    2.34130E+01    1.23657E+03    2.83671E+01    2.90326E+01    1.68682E+00   -1.24835E+00    3.58388E-01    1.61657E+00    2.51323E+00    1.89195E+00
    2.41354E+01    1.26086E+03    2.42946E+01    3.22296E+01    1.38575E+00   -1.13880E+00    2.98144E-01    1.57187E+00    2.39908E+00    1.81148E+00
    2.48659E+01    1.28585E+03    2.49903E+01    3.47234E+01    1.36810E+00   -1.12812E+00    3.08961E-01    1.58687E+00    2.41559E+00    1.84370E+00
    2.56046E+01    1.31081E+03    2.49587E+01    3.73028E+01    1.31212E+00   -1.10634E+00    2.96883E-01    1.58850E+00    2.41040E+00    1.84374E+00
    2.63517E+01    1.33554E+03    2.47264E+01    3.99705E+01    1.24894E+00   -1.08133E+00    2.82269E-01    1.58725E+00    2.39964E+00    1.83825E+00
    2.71072E+01    1.35994E+03    2.44093E+01    4.27298E+01    1.18517E+00   -1.05529E+00    2.67462E-01    1.58486E+00    2.38665E+00    1.83085E+00
    2.78713E+01    1.38398E+03    2.40396E+01    4.55836E+01    1.12253E+00   -1.02884E+00    2.53011E-01    1.58177E+00    2.37230E+00    1.82245E+00
    2.86440E+01    1.40760E+03    2.36177E+01    4.85353E+01    1.06110E+00   -1.00197E+00    2.39070E-01    1.57801E+00    2.35659E+00    1.81322E+00
    2.94255E+01    1.43072E+03    2.31135E+01    5.15882E+01    9.99570E-01   -9.73984E-01    2.25665E-01    1.57322E+00    2.33861E+00    1.80285E+00
    3.02157E+01    1.45313E+03    2.24103E+01    5.47457E+01    9.33263E-01   -9.42314E-01    2.12854E-01    1.56604E+00    2.31491E+00    1.79007E+00
    3.10149E+01    1.47390E+03    2.07778E+01    5.80115E+01    8.33563E-01   -8.90278E-01    2.02407E-01    1.54821E+00    2.26372E+00    1.76854E+00
    3.18232E+01    1.49852E+03    2.46166E+01    6.02507E+01    9.51730E-01   -9.43319E-01    2.48756E-01    1.60444E+00    2.37115E+00    1.88138E+00
    3.26405E+01    1.52097E+03    2.24511E+01    6.37052E+01    8.36815E-01   -8.94763E-01    1.90302E-01    1.56859E+00    2.30405E+00    1.78772E+00
    3.34671E+01    1.54142E+03    2.04515E+01    6.72782E+01    7.35152E-01   -8.38880E-01    1.77294E-01    1.54506E+00    2.24238E+00    1.75621E+00
    3.43031E+01    1.56513E+03    2.37056E+01    6.97280E+01    8.22067E-01   -8.80128E-01    2.17813E-01    1.59426E+00    2.33413E+00    1.85956E+00
    3.51485E+01    1.58553E+03    2.04045E+01    7.35074E+01    6.82856E-01   -8.09411E-01    1.66463E-01    1.54520E+00    2.23331E+00    1.75490E+00
    3.60034E+01    1.60817E+03    2.26403E+01    7.60988E+01    7.31424E-01   -8.30607E-01    2.03753E-01    1.58210E+00    2.29621E+00    1.84462E+00
    3.68680E+01    1.63300E+03    2.48243E+01    7.87490E+01    7.74421E-01   -8.55708E-01    2.05391E-01    1.60774E+00    2.35174E+00    1.87838E+00
    3.77424E+01    1.65418E+03    2.11784E+01    8.28378E+01    6.38167E-01   -7.84496E-01    1.50775E-01    1.55401E+00    2.24381E+00    1.75950E+00
    3.86267E+01    1.67811E+03    2.39320E+01    8.56412E+01    6.96759E-01   -8.14430E-01    1.82929E-01    1.59541E+00    2.31962E+00    1.85038E+00
    3.95209E+01    1.69846E+03    2.03552E+01    8.99662E+01    5.72741E-01   -7.44281E-01    1.37064E-01    1.54341E+00    2.21271E+00    1.74100E+00
    4.04252E+01    1.72053E+03    2.20693E+01    9.29317E+01    6.00297E-01   -7.56259E-01    1.68433E-01    1.57312E+00    2.26089E+00    1.82145E+00
    4.13398E+01    1.74353E+03    2.29938E+01    9.59645E+01    6.04772E-01   -7.58819E-01    1.70194E-01    1.58474E+00    2.28263E+00    1.84137E+00
    4.22647E+01    1.76736E+03    2.38301E+01    9.90662E+01    6.06202E-01   -7.60270E-01    1.67901E-01    1.59407E+00    2.30120E+00    1.85300E+00
    4.32001E+01    1.79260E+03    2.52450E+01    1.02238E+02    6.21272E-01   -7.71097E-01    1.63341E-01    1.60915E+00    2.33445E+00    1.86678E+00
    4.41460E+01    1.81366E+03    2.10589E+01    1.07133E+02    5.01480E-01   -6.98430E-01    1.16945E-01    1.55001E+00    2.21439E+00    1.74078E+00
    4.51026E+01    1.83619E+03    2.25248E+01    1.10488E+02    5.19146E-01   -7.06067E-01    1.43581E-01    1.57551E+00    2.25474E+00    1.81505E+00
    4.60700E+01    1.85935E+03    2.31600E+01    1.13920E+02    5.16737E-01   -7.04215E-01    1.44286E-01    1.58340E+00    2.26850E+00    1.82959E+00
    4.70484E+01    1.88290E+03    2.35564E+01    1.17430E+02    5.08903E-01   -6.99132E-01    1.41834E-01    1.58756E+00    2.27540E+00    1.83507E+00
    4.80378E+01    1.90675E+03    2.38518E+01    1.21019E+02    4.99032E-01   -6.92694E-01    1.38588E-01    1.59030E+00    2.27951E+00    1.83764E+00
    4.90384E+01    1.93084E+03    2.40910E+01    1.24691E+02    4.88235E-01   -6.85558E-01    1.35078E-01    1.59229E+00    2.28211E+00    1.83885E+00
    5.00503E+01    1.95514E+03    2.42917E+01    1.28445E+02    4.76959E-01   -6.77990E-01    1.31484E-01    1.59380E+00    2.28372E+00    1.83925E+00
    5.10736E+01    1.97960E+03    2.44600E+01    1.32285E+02    4.65381E-01   -6.70096E-01    1.27877E-01    1.59493E+00    2.28451E+00    1.83907E+00
    5.21085E+01    2.00419E+03    2.45951E+01    1.36212E+02    4.53535E-01   -6.61881E-01    1.24293E-01    1.59568E+00    2.28450E+00    1.83837E+00
    5.31551E+01    2.02888E+03    2.46891E+01    1.40229E+02    4.41316E-01   -6.53250E-01    1.20748E-01    1.59595E+00    2.28348E+00    1.83708E+00
    5.42135E+01    2.05360E+03    2.47202E+01    1.44337E+02    4.28405E-01   -6.43938E-01    1.17254E-01    1.59552E+00    2.28091E+00    1.83500E+00
    5.52839E+01    2.07823E+03    2.46324E+01    1.48538E+02    4.13941E-01   -6.33229E-01    1.13848E-01    1.59375E+00    2.27536E+00    1.83156E+00
    5.63664E+01    2.10247E+03    2.42357E+01    1.52834E+02    3.94990E-01   -6.18646E-01    1.10755E-01    1.58853E+00    2.26197E+00    1.82513E+00
    5.74611E+01    2.12485E+03    2.23835E+01    1.57229E+02    3.53854E-01   -5.84488E-01    1.10577E-01    1.56696E+00    2.21039E+00    1.80854E+00
    5.85682E+01    2.15611E+03    3.12587E+01    1.59463E+02    4.79401E-01   -6.50992E-01    2.35818E-01    1.68936E+00    2.41410E+00    2.21039E+00
    5.96878E+01    2.18344E+03    2.73306E+01    1.64008E+02    4.06700E-01   -6.27527E-01    1.13622E-01    1.62228E+00    2.32879E+00    1.87903E+00
    6.08200E+01    2.20999E+03    2.65466E+01    1.68656E+02    3.83347E-01   -6.10333E-01    1.04116E-01    1.61123E+00    2.30615E+00    1.85184E+00
    6.19650E+01    2.23583E+03    2.58436E+01    1.73410E+02    3.62207E-01   -5.93496E-01    9.98487E-02    1.60246E+00    2.28585E+00    1.83846E+00
    6.31230E+01    2.25961E+03    2.37737E+01    1.78272E+02    3.23430E-01   -5.60000E-01    9.91436E-02    1.57905E+00    2.23115E+00    1.81871E+00
    6.42940E+01    2.29242E+03    3.28117E+01    1.80744E+02    4.33360E-01   -6.21345E-01    2.17463E-01    1.69954E+00    2.43126E+00    2.23115E+00
    6.54783E+01    2.32089E+03    2.84706E+01    1.85773E+02    3.65098E-01   -5.95682E-01    1.01296E-01    1.62995E+00    2.33937E+00    1.88321E+00
    6.66760E+01    2.34813E+03    2.72462E+01    1.90916E+02    3.39287E-01   -5.75037E-01    9.28378E-02    1.61462E+00    2.30720E+00    1.85201E+00
    6.78872E+01    2.37304E+03    2.49079E+01    1.96176E+02    3.01231E-01   -5.41188E-01    9.13609E-02    1.58869E+00    2.24786E+00    1.82761E+00
    6.91121E+01    2.40706E+03    3.40227E+01    1.98850E+02    3.99654E-01   -5.98208E-01    2.04455E-01    1.70715E+00    2.44400E+00    2.24786E+00
    7.03508E+01    2.43617E+03    2.91040E+01    2.04290E+02    3.32104E-01   -5.68720E-01    9.30676E-02    1.63316E+00    2.34161E+00    1.88489E+00
    7.16036E+01    2.46239E+03    2.62259E+01    2.09854E+02    2.90740E-01   -5.32056E-01    8.75019E-02    1.60105E+00    2.27131E+00    1.84310E+00
    7.28704E+01    2.49795E+03    3.55543E+01    2.12683E+02    3.82975E-01   -5.86496E-01    1.97480E-01    1.71886E+00    2.46606E+00    2.27131E+00
    7.41516E+01    2.52824E+03    3.02944E+01    2.18438E+02    3.17096E-01   -5.56177E-01    8.81099E-02    1.64278E+00    2.35935E+00    1.89487E+00
    7.54473E+01    2.55551E+03    2.72644E+01    2.24323E+02    2.77346E-01   -5.20108E-01    8.26621E-02    1.60978E+00    2.28746E+00    1.85166E+00
    7.67576E+01    2.59227E+03    3.67604E+01    2.27316E+02    3.63453E-01   -5.72356E-01    1.89371E-01    1.72708E+00    2.48126E+00    2.28746E+00
    7.80828E+01    2.62349E+03    3.12181E+01    2.33403E+02    3.00028E-01   -5.41414E-01    8.30613E-02    1.64950E+00    2.37097E+00    1.90088E+00
    7.94229E+01    2.65142E+03    2.79345E+01    2.39628E+02    2.60991E-01   -5.04895E-01    7.79264E-02    1.61449E+00    2.29490E+00    1.85569E+00
    8.07781E+01    2.68867E+03    3.72464E+01    2.42794E+02    3.38330E-01   -5.52786E-01    1.80992E-01    1.72836E+00    2.48173E+00    2.29490E+00
    8.21487E+01    2.71848E+03    2.98160E+01    2.49232E+02    2.63341E-01   -5.06819E-01    8.04718E-02    1.63367E+00    2.33220E+00    1.89129E+00
    8.35347E+01    2.75781E+03    3.93292E+01    2.52507E+02    3.37783E-01   -5.52249E-01    1.81119E-01    1.74582E+00    2.51556E+00    2.33220E+00
    8.49364E+01    2.78919E+03    3.13771E+01    2.59166E+02    2.62077E-01   -5.05820E-01    7.88827E-02    1.64774E+00    2.36074E+00    1.90893E+00
    8.63540E+01    2.83065E+03    4.14578E+01    2.62552E+02    3.36786E-01   -5.52180E-01    1.78558E-01    1.76284E+00    2.54997E+00    2.36074E+00
    8.77875E+01    2.86545E+03    3.48078E+01    2.69440E+02    2.75038E-01   -5.19092E-01    7.47096E-02    1.67834E+00    2.42668E+00    1.93420E+00
    8.92373E+01    2.89653E+03    3.10757E+01    2.76485E+02    2.38860E-01   -4.83745E-01    6.96470E-02    1.64099E+00    2.34625E+00    1.88492E+00
    9.07034E+01    2.93756E+03    4.10291E+01    2.80067E+02    3.06802E-01   -5.28190E-01    1.66786E-01    1.75549E+00    2.53424E+00    2.34625E+00
    9.21861E+01    2.97038E+03    3.28222E+01    2.87353E+02    2.38787E-01   -4.83386E-01    7.15881E-02    1.65776E+00    2.37851E+00    1.91709E+00
    9.36856E+01    3.01324E+03    4.28538E+01    2.91058E+02    3.03352E-01   -5.25109E-01    1.66171E-01    1.76975E+00    2.56156E+00    2.37851E+00
    9.52020E+01    3.04723E+03    3.39987E+01    2.98594E+02    2.34189E-01   -4.78838E-01    7.00173E-02    1.66752E+00    2.39772E+00    1.92986E+00
    9.67356E+01    3.09144E+03    4.42058E+01    3.02425E+02    2.96322E-01   -5.19314E-01    1.63202E-01    1.77933E+00    2.58020E+00    2.39772E+00
    9.82864E+01    3.12637E+03    3.49293E+01    3.10220E+02    2.27870E-01   -4.72472E-01    6.81186E-02    1.67470E+00    2.41156E+00    1.93867E+00
    9.98548E+01    3.17155E+03    4.51800E+01    3.14183E+02    2.86871E-01   -5.11225E-01    1.59750E-01    1.78551E+00    2.59182E+00    2.41156E+00
    1.01441E+02    3.20661E+03    3.50616E+01    3.22244E+02    2.16695E-01   -4.60719E-01    6.65756E-02    1.67453E+00    2.40940E+00    1.94137E+00
    1.03045E+02    3.25049E+03    4.38755E+01    3.26343E+02    2.63964E-01   -4.89147E-01    1.57158E-01    1.77238E+00    2.56141E+00    2.40940E+00
    1.04667E+02    3.30218E+03    5.16945E+01    3.30489E+02    3.02763E-01   -5.21113E-01    1.76649E-01    1.83730E+00    2.68739E+00    2.56141E+00
    1.06308E+02    3.34148E+03    3.92939E+01    3.38921E+02    2.24053E-01   -4.68680E-01    6.62687E-02    1.71048E+00    2.48367E+00    1.98830E+00
    1.07967E+02    3.39198E+03    5.05017E+01    3.43208E+02    2.80366E-01   -5.06111E-01    1.55623E-01    1.82388E+00    2.66826E+00    2.48367E+00
    1.09645E+02    3.43173E+03    3.97508E+01    3.51929E+02    2.14876E-01   -4.59259E-01    6.29076E-02    1.71247E+00    2.48734E+00    1.98524E+00
    1.11341E+02    3.48278E+03    5.10508E+01    3.56364E+02    2.68718E-01   -4.95961E-01    1.50799E-01    1.82609E+00    2.67233E+00    2.48734E+00
    1.13057E+02    3.52244E+03    3.96623E+01    3.65384E+02    2.03305E-01   -4.46728E-01    6.11497E-02    1.71034E+00    2.48120E+00    1.98458E+00
    1.14793E+02    3.57180E+03    4.93589E+01    3.69970E+02    2.46400E-01   -4.73863E-01    1.47832E-01    1.81073E+00    2.63765E+00    2.48120E+00
    1.16547E+02    3.62961E+03    5.78134E+01    3.74609E+02    2.81083E-01   -5.03528E-01    1.65962E-01    1.87645E+00    2.76506E+00    2.63765E+00
    1.18322E+02    3.67355E+03    4.39375E+01    3.84044E+02    2.08065E-01   -4.52088E-01    6.06756E-02    1.74438E+00    2.55123E+00    2.02900E+00
    1.20117E+02    3.72953E+03    5.59834E+01    3.88841E+02    2.58229E-01   -4.86764E-01    1.45909E-01    1.85906E+00    2.73761E+00    2.55123E+00
    1.21932E+02    3.77289E+03    4.33568E+01    3.98599E+02    1.94809E-01   -4.37554E-01    5.79235E-02    1.73793E+00    2.53659E+00    2.01895E+00
    1.23768E+02    3.82657E+03    5.36769E+01    4.03561E+02    2.34947E-01   -4.63436E-01    1.42037E-01    1.83968E+00    2.69514E+00    2.53659E+00
    1.25624E+02    3.88904E+03    6.24734E+01    4.08579E+02    2.66399E-01   -4.90958E-01    1.59245E-01    1.90498E+00    2.82149E+00    2.69514E+00
    1.27501E+02    3.93581E+03    4.67668E+01    4.18786E+02    1.94291E-01   -4.37002E-01    5.76235E-02    1.76370E+00    2.58870E+00    2.05612E+00
    1.29400E+02    3.99347E+03    5.76657E+01    4.23976E+02    2.33417E-01   -4.62201E-01    1.40667E-01    1.86679E+00    2.74922E+00    2.58870E+00
    1.31320E+02    4.06049E+03    6.70165E+01    4.29225E+02    2.64314E-01   -4.89502E-01    1.57168E-01    1.93351E+00    2.87863E+00    2.74922E+00
    1.33262E+02    4.11145E+03    5.09615E+01    4.39901E+02    1.95851E-01   -4.39018E-01    5.58131E-02    1.79382E+00    2.65104E+00    2.09007E+00
    1.35225E+02    4.17599E+03    6.45429E+01    4.45329E+02    2.41713E-01   -4.72022E-01    1.37507E-01    1.91290E+00    2.84498E+00    2.65104E+00
    1.37211E+02    4.22610E+03    5.01079E+01    4.56371E+02    1.82872E-01   -4.24321E-01    5.31389E-02    1.78577E+00    2.63312E+00    2.07750E+00
    1.39219E+02    4.28782E+03    6.17181E+01    4.61986E+02    2.19514E-01   -4.49072E-01    1.33601E-01    1.89137E+00    2.79828E+00    2.63312E+00
    1.41250E+02    4.35926E+03    7.14419E+01    4.67664E+02    2.47647E-01   -4.74618E-01    1.49616E-01    1.95822E+00    2.92756E+00    2.79828E+00
    1.43304E+02    4.41278E+03    5.35193E+01    4.79214E+02    1.80818E-01   -4.21941E-01    5.27619E-02    1.80969E+00    2.68118E+00    2.11267E+00
    1.45381E+02    4.47830E+03    6.55149E+01    4.85087E+02    2.15745E-01   -4.45361E-01    1.31907E-01    1.91516E+00    2.84542E+00    2.68118E+00
    1.47482E+02    4.55371E+03    7.54136E+01    4.91026E+02    2.42070E-01   -4.69478E-01    1.47176E-01    1.98107E+00    2.97279E+00    2.84542E+00
    1.49606E+02    4.60970E+03    5.59885E+01    5.03107E+02    1.75186E-01   -4.15373E-01    5.14927E-02    1.82570E+00    2.71304E+00    2.13499E+00
    1.51754E+02    4.67746E+03    6.77578E+01    5.09249E+02    2.06675E-01   -4.35842E-01    1.29292E-01    1.92769E+00    2.86928E+00    2.71304E+00
    1.53927E+02    4.75312E+03    7.56654E+01    5.15462E+02    2.24995E-01   -4.51692E-01    1.44808E-01    1.97974E+00    2.96659E+00    2.86928E+00
    1.56124E+02    4.83773E+03    8.46089E+01    5.21744E+02    2.45276E-01   -4.71973E-01    1.50059E-01    2.03439E+00    3.07720E+00    2.96659E+00
    1.58346E+02    4.90010E+03    6.23737E+01    5.34523E+02    1.76288E-01   -4.16793E-01    5.07131E-02    1.86756E+00    2.79886E+00    2.18976E+00
    1.60593E+02    4.97600E+03    7.58974E+01    5.41021E+02    2.09146E-01   -4.39077E-01    1.27895E-01    1.97710E+00    2.96929E+00    2.79886E+00
    1.62866E+02    5.06291E+03    8.69065E+01    5.47592E+02    2.33503E-01   -4.61803E-01    1.42272E-01    2.04482E+00    3.10015E+00    2.96929E+00
    1.65164E+02    5.12743E+03    6.45197E+01    5.60958E+02    1.69031E-01   -4.08224E-01    4.88277E-02    1.87989E+00    2.82332E+00    2.20438E+00
    1.67488E+02    5.20521E+03    7.77873E+01    5.67755E+02    1.98717E-01   -4.28027E-01    1.24539E-01    1.98634E+00    2.98671E+00    2.82332E+00
    1.69838E+02    5.29176E+03    8.65491E+01    5.74628E+02    2.15604E-01   -4.42941E-01    1.39309E-01    2.03988E+00    3.08681E+00    2.98671E+00
    1.72215E+02    5.38812E+03    9.63537E+01    5.81579E+02    2.34071E-01   -4.61818E-01    1.44204E-01    2.09564E+00    3.19952E+00    3.08681E+00
    1.74619E+02    5.45878E+03    7.06598E+01    5.95718E+02    1.67398E-01   -4.06315E-01    4.80277E-02    1.91726E+00    2.89944E+00    2.25487E+00
    1.77050E+02    5.54369E+03    8.49174E+01    6.02907E+02    1.96196E-01   -4.25570E-01    1.22827E-01    2.02626E+00    3.06662E+00    2.89944E+00
    1.79508E+02    5.63795E+03    9.42564E+01    6.10178E+02    2.12391E-01   -4.39983E-01    1.37133E-01    2.08072E+00    3.16846E+00    3.06662E+00
    1.81994E+02    5.74268E+03    1.04726E+02    6.17531E+02    2.30158E-01   -4.58318E-01    1.41782E-01    2.13761E+00    3.28349E+00    3.16846E+00
    1.84509E+02    5.81955E+03    7.68768E+01    6.32487E+02    1.64789E-01   -4.03238E-01    4.67778E-02    1.95316E+00    2.97272E+00    2.30100E+00
    1.87052E+02    5.91181E+03    9.22598E+01    6.40091E+02    1.92895E-01   -4.22304E-01    1.20641E-01    2.06551E+00    3.14534E+00    2.97272E+00
    1.89623E+02    6.01410E+03    1.02291E+02    6.47782E+02    2.08610E-01   -4.36444E-01    1.34634E-01    2.12147E+00    3.25007E+00    3.14534E+00
    1.92223E+02    6.12762E+03    1.13519E+02    6.55560E+02    2.25824E-01   -4.54381E-01    1.39148E-01    2.17990E+00    3.36816E+00    3.25007E+00
    1.94853E+02    6.21110E+03    8.34793E+01    6.71380E+02    1.61995E-01   -3.99905E-01    4.55057E-02    1.98976E+00    3.04737E+00    2.34769E+00
    1.97513E+02    6.31116E+03    1.00056E+02    6.79424E+02    1.89407E-01   -4.18793E-01    1.18404E-01    2.10553E+00    3.22562E+00    3.04737E+00
    2.00203E+02    6.42197E+03    1.10813E+02    6.87560E+02    2.04640E-01   -4.32657E-01    1.32093E-01    2.16301E+00    3.33325E+00    3.22562E+00
    2.02923E+02    6.54480E+03    1.22825E+02    6.95787E+02    2.21282E-01   -4.50172E-01    1.36481E-01    2.22294E+00    3.45432E+00    3.33325E+00
    2.05673E+02    6.63524E+03    9.04400E+01    7.12521E+02    1.58961E-01   -3.96237E-01    4.42493E-02    2.02683E+00    3.12292E+00    2.39499E+00
    2.08455E+02    6.74346E+03    1.08219E+02    7.21030E+02    1.85575E-01   -4.14836E-01    1.16129E-01    2.14579E+00    3.30630E+00    3.12292E+00
    2.11269E+02    6.86311E+03    1.19650E+02    7.29636E+02    2.00183E-01   -4.28269E-01    1.29495E-01    2.20439E+00    3.41601E+00    3.30630E+00
    2.14114E+02    6.99543E+03    1.32328E+02    7.38338E+02    2.16012E-01   -4.45113E-01    1.33738E-01    2.26514E+00    3.53865E+00    3.41601E+00
    2.16991E+02    7.09259E+03    9.71590E+01    7.56040E+02    1.54750E-01   -3.91020E-01    4.30473E-02    2.06116E+00    3.19254E+00    2.44002E+00
    2.19901E+02    7.20820E+03    1.15602E+02    7.65041E+02    1.79659E-01   -4.08325E-01    1.13709E-01    2.18048E+00    3.37529E+00    3.19254E+00
    2.22843E+02    7.33465E+03    1.26455E+02    7.74144E+02    1.91763E-01   -4.19159E-01    1.26761E-01    2.23431E+00    3.47467E+00    3.37529E+00
    2.25819E+02    7.47057E+03    1.35921E+02    7.83349E+02    2.01130E-01   -4.28789E-01    1.31414E-01    2.27845E+00    3.56165E+00    3.47467E+00
    2.28829E+02    7.61912E+03    1.48551E+02    7.92659E+02    2.14504E-01   -4.43562E-01    1.33252E-01    2.33499E+00    3.67740E+00    3.56165E+00
    2.31872E+02    7.72734E+03    1.08216E+02    8.11595E+02    1.52487E-01   -3.88207E-01    4.22116E-02    2.11576E+00    3.30392E+00    2.51318E+00
    2.34950E+02    7.85551E+03    1.28168E+02    8.21224E+02    1.76243E-01   -4.04611E-01    1.11948E-01    2.23804E+00    3.49040E+00    3.30392E+00
    2.38063E+02    7.99487E+03    1.39365E+02    8.30961E+02    1.87021E-01   -4.14122E-01    1.24598E-01    2.29067E+00    3.58695E+00    3.49040E+00
    2.41211E+02    8.14312E+03    1.48245E+02    8.40809E+02    1.94148E-01   -4.21291E-01    1.29083E-01    2.33000E+00    3.66362E+00    3.58695E+00
    2.44394E+02    8.30073E+03    1.57614E+02    8.50768E+02    2.01453E-01   -4.29183E-01    1.31358E-01    2.37006E+00    3.74401E+00    3.66362E+00
    2.47614E+02    8.47205E+03    1.71318E+02    8.60839E+02    2.13706E-01   -4.42959E-01    1.32263E-01    2.42682E+00    3.86090E+00    3.74401E+00
    2.50870E+02    8.59684E+03    1.24794E+02    8.81325E+02    1.51934E-01   -3.87588E-01    4.13421E-02    2.19281E+00    3.46181E+00    2.61389E+00
    2.54162E+02    8.74465E+03    1.47808E+02    8.91741E+02    1.75637E-01   -4.04254E-01    1.10528E-01    2.32333E+00    3.66185E+00    3.46181E+00
    2.57492E+02    8.90577E+03    1.61123E+02    9.02276E+02    1.86872E-01   -4.14441E-01    1.22924E-01    2.38138E+00    3.76914E+00    3.66185E+00
    2.60859E+02    9.07847E+03    1.72700E+02    9.12929E+02    1.95504E-01   -4.23461E-01    1.27218E-01    2.42897E+00    3.86295E+00    3.76914E+00
    2.64265E+02    9.26669E+03    1.88213E+02    9.23703E+02    2.07969E-01   -4.37456E-01    1.28849E-01    2.49027E+00    3.98838E+00    3.86295E+00
    2.67709E+02    9.40417E+03    1.37480E+02    9.45618E+02    1.48282E-01   -3.82981E-01    4.00879E-02    2.24796E+00    3.57434E+00    2.68475E+00
    2.71192E+02    9.56655E+03    1.62383E+02    9.56761E+02    1.70959E-01   -3.99070E-01    1.08177E-01    2.38238E+00    3.78010E+00    3.57434E+00
    2.74714E+02    9.74273E+03    1.76180E+02    9.68030E+02    1.81061E-01   -4.08157E-01    1.20289E-01    2.43969E+00    3.88539E+00    3.78010E+00
    2.78276E+02    9.92976E+03    1.87025E+02    9.79426E+02    1.87626E-01   -4.14877E-01    1.24513E-01    2.48223E+00    3.96834E+00    3.88539E+00
    2.81878E+02    1.01282E+04    1.98396E+02    9.90952E+02    1.94295E-01   -4.22212E-01    1.26617E-01    2.52535E+00    4.05482E+00    3.96834E+00
    2.85521E+02    1.03431E+04    2.14989E+02    1.00261E+03    2.05536E-01   -4.35088E-01    1.27413E-01    2.58635E+00    4.18028E+00    4.05482E+00
    2.89205E+02    1.04997E+04    1.56534E+02    1.02631E+03    1.46094E-01   -3.80209E-01    3.91848E-02    2.32674E+00    3.73536E+00    2.78862E+00
    2.92931E+02    1.06840E+04    1.84312E+02    1.03837E+03    1.67934E-01   -3.95743E-01    1.06400E-01    2.46702E+00    3.94976E+00    3.73536E+00
    2.96699E+02    1.08832E+04    1.99252E+02    1.05056E+03    1.77237E-01   -4.04069E-01    1.18175E-01    2.52515E+00    4.05619E+00    3.94976E+00
    3.00509E+02    1.10937E+04    2.10419E+02    1.06289E+03    1.82732E-01   -4.09629E-01    1.22215E-01    2.56623E+00    4.13587E+00    4.05619E+00
    3.04363E+02    1.13147E+04    2.21027E+02    1.07536E+03    1.87397E-01   -4.14680E-01    1.24248E-01    2.60401E+00    4.21097E+00    4.13587E+00
    3.08260E+02    1.15479E+04    2.33199E+02    1.08797E+03    1.93036E-01   -4.21056E-01    1.25490E-01    2.64630E+00    4.29640E+00    4.21097E+00
    3.12201E+02    1.17997E+04    2.51812E+02    1.10072E+03    2.03512E-01   -4.33207E-01    1.25872E-01    2.70924E+00    4.42614E+00    4.29640E+00
    3.16187E+02    1.19829E+04    1.83237E+02    1.12666E+03    1.44590E-01   -3.78316E-01    3.83017E-02    2.42954E+00    3.94584E+00    2.92347E+00
    3.20217E+02    1.21983E+04    2.15382E+02    1.13985E+03    1.65941E-01   -3.93646E-01    1.04803E-01    2.57903E+00    4.17461E+00    3.94584E+00
    3.24294E+02    1.24308E+04    2.32532E+02    1.15318E+03    1.74925E-01   -4.01743E-01    1.16311E-01    2.64059E+00    4.28738E+00    4.17461E+00
    3.28416E+02    1.26761E+04    2.45301E+02    1.16667E+03    1.80179E-01   -4.07097E-01    1.20213E-01    2.68398E+00    4.37157E+00    4.28738E+00
    3.32585E+02    1.29336E+04    2.57412E+02    1.18031E+03    1.84619E-01   -4.11943E-01    1.22155E-01    2.72386E+00    4.45084E+00    4.37157E+00
    3.36801E+02    1.32049E+04    2.71307E+02    1.19411E+03    1.90001E-01   -4.18081E-01    1.23328E-01    2.76851E+00    4.54103E+00    4.45084E+00
    3.41064E+02    1.34974E+04    2.92575E+02    1.20806E+03    2.00074E-01   -4.29861E-01    1.23664E-01    2.83504E+00    4.67810E+00    4.54103E+00
    3.45376E+02    1.37105E+04    2.13063E+02    1.23644E+03    1.42273E-01   -3.75342E-01    3.73096E-02    2.53581E+00    4.16330E+00    3.06220E+00
    3.49737E+02    1.39605E+04    2.49948E+02    1.25087E+03    1.62981E-01   -3.90363E-01    1.02945E-01    2.69445E+00    4.40620E+00    4.16330E+00
    3.54147E+02    1.42297E+04    2.69268E+02    1.26546E+03    1.71455E-01   -3.98019E-01    1.14177E-01    2.75867E+00    4.52371E+00    4.40620E+00
    3.58606E+02    1.45130E+04    2.83239E+02    1.28022E+03    1.76118E-01   -4.02751E-01    1.17938E-01    2.80270E+00    4.60891E+00    4.52371E+00
    3.63116E+02    1.48088E+04    2.95840E+02    1.29514E+03    1.79639E-01   -4.06560E-01    1.19783E-01    2.84121E+00    4.68510E+00    4.60891E+00
    3.67677E+02    1.51177E+04    3.08914E+02    1.31023E+03    1.83181E-01   -4.10555E-01    1.20934E-01    2.88026E+00    4.76331E+00    4.68510E+00
    3.72290E+02    1.54423E+04    3.24605E+02    1.32550E+03    1.87976E-01   -4.16125E-01    1.21723E-01    2.92616E+00    4.85632E+00    4.76331E+00
    3.76954E+02    1.57916E+04    3.49239E+02    1.34093E+03    1.97507E-01   -4.27387E-01    1.21853E-01    2.99644E+00    5.00124E+00    4.85632E+00
    3.81672E+02    1.60460E+04    2.54433E+02    1.37233E+03    1.40525E-01   -3.73094E-01    3.64072E-02    2.67173E+00    4.44163E+00    3.24006E+00
    3.86442E+02    1.63440E+04    2.98023E+02    1.38830E+03    1.60751E-01   -3.87933E-01    1.01285E-01    2.84267E+00    4.70376E+00    4.44163E+00
    3.91267E+02    1.66647E+04    3.20679E+02    1.40444E+03    1.68930E-01   -3.95382E-01    1.12264E-01    2.91146E+00    4.82972E+00    4.70376E+00
    3.96146E+02    1.70017E+04    3.36984E+02    1.42077E+03    1.73374E-01   -3.99926E-01    1.15900E-01    2.95847E+00    4.92070E+00    4.82972E+00
    4.01080E+02    1.73533E+04    3.51651E+02    1.43728E+03    1.76697E-01   -4.03550E-01    1.17663E-01    2.99950E+00    5.00189E+00    4.92070E+00
    4.06070E+02    1.77202E+04    3.66842E+02    1.45398E+03    1.80031E-01   -4.07344E-01    1.18749E-01    3.04105E+00    5.08511E+00    5.00189E+00
    4.11116E+02    1.81052E+04    3.85060E+02    1.47087E+03    1.84567E-01   -4.12663E-01    1.19481E-01    3.08989E+00    5.18403E+00    5.08511E+00
    4.16220E+02    1.85189E+04    4.13699E+02    1.48795E+03    1.93674E-01   -4.23529E-01    1.19571E-01    3.16475E+00    5.33833E+00    5.18403E+00
    4.21381E+02    1.88204E+04    3.01518E+02    1.52269E+03    1.37869E-01   -3.69614E-01    3.54232E-02    2.81359E+00    4.73190E+00    3.42541E+00
    4.26600E+02    1.91729E+04    3.52420E+02    1.54035E+03    1.57394E-01   -3.84087E-01    9.93531E-02    2.99653E+00    5.01249E+00    4.73190E+00
    4.31879E+02    1.95512E+04    3.78334E+02    1.55821E+03    1.65037E-01   -3.91061E-01    1.10039E-01    3.06875E+00    5.14450E+00    5.01249E+00
    4.37217E+02    1.99476E+04    3.96421E+02    1.57628E+03    1.68907E-01   -3.94995E-01    1.13517E-01    3.11666E+00    5.23699E+00    5.14450E+00
    4.42615E+02    2.03596E+04    4.11958E+02    1.59455E+03    1.71449E-01   -3.97729E-01    1.15155E-01    3.15665E+00    5.31578E+00    5.23699E+00
    4.48074E+02    2.07864E+04    4.26845E+02    1.61303E+03    1.73520E-01   -4.00043E-01    1.16129E-01    3.19414E+00    5.39036E+00    5.31578E+00
    4.53595E+02    2.12286E+04    4.42196E+02    1.63171E+03    1.75588E-01   -4.02421E-01    1.16814E-01    3.23209E+00    5.46634E+00    5.39036E+00
    4.59179E+02    2.16879E+04    4.59252E+02    1.65061E+03    1.78131E-01   -4.05411E-01    1.17356E-01    3.27355E+00    5.54984E+00    5.46634E+00
    4.64825E+02    2.21684E+04    4.80551E+02    1.66972E+03    1.82070E-01   -4.10122E-01    1.17770E-01    3.32445E+00    5.65321E+00    5.54984E+00
    4.70535E+02    2.26834E+04    5.14931E+02    1.68904E+03    1.90575E-01   -4.20393E-01    1.17663E-01    3.40471E+00    5.81876E+00    5.65321E+00
    4.76310E+02    2.30585E+04    3.75120E+02    1.72835E+03    1.35615E-01   -3.66638E-01    3.45230E-02    3.01477E+00    5.14394E+00    3.68949E+00
    4.82150E+02    2.34961E+04    4.37585E+02    1.74834E+03    1.54536E-01   -3.80808E-01    9.75742E-02    3.21540E+00    5.45185E+00    5.14394E+00
    4.88056E+02    2.39650E+04    4.68951E+02    1.76855E+03    1.61781E-01   -3.87456E-01    1.07974E-01    3.29365E+00    5.59485E+00    5.45185E+00
    4.94029E+02    2.44556E+04    4.90558E+02    1.78899E+03    1.65320E-01   -3.91065E-01    1.11303E-01    3.34497E+00    5.69385E+00    5.59485E+00
    5.00069E+02    2.49644E+04    5.08864E+02    1.80967E+03    1.67525E-01   -3.93439E-01    1.12834E-01    3.38726E+00    5.77709E+00    5.69385E+00
    5.06178E+02    2.54905E+04    5.26093E+02    1.83057E+03    1.69195E-01   -3.95303E-01    1.13715E-01    3.42623E+00    5.85452E+00    5.77709E+00
    5.12356E+02    2.60339E+04    5.43368E+02    1.85172E+03    1.70715E-01   -3.97049E-01    1.14311E-01    3.46462E+00    5.93120E+00    5.85452E+00
    5.18603E+02    2.65955E+04    5.61626E+02    1.87310E+03    1.72378E-01   -3.99005E-01    1.14772E-01    3.50455E+00    6.01129E+00    5.93120E+00
    5.24921E+02    2.71777E+04    5.82219E+02    1.89472E+03    1.74575E-01   -4.01638E-01    1.15161E-01    3.54889E+00    6.10069E+00    6.01129E+00
    5.31310E+02    2.77860E+04    6.08214E+02    1.91659E+03    1.78163E-01   -4.05994E-01    1.15462E-01    3.60397E+00    6.21259E+00    6.10069E+00
    5.37772E+02    2.84365E+04    6.50582E+02    1.93871E+03    1.86180E-01   -4.15802E-01    1.15277E-01    3.69169E+00    6.39352E+00    6.21259E+00
    5.44306E+02    2.89106E+04    4.74085E+02    1.98369E+03    1.32544E-01   -3.62520E-01    3.35207E-02    3.25624E+00    5.63847E+00    4.00594E+00
    5.50915E+02    2.94626E+04    5.52004E+02    2.00656E+03    1.50774E-01   -3.76366E-01    9.55130E-02    3.47817E+00    5.97933E+00    5.63847E+00
    5.57598E+02    3.00532E+04    5.90576E+02    2.02970E+03    1.57595E-01   -3.82677E-01    1.05611E-01    3.56364E+00    6.13548E+00    5.97933E+00
    5.64357E+02    3.06699E+04    6.16748E+02    2.05309E+03    1.60791E-01   -3.85948E-01    1.08791E-01    3.61894E+00    6.24208E+00    6.13548E+00
    5.71192E+02    3.13085E+04    6.38564E+02    2.07675E+03    1.62649E-01   -3.87946E-01    1.10213E-01    3.66382E+00    6.33033E+00    6.24208E+00
    5.78104E+02    3.19672E+04    6.58686E+02    2.10067E+03    1.63916E-01   -3.89353E-01    1.10997E-01    3.70439E+00    6.41081E+00    6.33033E+00
    5.85094E+02    3.26455E+04    6.78299E+02    2.12487E+03    1.64916E-01   -3.90493E-01    1.11496E-01    3.74327E+00    6.48829E+00    6.41081E+00
    5.92163E+02    3.33436E+04    6.98122E+02    2.14934E+03    1.65836E-01   -3.91567E-01    1.11853E-01    3.78197E+00    6.56564E+00    6.48829E+00
    5.99313E+02    3.40624E+04    7.18796E+02    2.17408E+03    1.66825E-01   -3.92747E-01    1.12138E-01    3.82176E+00    6.64536E+00    6.56564E+00
    6.06543E+02    3.48036E+04    7.41167E+02    2.19911E+03    1.68067E-01   -3.94253E-01    1.12391E-01    3.86422E+00    6.73068E+00    6.64536E+00
    6.13854E+02    3.55704E+04    7.66802E+02    2.22441E+03    1.69890E-01   -3.96490E-01    1.12627E-01    3.91220E+00    6.82750E+00    6.73068E+00
    6.21249E+02    3.63700E+04    7.99570E+02    2.25001E+03    1.73085E-01   -4.00449E-01    1.12808E-01    3.97258E+00    6.95027E+00    6.82750E+00
    6.28727E+02    3.72236E+04    8.53624E+02    2.27589E+03    1.80548E-01   -4.09736E-01    1.12539E-01    4.06998E+00    7.15115E+00    6.95027E+00
    6.36289E+02    3.78456E+04    6.22071E+02    2.32854E+03    1.28557E-01   -3.57078E-01    3.24292E-02    3.57417E+00    6.28971E+00    4.42302E+00
    6.43937E+02    3.85686E+04    7.22935E+02    2.35531E+03    1.45977E-01   -3.70543E-01    9.31407E-02    3.82417E+00    6.67394E+00    6.28971E+00
    6.51671E+02    3.93407E+04    7.72157E+02    2.38238E+03    1.52344E-01   -3.76504E-01    1.02901E-01    3.91925E+00    6.84759E+00    6.67394E+00
    6.59493E+02    4.01458E+04    8.05105E+02    2.40976E+03    1.55207E-01   -3.79457E-01    1.05920E-01    3.98004E+00    6.96470E+00    6.84759E+00
    6.67403E+02    4.09781E+04    8.32231E+02    2.43745E+03    1.56763E-01   -3.81136E-01    1.07232E-01    4.02882E+00    7.06056E+00    6.96470E+00
    6.75402E+02    4.18350E+04    8.56938E+02    2.46545E+03    1.57723E-01   -3.82199E-01    1.07922E-01    4.07241E+00    7.14696E+00    7.06056E+00
    6.83492E+02    4.27157E+04    8.80670E+02    2.49376E+03    1.58383E-01   -3.82946E-01    1.08330E-01    4.11361E+00    7.22897E+00    7.14696E+00
    6.91673E+02    4.36199E+04    9.04195E+02    2.52240E+03    1.58895E-01   -3.83539E-01    1.08595E-01    4.15386E+00    7.30931E+00    7.22897E+00
    6.99947E+02    4.45479E+04    9.28043E+02    2.55136E+03    1.59357E-01   -3.84088E-01    1.08781E-01    4.19411E+00    7.38979E+00    7.30931E+00
    7.08314E+02    4.55006E+04    9.52703E+02    2.58065E+03    1.59853E-01   -3.84692E-01    1.08926E-01    4.23520E+00    7.47207E+00    7.38979E+00
    7.16776E+02    4.64794E+04    9.78793E+02    2.61027E+03    1.60478E-01   -3.85468E-01    1.09052E-01    4.27813E+00    7.55817E+00    7.47207E+00
    7.25333E+02    4.74867E+04    1.00731E+03    2.64022E+03    1.61382E-01   -3.86603E-01    1.09177E-01    4.32445E+00    7.65133E+00    7.55817E+00
    7.33987E+02    4.85270E+04    1.04026E+03    2.67052E+03    1.62855E-01   -3.88469E-01    1.09303E-01    4.37729E+00    7.75800E+00    7.65133E+00
    7.42739E+02    4.96097E+04    1.08276E+03    2.70115E+03    1.65639E-01   -3.92013E-01    1.09387E-01    4.44443E+00    7.89452E+00    7.75800E+00
    7.51590E+02    5.07634E+04    1.15364E+03    2.73213E+03    1.72456E-01   -4.00706E-01    1.09045E-01    4.55396E+00    8.12042E+00    7.89452E+00
    7.60540E+02    5.16038E+04    8.40437E+02    2.79515E+03    1.22770E-01   -3.48998E-01    3.11424E-02    3.98042E+00    7.12176E+00    4.95614E+00
    7.69592E+02    5.25785E+04    9.74658E+02    2.82719E+03    1.39130E-01   -3.61947E-01    9.01356E-02    4.26583E+00    7.56053E+00    7.12176E+00
    7.78746E+02    5.36175E+04    1.03904E+03    2.85960E+03    1.44939E-01   -3.67480E-01    9.94859E-02    4.37271E+00    7.75558E+00    7.56053E+00
    7.88004E+02    5.46989E+04    1.08142E+03    2.89237E+03    1.47412E-01   -3.70059E-01    1.02317E-01    4.44000E+00    7.88511E+00    7.75558E+00
    7.97366E+02    5.58147E+04    1.11579E+03    2.92551E+03    1.48632E-01   -3.71375E-01    1.03500E-01    4.49328E+00    7.98970E+00    7.88511E+00
    8.06834E+02    5.69614E+04    1.14666E+03    2.95902E+03    1.49265E-01   -3.72064E-01    1.04082E-01    4.54027E+00    8.08277E+00    7.98970E+00
    8.16409E+02    5.81373E+04    1.17589E+03    2.99292E+03    1.49584E-01   -3.72408E-01    1.04388E-01    4.58410E+00    8.16993E+00    8.08277E+00
    8.26092E+02    5.93417E+04    1.20439E+03    3.02720E+03    1.49722E-01   -3.72547E-01    1.04550E-01    4.62625E+00    8.25396E+00    8.16993E+00
    8.35885E+02    6.05743E+04    1.23268E+03    3.06186E+03    1.49752E-01   -3.72566E-01    1.04627E-01    4.66758E+00    8.33646E+00    8.25396E+00
    8.45788E+02    6.18355E+04    1.26112E+03    3.09692E+03    1.49721E-01   -3.72517E-01    1.04654E-01    4.70862E+00    8.41848E+00    8.33646E+00
    8.55803E+02    6.31255E+04    1.28999E+03    3.13237E+03    1.49665E-01   -3.72443E-01    1.04649E-01    4.74981E+00    8.50085E+00    8.41848E+00
    8.65932E+02    6.44450E+04    1.31957E+03    3.16823E+03    1.49615E-01   -3.72382E-01    1.04627E-01    4.79152E+00    8.58433E+00    8.50085E+00
    8.76174E+02    6.57952E+04    1.35017E+03    3.20448E+03    1.49605E-01   -3.72377E-01    1.04595E-01    4.83421E+00    8.66983E+00    8.58433E+00
    8.86533E+02    6.71774E+04    1.38226E+03    3.24115E+03    1.49680E-01   -3.72486E-01    1.04564E-01    4.87848E+00    8.75857E+00    8.66983E+00
    8.97009E+02    6.85940E+04    1.41655E+03    3.27824E+03    1.49908E-01   -3.72799E-01    1.04540E-01    4.92526E+00    8.85249E+00    8.75857E+00
    9.07603E+02    7.00484E+04    1.45436E+03    3.31574E+03    1.50413E-01   -3.73479E-01    1.04529E-01    4.97627E+00    8.95513E+00    8.85249E+00
    9.18316E+02    7.15468E+04    1.49847E+03    3.35366E+03    1.51455E-01   -3.74872E-01    1.04530E-01    5.03506E+00    9.07388E+00    8.95513E+00
    9.29151E+02    7.31029E+04    1.55605E+03    3.39202E+03    1.53704E-01   -3.77868E-01    1.04498E-01    5.11074E+00    9.22784E+00    9.07388E+00
    9.40108E+02    7.47566E+04    1.65369E+03    3.43080E+03    1.59641E-01   -3.85760E-01    1.04069E-01    5.23635E+00    9.48694E+00    9.22784E+00
    9.51189E+02    7.59596E+04    1.20301E+03    3.50970E+03    1.13499E-01   -3.35606E-01    2.94546E-02    4.55130E+00    8.29103E+00    5.70668E+00
    9.62395E+02    7.73512E+04    1.39159E+03    3.54982E+03    1.28312E-01   -3.47768E-01    8.58447E-02    4.88565E+00    8.80470E+00    8.29103E+00
    9.73728E+02    7.88312E+04    1.48003E+03    3.59039E+03    1.33371E-01   -3.52726E-01    9.46338E-02    5.00825E+00    9.02809E+00    8.80470E+00
    9.85189E+02    8.03681E+04    1.53694E+03    3.63142E+03    1.35358E-01   -3.54834E-01    9.72184E-02    5.08387E+00    9.17343E+00    9.02809E+00
    9.96779E+02    8.19504E+04    1.58225E+03    3.67291E+03    1.36190E-01   -3.55723E-01    9.82399E-02    5.14273E+00    9.28887E+00    9.17343E+00
    1.00850E+03    8.35727E+04    1.62235E+03    3.71487E+03    1.36476E-01   -3.56001E-01    9.86898E-02    5.19395E+00    9.39021E+00    9.28887E+00
    1.02035E+03    8.52326E+04    1.65983E+03    3.75731E+03    1.36465E-01   -3.55933E-01    9.88772E-02    5.24117E+00    9.48404E+00    9.39021E+00
    1.03234E+03    8.69285E+04    1.69595E+03    3.80022E+03    1.36275E-01   -3.55653E-01    9.89246E-02    5.28609E+00    9.57354E+00    9.48404E+00
    1.04447E+03    8.86599E+04    1.73138E+03    3.84362E+03    1.35971E-01   -3.55235E-01    9.88894E-02    5.32967E+00    9.66046E+00    9.57354E+00
    1.05673E+03    9.04264E+04    1.76654E+03    3.88751E+03    1.35590E-01   -3.54723E-01    9.88016E-02    5.37245E+00    9.74587E+00    9.66046E+00
    1.06912E+03    9.22282E+04    1.80171E+03    3.93190E+03    1.35159E-01   -3.54149E-01    9.86787E-02    5.41479E+00    9.83047E+00    9.74587E+00
    1.08166E+03    9.40653E+04    1.83710E+03    3.97679E+03    1.34694E-01   -3.53533E-01    9.85316E-02    5.45698E+00    9.91479E+00    9.83047E+00
    1.09434E+03    9.59381E+04    1.87290E+03    4.02218E+03    1.34211E-01   -3.52895E-01    9.83679E-02    5.49923E+00    9.99928E+00    9.91479E+00
    1.10717E+03    9.78474E+04    1.90928E+03    4.06809E+03    1.33723E-01   -3.52251E-01    9.81929E-02    5.54177E+00    1.00844E+01    9.99928E+00
    1.12014E+03    9.97939E+04    1.94646E+03    4.11452E+03    1.33243E-01   -3.51620E-01    9.80112E-02    5.58482E+00    1.01705E+01    1.00844E+01
    1.13325E+03    1.01779E+05    1.98470E+03    4.16147E+03    1.32787E-01   -3.51023E-01    9.78268E-02    5.62868E+00    1.02583E+01    1.01705E+01
    1.14652E+03    1.03803E+05    2.02439E+03    4.20895E+03    1.32380E-01   -3.50493E-01    9.76438E-02    5.67377E+00    1.03487E+01    1.02583E+01
    1.15993E+03    1.05869E+05    2.06610E+03    4.25697E+03    1.32053E-01   -3.50077E-01    9.74664E-02    5.72073E+00    1.04428E+01    1.03487E+01
    1.17349E+03    1.07980E+05    2.11085E+03    4.30553E+03    1.31864E-01   -3.49852E-01    9.72993E-02    5.77061E+00    1.05430E+01    1.04428E+01
    1.18721E+03    1.10140E+05    2.16048E+03    4.35464E+03    1.31914E-01   -3.49967E-01    9.71467E-02    5.82541E+00    1.06533E+01    1.05430E+01
    1.20109E+03    1.12359E+05    2.21898E+03    4.40431E+03    1.32425E-01   -3.50734E-01    9.70059E-02    5.88932E+00    1.07825E+01    1.06533E+01
    1.21512E+03    1.14656E+05    2.29670E+03    4.45454E+03    1.33966E-01   -3.52972E-01    9.68347E-02    5.97316E+00    1.09532E+01    1.07825E+01
    1.22930E+03    1.17088E+05    2.43209E+03    4.50533E+03    1.38659E-01   -3.59702E-01    9.63018E-02    6.11630E+00    1.12486E+01    1.09532E+01
    1.24365E+03    1.18851E+05    1.76279E+03    4.60865E+03    9.82314E-02   -3.12253E-01    2.70125E-02    5.28257E+00    9.78822E+00    6.67015E+00
    1.25816E+03    1.20883E+05    2.03191E+03    4.66118E+03    1.10671E-01   -3.23120E-01    7.91517E-02    5.67642E+00    1.03916E+01    9.78822E+00
    1.27284E+03    1.23036E+05    2.15355E+03    4.71431E+03    1.14649E-01   -3.27204E-01    8.70995E-02    5.81575E+00    1.06445E+01    1.03916E+01
    1.28768E+03    1.25265E+05    2.22875E+03    4.76804E+03    1.15974E-01   -3.28626E-01    8.93287E-02    5.89850E+00    1.08030E+01    1.06445E+01
    1.30269E+03    1.27552E+05    2.28660E+03    4.82238E+03    1.16300E-01   -3.28904E-01    9.01205E-02    5.96086E+00    1.09250E+01    1.08030E+01
    1.31787E+03    1.29888E+05    2.33639E+03    4.87733E+03    1.16151E-01   -3.28605E-01    9.03858E-02    6.01371E+00    1.10293E+01    1.09250E+01
    1.33322E+03    1.32270E+05    2.38184E+03    4.93290E+03    1.15739E-01   -3.27972E-01    9.04078E-02    6.06137E+00    1.11239E+01    1.10293E+01
    1.34874E+03    1.34695E+05    2.42475E+03    4.98910E+03    1.15167E-01   -3.27128E-01    9.02986E-02    6.10588E+00    1.12125E+01    1.11239E+01
    1.36444E+03    1.37161E+05    2.46605E+03    5.04593E+03    1.14487E-01   -3.26140E-01    9.01102E-02    6.14831E+00    1.12970E+01    1.12125E+01
    1.38031E+03    1.39667E+05    2.50630E+03    5.10341E+03    1.13732E-01   -3.25047E-01    8.98699E-02    6.18927E+00    1.13787E+01    1.12970E+01
    1.39637E+03    1.42213E+05    2.54582E+03    5.16154E+03    1.12921E-01   -3.23874E-01    8.95932E-02    6.22915E+00    1.14583E+01    1.13787E+01
    1.41261E+03    1.44798E+05    2.58482E+03    5.22032E+03    1.12067E-01   -3.22637E-01    8.92895E-02    6.26819E+00    1.15362E+01    1.14583E+01
    1.42903E+03    1.47421E+05    2.62346E+03    5.27977E+03    1.11179E-01   -3.21348E-01    8.89649E-02    6.30655E+00    1.16128E+01    1.15362E+01
    1.44563E+03    1.50083E+05    2.66183E+03    5.33989E+03    1.10263E-01   -3.20014E-01    8.86236E-02    6.34435E+00    1.16883E+01    1.16128E+01
    1.46243E+03    1.52783E+05    2.70000E+03    5.40068E+03    1.09325E-01   -3.18643E-01    8.82683E-02    6.38167E+00    1.17628E+01    1.16883E+01
    1.47941E+03    1.55521E+05    2.73803E+03    5.46217E+03    1.08367E-01   -3.17239E-01    8.79012E-02    6.41858E+00    1.18366E+01    1.17628E+01
    1.49658E+03    1.58297E+05    2.77596E+03    5.52435E+03    1.07394E-01   -3.15806E-01    8.75238E-02    6.45513E+00    1.19096E+01    1.18366E+01
    1.51395E+03    1.61111E+05    2.81383E+03    5.58723E+03    1.06408E-01   -3.14348E-01    8.71375E-02    6.49137E+00    1.19820E+01    1.19096E+01
    1.53152E+03    1.63963E+05    2.85167E+03    5.65083E+03    1.05411E-01   -3.12868E-01    8.67433E-02    6.52733E+00    1.20539E+01    1.19820E+01
    1.54928E+03    1.66852E+05    2.88954E+03    5.71514E+03    1.04406E-01   -3.11370E-01    8.63422E-02    6.56307E+00    1.21253E+01    1.20539E+01
    1.56725E+03    1.69780E+05    2.92748E+03    5.78018E+03    1.03396E-01   -3.09857E-01    8.59349E-02    6.59864E+00    1.21964E+01    1.21253E+01
    1.58541E+03    1.72745E+05    2.96557E+03    5.84595E+03    1.02384E-01   -3.08335E-01    8.55224E-02    6.63412E+00    1.22673E+01    1.21964E+01
    1.60379E+03    1.75749E+05    3.00391E+03    5.91247E+03    1.01374E-01   -3.06808E-01    8.51057E-02    6.66959E+00    1.23382E+01    1.22673E+01
    1.62237E+03    1.78792E+05    3.04262E+03    5.97974E+03    1.00371E-01   -3.05285E-01    8.46858E-02    6.70518E+00    1.24094E+01    1.23382E+01
    1.64116E+03    1.81874E+05    3.08192E+03    6.04777E+03    9.93799E-02   -3.03775E-01    8.42640E-02    6.74109E+00    1.24813E+01    1.24094E+01
    1.66016E+03    1.84996E+05    3.12210E+03    6.11656E+03    9.84113E-02   -3.02294E-01    8.38420E-02    6.77758E+00    1.25543E+01    1.24813E+01
    1.67938E+03    1.88159E+05    3.16366E+03    6.18614E+03    9.74787E-02   -3.00865E-01    8.34218E-02    6.81510E+00    1.26295E+01    1.25543E+01
    1.69881E+03    1.91367E+05    3.20739E+03    6.25650E+03    9.66039E-02   -2.99523E-01    8.30059E-02    6.85434E+00    1.27082E+01    1.26295E+01
    1.71847E+03    1.94621E+05    3.25469E+03    6.32766E+03    9.58244E-02   -2.98332E-01    8.25976E-02    6.89654E+00    1.27930E+01    1.27082E+01
    1.73834E+03    1.97930E+05    3.30820E+03    6.39962E+03    9.52104E-02   -2.97412E-01    8.21994E-02    6.94401E+00    1.28887E+01    1.27930E+01
    1.75845E+03    2.01303E+05    3.37369E+03    6.47239E+03    9.49126E-02   -2.97018E-01    8.18088E-02    7.00173E+00    1.30057E+01    1.28887E+01
    1.77877E+03    2.04770E+05    3.46619E+03    6.54598E+03    9.53235E-02   -2.97824E-01    8.13906E-02    7.08258E+00    1.31708E+01    1.30057E+01
    1.79933E+03    2.08411E+05    3.64184E+03    6.62041E+03    9.79033E-02   -3.02316E-01    8.06734E-02    7.23360E+00    1.34835E+01    1.31708E+01
    1.82012E+03    2.11018E+05    2.60683E+03    6.77180E+03    6.85047E-02   -2.60772E-01    2.24235E-02    6.18770E+00    1.16397E+01    7.87548E+00
    1.84115E+03    2.14001E+05    2.98261E+03    6.84878E+03    7.66188E-02   -2.68902E-01    6.56557E-02    6.64201E+00    1.23275E+01    1.16397E+01
    1.86241E+03    2.17138E+05    3.13676E+03    6.92663E+03    7.87689E-02   -2.71275E-01    7.19643E-02    6.78773E+00    1.25882E+01    1.23275E+01
    1.88391E+03    2.20358E+05    3.22082E+03    7.00536E+03    7.90630E-02   -2.71398E-01    7.35252E-02    6.86431E+00    1.27330E+01    1.25882E+01
    1.90566E+03    2.23636E+05    3.27794E+03    7.08497E+03    7.86583E-02   -2.70551E-01    7.38936E-02    6.91543E+00    1.28319E+01    1.27330E+01
    1.92765E+03    2.26958E+05    3.32184E+03    7.16549E+03    7.79218E-02   -2.69206E-01    7.38232E-02    6.95421E+00    1.29078E+01    1.28319E+01
    1.94989E+03    2.30316E+05    3.35802E+03    7.24692E+03    7.70018E-02   -2.67568E-01    7.35480E-02    6.98583E+00    1.29700E+01    1.29078E+01
    1.97238E+03    2.33705E+05    3.38906E+03    7.32927E+03    7.59691E-02   -2.65738E-01    7.31605E-02    7.01273E+00    1.30232E+01    1.29700E+01
    1.99513E+03    2.37122E+05    3.41633E+03    7.41255E+03    7.48613E-02   -2.63772E-01    7.27036E-02    7.03617E+00    1.30695E+01    1.30232E+01
    2.01813E+03    2.40562E+05    3.44058E+03    7.49677E+03    7.37006E-02   -2.61702E-01    7.21997E-02    7.05685E+00    1.31105E+01    1.30695E+01
    2.04139E+03    2.44024E+05    3.46227E+03    7.58194E+03    7.25007E-02   -2.59548E-01    7.16616E-02    7.07522E+00    1.31469E+01    1.31105E+01
    2.06492E+03    2.47506E+05    3.48165E+03    7.66807E+03    7.12706E-02   -2.57324E-01    7.10968E-02    7.09151E+00    1.31792E+01    1.31469E+01
    2.08871E+03    2.51005E+05    3.49890E+03    7.75518E+03    7.00167E-02   -2.55039E-01    7.05103E-02    7.10590E+00    1.32077E+01    1.31792E+01
    2.11277E+03    2.54519E+05    3.51410E+03    7.84327E+03    6.87433E-02   -2.52699E-01    6.99053E-02    7.11848E+00    1.32326E+01    1.32077E+01
    2.13710E+03    2.58046E+05    3.52731E+03    7.93236E+03    6.74538E-02   -2.50307E-01    6.92840E-02    7.12929E+00    1.32540E+01    1.32326E+01
    2.16171E+03    2.61585E+05    3.53854E+03    8.02245E+03    6.61507E-02   -2.47867E-01    6.86479E-02    7.13838E+00    1.32719E+01    1.32540E+01
    2.18659E+03    2.65133E+05    3.54778E+03    8.11356E+03    6.48361E-02   -2.45382E-01    6.79982E-02    7.14573E+00    1.32864E+01    1.32719E+01
    2.21176E+03    2.68688E+05    3.55502E+03    8.20570E+03    6.35114E-02   -2.42853E-01    6.73356E-02    7.15135E+00    1.32974E+01    1.32864E+01
    2.23721E+03    2.72248E+05    3.56022E+03    8.29888E+03    6.21782E-02   -2.40280E-01    6.66606E-02    7.15520E+00    1.33048E+01    1.32974E+01
    2.26295E+03    2.75811E+05    3.56335E+03    8.39312E+03    6.08375E-02   -2.37666E-01    6.59738E-02    7.15727E+00    1.33087E+01    1.33048E+01
    2.28898E+03    2.79376E+05    3.56434E+03    8.48842E+03    5.94903E-02   -2.35009E-01    6.52753E-02    7.15750E+00    1.33089E+01    1.33087E+01
    2.31530E+03    2.82939E+05    3.56316E+03    8.58480E+03    5.81375E-02   -2.32312E-01    6.45654E-02    7.15586E+00    1.33054E+01    1.33089E+01
    2.34192E+03    2.86499E+05    3.55975E+03    8.68226E+03    5.67799E-02   -2.29573E-01    6.38443E-02    7.15230E+00    1.32980E+01    1.33054E+01
    2.36884E+03    2.90053E+05    3.55404E+03    8.78083E+03    5.54183E-02   -2.26793E-01    6.31120E-02    7.14675E+00    1.32867E+01    1.32980E+01
    2.39607E+03    2.93599E+05    3.54597E+03    8.88051E+03    5.40534E-02   -2.23972E-01    6.23685E-02    7.13917E+00    1.32712E+01    1.32867E+01
    2.42360E+03    2.97134E+05    3.53547E+03    8.98132E+03    5.26858E-02   -2.21110E-01    6.16139E-02    7.12949E+00    1.32516E+01    1.32712E+01
    2.45145E+03    3.00657E+05    3.52249E+03    9.08326E+03    5.13163E-02   -2.18206E-01    6.08481E-02    7.11764E+00    1.32276E+01    1.32516E+01
    2.47961E+03    3.04163E+05    3.50695E+03    9.18636E+03    4.99454E-02   -2.15260E-01    6.00711E-02    7.10355E+00    1.31991E+01    1.32276E+01
    2.50808E+03    3.07652E+05    3.48880E+03    9.29063E+03    4.85737E-02   -2.12272E-01    5.92828E-02    7.08716E+00    1.31661E+01    1.31991E+01
    2.53688E+03    3.11120E+05    3.46795E+03    9.39607E+03    4.72020E-02   -2.09241E-01    5.84831E-02    7.06839E+00    1.31282E+01    1.31661E+01
    2.56601E+03    3.14565E+05    3.44435E+03    9.50270E+03    4.58308E-02   -2.06167E-01    5.76720E-02    7.04715E+00    1.30854E+01    1.31282E+01
    2.59546E+03    3.17983E+05    3.41793E+03    9.61054E+03    4.44607E-02   -2.03049E-01    5.68493E-02    7.02337E+00    1.30375E+01    1.30854E+01
    2.62525E+03    3.21371E+05    3.38863E+03    9.71960E+03    4.30925E-02   -1.99887E-01    5.60148E-02    6.99696E+00    1.29843E+01    1.30375E+01
    2.65537E+03    3.24728E+05    3.35638E+03    9.82989E+03    4.17267E-02   -1.96680E-01    5.51685E-02    6.96783E+00    1.29257E+01    1.29843E+01
    2.68583E+03    3.28049E+05    3.32114E+03    9.94142E+03    4.03641E-02   -1.93428E-01    5.43102E-02    6.93589E+00    1.28615E+01    1.29257E+01
    2.71664E+03    3.31331E+05    3.28284E+03    1.00542E+04    3.90054E-02   -1.90130E-01    5.34398E-02    6.90105E+00    1.27914E+01    1.28615E+01
    2.74780E+03    3.34573E+05    3.24143E+03    1.01683E+04    3.76513E-02   -1.86786E-01    5.25571E-02    6.86322E+00    1.27154E+01    1.27914E+01
    2.77931E+03    3.37770E+05    3.19689E+03    1.02836E+04    3.63027E-02   -1.83395E-01    5.16619E-02    6.82229E+00    1.26331E+01    1.27154E+01
    2.81117E+03    3.40919E+05    3.14915E+03    1.04003E+04    3.49603E-02   -1.79956E-01    5.07541E-02    6.77818E+00    1.25445E+01    1.26331E+01
    2.84339E+03    3.44017E+05    3.09822E+03    1.05183E+04    3.36250E-02   -1.76470E-01    4.98336E-02    6.73077E+00    1.24493E+01    1.25445E+01
    2.87598E+03    3.47061E+05    3.04405E+03    1.06376E+04    3.22979E-02   -1.72935E-01    4.89001E-02    6.67999E+00    1.23473E+01    1.24493E+01
    2.90894E+03    3.50048E+05    2.98667E+03    1.07583E+04    3.09800E-02   -1.69353E-01    4.79536E-02    6.62574E+00    1.22384E+01    1.23473E+01
    2.94227E+03    3.52974E+05    2.92609E+03    1.08803E+04    2.96725E-02   -1.65723E-01    4.69939E-02    6.56794E+00    1.21223E+01    1.22384E+01
    2.97597E+03    3.55836E+05    2.86237E+03    1.10037E+04    2.83769E-02   -1.62046E-01    4.60211E-02    6.50653E+00    1.19990E+01    1.21223E+01
    3.01006E+03    3.58632E+05    2.79559E+03    1.11285E+04    2.70948E-02   -1.58325E-01    4.50350E-02    6.44149E+00    1.18685E+01    1.19990E+01
    3.04453E+03    3.61358E+05    2.72592E+03    1.12547E+04    2.58286E-02   -1.54562E-01    4.40360E-02    6.37283E+00    1.17307E+01    1.18685E+01
    3.07939E+03    3.64012E+05    2.65363E+03    1.13823E+04    2.45812E-02   -1.50765E-01    4.30241E-02    6.30068E+00    1.15860E+01    1.17307E+01
    3.11465E+03    3.66591E+05    2.57913E+03    1.15114E+04    2.33568E-02   -1.46945E-01    4.19997E-02    6.22534E+00    1.14350E+01    1.15860E+01
    3.15030E+03    3.69094E+05    2.50322E+03    1.16420E+04    2.21623E-02   -1.43123E-01    4.09636E-02    6.14747E+00    1.12789E+01    1.14350E+01
    3.18635E+03    3.71521E+05    2.42733E+03    1.17740E+04    2.10098E-02   -1.39343E-01    3.99158E-02    6.06846E+00    1.11209E+01    1.12789E+01
    3.22282E+03    3.73876E+05    2.35461E+03    1.19075E+04    1.99247E-02   -1.35702E-01    3.88546E-02    5.99161E+00    1.09676E+01    1.11209E+01
    3.25969E+03    3.76169E+05    2.29326E+03    1.20425E+04    1.89716E-02   -1.32459E-01    3.77648E-02    5.92584E+00    1.08378E+01    1.09676E+01
    3.29699E+03    3.78443E+05    2.27392E+03    1.21790E+04    1.83910E-02   -1.30599E-01    3.65375E-02    5.90478E+00    1.08025E+01    1.08378E+01
    3.33470E+03    3.79882E+05    1.43859E+03    1.24567E+04    1.13749E-02   -1.06177E-01    1.00624E-02    4.84534E+00    8.87218E+00    6.23477E+00
    3.37284E+03    3.81432E+05    1.55085E+03    1.25980E+04    1.19884E-02   -1.06020E-01    2.73522E-02    5.05269E+00    9.11900E+00    8.87218E+00
    3.41141E+03    3.82956E+05    1.52320E+03    1.27408E+04    1.15114E-02   -1.03284E-01    2.90504E-02    5.01653E+00    9.02265E+00    9.11900E+00
    3.45042E+03    3.84407E+05    1.45127E+03    1.28852E+04    1.07227E-02   -9.94859E-02    2.87269E-02    4.92002E+00    8.82244E+00    9.02265E+00
    3.48986E+03    3.85768E+05    1.36148E+03    1.30313E+04    9.83447E-03   -9.51704E-02    2.78759E-02    4.79635E+00    8.57168E+00    8.82244E+00
    3.52976E+03    3.87031E+05    1.26244E+03    1.31790E+04    8.91522E-03   -9.05330E-02    2.68140E-02    4.65521E+00    8.28716E+00    8.57168E+00
    3.57010E+03    3.88189E+05    1.15783E+03    1.33284E+04    7.99381E-03   -8.56532E-02    2.56385E-02    4.50006E+00    7.97507E+00    8.28716E+00
    3.61090E+03    3.89238E+05    1.04969E+03    1.34794E+04    7.08524E-03   -8.05637E-02    2.43870E-02    4.33214E+00    7.63760E+00    7.97507E+00
    3.65216E+03    3.90178E+05    9.39352E+02    1.36322E+04    6.19877E-03   -7.52748E-02    2.30754E-02    4.15163E+00    7.27499E+00    7.63760E+00
    3.69389E+03    3.91006E+05    8.27873E+02    1.37867E+04    5.34106E-03   -6.97833E-02    2.17107E-02    3.95814E+00    6.88636E+00    7.27499E+00
    3.73609E+03    3.91722E+05    7.16234E+02    1.39430E+04    4.51758E-03   -6.40757E-02    2.02948E-02    3.75079E+00    6.46989E+00    6.88636E+00
    3.77876E+03    3.92327E+05    6.05432E+02    1.41010E+04    3.73339E-03   -5.81286E-02    1.88269E-02    3.52823E+00    6.02284E+00    6.46989E+00
    3.82192E+03    3.92824E+05    4.96567E+02    1.42608E+04    2.99367E-03   -5.19060E-02    1.73041E-02    3.28856E+00    5.54130E+00    6.02284E+00
    3.86557E+03    3.93215E+05    3.90930E+02    1.44224E+04    2.30417E-03   -4.53542E-02    1.57214E-02    3.02903E+00    5.01966E+00    5.54130E+00
    3.90971E+03    3.93505E+05    2.90121E+02    1.45858E+04    1.67179E-03   -3.83897E-02    1.40721E-02    2.74554E+00    4.44953E+00    5.01966E+00
    3.95434E+03    3.93701E+05    1.96257E+02    1.47511E+04    1.10565E-03   -3.08736E-02    1.23481E-02    2.43148E+00    3.81734E+00    4.44953E+00
    3.99949E+03    3.93814E+05    1.12432E+02    1.49182E+04    6.19263E-04   -2.25408E-02    1.05439E-02    2.07467E+00    3.09792E+00    3.81734E+00
    4.04514E+03    3.93858E+05    4.41364E+01    1.50873E+04    2.37668E-04   -1.27367E-02    8.68590E-03    1.64612E+00    2.23084E+00    3.09792E+00
    4.09131E+03    3.93906E+05    4.84274E+01    1.50873E+04    2.54951E-04   -1.15545E-02    1.10202E-02    2.23084E+00    2.76728E+00    4.07281E+00
    4.13799E+03    3.93963E+05    5.66087E+01    1.50873E+04    2.91367E-04   -1.06035E-02    1.33766E-02    2.76728E+00    3.26514E+00    5.00311E+00
    4.18521E+03    3.94031E+05    6.82956E+01    1.50873E+04    3.43671E-04   -9.82474E-03    1.57209E-02    3.26514E+00    3.73164E+00    5.89280E+00
    4.23296E+03    3.94114E+05    8.32119E+01    1.50873E+04    4.09382E-04   -9.17595E-03    1.80328E-02    3.73164E+00    4.17226E+00    6.74574E+00
    4.28125E+03    3.94215E+05    1.01158E+02    1.50873E+04    4.86560E-04   -8.62672E-03    2.03012E-02    4.17226E+00    4.59119E+00    7.56551E+00
    4.33009E+03    3.94337E+05    1.21992E+02    1.50873E+04    5.73668E-04   -8.15482E-03    2.25204E-02    4.59119E+00    4.99167E+00    8.35535E+00
    4.37948E+03    3.94483E+05    1.45615E+02    1.50873E+04    6.69472E-04   -7.74388E-03    2.46881E-02    4.99167E+00    5.37627E+00    9.11817E+00
    4.42942E+03    3.94655E+05    1.71967E+02    1.50873E+04    7.72977E-04   -7.38171E-03    2.68046E-02    5.37627E+00    5.74703E+00    9.85653E+00
    4.47993E+03    3.94856E+05    2.01014E+02    1.50873E+04    8.83369E-04   -7.05911E-03    2.88711E-02    5.74703E+00    6.10559E+00    1.05727E+01
    4.53101E+03    3.95089E+05    2.32744E+02    1.50873E+04    9.99979E-04   -6.76904E-03    3.08895E-02    6.10559E+00    6.45330E+00    1.12686E+01
    4.58267E+03    3.95356E+05    2.67166E+02    1.50873E+04    1.12225E-03   -6.50609E-03    3.28622E-02    6.45330E+00    6.79129E+00    1.19461E+01
    4.63491E+03    3.95660E+05    3.04305E+02    1.50873E+04    1.24972E-03   -6.26599E-03    3.47917E-02    6.79129E+00    7.12047E+00    1.26065E+01
    4.68775E+03    3.96004E+05    3.44195E+02    1.50873E+04    1.38200E-03   -6.04539E-03    3.66804E-02    7.12047E+00    7.44166E+00    1.32514E+01
    4.74118E+03    3.96391E+05    3.86886E+02    1.50873E+04    1.51874E-03   -5.84160E-03    3.85308E-02    7.44166E+00    7.75552E+00    1.38819E+01
    4.79521E+03    3.96824E+05    4.32436E+02    1.50873E+04    1.65967E-03   -5.65242E-03    4.03450E-02    7.75552E+00    8.06266E+00    1.44990E+01
    4.84985E+03    3.97305E+05    4.80910E+02    1.50873E+04    1.80452E-03   -5.47606E-03    4.21253E-02    8.06266E+00    8.36357E+00    1.51037E+01
    4.90511E+03    3.97837E+05    5.32383E+02    1.50873E+04    1.95309E-03   -5.31105E-03    4.38735E-02    8.36357E+00    8.65871E+00    1.56968E+01
    4.96100E+03    3.98424E+05    5.86935E+02    1.50873E+04    2.10518E-03   -5.15614E-03    4.55916E-02    8.65871E+00    8.94849E+00    1.62791E+01
    5.01752E+03    3.99069E+05    6.44656E+02    1.50873E+04    2.26061E-03   -5.01030E-03    4.72812E-02    8.94849E+00    9.23325E+00    1.68513E+01
    5.07467E+03    3.99774E+05    7.05638E+02    1.50873E+04    2.41925E-03   -4.87264E-03    4.89439E-02    9.23325E+00    9.51331E+00    1.74140E+01
    5.13247E+03    4.00544E+05    7.69981E+02    1.50873E+04    2.58096E-03   -4.74239E-03    5.05813E-02    9.51331E+00    9.78897E+00    1.79677E+01
    5.19093E+03    4.01382E+05    8.37793E+02    1.50873E+04    2.74561E-03   -4.61891E-03    5.21946E-02    9.78897E+00    1.00605E+01    1.85130E+01
    5.25004E+03    4.02291E+05    9.09185E+02    1.50873E+04    2.91311E-03   -4.50162E-03    5.37852E-02    1.00605E+01    1.03281E+01    1.90504E+01
    5.30983E+03    4.03275E+05    9.84274E+02    1.50873E+04    3.08335E-03   -4.39003E-03    5.53541E-02    1.03281E+01    1.05920E+01    1.95803E+01
    5.37028E+03    4.04339E+05    1.06318E+03    1.50873E+04    3.25626E-03   -4.28370E-03    5.69026E-02    1.05920E+01    1.08525E+01    2.01030E+01
    5.43143E+03    4.05485E+05    1.14605E+03    1.50873E+04    3.43175E-03   -4.18225E-03    5.84316E-02    1.08525E+01    1.11096E+01    2.06190E+01
    5.49326E+03    4.06718E+05    1.23299E+03    1.50873E+04    3.60976E-03   -4.08533E-03    5.99422E-02    1.11096E+01    1.13636E+01    2.11286E+01
    5.55579E+03    4.08042E+05    1.32417E+03    1.50873E+04    3.79022E-03   -3.99264E-03    6.14352E-02    1.13636E+01    1.16147E+01    2.16322E+01
    5.61903E+03    4.09462E+05    1.41972E+03    1.50873E+04    3.97309E-03   -3.90390E-03    6.29115E-02    1.16147E+01    1.18630E+01    2.21300E+01
    5.68298E+03    4.10981E+05    1.51980E+03    1.50873E+04    4.15832E-03   -3.81888E-03    6.43719E-02    1.18630E+01    1.21086E+01    2.26224E+01
    5.74766E+03    4.12606E+05    1.62457E+03    1.50873E+04    4.34586E-03   -3.73735E-03    6.58171E-02    1.21086E+01    1.23516E+01    2.31096E+01
    5.81306E+03    4.14340E+05    1.73421E+03    1.50873E+04    4.53569E-03   -3.65910E-03    6.72480E-02    1.23516E+01    1.25923E+01    2.35918E+01
    5.87921E+03    4.16189E+05    1.84887E+03    1.50873E+04    4.72776E-03   -3.58397E-03    6.86652E-02    1.25923E+01    1.28307E+01    2.40694E+01
    5.94610E+03    4.18158E+05    1.96875E+03    1.50873E+04    4.92205E-03   -3.51177E-03    7.00694E-02    1.28307E+01    1.30669E+01    2.45425E+01
    6.01375E+03    4.20252E+05    2.09404E+03    1.50873E+04    5.11855E-03   -3.44237E-03    7.14612E-02    1.30669E+01    1.33011E+01    2.50113E+01
    6.08216E+03    4.22477E+05    2.22494E+03    1.50873E+04    5.31724E-03   -3.37561E-03    7.28413E-02    1.33011E+01    1.35333E+01    2.54762E+01
    6.15135E+03    4.24838E+05    2.36164E+03    1.50873E+04    5.51811E-03   -3.31138E-03    7.42101E-02    1.35333E+01    1.37637E+01    2.59372E+01
    6.22132E+03    4.27343E+05    2.50437E+03    1.50873E+04    5.72114E-03   -3.24956E-03    7.55684E-02    1.37637E+01    1.39924E+01    2.63946E+01
    6.29208E+03    4.29996E+05    2.65335E+03    1.50873E+04    5.92635E-03   -3.19003E-03    7.69166E-02    1.39924E+01    1.42194E+01    2.68486E+01
    6.36364E+03    4.32805E+05    2.80881E+03    1.50873E+04    6.13372E-03   -3.13270E-03    7.82554E-02    1.42194E+01    1.44448E+01    2.72994E+01
    6.43600E+03    4.35776E+05    2.97099E+03    1.50873E+04    6.34326E-03   -3.07748E-03    7.95851E-02    1.44448E+01    1.46688E+01    2.77471E+01
    6.50919E+03    4.38916E+05    3.14016E+03    1.50873E+04    6.55499E-03   -3.02427E-03    8.09064E-02    1.46688E+01    1.48913E+01    2.81919E+01
    6.58320E+03    4.42233E+05    3.31656E+03    1.50873E+04    6.76891E-03   -2.97300E-03    8.22196E-02    1.48913E+01    1.51126E+01    2.86339E+01
    6.65805E+03    4.45733E+05    3.50049E+03    1.50873E+04    6.98504E-03   -2.92359E-03    8.35254E-02    1.51126E+01    1.53327E+01    2.90735E+01
    6.73374E+03    4.49425E+05    3.69221E+03    1.50873E+04    7.20340E-03   -2.87598E-03    8.48241E-02    1.53327E+01    1.55516E+01    2.95106E+01
    6.81029E+03    4.53317E+05    3.89204E+03    1.50873E+04    7.42402E-03   -2.83009E-03    8.61163E-02    1.55516E+01    1.57694E+01    2.99455E+01
    6.88770E+03    4.57418E+05    4.10029E+03    1.50873E+04    7.64693E-03   -2.78586E-03    8.74023E-02    1.57694E+01    1.59863E+01    3.03783E+01
    6.96599E+03    4.61735E+05    4.31727E+03    1.50873E+04    7.87215E-03   -2.74325E-03    8.86827E-02    1.59863E+01    1.62023E+01    3.08092E+01
    7.04517E+03    4.66278E+05    4.54333E+03    1.50873E+04    8.09972E-03   -2.70218E-03    8.99579E-02    1.62023E+01    1.64174E+01    3.12383E+01
    7.12523E+03    4.71057E+05    4.77882E+03    1.50873E+04    8.32969E-03   -2.66262E-03    9.12283E-02    1.64174E+01    1.66318E+01    3.16658E+01
    7.20621E+03    4.76081E+05    5.02411E+03    1.50873E+04    8.56209E-03   -2.62451E-03    9.24943E-02    1.66318E+01    1.68455E+01    3.20918E+01
    7.28809E+03    4.81361E+05    5.27958E+03    1.50873E+04    8.79697E-03   -2.58780E-03    9.37564E-02    1.68455E+01    1.70586E+01    3.25164E+01
    7.37091E+03    4.86906E+05    5.54564E+03    1.50873E+04    9.03438E-03   -2.55246E-03    9.50151E-02    1.70586E+01    1.72712E+01    3.29399E+01
    7.45466E+03    4.92729E+05    5.82271E+03    1.50873E+04    9.27437E-03   -2.51844E-03    9.62706E-02    1.72712E+01    1.74833E+01    3.33623E+01
    7.53935E+03    4.98840E+05    6.11122E+03    1.50873E+04    9.51702E-03   -2.48571E-03    9.75235E-02    1.74833E+01    1.76950E+01    3.37839E+01
    7.62500E+03    5.05252E+05    6.41162E+03    1.50873E+04    9.76237E-03   -2.45422E-03    9.87742E-02    1.76950E+01    1.79064E+01    3.42046E+01
    7.71162E+03    5.11976E+05    6.72441E+03    1.50873E+04    1.00105E-02   -2.42394E-03    1.00023E-01    1.79064E+01    1.81175E+01    3.46247E+01
    7.79922E+03    5.19026E+05    7.05007E+03    1.50873E+04    1.02615E-02   -2.39484E-03    1.01271E-01    1.81175E+01    1.83285E+01    3.50444E+01
    7.88781E+03    5.26416E+05    7.38912E+03    1.50873E+04    1.05153E-02   -2.36689E-03    1.02517E-01    1.83285E+01    1.85394E+01    3.54637E+01
    7.97740E+03    5.34158E+05    7.74212E+03    1.50873E+04    1.07722E-02   -2.34006E-03    1.03763E-01    1.85394E+01    1.87502E+01    3.58828E+01
    8.06801E+03    5.42267E+05    8.10963E+03    1.50873E+04    1.10322E-02   -2.31431E-03    1.05009E-01    1.87502E+01    1.89610E+01    3.63019E+01
    8.15963E+03    5.50760E+05    8.49224E+03    1.50873E+04    1.12953E-02   -2.28962E-03    1.06255E-01    1.89610E+01    1.91720E+01    3.67210E+01
    8.25229E+03    5.59650E+05    8.89058E+03    1.50873E+04    1.15617E-02   -2.26596E-03    1.07502E-01    1.91720E+01    1.93832E+01    3.71404E+01
    8.34600E+03    5.68955E+05    9.30529E+03    1.50873E+04    1.18315E-02   -2.24331E-03    1.08749E-01    1.93832E+01    1.95946E+01    3.75601E+01
    8.44077E+03    5.78692E+05    9.73707E+03    1.50873E+04    1.21047E-02   -2.22164E-03    1.09999E-01    1.95946E+01    1.98063E+01    3.79803E+01
    8.53661E+03    5.88879E+05    1.01866E+04    1.50873E+04    1.23815E-02   -2.20094E-03    1.11250E-01    1.98063E+01    2.00184E+01    3.84012E+01
    8.63353E+03    5.99534E+05    1.06547E+04    1.50873E+04    1.26619E-02   -2.18117E-03    1.12504E-01    2.00184E+01    2.02310E+01    3.88229E+01
    8.73155E+03    6.10676E+05    1.11420E+04    1.50873E+04    1.29461E-02   -2.16232E-03    1.13761E-01    2.02310E+01    2.04441E+01    3.92455E+01
    8.83067E+03    6.22325E+05    1.16495E+04    1.50873E+04    1.32343E-02   -2.14437E-03    1.15020E-01    2.04441E+01    2.06579E+01    3.96692E+01
    8.93091E+03    6.34503E+05    1.21779E+04    1.50873E+04    1.35265E-02   -2.12729E-03    1.16284E-01    2.06579E+01    2.08723E+01    4.00942E+01
    9.03229E+03    6.47232E+05    1.27282E+04    1.50873E+04    1.38229E-02   -2.11107E-03    1.17552E-01    2.08723E+01    2.10875E+01    4.05205E+01
    9.13481E+03    6.60533E+05    1.33014E+04    1.50873E+04    1.41235E-02   -2.09570E-03    1.18824E-01    2.10875E+01    2.13036E+01    4.09484E+01
    9.23850E+03    6.74431E+05    1.38983E+04    1.50873E+04    1.44287E-02   -2.08115E-03    1.20101E-01    2.13036E+01    2.15206E+01    4.13779E+01
    9.34335E+03    6.88951E+05    1.45200E+04    1.50873E+04    1.47384E-02   -2.06740E-03    1.21384E-01    2.15206E+01    2.17386E+01    4.18093E+01
    9.44939E+03    7.04119E+05    1.51676E+04    1.50873E+04    1.50529E-02   -2.05445E-03    1.22673E-01    2.17386E+01    2.19577E+01    4.22427E+01
    9.55662E+03    7.19961E+05    1.58422E+04    1.50873E+04    1.53723E-02   -2.04227E-03    1.23968E-01    2.19577E+01    2.21779E+01    4.26783E+01
    9.66507E+03    7.36506E+05    1.65451E+04    1.50873E+04    1.56968E-02   -2.03086E-03    1.25270E-01    2.21779E+01    2.23994E+01    4.31162E+01
    9.77474E+03    7.53783E+05    1.72774E+04    1.50873E+04    1.60265E-02   -2.02020E-03    1.26580E-01    2.23994E+01    2.26222E+01    4.35566E+01
    9.88565E+03    7.71824E+05    1.80405E+04    1.50873E+04    1.63617E-02   -2.01027E-03    1.27897E-01    2.26222E+01    2.28464E+01    4.39996E+01
    9.99782E+03    7.90660E+05    1.88357E+04    1.50873E+04    1.67026E-02   -2.00107E-03    1.29223E-01    2.28464E+01    2.30721E+01    4.44454E+01
    1.01113E+04    8.10324E+05    1.96645E+04    1.50873E+04    1.70493E-02   -1.99257E-03    1.30558E-01    2.30721E+01    2.32994E+01    4.48942E+01
    1.02260E+04    8.30853E+05    2.05285E+04    1.50873E+04    1.74020E-02   -1.98478E-03    1.31902E-01    2.32994E+01    2.35284E+01    4.53461E+01
    1.03420E+04    8.52282E+05    2.14291E+04    1.50873E+04    1.77610E-02   -1.97768E-03    1.33256E-01    2.35284E+01    2.37591E+01    4.58014E+01
    1.04593E+04    8.74650E+05    2.23680E+04    1.50873E+04    1.81264E-02   -1.97126E-03    1.34620E-01    2.37591E+01    2.39917E+01    4.62601E+01
    1.05779E+04    8.97997E+05    2.33471E+04    1.50873E+04    1.84986E-02   -1.96550E-03    1.35995E-01    2.39917E+01    2.42262E+01    4.67226E+01
    1.06979E+04    9.22365E+05    2.43681E+04    1.50873E+04    1.88777E-02   -1.96041E-03    1.37382E-01    2.42262E+01    2.44627E+01    4.71889E+01
    1.08193E+04    9.47798E+05    2.54330E+04    1.50873E+04    1.92640E-02   -1.95597E-03    1.38781E-01    2.44627E+01    2.47014E+01    4.76592E+01
    1.09420E+04    9.74342E+05    2.65438E+04    1.50873E+04    1.96577E-02   -1.95217E-03    1.40192E-01    2.47014E+01    2.49423E+01    4.81338E+01
    1.10661E+04    1.00204E+06    2.77026E+04    1.50873E+04    2.00592E-02   -1.94901E-03    1.41617E-01    2.49423E+01    2.51855E+01    4.86129E+01
    1.11916E+04    1.03096E+06    2.89118E+04    1.50873E+04    2.04687E-02   -1.94648E-03    1.43056E-01    2.51855E+01    2.54312E+01    4.90965E+01
    1.13185E+04    1.06113E+06    3.01737E+04    1.50873E+04    2.08865E-02   -1.94458E-03    1.44508E-01    2.54312E+01    2.56794E+01    4.95851E+01
    1.14469E+04    1.09262E+06    3.14907E+04    1.50873E+04    2.13128E-02   -1.94329E-03    1.45976E-01    2.56794E+01    2.59302E+01    5.00786E+01
    1.15767E+04    1.12549E+06    3.28655E+04    1.50873E+04    2.17481E-02   -1.94261E-03    1.47460E-01    2.59302E+01    2.61838E+01    5.05774E+01
    1.17080E+04    1.15979E+06    3.43008E+04    1.50873E+04    2.21927E-02   -1.94254E-03    1.48959E-01    2.61838E+01    2.64403E+01    5.10816E+01
    1.18407E+04    1.19559E+06    3.57997E+04    1.50873E+04    2.26468E-02   -1.94307E-03    1.50476E-01    2.64403E+01    2.66997E+01    5.15916E+01
    1.19750E+04    1.23295E+06    3.73650E+04    1.50873E+04    2.31109E-02   -1.94421E-03    1.52010E-01    2.66997E+01    2.69622E+01    5.21074E+01
    1.21108E+04    1.27195E+06    3.90001E+04    1.50873E+04    2.35853E-02   -1.94593E-03    1.53563E-01    2.69622E+01    2.72278E+01    5.26294E+01
    1.22481E+04    1.31266E+06    4.07084E+04    1.50873E+04    2.40704E-02   -1.94826E-03    1.55134E-01    2.72278E+01    2.74969E+01    5.31577E+01
    1.23869E+04    1.35515E+06    4.24935E+04    1.50873E+04    2.45666E-02   -1.95117E-03    1.56725E-01    2.74969E+01    2.77693E+01    5.36927E+01
    1.25274E+04    1.39951E+06    4.43591E+04    1.50873E+04    2.50744E-02   -1.95468E-03    1.58337E-01    2.77693E+01    2.80454E+01    5.42345E+01
    1.26694E+04    1.44582E+06    4.63092E+04    1.50873E+04    2.55940E-02   -1.95877E-03    1.59969E-01    2.80454E+01    2.83251E+01    5.47834E+01
    1.28130E+04    1.49417E+06    4.83481E+04    1.50873E+04    2.61262E-02   -1.96346E-03    1.61624E-01    2.83251E+01    2.86087E+01    5.53397E+01
    1.29582E+04    1.54465E+06    5.04802E+04    1.50873E+04    2.66712E-02   -1.96873E-03    1.63301E-01    2.86087E+01    2.88962E+01    5.59037E+01
    1.31051E+04    1.59736E+06    5.27102E+04    1.50873E+04    2.72296E-02   -1.97460E-03    1.65002E-01    2.88962E+01    2.91879E+01    5.64755E+01
    1.32537E+04    1.65240E+06    5.50432E+04    1.50873E+04    2.78019E-02   -1.98106E-03    1.66727E-01    2.91879E+01    2.94838E+01    5.70555E+01
    1.34039E+04    1.70989E+06    5.74842E+04    1.50873E+04    2.83886E-02   -1.98811E-03    1.68477E-01    2.94838E+01    2.97842E+01    5.76440E+01
    1.35558E+04    1.76993E+06    6.00389E+04    1.50873E+04    2.89904E-02   -1.99576E-03    1.70254E-01    2.97842E+01    3.00891E+01    5.82413E+01
    1.37095E+04    1.83264E+06    6.27132E+04    1.50873E+04    2.96077E-02   -2.00402E-03    1.72057E-01    3.00891E+01    3.03987E+01    5.88476E+01
    1.38648E+04    1.89815E+06    6.55132E+04    1.50873E+04    3.02413E-02   -2.01289E-03    1.73889E-01    3.03987E+01    3.07132E+01    5.94633E+01
    1.40220E+04    1.96660E+06    6.84455E+04    1.50873E+04    3.08918E-02   -2.02237E-03    1.75749E-01    3.07132E+01    3.10328E+01    6.00888E+01
    1.41809E+04    2.03812E+06    7.15171E+04    1.50873E+04    3.15598E-02   -2.03247E-03    1.77639E-01    3.10328E+01    3.13576E+01    6.07243E+01
    1.43416E+04    2.11285E+06    7.47353E+04    1.50873E+04    3.22460E-02   -2.04320E-03    1.79560E-01    3.13576E+01    3.16878E+01    6.13701E+01
    1.45041E+04    2.19096E+06    7.81080E+04    1.50873E+04    3.29512E-02   -2.05456E-03    1.81513E-01    3.16878E+01    3.20235E+01    6.20268E+01
    1.46684E+04    2.27260E+06    8.16433E+04    1.50873E+04    3.36762E-02   -2.06658E-03    1.83499E-01    3.20235E+01    3.23651E+01    6.26945E+01
    1.48347E+04    2.35795E+06    8.53501E+04    1.50873E+04    3.44218E-02   -2.07925E-03    1.85519E-01    3.23651E+01    3.27126E+01    6.33737E+01
    1.50027E+04    2.44719E+06    8.92376E+04    1.50873E+04    3.51888E-02   -2.09260E-03    1.87575E-01    3.27126E+01    3.30663E+01    6.40649E+01
    1.51727E+04    2.54051E+06    9.33158E+04    1.50873E+04    3.59781E-02   -2.10663E-03    1.89667E-01    3.30663E+01    3.34265E+01    6.47683E+01
    1.53446E+04    2.63810E+06    9.75951E+04    1.50873E+04    3.67907E-02   -2.12136E-03    1.91797E-01    3.34265E+01    3.37932E+01    6.54844E+01
    1.55185E+04    2.74019E+06    1.02087E+05    1.50873E+04    3.76275E-02   -2.13680E-03    1.93966E-01    3.37932E+01    3.41668E+01    6.62137E+01
    1.56943E+04    2.84699E+06    1.06802E+05    1.50873E+04    3.84897E-02   -2.15299E-03    1.96176E-01    3.41668E+01    3.45474E+01    6.69566E+01
    1.58721E+04    2.95874E+06    1.11754E+05    1.50873E+04    3.93782E-02   -2.16992E-03    1.98428E-01    3.45474E+01    3.49354E+01    6.77136E+01
    1.60519E+04    3.07570E+06    1.16956E+05    1.50873E+04    4.02943E-02   -2.18764E-03    2.00722E-01    3.49354E+01    3.53310E+01    6.84852E+01
    1.62338E+04    3.19812E+06    1.22423E+05    1.50873E+04    4.12391E-02   -2.20616E-03    2.03062E-01    3.53310E+01    3.57344E+01    6.92718E+01
    1.64177E+04    3.32629E+06    1.28168E+05    1.50873E+04    4.22140E-02   -2.22550E-03    2.05448E-01    3.57344E+01    3.61460E+01    7.00741E+01
    1.66036E+04    3.46050E+06    1.34210E+05    1.50873E+04    4.32202E-02   -2.24570E-03    2.07883E-01    3.61460E+01    3.65660E+01    7.08925E+01
    1.67917E+04    3.60106E+06    1.40564E+05    1.50873E+04    4.42593E-02   -2.26679E-03    2.10367E-01    3.65660E+01    3.69947E+01    7.17277E+01
    1.69819E+04    3.74831E+06    1.47249E+05    1.50873E+04    4.53327E-02   -2.28881E-03    2.12903E-01    3.69947E+01    3.74325E+01    7.25803E+01
    1.71743E+04    3.90260E+06    1.54285E+05    1.50873E+04    4.64421E-02   -2.31178E-03    2.15492E-01    3.74325E+01    3.78797E+01    7.34509E+01
    1.73688E+04    4.06429E+06    1.61693E+05    1.50873E+04    4.75891E-02   -2.33576E-03    2.18137E-01    3.78797E+01    3.83366E+01    7.43402E+01
    1.75655E+04    4.23379E+06    1.69495E+05    1.50873E+04    4.87756E-02   -2.36078E-03    2.20839E-01    3.83366E+01    3.88036E+01    7.52488E+01
    1.77645E+04    4.41150E+06    1.77716E+05    1.50873E+04    5.00034E-02   -2.38690E-03    2.23602E-01    3.88036E+01    3.92812E+01    7.61775E+01
    1.79657E+04    4.59788E+06    1.86380E+05    1.50873E+04    5.12746E-02   -2.41417E-03    2.26426E-01    3.92812E+01    3.97696E+01    7.71271E+01
    1.81692E+04    4.79340E+06    1.95516E+05    1.50873E+04    5.25913E-02   -2.44264E-03    2.29315E-01    3.97696E+01    4.02694E+01    7.80985E+01
    1.83749E+04    4.99855E+06    2.05153E+05    1.50873E+04    5.39559E-02   -2.47238E-03    2.32271E-01    4.02694E+01    4.07810E+01    7.90923E+01
    1.85830E+04    5.21387E+06    2.15323E+05    1.50873E+04    5.53708E-02   -2.50346E-03    2.35297E-01    4.07810E+01    4.13049E+01    8.01097E+01
    1.87935E+04    5.43993E+06    2.26060E+05    1.50873E+04    5.68387E-02   -2.53596E-03    2.38395E-01    4.13049E+01    4.18416E+01    8.11515E+01
    1.90063E+04    5.67734E+06    2.37401E+05    1.50873E+04    5.83623E-02   -2.56994E-03    2.41569E-01    4.18416E+01    4.23916E+01    8.22187E+01
    1.92215E+04    5.92672E+06    2.49386E+05    1.50873E+04    5.99447E-02   -2.60551E-03    2.44822E-01    4.23916E+01    4.29555E+01    8.33124E+01
    1.94392E+04    6.18878E+06    2.62056E+05    1.50873E+04    6.15891E-02   -2.64275E-03    2.48157E-01    4.29555E+01    4.35340E+01    8.44338E+01
    1.96593E+04    6.46424E+06    2.75459E+05    1.50873E+04    6.32989E-02   -2.68178E-03    2.51578E-01    4.35340E+01    4.41276E+01    8.55840E+01
    1.98819E+04    6.75388E+06    2.89644E+05    1.50873E+04    6.50779E-02   -2.72270E-03    2.55089E-01    4.41276E+01    4.47371E+01    8.67645E+01
    2.01070E+04    7.05855E+06    3.04665E+05    1.50873E+04    6.69301E-02   -2.76564E-03    2.58694E-01    4.47371E+01    4.53632E+01    8.79765E+01
    2.03347E+04    7.37913E+06    3.20580E+05    1.50873E+04    6.88598E-02   -2.81073E-03    2.62396E-01    4.53632E+01    4.60067E+01    8.92215E+01
    2.05649E+04    7.71658E+06    3.37453E+05    1.50873E+04    7.08717E-02   -2.85812E-03    2.66202E-01    4.60067E+01    4.66685E+01    9.05010E+01
    2.07978E+04    8.07193E+06    3.55352E+05    1.50873E+04    7.29708E-02   -2.90797E-03    2.70115E-01    4.66685E+01    4.73494E+01    9.18169E+01
    2.10332E+04    8.44629E+06    3.74353E+05    1.50873E+04    7.51626E-02   -2.96045E-03    2.74142E-01    4.73494E+01    4.80504E+01    9.31708E+01
    2.12714E+04    8.84082E+06    3.94537E+05    1.50873E+04    7.74530E-02   -3.01576E-03    2.78287E-01    4.80504E+01    4.87726E+01    9.45648E+01
    2.15122E+04    9.25681E+06    4.15992E+05    1.50873E+04    7.98485E-02   -3.07408E-03    2.82558E-01    4.87726E+01    4.95171E+01    9.60008E+01
    2.17557E+04    9.69563E+06    4.38817E+05    1.50873E+04    8.23561E-02   -3.13566E-03    2.86960E-01    4.95171E+01    5.02850E+01    9.74811E+01
    2.20020E+04    1.01587E+07    4.63117E+05    1.50873E+04    8.49834E-02   -3.20073E-03    2.91502E-01    5.02850E+01    5.10778E+01    9.90081E+01
    2.22511E+04    1.06478E+07    4.89010E+05    1.50873E+04    8.77388E-02   -3.26955E-03    2.96189E-01    5.10778E+01    5.18967E+01    1.00584E+02
    2.25030E+04    1.11644E+07    5.16622E+05    1.50873E+04    9.06314E-02   -3.34242E-03    3.01032E-01    5.18967E+01    5.27434E+01    1.02213E+02
    2.27578E+04    1.17105E+07    5.46096E+05    1.50873E+04    9.36711E-02   -3.41965E-03    3.06038E-01    5.27434E+01    5.36194E+01    1.03896E+02
    2.30154E+04    1.22881E+07    5.77585E+05    1.50873E+04    9.68689E-02   -3.50158E-03    3.11218E-01    5.36194E+01    5.45266E+01    1.05638E+02
    2.32759E+04    1.28993E+07    6.11263E+05    1.50873E+04    1.00237E-01   -3.58859E-03    3.16582E-01    5.45266E+01    5.54668E+01    1.07442E+02
    2.35394E+04    1.35466E+07    6.47317E+05    1.50873E+04    1.03788E-01   -3.68109E-03    3.22141E-01    5.54668E+01    5.64421E+01    1.09311E+02
    2.38058E+04    1.42326E+07    6.85957E+05    1.50873E+04    1.07537E-01   -3.77953E-03    3.27907E-01    5.64421E+01    5.74548E+01    1.11250E+02
    2.40753E+04    1.49600E+07    7.27417E+05    1.50873E+04    1.11501E-01   -3.88440E-03    3.33895E-01    5.74548E+01    5.85074E+01    1.13264E+02
    2.43478E+04    1.57320E+07    7.71956E+05    1.50873E+04    1.15696E-01   -3.99626E-03    3.40118E-01    5.85074E+01    5.96025E+01    1.15356E+02
    2.46234E+04    1.65518E+07    8.19863E+05    1.50873E+04    1.20143E-01   -4.11568E-03    3.46592E-01    5.96025E+01    6.07432E+01    1.17534E+02
    2.49021E+04    1.74233E+07    8.71460E+05    1.50873E+04    1.24864E-01   -4.24334E-03    3.53336E-01    6.07432E+01    6.19324E+01    1.19801E+02
    2.51840E+04    1.83504E+07    9.27108E+05    1.50873E+04    1.29883E-01   -4.37996E-03    3.60366E-01    6.19324E+01    6.31739E+01    1.22166E+02
    2.54690E+04    1.93376E+07    9.87214E+05    1.50873E+04    1.35228E-01   -4.52634E-03    3.67705E-01    6.31739E+01    6.44713E+01    1.24634E+02
    2.57573E+04    2.03899E+07    1.05223E+06    1.50873E+04    1.40928E-01   -4.68340E-03    3.75375E-01    6.44713E+01    6.58289E+01    1.27213E+02
    2.60488E+04    2.15125E+07    1.12268E+06    1.50873E+04    1.47019E-01   -4.85211E-03    3.83400E-01    6.58289E+01    6.72513E+01    1.29912E+02
    2.63436E+04    2.27117E+07    1.19913E+06    1.50873E+04    1.53539E-01   -5.03360E-03    3.91808E-01    6.72513E+01    6.87436E+01    1.32740E+02
    2.66417E+04    2.39939E+07    1.28226E+06    1.50873E+04    1.60531E-01   -5.22913E-03    4.00629E-01    6.87436E+01    7.03114E+01    1.35707E+02
    2.69432E+04    2.53667E+07    1.37280E+06    1.50873E+04    1.68044E-01   -5.44010E-03    4.09896E-01    7.03114E+01    7.19608E+01    1.38823E+02
    2.72481E+04    2.68383E+07    1.47162E+06    1.50873E+04    1.76134E-01   -5.66810E-03    4.19645E-01    7.19608E+01    7.36988E+01    1.42102E+02
    2.75565E+04    2.84180E+07    1.57968E+06    1.50873E+04    1.84864E-01   -5.91493E-03    4.29918E-01    7.36988E+01    7.55330E+01    1.45557E+02
    2.78684E+04    3.01161E+07    1.69813E+06    1.50873E+04    1.94306E-01   -6.18265E-03    4.40758E-01    7.55330E+01    7.74719E+01    1.49203E+02
    2.81837E+04    3.19444E+07    1.82824E+06    1.50873E+04    2.04541E-01   -6.47359E-03    4.52216E-01    7.74719E+01    7.95249E+01    1.53058E+02
    2.85027E+04    3.39159E+07    1.97152E+06    1.50873E+04    2.15666E-01   -6.79045E-03    4.64349E-01    7.95249E+01    8.17028E+01    1.57139E+02
    2.88252E+04    3.60456E+07    2.12970E+06    1.50873E+04    2.27789E-01   -7.13632E-03    4.77219E-01    8.17028E+01    8.40175E+01    1.61468E+02
    2.91514E+04    3.83504E+07    2.30480E+06    1.50873E+04    2.41035E-01   -7.51476E-03    4.90896E-01    8.40175E+01    8.64824E+01    1.66068E+02
    2.94812E+04    4.08496E+07    2.49920E+06    1.50873E+04    2.55553E-01   -7.92995E-03    5.05461E-01    8.64824E+01    8.91130E+01    1.70968E+02
    2.98148E+04    4.35653E+07    2.71568E+06    1.50873E+04    2.71514E-01   -8.38671E-03    5.21003E-01    8.91130E+01    9.19264E+01    1.76196E+02
    3.01522E+04    4.65228E+07    2.95753E+06    1.50873E+04    2.89119E-01   -8.89075E-03    5.37624E-01    9.19264E+01    9.49427E+01    1.81788E+02
    3.04934E+04    4.97515E+07    3.22867E+06    1.50873E+04    3.08606E-01   -9.44879E-03    5.55443E-01    9.49427E+01    9.81846E+01    1.87782E+02
    3.08384E+04    5.32853E+07    3.53377E+06    1.50873E+04    3.30258E-01   -1.00688E-02    5.74592E-01    9.81846E+01    1.01678E+02    1.94225E+02
    3.11873E+04    5.71637E+07    3.87846E+06    1.50873E+04    3.54411E-01   -1.07602E-02    5.95227E-01    1.01678E+02    1.05454E+02    2.01167E+02
    3.15402E+04    6.14333E+07    4.26952E+06    1.50873E+04    3.81470E-01   -1.15346E-02    6.17525E-01    1.05454E+02    1.09547E+02    2.08670E+02
    3.18971E+04    6.61485E+07    4.71526E+06    1.50873E+04    4.11927E-01   -1.24058E-02    6.41696E-01    1.09547E+02    1.13999E+02    2.16803E+02
    3.22580E+04    7.13743E+07    5.22583E+06    1.50873E+04    4.46380E-01   -1.33908E-02    6.67982E-01    1.13999E+02    1.18859E+02    2.25649E+02
    3.26230E+04    7.71882E+07    5.81383E+06    1.50873E+04    4.85563E-01   -1.45105E-02    6.96672E-01    1.18859E+02    1.24185E+02    2.35304E+02
    3.29921E+04    8.36832E+07    6.49498E+06    1.50873E+04    5.30390E-01   -1.57912E-02    7.28107E-01    1.24185E+02    1.30046E+02    2.45884E+02
    3.33653E+04    9.09723E+07    7.28912E+06    1.50873E+04    5.82004E-01   -1.72658E-02    7.62697E-01    1.30046E+02    1.36527E+02    2.57527E+02
    3.37428E+04    9.91938E+07    8.22154E+06    1.50873E+04    6.41857E-01   -1.89768E-02    8.00935E-01    1.36527E+02    1.43730E+02    2.70399E+02
    3.41246E+04    1.08519E+08    9.32489E+06    1.50873E+04    7.11808E-01   -2.09792E-02    8.43426E-01    1.43730E+02    1.51784E+02    2.84705E+02
    3.45106E+04    1.19161E+08    1.06419E+07    1.50873E+04    7.94278E-01   -2.33459E-02    8.90917E-01    1.51784E+02    1.60848E+02    3.00697E+02
    3.49010E+04    1.31390E+08    1.22294E+07    1.50873E+04    8.92467E-01   -2.61752E-02    9.44342E-01    1.60848E+02    1.71125E+02    3.18690E+02
    3.52959E+04    1.45554E+08    1.41642E+07    1.50873E+04    1.01068E+00   -2.96027E-02    1.00489E+00    1.71125E+02    1.82879E+02    3.39087E+02
    3.56952E+04    1.62107E+08    1.65524E+07    1.50873E+04    1.15483E+00   -3.38206E-02    1.07410E+00    1.82879E+02    1.96459E+02    3.62409E+02
    3.60990E+04    1.81651E+08    1.95443E+07    1.50873E+04    1.33325E+00   -3.91095E-02    1.15400E+00    1.96459E+02    2.12341E+02    3.89345E+02
    3.65074E+04    2.05009E+08    2.33582E+07    1.50873E+04    1.55799E+00   -4.58945E-02    1.24735E+00    2.12341E+02    2.31189E+02    4.20829E+02
    3.69204E+04    2.33332E+08    2.83227E+07    1.50873E+04    1.84712E+00   -5.48485E-02    1.35798E+00    2.31189E+02    2.53968E+02    4.58168E+02
    3.73380E+04    2.68285E+08    3.49536E+07    1.50873E+04    2.22888E+00   -6.70968E-02    1.49143E+00    2.53968E+02    2.82149E+02    5.03253E+02
    3.77604E+04    3.12387E+08    4.41020E+07    1.50873E+04    2.74972E+00   -8.46565E-02    1.65607E+00    2.82149E+02    3.18107E+02    5.58952E+02
    3.81876E+04    3.69658E+08    5.72703E+07    1.50873E+04    3.49135E+00   -1.11491E-01    1.86519E+00    3.18107E+02    3.65998E+02    6.29863E+02
    3.86195E+04    4.47009E+08    7.73510E+07    1.50873E+04    4.61068E+00   -1.56446E-01    2.14154E+00    3.65998E+02    4.33958E+02    7.23946E+02
    3.90564E+04    5.57648E+08    1.10640E+08    1.50873E+04    6.44828E+00   -2.43292E-01    2.52767E+00    4.33958E+02    5.40840E+02    8.56445E+02
    3.94982E+04    7.31288E+08    1.73640E+08    1.50873E+04    9.89504E+00   -4.56971E-01    3.11227E+00    5.40840E+02    7.43862E+02    1.06104E+03
    3.99450E+04    1.06062E+09    3.29333E+08    1.50873E+04    1.83501E+01   -1.25854E+00    4.09466E+00    7.43862E+02    1.30932E+03    1.42826E+03
    4.03968E+04    2.49723E+09    1.43661E+09    1.50873E+04    7.82669E+01   -6.75494E+00    5.71294E+00    1.30932E+03    4.37859E+03    2.26421E+03
