 # rho, F_z,dF_z, z(rho), E2 (=>sigma2=e0^2*E2), Er, Ez, Ui,j , Ui+1,j , Ui,j-1
    2.50000E-01    5.57058E-01    5.57058E-01    0.00000E+00    4.45647E+00   -5.47961E-01    2.03868E+00    2.29332E+00    2.56730E+00    3.31266E+00
    7.31707E-01    1.56862E+00    1.01156E+00    5.00000E-01    2.98321E+00   -2.13562E-01    1.71394E+00    1.71033E+00    1.80930E+00    2.56730E+00
    1.19774E+00    3.14855E+00    1.57994E+00    5.00000E-01    2.81467E+00   -7.67109E-02    1.67594E+00    1.80930E+00    1.84525E+00    2.64727E+00
    1.66904E+00    5.42613E+00    2.27757E+00    5.00000E-01    2.87923E+00   -4.97344E-02    1.69610E+00    1.84525E+00    1.86882E+00    2.69330E+00
    2.14566E+00    8.49354E+00    3.06742E+00    5.00000E-01    2.98265E+00   -4.95302E-02    1.72632E+00    1.86882E+00    1.89256E+00    2.73198E+00
    2.62767E+00    1.24580E+01    3.96447E+00    5.00000E-01    3.11260E+00   -6.17122E-02    1.76318E+00    1.89256E+00    1.92247E+00    2.77415E+00
    3.11513E+00    1.74665E+01    5.00845E+00    5.00000E-01    3.27987E+00   -8.73571E-02    1.80893E+00    1.92247E+00    1.96529E+00    2.82694E+00
    3.60810E+00    2.37292E+01    6.26273E+00    5.00000E-01    3.50136E+00   -1.39470E-01    1.86599E+00    1.96529E+00    2.03443E+00    2.89829E+00
    4.10663E+00    3.15490E+01    7.81977E+00    5.00000E-01    3.79821E+00   -2.60340E-01    1.93143E+00    2.03443E+00    2.16495E+00    3.00015E+00
    4.61080E+00    4.14722E+01    9.92324E+00    5.00000E-01    4.24490E+00   -5.93921E-01    1.97285E+00    2.16495E+00    2.46607E+00    3.15138E+00
    5.12067E+00    5.03739E+01    8.90175E+00    9.63414E-01    3.39046E+00   -4.77861E-01    1.77823E+00    1.57695E+00    1.82197E+00    2.46607E+00
    5.63630E+00    6.03394E+01    9.96541E+00    9.63414E-01    3.40982E+00   -4.05290E-01    1.80154E+00    1.82197E+00    2.03212E+00    2.72274E+00
    6.15775E+00    7.35680E+01    1.32286E+01    9.63414E-01    4.09679E+00   -7.24804E-01    1.88983E+00    2.03212E+00    2.41220E+00    2.97703E+00
    6.68510E+00    8.53875E+01    1.18196E+01    1.43207E+00    3.33399E+00   -5.96515E-01    1.72573E+00    1.61247E+00    1.92880E+00    2.41220E+00
    7.21840E+00    1.00052E+02    1.46647E+01    1.43207E+00    3.78810E+00   -7.84865E-01    1.78104E+00    1.92880E+00    2.34973E+00    2.75416E+00
    7.75774E+00    1.12568E+02    1.25163E+01    1.90601E+00    2.97475E+00   -5.93671E-01    1.61935E+00    1.59082E+00    1.91280E+00    2.34973E+00
    8.30316E+00    1.28913E+02    1.63445E+01    1.90601E+00    3.58888E+00   -7.97727E-01    1.71829E+00    1.91280E+00    2.35035E+00    2.71808E+00
    8.85475E+00    1.43187E+02    1.42739E+01    2.38531E+00    2.90614E+00   -6.06346E-01    1.59326E+00    1.59523E+00    1.93156E+00    2.35035E+00
    9.41258E+00    1.62437E+02    1.92505E+01    2.38531E+00    3.64589E+00   -8.43044E-01    1.71323E+00    1.93156E+00    2.40447E+00    2.74354E+00
    9.97670E+00    1.79845E+02    1.74079E+01    2.87003E+00    3.07574E+00   -6.70362E-01    1.62060E+00    1.62771E+00    2.00801E+00    2.40447E+00
    1.05472E+01    2.04826E+02    2.49808E+01    2.87003E+00    4.12837E+00   -1.01966E+00    1.75746E+00    2.00801E+00    2.59299E+00    2.85036E+00
    1.11242E+01    2.32000E+02    2.71742E+01    3.36023E+00    4.21037E+00   -1.17877E+00    1.67954E+00    1.77889E+00    2.46280E+00    2.59299E+00
    1.17076E+01    2.56664E+02    2.46639E+01    3.85596E+00    3.59040E+00   -1.16132E+00    1.49724E+00    1.72885E+00    2.41025E+00    2.46280E+00
    1.22977E+01    2.80863E+02    2.41988E+01    4.35730E+00    3.31620E+00   -1.14482E+00    1.41619E+00    1.70820E+00    2.38751E+00    2.41025E+00
    1.28944E+01    3.05422E+02    2.45588E+01    4.86430E+00    3.17393E+00   -1.13785E+00    1.37085E+00    1.70025E+00    2.38305E+00    2.38751E+00
    1.34979E+01    3.30943E+02    2.55213E+01    5.37703E+00    3.11564E+00   -1.14309E+00    1.34498E+00    1.70114E+00    2.39484E+00    2.38305E+00
    1.41082E+01    3.58122E+02    2.71794E+01    5.89556E+00    3.13906E+00   -1.16658E+00    1.33347E+00    1.71113E+00    2.42708E+00    2.39484E+00
    1.47254E+01    3.88167E+02    3.00441E+01    6.41994E+00    3.28734E+00   -1.22694E+00    1.33490E+00    1.73490E+00    2.49641E+00    2.42708E+00
    1.53495E+01    4.24590E+02    3.64239E+01    6.95025E+00    3.78061E+00   -1.40654E+00    1.34248E+00    1.79243E+00    2.67527E+00    2.49641E+00
    1.59807E+01    4.47365E+02    2.27742E+01    8.02892E+00    2.24511E+00   -1.21438E+00    8.77714E-01    1.60692E+00    2.37776E+00    2.07764E+00
    1.66191E+01    4.82646E+02    3.52809E+01    8.57741E+00    3.30707E+00   -1.40889E+00    1.14982E+00    1.75414E+00    2.65856E+00    2.37776E+00
    1.72646E+01    5.11496E+02    2.88508E+01    9.69305E+00    2.57413E+00   -1.38139E+00    8.16015E-01    1.65156E+00    2.54834E+00    2.10419E+00
    1.79175E+01    5.39746E+02    2.82491E+01    1.08341E+01    2.40148E+00   -1.36084E+00    7.41346E-01    1.63367E+00    2.52709E+00    2.05424E+00
    1.85777E+01    5.70578E+02    3.08321E+01    1.20010E+01    2.49966E+00   -1.41629E+00    7.02709E-01    1.64937E+00    2.58970E+00    2.05707E+00
    1.92454E+01    5.97484E+02    2.69061E+01    1.38013E+01    2.08215E+00   -1.34548E+00    5.21377E-01    1.58491E+00    2.48833E+00    1.89778E+00
    1.99207E+01    6.18962E+02    2.14783E+01    1.62981E+01    1.58784E+00   -1.19672E+00    3.94602E-01    1.51655E+00    2.32916E+00    1.76423E+00
    2.06035E+01    6.37109E+02    1.81467E+01    1.89097E+01    1.28259E+00   -1.07970E+00    3.41814E-01    1.47919E+00    2.22063E+00    1.70360E+00
    2.12941E+01    6.56477E+02    1.93684E+01    2.09469E+01    1.30974E+00   -1.08911E+00    3.51526E-01    1.49981E+00    2.25616E+00    1.73851E+00
    2.19925E+01    6.73467E+02    1.69901E+01    2.37722E+01    1.10000E+00   -1.00801E+00    2.89680E-01    1.46716E+00    2.17509E+00    1.67290E+00
    2.26988E+01    6.88456E+02    1.49887E+01    2.67274E+01    9.29717E-01   -9.28700E-01    2.59293E-01    1.44365E+00    2.10325E+00    1.63628E+00
    2.34130E+01    7.04497E+02    1.60411E+01    2.90326E+01    9.53863E-01   -9.38710E-01    2.69605E-01    1.46368E+00    2.13793E+00    1.67084E+00
    2.41354E+01    7.18221E+02    1.37236E+01    3.22296E+01    7.82791E-01   -8.55885E-01    2.24170E-01    1.42983E+00    2.05154E+00    1.61000E+00
    2.48659E+01    7.32326E+02    1.41049E+01    3.47234E+01    7.72179E-01   -8.47500E-01    2.32211E-01    1.44093E+00    2.06350E+00    1.63395E+00
    2.56046E+01    7.46400E+02    1.40747E+01    3.73028E+01    7.39932E-01   -8.30774E-01    2.23040E-01    1.44196E+00    2.05914E+00    1.63372E+00
    2.63517E+01    7.60331E+02    1.39310E+01    3.99705E+01    7.03660E-01   -8.11621E-01    2.11969E-01    1.44082E+00    2.05058E+00    1.62930E+00
    2.71072E+01    7.74070E+02    1.37391E+01    4.27298E+01    6.67090E-01   -7.91698E-01    2.00759E-01    1.43881E+00    2.04033E+00    1.62345E+00
    2.78713E+01    7.87588E+02    1.35176E+01    4.55836E+01    6.31206E-01   -7.71475E-01    1.89822E-01    1.43628E+00    2.02906E+00    1.61685E+00
    2.86440E+01    8.00855E+02    1.32666E+01    4.85353E+01    5.96042E-01   -7.50935E-01    1.79275E-01    1.43323E+00    2.01675E+00    1.60961E+00
    2.94255E+01    8.13824E+02    1.29695E+01    5.15882E+01    5.60881E-01   -7.29571E-01    1.69137E-01    1.42941E+00    2.00273E+00    1.60152E+00
    3.02157E+01    8.26385E+02    1.25610E+01    5.47457E+01    5.23096E-01   -7.05459E-01    1.59450E-01    1.42380E+00    1.98444E+00    1.59162E+00
    3.10149E+01    8.38018E+02    1.16329E+01    5.80115E+01    4.66688E-01   -6.66126E-01    1.51539E-01    1.41022E+00    1.94558E+00    1.57518E+00
    3.18232E+01    8.51789E+02    1.37710E+01    6.02507E+01    5.32417E-01   -7.05521E-01    1.86166E-01    1.45212E+00    2.02555E+00    1.65938E+00
    3.26405E+01    8.64333E+02    1.25438E+01    6.37052E+01    4.67544E-01   -6.68792E-01    1.42341E-01    1.42504E+00    1.97475E+00    1.58894E+00
    3.34671E+01    8.75745E+02    1.14124E+01    6.72782E+01    4.10230E-01   -6.26631E-01    1.32528E-01    1.40719E+00    1.92808E+00    1.56502E+00
    3.43031E+01    8.88962E+02    1.32166E+01    6.97280E+01    4.58327E-01   -6.57146E-01    1.62745E-01    1.44375E+00    1.99617E+00    1.64198E+00
    3.51485E+01    9.00322E+02    1.13607E+01    7.35074E+01    3.80198E-01   -6.03943E-01    1.24300E-01    1.40684E+00    1.92027E+00    1.56343E+00
    3.60034E+01    9.12916E+02    1.25940E+01    7.60988E+01    4.06863E-01   -6.19466E-01    1.52071E-01    1.43418E+00    1.96676E+00    1.63010E+00
    3.68680E+01    9.26712E+02    1.37951E+01    7.87490E+01    4.30352E-01   -6.37867E-01    1.53225E-01    1.45307E+00    2.00767E+00    1.65497E+00
    3.77424E+01    9.38463E+02    1.17514E+01    8.28378E+01    3.54105E-01   -5.84354E-01    1.12404E-01    1.41271E+00    1.92653E+00    1.56590E+00
    3.86267E+01    9.51729E+02    1.32658E+01    8.56412E+01    3.86221E-01   -6.06335E-01    1.36303E-01    1.44332E+00    1.98249E+00    1.63331E+00
    3.95209E+01    9.62994E+02    1.12656E+01    8.99662E+01    3.16983E-01   -5.53685E-01    1.02056E-01    1.40429E+00    1.90220E+00    1.55141E+00
    4.04252E+01    9.75196E+02    1.22015E+01    9.29317E+01    3.31886E-01   -5.62295E-01    1.25340E-01    1.42617E+00    1.93754E+00    1.61097E+00
    4.13398E+01    9.87894E+02    1.26985E+01    9.59645E+01    3.33992E-01   -5.63886E-01    1.26585E-01    1.43457E+00    1.95318E+00    1.62545E+00
    4.22647E+01    1.00104E+03    1.31453E+01    9.90662E+01    3.34397E-01   -5.64641E-01    1.24812E-01    1.44125E+00    1.96643E+00    1.63374E+00
    4.32001E+01    1.01495E+03    1.39092E+01    1.02238E+02    3.42301E-01   -5.72341E-01    1.21357E-01    1.45219E+00    1.99054E+00    1.64359E+00
    4.41460E+01    1.02653E+03    1.15823E+01    1.07133E+02    2.75811E-01   -5.17952E-01    8.68160E-02    1.40793E+00    1.90062E+00    1.54955E+00
    4.51026E+01    1.03891E+03    1.23740E+01    1.10488E+02    2.85192E-01   -5.23302E-01    1.06519E-01    1.42658E+00    1.92999E+00    1.60430E+00
    4.60700E+01    1.05161E+03    1.27073E+01    1.13920E+02    2.83521E-01   -5.21609E-01    1.06979E-01    1.43217E+00    1.93962E+00    1.61470E+00
    4.70484E+01    1.06452E+03    1.29085E+01    1.17430E+02    2.78870E-01   -5.17518E-01    1.05098E-01    1.43497E+00    1.94413E+00    1.61838E+00
    4.80378E+01    1.07757E+03    1.30536E+01    1.21019E+02    2.73109E-01   -5.12422E-01    1.02629E-01    1.43672E+00    1.94656E+00    1.61988E+00
    4.90384E+01    1.09074E+03    1.31671E+01    1.24691E+02    2.66849E-01   -5.06809E-01    9.99671E-02    1.43791E+00    1.94786E+00    1.62038E+00
    5.00503E+01    1.10400E+03    1.32590E+01    1.28445E+02    2.60336E-01   -5.00879E-01    9.72442E-02    1.43873E+00    1.94842E+00    1.62026E+00
    5.10736E+01    1.11733E+03    1.33327E+01    1.32285E+02    2.53671E-01   -4.94710E-01    9.45148E-02    1.43926E+00    1.94836E+00    1.61971E+00
    5.21085E+01    1.13072E+03    1.33878E+01    1.36212E+02    2.46871E-01   -4.88307E-01    9.18043E-02    1.43951E+00    1.94770E+00    1.61877E+00
    5.31551E+01    1.14414E+03    1.34201E+01    1.40229E+02    2.39883E-01   -4.81601E-01    8.91252E-02    1.43940E+00    1.94628E+00    1.61738E+00
    5.42135E+01    1.15756E+03    1.34179E+01    1.44337E+02    2.32534E-01   -4.74399E-01    8.64869E-02    1.43877E+00    1.94371E+00    1.61541E+00
    5.52839E+01    1.17091E+03    1.33510E+01    1.48538E+02    2.24360E-01   -4.66174E-01    8.39156E-02    1.43716E+00    1.93895E+00    1.61244E+00
    5.63664E+01    1.18403E+03    1.31171E+01    1.52834E+02    2.13780E-01   -4.55110E-01    8.15768E-02    1.43300E+00    1.92841E+00    1.60727E+00
    5.74611E+01    1.19612E+03    1.20972E+01    1.57229E+02    1.91242E-01   -4.29673E-01    8.13824E-02    1.41683E+00    1.88983E+00    1.59463E+00
    5.85682E+01    1.21301E+03    1.68820E+01    1.59463E+02    2.58912E-01   -4.78362E-01    1.73439E-01    1.50662E+00    2.03918E+00    1.88983E+00
    5.96878E+01    1.22774E+03    1.47360E+01    1.64008E+02    2.19283E-01   -4.60766E-01    8.35362E-02    1.45696E+00    1.97572E+00    1.64573E+00
    6.08200E+01    1.24203E+03    1.42910E+01    1.68656E+02    2.06370E-01   -4.47794E-01    7.64906E-02    1.44849E+00    1.95835E+00    1.62527E+00
    6.19650E+01    1.25592E+03    1.38911E+01    1.73410E+02    1.94688E-01   -4.35104E-01    7.32984E-02    1.44172E+00    1.94273E+00    1.61497E+00
    6.31230E+01    1.26868E+03    1.27591E+01    1.78272E+02    1.73581E-01   -4.10235E-01    7.27202E-02    1.42423E+00    1.90194E+00    1.60002E+00
    6.42940E+01    1.28628E+03    1.75966E+01    1.80744E+02    2.32407E-01   -4.54976E-01    1.59385E-01    1.51230E+00    2.04810E+00    1.90194E+00
    6.54783E+01    1.30152E+03    1.52420E+01    1.85773E+02    1.95458E-01   -4.35833E-01    7.42166E-02    1.46095E+00    1.98000E+00    1.64651E+00
    6.66760E+01    1.31609E+03    1.45629E+01    1.90916E+02    1.81346E-01   -4.20389E-01    6.79654E-02    1.44937E+00    1.95569E+00    1.62316E+00
    6.78872E+01    1.32938E+03    1.32921E+01    1.96176E+02    1.60751E-01   -3.95330E-01    6.68260E-02    1.43007E+00    1.91159E+00    1.60483E+00
    6.91121E+01    1.34752E+03    1.81423E+01    1.98850E+02    2.13112E-01   -4.36788E-01    1.49428E-01    1.51640E+00    2.05442E+00    1.91159E+00
    7.03508E+01    1.36301E+03    1.54919E+01    2.04290E+02    1.76777E-01   -4.14914E-01    6.79955E-02    1.46198E+00    1.97883E+00    1.64589E+00
    7.16036E+01    1.37695E+03    1.39372E+01    2.09854E+02    1.54508E-01   -3.87851E-01    6.38730E-02    1.43818E+00    1.92679E+00    1.61487E+00
    7.28704E+01    1.39583E+03    1.88799E+01    2.12683E+02    2.03366E-01   -4.27341E-01    1.44031E-01    1.52386E+00    2.06829E+00    1.92679E+00
    7.41516E+01    1.41189E+03    1.60576E+01    2.18438E+02    1.68078E-01   -4.04909E-01    6.42404E-02    1.46800E+00    1.98968E+00    1.65180E+00
    7.54473E+01    1.42631E+03    1.44277E+01    2.24323E+02    1.46765E-01   -3.78338E-01    6.02145E-02    1.44361E+00    1.93657E+00    1.61980E+00
    7.67576E+01    1.44575E+03    1.94375E+01    2.27316E+02    1.92180E-01   -4.16154E-01    1.37826E-01    1.52872E+00    2.07708E+00    1.93657E+00
    7.80828E+01    1.46223E+03    1.64768E+01    2.33403E+02    1.58354E-01   -3.93321E-01    6.04321E-02    1.47189E+00    1.99602E+00    1.65478E+00
    7.94229E+01    1.47695E+03    1.47193E+01    2.39628E+02    1.37522E-01   -3.66488E-01    5.66445E-02    1.44608E+00    1.93997E+00    1.62141E+00
    8.07781E+01    1.49656E+03    1.96105E+01    2.42794E+02    1.78133E-01   -4.01068E-01    1.31445E-01    1.52852E+00    2.07512E+00    1.93997E+00
    8.21487E+01    1.51223E+03    1.56702E+01    2.49232E+02    1.38403E-01   -3.67409E-01    5.84196E-02    1.45941E+00    1.96579E+00    1.64643E+00
    8.35347E+01    1.53288E+03    2.06535E+01    2.52507E+02    1.77385E-01   -4.00159E-01    1.31369E-01    1.54049E+00    2.09824E+00    1.96579E+00
    8.49364E+01    1.54933E+03    1.64475E+01    2.59166E+02    1.37378E-01   -3.66206E-01    5.71926E-02    1.46900E+00    1.98519E+00    1.65837E+00
    8.63540E+01    1.57104E+03    2.17141E+01    2.62552E+02    1.76397E-01   -3.99584E-01    1.29342E-01    1.55209E+00    2.12170E+00    1.98519E+00
    8.77875E+01    1.58924E+03    1.81973E+01    2.69440E+02    1.43788E-01   -3.75315E-01    5.41005E-02    1.49050E+00    2.03156E+00    1.67577E+00
    8.92373E+01    1.60546E+03    1.62190E+01    2.76485E+02    1.24666E-01   -3.49467E-01    5.03876E-02    1.46310E+00    1.97259E+00    1.63958E+00
    9.07034E+01    1.62686E+03    2.13971E+01    2.80067E+02    1.60000E-01   -3.81402E-01    1.20552E-01    1.54559E+00    2.10793E+00    1.97259E+00
    9.21861E+01    1.64394E+03    1.70867E+01    2.87353E+02    1.24309E-01   -3.48759E-01    5.17248E-02    1.47461E+00    1.99462E+00    1.66198E+00
    9.36856E+01    1.66623E+03    2.22914E+01    2.91058E+02    1.57795E-01   -3.78691E-01    1.19953E-01    1.55518E+00    2.12621E+00    1.99462E+00
    9.52020E+01    1.68389E+03    1.76538E+01    2.98594E+02    1.21602E-01   -3.45035E-01    5.05249E-02    1.48103E+00    2.00719E+00    1.67034E+00
    9.67356E+01    1.70682E+03    2.29359E+01    3.02425E+02    1.53744E-01   -3.74033E-01    1.17659E-01    1.56137E+00    2.13819E+00    2.00719E+00
    9.82864E+01    1.72492E+03    1.80909E+01    3.10220E+02    1.18020E-01   -3.40015E-01    4.90919E-02    1.48559E+00    2.01587E+00    1.67583E+00
    9.98548E+01    1.74830E+03    2.33820E+01    3.14183E+02    1.48464E-01   -3.67742E-01    1.15023E-01    1.56510E+00    2.14511E+00    2.01587E+00
    1.01441E+02    1.76641E+03    1.81141E+01    3.22244E+02    1.11952E-01   -3.31144E-01    4.79181E-02    1.48486E+00    2.01305E+00    1.67692E+00
    1.03045E+02    1.78906E+03    2.26508E+01    3.26343E+02    1.36272E-01   -3.51426E-01    1.13012E-01    1.55497E+00    2.12184E+00    2.01305E+00
    1.04667E+02    1.81573E+03    2.66645E+01    3.30489E+02    1.56168E-01   -3.74227E-01    1.26975E-01    1.60136E+00    2.21183E+00    2.12184E+00
    1.06308E+02    1.83596E+03    2.02324E+01    3.38921E+02    1.15364E-01   -3.36299E-01    4.76183E-02    1.50984E+00    2.06464E+00    1.70947E+00
    1.07967E+02    1.86194E+03    2.59835E+01    3.43208E+02    1.44251E-01   -3.63000E-01    1.11722E-01    1.59098E+00    2.19659E+00    2.06464E+00
    1.09645E+02    1.88236E+03    2.04174E+01    3.51929E+02    1.10368E-01   -3.29135E-01    4.51468E-02    1.51064E+00    2.06596E+00    1.70640E+00
    1.11341E+02    1.90856E+03    2.62022E+01    3.56364E+02    1.37921E-01   -3.55289E-01    1.08124E-01    1.59183E+00    2.19806E+00    2.06596E+00
    1.13057E+02    1.92889E+03    2.03235E+01    3.65384E+02    1.04177E-01   -3.19774E-01    4.38306E-02    1.50851E+00    2.06030E+00    1.70507E+00
    1.14793E+02    1.95416E+03    2.52745E+01    3.69970E+02    1.26171E-01   -3.39062E-01    1.05868E-01    1.58015E+00    2.17183E+00    2.06030E+00
    1.16547E+02    1.98374E+03    2.95799E+01    3.74609E+02    1.43815E-01   -3.60139E-01    1.18805E-01    1.62692E+00    2.26249E+00    2.17183E+00
    1.18322E+02    2.00618E+03    2.24435E+01    3.84044E+02    1.06280E-01   -3.23102E-01    4.34224E-02    1.53204E+00    2.10868E+00    1.73572E+00
    1.20117E+02    2.03476E+03    2.85765E+01    3.88841E+02    1.31812E-01   -3.47746E-01    1.04327E-01    1.61377E+00    2.24141E+00    2.10868E+00
    1.21932E+02    2.05686E+03    2.20970E+01    3.98599E+02    9.92852E-02   -3.12364E-01    4.14038E-02    1.52683E+00    2.09698E+00    1.72771E+00
    1.23768E+02    2.08420E+03    2.73387E+01    4.03561E+02    1.19663E-01   -3.30716E-01    1.01441E-01    1.59926E+00    2.20973E+00    2.09698E+00
    1.25624E+02    2.11599E+03    3.17951E+01    4.08579E+02    1.35580E-01   -3.50222E-01    1.13688E-01    1.64562E+00    2.29940E+00    2.20973E+00
    1.27501E+02    2.13976E+03    2.37652E+01    4.18786E+02    9.87316E-02   -3.11513E-01    4.11273E-02    1.54443E+00    2.13252E+00    1.75314E+00
    1.29400E+02    2.16904E+03    2.92849E+01    4.23976E+02    1.18539E-01   -3.29357E-01    1.00313E-01    1.61771E+00    2.24651E+00    2.13252E+00
    1.31320E+02    2.20305E+03    3.40091E+01    4.29225E+02    1.34133E-01   -3.48682E-01    1.12041E-01    1.66501E+00    2.33824E+00    2.24651E+00
    1.33262E+02    2.22887E+03    2.58237E+01    4.39901E+02    9.92439E-02   -3.12509E-01    3.97781E-02    1.56510E+00    2.17530E+00    1.77624E+00
    1.35225E+02    2.26156E+03    3.26856E+01    4.45329E+02    1.22408E-01   -3.35885E-01    9.79219E-02    1.64966E+00    2.31291E+00    2.17530E+00
    1.37211E+02    2.28690E+03    2.53410E+01    4.56371E+02    9.24837E-02   -3.01749E-01    3.78321E-02    1.55882E+00    2.16140E+00    1.76651E+00
    1.39219E+02    2.31810E+03    3.11948E+01    4.61986E+02    1.10951E-01   -3.19246E-01    9.50427E-02    1.63372E+00    2.27845E+00    2.16140E+00
    1.41250E+02    2.35418E+03    3.60863E+01    4.67664E+02    1.25090E-01   -3.37296E-01    1.06401E-01    1.68103E+00    2.36991E+00    2.27845E+00
    1.43304E+02    2.38118E+03    2.69983E+01    4.79214E+02    9.12152E-02   -2.99680E-01    3.75139E-02    1.57510E+00    2.19407E+00    1.79052E+00
    1.45381E+02    2.41421E+03    3.30317E+01    4.85087E+02    1.08776E-01   -3.16217E-01    9.37174E-02    1.64983E+00    2.31033E+00    2.19407E+00
    1.47482E+02    2.45221E+03    3.79996E+01    4.91026E+02    1.21975E-01   -3.33238E-01    1.04534E-01    1.69642E+00    2.40034E+00    2.31033E+00
    1.49606E+02    2.48039E+03    2.81776E+01    5.03107E+02    8.81667E-02   -2.94669E-01    3.65657E-02    1.58579E+00    2.21527E+00    1.80541E+00
    1.51754E+02    2.51447E+03    3.40839E+01    5.09249E+02    1.03963E-01   -3.09103E-01    9.17494E-02    1.65796E+00    2.32574E+00    2.21527E+00
    1.53927E+02    2.55251E+03    3.80408E+01    5.15462E+02    1.13116E-01   -3.20254E-01    1.02730E-01    1.69469E+00    2.39438E+00    2.32574E+00
    1.56124E+02    2.59503E+03    4.25130E+01    5.21744E+02    1.23243E-01   -3.34539E-01    1.06426E-01    1.73323E+00    2.47238E+00    2.39438E+00
    1.58346E+02    2.62633E+03    3.13058E+01    5.34523E+02    8.84805E-02   -2.95275E-01    3.59604E-02    1.61464E+00    2.27442E+00    1.84311E+00
    1.60593E+02    2.66441E+03    3.80763E+01    5.41021E+02    1.04925E-01   -3.10983E-01    9.06320E-02    1.69208E+00    2.39481E+00    2.27442E+00
    1.62866E+02    2.70799E+03    4.35775E+01    5.47592E+02    1.17085E-01   -3.26995E-01    1.00795E-01    1.73986E+00    2.48712E+00    2.39481E+00
    1.65164E+02    2.74031E+03    3.23200E+01    5.60958E+02    8.46732E-02   -2.88924E-01    3.45867E-02    1.62277E+00    2.29049E+00    1.85262E+00
    1.67488E+02    2.77926E+03    3.89505E+01    5.67755E+02    9.95037E-02   -3.02871E-01    8.81651E-02    1.69796E+00    2.40582E+00    2.29049E+00
    1.69838E+02    2.82258E+03    4.33187E+01    5.74628E+02    1.07912E-01   -3.13353E-01    9.85988E-02    1.73569E+00    2.47632E+00    2.40582E+00
    1.72215E+02    2.87078E+03    4.82042E+01    5.81579E+02    1.17102E-01   -3.26634E-01    1.02041E-01    1.77496E+00    2.55571E+00    2.47632E+00
    1.74619E+02    2.90610E+03    3.53193E+01    5.95718E+02    8.36739E-02   -2.87262E-01    3.39797E-02    1.64851E+00    2.34291E+00    1.88738E+00
    1.77050E+02    2.94853E+03    4.24312E+01    6.02907E+02    9.80344E-02   -3.00816E-01    8.68564E-02    1.72545E+00    2.46083E+00    2.34291E+00
    1.79508E+02    2.99561E+03    4.70798E+01    6.10178E+02    1.06086E-01   -3.10944E-01    9.69533E-02    1.76379E+00    2.53252E+00    2.46083E+00
    1.81994E+02    3.04790E+03    5.22891E+01    6.17531E+02    1.14916E-01   -3.23840E-01    1.00221E-01    1.80385E+00    2.61351E+00    2.53252E+00
    1.84509E+02    3.08625E+03    3.83561E+01    6.32487E+02    8.22179E-02   -2.84824E-01    3.30613E-02    1.67328E+00    2.39343E+00    1.91912E+00
    1.87052E+02    3.13227E+03    4.60177E+01    6.40091E+02    9.62129E-02   -2.98243E-01    8.52296E-02    1.75252E+00    2.51512E+00    2.39343E+00
    1.89623E+02    3.18328E+03    5.10050E+01    6.47782E+02    1.04019E-01   -3.08180E-01    9.50986E-02    1.79191E+00    2.58883E+00    2.51512E+00
    1.92223E+02    3.23986E+03    5.65859E+01    6.55560E+02    1.12567E-01   -3.20795E-01    9.82718E-02    1.83304E+00    2.67196E+00    2.58883E+00
    1.94853E+02    3.28145E+03    4.15875E+01    6.71380E+02    8.07020E-02   -2.82258E-01    3.21343E-02    1.69860E+00    2.44507E+00    1.95135E+00
    1.97513E+02    3.33128E+03    4.98340E+01    6.79424E+02    9.43364E-02   -2.95551E-01    8.35827E-02    1.78022E+00    2.57068E+00    2.44507E+00
    2.00203E+02    3.38646E+03    5.51784E+01    6.87560E+02    1.01899E-01   -3.05297E-01    9.32332E-02    1.82068E+00    2.64644E+00    2.57068E+00
    2.02923E+02    3.44761E+03    6.11448E+01    6.95787E+02    1.10159E-01   -3.17618E-01    9.63184E-02    1.86287E+00    2.73166E+00    2.64644E+00
    2.05673E+02    3.49261E+03    4.50028E+01    7.12521E+02    7.90989E-02   -2.79507E-01    3.12252E-02    1.72434E+00    2.49752E+00    1.98414E+00
    2.08455E+02    3.54645E+03    5.38404E+01    7.21030E+02    9.23262E-02   -2.92599E-01    8.19261E-02    1.80818E+00    2.62673E+00    2.49752E+00
    2.11269E+02    3.60597E+03    5.95172E+01    7.29636E+02    9.95765E-02   -3.02047E-01    9.13466E-02    1.84944E+00    2.70397E+00    2.62673E+00
    2.14114E+02    3.67178E+03    6.58124E+01    7.38338E+02    1.07432E-01   -3.13900E-01    9.43307E-02    1.89221E+00    2.79031E+00    2.70397E+00
    2.16991E+02    3.72009E+03    4.83068E+01    7.56040E+02    7.69406E-02   -2.75715E-01    3.03608E-02    1.74825E+00    2.54601E+00    2.01545E+00
    2.19901E+02    3.77756E+03    5.74704E+01    7.65041E+02    8.93155E-02   -2.87899E-01    8.01835E-02    1.83234E+00    2.67476E+00    2.54601E+00
    2.22843E+02    3.84042E+03    6.28589E+01    7.74144E+02    9.53227E-02   -2.95523E-01    8.93814E-02    1.87024E+00    2.74474E+00    2.67476E+00
    2.25819E+02    3.90797E+03    6.75581E+01    7.83349E+02    9.99690E-02   -3.02298E-01    9.26563E-02    1.90132E+00    2.80598E+00    2.74474E+00
    2.28829E+02    3.98180E+03    7.38292E+01    7.92659E+02    1.06607E-01   -3.12700E-01    9.39475E-02    1.94114E+00    2.88750E+00    2.80598E+00
    2.31872E+02    4.03558E+03    5.37759E+01    8.11595E+02    7.57754E-02   -2.73660E-01    2.97592E-02    1.78654E+00    2.62411E+00    2.06672E+00
    2.34950E+02    4.09927E+03    6.36882E+01    8.21224E+02    8.75775E-02   -2.85218E-01    7.89178E-02    1.87272E+00    2.75553E+00    2.62411E+00
    2.38063E+02    4.16852E+03    6.92505E+01    8.30961E+02    9.29309E-02   -2.91918E-01    8.78326E-02    1.90981E+00    2.82357E+00    2.75553E+00
    2.41211E+02    4.24218E+03    7.36621E+01    8.40809E+02    9.64709E-02   -2.96970E-01    9.09925E-02    1.93752E+00    2.87760E+00    2.82357E+00
    2.44394E+02    4.32050E+03    7.83172E+01    8.50768E+02    1.00100E-01   -3.02533E-01    9.25949E-02    1.96576E+00    2.93427E+00    2.87760E+00
    2.47614E+02    4.40563E+03    8.51278E+01    8.60839E+02    1.06191E-01   -3.12247E-01    9.32322E-02    2.00578E+00    3.01668E+00    2.93427E+00
    2.50870E+02    4.46764E+03    6.20143E+01    8.81325E+02    7.55011E-02   -2.73225E-01    2.91414E-02    1.84085E+00    2.73541E+00    2.13766E+00
    2.54162E+02    4.54109E+03    7.34546E+01    8.91741E+02    8.72846E-02   -2.84981E-01    7.79130E-02    1.93288E+00    2.87648E+00    2.73541E+00
    2.57492E+02    4.62117E+03    8.00767E+01    9.02276E+02    9.28735E-02   -2.92172E-01    8.66531E-02    1.97384E+00    2.95218E+00    2.87648E+00
    2.60859E+02    4.70701E+03    8.58373E+01    9.12929E+02    9.71715E-02   -2.98544E-01    8.96823E-02    2.00743E+00    3.01840E+00    2.95218E+00
    2.64265E+02    4.80057E+03    9.35568E+01    9.23703E+02    1.03377E-01   -3.08426E-01    9.08346E-02    2.05069E+00    3.10693E+00    3.01840E+00
    2.67709E+02    4.86892E+03    6.83549E+01    9.45618E+02    7.37252E-02   -2.70049E-01    2.82607E-02    1.87996E+00    2.81523E+00    2.18788E+00
    2.71192E+02    4.94967E+03    8.07457E+01    9.56761E+02    8.50105E-02   -2.81413E-01    7.62725E-02    1.97480E+00    2.96043E+00    2.81523E+00
    2.74714E+02    5.03728E+03    8.76188E+01    9.68030E+02    9.00463E-02   -2.87841E-01    8.48176E-02    2.01529E+00    3.03483E+00    2.96043E+00
    2.78276E+02    5.13031E+03    9.30270E+01    9.79426E+02    9.33260E-02   -2.92604E-01    8.78021E-02    2.04537E+00    3.09349E+00    3.03483E+00
    2.81878E+02    5.22901E+03    9.87001E+01    9.90952E+02    9.66597E-02   -2.97803E-01    8.92918E-02    2.07587E+00    3.15467E+00    3.09349E+00
    2.85521E+02    5.33599E+03    1.06976E+02    1.00261E+03    1.02272E-01   -3.06915E-01    8.98602E-02    2.11901E+00    3.24338E+00    3.15467E+00
    2.89205E+02    5.41391E+03    7.79222E+01    1.02631E+03    7.27251E-02   -2.68256E-01    2.76361E-02    1.93607E+00    2.92992E+00    2.26182E+00
    2.92931E+02    5.50568E+03    9.17678E+01    1.03837E+03    8.36130E-02   -2.79247E-01    7.50618E-02    2.03515E+00    3.08141E+00    2.92992E+00
    2.96699E+02    5.60491E+03    9.92282E+01    1.05056E+03    8.82650E-02   -2.85155E-01    8.33773E-02    2.07629E+00    3.15675E+00    3.08141E+00
    3.00509E+02    5.70972E+03    1.04815E+02    1.06289E+03    9.10236E-02   -2.89114E-01    8.62367E-02    2.10541E+00    3.21326E+00    3.15675E+00
    3.04363E+02    5.81985E+03    1.10128E+02    1.07536E+03    9.33712E-02   -2.92717E-01    8.76814E-02    2.13222E+00    3.26655E+00    3.21326E+00
    3.08260E+02    5.93607E+03    1.16224E+02    1.08797E+03    9.62076E-02   -2.97259E-01    8.85691E-02    2.16223E+00    3.32718E+00    3.26655E+00
    3.12201E+02    6.06161E+03    1.25538E+02    1.10072E+03    1.01459E-01   -3.05883E-01    8.88500E-02    2.20684E+00    3.41913E+00    3.32718E+00
    3.16187E+02    6.15302E+03    9.14076E+01    1.12666E+03    7.21287E-02   -2.67203E-01    2.70371E-02    2.00966E+00    3.08062E+00    2.35833E+00
    3.20217E+02    6.26049E+03    1.07473E+02    1.13985E+03    8.28026E-02   -2.78074E-01    7.40098E-02    2.11541E+00    3.24254E+00    3.08062E+00
    3.24294E+02    6.37656E+03    1.16067E+02    1.15318E+03    8.73134E-02   -2.83840E-01    8.21487E-02    2.15908E+00    3.32257E+00    3.24254E+00
    3.28416E+02    6.49904E+03    1.22482E+02    1.16667E+03    8.99659E-02   -2.87671E-01    8.49179E-02    2.18993E+00    3.38246E+00    3.32257E+00
    3.32585E+02    6.62762E+03    1.28575E+02    1.18031E+03    9.22153E-02   -2.91148E-01    8.63036E-02    2.21833E+00    3.43890E+00    3.38246E+00
    3.36801E+02    6.76318E+03    1.35565E+02    1.19411E+03    9.49388E-02   -2.95540E-01    8.71472E-02    2.25012E+00    3.50311E+00    3.43890E+00
    3.41064E+02    6.90943E+03    1.46249E+02    1.20806E+03    1.00011E-01   -3.03928E-01    8.74000E-02    2.29740E+00    3.60051E+00    3.50311E+00
    3.45376E+02    7.01602E+03    1.06590E+02    1.23644E+03    7.11759E-02   -2.65482E-01    2.63699E-02    2.08626E+00    3.23740E+00    2.45831E+00
    3.49737E+02    7.14111E+03    1.25087E+02    1.25087E+03    8.15644E-02   -2.76161E-01    7.27980E-02    2.19869E+00    3.40966E+00    3.23740E+00
    3.54147E+02    7.27592E+03    1.34810E+02    1.26546E+03    8.58395E-02   -2.81634E-01    8.07571E-02    2.24438E+00    3.49330E+00    3.40966E+00
    3.58606E+02    7.41778E+03    1.41863E+02    1.28022E+03    8.82108E-02   -2.85043E-01    8.34333E-02    2.27580E+00    3.55412E+00    3.49330E+00
    3.63116E+02    7.56602E+03    1.48239E+02    1.29514E+03    9.00134E-02   -2.87802E-01    8.47561E-02    2.30334E+00    3.60862E+00    3.55412E+00
    3.67677E+02    7.72088E+03    1.54860E+02    1.31023E+03    9.18297E-02   -2.90696E-01    8.55886E-02    2.33128E+00    3.66458E+00    3.60862E+00
    3.72290E+02    7.88368E+03    1.62803E+02    1.32550E+03    9.42778E-02   -2.94709E-01    8.61657E-02    2.36410E+00    3.73108E+00    3.66458E+00
    3.76954E+02    8.05893E+03    1.75243E+02    1.34093E+03    9.91065E-02   -3.02759E-01    8.62763E-02    2.41421E+00    3.83441E+00    3.73108E+00
    3.81672E+02    8.18673E+03    1.27799E+02    1.37233E+03    7.05842E-02   -2.64423E-01    2.57794E-02    2.18478E+00    3.43916E+00    2.58720E+00
    3.86442E+02    8.33648E+03    1.49759E+02    1.38830E+03    8.07788E-02   -2.75006E-01    7.17652E-02    2.30622E+00    3.62556E+00    3.43916E+00
    3.91267E+02    8.49771E+03    1.61222E+02    1.40444E+03    8.49298E-02   -2.80356E-01    7.95632E-02    2.35532E+00    3.71551E+00    3.62556E+00
    3.96146E+02    8.66721E+03    1.69505E+02    1.42077E+03    8.72082E-02   -2.83651E-01    8.21600E-02    2.38900E+00    3.78073E+00    3.71551E+00
    4.01080E+02    8.84419E+03    1.76975E+02    1.43728E+03    8.89264E-02   -2.86297E-01    8.34309E-02    2.41848E+00    3.83906E+00    3.78073E+00
    4.06070E+02    9.02891E+03    1.84720E+02    1.45398E+03    9.06528E-02   -2.89066E-01    8.42223E-02    2.44834E+00    3.89888E+00    3.83906E+00
    4.11116E+02    9.22291E+03    1.94001E+02    1.47087E+03    9.29883E-02   -2.92922E-01    8.47638E-02    2.48340E+00    3.96990E+00    3.89888E+00
    4.16220E+02    9.43146E+03    2.08550E+02    1.48795E+03    9.76330E-02   -3.00722E-01    8.48493E-02    2.53699E+00    4.08031E+00    3.96990E+00
    4.21381E+02    9.58364E+03    1.52177E+02    1.52269E+03    6.95829E-02   -2.62585E-01    2.51388E-02    2.28839E+00    3.65122E+00    2.72258E+00
    4.26600E+02    9.76159E+03    1.77957E+02    1.54035E+03    7.94773E-02   -2.72944E-01    7.05620E-02    2.41873E+00    3.85133E+00    3.65122E+00
    4.31879E+02    9.95274E+03    1.91149E+02    1.55821E+03    8.33834E-02   -2.77979E-01    7.81736E-02    2.47046E+00    3.94598E+00    3.85133E+00
    4.37217E+02    1.01531E+04    2.00404E+02    1.57628E+03    8.53884E-02   -2.80858E-01    8.06672E-02    2.50496E+00    4.01260E+00    3.94598E+00
    4.42615E+02    1.03615E+04    2.08383E+02    1.59455E+03    8.67251E-02   -2.82887E-01    8.18546E-02    2.53385E+00    4.06954E+00    4.01260E+00
    4.48074E+02    1.05776E+04    2.16045E+02    1.61303E+03    8.78261E-02   -2.84619E-01    8.25711E-02    2.56099E+00    4.12354E+00    4.06954E+00
    4.53595E+02    1.08015E+04    2.23954E+02    1.63171E+03    8.89283E-02   -2.86401E-01    8.30832E-02    2.58849E+00    4.17859E+00    4.12354E+00
    4.59179E+02    1.10343E+04    2.32741E+02    1.65061E+03    9.02734E-02   -2.88621E-01    8.34940E-02    2.61851E+00    4.23905E+00    4.17859E+00
    4.64825E+02    1.12780E+04    2.43693E+02    1.66972E+03    9.23301E-02   -2.92071E-01    8.38145E-02    2.65528E+00    4.31372E+00    4.23905E+00
    4.70535E+02    1.15393E+04    2.61304E+02    1.68904E+03    9.67079E-02   -2.99485E-01    8.37645E-02    2.71301E+00    4.43276E+00    4.31372E+00
    4.76310E+02    1.17299E+04    1.90616E+02    1.72835E+03    6.89124E-02   -2.61358E-01    2.45791E-02    2.43618E+00    3.95396E+00    2.91656E+00
    4.82150E+02    1.19524E+04    2.22486E+02    1.74834E+03    7.85724E-02   -2.71547E-01    6.95315E-02    2.57969E+00    4.17445E+00    3.95396E+00
    4.88056E+02    1.21910E+04    2.38587E+02    1.76855E+03    8.23088E-02   -2.76378E-01    7.69676E-02    2.63601E+00    4.27749E+00    4.17445E+00
    4.94029E+02    1.24407E+04    2.49746E+02    1.78899E+03    8.41657E-02   -2.79046E-01    7.93666E-02    2.67317E+00    4.34922E+00    4.27749E+00
    5.00069E+02    1.26999E+04    2.59242E+02    1.80967E+03    8.53463E-02   -2.80835E-01    8.04846E-02    2.70392E+00    4.40978E+00    4.34922E+00
    5.06178E+02    1.29681E+04    2.68205E+02    1.83057E+03    8.62566E-02   -2.82264E-01    8.11401E-02    2.73234E+00    4.46625E+00    4.40978E+00
    5.12356E+02    1.32454E+04    2.77207E+02    1.85172E+03    8.70927E-02   -2.83611E-01    8.15936E-02    2.76037E+00    4.52224E+00    4.46625E+00
    5.18603E+02    1.35321E+04    2.86727E+02    1.87310E+03    8.80040E-02   -2.85111E-01    8.19509E-02    2.78953E+00    4.58073E+00    4.52224E+00
    5.24921E+02    1.38295E+04    2.97457E+02    1.89472E+03    8.91906E-02   -2.87096E-01    8.22579E-02    2.82188E+00    4.64594E+00    4.58073E+00
    5.31310E+02    1.41405E+04    3.10968E+02    1.91659E+03    9.10913E-02   -2.90318E-01    8.25018E-02    2.86193E+00    4.72731E+00    4.64594E+00
    5.37772E+02    1.44734E+04    3.32884E+02    1.93871E+03    9.52630E-02   -2.97445E-01    8.23989E-02    2.92539E+00    4.85815E+00    4.72731E+00
    5.44306E+02    1.47163E+04    2.42949E+02    1.98369E+03    6.79235E-02   -2.59517E-01    2.39626E-02    2.61512E+00    4.32048E+00    3.15104E+00
    5.50915E+02    1.49994E+04    2.83064E+02    2.00656E+03    7.73160E-02   -2.69527E-01    6.83480E-02    2.77460E+00    4.56575E+00    4.32048E+00
    5.57598E+02    1.53025E+04    3.03062E+02    2.02970E+03    8.08721E-02   -2.74147E-01    7.56020E-02    2.83647E+00    4.67891E+00    4.56575E+00
    5.64357E+02    1.56192E+04    3.16728E+02    2.05309E+03    8.25736E-02   -2.76594E-01    7.79066E-02    2.87678E+00    4.75668E+00    4.67891E+00
    5.71192E+02    1.59474E+04    3.28179E+02    2.07675E+03    8.35907E-02   -2.78131E-01    7.89546E-02    2.90967E+00    4.82137E+00    4.75668E+00
    5.78104E+02    1.62862E+04    3.38781E+02    2.10067E+03    8.43066E-02   -2.79247E-01    7.95460E-02    2.93950E+00    4.88056E+00    4.82137E+00
    5.85094E+02    1.66353E+04    3.49140E+02    2.12487E+03    8.48872E-02   -2.80175E-01    7.99338E-02    2.96815E+00    4.93766E+00    4.88056E+00
    5.92163E+02    1.69949E+04    3.59627E+02    2.14934E+03    8.54278E-02   -2.81056E-01    8.02206E-02    2.99670E+00    4.99474E+00    4.93766E+00
    5.99313E+02    1.73655E+04    3.70572E+02    2.17408E+03    8.60058E-02   -2.82015E-01    8.04567E-02    3.02606E+00    5.05357E+00    4.99474E+00
    6.06543E+02    1.77479E+04    3.82414E+02    2.19911E+03    8.67164E-02   -2.83212E-01    8.06698E-02    3.05738E+00    5.11650E+00    5.05357E+00
    6.13854E+02    1.81439E+04    3.95964E+02    2.22441E+03    8.77283E-02   -2.84935E-01    8.08717E-02    3.09270E+00    5.18776E+00    5.11650E+00
    6.21249E+02    1.85571E+04    4.13229E+02    2.25001E+03    8.94528E-02   -2.87900E-01    8.10341E-02    3.13698E+00    5.27776E+00    5.18776E+00
    6.28727E+02    1.89986E+04    4.41540E+02    2.27589E+03    9.33893E-02   -2.94701E-01    8.08726E-02    3.20794E+00    5.42406E+00    5.27776E+00
    6.36289E+02    1.93210E+04    3.22319E+02    2.32854E+03    6.66102E-02   -2.57035E-01    2.33066E-02    2.85289E+00    4.80760E+00    3.46295E+00
    6.43937E+02    1.96958E+04    3.74853E+02    2.35531E+03    7.56914E-02   -2.66834E-01    6.70161E-02    3.03361E+00    5.08578E+00    4.80760E+00
    6.51671E+02    2.00965E+04    4.00694E+02    2.38238E+03    7.90557E-02   -2.71237E-01    7.40693E-02    3.10293E+00    5.21253E+00    5.08578E+00
    6.59493E+02    2.05146E+04    4.18134E+02    2.40976E+03    8.06073E-02   -2.73477E-01    7.62734E-02    3.14760E+00    5.29865E+00    5.21253E+00
    6.67403E+02    2.09472E+04    4.32582E+02    2.43745E+03    8.14833E-02   -2.74801E-01    7.72497E-02    3.18366E+00    5.36956E+00    5.29865E+00
    6.75402E+02    2.13930E+04    4.45799E+02    2.46545E+03    8.20514E-02   -2.75684E-01    7.77787E-02    3.21602E+00    5.43372E+00    5.36956E+00
    6.83492E+02    2.18516E+04    4.58535E+02    2.49376E+03    8.24647E-02   -2.76341E-01    7.81058E-02    3.24669E+00    5.49479E+00    5.43372E+00
    6.91673E+02    2.23227E+04    4.71189E+02    2.52240E+03    8.28023E-02   -2.76888E-01    7.83295E-02    3.27671E+00    5.55472E+00    5.49479E+00
    6.99947E+02    2.28068E+04    4.84035E+02    2.55136E+03    8.31152E-02   -2.77405E-01    7.84972E-02    3.30677E+00    5.61482E+00    5.55472E+00
    7.08314E+02    2.33041E+04    4.97332E+02    2.58065E+03    8.34467E-02   -2.77962E-01    7.86355E-02    3.33747E+00    5.67629E+00    5.61482E+00
    7.16776E+02    2.38155E+04    5.11402E+02    2.61027E+03    8.38470E-02   -2.78646E-01    7.87611E-02    3.36952E+00    5.74059E+00    5.67629E+00
    7.25333E+02    2.43423E+04    5.26770E+02    2.64022E+03    8.43941E-02   -2.79591E-01    7.88854E-02    3.40408E+00    5.81007E+00    5.74059E+00
    7.33987E+02    2.48868E+04    5.44491E+02    2.67052E+03    8.52414E-02   -2.81067E-01    7.90113E-02    3.44338E+00    5.88941E+00    5.81007E+00
    7.42739E+02    2.54540E+04    5.67251E+02    2.70115E+03    8.67776E-02   -2.83760E-01    7.91066E-02    3.49309E+00    5.99046E+00    5.88941E+00
    7.51590E+02    2.60590E+04    6.04950E+02    2.73213E+03    9.04331E-02   -2.90188E-01    7.88941E-02    3.57357E+00    6.15636E+00    5.99046E+00
    7.60540E+02    2.65005E+04    4.41532E+02    2.79515E+03    6.44983E-02   -2.52964E-01    2.25338E-02    3.16020E+00    5.43713E+00    3.86620E+00
    7.69592E+02    2.70130E+04    5.12451E+02    2.82719E+03    7.31510E-02   -2.62463E-01    6.53019E-02    3.36804E+00    5.75717E+00    5.43713E+00
    7.78746E+02    2.75597E+04    5.46774E+02    2.85960E+03    7.62712E-02   -2.66593E-01    7.21083E-02    3.44661E+00    5.90075E+00    5.75717E+00
    7.88004E+02    2.81293E+04    5.69576E+02    2.89237E+03    7.76412E-02   -2.68583E-01    7.41927E-02    3.49653E+00    5.99693E+00    5.90075E+00
    7.97366E+02    2.87175E+04    5.88205E+02    2.92551E+03    7.83537E-02   -2.69659E-01    7.50842E-02    3.53633E+00    6.07512E+00    5.99693E+00
    8.06834E+02    2.93225E+04    6.05027E+02    2.95902E+03    7.87588E-02   -2.70282E-01    7.55398E-02    3.57162E+00    6.14503E+00    6.07512E+00
    8.16409E+02    2.99436E+04    6.21017E+02    2.99292E+03    7.89994E-02   -2.70655E-01    7.57963E-02    3.60464E+00    6.21072E+00    6.14503E+00
    8.26092E+02    3.05802E+04    6.36653E+02    3.02720E+03    7.91448E-02   -2.70881E-01    7.59480E-02    3.63649E+00    6.27422E+00    6.21072E+00
    8.35885E+02    3.12324E+04    6.52212E+02    3.06186E+03    7.92339E-02   -2.71020E-01    7.60392E-02    3.66777E+00    6.33667E+00    6.27422E+00
    8.45788E+02    3.19003E+04    6.67881E+02    3.09692E+03    7.92914E-02   -2.71111E-01    7.60937E-02    3.69888E+00    6.39884E+00    6.33667E+00
    8.55803E+02    3.25841E+04    6.83809E+02    3.13237E+03    7.93359E-02   -2.71184E-01    7.61256E-02    3.73012E+00    6.46134E+00    6.39884E+00
    8.65932E+02    3.32843E+04    7.00144E+02    3.16823E+03    7.93839E-02   -2.71267E-01    7.61444E-02    3.76179E+00    6.52472E+00    6.46134E+00
    8.76174E+02    3.40013E+04    7.17059E+02    3.20448E+03    7.94535E-02   -2.71392E-01    7.61572E-02    3.79421E+00    6.58964E+00    6.52472E+00
    8.86533E+02    3.47361E+04    7.34797E+02    3.24115E+03    7.95685E-02   -2.71600E-01    7.61701E-02    3.82781E+00    6.65699E+00    6.58964E+00
    8.97009E+02    3.54899E+04    7.53746E+02    3.27824E+03    7.97658E-02   -2.71958E-01    7.61884E-02    3.86329E+00    6.72821E+00    6.65699E+00
    9.07603E+02    3.62645E+04    7.74611E+02    3.31574E+03    8.01118E-02   -2.72585E-01    7.62166E-02    3.90189E+00    6.80587E+00    6.72821E+00
    9.18316E+02    3.70633E+04    7.98876E+02    3.35366E+03    8.07450E-02   -2.73734E-01    7.62537E-02    3.94622E+00    6.89539E+00    6.80587E+00
    9.29151E+02    3.78937E+04    8.30384E+02    3.39202E+03    8.20240E-02   -2.76057E-01    7.62665E-02    4.00294E+00    7.01075E+00    6.89539E+00
    9.40108E+02    3.87771E+04    8.83372E+02    3.43080E+03    8.52775E-02   -2.81963E-01    7.59894E-02    4.09624E+00    7.20311E+00    7.01075E+00
    9.51189E+02    3.94210E+04    6.43904E+02    3.50970E+03    6.07495E-02   -2.45534E-01    2.15095E-02    3.59806E+00    6.33410E+00    4.44179E+00
    9.62395E+02    4.01665E+04    7.45467E+02    3.54982E+03    6.87358E-02   -2.54549E-01    6.27737E-02    3.84393E+00    6.71248E+00    6.33410E+00
    9.73728E+02    4.09600E+04    7.93567E+02    3.59039E+03    7.15112E-02   -2.58298E-01    6.92337E-02    3.93501E+00    6.87870E+00    6.71248E+00
    9.85189E+02    4.17849E+04    8.24852E+02    3.63142E+03    7.26448E-02   -2.59964E-01    7.11577E-02    3.99179E+00    6.98795E+00    6.87870E+00
    9.96779E+02    4.26349E+04    8.49974E+02    3.67291E+03    7.31602E-02   -2.60739E-01    7.19392E-02    4.03635E+00    7.07540E+00    6.98795E+00
    1.00850E+03    4.35072E+04    8.72347E+02    3.71487E+03    7.33840E-02   -2.61068E-01    7.23028E-02    4.07535E+00    7.15262E+00    7.07540E+00
    1.02035E+03    4.44006E+04    8.93357E+02    3.75731E+03    7.34484E-02   -2.61143E-01    7.24746E-02    4.11147E+00    7.22440E+00    7.15262E+00
    1.03234E+03    4.53142E+04    9.13674E+02    3.80022E+03    7.34168E-02   -2.61064E-01    7.25440E-02    4.14594E+00    7.29309E+00    7.22440E+00
    1.04447E+03    4.62479E+04    9.33662E+02    3.84362E+03    7.33236E-02   -2.60883E-01    7.25530E-02    4.17946E+00    7.35997E+00    7.29309E+00
    1.05673E+03    4.72015E+04    9.53545E+02    3.88751E+03    7.31893E-02   -2.60633E-01    7.25235E-02    4.21243E+00    7.42580E+00    7.35997E+00
    1.06912E+03    4.81749E+04    9.73475E+02    3.93190E+03    7.30272E-02   -2.60337E-01    7.24683E-02    4.24511E+00    7.49111E+00    7.42580E+00
    1.08166E+03    4.91685E+04    9.93564E+02    3.97679E+03    7.28471E-02   -2.60011E-01    7.23954E-02    4.27772E+00    7.55629E+00    7.49111E+00
    1.09434E+03    5.01824E+04    1.01391E+03    4.02218E+03    7.26566E-02   -2.59669E-01    7.23103E-02    4.31041E+00    7.62165E+00    7.55629E+00
    1.10717E+03    5.12170E+04    1.03462E+03    4.06809E+03    7.24630E-02   -2.59322E-01    7.22168E-02    4.34334E+00    7.68752E+00    7.62165E+00
    1.12014E+03    5.22728E+04    1.05580E+03    4.11452E+03    7.22737E-02   -2.58984E-01    7.21184E-02    4.37668E+00    7.75425E+00    7.68752E+00
    1.13325E+03    5.33504E+04    1.07760E+03    4.16147E+03    7.20977E-02   -2.58672E-01    7.20179E-02    4.41066E+00    7.82228E+00    7.75425E+00
    1.14652E+03    5.44507E+04    1.10023E+03    4.20895E+03    7.19472E-02   -2.58408E-01    7.19184E-02    4.44558E+00    7.89224E+00    7.82228E+00
    1.15993E+03    5.55747E+04    1.12402E+03    4.25697E+03    7.18405E-02   -2.58229E-01    7.18230E-02    4.48192E+00    7.96510E+00    7.89224E+00
    1.17349E+03    5.67242E+04    1.14950E+03    4.30553E+03    7.18083E-02   -2.58191E-01    7.17351E-02    4.52045E+00    8.04248E+00    7.96510E+00
    1.18721E+03    5.79019E+04    1.17769E+03    4.35464E+03    7.19072E-02   -2.58404E-01    7.16579E-02    4.56266E+00    8.12742E+00    8.04248E+00
    1.20109E+03    5.91127E+04    1.21079E+03    4.40431E+03    7.22575E-02   -2.59099E-01    7.15893E-02    4.61165E+00    8.22639E+00    8.12742E+00
    1.21512E+03    6.03671E+04    1.25446E+03    4.45454E+03    7.31722E-02   -2.60884E-01    7.14981E-02    4.67542E+00    8.35619E+00    8.22639E+00
    1.22930E+03    6.16969E+04    1.32976E+03    4.50533E+03    7.58130E-02   -2.65993E-01    7.11390E-02    4.78313E+00    8.57839E+00    8.35619E+00
    1.24365E+03    6.26627E+04    9.65776E+02    4.60865E+03    5.38178E-02   -2.31127E-01    1.99565E-02    4.16978E+00    7.50482E+00    5.19490E+00
    1.25816E+03    6.37768E+04    1.11417E+03    4.66118E+03    6.06851E-02   -2.39282E-01    5.85575E-02    4.46285E+00    7.95459E+00    7.50482E+00
    1.27284E+03    6.49588E+04    1.18197E+03    4.71431E+03    6.29246E-02   -2.42422E-01    6.44688E-02    4.56769E+00    8.14523E+00    7.95459E+00
    1.28768E+03    6.61832E+04    1.22440E+03    4.76804E+03    6.37123E-02   -2.43591E-01    6.61502E-02    4.63072E+00    8.26613E+00    8.14523E+00
    1.30269E+03    6.74406E+04    1.25738E+03    4.82238E+03    6.39521E-02   -2.43914E-01    6.67684E-02    4.67870E+00    8.36006E+00    8.26613E+00
    1.31787E+03    6.87266E+04    1.28599E+03    4.87733E+03    6.39315E-02   -2.43809E-01    6.69970E-02    4.71967E+00    8.44103E+00    8.36006E+00
    1.33322E+03    7.00388E+04    1.31227E+03    4.93290E+03    6.37664E-02   -2.43457E-01    6.70455E-02    4.75684E+00    8.51482E+00    8.44103E+00
    1.34874E+03    7.13760E+04    1.33720E+03    4.98910E+03    6.35122E-02   -2.42948E-01    6.69967E-02    4.79171E+00    8.58420E+00    8.51482E+00
    1.36444E+03    7.27373E+04    1.36129E+03    5.04593E+03    6.31984E-02   -2.42331E-01    6.68892E-02    4.82506E+00    8.65067E+00    8.58420E+00
    1.38031E+03    7.41222E+04    1.38484E+03    5.10341E+03    6.28422E-02   -2.41635E-01    6.67430E-02    4.85736E+00    8.71509E+00    8.65067E+00
    1.39637E+03    7.55302E+04    1.40804E+03    5.16154E+03    6.24544E-02   -2.40879E-01    6.65697E-02    4.88888E+00    8.77800E+00    8.71509E+00
    1.41261E+03    7.69612E+04    1.43099E+03    5.22032E+03    6.20419E-02   -2.40075E-01    6.63761E-02    4.91980E+00    8.83974E+00    8.77800E+00
    1.42903E+03    7.84150E+04    1.45379E+03    5.27977E+03    6.16096E-02   -2.39231E-01    6.61668E-02    4.95025E+00    8.90055E+00    8.83974E+00
    1.44563E+03    7.98915E+04    1.47647E+03    5.33989E+03    6.11611E-02   -2.38354E-01    6.59447E-02    4.98031E+00    8.96059E+00    8.90055E+00
    1.46243E+03    8.13906E+04    1.49909E+03    5.40068E+03    6.06990E-02   -2.37447E-01    6.57120E-02    5.01004E+00    9.01998E+00    8.96059E+00
    1.47941E+03    8.29122E+04    1.52166E+03    5.46217E+03    6.02253E-02   -2.36514E-01    6.54703E-02    5.03948E+00    9.07881E+00    9.01998E+00
    1.49658E+03    8.44564E+04    1.54423E+03    5.52435E+03    5.97418E-02   -2.35559E-01    6.52207E-02    5.06869E+00    9.13716E+00    9.07881E+00
    1.51395E+03    8.60232E+04    1.56680E+03    5.58723E+03    5.92500E-02   -2.34584E-01    6.49640E-02    5.09768E+00    9.19509E+00    9.13716E+00
    1.53152E+03    8.76126E+04    1.58939E+03    5.65083E+03    5.87512E-02   -2.33592E-01    6.47013E-02    5.12649E+00    9.25268E+00    9.19509E+00
    1.54928E+03    8.92247E+04    1.61204E+03    5.71514E+03    5.82470E-02   -2.32584E-01    6.44329E-02    5.15516E+00    9.30998E+00    9.25268E+00
    1.56725E+03    9.08594E+04    1.63477E+03    5.78018E+03    5.77388E-02   -2.31565E-01    6.41598E-02    5.18373E+00    9.36709E+00    9.30998E+00
    1.58541E+03    9.25171E+04    1.65762E+03    5.84595E+03    5.72284E-02   -2.30537E-01    6.38824E-02    5.21225E+00    9.42410E+00    9.36709E+00
    1.60379E+03    9.41977E+04    1.68065E+03    5.91247E+03    5.67177E-02   -2.29505E-01    6.36015E-02    5.24079E+00    9.48116E+00    9.42410E+00
    1.62237E+03    9.59017E+04    1.70393E+03    5.97974E+03    5.62096E-02   -2.28474E-01    6.33179E-02    5.26944E+00    9.53847E+00    9.48116E+00
    1.64116E+03    9.76292E+04    1.72758E+03    6.04777E+03    5.57077E-02   -2.27452E-01    6.30326E-02    5.29835E+00    9.59631E+00    9.53847E+00
    1.66016E+03    9.93810E+04    1.75176E+03    6.11656E+03    5.52171E-02   -2.26451E-01    6.27467E-02    5.32773E+00    9.65511E+00    9.59631E+00
    1.67938E+03    1.01158E+05    1.77676E+03    6.18614E+03    5.47456E-02   -2.25486E-01    6.24619E-02    5.35789E+00    9.71554E+00    9.65511E+00
    1.69881E+03    1.02961E+05    1.80303E+03    6.25650E+03    5.43056E-02   -2.24587E-01    6.21799E-02    5.38937E+00    9.77868E+00    9.71554E+00
    1.71847E+03    1.04792E+05    1.83134E+03    6.32766E+03    5.39182E-02   -2.23799E-01    6.19033E-02    5.42310E+00    9.84644E+00    9.77868E+00
    1.73834E+03    1.06655E+05    1.86321E+03    6.39962E+03    5.36233E-02   -2.23214E-01    6.16339E-02    5.46081E+00    9.92244E+00    9.84644E+00
    1.75845E+03    1.08557E+05    1.90188E+03    6.47239E+03    5.35061E-02   -2.23024E-01    6.13699E-02    5.50625E+00    1.00145E+01    9.92244E+00
    1.77877E+03    1.10513E+05    1.95589E+03    6.54598E+03    5.37887E-02   -2.23735E-01    6.10847E-02    5.56912E+00    1.01428E+01    1.00145E+01
    1.79933E+03    1.12570E+05    2.05697E+03    6.62041E+03    5.52974E-02   -2.27218E-01    6.05741E-02    5.68480E+00    1.03822E+01    1.01428E+01
    1.82012E+03    1.14045E+05    1.47517E+03    6.77180E+03    3.87659E-02   -1.96169E-01    1.68386E-02    4.90236E+00    9.00367E+00    6.16978E+00
    1.84115E+03    1.15734E+05    1.68916E+03    6.84878E+03    4.33921E-02   -2.02373E-01    4.93673E-02    5.24589E+00    9.52472E+00    9.00367E+00
    1.86241E+03    1.17512E+05    1.77799E+03    6.92663E+03    4.46480E-02   -2.04248E-01    5.41353E-02    5.35743E+00    9.72471E+00    9.52472E+00
    1.88391E+03    1.19340E+05    1.82723E+03    7.00536E+03    4.48539E-02   -2.04431E-01    5.53339E-02    5.41702E+00    9.83760E+00    9.72471E+00
    1.90566E+03    1.21201E+05    1.86127E+03    7.08497E+03    4.46635E-02   -2.03883E-01    5.56356E-02    5.45748E+00    9.91602E+00    9.83760E+00
    1.92765E+03    1.23089E+05    1.88785E+03    7.16549E+03    4.42841E-02   -2.02958E-01    5.56071E-02    5.48867E+00    9.97714E+00    9.91602E+00
    1.94989E+03    1.24999E+05    1.91008E+03    7.24692E+03    4.37996E-02   -2.01811E-01    5.54242E-02    5.51449E+00    1.00280E+01    9.97714E+00
    1.97238E+03    1.26928E+05    1.92943E+03    7.32927E+03    4.32499E-02   -2.00519E-01    5.51565E-02    5.53676E+00    1.00721E+01    1.00280E+01
    1.99513E+03    1.28875E+05    1.94665E+03    7.41255E+03    4.26564E-02   -1.99122E-01    5.48361E-02    5.55643E+00    1.01110E+01    1.00721E+01
    2.01813E+03    1.30837E+05    1.96216E+03    7.49677E+03    4.20314E-02   -1.97645E-01    5.44799E-02    5.57403E+00    1.01459E+01    1.01110E+01
    2.04139E+03    1.32813E+05    1.97624E+03    7.58194E+03    4.13828E-02   -1.96103E-01    5.40974E-02    5.58988E+00    1.01774E+01    1.01459E+01
    2.06492E+03    1.34802E+05    1.98901E+03    7.66807E+03    4.07157E-02   -1.94506E-01    5.36943E-02    5.60416E+00    1.02057E+01    1.01774E+01
    2.08871E+03    1.36803E+05    2.00057E+03    7.75518E+03    4.00336E-02   -1.92861E-01    5.32744E-02    5.61701E+00    1.02312E+01    1.02057E+01
    2.11277E+03    1.38814E+05    2.01098E+03    7.84327E+03    3.93389E-02   -1.91172E-01    5.28399E-02    5.62849E+00    1.02540E+01    1.02312E+01
    2.13710E+03    1.40834E+05    2.02024E+03    7.93236E+03    3.86337E-02   -1.89443E-01    5.23927E-02    5.63863E+00    1.02741E+01    1.02540E+01
    2.16171E+03    1.42862E+05    2.02838E+03    8.02245E+03    3.79192E-02   -1.87675E-01    5.19338E-02    5.64746E+00    1.02915E+01    1.02741E+01
    2.18659E+03    1.44898E+05    2.03537E+03    8.11356E+03    3.71966E-02   -1.85871E-01    5.14640E-02    5.65497E+00    1.03064E+01    1.02915E+01
    2.21176E+03    1.46939E+05    2.04122E+03    8.20570E+03    3.64669E-02   -1.84031E-01    5.09839E-02    5.66116E+00    1.03186E+01    1.03064E+01
    2.23721E+03    1.48985E+05    2.04589E+03    8.29888E+03    3.57309E-02   -1.82157E-01    5.04939E-02    5.66600E+00    1.03281E+01    1.03186E+01
    2.26295E+03    1.51034E+05    2.04936E+03    8.39312E+03    3.49890E-02   -1.80249E-01    4.99944E-02    5.66948E+00    1.03348E+01    1.03281E+01
    2.28898E+03    1.53086E+05    2.05160E+03    8.48842E+03    3.42420E-02   -1.78307E-01    4.94855E-02    5.67155E+00    1.03388E+01    1.03348E+01
    2.31530E+03    1.55138E+05    2.05258E+03    8.58480E+03    3.34904E-02   -1.76331E-01    4.89674E-02    5.67219E+00    1.03399E+01    1.03388E+01
    2.34192E+03    1.57191E+05    2.05225E+03    8.68226E+03    3.27345E-02   -1.74322E-01    4.84401E-02    5.67136E+00    1.03380E+01    1.03399E+01
    2.36884E+03    1.59241E+05    2.05059E+03    8.78083E+03    3.19749E-02   -1.72279E-01    4.79038E-02    5.66900E+00    1.03331E+01    1.03380E+01
    2.39607E+03    1.61289E+05    2.04754E+03    8.88051E+03    3.12120E-02   -1.70203E-01    4.73584E-02    5.66507E+00    1.03250E+01    1.03331E+01
    2.42360E+03    1.63332E+05    2.04308E+03    8.98132E+03    3.04460E-02   -1.68093E-01    4.68040E-02    5.65953E+00    1.03137E+01    1.03250E+01
    2.45145E+03    1.65369E+05    2.03715E+03    9.08326E+03    2.96775E-02   -1.65950E-01    4.62405E-02    5.65233E+00    1.02991E+01    1.03137E+01
    2.47961E+03    1.67399E+05    2.02972E+03    9.18636E+03    2.89068E-02   -1.63772E-01    4.56678E-02    5.64339E+00    1.02810E+01    1.02991E+01
    2.50808E+03    1.69420E+05    2.02074E+03    9.29063E+03    2.81343E-02   -1.61560E-01    4.50859E-02    5.63268E+00    1.02593E+01    1.02810E+01
    2.53688E+03    1.71430E+05    2.01018E+03    9.39607E+03    2.73603E-02   -1.59313E-01    4.44948E-02    5.62013E+00    1.02340E+01    1.02593E+01
    2.56601E+03    1.73428E+05    1.99798E+03    9.50270E+03    2.65853E-02   -1.57030E-01    4.38943E-02    5.60567E+00    1.02048E+01    1.02340E+01
    2.59546E+03    1.75412E+05    1.98411E+03    9.61054E+03    2.58095E-02   -1.54713E-01    4.32844E-02    5.58925E+00    1.01717E+01    1.02048E+01
    2.62525E+03    1.77380E+05    1.96854E+03    9.71960E+03    2.50335E-02   -1.52359E-01    4.26649E-02    5.57079E+00    1.01345E+01    1.01717E+01
    2.65537E+03    1.79332E+05    1.95121E+03    9.82989E+03    2.42575E-02   -1.49968E-01    4.20358E-02    5.55022E+00    1.00931E+01    1.01345E+01
    2.68583E+03    1.81264E+05    1.93209E+03    9.94142E+03    2.34821E-02   -1.47541E-01    4.13969E-02    5.52748E+00    1.00473E+01    1.00931E+01
    2.71664E+03    1.83175E+05    1.91115E+03    1.00542E+04    2.27076E-02   -1.45076E-01    4.07480E-02    5.50249E+00    9.99706E+00    1.00473E+01
    2.74780E+03    1.85063E+05    1.88836E+03    1.01683E+04    2.19345E-02   -1.42574E-01    4.00892E-02    5.47517E+00    9.94213E+00    9.99706E+00
    2.77931E+03    1.86927E+05    1.86368E+03    1.02836E+04    2.11633E-02   -1.40033E-01    3.94202E-02    5.44545E+00    9.88239E+00    9.94213E+00
    2.81117E+03    1.88764E+05    1.83709E+03    1.04003E+04    2.03944E-02   -1.37454E-01    3.87409E-02    5.41326E+00    9.81769E+00    9.88239E+00
    2.84339E+03    1.90573E+05    1.80858E+03    1.05183E+04    1.96285E-02   -1.34836E-01    3.80513E-02    5.37851E+00    9.74786E+00    9.81769E+00
    2.87598E+03    1.92351E+05    1.77813E+03    1.06376E+04    1.88662E-02   -1.32178E-01    3.73511E-02    5.34113E+00    9.67277E+00    9.74786E+00
    2.90894E+03    1.94096E+05    1.74574E+03    1.07583E+04    1.81080E-02   -1.29482E-01    3.66403E-02    5.30106E+00    9.59228E+00    9.67277E+00
    2.94227E+03    1.95808E+05    1.71141E+03    1.08803E+04    1.73548E-02   -1.26747E-01    3.59188E-02    5.25822E+00    9.50626E+00    9.59228E+00
    2.97597E+03    1.97483E+05    1.67519E+03    1.10037E+04    1.66074E-02   -1.23973E-01    3.51866E-02    5.21257E+00    9.41461E+00    9.50626E+00
    3.01006E+03    1.99120E+05    1.63711E+03    1.11285E+04    1.58669E-02   -1.21163E-01    3.44436E-02    5.16409E+00    9.31729E+00    9.41461E+00
    3.04453E+03    2.00717E+05    1.59728E+03    1.12547E+04    1.51345E-02   -1.18319E-01    3.36900E-02    5.11279E+00    9.21435E+00    9.31729E+00
    3.07939E+03    2.02273E+05    1.55584E+03    1.13823E+04    1.44121E-02   -1.15447E-01    3.29260E-02    5.05877E+00    9.10597E+00    9.21435E+00
    3.11465E+03    2.03786E+05    1.51304E+03    1.15114E+04    1.37022E-02   -1.12554E-01    3.21518E-02    5.00225E+00    8.99263E+00    9.10597E+00
    3.15030E+03    2.05256E+05    1.46934E+03    1.16420E+04    1.30088E-02   -1.09658E-01    3.13678E-02    4.94372E+00    8.87536E+00    8.99263E+00
    3.18635E+03    2.06681E+05    1.42559E+03    1.17740E+04    1.23393E-02   -1.06792E-01    3.05744E-02    4.88428E+00    8.75641E+00    8.87536E+00
    3.22282E+03    2.08065E+05    1.38364E+03    1.19075E+04    1.17083E-02   -1.04029E-01    2.97699E-02    4.82642E+00    8.64102E+00    8.75641E+00
    3.25969E+03    2.09413E+05    1.34832E+03    1.20425E+04    1.11543E-02   -1.01571E-01    2.89430E-02    4.77702E+00    8.54355E+00    8.64102E+00
    3.29699E+03    2.10751E+05    1.33765E+03    1.21790E+04    1.08187E-02   -1.00170E-01    2.80099E-02    4.76187E+00    8.51844E+00    8.54355E+00
    3.33470E+03    2.11598E+05    8.47119E+02    1.24567E+04    6.69815E-03   -8.14778E-02    7.71502E-03    3.95075E+00    7.04084E+00    5.01604E+00
    3.37284E+03    2.12512E+05    9.13595E+02    1.25980E+04    7.06229E-03   -8.13753E-02    2.09846E-02    4.11053E+00    7.23161E+00    7.04084E+00
    3.41141E+03    2.13409E+05    8.97686E+02    1.27408E+04    6.78419E-03   -7.92920E-02    2.22928E-02    4.08344E+00    7.15898E+00    7.23161E+00
    3.45042E+03    2.14265E+05    8.55655E+02    1.28852E+04    6.32201E-03   -7.63926E-02    2.20495E-02    4.00999E+00    7.00655E+00    7.15898E+00
    3.48986E+03    2.15068E+05    8.03048E+02    1.30313E+04    5.80070E-03   -7.30938E-02    2.14010E-02    3.91563E+00    6.81519E+00    7.00655E+00
    3.52976E+03    2.15813E+05    7.44921E+02    1.31790E+04    5.26057E-03   -6.95458E-02    2.05901E-02    3.80778E+00    6.59778E+00    6.81519E+00
    3.57010E+03    2.16496E+05    6.83458E+02    1.33284E+04    4.71866E-03   -6.58096E-02    1.96916E-02    3.68911E+00    6.35906E+00    6.59778E+00
    3.61090E+03    2.17116E+05    6.19847E+02    1.34794E+04    4.18385E-03   -6.19103E-02    1.87340E-02    3.56056E+00    6.10069E+00    6.35906E+00
    3.65216E+03    2.17671E+05    5.54879E+02    1.36322E+04    3.66164E-03   -5.78558E-02    1.77299E-02    3.42227E+00    5.82286E+00    6.10069E+00
    3.69389E+03    2.18160E+05    4.89185E+02    1.37867E+04    3.15600E-03   -5.36436E-02    1.66843E-02    3.27392E+00    5.52489E+00    5.82286E+00
    3.73609E+03    2.18584E+05    4.23346E+02    1.39430E+04    2.67021E-03   -4.92634E-02    1.55988E-02    3.11485E+00    5.20538E+00    5.52489E+00
    3.77876E+03    2.18941E+05    3.57953E+02    1.41010E+04    2.20731E-03   -4.46973E-02    1.44730E-02    2.94401E+00    4.86221E+00    5.20538E+00
    3.82192E+03    2.19235E+05    2.93663E+02    1.42608E+04    1.77041E-03   -3.99175E-02    1.33043E-02    2.75995E+00    4.49238E+00    4.86221E+00
    3.86557E+03    2.19466E+05    2.31243E+02    1.44224E+04    1.36296E-03   -3.48828E-02    1.20892E-02    2.56054E+00    4.09157E+00    4.49238E+00
    3.90971E+03    2.19638E+05    1.71646E+02    1.45858E+04    9.89095E-04   -2.95292E-02    1.08223E-02    2.34264E+00    3.65334E+00    4.09157E+00
    3.95434E+03    2.19754E+05    1.16132E+02    1.47511E+04    6.54254E-04   -2.37498E-02    9.49748E-03    2.10116E+00    3.16725E+00    3.65334E+00
    3.99949E+03    2.19821E+05    6.65389E+01    1.49182E+04    3.66487E-04   -1.73408E-02    8.11064E-03    1.82675E+00    2.61394E+00    3.16725E+00
    4.04514E+03    2.19847E+05    2.61227E+01    1.50873E+04    1.40667E-04   -9.79888E-03    6.68198E-03    1.49708E+00    1.94693E+00    2.61394E+00
    4.09131E+03    2.19875E+05    2.86623E+01    1.50873E+04    1.50896E-04   -8.88954E-03    8.47771E-03    1.94693E+00    2.35965E+00    3.36394E+00
    4.13799E+03    2.19909E+05    3.35045E+01    1.50873E+04    1.72449E-04   -8.15808E-03    1.02905E-02    2.35965E+00    2.74269E+00    4.07966E+00
    4.18521E+03    2.19949E+05    4.04219E+01    1.50873E+04    2.03408E-04   -7.55913E-03    1.20941E-02    2.74269E+00    3.10161E+00    4.76415E+00
    4.23296E+03    2.19999E+05    4.92512E+01    1.50873E+04    2.42303E-04   -7.06023E-03    1.38729E-02    3.10161E+00    3.44064E+00    5.42039E+00
    4.28125E+03    2.20059E+05    5.98743E+01    1.50873E+04    2.87990E-04   -6.63793E-03    1.56182E-02    3.44064E+00    3.76298E+00    6.05114E+00
    4.33009E+03    2.20131E+05    7.22074E+01    1.50873E+04    3.39557E-04   -6.27514E-03    1.73257E-02    3.76298E+00    4.07116E+00    6.65889E+00
    4.37948E+03    2.20217E+05    8.61932E+01    1.50873E+04    3.96276E-04   -5.95928E-03    1.89938E-02    4.07116E+00    4.36713E+00    7.24587E+00
    4.42942E+03    2.20319E+05    1.01795E+02    1.50873E+04    4.57559E-04   -5.68096E-03    2.06225E-02    4.36713E+00    4.65246E+00    7.81407E+00
    4.47993E+03    2.20438E+05    1.18994E+02    1.50873E+04    5.22926E-04   -5.43308E-03    2.22128E-02    4.65246E+00    4.92843E+00    8.36522E+00
    4.53101E+03    2.20576E+05    1.37783E+02    1.50873E+04    5.91982E-04   -5.21026E-03    2.37663E-02    4.92843E+00    5.19607E+00    8.90084E+00
    4.58267E+03    2.20734E+05    1.58168E+02    1.50873E+04    6.64398E-04   -5.00831E-03    2.52847E-02    5.19607E+00    5.45624E+00    9.42228E+00
    4.63491E+03    2.20914E+05    1.80164E+02    1.50873E+04    7.39902E-04   -4.82395E-03    2.67700E-02    5.45624E+00    5.70967E+00    9.93071E+00
    4.68775E+03    2.21118E+05    2.03793E+02    1.50873E+04    8.18262E-04   -4.65461E-03    2.82240E-02    5.70967E+00    5.95697E+00    1.04272E+01
    4.74118E+03    2.21347E+05    2.29083E+02    1.50873E+04    8.99279E-04   -4.49821E-03    2.96487E-02    5.95697E+00    6.19866E+00    1.09126E+01
    4.79521E+03    2.21603E+05    2.56070E+02    1.50873E+04    9.82785E-04   -4.35307E-03    3.10457E-02    6.19866E+00    6.43519E+00    1.13878E+01
    4.84985E+03    2.21888E+05    2.84793E+02    1.50873E+04    1.06863E-03   -4.21780E-03    3.24167E-02    6.43519E+00    6.66696E+00    1.18535E+01
    4.90511E+03    2.22203E+05    3.15298E+02    1.50873E+04    1.15670E-03   -4.09127E-03    3.37632E-02    6.66696E+00    6.89432E+00    1.23103E+01
    4.96100E+03    2.22551E+05    3.47632E+02    1.50873E+04    1.24686E-03   -3.97253E-03    3.50867E-02    6.89432E+00    7.11757E+00    1.27589E+01
    5.01752E+03    2.22932E+05    3.81848E+02    1.50873E+04    1.33903E-03   -3.86077E-03    3.63885E-02    7.11757E+00    7.33699E+00    1.31997E+01
    5.07467E+03    2.23350E+05    4.18004E+02    1.50873E+04    1.43311E-03   -3.75531E-03    3.76698E-02    7.33699E+00    7.55284E+00    1.36333E+01
    5.13247E+03    2.23807E+05    4.56160E+02    1.50873E+04    1.52904E-03   -3.65557E-03    3.89317E-02    7.55284E+00    7.76532E+00    1.40601E+01
    5.19093E+03    2.24303E+05    4.96379E+02    1.50873E+04    1.62673E-03   -3.56104E-03    4.01752E-02    7.76532E+00    7.97465E+00    1.44804E+01
    5.25004E+03    2.24842E+05    5.38729E+02    1.50873E+04    1.72613E-03   -3.47128E-03    4.14015E-02    7.97465E+00    8.18101E+00    1.48947E+01
    5.30983E+03    2.25425E+05    5.83281E+02    1.50873E+04    1.82719E-03   -3.38592E-03    4.26114E-02    8.18101E+00    8.38457E+00    1.53033E+01
    5.37028E+03    2.26055E+05    6.30109E+02    1.50873E+04    1.92986E-03   -3.30462E-03    4.38057E-02    8.38457E+00    8.58548E+00    1.57065E+01
    5.43143E+03    2.26734E+05    6.79291E+02    1.50873E+04    2.03409E-03   -3.22707E-03    4.49852E-02    8.58548E+00    8.78390E+00    1.61045E+01
    5.49326E+03    2.27465E+05    7.30910E+02    1.50873E+04    2.13984E-03   -3.15303E-03    4.61508E-02    8.78390E+00    8.97996E+00    1.64978E+01
    5.55579E+03    2.28250E+05    7.85051E+02    1.50873E+04    2.24708E-03   -3.08224E-03    4.73031E-02    8.97996E+00    9.17378E+00    1.68864E+01
    5.61903E+03    2.29092E+05    8.41803E+02    1.50873E+04    2.35579E-03   -3.01451E-03    4.84428E-02    9.17378E+00    9.36548E+00    1.72707E+01
    5.68298E+03    2.29993E+05    9.01259E+02    1.50873E+04    2.46593E-03   -2.94964E-03    4.95705E-02    9.36548E+00    9.55518E+00    1.76509E+01
    5.74766E+03    2.30957E+05    9.63518E+02    1.50873E+04    2.57749E-03   -2.88746E-03    5.06868E-02    9.55518E+00    9.74298E+00    1.80272E+01
    5.81306E+03    2.31986E+05    1.02868E+03    1.50873E+04    2.69044E-03   -2.82783E-03    5.17923E-02    9.74298E+00    9.92897E+00    1.83998E+01
    5.87921E+03    2.33082E+05    1.09685E+03    1.50873E+04    2.80477E-03   -2.77059E-03    5.28875E-02    9.92897E+00    1.01133E+01    1.87689E+01
    5.94610E+03    2.34251E+05    1.16814E+03    1.50873E+04    2.92046E-03   -2.71562E-03    5.39730E-02    1.01133E+01    1.02959E+01    1.91346E+01
    6.01375E+03    2.35493E+05    1.24267E+03    1.50873E+04    3.03752E-03   -2.66280E-03    5.50493E-02    1.02959E+01    1.04771E+01    1.94972E+01
    6.08216E+03    2.36814E+05    1.32056E+03    1.50873E+04    3.15592E-03   -2.61203E-03    5.61168E-02    1.04771E+01    1.06568E+01    1.98567E+01
    6.15135E+03    2.38216E+05    1.40192E+03    1.50873E+04    3.27567E-03   -2.56322E-03    5.71761E-02    1.06568E+01    1.08351E+01    2.02135E+01
    6.22132E+03    2.39703E+05    1.48690E+03    1.50873E+04    3.39677E-03   -2.51626E-03    5.82275E-02    1.08351E+01    1.10122E+01    2.05676E+01
    6.29208E+03    2.41278E+05    1.57562E+03    1.50873E+04    3.51921E-03   -2.47107E-03    5.92715E-02    1.10122E+01    1.11880E+01    2.09191E+01
    6.36364E+03    2.42946E+05    1.66824E+03    1.50873E+04    3.64301E-03   -2.42758E-03    6.03085E-02    1.11880E+01    1.13627E+01    2.12683E+01
    6.43600E+03    2.44711E+05    1.76489E+03    1.50873E+04    3.76816E-03   -2.38572E-03    6.13389E-02    1.13627E+01    1.15363E+01    2.16152E+01
    6.50919E+03    2.46577E+05    1.86574E+03    1.50873E+04    3.89467E-03   -2.34542E-03    6.23632E-02    1.15363E+01    1.17089E+01    2.19600E+01
    6.58320E+03    2.48548E+05    1.97094E+03    1.50873E+04    4.02256E-03   -2.30661E-03    6.33817E-02    1.17089E+01    1.18806E+01    2.23029E+01
    6.65805E+03    2.50629E+05    2.08066E+03    1.50873E+04    4.15184E-03   -2.26925E-03    6.43948E-02    1.18806E+01    1.20514E+01    2.26439E+01
    6.73374E+03    2.52824E+05    2.19507E+03    1.50873E+04    4.28252E-03   -2.23327E-03    6.54029E-02    1.20514E+01    1.22214E+01    2.29832E+01
    6.81029E+03    2.55138E+05    2.31437E+03    1.50873E+04    4.41463E-03   -2.19862E-03    6.64063E-02    1.22214E+01    1.23906E+01    2.33209E+01
    6.88770E+03    2.57577E+05    2.43873E+03    1.50873E+04    4.54817E-03   -2.16527E-03    6.74054E-02    1.23906E+01    1.25592E+01    2.36571E+01
    6.96599E+03    2.60145E+05    2.56837E+03    1.50873E+04    4.68319E-03   -2.13315E-03    6.84006E-02    1.25592E+01    1.27271E+01    2.39920E+01
    7.04517E+03    2.62849E+05    2.70348E+03    1.50873E+04    4.81969E-03   -2.10224E-03    6.93921E-02    1.27271E+01    1.28945E+01    2.43257E+01
    7.12523E+03    2.65693E+05    2.84428E+03    1.50873E+04    4.95771E-03   -2.07248E-03    7.03805E-02    1.28945E+01    1.30614E+01    2.46583E+01
    7.20621E+03    2.68684E+05    2.99101E+03    1.50873E+04    5.09727E-03   -2.04386E-03    7.13659E-02    1.30614E+01    1.32278E+01    2.49899E+01
    7.28809E+03    2.71828E+05    3.14389E+03    1.50873E+04    5.23842E-03   -2.01631E-03    7.23488E-02    1.32278E+01    1.33939E+01    2.53206E+01
    7.37091E+03    2.75131E+05    3.30317E+03    1.50873E+04    5.38118E-03   -1.98983E-03    7.33295E-02    1.33939E+01    1.35596E+01    2.56505E+01
    7.45466E+03    2.78600E+05    3.46912E+03    1.50873E+04    5.52559E-03   -1.96437E-03    7.43083E-02    1.35596E+01    1.37250E+01    2.59798E+01
    7.53935E+03    2.82242E+05    3.64199E+03    1.50873E+04    5.67169E-03   -1.93990E-03    7.52856E-02    1.37250E+01    1.38902E+01    2.63086E+01
    7.62500E+03    2.86064E+05    3.82208E+03    1.50873E+04    5.81952E-03   -1.91640E-03    7.62617E-02    1.38902E+01    1.40553E+01    2.66370E+01
    7.71162E+03    2.90074E+05    4.00968E+03    1.50873E+04    5.96912E-03   -1.89383E-03    7.72369E-02    1.40553E+01    1.42203E+01    2.69651E+01
    7.79922E+03    2.94279E+05    4.20509E+03    1.50873E+04    6.12055E-03   -1.87218E-03    7.82115E-02    1.42203E+01    1.43852E+01    2.72929E+01
    7.88781E+03    2.98688E+05    4.40863E+03    1.50873E+04    6.27385E-03   -1.85141E-03    7.91860E-02    1.43852E+01    1.45501E+01    2.76207E+01
    7.97740E+03    3.03308E+05    4.62065E+03    1.50873E+04    6.42908E-03   -1.83151E-03    8.01606E-02    1.45501E+01    1.47151E+01    2.79486E+01
    8.06801E+03    3.08150E+05    4.84149E+03    1.50873E+04    6.58628E-03   -1.81246E-03    8.11357E-02    1.47151E+01    1.48803E+01    2.82766E+01
    8.15963E+03    3.13221E+05    5.07153E+03    1.50873E+04    6.74553E-03   -1.79422E-03    8.21115E-02    1.48803E+01    1.50456E+01    2.86048E+01
    8.25229E+03    3.18532E+05    5.31115E+03    1.50873E+04    6.90687E-03   -1.77678E-03    8.30886E-02    1.50456E+01    1.52112E+01    2.89334E+01
    8.34600E+03    3.24093E+05    5.56075E+03    1.50873E+04    7.07037E-03   -1.76012E-03    8.40671E-02    1.52112E+01    1.53770E+01    2.92625E+01
    8.44077E+03    3.29914E+05    5.82076E+03    1.50873E+04    7.23610E-03   -1.74423E-03    8.50474E-02    1.53770E+01    1.55432E+01    2.95923E+01
    8.53661E+03    3.36006E+05    6.09161E+03    1.50873E+04    7.40412E-03   -1.72908E-03    8.60298E-02    1.55432E+01    1.57099E+01    2.99227E+01
    8.63353E+03    3.42379E+05    6.37377E+03    1.50873E+04    7.57452E-03   -1.71466E-03    8.70148E-02    1.57099E+01    1.58770E+01    3.02540E+01
    8.73155E+03    3.49047E+05    6.66773E+03    1.50873E+04    7.74737E-03   -1.70095E-03    8.80027E-02    1.58770E+01    1.60447E+01    3.05862E+01
    8.83067E+03    3.56021E+05    6.97400E+03    1.50873E+04    7.92274E-03   -1.68794E-03    8.89937E-02    1.60447E+01    1.62129E+01    3.09195E+01
    8.93091E+03    3.63314E+05    7.29310E+03    1.50873E+04    8.10071E-03   -1.67560E-03    8.99884E-02    1.62129E+01    1.63818E+01    3.12540E+01
    9.03229E+03    3.70940E+05    7.62560E+03    1.50873E+04    8.28139E-03   -1.66394E-03    9.09869E-02    1.63818E+01    1.65515E+01    3.15898E+01
    9.13481E+03    3.78912E+05    7.97208E+03    1.50873E+04    8.46485E-03   -1.65292E-03    9.19897E-02    1.65515E+01    1.67219E+01    3.19271E+01
    9.23850E+03    3.87245E+05    8.33316E+03    1.50873E+04    8.65118E-03   -1.64255E-03    9.29972E-02    1.67219E+01    1.68931E+01    3.22659E+01
    9.34335E+03    3.95954E+05    8.70948E+03    1.50873E+04    8.84049E-03   -1.63280E-03    9.40097E-02    1.68931E+01    1.70653E+01    3.26064E+01
    9.44939E+03    4.05056E+05    9.10171E+03    1.50873E+04    9.03288E-03   -1.62367E-03    9.50276E-02    1.70653E+01    1.72384E+01    3.29487E+01
    9.55662E+03    4.14567E+05    9.51057E+03    1.50873E+04    9.22846E-03   -1.61514E-03    9.60513E-02    1.72384E+01    1.74126E+01    3.32929E+01
    9.66507E+03    4.24504E+05    9.93680E+03    1.50873E+04    9.42732E-03   -1.60721E-03    9.70811E-02    1.74126E+01    1.75879E+01    3.36392E+01
    9.77474E+03    4.34885E+05    1.03812E+04    1.50873E+04    9.62959E-03   -1.59986E-03    9.81175E-02    1.75879E+01    1.77643E+01    3.39877E+01
    9.88565E+03    4.45729E+05    1.08445E+04    1.50873E+04    9.83539E-03   -1.59308E-03    9.91608E-02    1.77643E+01    1.79420E+01    3.43386E+01
    9.99782E+03    4.57057E+05    1.13277E+04    1.50873E+04    1.00448E-02   -1.58687E-03    1.00211E-01    1.79420E+01    1.81210E+01    3.46919E+01
    1.01113E+04    4.68889E+05    1.18316E+04    1.50873E+04    1.02581E-02   -1.58121E-03    1.01270E-01    1.81210E+01    1.83014E+01    3.50478E+01
    1.02260E+04    4.81246E+05    1.23572E+04    1.50873E+04    1.04752E-02   -1.57609E-03    1.02336E-01    1.83014E+01    1.84832E+01    3.54064E+01
    1.03420E+04    4.94151E+05    1.29055E+04    1.50873E+04    1.06964E-02   -1.57152E-03    1.03412E-01    1.84832E+01    1.86665E+01    3.57679E+01
    1.04593E+04    5.07629E+05    1.34775E+04    1.50873E+04    1.09218E-02   -1.56747E-03    1.04496E-01    1.86665E+01    1.88515E+01    3.61325E+01
    1.05779E+04    5.21703E+05    1.40744E+04    1.50873E+04    1.11515E-02   -1.56395E-03    1.05589E-01    1.88515E+01    1.90381E+01    3.65002E+01
    1.06979E+04    5.36400E+05    1.46972E+04    1.50873E+04    1.13858E-02   -1.56095E-03    1.06693E-01    1.90381E+01    1.92264E+01    3.68712E+01
    1.08193E+04    5.51748E+05    1.53473E+04    1.50873E+04    1.16247E-02   -1.55845E-03    1.07807E-01    1.92264E+01    1.94166E+01    3.72458E+01
    1.09420E+04    5.67774E+05    1.60259E+04    1.50873E+04    1.18684E-02   -1.55647E-03    1.08931E-01    1.94166E+01    1.96087E+01    3.76239E+01
    1.10661E+04    5.84508E+05    1.67344E+04    1.50873E+04    1.21172E-02   -1.55498E-03    1.10067E-01    1.96087E+01    1.98027E+01    3.80058E+01
    1.11916E+04    6.01982E+05    1.74741E+04    1.50873E+04    1.23711E-02   -1.55399E-03    1.11215E-01    1.98027E+01    1.99989E+01    3.83917E+01
    1.13185E+04    6.20229E+05    1.82467E+04    1.50873E+04    1.26305E-02   -1.55349E-03    1.12375E-01    1.99989E+01    2.01971E+01    3.87817E+01
    1.14469E+04    6.39282E+05    1.90535E+04    1.50873E+04    1.28954E-02   -1.55348E-03    1.13547E-01    2.01971E+01    2.03977E+01    3.91760E+01
    1.15767E+04    6.59179E+05    1.98965E+04    1.50873E+04    1.31661E-02   -1.55395E-03    1.14733E-01    2.03977E+01    2.06005E+01    3.95748E+01
    1.17080E+04    6.79956E+05    2.07772E+04    1.50873E+04    1.34429E-02   -1.55490E-03    1.15933E-01    2.06005E+01    2.08058E+01    3.99781E+01
    1.18407E+04    7.01654E+05    2.16975E+04    1.50873E+04    1.37258E-02   -1.55633E-03    1.17147E-01    2.08058E+01    2.10136E+01    4.03863E+01
    1.19750E+04    7.24313E+05    2.26594E+04    1.50873E+04    1.40153E-02   -1.55824E-03    1.18376E-01    2.10136E+01    2.12239E+01    4.07995E+01
    1.21108E+04    7.47978E+05    2.36650E+04    1.50873E+04    1.43114E-02   -1.56062E-03    1.19620E-01    2.12239E+01    2.14370E+01    4.12178E+01
    1.22481E+04    7.72694E+05    2.47164E+04    1.50873E+04    1.46145E-02   -1.56348E-03    1.20880E-01    2.14370E+01    2.16529E+01    4.16416E+01
    1.23869E+04    7.98510E+05    2.58158E+04    1.50873E+04    1.49248E-02   -1.56682E-03    1.22157E-01    2.16529E+01    2.18717E+01    4.20709E+01
    1.25274E+04    8.25476E+05    2.69658E+04    1.50873E+04    1.52427E-02   -1.57062E-03    1.23451E-01    2.18717E+01    2.20935E+01    4.25059E+01
    1.26694E+04    8.53645E+05    2.81689E+04    1.50873E+04    1.55683E-02   -1.57491E-03    1.24763E-01    2.20935E+01    2.23184E+01    4.29470E+01
    1.28130E+04    8.83073E+05    2.94277E+04    1.50873E+04    1.59020E-02   -1.57967E-03    1.26093E-01    2.23184E+01    2.25466E+01    4.33943E+01
    1.29582E+04    9.13818E+05    3.07452E+04    1.50873E+04    1.62442E-02   -1.58491E-03    1.27443E-01    2.25466E+01    2.27781E+01    4.38480E+01
    1.31051E+04    9.45942E+05    3.21243E+04    1.50873E+04    1.65951E-02   -1.59063E-03    1.28812E-01    2.27781E+01    2.30130E+01    4.43083E+01
    1.32537E+04    9.79510E+05    3.35682E+04    1.50873E+04    1.69550E-02   -1.59684E-03    1.30202E-01    2.30130E+01    2.32515E+01    4.47756E+01
    1.34039E+04    1.01459E+06    3.50803E+04    1.50873E+04    1.73244E-02   -1.60353E-03    1.31613E-01    2.32515E+01    2.34938E+01    4.52499E+01
    1.35558E+04    1.05125E+06    3.66642E+04    1.50873E+04    1.77036E-02   -1.61072E-03    1.33045E-01    2.34938E+01    2.37399E+01    4.57316E+01
    1.37095E+04    1.08958E+06    3.83236E+04    1.50873E+04    1.80931E-02   -1.61841E-03    1.34501E-01    2.37399E+01    2.39899E+01    4.62210E+01
    1.38648E+04    1.12964E+06    4.00625E+04    1.50873E+04    1.84931E-02   -1.62659E-03    1.35980E-01    2.39899E+01    2.42441E+01    4.67182E+01
    1.40220E+04    1.17153E+06    4.18853E+04    1.50873E+04    1.89042E-02   -1.63529E-03    1.37483E-01    2.42441E+01    2.45025E+01    4.72237E+01
    1.41809E+04    1.21532E+06    4.37963E+04    1.50873E+04    1.93268E-02   -1.64451E-03    1.39011E-01    2.45025E+01    2.47653E+01    4.77375E+01
    1.43416E+04    1.26112E+06    4.58003E+04    1.50873E+04    1.97614E-02   -1.65426E-03    1.40566E-01    2.47653E+01    2.50326E+01    4.82601E+01
    1.45041E+04    1.30903E+06    4.79025E+04    1.50873E+04    2.02085E-02   -1.66454E-03    1.42147E-01    2.50326E+01    2.53046E+01    4.87917E+01
    1.46684E+04    1.35913E+06    5.01081E+04    1.50873E+04    2.06686E-02   -1.67536E-03    1.43756E-01    2.53046E+01    2.55815E+01    4.93327E+01
    1.48347E+04    1.41156E+06    5.24228E+04    1.50873E+04    2.11422E-02   -1.68674E-03    1.45394E-01    2.55815E+01    2.58635E+01    4.98833E+01
    1.50027E+04    1.46641E+06    5.48527E+04    1.50873E+04    2.16299E-02   -1.69869E-03    1.47061E-01    2.58635E+01    2.61506E+01    5.04440E+01
    1.51727E+04    1.52381E+06    5.74043E+04    1.50873E+04    2.21323E-02   -1.71122E-03    1.48760E-01    2.61506E+01    2.64431E+01    5.10150E+01
    1.53446E+04    1.58390E+06    6.00843E+04    1.50873E+04    2.26501E-02   -1.72434E-03    1.50490E-01    2.64431E+01    2.67412E+01    5.15967E+01
    1.55185E+04    1.64680E+06    6.29000E+04    1.50873E+04    2.31840E-02   -1.73807E-03    1.52253E-01    2.67412E+01    2.70451E+01    5.21895E+01
    1.56943E+04    1.71266E+06    6.58591E+04    1.50873E+04    2.37345E-02   -1.75243E-03    1.54050E-01    2.70451E+01    2.73549E+01    5.27938E+01
    1.58721E+04    1.78163E+06    6.89700E+04    1.50873E+04    2.43026E-02   -1.76743E-03    1.55883E-01    2.73549E+01    2.76709E+01    5.34099E+01
    1.60519E+04    1.85387E+06    7.22413E+04    1.50873E+04    2.48889E-02   -1.78309E-03    1.57752E-01    2.76709E+01    2.79934E+01    5.40384E+01
    1.62338E+04    1.92955E+06    7.56823E+04    1.50873E+04    2.54942E-02   -1.79944E-03    1.59659E-01    2.79934E+01    2.83224E+01    5.46796E+01
    1.64177E+04    2.00885E+06    7.93032E+04    1.50873E+04    2.61196E-02   -1.81649E-03    1.61605E-01    2.83224E+01    2.86583E+01    5.53339E+01
    1.66036E+04    2.09197E+06    8.31144E+04    1.50873E+04    2.67658E-02   -1.83427E-03    1.63592E-01    2.86583E+01    2.90014E+01    5.60019E+01
    1.67917E+04    2.17909E+06    8.71274E+04    1.50873E+04    2.74338E-02   -1.85281E-03    1.65621E-01    2.90014E+01    2.93518E+01    5.66841E+01
    1.69819E+04    2.27045E+06    9.13542E+04    1.50873E+04    2.81247E-02   -1.87213E-03    1.67694E-01    2.93518E+01    2.97099E+01    5.73810E+01
    1.71743E+04    2.36626E+06    9.58079E+04    1.50873E+04    2.88396E-02   -1.89226E-03    1.69812E-01    2.97099E+01    3.00759E+01    5.80931E+01
    1.73688E+04    2.46676E+06    1.00502E+05    1.50873E+04    2.95796E-02   -1.91324E-03    1.71977E-01    3.00759E+01    3.04502E+01    5.88210E+01
    1.75655E+04    2.57221E+06    1.05452E+05    1.50873E+04    3.03460E-02   -1.93509E-03    1.74190E-01    3.04502E+01    3.08330E+01    5.95652E+01
    1.77645E+04    2.68289E+06    1.10674E+05    1.50873E+04    3.11400E-02   -1.95787E-03    1.76454E-01    3.08330E+01    3.12247E+01    6.03265E+01
    1.79657E+04    2.79907E+06    1.16184E+05    1.50873E+04    3.19631E-02   -1.98160E-03    1.78771E-01    3.12247E+01    3.16257E+01    6.11054E+01
    1.81692E+04    2.92107E+06    1.22001E+05    1.50873E+04    3.28166E-02   -2.00634E-03    1.81142E-01    3.16257E+01    3.20362E+01    6.19027E+01
    1.83749E+04    3.04921E+06    1.28144E+05    1.50873E+04    3.37023E-02   -2.03212E-03    1.83570E-01    3.20362E+01    3.24567E+01    6.27191E+01
    1.85830E+04    3.18385E+06    1.34635E+05    1.50873E+04    3.46216E-02   -2.05901E-03    1.86057E-01    3.24567E+01    3.28876E+01    6.35553E+01
    1.87935E+04    3.32534E+06    1.41496E+05    1.50873E+04    3.55765E-02   -2.08706E-03    1.88606E-01    3.28876E+01    3.33292E+01    6.44121E+01
    1.90063E+04    3.47410E+06    1.48752E+05    1.50873E+04    3.65688E-02   -2.11634E-03    1.91218E-01    3.33292E+01    3.37822E+01    6.52904E+01
    1.92215E+04    3.63052E+06    1.56428E+05    1.50873E+04    3.76006E-02   -2.14689E-03    1.93897E-01    3.37822E+01    3.42469E+01    6.61911E+01
    1.94392E+04    3.79508E+06    1.64555E+05    1.50873E+04    3.86740E-02   -2.17881E-03    1.96645E-01    3.42469E+01    3.47238E+01    6.71151E+01
    1.96593E+04    3.96824E+06    1.73161E+05    1.50873E+04    3.97914E-02   -2.21217E-03    1.99465E-01    3.47238E+01    3.52134E+01    6.80634E+01
    1.98819E+04    4.15052E+06    1.82281E+05    1.50873E+04    4.09552E-02   -2.24705E-03    2.02361E-01    3.52134E+01    3.57165E+01    6.90371E+01
    2.01070E+04    4.34247E+06    1.91949E+05    1.50873E+04    4.21682E-02   -2.28355E-03    2.05336E-01    3.57165E+01    3.62334E+01    7.00374E+01
    2.03347E+04    4.54468E+06    2.02206E+05    1.50873E+04    4.34333E-02   -2.32177E-03    2.08394E-01    3.62334E+01    3.67650E+01    7.10654E+01
    2.05649E+04    4.75777E+06    2.13093E+05    1.50873E+04    4.47536E-02   -2.36182E-03    2.11537E-01    3.67650E+01    3.73118E+01    7.21224E+01
    2.07978E+04    4.98242E+06    2.24655E+05    1.50873E+04    4.61324E-02   -2.40382E-03    2.14771E-01    3.73118E+01    3.78747E+01    7.32097E+01
    2.10332E+04    5.21937E+06    2.36943E+05    1.50873E+04    4.75735E-02   -2.44791E-03    2.18100E-01    3.78747E+01    3.84543E+01    7.43289E+01
    2.12714E+04    5.46938E+06    2.50011E+05    1.50873E+04    4.90807E-02   -2.49424E-03    2.21528E-01    3.84543E+01    3.90516E+01    7.54816E+01
    2.15122E+04    5.73330E+06    2.63918E+05    1.50873E+04    5.06584E-02   -2.54296E-03    2.25060E-01    3.90516E+01    3.96675E+01    7.66692E+01
    2.17557E+04    6.01203E+06    2.78729E+05    1.50873E+04    5.23111E-02   -2.59425E-03    2.28702E-01    3.96675E+01    4.03028E+01    7.78938E+01
    2.20020E+04    6.30654E+06    2.94513E+05    1.50873E+04    5.40441E-02   -2.64830E-03    2.32459E-01    4.03028E+01    4.09588E+01    7.91572E+01
    2.22511E+04    6.61789E+06    3.11349E+05    1.50873E+04    5.58627E-02   -2.70533E-03    2.36338E-01    4.09588E+01    4.16364E+01    8.04614E+01
    2.25030E+04    6.94721E+06    3.29322E+05    1.50873E+04    5.77731E-02   -2.76557E-03    2.40344E-01    4.16364E+01    4.23370E+01    8.18088E+01
    2.27578E+04    7.29573E+06    3.48524E+05    1.50873E+04    5.97818E-02   -2.82927E-03    2.44487E-01    4.23370E+01    4.30617E+01    8.32017E+01
    2.30154E+04    7.66479E+06    3.69059E+05    1.50873E+04    6.18961E-02   -2.89672E-03    2.48772E-01    4.30617E+01    4.38122E+01    8.46428E+01
    2.32759E+04    8.05583E+06    3.91040E+05    1.50873E+04    6.41240E-02   -2.96822E-03    2.53210E-01    4.38122E+01    4.45899E+01    8.61349E+01
    2.35394E+04    8.47043E+06    4.14593E+05    1.50873E+04    6.64741E-02   -3.04413E-03    2.57808E-01    4.45899E+01    4.53964E+01    8.76811E+01
    2.38058E+04    8.91028E+06    4.39857E+05    1.50873E+04    6.89563E-02   -3.12483E-03    2.62577E-01    4.53964E+01    4.62337E+01    8.92848E+01
    2.40753E+04    9.37727E+06    4.66986E+05    1.50873E+04    7.15811E-02   -3.21072E-03    2.67527E-01    4.62337E+01    4.71037E+01    9.09495E+01
    2.43478E+04    9.87342E+06    4.96153E+05    1.50873E+04    7.43604E-02   -3.30228E-03    2.72671E-01    4.71037E+01    4.80087E+01    9.26793E+01
    2.46234E+04    1.04010E+07    5.27549E+05    1.50873E+04    7.73074E-02   -3.40002E-03    2.78021E-01    4.80087E+01    4.89510E+01    9.44786E+01
    2.49021E+04    1.09624E+07    5.61389E+05    1.50873E+04    8.04367E-02   -3.50450E-03    2.83592E-01    4.89510E+01    4.99332E+01    9.63519E+01
    2.51840E+04    1.15603E+07    5.97913E+05    1.50873E+04    8.37646E-02   -3.61636E-03    2.89399E-01    4.99332E+01    5.09582E+01    9.83047E+01
    2.54690E+04    1.21977E+07    6.37392E+05    1.50873E+04    8.73094E-02   -3.73630E-03    2.95458E-01    5.09582E+01    5.20291E+01    1.00342E+02
    2.57573E+04    1.28778E+07    6.80129E+05    1.50873E+04    9.10915E-02   -3.86510E-03    3.01789E-01    5.20291E+01    5.31495E+01    1.02472E+02
    2.60488E+04    1.36043E+07    7.26468E+05    1.50873E+04    9.51340E-02   -4.00362E-03    3.08412E-01    5.31495E+01    5.43232E+01    1.04699E+02
    2.63436E+04    1.43811E+07    7.76799E+05    1.50873E+04    9.94626E-02   -4.15285E-03    3.15350E-01    5.43232E+01    5.55544E+01    1.07032E+02
    2.66417E+04    1.52126E+07    8.31562E+05    1.50873E+04    1.04107E-01   -4.31386E-03    3.22627E-01    5.55544E+01    5.68477E+01    1.09480E+02
    2.69432E+04    1.61039E+07    8.91263E+05    1.50873E+04    1.09099E-01   -4.48787E-03    3.30272E-01    5.68477E+01    5.82085E+01    1.12051E+02
    2.72481E+04    1.70604E+07    9.56476E+05    1.50873E+04    1.14478E-01   -4.67626E-03    3.38314E-01    5.82085E+01    5.96424E+01    1.14756E+02
    2.75565E+04    1.80882E+07    1.02786E+06    1.50873E+04    1.20286E-01   -4.88058E-03    3.46789E-01    5.96424E+01    6.11558E+01    1.17606E+02
    2.78684E+04    1.91944E+07    1.10617E+06    1.50873E+04    1.26572E-01   -5.10257E-03    3.55733E-01    6.11558E+01    6.27560E+01    1.20615E+02
    2.81837E+04    2.03867E+07    1.19229E+06    1.50873E+04    1.33392E-01   -5.34425E-03    3.65190E-01    6.27560E+01    6.44508E+01    1.23796E+02
    2.85027E+04    2.16739E+07    1.28722E+06    1.50873E+04    1.40810E-01   -5.60788E-03    3.75205E-01    6.44508E+01    6.62494E+01    1.27165E+02
    2.88252E+04    2.30661E+07    1.39215E+06    1.50873E+04    1.48902E-01   -5.89609E-03    3.85833E-01    6.62494E+01    6.81618E+01    1.30740E+02
    2.91514E+04    2.45745E+07    1.50845E+06    1.50873E+04    1.57754E-01   -6.21188E-03    3.97133E-01    6.81618E+01    7.01994E+01    1.34541E+02
    2.94812E+04    2.62123E+07    1.63774E+06    1.50873E+04    1.67465E-01   -6.55876E-03    4.09173E-01    7.01994E+01    7.23751E+01    1.38591E+02
    2.98148E+04    2.79942E+07    1.78190E+06    1.50873E+04    1.78155E-01   -6.94080E-03    4.22027E-01    7.23751E+01    7.47035E+01    1.42915E+02
    3.01522E+04    2.99373E+07    1.94319E+06    1.50873E+04    1.89961E-01   -7.36277E-03    4.35782E-01    7.47035E+01    7.72014E+01    1.47542E+02
    3.04934E+04    3.20616E+07    2.12429E+06    1.50873E+04    2.03046E-01   -7.83031E-03    4.50538E-01    7.72014E+01    7.98880E+01    1.52507E+02
    3.08384E+04    3.43900E+07    2.32839E+06    1.50873E+04    2.17605E-01   -8.35010E-03    4.66407E-01    7.98880E+01    8.27852E+01    1.57846E+02
    3.11873E+04    3.69494E+07    2.55934E+06    1.50873E+04    2.33870E-01   -8.93014E-03    4.83519E-01    8.27852E+01    8.59187E+01    1.63603E+02
    3.15402E+04    3.97712E+07    2.82180E+06    1.50873E+04    2.52120E-01   -9.58009E-03    5.02024E-01    8.59187E+01    8.93183E+01    1.69830E+02
    3.18971E+04    4.28926E+07    3.12147E+06    1.50873E+04    2.72693E-01   -1.03117E-02    5.22099E-01    8.93183E+01    9.30188E+01    1.76584E+02
    3.22580E+04    4.63580E+07    3.46535E+06    1.50873E+04    2.96003E-01   -1.11392E-02    5.43947E-01    9.30188E+01    9.70615E+01    1.83937E+02
    3.26230E+04    5.02201E+07    3.86210E+06    1.50873E+04    3.22557E-01   -1.20805E-02    5.67812E-01    9.70615E+01    1.01495E+02    1.91968E+02
    3.29921E+04    5.45427E+07    4.32258E+06    1.50873E+04    3.52988E-01   -1.31579E-02    5.93982E-01    1.01495E+02    1.06379E+02    2.00776E+02
    3.33653E+04    5.94032E+07    4.86051E+06    1.50873E+04    3.88090E-01   -1.43995E-02    6.22803E-01    1.06379E+02    1.11784E+02    2.10477E+02
    3.37428E+04    6.48966E+07    5.49342E+06    1.50873E+04    4.28872E-01   -1.58415E-02    6.54691E-01    1.11784E+02    1.17798E+02    2.21213E+02
    3.41246E+04    7.11406E+07    6.24398E+06    1.50873E+04    4.76629E-01   -1.75311E-02    6.90161E-01    1.17798E+02    1.24528E+02    2.33155E+02
    3.45106E+04    7.82825E+07    7.14195E+06    1.50873E+04    5.33053E-01   -1.95308E-02    7.29843E-01    1.24528E+02    1.32110E+02    2.46518E+02
    3.49010E+04    8.65095E+07    8.22701E+06    1.50873E+04    6.00385E-01   -2.19249E-02    7.74535E-01    1.32110E+02    1.40719E+02    2.61570E+02
    3.52959E+04    9.60625E+07    9.55297E+06    1.50873E+04    6.81648E-01   -2.48300E-02    8.25246E-01    1.40719E+02    1.50578E+02    2.78654E+02
    3.56952E+04    1.07257E+08    1.11944E+07    1.50873E+04    7.81011E-01   -2.84114E-02    8.83292E-01    1.50578E+02    1.61986E+02    2.98215E+02
    3.60990E+04    1.20514E+08    1.32571E+07    1.50873E+04    9.04357E-01   -3.29104E-02    9.50407E-01    1.61986E+02    1.75350E+02    3.20842E+02
    3.65074E+04    1.36410E+08    1.58956E+07    1.50873E+04    1.06023E+00   -3.86931E-02    1.02895E+00    1.75350E+02    1.91240E+02    3.47334E+02
    3.69204E+04    1.55753E+08    1.93431E+07    1.50873E+04    1.26150E+00   -4.63385E-02    1.12221E+00    1.91240E+02    2.10485E+02    3.78812E+02
    3.73380E+04    1.79720E+08    2.39669E+07    1.50873E+04    1.52829E+00   -5.68154E-02    1.23494E+00    2.10485E+02    2.34348E+02    4.16899E+02
    3.77604E+04    2.10095E+08    3.03758E+07    1.50873E+04    1.89390E+00   -7.18601E-02    1.37431E+00    2.34348E+02    2.64871E+02    4.64057E+02
    3.81876E+04    2.49743E+08    3.96477E+07    1.50873E+04    2.41703E+00   -9.48847E-02    1.55178E+00    2.64871E+02    3.05628E+02    5.24243E+02
    3.86195E+04    3.03610E+08    5.38670E+07    1.50873E+04    3.21086E+00   -1.33503E-01    1.78691E+00    3.05628E+02    3.63623E+02    6.04301E+02
    3.90564E+04    3.81199E+08    7.75887E+07    1.50873E+04    4.52202E+00   -2.08177E-01    2.11629E+00    3.63623E+02    4.55078E+02    7.17350E+02
    3.94982E+04    5.04011E+08    1.22812E+08    1.50873E+04    6.99857E+00   -3.92014E-01    2.61627E+00    4.55078E+02    6.29240E+02    8.92375E+02
    3.99450E+04    7.39674E+08    2.35663E+08    1.50873E+04    1.31309E+01   -1.08181E+00    3.45841E+00    6.29240E+02    1.11529E+03    1.20730E+03
    4.03968E+04    1.79101E+09    1.05134E+09    1.50873E+04    5.72773E+01   -5.81177E+00    4.84775E+00    1.11529E+03    3.75601E+03    1.92557E+03
