 # rho, F_z,dF_z, z(rho), E2 (=>sigma2=e0^2*E2), Er, Ez, Ui,j , Ui+1,j , Ui,j-1
    2.50000E-01    1.00769E-04    1.00769E-04    0.00000E+00    8.06152E-04    7.24885E-03   -2.74519E-02    9.82650E-01    9.79025E-01    9.68924E-01
    7.40216E-01    2.90185E-04    1.89416E-04    5.00000E-01    5.32633E-04    2.68375E-03   -2.29223E-02    9.90486E-01    9.89197E-01    9.79025E-01
    1.22396E+00    5.89328E-04    2.99143E-04    5.00000E-01    5.01796E-04    8.65124E-04   -2.23841E-02    9.89197E-01    9.88776E-01    9.78005E-01
    1.71438E+00    1.02129E-03    4.31964E-04    5.00000E-01    5.10274E-04    4.84026E-04   -2.25841E-02    9.88776E-01    9.88537E-01    9.77484E-01
    2.21157E+00    1.60092E-03    5.79625E-04    5.00000E-01    5.23550E-04    4.24780E-04   -2.28773E-02    9.88537E-01    9.88324E-01    9.77098E-01
    2.71562E+00    2.34411E-03    7.43189E-04    5.00000E-01    5.39249E-04    4.83313E-04   -2.32167E-02    9.88324E-01    9.88079E-01    9.76716E-01
    3.22663E+00    3.27145E-03    9.27341E-04    5.00000E-01    5.58596E-04    6.29431E-04   -2.36262E-02    9.88079E-01    9.87755E-01    9.76266E-01
    3.74469E+00    4.41133E-03    1.13988E-03    5.00000E-01    5.83579E-04    9.07474E-04   -2.41403E-02    9.87755E-01    9.87281E-01    9.75685E-01
    4.26990E+00    5.80392E-03    1.39259E-03    5.00000E-01    6.16748E-04    1.47984E-03   -2.47903E-02    9.87281E-01    9.86499E-01    9.74886E-01
    4.80235E+00    7.50558E-03    1.70167E-03    5.00000E-01    6.60954E-04    2.87516E-03   -2.55477E-02    9.86499E-01    9.84958E-01    9.73725E-01
    5.34216E+00    9.61227E-03    2.10669E-03    5.00000E-01    7.25574E-04    7.01828E-03   -2.60061E-02    9.84958E-01    9.81143E-01    9.71954E-01
    5.88941E+00    1.13527E-02    1.74045E-03    9.80431E-01    5.36335E-04    5.00444E-03   -2.26117E-02    9.92449E-01    9.89692E-01    9.81143E-01
    6.44421E+00    1.32599E-02    1.90722E-03    9.80431E-01    5.29814E-04    3.05756E-03   -2.28137E-02    9.89692E-01    9.87984E-01    9.78285E-01
    7.00668E+00    1.56412E-02    2.38130E-03    9.80431E-01    6.00127E-04    3.71568E-03   -2.42141E-02    9.87984E-01    9.85879E-01    9.75877E-01
    7.57690E+00    1.87251E-02    3.08385E-03    9.80431E-01    7.08909E-04    8.03965E-03   -2.53825E-02    9.85879E-01    9.81263E-01    9.73188E-01
    8.15499E+00    2.12562E-02    2.53108E-03    1.46749E+00    5.33236E-04    5.58091E-03   -2.24074E-02    9.92029E-01    9.88780E-01    9.81263E-01
    8.74106E+00    2.41904E-02    2.93428E-03    1.46749E+00    5.68882E-04    4.80564E-03   -2.33621E-02    9.88780E-01    9.85945E-01    9.77556E-01
    9.33522E+00    2.81689E-02    3.97842E-03    1.46749E+00    7.12391E-04    9.26454E-03   -2.50312E-02    9.85945E-01    9.80402E-01    9.73919E-01
    9.93758E+00    3.15435E-02    3.37467E-03    1.96127E+00    5.59926E-04    7.14095E-03   -2.25595E-02    9.91390E-01    9.87059E-01    9.80402E-01
    1.05482E+01    3.58175E-02    4.27393E-03    1.96127E+00    6.58985E-04    9.92536E-03   -2.36743E-02    9.87059E-01    9.80957E-01    9.75528E-01
    1.11673E+01    3.93826E-02    3.56518E-03    2.46187E+00    5.12161E-04    7.17203E-03   -2.14645E-02    9.91555E-01    9.87085E-01    9.80957E-01
    1.17950E+01    4.41444E-02    4.76172E-03    2.46187E+00    6.38836E-04    1.02292E-02   -2.31128E-02    9.87085E-01    9.80620E-01    9.75672E-01
    1.24313E+01    4.82391E-02    4.09474E-03    2.96938E+00    5.14140E-04    7.58924E-03   -2.13669E-02    9.91317E-01    9.86455E-01    9.80620E-01
    1.30764E+01    5.39909E-02    5.75177E-03    2.96938E+00    6.77225E-04    1.16566E-02   -2.32669E-02    9.86455E-01    9.78884E-01    9.74807E-01
    1.37304E+01    5.95912E-02    5.60029E-03    3.48388E+00    6.19434E-04    1.22442E-02   -2.16683E-02    9.89880E-01    9.81818E-01    9.78884E-01
    1.43934E+01    6.37156E-02    4.12439E-03    4.00549E+00    4.29252E-04    7.82130E-03   -1.91854E-02    9.91689E-01    9.86468E-01    9.81818E-01
    1.50655E+01    7.03035E-02    6.58796E-03    4.00549E+00    6.46142E-04    1.24364E-02   -2.21693E-02    9.86468E-01    9.78051E-01    9.75061E-01
    1.57470E+01    7.73534E-02    7.04990E-03    4.53430E+00    6.52523E-04    1.39647E-02   -2.13895E-02    9.89208E-01    9.79627E-01    9.78051E-01
    1.64378E+01    8.37249E-02    6.37145E-03    5.07040E+00    5.57252E-04    1.34723E-02   -1.93843E-02    9.89878E-01    9.80507E-01    9.79627E-01
    1.71382E+01    8.96777E-02    5.95285E-03    5.61391E+00    4.92567E-04    1.24345E-02   -1.83835E-02    9.90362E-01    9.81594E-01    9.80507E-01
    1.78482E+01    9.47726E-02    5.09491E-03    6.16491E+00    3.99296E-04    8.71876E-03   -1.79800E-02    9.91366E-01    9.85133E-01    9.81594E-01
    1.85680E+01    1.04306E-01    9.53310E-03    6.16491E+00    7.08383E-04    1.58316E-02   -2.13950E-02    9.85133E-01    9.73658E-01    9.73504E-01
    1.92978E+01    1.09712E-01    5.40661E-03    7.28983E+00    3.81298E-04    1.39762E-02   -1.36369E-02    9.91257E-01    9.80988E-01    9.83639E-01
    2.00377E+01    1.16509E-01    6.79687E-03    7.86396E+00    4.55363E-04    1.37628E-02   -1.63079E-02    9.90223E-01    9.79971E-01    9.80988E-01
    2.07877E+01    1.24179E-01    7.66995E-03    8.44602E+00    4.88573E-04    1.41242E-02   -1.70024E-02    9.89733E-01    9.79066E-01    9.79971E-01
    2.15481E+01    1.32882E-01    8.70328E-03    9.03610E+00    5.27552E-04    1.49872E-02   -1.74051E-02    9.89197E-01    9.77723E-01    9.79066E-01
    2.23190E+01    1.43636E-01    1.07532E-02    9.63433E+00    6.20731E-04    1.74808E-02   -1.77525E-02    9.88198E-01    9.74630E-01    9.77723E-01
    2.31005E+01    1.50360E-01    6.72462E-03    1.08557E+01    3.69941E-04    1.50001E-02   -1.20390E-02    9.90873E-01    9.79070E-01    9.83572E-01
    2.38929E+01    1.60858E-01    1.04977E-02    1.14790E+01    5.50756E-04    1.76197E-02   -1.55016E-02    9.88601E-01    9.74545E-01    9.79070E-01
    2.46961E+01    1.69322E-01    8.46388E-03    1.27516E+01    4.23763E-04    1.72121E-02   -1.12919E-02    9.90137E-01    9.76217E-01    9.83001E-01
    2.55104E+01    1.77353E-01    8.03110E-03    1.40596E+01    3.83961E-04    1.67099E-02   -1.02343E-02    9.90486E-01    9.76785E-01    9.83838E-01
    2.63360E+01    1.85404E-01    8.05064E-03    1.54039E+01    3.67754E-04    1.65672E-02   -9.65833E-03    9.90536E-01    9.76765E-01    9.84089E-01
    2.71730E+01    1.94191E-01    8.78719E-03    1.67856E+01    3.83741E-04    1.72646E-02   -9.25601E-03    9.90233E-01    9.75685E-01    9.83883E-01
    2.80215E+01    2.01376E-01    7.18499E-03    1.89304E+01    3.00129E-04    1.58944E-02   -6.89181E-03    9.91381E-01    9.77802E-01    9.86454E-01
    2.88817E+01    2.07831E-01    6.45519E-03    2.11653E+01    2.58051E-04    1.48735E-02   -6.06874E-03    9.91803E-01    9.78921E-01    9.87282E-01
    2.97538E+01    2.13770E-01    5.93945E-03    2.34940E+01    2.27338E-04    1.40404E-02   -5.49577E-03    9.92082E-01    9.79753E-01    9.87816E-01
    3.06380E+01    2.19244E-01    5.47312E-03    2.59204E+01    2.00674E-04    1.32452E-02   -5.02376E-03    9.92332E-01    9.80541E-01    9.88269E-01
    3.15343E+01    2.24023E-01    4.77912E-03    2.84487E+01    1.67930E-04    1.21033E-02   -4.63043E-03    9.92724E-01    9.81801E-01    9.88822E-01
    3.24430E+01    2.29874E-01    5.85098E-03    3.01929E+01    1.97115E-04    1.29414E-02   -5.44369E-03    9.91802E-01    9.79961E-01    9.87087E-01
    3.33642E+01    2.35043E-01    5.16965E-03    3.29005E+01    1.67047E-04    1.21956E-02   -4.27943E-03    9.92409E-01    9.81097E-01    9.88547E-01
    3.42982E+01    2.39791E-01    4.74754E-03    3.57217E+01    1.47199E-04    1.14982E-02   -3.87159E-03    9.92673E-01    9.81861E-01    9.89032E-01
    3.52451E+01    2.43939E-01    4.14787E-03    3.86614E+01    1.23447E-04    1.05225E-02   -3.56697E-03    9.93053E-01    9.83022E-01    9.89558E-01
    3.62050E+01    2.48883E-01    4.94451E-03    4.06894E+01    1.41305E-04    1.11135E-02   -4.21833E-03    9.92269E-01    9.81528E-01    9.88021E-01
    3.71781E+01    2.52959E-01    4.07541E-03    4.38376E+01    1.11875E-04    1.00532E-02   -3.28752E-03    9.93039E-01    9.83189E-01    9.89590E-01
    3.81647E+01    2.57717E-01    4.75878E-03    4.60094E+01    1.25525E-04    1.05253E-02   -3.83961E-03    9.92344E-01    9.81888E-01    9.88203E-01
    3.91649E+01    2.61565E-01    3.84794E-03    4.93809E+01    9.75611E-05    9.42529E-03   -2.95382E-03    9.93170E-01    9.83678E-01    9.89851E-01
    4.01789E+01    2.65834E-01    4.26918E-03    5.17068E+01    1.04073E-04    9.59491E-03   -3.46568E-03    9.92653E-01    9.82857E-01    9.88650E-01
    4.12069E+01    2.70527E-01    4.69271E-03    5.40974E+01    1.10026E-04    9.89599E-03   -3.47780E-03    9.92302E-01    9.82060E-01    9.88174E-01
    4.22491E+01    2.74242E-01    3.71509E-03    5.78084E+01    8.37994E-05    8.78311E-03   -2.57999E-03    9.93222E-01    9.84006E-01    9.90031E-01
    4.33057E+01    2.78276E-01    4.03348E-03    6.03685E+01    8.75531E-05    8.85568E-03   -3.02159E-03    9.92790E-01    9.83370E-01    9.88949E-01
    4.43768E+01    2.82494E-01    4.21836E-03    6.29998E+01    8.81396E-05    8.88581E-03   -3.03018E-03    9.92608E-01    9.83025E-01    9.88649E-01
    4.54628E+01    2.87006E-01    4.51178E-03    6.57041E+01    9.07661E-05    9.05692E-03   -2.95606E-03    9.92373E-01    9.82471E-01    9.88403E-01
    4.65637E+01    2.90543E-01    3.53691E-03    6.99023E+01    6.85262E-05    7.99430E-03   -2.14881E-03    9.93319E-01    9.84458E-01    9.90312E-01
    4.76798E+01    2.94317E-01    3.77439E-03    7.27985E+01    7.04433E-05    8.00567E-03   -2.52041E-03    9.92960E-01    9.83964E-01    9.89335E-01
    4.88113E+01    2.98167E-01    3.84991E-03    7.57752E+01    6.92317E-05    7.93175E-03   -2.51376E-03    9.92867E-01    9.83830E-01    9.89151E-01
    4.99584E+01    3.02040E-01    3.87313E-03    7.88346E+01    6.71237E-05    7.81750E-03   -2.45160E-03    9.92835E-01    9.83806E-01    9.89111E-01
    5.11214E+01    3.05912E-01    3.87137E-03    8.19791E+01    6.46745E-05    7.68353E-03   -2.37443E-03    9.92829E-01    9.83832E-01    9.89122E-01
    5.23004E+01    3.09765E-01    3.85330E-03    8.52109E+01    6.20649E-05    7.53729E-03   -2.29218E-03    9.92840E-01    9.83892E-01    9.89161E-01
    5.34957E+01    3.13586E-01    3.82108E-03    8.85325E+01    5.93517E-05    7.38073E-03   -2.20828E-03    9.92863E-01    9.83981E-01    9.89221E-01
    5.47074E+01    3.17358E-01    3.77245E-03    9.19465E+01    5.65186E-05    7.21156E-03   -2.12412E-03    9.92901E-01    9.84103E-01    9.89300E-01
    5.59359E+01    3.21056E-01    3.69766E-03    9.54553E+01    5.34438E-05    7.01997E-03   -2.04055E-03    9.92963E-01    9.84280E-01    9.89408E-01
    5.71814E+01    3.24617E-01    3.56115E-03    9.90617E+01    4.96643E-05    6.76911E-03   -1.96048E-03    9.93080E-01    9.84591E-01    9.89569E-01
    5.84440E+01    3.27773E-01    3.15533E-03    1.02768E+02    4.24680E-05    6.22752E-03   -1.91988E-03    9.93434E-01    9.85517E-01    9.89900E-01
    5.97241E+01    3.32431E-01    4.65809E-03    1.04660E+02    6.05150E-05    7.01932E-03   -3.35323E-03    9.91774E-01    9.82727E-01    9.85517E-01
    6.10218E+01    3.36403E-01    3.97243E-03    1.08522E+02    4.98223E-05    6.77890E-03   -1.96693E-03    9.92684E-01    9.83827E-01    9.88912E-01
    6.23374E+01    3.40172E-01    3.76912E-03    1.12492E+02    4.56448E-05    6.51513E-03   -1.78826E-03    9.92891E-01    9.84261E-01    9.89366E-01
    6.36712E+01    3.43747E-01    3.57491E-03    1.16571E+02    4.18090E-05    6.24126E-03   -1.68987E-03    9.93067E-01    9.84686E-01    9.89644E-01
    6.50234E+01    3.46894E-01    3.14662E-03    1.20765E+02    3.55443E-05    5.73108E-03   -1.64286E-03    9.93450E-01    9.85647E-01    9.90029E-01
    6.63943E+01    3.51461E-01    4.56749E-03    1.22905E+02    4.98413E-05    6.41687E-03   -2.94365E-03    9.91861E-01    9.83004E-01    9.85647E-01
    6.77840E+01    3.55306E-01    3.84435E-03    1.27274E+02    4.05309E-05    6.14429E-03   -1.66691E-03    9.92801E-01    9.84204E-01    9.89185E-01
    6.91930E+01    3.58874E-01    3.56790E-03    1.31764E+02    3.63487E-05    5.83676E-03   -1.51027E-03    9.93074E-01    9.84794E-01    9.89707E-01
    7.06214E+01    3.61985E-01    3.11177E-03    1.36380E+02    3.06377E-05    5.34099E-03   -1.45311E-03    9.93492E-01    9.85810E-01    9.90161E-01
    7.20695E+01    3.66436E-01    4.45030E-03    1.38735E+02    4.23518E-05    5.94273E-03   -2.65250E-03    9.91973E-01    9.83309E-01    9.85810E-01
    7.35376E+01    3.70101E-01    3.66490E-03    1.43544E+02    3.37159E-05    5.61892E-03   -1.46411E-03    9.92967E-01    9.84662E-01    9.89471E-01
    7.50259E+01    3.73238E-01    3.13749E-03    1.48487E+02    2.79061E-05    5.10711E-03   -1.35038E-03    9.93471E-01    9.85818E-01    9.90156E-01
    7.65348E+01    3.77674E-01    4.43646E-03    1.51010E+02    3.81553E-05    5.65577E-03   -2.48345E-03    9.91997E-01    9.83405E-01    9.85818E-01
    7.80645E+01    3.81291E-01    3.61625E-03    1.56160E+02    3.00766E-05    5.31757E-03   -1.34168E-03    9.93020E-01    9.84830E-01    9.89589E-01
    7.96153E+01    3.84354E-01    3.06338E-03    1.61453E+02    2.46420E-05    4.80853E-03   -1.23289E-03    9.93554E-01    9.86045E-01    9.90313E-01
    8.11876E+01    3.88616E-01    4.26148E-03    1.64155E+02    3.31582E-05    5.28081E-03   -2.29590E-03    9.92164E-01    9.83804E-01    9.86045E-01
    8.27815E+01    3.91818E-01    3.20207E-03    1.69671E+02    2.41027E-05    4.74835E-03   -1.24733E-03    9.93403E-01    9.85783E-01    9.89987E-01
    8.43974E+01    3.96207E-01    4.38965E-03    1.72486E+02    3.19681E-05    5.18267E-03   -2.26008E-03    9.92058E-01    9.83626E-01    9.85783E-01
    8.60356E+01    3.99473E-01    3.26596E-03    1.78233E+02    2.30142E-05    4.64444E-03   -1.20142E-03    9.93349E-01    9.85688E-01    9.89920E-01
    8.76964E+01    4.03932E-01    4.45887E-03    1.81166E+02    3.04056E-05    5.06252E-03   -2.18552E-03    9.92011E-01    9.83546E-01    9.85688E-01
    8.93802E+01    4.07261E-01    3.32844E-03    1.87154E+02    2.19664E-05    4.54399E-03   -1.14826E-03    9.93300E-01    9.85596E-01    9.89885E-01
    9.10872E+01    4.11818E-01    4.55705E-03    1.90210E+02    2.91094E-05    4.96783E-03   -2.10476E-03    9.91941E-01    9.83403E-01    9.85596E-01
    9.28177E+01    4.15448E-01    3.63045E-03    1.96450E+02    2.24483E-05    4.61574E-03   -1.06923E-03    9.93044E-01    9.85002E-01    9.89731E-01
    9.45721E+01    4.18490E-01    3.04243E-03    2.02863E+02    1.82121E-05    4.15538E-03   -9.72059E-04    9.93614E-01    9.86273E-01    9.90518E-01
    9.63507E+01    4.22629E-01    4.13874E-03    2.06136E+02    2.39863E-05    4.52451E-03   -1.87484E-03    9.92326E-01    9.84224E-01    9.86273E-01
    9.81539E+01    4.25643E-01    3.01369E-03    2.12818E+02    1.69117E-05    3.99459E-03   -9.77227E-04    9.93628E-01    9.86376E-01    9.90385E-01
    9.99820E+01    4.29530E-01    3.88671E-03    2.16229E+02    2.11206E-05    4.21219E-03   -1.83794E-03    9.92558E-01    9.84806E-01    9.86376E-01
    1.01835E+02    4.34240E-01    4.71086E-03    2.19686E+02    2.47910E-05    4.53474E-03   -2.05601E-03    9.91817E-01    9.83356E-01    9.84806E-01
    1.03714E+02    4.37562E-01    3.32187E-03    2.26745E+02    1.69311E-05    4.00141E-03   -9.59088E-04    9.93336E-01    9.85766E-01    9.89974E-01
    1.05619E+02    4.41985E-01    4.42311E-03    2.30347E+02    2.18360E-05    4.31916E-03   -1.78351E-03    9.92104E-01    9.83820E-01    9.85766E-01
    1.07550E+02    4.45220E-01    3.23456E-03    2.37703E+02    1.54682E-05    3.83101E-03   -8.89701E-04    9.93436E-01    9.85988E-01    9.90187E-01
    1.09508E+02    4.49517E-01    4.29723E-03    2.41456E+02    1.99080E-05    4.13138E-03   -1.68515E-03    9.92227E-01    9.84084E-01    9.85988E-01
    1.11492E+02    4.52602E-01    3.08435E-03    2.49120E+02    1.38436E-05    3.62435E-03   -8.41221E-04    9.93591E-01    9.86348E-01    9.90389E-01
    1.13505E+02    4.56535E-01    3.93383E-03    2.53032E+02    1.71073E-05    3.80972E-03   -1.61036E-03    9.92561E-01    9.84843E-01    9.86348E-01
    1.15544E+02    4.61248E-01    4.71280E-03    2.56997E+02    1.98590E-05    4.07862E-03   -1.79550E-03    9.91866E-01    9.83489E-01    9.84843E-01
    1.17612E+02    4.64550E-01    3.30137E-03    2.65093E+02    1.34808E-05    3.58063E-03   -8.12314E-04    9.93391E-01    9.85935E-01    9.90125E-01
    1.19709E+02    4.68886E-01    4.33605E-03    2.69224E+02    1.71589E-05    3.84412E-03   -1.54326E-03    9.92225E-01    9.84110E-01    9.85935E-01
    1.21835E+02    4.71976E-01    3.09060E-03    2.77660E+02    1.18534E-05    3.35968E-03   -7.52293E-04    9.93608E-01    9.86418E-01    9.90457E-01
    1.23989E+02    4.75886E-01    3.90984E-03    2.81965E+02    1.45342E-05    3.52213E-03   -1.45906E-03    9.92614E-01    9.84973E-01    9.86418E-01
    1.26174E+02    4.80522E-01    4.63626E-03    2.86330E+02    1.67056E-05    3.75082E-03   -1.62388E-03    9.91964E-01    9.83714E-01    9.84973E-01
    1.28389E+02    4.83691E-01    3.16857E-03    2.95241E+02    1.10675E-05    3.24705E-03   -7.23967E-04    9.93540E-01    9.86300E-01    9.90337E-01
    1.30634E+02    4.87670E-01    3.97949E-03    2.99788E+02    1.34751E-05    3.39441E-03   -1.39753E-03    9.92569E-01    9.84895E-01    9.86300E-01
    1.32910E+02    4.92361E-01    4.69060E-03    3.04399E+02    1.53985E-05    3.60554E-03   -1.54873E-03    9.91939E-01    9.83675E-01    9.84895E-01
    1.35218E+02    4.95559E-01    3.19754E-03    3.13812E+02    1.01774E-05    3.11649E-03   -6.81841E-04    9.93526E-01    9.86285E-01    9.90339E-01
    1.37558E+02    4.99562E-01    4.00377E-03    3.18616E+02    1.23563E-05    3.25575E-03   -1.32529E-03    9.92565E-01    9.84896E-01    9.86285E-01
    1.39929E+02    5.04267E-01    4.70507E-03    3.23487E+02    1.40802E-05    3.45349E-03   -1.46750E-03    9.91946E-01    9.83699E-01    9.84896E-01
    1.42334E+02    5.07476E-01    3.20811E-03    3.33430E+02    9.30980E-06    2.98341E-03   -6.39572E-04    9.93531E-01    9.86308E-01    9.90373E-01
    1.44772E+02    5.11483E-01    4.00709E-03    3.38505E+02    1.12770E-05    3.11556E-03   -1.25309E-03    9.92580E-01    9.84933E-01    9.86308E-01
    1.47243E+02    5.16179E-01    4.69683E-03    3.43650E+02    1.28193E-05    3.30084E-03   -1.38701E-03    9.91972E-01    9.83759E-01    9.84933E-01
    1.49749E+02    5.19383E-01    3.20404E-03    3.54153E+02    8.48160E-06    2.85013E-03   -5.98623E-04    9.93548E-01    9.86358E-01    9.90426E-01
    1.52289E+02    5.23375E-01    3.99179E-03    3.59514E+02    1.02492E-05    2.97507E-03   -1.18245E-03    9.92611E-01    9.85002E-01    9.86358E-01
    1.54864E+02    5.28041E-01    4.66571E-03    3.64949E+02    1.16200E-05    3.14774E-03   -1.30833E-03    9.92016E-01    9.83854E-01    9.85002E-01
    1.57474E+02    5.31221E-01    3.18047E-03    3.76045E+02    7.68362E-06    2.71494E-03   -5.59236E-04    9.93584E-01    9.86447E-01    9.90502E-01
    1.60121E+02    5.35170E-01    3.94840E-03    3.81708E+02    9.25350E-06    2.83093E-03   -1.11324E-03    9.92666E-01    9.85122E-01    9.86447E-01
    1.62804E+02    5.39763E-01    4.59360E-03    3.87449E+02    1.04440E-05    2.98808E-03   -1.23102E-03    9.92093E-01    9.84020E-01    9.85122E-01
    1.65524E+02    5.42863E-01    3.10004E-03    3.99170E+02    6.83807E-06    2.56234E-03   -5.22010E-04    9.93673E-01    9.86655E-01    9.90635E-01
    1.68282E+02    5.46657E-01    3.79314E-03    4.05152E+02    8.11778E-06    2.65056E-03   -1.04515E-03    9.92822E-01    9.85463E-01    9.86655E-01
    1.71078E+02    5.50902E-01    4.24491E-03    4.11217E+02    8.81450E-06    2.73252E-03   -1.16096E-03    9.92407E-01    9.84715E-01    9.85463E-01
    1.73912E+02    5.55663E-01    4.76127E-03    4.17365E+02    9.59321E-06    2.85685E-03   -1.19651E-03    9.91972E-01    9.83819E-01    9.84715E-01
    1.76786E+02    5.58815E-01    3.15269E-03    4.29917E+02    6.16385E-06    2.43386E-03   -4.90078E-04    9.93636E-01    9.86594E-01    9.90581E-01
    1.79699E+02    5.62652E-01    3.83604E-03    4.36324E+02    7.27786E-06    2.51243E-03   -9.82619E-04    9.92803E-01    9.85434E-01    9.86594E-01
    1.82653E+02    5.66923E-01    4.27146E-03    4.42818E+02    7.86439E-06    2.58455E-03   -1.08835E-03    9.92406E-01    9.84721E-01    9.85434E-01
    1.85647E+02    5.71690E-01    4.76703E-03    4.49403E+02    8.51771E-06    2.69538E-03   -1.11922E-03    9.91990E-01    9.83864E-01    9.84721E-01
    1.88682E+02    5.74828E-01    3.13762E-03    4.62846E+02    5.44102E-06    2.28805E-03   -4.53685E-04    9.93666E-01    9.86673E-01    9.90638E-01
    1.91760E+02    5.78617E-01    3.78896E-03    4.69706E+02    6.37706E-06    2.35362E-03   -9.15178E-04    9.92867E-01    9.85574E-01    9.86673E-01
    1.94879E+02    5.82778E-01    4.16121E-03    4.76662E+02    6.79767E-06    2.40238E-03   -1.01304E-03    9.92524E-01    9.84978E-01    9.85574E-01
    1.98042E+02    5.87255E-01    4.47695E-03    4.83713E+02    7.09868E-06    2.45036E-03   -1.04615E-03    9.92254E-01    9.84451E-01    9.84978E-01
    2.01249E+02    5.92181E-01    4.92582E-03    4.90862E+02    7.58136E-06    2.54344E-03   -1.05463E-03    9.91888E-01    9.83676E-01    9.84451E-01
    2.04499E+02    5.95412E-01    3.23133E-03    5.05457E+02    4.82768E-06    2.15691E-03   -4.18838E-04    9.93595E-01    9.86535E-01    9.90559E-01
    2.07795E+02    5.99318E-01    3.90640E-03    5.12906E+02    5.66549E-06    2.22311E-03   -8.50464E-04    9.92784E-01    9.85407E-01    9.86535E-01
    2.11136E+02    6.03644E-01    4.32526E-03    5.20457E+02    6.08967E-06    2.28181E-03   -9.39690E-04    9.92407E-01    9.84731E-01    9.85407E-01
    2.14523E+02    6.08443E-01    4.79957E-03    5.28113E+02    6.56024E-06    2.37290E-03   -9.64152E-04    9.92012E-01    9.83919E-01    9.84731E-01
    2.17957E+02    6.11603E-01    3.15973E-03    5.43743E+02    4.19293E-06    2.01155E-03   -3.82893E-04    9.93679E-01    9.86724E-01    9.90707E-01
    2.21439E+02    6.15400E-01    3.79672E-03    5.51721E+02    4.89150E-06    2.06767E-03   -7.85018E-04    9.92901E-01    9.85653E-01    9.86724E-01
    2.24968E+02    6.19550E-01    4.15045E-03    5.59808E+02    5.19169E-06    2.10676E-03   -8.67915E-04    9.92577E-01    9.85090E-01    9.85653E-01
    2.28546E+02    6.23993E-01    4.44330E-03    5.68007E+02    5.39653E-06    2.14380E-03   -8.94780E-04    9.92327E-01    9.84603E-01    9.85090E-01
    2.32174E+02    6.28851E-01    4.85780E-03    5.76319E+02    5.72872E-06    2.21757E-03   -9.00607E-04    9.91987E-01    9.83888E-01    9.84603E-01
    2.35851E+02    6.32017E-01    3.16548E-03    5.93288E+02    3.62477E-06    1.87123E-03   -3.51076E-04    9.93689E-01    9.86761E-01    9.90731E-01
    2.39579E+02    6.35797E-01    3.78049E-03    6.01949E+02    4.20363E-06    1.91859E-03   -7.22938E-04    9.92937E-01    9.85735E-01    9.86761E-01
    2.43359E+02    6.39897E-01    4.09954E-03    6.10730E+02    4.42650E-06    1.94682E-03   -7.97736E-04    9.92644E-01    9.85235E-01    9.85735E-01
    2.47191E+02    6.44225E-01    4.32840E-03    6.19631E+02    4.53854E-06    1.96565E-03   -8.21444E-04    9.92448E-01    9.84864E-01    9.85235E-01
    2.51076E+02    6.48791E-01    4.56565E-03    6.28656E+02    4.64907E-06    1.99007E-03   -8.29868E-04    9.92251E-01    9.84467E-01    9.84864E-01
    2.55014E+02    6.53740E-01    4.94928E-03    6.37805E+02    4.89434E-06    2.05141E-03   -8.28294E-04    9.91942E-01    9.83807E-01    9.84467E-01
    2.59007E+02    6.56951E-01    3.21120E-03    6.56483E+02    3.08405E-06    1.72709E-03   -3.18142E-04    9.93665E-01    9.86722E-01    9.90714E-01
    2.63055E+02    6.60774E-01    3.82319E-03    6.66016E+02    3.56608E-06    1.76955E-03   -6.59373E-04    9.92922E-01    9.85710E-01    9.86722E-01
    2.67158E+02    6.64910E-01    4.13521E-03    6.75681E+02    3.74618E-06    1.79391E-03   -7.26688E-04    9.92638E-01    9.85226E-01    9.85710E-01
    2.71319E+02    6.69266E-01    4.35653E-03    6.85479E+02    3.83326E-06    1.80960E-03   -7.47405E-04    9.92449E-01    9.84869E-01    9.85226E-01
    2.75536E+02    6.73852E-01    4.58590E-03    6.95412E+02    3.91923E-06    1.83036E-03   -7.54324E-04    9.92260E-01    9.84487E-01    9.84869E-01
    2.79812E+02    6.78812E-01    4.95989E-03    7.05482E+02    4.11726E-06    1.88450E-03   -7.52283E-04    9.91959E-01    9.83846E-01    9.84487E-01
    2.84147E+02    6.82033E-01    3.22075E-03    7.26041E+02    2.59695E-06    1.58591E-03   -2.86069E-04    9.93674E-01    9.86752E-01    9.90754E-01
    2.88542E+02    6.85859E-01    3.82612E-03    7.36534E+02    2.99673E-06    1.62455E-03   -5.97980E-04    9.92941E-01    9.85753E-01    9.86752E-01
    2.92998E+02    6.89989E-01    4.13039E-03    7.47172E+02    3.14249E-06    1.64579E-03   -6.58687E-04    9.92664E-01    9.85282E-01    9.85753E-01
    2.97514E+02    6.94332E-01    4.34317E-03    7.57957E+02    3.20991E-06    1.65880E-03   -6.76976E-04    9.92483E-01    9.84939E-01    9.85282E-01
    3.02094E+02    6.98894E-01    4.56215E-03    7.68890E+02    3.27544E-06    1.67609E-03   -6.82746E-04    9.92302E-01    9.84574E-01    9.84939E-01
    3.06736E+02    7.03815E-01    4.92065E-03    7.79974E+02    3.43200E-06    1.72308E-03   -6.80429E-04    9.92014E-01    9.83960E-01    9.84574E-01
    3.11443E+02    7.07005E-01    3.18960E-03    8.02604E+02    2.16120E-06    1.44759E-03   -2.56287E-04    9.93720E-01    9.86860E-01    9.90840E-01
    3.16214E+02    7.10777E-01    3.77262E-03    8.14153E+02    2.48340E-06    1.48056E-03   -5.39761E-04    9.93009E-01    9.85897E-01    9.86860E-01
    3.21051E+02    7.14826E-01    4.04893E-03    8.25862E+02    2.58939E-06    1.49554E-03   -5.93928E-04    9.92756E-01    9.85472E-01    9.85897E-01
    3.25955E+02    7.19045E-01    4.21877E-03    8.37732E+02    2.62125E-06    1.49987E-03   -6.09630E-04    9.92610E-01    9.85205E-01    9.85472E-01
    3.30927E+02    7.23400E-01    4.35521E-03    8.49766E+02    2.62909E-06    1.50055E-03   -6.14346E-04    9.92497E-01    9.84986E-01    9.85205E-01
    3.35967E+02    7.27893E-01    4.49286E-03    8.61967E+02    2.63513E-06    1.50236E-03   -6.14857E-04    9.92385E-01    9.84761E-01    9.84986E-01
    3.41077E+02    7.32564E-01    4.67073E-03    8.74335E+02    2.66168E-06    1.51185E-03   -6.13167E-04    9.92241E-01    9.84463E-01    9.84761E-01
    3.46258E+02    7.37567E-01    5.00296E-03    8.86875E+02    2.77012E-06    1.54952E-03   -6.07551E-04    9.91978E-01    9.83896E-01    9.84463E-01
    3.51510E+02    7.40798E-01    3.23149E-03    9.12475E+02    1.73854E-06    1.29907E-03   -2.25730E-04    9.93701E-01    9.86831E-01    9.90831E-01
    3.56834E+02    7.44609E-01    3.81057E-03    9.25541E+02    1.99201E-06    1.32774E-03   -4.78649E-04    9.93000E-01    9.85882E-01    9.86831E-01
    3.62232E+02    7.48688E-01    4.07936E-03    9.38787E+02    2.07214E-06    1.33993E-03   -5.26039E-04    9.92755E-01    9.85473E-01    9.85882E-01
    3.67704E+02    7.52930E-01    4.24137E-03    9.52216E+02    2.09348E-06    1.34262E-03   -5.39318E-04    9.92617E-01    9.85219E-01    9.85473E-01
    3.73252E+02    7.57300E-01    4.37000E-03    9.65830E+02    2.09599E-06    1.34209E-03   -5.42949E-04    9.92510E-01    9.85014E-01    9.85219E-01
    3.78876E+02    7.61799E-01    4.49958E-03    9.79632E+02    2.09716E-06    1.34253E-03   -5.42920E-04    9.92405E-01    9.84802E-01    9.85014E-01
    3.84578E+02    7.66468E-01    4.66841E-03    9.93624E+02    2.11441E-06    1.34972E-03   -5.40987E-04    9.92269E-01    9.84520E-01    9.84802E-01
    3.90359E+02    7.71456E-01    4.98842E-03    1.00781E+03    2.19559E-06    1.38155E-03   -5.35643E-04    9.92015E-01    9.83974E-01    9.84520E-01
    3.96220E+02    7.74678E-01    3.22152E-03    1.03677E+03    1.37792E-06    1.15719E-03   -1.97060E-04    9.93729E-01    9.86900E-01    9.90895E-01
    4.02161E+02    7.78465E-01    3.78755E-03    1.05155E+03    1.57437E-06    1.18190E-03   -4.21295E-04    9.93043E-01    9.85973E-01    9.86900E-01
    4.08184E+02    7.82507E-01    4.04178E-03    1.06654E+03    1.63272E-06    1.19109E-03   -4.62631E-04    9.92811E-01    9.85587E-01    9.85973E-01
    4.14291E+02    7.86693E-01    4.18585E-03    1.08173E+03    1.64332E-06    1.19115E-03   -4.73803E-04    9.92687E-01    9.85364E-01    9.85587E-01
    4.20481E+02    7.90982E-01    4.28919E-03    1.09713E+03    1.63652E-06    1.18723E-03   -4.76436E-04    9.92602E-01    9.85201E-01    9.85364E-01
    4.26758E+02    7.95360E-01    4.37775E-03    1.11274E+03    1.62334E-06    1.18191E-03   -4.75830E-04    9.92530E-01    9.85061E-01    9.85201E-01
    4.33120E+02    7.99826E-01    4.46629E-03    1.12857E+03    1.60963E-06    1.17692E-03   -4.73795E-04    9.92459E-01    9.84919E-01    9.85061E-01
    4.39571E+02    8.04396E-01    4.57035E-03    1.14462E+03    1.60087E-06    1.17429E-03   -4.71070E-04    9.92376E-01    9.84749E-01    9.84919E-01
    4.46111E+02    8.09117E-01    4.72067E-03    1.16089E+03    1.60710E-06    1.17825E-03   -4.67782E-04    9.92256E-01    9.84498E-01    9.84749E-01
    4.52741E+02    8.14142E-01    5.02487E-03    1.17738E+03    1.66267E-06    1.20379E-03   -4.62118E-04    9.92016E-01    9.83980E-01    9.84498E-01
    4.59462E+02    8.17383E-01    3.24167E-03    1.21106E+03    1.04255E-06    1.00712E-03   -1.68109E-04    9.93730E-01    9.86915E-01    9.90919E-01
    4.66276E+02    8.21185E-01    3.80103E-03    1.22824E+03    1.18818E-06    1.02809E-03   -3.62238E-04    9.93056E-01    9.86002E-01    9.86915E-01
    4.73184E+02    8.25231E-01    4.04651E-03    1.24567E+03    1.22948E-06    1.03515E-03   -3.97420E-04    9.92832E-01    9.85632E-01    9.86002E-01
    4.80188E+02    8.29412E-01    4.18112E-03    1.26333E+03    1.23482E-06    1.03416E-03   -4.06617E-04    9.92717E-01    9.85424E-01    9.85632E-01
    4.87288E+02    8.33686E-01    4.27380E-03    1.28124E+03    1.22687E-06    1.02956E-03   -4.08494E-04    9.92640E-01    9.85280E-01    9.85424E-01
    4.94486E+02    8.38035E-01    4.34922E-03    1.29939E+03    1.21359E-06    1.02345E-03   -4.07597E-04    9.92579E-01    9.85162E-01    9.85280E-01
    5.01783E+02    8.42455E-01    4.41970E-03    1.31780E+03    1.19878E-06    1.01704E-03   -4.05469E-04    9.92523E-01    9.85050E-01    9.85162E-01
    5.09181E+02    8.46950E-01    4.49487E-03    1.33646E+03    1.18510E-06    1.01138E-03   -4.02765E-04    9.92463E-01    9.84929E-01    9.85050E-01
    5.16682E+02    8.51538E-01    4.58785E-03    1.35537E+03    1.17583E-06    1.00797E-03   -3.99787E-04    9.92389E-01    9.84777E-01    9.84929E-01
    5.24285E+02    8.56265E-01    4.72781E-03    1.37455E+03    1.17787E-06    1.01028E-03   -3.96498E-04    9.92278E-01    9.84543E-01    9.84777E-01
    5.31994E+02    8.61285E-01    5.02005E-03    1.39399E+03    1.21578E-06    1.03085E-03   -3.91315E-04    9.92048E-01    9.84047E-01    9.84543E-01
    5.39809E+02    8.64525E-01    3.23977E-03    1.43369E+03    7.62739E-07    8.61908E-04   -1.40905E-04    9.93752E-01    9.86970E-01    9.90975E-01
    5.47732E+02    8.68315E-01    3.78975E-03    1.45395E+03    8.67346E-07    8.79533E-04   -3.06216E-04    9.93089E-01    9.86073E-01    9.86970E-01
    5.55764E+02    8.72341E-01    4.02579E-03    1.47448E+03    8.95692E-07    8.84862E-04   -3.35724E-04    9.92874E-01    9.85718E-01    9.86073E-01
    5.63907E+02    8.76492E-01    4.15076E-03    1.49530E+03    8.97771E-07    8.83166E-04   -3.43204E-04    9.92767E-01    9.85526E-01    9.85718E-01
    5.72163E+02    8.80724E-01    4.23266E-03    1.51641E+03    8.89995E-07    8.78247E-04   -3.44496E-04    9.92699E-01    9.85399E-01    9.85526E-01
    5.80532E+02    8.85019E-01    4.29507E-03    1.53781E+03    8.77981E-07    8.71801E-04   -3.43431E-04    9.92648E-01    9.85302E-01    9.85399E-01
    5.89017E+02    8.89368E-01    4.34850E-03    1.55951E+03    8.64173E-07    8.64688E-04   -3.41302E-04    9.92605E-01    9.85218E-01    9.85302E-01
    5.97619E+02    8.93767E-01    4.39910E-03    1.58150E+03    8.49915E-07    8.57455E-04   -3.38652E-04    9.92566E-01    9.85139E-01    9.85218E-01
    6.06340E+02    8.98219E-01    4.45192E-03    1.60380E+03    8.36211E-07    8.50576E-04   -3.35755E-04    9.92524E-01    9.85056E-01    9.85139E-01
    6.15181E+02    9.02732E-01    4.51328E-03    1.62641E+03    8.24178E-07    8.44657E-04   -3.32765E-04    9.92476E-01    9.84957E-01    9.85056E-01
    6.24144E+02    9.07326E-01    4.59441E-03    1.64933E+03    8.15689E-07    8.40803E-04   -3.29757E-04    9.92411E-01    9.84824E-01    9.84957E-01
    6.33230E+02    9.12050E-01    4.72308E-03    1.67256E+03    8.15249E-07    8.41766E-04   -3.26618E-04    9.92309E-01    9.84608E-01    9.84824E-01
    6.42442E+02    9.17052E-01    5.00207E-03    1.69612E+03    8.39442E-07    8.57758E-04   -3.22013E-04    9.92089E-01    9.84134E-01    9.84608E-01
    6.51782E+02    9.20280E-01    3.22868E-03    1.74420E+03    5.26800E-07    7.16680E-04   -1.14761E-04    9.93782E-01    9.87043E-01    9.91042E-01
    6.61250E+02    9.24048E-01    3.76759E-03    1.76875E+03    5.97680E-07    7.31041E-04   -2.51514E-04    9.93132E-01    9.86163E-01    9.87043E-01
    6.70849E+02    9.28041E-01    3.99355E-03    1.79363E+03    6.15960E-07    7.34871E-04   -2.75543E-04    9.92926E-01    9.85824E-01    9.86163E-01
    6.80580E+02    9.32150E-01    4.10884E-03    1.81886E+03    6.16177E-07    7.32784E-04   -2.81432E-04    9.92827E-01    9.85647E-01    9.85824E-01
    6.90445E+02    9.36331E-01    4.18062E-03    1.84443E+03    6.09571E-07    7.27949E-04   -2.82243E-04    9.92767E-01    9.85536E-01    9.85647E-01
    7.00447E+02    9.40563E-01    4.23174E-03    1.87036E+03    5.99936E-07    7.21741E-04   -2.81116E-04    9.92725E-01    9.85457E-01    9.85536E-01
    7.10587E+02    9.44834E-01    4.27187E-03    1.89664E+03    5.88857E-07    7.14815E-04   -2.79101E-04    9.92693E-01    9.85395E-01    9.85457E-01
    7.20866E+02    9.49140E-01    4.30588E-03    1.92329E+03    5.77117E-07    7.07525E-04   -2.76632E-04    9.92666E-01    9.85344E-01    9.85395E-01
    7.31288E+02    9.53477E-01    4.33666E-03    1.95030E+03    5.65159E-07    7.00090E-04   -2.73921E-04    9.92643E-01    9.85297E-01    9.85344E-01
    7.41853E+02    9.57843E-01    4.36623E-03    1.97769E+03    5.53275E-07    6.92667E-04   -2.71086E-04    9.92620E-01    9.85252E-01    9.85297E-01
    7.52564E+02    9.62240E-01    4.39642E-03    2.00546E+03    5.41695E-07    6.85394E-04   -2.68197E-04    9.92597E-01    9.85205E-01    9.85252E-01
    7.63423E+02    9.66669E-01    4.42925E-03    2.03361E+03    5.30655E-07    6.78430E-04   -2.65307E-04    9.92572E-01    9.85154E-01    9.85205E-01
    7.74432E+02    9.71137E-01    4.46761E-03    2.06214E+03    5.20460E-07    6.71996E-04   -2.62453E-04    9.92542E-01    9.85093E-01    9.85154E-01
    7.85593E+02    9.75653E-01    4.51649E-03    2.09107E+03    5.11619E-07    6.66477E-04   -2.59667E-04    9.92504E-01    9.85014E-01    9.85093E-01
    7.96907E+02    9.80239E-01    4.58620E-03    2.12040E+03    5.05167E-07    6.62677E-04   -2.56957E-04    9.92448E-01    9.84899E-01    9.85014E-01
    8.08378E+02    9.84943E-01    4.70342E-03    2.15014E+03    5.03776E-07    6.62688E-04   -2.54206E-04    9.92355E-01    9.84701E-01    9.84899E-01
    8.20007E+02    9.89911E-01    4.96844E-03    2.18028E+03    5.17473E-07    6.74380E-04   -2.50371E-04    9.92146E-01    9.84250E-01    9.84701E-01
    8.31797E+02    9.93119E-01    3.20753E-03    2.24183E+03    3.24853E-07    5.63076E-04   -8.83105E-05    9.93824E-01    9.87140E-01    9.91125E-01
    8.43749E+02    9.96853E-01    3.73401E-03    2.27324E+03    3.67742E-07    5.74145E-04   -1.95192E-04    9.93188E-01    9.86279E-01    9.87140E-01
    8.55867E+02    1.00080E+00    3.94982E-03    2.30508E+03    3.78269E-07    5.76725E-04   -2.13676E-04    9.92990E-01    9.85954E-01    9.86279E-01
    8.68151E+02    1.00486E+00    4.05620E-03    2.33737E+03    3.77747E-07    5.74630E-04   -2.18055E-04    9.92898E-01    9.85791E-01    9.85954E-01
    8.80605E+02    1.00898E+00    4.11945E-03    2.37010E+03    3.73063E-07    5.70368E-04   -2.18503E-04    9.92845E-01    9.85693E-01    9.85791E-01
    8.93231E+02    1.01314E+00    4.16197E-03    2.40328E+03    3.66528E-07    5.65015E-04   -2.17455E-04    9.92810E-01    9.85627E-01    9.85693E-01
    9.06031E+02    1.01733E+00    4.19311E-03    2.43692E+03    3.59098E-07    5.59074E-04   -2.15719E-04    9.92785E-01    9.85580E-01    9.85627E-01
    9.19008E+02    1.02155E+00    4.21745E-03    2.47102E+03    3.51235E-07    5.52809E-04   -2.13630E-04    9.92766E-01    9.85543E-01    9.85580E-01
    9.32164E+02    1.02579E+00    4.23748E-03    2.50559E+03    3.43187E-07    5.46369E-04   -2.11347E-04    9.92751E-01    9.85513E-01    9.85543E-01
    9.45501E+02    1.03004E+00    4.25474E-03    2.54064E+03    3.35099E-07    5.39849E-04   -2.08955E-04    9.92738E-01    9.85488E-01    9.85513E-01
    9.59023E+02    1.03431E+00    4.27025E-03    2.57618E+03    3.27066E-07    5.33313E-04   -2.06504E-04    9.92726E-01    9.85466E-01    9.85488E-01
    9.72731E+02    1.03860E+00    4.28481E-03    2.61220E+03    3.19152E-07    5.26806E-04   -2.04028E-04    9.92716E-01    9.85445E-01    9.85466E-01
    9.86628E+02    1.04290E+00    4.29906E-03    2.64873E+03    3.11406E-07    5.20370E-04   -2.01546E-04    9.92705E-01    9.85424E-01    9.85445E-01
    1.00072E+03    1.04721E+00    4.31367E-03    2.68575E+03    3.03871E-07    5.14043E-04   -1.99076E-04    9.92695E-01    9.85403E-01    9.85424E-01
    1.01500E+03    1.05154E+00    4.32939E-03    2.72329E+03    2.96594E-07    5.07868E-04   -1.96630E-04    9.92683E-01    9.85379E-01    9.85403E-01
    1.02948E+03    1.05589E+00    4.34723E-03    2.76134E+03    2.89630E-07    5.01904E-04   -1.94222E-04    9.92670E-01    9.85352E-01    9.85379E-01
    1.04416E+03    1.06026E+00    4.36866E-03    2.79992E+03    2.83060E-07    4.96235E-04   -1.91862E-04    9.92654E-01    9.85319E-01    9.85352E-01
    1.05904E+03    1.06465E+00    4.39617E-03    2.83904E+03    2.77016E-07    4.91000E-04   -1.89565E-04    9.92632E-01    9.85275E-01    9.85319E-01
    1.07413E+03    1.06909E+00    4.43430E-03    2.87869E+03    2.71744E-07    4.86463E-04   -1.87342E-04    9.92602E-01    9.85212E-01    9.85275E-01
    1.08943E+03    1.07358E+00    4.49279E-03    2.91889E+03    2.67767E-07    4.83188E-04   -1.85192E-04    9.92555E-01    9.85113E-01    9.85212E-01
    1.10494E+03    1.07818E+00    4.59718E-03    2.95964E+03    2.66466E-07    4.82667E-04   -1.83027E-04    9.92471E-01    9.84935E-01    9.85113E-01
    1.12066E+03    1.08302E+00    4.84362E-03    3.00096E+03    2.73044E-07    4.90517E-04   -1.80102E-04    9.92274E-01    9.84510E-01    9.84935E-01
    1.13660E+03    1.08615E+00    3.12652E-03    3.08531E+03    1.71411E-07    4.09216E-04   -6.28754E-05    9.93924E-01    9.87357E-01    9.91290E-01
    1.15276E+03    1.08978E+00    3.63039E-03    3.12836E+03    1.93574E-07    4.17056E-04   -1.40138E-04    9.93308E-01    9.86522E-01    9.87357E-01
    1.16914E+03    1.09361E+00    3.83148E-03    3.17200E+03    1.98692E-07    4.18568E-04   -1.53274E-04    9.93121E-01    9.86217E-01    9.86522E-01
    1.18574E+03    1.09753E+00    3.92633E-03    3.21625E+03    1.98026E-07    4.16664E-04   -1.56261E-04    9.93037E-01    9.86070E-01    9.86217E-01
    1.20258E+03    1.10151E+00    3.97926E-03    3.26111E+03    1.95192E-07    4.13184E-04   -1.56433E-04    9.92992E-01    9.85987E-01    9.86070E-01
    1.21965E+03    1.10553E+00    4.01191E-03    3.30659E+03    1.91398E-07    4.08909E-04   -1.55537E-04    9.92964E-01    9.85937E-01    9.85987E-01
    1.23696E+03    1.10956E+00    4.03326E-03    3.35269E+03    1.87142E-07    4.04203E-04   -1.54150E-04    9.92947E-01    9.85904E-01    9.85937E-01
    1.25450E+03    1.11361E+00    4.04765E-03    3.39943E+03    1.82663E-07    3.99254E-04   -1.52509E-04    9.92936E-01    9.85883E-01    9.85904E-01
    1.27228E+03    1.11766E+00    4.05743E-03    3.44682E+03    1.78087E-07    3.94167E-04   -1.50728E-04    9.92929E-01    9.85870E-01    9.85883E-01
    1.29032E+03    1.12173E+00    4.06396E-03    3.49486E+03    1.73487E-07    3.89005E-04   -1.48868E-04    9.92924E-01    9.85862E-01    9.85870E-01
    1.30860E+03    1.12580E+00    4.06810E-03    3.54356E+03    1.68907E-07    3.83809E-04   -1.46961E-04    9.92922E-01    9.85858E-01    9.85862E-01
    1.32713E+03    1.12987E+00    4.07042E-03    3.59293E+03    1.64375E-07    3.78604E-04   -1.45030E-04    9.92921E-01    9.85857E-01    9.85858E-01
    1.34592E+03    1.13394E+00    4.07131E-03    3.64299E+03    1.59909E-07    3.73409E-04   -1.43088E-04    9.92922E-01    9.85858E-01    9.85857E-01
    1.36496E+03    1.13801E+00    4.07105E-03    3.69374E+03    1.55521E-07    3.68238E-04   -1.41144E-04    9.92923E-01    9.85861E-01    9.85858E-01
    1.38427E+03    1.14208E+00    4.06985E-03    3.74518E+03    1.51220E-07    3.63100E-04   -1.39206E-04    9.92925E-01    9.85866E-01    9.85861E-01
    1.40385E+03    1.14615E+00    4.06789E-03    3.79734E+03    1.47010E-07    3.58002E-04   -1.37276E-04    9.92928E-01    9.85872E-01    9.85866E-01
    1.42370E+03    1.15021E+00    4.06529E-03    3.85022E+03    1.42896E-07    3.52951E-04   -1.35359E-04    9.92932E-01    9.85879E-01    9.85872E-01
    1.44382E+03    1.15427E+00    4.06219E-03    3.90382E+03    1.38881E-07    3.47951E-04   -1.33457E-04    9.92936E-01    9.85887E-01    9.85879E-01
    1.46421E+03    1.15833E+00    4.05869E-03    3.95817E+03    1.34966E-07    3.43008E-04   -1.31573E-04    9.92940E-01    9.85895E-01    9.85887E-01
    1.48489E+03    1.16239E+00    4.05492E-03    4.01327E+03    1.31153E-07    3.38125E-04   -1.29707E-04    9.92944E-01    9.85904E-01    9.85895E-01
    1.50586E+03    1.16644E+00    4.05101E-03    4.06912E+03    1.27443E-07    3.33308E-04   -1.27863E-04    9.92949E-01    9.85913E-01    9.85904E-01
    1.52711E+03    1.17049E+00    4.04710E-03    4.12575E+03    1.23839E-07    3.28562E-04   -1.26041E-04    9.92953E-01    9.85922E-01    9.85913E-01
    1.54866E+03    1.17453E+00    4.04338E-03    4.18316E+03    1.20343E-07    3.23893E-04   -1.24243E-04    9.92958E-01    9.85931E-01    9.85922E-01
    1.57051E+03    1.17857E+00    4.04011E-03    4.24136E+03    1.16959E-07    3.19312E-04   -1.22471E-04    9.92962E-01    9.85939E-01    9.85931E-01
    1.59265E+03    1.18261E+00    4.03762E-03    4.30037E+03    1.13693E-07    3.14830E-04   -1.20727E-04    9.92965E-01    9.85945E-01    9.85939E-01
    1.61511E+03    1.18664E+00    4.03641E-03    4.36018E+03    1.10553E-07    3.10466E-04   -1.19013E-04    9.92967E-01    9.85949E-01    9.85945E-01
    1.63787E+03    1.19068E+00    4.03724E-03    4.42083E+03    1.07555E-07    3.06248E-04   -1.17333E-04    9.92967E-01    9.85949E-01    9.85949E-01
    1.66094E+03    1.19472E+00    4.04131E-03    4.48231E+03    1.04722E-07    3.02221E-04   -1.15692E-04    9.92965E-01    9.85943E-01    9.85949E-01
    1.68434E+03    1.19877E+00    4.05073E-03    4.54464E+03    1.02099E-07    2.98466E-04   -1.14095E-04    9.92958E-01    9.85927E-01    9.85943E-01
    1.70806E+03    1.20284E+00    4.06948E-03    4.60783E+03    9.97709E-08    2.95134E-04   -1.12548E-04    9.92942E-01    9.85895E-01    9.85927E-01
    1.73210E+03    1.20695E+00    4.10614E-03    4.67189E+03    9.79209E-08    2.92556E-04   -1.11048E-04    9.92912E-01    9.85829E-01    9.85895E-01
    1.75648E+03    1.21113E+00    4.18332E-03    4.73684E+03    9.70379E-08    2.91614E-04   -1.09542E-04    9.92847E-01    9.85689E-01    9.85829E-01
    1.78119E+03    1.21552E+00    4.38632E-03    4.80268E+03    9.89692E-08    2.95623E-04   -1.07592E-04    9.92677E-01    9.85321E-01    9.85689E-01
    1.80624E+03    1.21834E+00    2.81753E-03    4.93710E+03    6.18373E-08    2.45881E-04   -3.71441E-05    9.94252E-01    9.88049E-01    9.91772E-01
    1.83164E+03    1.22159E+00    3.25659E-03    5.00571E+03    6.95229E-08    2.50173E-04   -8.32848E-05    9.93685E-01    9.87287E-01    9.88049E-01
    1.85739E+03    1.22501E+00    3.42110E-03    5.07526E+03    7.10421E-08    2.50556E-04   -9.09048E-05    9.93524E-01    9.87028E-01    9.87287E-01
    1.88350E+03    1.22850E+00    3.48962E-03    5.14577E+03    7.04878E-08    2.48869E-04   -9.24761E-05    9.93460E-01    9.86918E-01    9.87028E-01
    1.90996E+03    1.23202E+00    3.52007E-03    5.21725E+03    6.91632E-08    2.46231E-04   -9.23767E-05    9.93432E-01    9.86871E-01    9.86918E-01
    1.93680E+03    1.23555E+00    3.53188E-03    5.28973E+03    6.75024E-08    2.43113E-04   -9.16436E-05    9.93422E-01    9.86854E-01    9.86871E-01
    1.96400E+03    1.23909E+00    3.53309E-03    5.36320E+03    6.56838E-08    2.39733E-04   -9.06196E-05    9.93421E-01    9.86856E-01    9.86854E-01
    1.99157E+03    1.24262E+00    3.52757E-03    5.43768E+03    6.37927E-08    2.36204E-04   -8.94451E-05    9.93427E-01    9.86869E-01    9.86856E-01
    2.01953E+03    1.24613E+00    3.51738E-03    5.51320E+03    6.18740E-08    2.32588E-04   -8.81867E-05    9.93438E-01    9.86891E-01    9.86869E-01
    2.04787E+03    1.24964E+00    3.50373E-03    5.58975E+03    5.99535E-08    2.28922E-04   -8.68798E-05    9.93451E-01    9.86918E-01    9.86891E-01
    2.07661E+03    1.25312E+00    3.48735E-03    5.66736E+03    5.80465E-08    2.25230E-04   -8.55444E-05    9.93467E-01    9.86951E-01    9.86918E-01
    2.10574E+03    1.25659E+00    3.46873E-03    5.74605E+03    5.61628E-08    2.21527E-04   -8.41928E-05    9.93486E-01    9.86988E-01    9.86951E-01
    2.13527E+03    1.26004E+00    3.44816E-03    5.82582E+03    5.43082E-08    2.17823E-04   -8.28328E-05    9.93506E-01    9.87029E-01    9.86988E-01
    2.16521E+03    1.26347E+00    3.42588E-03    5.90669E+03    5.24868E-08    2.14125E-04   -8.14695E-05    9.93527E-01    9.87072E-01    9.87029E-01
    2.19557E+03    1.26687E+00    3.40201E-03    5.98867E+03    5.07009E-08    2.10437E-04   -8.01064E-05    9.93551E-01    9.87119E-01    9.87072E-01
    2.22634E+03    1.27025E+00    3.37667E-03    6.07179E+03    4.89521E-08    2.06764E-04   -7.87458E-05    9.93575E-01    9.87169E-01    9.87119E-01
    2.25753E+03    1.27360E+00    3.34992E-03    6.15605E+03    4.72413E-08    2.03106E-04   -7.73894E-05    9.93602E-01    9.87222E-01    9.87169E-01
    2.28916E+03    1.27692E+00    3.32181E-03    6.24148E+03    4.55687E-08    1.99467E-04   -7.60383E-05    9.93629E-01    9.87277E-01    9.87222E-01
    2.32123E+03    1.28021E+00    3.29235E-03    6.32809E+03    4.39345E-08    1.95845E-04   -7.46933E-05    9.93658E-01    9.87336E-01    9.87277E-01
    2.35373E+03    1.28347E+00    3.26158E-03    6.41589E+03    4.23384E-08    1.92243E-04   -7.33549E-05    9.93689E-01    9.87397E-01    9.87336E-01
    2.38669E+03    1.28670E+00    3.22948E-03    6.50490E+03    4.07802E-08    1.88661E-04   -7.20235E-05    9.93720E-01    9.87460E-01    9.87397E-01
    2.42010E+03    1.28990E+00    3.19606E-03    6.59514E+03    3.92593E-08    1.85097E-04   -7.06991E-05    9.93754E-01    9.87527E-01    9.87460E-01
    2.45397E+03    1.29306E+00    3.16131E-03    6.68663E+03    3.77751E-08    1.81552E-04   -6.93819E-05    9.93788E-01    9.87597E-01    9.87527E-01
    2.48831E+03    1.29618E+00    3.12520E-03    6.77938E+03    3.63270E-08    1.78026E-04   -6.80718E-05    9.93824E-01    9.87669E-01    9.87597E-01
    2.52312E+03    1.29927E+00    3.08773E-03    6.87341E+03    3.49144E-08    1.74518E-04   -6.67687E-05    9.93862E-01    9.87745E-01    9.87669E-01
    2.55841E+03    1.30232E+00    3.04886E-03    6.96873E+03    3.35365E-08    1.71026E-04   -6.54724E-05    9.93901E-01    9.87824E-01    9.87745E-01
    2.59419E+03    1.30533E+00    3.00857E-03    7.06538E+03    3.21926E-08    1.67551E-04   -6.41827E-05    9.93942E-01    9.87906E-01    9.87824E-01
    2.63046E+03    1.30830E+00    2.96682E-03    7.16335E+03    3.08820E-08    1.64090E-04   -6.28993E-05    9.93985E-01    9.87992E-01    9.87906E-01
    2.66724E+03    1.31122E+00    2.92359E-03    7.26268E+03    2.96039E-08    1.60644E-04   -6.16218E-05    9.94030E-01    9.88082E-01    9.87992E-01
    2.70452E+03    1.31410E+00    2.87883E-03    7.36338E+03    2.83574E-08    1.57211E-04   -6.03499E-05    9.94076E-01    9.88175E-01    9.88082E-01
    2.74232E+03    1.31693E+00    2.83250E-03    7.46547E+03    2.71420E-08    1.53789E-04   -5.90833E-05    9.94125E-01    9.88272E-01    9.88175E-01
    2.78063E+03    1.31971E+00    2.78458E-03    7.56896E+03    2.59569E-08    1.50378E-04   -5.78214E-05    9.94175E-01    9.88373E-01    9.88272E-01
    2.81948E+03    1.32245E+00    2.73501E-03    7.67389E+03    2.48013E-08    1.46976E-04   -5.65639E-05    9.94228E-01    9.88479E-01    9.88373E-01
    2.85886E+03    1.32513E+00    2.68375E-03    7.78026E+03    2.36745E-08    1.43580E-04   -5.53101E-05    9.94282E-01    9.88589E-01    9.88479E-01
    2.89879E+03    1.32776E+00    2.63076E-03    7.88810E+03    2.25759E-08    1.40191E-04   -5.40596E-05    9.94340E-01    9.88704E-01    9.88589E-01
    2.93926E+03    1.33034E+00    2.57599E-03    7.99743E+03    2.15047E-08    1.36805E-04   -5.28119E-05    9.94399E-01    9.88824E-01    9.88704E-01
    2.98030E+03    1.33286E+00    2.51939E-03    8.10827E+03    2.04603E-08    1.33421E-04   -5.15662E-05    9.94462E-01    9.88949E-01    9.88824E-01
    3.02190E+03    1.33532E+00    2.46092E-03    8.22064E+03    1.94420E-08    1.30037E-04   -5.03221E-05    9.94527E-01    9.89080E-01    9.88949E-01
    3.06408E+03    1.33772E+00    2.40054E-03    8.33456E+03    1.84493E-08    1.26651E-04   -4.90787E-05    9.94595E-01    9.89217E-01    9.89080E-01
    3.10683E+03    1.34006E+00    2.33819E-03    8.45005E+03    1.74815E-08    1.23261E-04   -4.78354E-05    9.94666E-01    9.89359E-01    9.89217E-01
    3.15018E+03    1.34233E+00    2.27382E-03    8.56713E+03    1.65381E-08    1.19864E-04   -4.65913E-05    9.94740E-01    9.89509E-01    9.89359E-01
    3.19413E+03    1.34454E+00    2.20740E-03    8.68583E+03    1.56186E-08    1.16458E-04   -4.53458E-05    9.94818E-01    9.89665E-01    9.89509E-01
    3.23868E+03    1.34668E+00    2.13887E-03    8.80617E+03    1.47224E-08    1.13039E-04   -4.40978E-05    9.94900E-01    9.89829E-01    9.89665E-01
    3.28385E+03    1.34875E+00    2.06820E-03    8.92817E+03    1.38490E-08    1.09605E-04   -4.28464E-05    9.94985E-01    9.90000E-01    9.89829E-01
    3.32964E+03    1.35074E+00    1.99536E-03    9.05185E+03    1.29981E-08    1.06152E-04   -4.15907E-05    9.95074E-01    9.90180E-01    9.90000E-01
    3.37606E+03    1.35266E+00    1.92029E-03    9.17724E+03    1.21692E-08    1.02678E-04   -4.03294E-05    9.95168E-01    9.90369E-01    9.90180E-01
    3.42312E+03    1.35451E+00    1.84299E-03    9.30436E+03    1.13619E-08    9.91773E-05   -3.90615E-05    9.95267E-01    9.90567E-01    9.90369E-01
    3.47084E+03    1.35627E+00    1.76342E-03    9.43323E+03    1.05760E-08    9.56465E-05   -3.77855E-05    9.95371E-01    9.90776E-01    9.90567E-01
    3.51921E+03    1.35795E+00    1.68157E-03    9.56388E+03    9.81111E-09    9.20806E-05   -3.65002E-05    9.95480E-01    9.90995E-01    9.90776E-01
    3.56825E+03    1.35955E+00    1.59744E-03    9.69634E+03    9.06706E-09    8.84745E-05   -3.52040E-05    9.95595E-01    9.91226E-01    9.90995E-01
    3.61796E+03    1.36106E+00    1.51105E-03    9.83062E+03    8.34370E-09    8.48223E-05   -3.38951E-05    9.95716E-01    9.91470E-01    9.91226E-01
    3.66836E+03    1.36248E+00    1.42242E-03    9.96676E+03    7.64093E-09    8.11173E-05   -3.25717E-05    9.95844E-01    9.91727E-01    9.91470E-01
    3.71946E+03    1.36381E+00    1.33160E-03    1.01048E+04    6.95876E-09    7.73521E-05   -3.12316E-05    9.95979E-01    9.92000E-01    9.91727E-01
    3.77126E+03    1.36505E+00    1.23866E-03    1.02447E+04    6.29727E-09    7.35180E-05   -2.98725E-05    9.96122E-01    9.92288E-01    9.92000E-01
    3.82378E+03    1.36620E+00    1.14372E-03    1.03865E+04    5.65668E-09    6.96054E-05   -2.84916E-05    9.96275E-01    9.92594E-01    9.92288E-01
    3.87702E+03    1.36724E+00    1.04694E-03    1.05303E+04    5.03739E-09    6.56028E-05   -2.70860E-05    9.96436E-01    9.92919E-01    9.92594E-01
    3.93100E+03    1.36819E+00    9.48534E-04    1.06761E+04    4.43997E-09    6.14975E-05   -2.56520E-05    9.96608E-01    9.93266E-01    9.92919E-01
    3.98572E+03    1.36904E+00    8.48829E-04    1.08239E+04    3.86537E-09    5.72750E-05   -2.41855E-05    9.96792E-01    9.93637E-01    9.93266E-01
    4.04120E+03    1.36979E+00    7.48309E-04    1.09738E+04    3.31510E-09    5.29212E-05   -2.26813E-05    9.96989E-01    9.94033E-01    9.93637E-01
    4.09744E+03    1.37044E+00    6.47785E-04    1.11257E+04    2.79185E-09    4.84280E-05   -2.11324E-05    9.97200E-01    9.94457E-01    9.94033E-01
    4.15446E+03    1.37099E+00    5.48920E-04    1.12797E+04    2.30152E-09    4.38211E-05   -1.95253E-05    9.97423E-01    9.94908E-01    9.94457E-01
    4.21226E+03    1.37144E+00    4.56848E-04    1.14358E+04    1.86348E-09    3.93233E-05   -1.78090E-05    9.97650E-01    9.95362E-01    9.94908E-01
    4.27086E+03    1.37159E+00    1.48178E-04    1.17546E+04    5.88010E-10    2.35460E-05   -5.79639E-06    9.98666E-01    9.97277E-01    9.97748E-01
    4.33028E+03    1.37170E+00    1.09377E-04    1.19173E+04    4.22256E-10    1.80316E-05   -9.85487E-06    9.98858E-01    9.97779E-01    9.97277E-01
    4.39051E+03    1.37175E+00    5.11098E-05    1.20822E+04    1.91956E-10    1.04347E-05   -9.11442E-06    9.99262E-01    9.98629E-01    9.97779E-01
    4.45157E+03    1.37181E+00    5.86935E-05    1.20822E+04    2.14455E-10    9.09434E-06   -1.14781E-05    9.98629E-01    9.98070E-01    9.96762E-01
    4.51347E+03    1.37188E+00    7.31956E-05    1.20822E+04    2.60184E-10    8.11032E-06   -1.39430E-05    9.98070E-01    9.97565E-01    9.95802E-01
    4.57623E+03    1.37198E+00    9.35767E-05    1.20822E+04    3.23604E-10    7.35814E-06   -1.64153E-05    9.97565E-01    9.97100E-01    9.94894E-01
    4.63986E+03    1.37210E+00    1.19145E-04    1.20822E+04    4.00841E-10    6.76079E-06   -1.88450E-05    9.97100E-01    9.96667E-01    9.94034E-01
    4.70436E+03    1.37224E+00    1.49420E-04    1.20822E+04    4.89055E-10    6.27011E-06   -2.12071E-05    9.96667E-01    9.96259E-01    9.93217E-01
    4.76976E+03    1.37243E+00    1.84070E-04    1.20822E+04    5.86118E-10    5.85555E-06   -2.34911E-05    9.96259E-01    9.95874E-01    9.92438E-01
    4.83605E+03    1.37265E+00    2.22870E-04    1.20822E+04    6.90410E-10    5.49733E-06   -2.56942E-05    9.95874E-01    9.95507E-01    9.91694E-01
    4.90326E+03    1.37292E+00    2.65676E-04    1.20822E+04    8.00683E-10    5.18232E-06   -2.78177E-05    9.95507E-01    9.95156E-01    9.90981E-01
    4.97140E+03    1.37323E+00    3.12403E-04    1.20822E+04    9.15961E-10    4.90152E-06   -2.98653E-05    9.95156E-01    9.94820E-01    9.90298E-01
    5.04048E+03    1.37359E+00    3.63012E-04    1.20822E+04    1.03547E-09    4.64861E-06   -3.18412E-05    9.94820E-01    9.94497E-01    9.89640E-01
    5.11051E+03    1.37401E+00    4.17501E-04    1.20822E+04    1.15859E-09    4.41893E-06   -3.37500E-05    9.94497E-01    9.94185E-01    9.89006E-01
    5.18151E+03    1.37449E+00    4.75894E-04    1.20822E+04    1.28481E-09    4.20900E-06   -3.55962E-05    9.94185E-01    9.93884E-01    9.88394E-01
    5.25349E+03    1.37502E+00    5.38236E-04    1.20822E+04    1.41370E-09    4.01610E-06   -3.73841E-05    9.93884E-01    9.93593E-01    9.87802E-01
    5.32646E+03    1.37563E+00    6.04594E-04    1.20822E+04    1.54492E-09    3.83808E-06   -3.91176E-05    9.93593E-01    9.93311E-01    9.87229E-01
    5.40044E+03    1.37630E+00    6.75047E-04    1.20822E+04    1.67816E-09    3.67317E-06   -4.08003E-05    9.93311E-01    9.93038E-01    9.86674E-01
    5.47544E+03    1.37705E+00    7.49690E-04    1.20822E+04    1.81317E-09    3.51992E-06   -4.24356E-05    9.93038E-01    9.92772E-01    9.86134E-01
    5.55147E+03    1.37788E+00    8.28628E-04    1.20822E+04    1.94973E-09    3.37712E-06   -4.40264E-05    9.92772E-01    9.92513E-01    9.85609E-01
    5.62856E+03    1.37879E+00    9.11980E-04    1.20822E+04    2.08765E-09    3.24373E-06   -4.55756E-05    9.92513E-01    9.92261E-01    9.85099E-01
    5.70671E+03    1.37979E+00    9.99875E-04    1.20822E+04    2.22678E-09    3.11887E-06   -4.70856E-05    9.92261E-01    9.92016E-01    9.84601E-01
    5.78593E+03    1.38089E+00    1.09245E-03    1.20822E+04    2.36698E-09    3.00177E-06   -4.85589E-05    9.92016E-01    9.91777E-01    9.84116E-01
    5.86625E+03    1.38208E+00    1.18986E-03    1.20822E+04    2.50812E-09    2.89179E-06   -4.99976E-05    9.91777E-01    9.91543E-01    9.83643E-01
    5.94768E+03    1.38337E+00    1.29226E-03    1.20822E+04    2.65011E-09    2.78833E-06   -5.14036E-05    9.91543E-01    9.91314E-01    9.83180E-01
    6.03023E+03    1.38477E+00    1.39983E-03    1.20822E+04    2.79286E-09    2.69091E-06   -5.27789E-05    9.91314E-01    9.91091E-01    9.82728E-01
    6.11392E+03    1.38628E+00    1.51274E-03    1.20822E+04    2.93630E-09    2.59907E-06   -5.41252E-05    9.91091E-01    9.90872E-01    9.82285E-01
    6.19877E+03    1.38791E+00    1.63119E-03    1.20822E+04    3.08037E-09    2.51244E-06   -5.54442E-05    9.90872E-01    9.90657E-01    9.81851E-01
    6.28478E+03    1.38967E+00    1.75538E-03    1.20822E+04    3.22502E-09    2.43066E-06   -5.67373E-05    9.90657E-01    9.90446E-01    9.81426E-01
    6.37199E+03    1.39155E+00    1.88554E-03    1.20822E+04    3.37024E-09    2.35345E-06   -5.80060E-05    9.90446E-01    9.90240E-01    9.81010E-01
    6.46039E+03    1.39358E+00    2.02189E-03    1.20822E+04    3.51598E-09    2.28052E-06   -5.92519E-05    9.90240E-01    9.90037E-01    9.80600E-01
    6.55002E+03    1.39574E+00    2.16469E-03    1.20822E+04    3.66225E-09    2.21164E-06   -6.04761E-05    9.90037E-01    9.89837E-01    9.80198E-01
    6.64089E+03    1.39805E+00    2.31419E-03    1.20822E+04    3.80905E-09    2.14661E-06   -6.16801E-05    9.89837E-01    9.89641E-01    9.79803E-01
    6.73300E+03    1.40052E+00    2.47067E-03    1.20822E+04    3.95637E-09    2.08523E-06   -6.28651E-05    9.89641E-01    9.89447E-01    9.79413E-01
    6.82639E+03    1.40316E+00    2.63444E-03    1.20822E+04    4.10426E-09    2.02735E-06   -6.40324E-05    9.89447E-01    9.89257E-01    9.79030E-01
    6.92107E+03    1.40597E+00    2.80579E-03    1.20822E+04    4.25274E-09    1.97281E-06   -6.51832E-05    9.89257E-01    9.89069E-01    9.78652E-01
    7.01705E+03    1.40895E+00    2.98508E-03    1.20822E+04    4.40185E-09    1.92151E-06   -6.63186E-05    9.89069E-01    9.88883E-01    9.78280E-01
    7.11436E+03    1.41212E+00    3.17266E-03    1.20822E+04    4.55166E-09    1.87331E-06   -6.74399E-05    9.88883E-01    9.88699E-01    9.77911E-01
    7.21301E+03    1.41549E+00    3.36892E-03    1.20822E+04    4.70222E-09    1.82815E-06   -6.85484E-05    9.88699E-01    9.88518E-01    9.77548E-01
    7.31303E+03    1.41907E+00    3.57427E-03    1.20822E+04    4.85364E-09    1.78593E-06   -6.96452E-05    9.88518E-01    9.88338E-01    9.77187E-01
    7.41442E+03    1.42286E+00    3.78916E-03    1.20822E+04    5.00600E-09    1.74659E-06   -7.07315E-05    9.88338E-01    9.88160E-01    9.76831E-01
    7.51721E+03    1.42687E+00    4.01407E-03    1.20822E+04    5.15941E-09    1.71008E-06   -7.18087E-05    9.88160E-01    9.87983E-01    9.76477E-01
    7.62143E+03    1.43112E+00    4.24950E-03    1.20822E+04    5.31400E-09    1.67636E-06   -7.28779E-05    9.87983E-01    9.87807E-01    9.76126E-01
    7.72707E+03    1.43561E+00    4.49603E-03    1.20822E+04    5.46993E-09    1.64542E-06   -7.39406E-05    9.87807E-01    9.87632E-01    9.75778E-01
    7.83418E+03    1.44037E+00    4.75424E-03    1.20822E+04    5.62734E-09    1.61723E-06   -7.49982E-05    9.87632E-01    9.87457E-01    9.75431E-01
    7.94277E+03    1.44539E+00    5.02481E-03    1.20822E+04    5.78643E-09    1.59180E-06   -7.60520E-05    9.87457E-01    9.87283E-01    9.75085E-01
    8.05285E+03    1.45070E+00    5.30843E-03    1.20822E+04    5.94741E-09    1.56915E-06   -7.71035E-05    9.87283E-01    9.87109E-01    9.74740E-01
    8.16445E+03    1.45631E+00    5.60590E-03    1.20822E+04    6.11050E-09    1.54931E-06   -7.81544E-05    9.87109E-01    9.86935E-01    9.74395E-01
    8.27760E+03    1.46223E+00    5.91806E-03    1.20822E+04    6.27598E-09    1.53233E-06   -7.92062E-05    9.86935E-01    9.86761E-01    9.74050E-01
    8.39230E+03    1.46847E+00    6.24583E-03    1.20822E+04    6.44412E-09    1.51826E-06   -8.02609E-05    9.86761E-01    9.86585E-01    9.73703E-01
    8.50859E+03    1.47506E+00    6.59026E-03    1.20822E+04    6.61526E-09    1.50720E-06   -8.13203E-05    9.86585E-01    9.86409E-01    9.73356E-01
    8.62648E+03    1.48201E+00    6.95246E-03    1.20822E+04    6.78976E-09    1.49925E-06   -8.23864E-05    9.86409E-01    9.86231E-01    9.73006E-01
    8.74600E+03    1.48935E+00    7.33369E-03    1.20822E+04    6.96803E-09    1.49453E-06   -8.34614E-05    9.86231E-01    9.86051E-01    9.72653E-01
    8.86717E+03    1.49708E+00    7.73533E-03    1.20822E+04    7.15054E-09    1.49319E-06   -8.45477E-05    9.86051E-01    9.85869E-01    9.72296E-01
    8.99001E+03    1.50524E+00    8.15892E-03    1.20822E+04    7.33779E-09    1.49542E-06   -8.56478E-05    9.85869E-01    9.85684E-01    9.71935E-01
    9.11454E+03    1.51385E+00    8.60619E-03    1.20822E+04    7.53037E-09    1.50144E-06   -8.67647E-05    9.85684E-01    9.85496E-01    9.71569E-01
    9.24080E+03    1.52293E+00    9.07906E-03    1.20822E+04    7.72894E-09    1.51149E-06   -8.79014E-05    9.85496E-01    9.85304E-01    9.71195E-01
    9.36879E+03    1.53251E+00    9.57971E-03    1.20822E+04    7.93423E-09    1.52588E-06   -8.90612E-05    9.85304E-01    9.85107E-01    9.70815E-01
    9.49856E+03    1.54262E+00    1.01106E-02    1.20822E+04    8.14709E-09    1.54497E-06   -9.02480E-05    9.85107E-01    9.84905E-01    9.70425E-01
    9.63011E+03    1.55329E+00    1.06745E-02    1.20822E+04    8.36848E-09    1.56918E-06   -9.14659E-05    9.84905E-01    9.84697E-01    9.70025E-01
    9.76348E+03    1.56457E+00    1.12745E-02    1.20822E+04    8.59950E-09    1.59900E-06   -9.27197E-05    9.84697E-01    9.84483E-01    9.69613E-01
    9.89869E+03    1.57648E+00    1.19144E-02    1.20822E+04    8.84140E-09    1.63504E-06   -9.40145E-05    9.84483E-01    9.84260E-01    9.69188E-01
    1.00358E+04    1.58908E+00    1.25982E-02    1.20822E+04    9.09563E-09    1.67798E-06   -9.53563E-05    9.84260E-01    9.84028E-01    9.68747E-01
    1.01747E+04    1.60241E+00    1.33308E-02    1.20822E+04    9.36389E-09    1.72870E-06   -9.67517E-05    9.84028E-01    9.83787E-01    9.68288E-01
    1.03156E+04    1.61653E+00    1.41178E-02    1.20822E+04    9.64812E-09    1.78819E-06   -9.82086E-05    9.83787E-01    9.83533E-01    9.67809E-01
    1.04584E+04    1.63149E+00    1.49658E-02    1.20822E+04    9.95063E-09    1.85771E-06   -9.97355E-05    9.83533E-01    9.83266E-01    9.67307E-01
    1.06032E+04    1.64738E+00    1.58825E-02    1.20822E+04    1.02741E-08    1.93877E-06   -1.01343E-04    9.83266E-01    9.82983E-01    9.66779E-01
    1.07500E+04    1.66425E+00    1.68771E-02    1.20822E+04    1.06218E-08    2.03322E-06   -1.03042E-04    9.82983E-01    9.82683E-01    9.66219E-01
    1.08989E+04    1.68221E+00    1.79606E-02    1.20822E+04    1.09976E-08    2.14340E-06   -1.04848E-04    9.82683E-01    9.82361E-01    9.65625E-01
    1.10497E+04    1.70136E+00    1.91462E-02    1.20822E+04    1.14062E-08    2.27223E-06   -1.06775E-04    9.82361E-01    9.82016E-01    9.64990E-01
    1.12027E+04    1.72181E+00    2.04503E-02    1.20822E+04    1.18531E-08    2.42341E-06   -1.08845E-04    9.82016E-01    9.81643E-01    9.64308E-01
    1.13578E+04    1.74370E+00    2.18928E-02    1.20822E+04    1.23456E-08    2.60176E-06   -1.11080E-04    9.81643E-01    9.81237E-01    9.63572E-01
    1.15150E+04    1.76720E+00    2.34986E-02    1.20822E+04    1.28923E-08    2.81356E-06   -1.13509E-04    9.81237E-01    9.80791E-01    9.62770E-01
    1.16744E+04    1.79250E+00    2.52992E-02    1.20822E+04    1.35043E-08    3.06721E-06   -1.16168E-04    9.80791E-01    9.80299E-01    9.61892E-01
    1.18359E+04    1.81984E+00    2.73352E-02    1.20822E+04    1.41960E-08    3.37414E-06   -1.19099E-04    9.80299E-01    9.79750E-01    9.60923E-01
    1.19998E+04    1.84950E+00    2.96594E-02    1.20822E+04    1.49860E-08    3.75029E-06   -1.22360E-04    9.79750E-01    9.79132E-01    9.59844E-01
    1.21658E+04    1.88184E+00    3.23424E-02    1.20822E+04    1.58991E-08    4.21854E-06   -1.26021E-04    9.79132E-01    9.78426E-01    9.58630E-01
    1.23342E+04    1.91732E+00    3.54803E-02    1.20822E+04    1.69694E-08    4.81277E-06   -1.30178E-04    9.78426E-01    9.77610E-01    9.57248E-01
    1.25049E+04    1.95653E+00    3.92077E-02    1.20822E+04    1.82444E-08    5.58526E-06   -1.34956E-04    9.77610E-01    9.76651E-01    9.55655E-01
    1.26779E+04    2.00025E+00    4.37192E-02    1.20822E+04    1.97929E-08    6.62066E-06   -1.40531E-04    9.76651E-01    9.75497E-01    9.53788E-01
    1.28533E+04    2.04955E+00    4.93067E-02    1.20822E+04    2.17181E-08    8.06472E-06   -1.47150E-04    9.75497E-01    9.74073E-01    9.51558E-01
    1.30312E+04    2.10598E+00    5.64274E-02    1.20822E+04    2.41817E-08    1.01885E-05   -1.55170E-04    9.74073E-01    9.72248E-01    9.48828E-01
    1.32115E+04    2.17182E+00    6.58368E-02    1.20822E+04    2.74502E-08    1.35485E-05   -1.65126E-04    9.72248E-01    9.69789E-01    9.45384E-01
    1.33943E+04    2.25068E+00    7.88656E-02    1.20822E+04    3.19922E-08    1.94389E-05   -1.77804E-04    9.69789E-01    9.66211E-01    9.40862E-01
    1.35796E+04    2.34877E+00    9.80902E-02    1.20822E+04    3.87135E-08    3.13575E-05   -1.94243E-04    9.66211E-01    9.60360E-01    9.34610E-01
    1.37675E+04    2.47859E+00    1.29822E-01    1.20822E+04    4.98501E-08    6.04826E-05   -2.14923E-04    9.60360E-01    9.48919E-01    9.25395E-01
    1.39579E+04    2.68446E+00    2.05867E-01    1.20822E+04    7.69103E-08    1.49064E-04   -2.33859E-04    9.48919E-01    9.20333E-01    9.10873E-01
    1.41510E+04    2.98223E+00    2.97767E-01    1.22494E+04    1.08232E-07    2.34113E-04   -2.31134E-04    9.58455E-01    9.12939E-01    9.20333E-01
    1.43468E+04    3.27702E+00    2.94792E-01    1.25908E+04    1.04250E-07    2.95566E-04   -1.29963E-04    9.62271E-01    9.04015E-01    9.40240E-01
