 # rho, F_z,dF_z, z(rho), E2 (=>sigma2=e0^2*E2), Er, Ez, Ui,j , Ui+1,j , Ui,j-1
    2.50000E-01    1.23247E-04    1.23247E-04    0.00000E+00    9.85974E-04    8.01617E-03   -3.03598E-02    9.80812E-01    9.76804E-01    9.65632E-01
    7.40216E-01    3.54908E-04    2.31661E-04    5.00000E-01    6.51424E-04    2.96773E-03   -2.53499E-02    9.89479E-01    9.88053E-01    9.76804E-01
    1.22396E+00    7.20760E-04    3.65853E-04    5.00000E-01    6.13698E-04    9.56398E-04   -2.47545E-02    9.88053E-01    9.87587E-01    9.75676E-01
    1.71438E+00    1.24904E-03    5.28280E-04    5.00000E-01    6.24051E-04    5.34832E-04   -2.49753E-02    9.87587E-01    9.87323E-01    9.75100E-01
    2.21157E+00    1.95788E-03    7.08841E-04    5.00000E-01    6.40265E-04    4.69188E-04   -2.52991E-02    9.87323E-01    9.87088E-01    9.74674E-01
    2.71562E+00    2.86671E-03    9.08830E-04    5.00000E-01    6.59436E-04    5.33776E-04   -2.56739E-02    9.87088E-01    9.86817E-01    9.74251E-01
    3.22663E+00    4.00068E-03    1.13397E-03    5.00000E-01    6.83059E-04    6.95189E-04   -2.61262E-02    9.86817E-01    9.86460E-01    9.73754E-01
    3.74469E+00    5.39446E-03    1.39378E-03    5.00000E-01    7.13565E-04    1.00243E-03   -2.66938E-02    9.86460E-01    9.85937E-01    9.73113E-01
    4.26990E+00    7.09710E-03    1.70265E-03    5.00000E-01    7.54067E-04    1.63503E-03   -2.74116E-02    9.85937E-01    9.85072E-01    9.72231E-01
    4.80235E+00    9.17746E-03    2.08036E-03    5.00000E-01    8.08044E-04    3.17736E-03   -2.82480E-02    9.85072E-01    9.83369E-01    9.70948E-01
    5.34216E+00    1.17527E-02    2.57522E-03    5.00000E-01    8.86944E-04    7.75732E-03   -2.87536E-02    9.83369E-01    9.79153E-01    9.68992E-01
    5.88941E+00    1.38800E-02    2.12728E-03    9.80431E-01    6.55539E-04    5.53152E-03   -2.49988E-02    9.91652E-01    9.88604E-01    9.79153E-01
    6.44421E+00    1.62108E-02    2.33085E-03    9.80431E-01    6.47496E-04    3.37856E-03   -2.52207E-02    9.88604E-01    9.86717E-01    9.75994E-01
    7.00668E+00    1.91207E-02    2.90985E-03    9.80431E-01    7.33331E-04    4.10526E-03   -2.67671E-02    9.86717E-01    9.84392E-01    9.73333E-01
    7.57690E+00    2.28884E-02    3.76769E-03    9.80431E-01    8.66111E-04    8.88344E-03   -2.80570E-02    9.84392E-01    9.79292E-01    9.70364E-01
    8.15499E+00    2.59802E-02    3.09183E-03    1.46749E+00    6.51372E-04    6.16647E-03   -2.47658E-02    9.91190E-01    9.87601E-01    9.79292E-01
    8.74106E+00    2.95639E-02    3.58376E-03    1.46749E+00    6.94799E-04    5.30839E-03   -2.58190E-02    9.87601E-01    9.84468E-01    9.75197E-01
    9.33522E+00    3.44219E-02    4.85794E-03    1.46749E+00    8.69882E-04    1.02338E-02   -2.76614E-02    9.84468E-01    9.78346E-01    9.71179E-01
    9.93758E+00    3.85417E-02    4.11983E-03    1.96127E+00    6.83563E-04    7.88754E-03   -2.49269E-02    9.90487E-01    9.85704E-01    9.78346E-01
    1.05482E+01    4.37581E-02    5.21638E-03    1.96127E+00    8.04298E-04    1.09613E-02   -2.61562E-02    9.85704E-01    9.78964E-01    9.72964E-01
    1.11673E+01    4.81084E-02    4.35027E-03    2.46187E+00    6.24944E-04    7.91974E-03   -2.37112E-02    9.90672E-01    9.85735E-01    9.78964E-01
    1.17950E+01    5.39171E-02    5.80871E-03    2.46187E+00    7.79302E-04    1.12936E-02   -2.55295E-02    9.85735E-01    9.78599E-01    9.73129E-01
    1.24313E+01    5.89108E-02    4.99369E-03    2.96938E+00    6.27013E-04    8.37785E-03   -2.35971E-02    9.90411E-01    9.85044E-01    9.78599E-01
    1.30764E+01    6.59230E-02    7.01223E-03    2.96938E+00    8.25635E-04    1.28655E-02   -2.56927E-02    9.85044E-01    9.76688E-01    9.72182E-01
    1.37304E+01    7.27481E-02    6.82506E-03    3.48388E+00    7.54903E-04    1.35127E-02   -2.39230E-02    9.88829E-01    9.79931E-01    9.76688E-01
    1.43934E+01    7.77727E-02    5.02469E-03    4.00549E+00    5.22951E-04    8.62945E-03   -2.11774E-02    9.90827E-01    9.85066E-01    9.79931E-01
    1.50655E+01    8.57958E-02    8.02305E-03    4.00549E+00    7.86896E-04    1.37185E-02   -2.44683E-02    9.85066E-01    9.75782E-01    9.72477E-01
    1.57470E+01    9.43776E-02    8.58183E-03    4.53430E+00    7.94314E-04    1.54022E-02   -2.36027E-02    9.88094E-01    9.77526E-01    9.75782E-01
    1.64378E+01    1.02130E-01    7.75221E-03    5.07040E+00    6.78015E-04    1.48557E-02   -2.13851E-02    9.88835E-01    9.78501E-01    9.77526E-01
    1.71382E+01    1.09369E-01    7.23956E-03    5.61391E+00    5.99036E-04    1.37081E-02   -2.02762E-02    9.89371E-01    9.79705E-01    9.78501E-01
    1.78482E+01    1.15563E-01    6.19370E-03    6.16491E+00    4.85409E-04    9.60877E-03   -1.98263E-02    9.90481E-01    9.83611E-01    9.79705E-01
    1.85680E+01    1.27146E-01    1.15831E-02    6.16491E+00    8.60717E-04    1.74436E-02   -2.35889E-02    9.83611E-01    9.70969E-01    9.70791E-01
    1.92978E+01    1.33710E-01    6.56364E-03    7.28983E+00    4.62897E-04    1.53953E-02   -1.50293E-02    9.90367E-01    9.79055E-01    9.81971E-01
    2.00377E+01    1.41957E-01    8.24752E-03    7.86396E+00    5.52551E-04    1.51557E-02   -1.79682E-02    9.89230E-01    9.77941E-01    9.79055E-01
    2.07877E+01    1.51259E-01    9.30173E-03    8.44602E+00    5.92517E-04    1.55488E-02   -1.87283E-02    9.88693E-01    9.76951E-01    9.77941E-01
    2.15481E+01    1.61807E-01    1.05484E-02    9.03610E+00    6.39392E-04    1.64936E-02   -1.91665E-02    9.88107E-01    9.75479E-01    9.76951E-01
    2.23190E+01    1.74831E-01    1.30237E-02    9.63433E+00    7.51795E-04    1.92315E-02   -1.95434E-02    9.87011E-01    9.72084E-01    9.75479E-01
    2.31005E+01    1.82967E-01    8.13586E-03    1.08557E+01    4.47577E-04    1.64952E-02   -1.32471E-02    9.89960E-01    9.76980E-01    9.81926E-01
    2.38929E+01    1.95660E-01    1.26926E-02    1.14790E+01    6.65914E-04    1.93686E-02   -1.70520E-02    9.87465E-01    9.72014E-01    9.76980E-01
    2.46961E+01    2.05881E-01    1.02218E-02    1.27516E+01    5.11775E-04    1.89114E-02   -1.24151E-02    9.89160E-01    9.73865E-01    9.81314E-01
    2.55104E+01    2.15570E-01    9.68879E-03    1.40596E+01    4.63214E-04    1.83501E-02   -1.12466E-02    9.89548E-01    9.74503E-01    9.82244E-01
    2.63360E+01    2.25272E-01    9.70194E-03    1.54039E+01    4.43186E-04    1.81838E-02   -1.06083E-02    9.89609E-01    9.74494E-01    9.82528E-01
    2.71730E+01    2.35850E-01    1.05777E-02    1.67856E+01    4.61931E-04    1.89389E-02   -1.01612E-02    9.89283E-01    9.73323E-01    9.82312E-01
    2.80215E+01    2.44485E-01    8.63549E-03    1.89304E+01    3.60718E-04    1.74231E-02   -7.56012E-03    9.90549E-01    9.75664E-01    9.85145E-01
    2.88817E+01    2.52232E-01    7.74680E-03    2.11653E+01    3.09685E-04    1.62921E-02   -6.65231E-03    9.91019E-01    9.76908E-01    9.86064E-01
    2.97538E+01    2.59349E-01    7.11735E-03    2.34940E+01    2.72423E-04    1.53683E-02   -6.01984E-03    9.91331E-01    9.77837E-01    9.86659E-01
    3.06380E+01    2.65898E-01    6.54888E-03    2.59204E+01    2.40117E-04    1.44873E-02   -5.49880E-03    9.91611E-01    9.78715E-01    9.87164E-01
    3.15343E+01    2.71609E-01    5.71018E-03    2.84487E+01    2.00646E-04    1.32286E-02   -5.06453E-03    9.92046E-01    9.80107E-01    9.87778E-01
    3.24430E+01    2.78592E-01    6.98342E-03    3.01929E+01    2.35266E-04    1.41369E-02   -5.95102E-03    9.91043E-01    9.78108E-01    9.85888E-01
    3.33642E+01    2.84752E-01    6.16039E-03    3.29005E+01    1.99061E-04    1.33119E-02   -4.67475E-03    9.91713E-01    9.79365E-01    9.87494E-01
    3.42982E+01    2.90401E-01    5.64858E-03    3.57217E+01    1.75136E-04    1.25410E-02   -4.22596E-03    9.92007E-01    9.80214E-01    9.88033E-01
    3.52451E+01    2.95328E-01    4.92755E-03    3.86614E+01    1.46652E-04    1.14681E-02   -3.89042E-03    9.92428E-01    9.81495E-01    9.88616E-01
    3.62050E+01    3.01196E-01    5.86748E-03    4.06894E+01    1.67682E-04    1.21052E-02   -4.59839E-03    9.91577E-01    9.79878E-01    9.86946E-01
    3.71781E+01    3.06024E-01    4.82828E-03    4.38376E+01    1.32543E-04    1.09417E-02   -3.58087E-03    9.92423E-01    9.81702E-01    9.88665E-01
    3.81647E+01    3.11656E-01    5.63151E-03    4.60094E+01    1.48546E-04    1.14488E-02   -4.17991E-03    9.91670E-01    9.80297E-01    9.87162E-01
    3.91649E+01    3.16202E-01    4.54603E-03    4.93809E+01    1.15261E-04    1.02439E-02   -3.21298E-03    9.92576E-01    9.82259E-01    9.88965E-01
    4.01789E+01    3.21240E-01    5.03796E-03    5.17068E+01    1.22814E-04    1.04221E-02   -3.76756E-03    9.92018E-01    9.81377E-01    9.87666E-01
    4.12069E+01    3.26771E-01    5.53099E-03    5.40974E+01    1.29680E-04    1.07425E-02   -3.77860E-03    9.91642E-01    9.80523E-01    9.87157E-01
    4.22491E+01    3.31142E-01    4.37105E-03    5.78084E+01    9.85953E-05    9.52634E-03   -2.80073E-03    9.92648E-01    9.82651E-01    9.89183E-01
    4.33057E+01    3.35882E-01    4.74007E-03    6.03685E+01    1.02891E-04    9.59921E-03   -3.27810E-03    9.92184E-01    9.81972E-01    9.88016E-01
    4.43768E+01    3.40833E-01    4.95118E-03    6.29998E+01    1.03451E-04    9.62586E-03   -3.28546E-03    9.91991E-01    9.81609E-01    9.87698E-01
    4.54628E+01    3.46122E-01    5.28872E-03    6.57041E+01    1.06396E-04    9.80490E-03   -3.20318E-03    9.91742E-01    9.81021E-01    9.87440E-01
    4.65637E+01    3.50260E-01    4.13831E-03    6.99023E+01    8.01780E-05    8.64675E-03   -2.32633E-03    9.92773E-01    9.83188E-01    9.89517E-01
    4.76798E+01    3.54671E-01    4.41077E-03    7.27985E+01    8.23204E-05    8.65359E-03   -2.72686E-03    9.92389E-01    9.82665E-01    9.88467E-01
    4.88113E+01    3.59164E-01    4.49330E-03    7.57752E+01    8.08015E-05    8.56820E-03   -2.71798E-03    9.92293E-01    9.82532E-01    9.88275E-01
    4.99584E+01    3.63679E-01    4.51452E-03    7.88346E+01    7.82394E-05    8.43930E-03   -2.64909E-03    9.92264E-01    9.82516E-01    9.88239E-01
    5.11214E+01    3.68185E-01    4.50653E-03    8.19791E+01    7.52852E-05    8.28920E-03   -2.56404E-03    9.92263E-01    9.82557E-01    9.88259E-01
    5.23004E+01    3.72665E-01    4.47951E-03    8.52109E+01    7.21512E-05    8.12604E-03   -2.47362E-03    9.92279E-01    9.82633E-01    9.88309E-01
    5.34957E+01    3.77101E-01    4.43608E-03    8.85325E+01    6.89044E-05    7.95191E-03   -2.38150E-03    9.92309E-01    9.82739E-01    9.88381E-01
    5.47074E+01    3.81475E-01    4.37371E-03    9.19465E+01    6.55265E-05    7.76440E-03   -2.28922E-03    9.92356E-01    9.82883E-01    9.88475E-01
    5.59359E+01    3.85756E-01    4.28118E-03    9.54553E+01    6.18776E-05    7.55300E-03   -2.19767E-03    9.92428E-01    9.83085E-01    9.88599E-01
    5.71814E+01    3.89873E-01    4.11754E-03    9.90617E+01    5.74238E-05    7.27817E-03   -2.10999E-03    9.92558E-01    9.83431E-01    9.88780E-01
    5.84440E+01    3.93517E-01    3.64350E-03    1.02768E+02    4.90383E-05    6.69140E-03   -2.06482E-03    9.92944E-01    9.84437E-01    9.89143E-01
    5.97241E+01    3.98892E-01    5.37507E-03    1.04660E+02    6.98295E-05    7.53898E-03   -3.60461E-03    9.91163E-01    9.81447E-01    9.84437E-01
    6.10218E+01    4.03468E-01    4.57668E-03    1.08522E+02    5.74007E-05    7.27562E-03   -2.11329E-03    9.92147E-01    9.82640E-01    9.88094E-01
    6.23374E+01    4.07805E-01    4.33617E-03    1.12492E+02    5.25118E-05    6.98753E-03   -1.91996E-03    9.92374E-01    9.83118E-01    9.88590E-01
    6.36712E+01    4.11912E-01    4.10690E-03    1.16571E+02    4.80307E-05    6.68907E-03   -1.81302E-03    9.92569E-01    9.83586E-01    9.88896E-01
    6.50234E+01    4.15521E-01    3.60990E-03    1.20765E+02    4.07775E-05    6.13804E-03   -1.76125E-03    9.92983E-01    9.84627E-01    9.89316E-01
    6.63943E+01    4.20758E-01    5.23630E-03    1.22905E+02    5.71396E-05    6.86958E-03   -3.15412E-03    9.91285E-01    9.81803E-01    9.84627E-01
    6.77840E+01    4.25158E-01    4.40019E-03    1.27274E+02    4.63911E-05    6.57299E-03   -1.78518E-03    9.92298E-01    9.83100E-01    9.88425E-01
    6.91930E+01    4.29236E-01    4.07779E-03    1.31764E+02    4.15433E-05    6.23948E-03   -1.61623E-03    9.92595E-01    9.83744E-01    9.88991E-01
    7.06214E+01    4.32787E-01    3.55146E-03    1.36380E+02    3.49669E-05    5.70547E-03   -1.55386E-03    9.93046E-01    9.84841E-01    9.89485E-01
    7.20695E+01    4.37863E-01    5.07556E-03    1.38735E+02    4.83021E-05    6.34554E-03   -2.83482E-03    9.91428E-01    9.82176E-01    9.84841E-01
    7.35376E+01    4.42036E-01    4.17306E-03    1.43544E+02    3.83908E-05    5.99540E-03   -1.56395E-03    9.92495E-01    9.83633E-01    9.88760E-01
    7.50259E+01    4.45603E-01    3.56736E-03    1.48487E+02    3.17296E-05    5.44538E-03   -1.44132E-03    9.93037E-01    9.84877E-01    9.89500E-01
    7.65348E+01    4.50644E-01    5.04073E-03    1.51010E+02    4.33522E-05    6.02777E-03   -2.64918E-03    9.91469E-01    9.82312E-01    9.84877E-01
    7.80645E+01    4.54746E-01    4.10210E-03    1.56160E+02    3.41175E-05    5.66314E-03   -1.43049E-03    9.92565E-01    9.83843E-01    9.88907E-01
    7.96153E+01    4.58216E-01    3.46992E-03    1.61453E+02    2.79123E-05    5.11734E-03   -1.31345E-03    9.93139E-01    9.85148E-01    9.89686E-01
    8.11876E+01    4.63040E-01    4.82363E-03    1.64155E+02    3.75322E-05    5.61754E-03   -2.44447E-03    9.91662E-01    9.82770E-01    9.85148E-01
    8.27815E+01    4.66658E-01    3.61870E-03    1.69671E+02    2.72387E-05    5.04747E-03   -1.32732E-03    9.92987E-01    9.84886E-01    9.89351E-01
    8.43974E+01    4.71615E-01    4.95724E-03    1.72486E+02    3.61015E-05    5.50676E-03   -2.40358E-03    9.91560E-01    9.82601E-01    9.84886E-01
    8.60356E+01    4.75298E-01    3.68228E-03    1.78233E+02    2.59479E-05    4.93124E-03   -1.27700E-03    9.92937E-01    9.84803E-01    9.89293E-01
    8.76964E+01    4.80321E-01    5.02360E-03    1.81166E+02    3.42566E-05    5.37279E-03   -2.32157E-03    9.91520E-01    9.82536E-01    9.84803E-01
    8.93802E+01    4.84065E-01    3.74386E-03    1.87154E+02    2.47079E-05    4.81890E-03   -1.21908E-03    9.92893E-01    9.84724E-01    9.89268E-01
    9.10872E+01    4.89187E-01    5.12204E-03    1.90210E+02    3.27184E-05    5.26606E-03   -2.23316E-03    9.91456E-01    9.82405E-01    9.84724E-01
    9.28177E+01    4.93261E-01    4.07372E-03    1.96450E+02    2.51892E-05    4.88912E-03   -1.13389E-03    9.92631E-01    9.84112E-01    9.89118E-01
    9.45721E+01    4.96670E-01    3.40888E-03    2.02863E+02    2.04056E-05    4.39826E-03   -1.03000E-03    9.93239E-01    9.85470E-01    9.89959E-01
    9.63507E+01    5.01304E-01    4.63398E-03    2.06136E+02    2.68565E-05    4.78695E-03   -1.98534E-03    9.91880E-01    9.83307E-01    9.85470E-01
    9.81539E+01    5.04673E-01    3.36898E-03    2.12818E+02    1.89055E-05    4.22324E-03   -1.03427E-03    9.93262E-01    9.85595E-01    9.89830E-01
    9.99820E+01    5.09015E-01    4.34196E-03    2.16229E+02    2.35944E-05    4.45144E-03   -1.94398E-03    9.92134E-01    9.83941E-01    9.85595E-01
    1.01835E+02    5.14273E-01    5.25828E-03    2.19686E+02    2.76719E-05    4.79024E-03   -2.17381E-03    9.91355E-01    9.82416E-01    9.83941E-01
    1.03714E+02    5.17975E-01    3.70168E-03    2.26745E+02    1.88669E-05    4.22371E-03   -1.01351E-03    9.92964E-01    9.84974E-01    9.89412E-01
    1.05619E+02    5.22900E-01    4.92525E-03    2.30347E+02    2.43150E-05    4.55714E-03   -1.88348E-03    9.91667E-01    9.82927E-01    9.84974E-01
    1.07550E+02    5.26496E-01    3.59591E-03    2.37703E+02    1.71962E-05    4.03911E-03   -9.39074E-04    9.93079E-01    9.85226E-01    9.89649E-01
    1.09508E+02    5.31270E-01    4.77390E-03    2.41456E+02    2.21163E-05    4.35393E-03   -1.77751E-03    9.91807E-01    9.83225E-01    9.85226E-01
    1.11492E+02    5.34691E-01    3.42101E-03    2.49120E+02    1.53546E-05    3.81682E-03   -8.86857E-04    9.93249E-01    9.85622E-01    9.89874E-01
    1.13505E+02    5.39051E-01    4.36024E-03    2.53032E+02    1.89616E-05    4.01038E-03   -1.69661E-03    9.92168E-01    9.84043E-01    9.85622E-01
    1.15544E+02    5.44270E-01    5.21937E-03    2.56997E+02    2.19936E-05    4.29161E-03   -1.89094E-03    9.91439E-01    9.82625E-01    9.84043E-01
    1.17612E+02    5.47921E-01    3.65017E-03    2.65093E+02    1.49051E-05    3.76483E-03   -8.55060E-04    9.93050E-01    9.85211E-01    9.89612E-01
    1.19709E+02    5.52711E-01    4.79077E-03    2.69224E+02    1.89583E-05    4.04016E-03   -1.62339E-03    9.91827E-01    9.83298E-01    9.85211E-01
    1.21835E+02    5.56121E-01    3.40931E-03    2.77660E+02    1.30757E-05    3.52847E-03   -7.90947E-04    9.93286E-01    9.85735E-01    9.89973E-01
    1.23989E+02    5.60431E-01    4.31013E-03    2.81965E+02    1.60222E-05    3.69758E-03   -1.53301E-03    9.92245E-01    9.84223E-01    9.85735E-01
    1.26174E+02    5.65538E-01    5.10682E-03    2.86330E+02    1.84012E-05    3.93603E-03   -1.70554E-03    9.91566E-01    9.82908E-01    9.84223E-01
    1.28389E+02    5.69022E-01    3.48453E-03    2.95241E+02    1.21711E-05    3.40492E-03   -7.59993E-04    9.93225E-01    9.85633E-01    9.89863E-01
    1.30634E+02    5.73396E-01    4.37338E-03    2.99788E+02    1.48089E-05    3.55801E-03   -1.46610E-03    9.92210E-01    9.84166E-01    9.85633E-01
    1.32910E+02    5.78546E-01    5.15075E-03    3.04399E+02    1.69091E-05    3.77775E-03   -1.62410E-03    9.91552E-01    9.82894E-01    9.84166E-01
    1.35218E+02    5.82052E-01    3.50558E-03    3.13812E+02    1.11579E-05    3.26299E-03   -7.14670E-04    9.93221E-01    9.85640E-01    9.89881E-01
    1.37558E+02    5.86438E-01    4.38656E-03    3.18616E+02    1.35377E-05    3.40744E-03   -1.38817E-03    9.92218E-01    9.84192E-01    9.85640E-01
    1.39929E+02    5.91589E-01    5.15083E-03    3.23487E+02    1.54142E-05    3.61292E-03   -1.53656E-03    9.91573E-01    9.82945E-01    9.84192E-01
    1.42334E+02    5.95096E-01    3.50647E-03    3.33430E+02    1.01756E-05    3.11891E-03   -6.69344E-04    9.93236E-01    9.85685E-01    9.89931E-01
    1.44772E+02    5.99473E-01    4.37687E-03    3.38505E+02    1.23176E-05    3.25578E-03   -1.31054E-03    9.92245E-01    9.84254E-01    9.85685E-01
    1.47243E+02    6.04599E-01    5.12627E-03    3.43650E+02    1.39914E-05    3.44800E-03   -1.45007E-03    9.91613E-01    9.83033E-01    9.84254E-01
    1.49749E+02    6.08090E-01    3.49151E-03    3.54153E+02    9.24258E-06    2.97511E-03   -6.25543E-04    9.93264E-01    9.85759E-01    9.90002E-01
    1.52289E+02    6.12437E-01    4.34712E-03    3.59514E+02    1.11615E-05    3.10432E-03   -1.23480E-03    9.92289E-01    9.84350E-01    9.85759E-01
    1.54864E+02    6.17515E-01    5.07714E-03    3.64949E+02    1.26447E-05    3.28320E-03   -1.36575E-03    9.91671E-01    9.83159E-01    9.84350E-01
    1.57474E+02    6.20970E-01    3.45560E-03    3.76045E+02    8.34832E-06    2.82981E-03   -5.83516E-04    9.93311E-01    9.85873E-01    9.90096E-01
    1.60121E+02    6.25257E-01    4.28725E-03    3.81708E+02    1.00476E-05    2.94960E-03   -1.16081E-03    9.92357E-01    9.84497E-01    9.85873E-01
    1.62804E+02    6.30242E-01    4.98409E-03    3.87449E+02    1.13319E-05    3.11213E-03   -1.28316E-03    9.91764E-01    9.83356E-01    9.84497E-01
    1.65524E+02    6.33600E-01    3.35852E-03    3.99170E+02    7.40823E-06    2.66691E-03   -5.43876E-04    9.93414E-01    9.86110E-01    9.90249E-01
    1.68282E+02    6.37707E-01    4.10690E-03    4.05152E+02    8.78926E-06    2.75772E-03   -1.08822E-03    9.92531E-01    9.84874E-01    9.86110E-01
    1.71078E+02    6.42300E-01    4.59277E-03    4.11217E+02    9.53683E-06    2.84195E-03   -1.20837E-03    9.92102E-01    9.84102E-01    9.84874E-01
    1.73912E+02    6.47447E-01    5.14755E-03    4.17365E+02    1.03715E-05    2.97012E-03   -1.24494E-03    9.91652E-01    9.83176E-01    9.84102E-01
    1.76786E+02    6.50851E-01    3.40339E-03    4.29917E+02    6.65401E-06    2.52868E-03   -5.09689E-04    9.93387E-01    9.86071E-01    9.90210E-01
    1.79699E+02    6.54989E-01    4.13859E-03    4.36324E+02    7.85187E-06    2.60938E-03   -1.02128E-03    9.92525E-01    9.84871E-01    9.86071E-01
    1.82653E+02    6.59594E-01    4.60515E-03    4.42818E+02    8.47877E-06    2.68330E-03   -1.13078E-03    9.92115E-01    9.84136E-01    9.84871E-01
    1.85647E+02    6.64730E-01    5.13563E-03    4.49403E+02    9.17634E-06    2.79733E-03   -1.16245E-03    9.91686E-01    9.83253E-01    9.84136E-01
    1.88682E+02    6.68105E-01    3.37534E-03    4.62846E+02    5.85325E-06    2.37306E-03   -4.71008E-04    9.93430E-01    9.86178E-01    9.90286E-01
    1.91760E+02    6.72179E-01    4.07365E-03    4.69706E+02    6.85621E-06    2.44021E-03   -9.49521E-04    9.92603E-01    9.85042E-01    9.86178E-01
    1.94879E+02    6.76650E-01    4.47088E-03    4.76662E+02    7.30353E-06    2.48989E-03   -1.05069E-03    9.92251E-01    9.84430E-01    9.85042E-01
    1.98042E+02    6.81457E-01    4.80674E-03    4.83713E+02    7.62160E-06    2.53872E-03   -1.08466E-03    9.91974E-01    9.83890E-01    9.84430E-01
    2.01249E+02    6.86742E-01    5.28482E-03    4.90862E+02    8.13388E-06    2.63420E-03   -1.09309E-03    9.91597E-01    9.83093E-01    9.83890E-01
    2.04499E+02    6.90203E-01    3.46191E-03    5.05457E+02    5.17216E-06    2.23246E-03   -4.33933E-04    9.93370E-01    9.86063E-01    9.90225E-01
    2.07795E+02    6.94386E-01    4.18274E-03    5.12906E+02    6.06628E-06    2.30019E-03   -8.80564E-04    9.92533E-01    9.84901E-01    9.86063E-01
    2.11136E+02    6.99014E-01    4.62820E-03    5.20457E+02    6.51618E-06    2.36013E-03   -9.72620E-04    9.92145E-01    9.84206E-01    9.84901E-01
    2.14523E+02    7.04147E-01    5.13215E-03    5.28113E+02    7.01483E-06    2.45348E-03   -9.97617E-04    9.91740E-01    9.83372E-01    9.84206E-01
    2.17957E+02    7.07521E-01    3.37408E-03    5.43743E+02    4.47737E-06    2.07859E-03   -3.96028E-04    9.93468E-01    9.86281E-01    9.90394E-01
    2.21439E+02    7.11573E-01    4.05206E-03    5.51721E+02    5.22048E-06    2.13589E-03   -8.11455E-04    9.92666E-01    9.85179E-01    9.86281E-01
    2.24968E+02    7.15999E-01    4.42682E-03    5.59808E+02    5.53740E-06    2.17556E-03   -8.96852E-04    9.92334E-01    9.84603E-01    9.85179E-01
    2.28546E+02    7.20736E-01    4.73608E-03    5.68007E+02    5.75212E-06    2.21309E-03   -9.24319E-04    9.92078E-01    9.84105E-01    9.84603E-01
    2.32174E+02    7.25910E-01    5.17439E-03    5.76319E+02    6.10206E-06    2.28846E-03   -9.30047E-04    9.91730E-01    9.83372E-01    9.84105E-01
    2.35851E+02    7.29277E-01    3.36734E-03    5.93288E+02    3.85592E-06    1.92991E-03   -3.62417E-04    9.93491E-01    9.86345E-01    9.90437E-01
    2.39579E+02    7.33297E-01    4.01946E-03    6.01949E+02    4.46934E-06    1.97814E-03   -7.45850E-04    9.92717E-01    9.85291E-01    9.86345E-01
    2.43359E+02    7.37653E-01    4.35607E-03    6.10730E+02    4.70350E-06    2.00663E-03   -8.22761E-04    9.92417E-01    9.84781E-01    9.85291E-01
    2.47191E+02    7.42249E-01    4.59642E-03    6.19631E+02    4.81956E-06    2.02540E-03   -8.46952E-04    9.92217E-01    9.84403E-01    9.84781E-01
    2.51076E+02    7.47095E-01    4.84528E-03    6.28656E+02    4.93382E-06    2.04991E-03   -8.55376E-04    9.92017E-01    9.83999E-01    9.84403E-01
    2.55014E+02    7.52343E-01    5.24898E-03    6.37805E+02    5.19072E-06    2.11241E-03   -8.53495E-04    9.91701E-01    9.83325E-01    9.83999E-01
    2.59007E+02    7.55745E-01    3.40137E-03    6.56483E+02    3.26668E-06    1.77744E-03   -3.27704E-04    9.93480E-01    9.86334E-01    9.90440E-01
    2.63055E+02    7.59792E-01    4.04756E-03    6.66016E+02    3.77537E-06    1.82060E-03   -6.78806E-04    9.92717E-01    9.85297E-01    9.86334E-01
    2.67158E+02    7.64168E-01    4.37541E-03    6.75681E+02    3.96378E-06    1.84512E-03   -7.47881E-04    9.92427E-01    9.84803E-01    9.85297E-01
    2.71319E+02    7.68775E-01    4.60687E-03    6.85479E+02    4.05353E-06    1.86070E-03   -7.68977E-04    9.92235E-01    9.84441E-01    9.84803E-01
    2.75536E+02    7.73621E-01    4.84650E-03    6.95412E+02    4.14194E-06    1.88148E-03   -7.75868E-04    9.92043E-01    9.84053E-01    9.84441E-01
    2.79812E+02    7.78860E-01    5.23850E-03    7.05482E+02    4.34854E-06    1.93653E-03   -7.73546E-04    9.91737E-01    9.83399E-01    9.84053E-01
    2.84147E+02    7.82257E-01    3.39761E-03    7.26041E+02    2.73956E-06    1.62883E-03   -2.94057E-04    9.93503E-01    9.86393E-01    9.90501E-01
    2.88542E+02    7.86292E-01    4.03430E-03    7.36534E+02    3.15978E-06    1.66804E-03   -6.14341E-04    9.92752E-01    9.85371E-01    9.86393E-01
    2.92998E+02    7.90644E-01    4.35278E-03    7.47172E+02    3.31169E-06    1.68938E-03   -6.76518E-04    9.92470E-01    9.84891E-01    9.85371E-01
    2.97514E+02    7.95219E-01    4.57447E-03    7.57957E+02    3.38086E-06    1.70226E-03   -6.95109E-04    9.92285E-01    9.84544E-01    9.84891E-01
    3.02094E+02    8.00021E-01    4.80238E-03    7.68890E+02    3.44792E-06    1.71952E-03   -7.00840E-04    9.92102E-01    9.84174E-01    9.84544E-01
    3.06736E+02    8.05198E-01    5.17675E-03    7.79974E+02    3.61062E-06    1.76721E-03   -6.98271E-04    9.91808E-01    9.83548E-01    9.84174E-01
    3.11443E+02    8.08550E-01    3.35184E-03    8.02604E+02    2.27113E-06    1.48391E-03   -2.62925E-04    9.93562E-01    9.86530E-01    9.90608E-01
    3.16214E+02    8.12513E-01    3.96274E-03    8.14153E+02    2.60855E-06    1.51731E-03   -5.53455E-04    9.92835E-01    9.85546E-01    9.86530E-01
    3.21051E+02    8.16763E-01    4.25083E-03    8.25862E+02    2.71852E-06    1.53227E-03   -6.08835E-04    9.92578E-01    9.85115E-01    9.85546E-01
    3.25955E+02    8.21190E-01    4.42685E-03    8.37732E+02    2.75053E-06    1.53629E-03   -6.24768E-04    9.92430E-01    9.84845E-01    9.85115E-01
    3.30927E+02    8.25758E-01    4.56763E-03    8.49766E+02    2.75732E-06    1.53660E-03   -6.29436E-04    9.92316E-01    9.84624E-01    9.84845E-01
    3.35967E+02    8.30467E-01    4.70951E-03    8.61967E+02    2.76219E-06    1.53804E-03   -6.29795E-04    9.92203E-01    9.84398E-01    9.84624E-01
    3.41077E+02    8.35361E-01    4.89335E-03    8.74335E+02    2.78854E-06    1.54735E-03   -6.27900E-04    9.92059E-01    9.84098E-01    9.84398E-01
    3.46258E+02    8.40599E-01    5.23857E-03    8.86875E+02    2.90057E-06    1.58547E-03   -6.21991E-04    9.91791E-01    9.83521E-01    9.84098E-01
    3.51510E+02    8.43979E-01    3.38014E-03    9.12475E+02    1.81851E-06    1.32858E-03   -2.31029E-04    9.93557E-01    9.86532E-01    9.90620E-01
    3.56834E+02    8.47964E-01    3.98420E-03    9.25541E+02    2.08277E-06    1.35758E-03   -4.89647E-04    9.92842E-01    9.85565E-01    9.86532E-01
    3.62232E+02    8.52227E-01    4.26325E-03    9.38787E+02    2.16555E-06    1.36971E-03   -5.37993E-04    9.92594E-01    9.85150E-01    9.85565E-01
    3.67704E+02    8.56657E-01    4.43044E-03    9.52216E+02    2.18681E-06    1.37212E-03   -5.51440E-04    9.92454E-01    9.84894E-01    9.85150E-01
    3.73252E+02    8.61220E-01    4.56260E-03    9.65830E+02    2.18837E-06    1.37125E-03   -5.55018E-04    9.92347E-01    9.84688E-01    9.84894E-01
    3.78876E+02    8.65916E-01    4.69561E-03    9.79632E+02    2.18852E-06    1.37137E-03   -5.54855E-04    9.92241E-01    9.84475E-01    9.84688E-01
    3.84578E+02    8.70785E-01    4.86940E-03    9.93624E+02    2.20544E-06    1.37837E-03   -5.52747E-04    9.92104E-01    9.84191E-01    9.84475E-01
    3.90359E+02    8.75986E-01    5.20059E-03    1.00781E+03    2.28898E-06    1.41053E-03   -5.47158E-04    9.91847E-01    9.83637E-01    9.84191E-01
    3.96220E+02    8.79341E-01    3.35532E-03    1.03677E+03    1.43515E-06    1.18096E-03   -2.01244E-04    9.93600E-01    9.86631E-01    9.90705E-01
    4.02161E+02    8.83284E-01    3.94336E-03    1.05155E+03    1.63913E-06    1.20590E-03   -4.30046E-04    9.92901E-01    9.85687E-01    9.86631E-01
    4.08184E+02    8.87490E-01    4.20626E-03    1.06654E+03    1.69916E-06    1.21501E-03   -4.72133E-04    9.92666E-01    9.85297E-01    9.85687E-01
    4.14291E+02    8.91845E-01    4.35429E-03    1.08173E+03    1.70945E-06    1.21480E-03   -4.83428E-04    9.92541E-01    9.85072E-01    9.85297E-01
    4.20481E+02    8.96305E-01    4.45983E-03    1.09713E+03    1.70162E-06    1.21054E-03   -4.86007E-04    9.92456E-01    9.84910E-01    9.85072E-01
    4.26758E+02    9.00854E-01    4.54990E-03    1.11274E+03    1.68717E-06    1.20485E-03   -4.85281E-04    9.92384E-01    9.84771E-01    9.84910E-01
    4.33120E+02    9.05494E-01    4.63989E-03    1.12857E+03    1.67219E-06    1.19950E-03   -4.83099E-04    9.92314E-01    9.84629E-01    9.84771E-01
    4.39571E+02    9.10240E-01    4.74590E-03    1.14462E+03    1.66235E-06    1.19656E-03   -4.80216E-04    9.92231E-01    9.84459E-01    9.84629E-01
    4.46111E+02    9.15140E-01    4.89982E-03    1.16089E+03    1.66809E-06    1.20033E-03   -4.76760E-04    9.92110E-01    9.84207E-01    9.84459E-01
    4.52741E+02    9.20353E-01    5.21322E-03    1.17738E+03    1.72499E-06    1.22607E-03   -4.70887E-04    9.91868E-01    9.83683E-01    9.84207E-01
    4.59462E+02    9.23714E-01    3.36028E-03    1.21106E+03    1.08070E-06    1.02536E-03   -1.71259E-04    9.93617E-01    9.86678E-01    9.90753E-01
    4.66276E+02    9.27652E-01    3.93877E-03    1.22824E+03    1.23124E-06    1.04650E-03   -3.68876E-04    9.92931E-01    9.85751E-01    9.86678E-01
    4.73184E+02    9.31844E-01    4.19154E-03    1.24567E+03    1.27355E-06    1.05349E-03   -4.04620E-04    9.92705E-01    9.85377E-01    9.85751E-01
    4.80188E+02    9.36173E-01    4.32929E-03    1.26333E+03    1.27857E-06    1.05226E-03   -4.13901E-04    9.92589E-01    9.85169E-01    9.85377E-01
    4.87288E+02    9.40597E-01    4.42351E-03    1.28124E+03    1.26984E-06    1.04738E-03   -4.15730E-04    9.92512E-01    9.85025E-01    9.85169E-01
    4.94486E+02    9.45097E-01    4.49980E-03    1.29939E+03    1.25561E-06    1.04097E-03   -4.14735E-04    9.92452E-01    9.84907E-01    9.85025E-01
    5.01783E+02    9.49667E-01    4.57093E-03    1.31780E+03    1.23980E-06    1.03424E-03   -4.12488E-04    9.92396E-01    9.84797E-01    9.84907E-01
    5.09181E+02    9.54314E-01    4.64686E-03    1.33646E+03    1.22518E-06    1.02828E-03   -4.09657E-04    9.92337E-01    9.84677E-01    9.84797E-01
    5.16682E+02    9.59055E-01    4.74113E-03    1.35537E+03    1.21512E-06    1.02462E-03   -4.06548E-04    9.92263E-01    9.84525E-01    9.84677E-01
    5.24285E+02    9.63939E-01    4.88386E-03    1.37455E+03    1.21675E-06    1.02676E-03   -4.03127E-04    9.92151E-01    9.84290E-01    9.84525E-01
    5.31994E+02    9.69123E-01    5.18370E-03    1.39399E+03    1.25542E-06    1.04747E-03   -3.97782E-04    9.91919E-01    9.83789E-01    9.84290E-01
    5.39809E+02    9.72466E-01    3.34284E-03    1.43369E+03    7.87006E-07    8.75499E-04   -1.43206E-04    9.93653E-01    9.86764E-01    9.90831E-01
    5.47732E+02    9.76375E-01    3.90914E-03    1.45395E+03    8.94671E-07    8.93245E-04   -3.11101E-04    9.92981E-01    9.85855E-01    9.86764E-01
    5.55764E+02    9.80526E-01    4.15123E-03    1.47448E+03    9.23601E-07    8.98503E-04   -3.41019E-04    9.92764E-01    9.85497E-01    9.85855E-01
    5.63907E+02    9.84805E-01    4.27863E-03    1.49530E+03    9.25428E-07    8.96625E-04   -3.48556E-04    9.92656E-01    9.85305E-01    9.85497E-01
    5.72163E+02    9.89166E-01    4.36156E-03    1.51641E+03    9.17097E-07    8.91478E-04   -3.49807E-04    9.92588E-01    9.85178E-01    9.85305E-01
    5.80532E+02    9.93591E-01    4.42435E-03    1.53781E+03    9.04408E-07    8.84783E-04   -3.48665E-04    9.92538E-01    9.85082E-01    9.85178E-01
    5.89017E+02    9.98069E-01    4.47786E-03    1.55951E+03    8.89880E-07    8.77415E-04   -3.46444E-04    9.92496E-01    9.85000E-01    9.85082E-01
    5.97619E+02    1.00260E+00    4.52842E-03    1.58150E+03    8.74901E-07    8.69928E-04   -3.43695E-04    9.92457E-01    9.84923E-01    9.85000E-01
    6.06340E+02    1.00718E+00    4.58125E-03    1.60380E+03    8.60503E-07    8.62803E-04   -3.40697E-04    9.92416E-01    9.84840E-01    9.84923E-01
    6.15181E+02    1.01182E+00    4.64283E-03    1.62641E+03    8.47836E-07    8.56655E-04   -3.37605E-04    9.92368E-01    9.84743E-01    9.84840E-01
    6.24144E+02    1.01655E+00    4.72471E-03    1.64933E+03    8.38823E-07    8.52604E-04   -3.34498E-04    9.92305E-01    9.84610E-01    9.84743E-01
    6.33230E+02    1.02140E+00    4.85540E-03    1.67256E+03    8.38090E-07    8.53439E-04   -3.31259E-04    9.92202E-01    9.84394E-01    9.84610E-01
    6.42442E+02    1.02654E+00    5.14047E-03    1.69612E+03    8.62668E-07    8.69507E-04   -3.26536E-04    9.91981E-01    9.83916E-01    9.84394E-01
    6.51782E+02    1.02986E+00    3.31586E-03    1.74420E+03    5.41024E-07    7.26282E-04   -1.16354E-04    9.93699E-01    9.86870E-01    9.90920E-01
    6.61250E+02    1.03373E+00    3.86833E-03    1.76875E+03    6.13661E-07    7.40726E-04   -2.54924E-04    9.93041E-01    9.85980E-01    9.86870E-01
    6.70849E+02    1.03783E+00    4.09916E-03    1.79363E+03    6.32249E-07    7.44497E-04   -2.79236E-04    9.92833E-01    9.85638E-01    9.85980E-01
    6.80580E+02    1.04204E+00    4.21627E-03    1.81886E+03    6.32288E-07    7.42274E-04   -2.85161E-04    9.92733E-01    9.85461E-01    9.85638E-01
    6.90445E+02    1.04633E+00    4.28868E-03    1.84443E+03    6.25327E-07    7.37269E-04   -2.85941E-04    9.92674E-01    9.85350E-01    9.85461E-01
    7.00447E+02    1.05067E+00    4.33986E-03    1.87036E+03    6.15264E-07    7.30874E-04   -2.84757E-04    9.92633E-01    9.85273E-01    9.85350E-01
    7.10587E+02    1.05505E+00    4.37975E-03    1.89664E+03    6.03728E-07    7.23756E-04   -2.82674E-04    9.92601E-01    9.85212E-01    9.85273E-01
    7.20866E+02    1.05946E+00    4.41335E-03    1.92329E+03    5.91522E-07    7.16273E-04   -2.80132E-04    9.92575E-01    9.85162E-01    9.85212E-01
    7.31288E+02    1.06391E+00    4.44363E-03    1.95030E+03    5.79100E-07    7.08646E-04   -2.77347E-04    9.92553E-01    9.85117E-01    9.85162E-01
    7.41853E+02    1.06838E+00    4.47267E-03    1.97769E+03    5.66763E-07    7.01033E-04   -2.74437E-04    9.92531E-01    9.85073E-01    9.85117E-01
    7.52564E+02    1.07288E+00    4.50233E-03    2.00546E+03    5.54746E-07    6.93576E-04   -2.71475E-04    9.92508E-01    9.85029E-01    9.85073E-01
    7.63423E+02    1.07742E+00    4.53470E-03    2.03361E+03    5.43288E-07    6.86433E-04   -2.68511E-04    9.92484E-01    9.84979E-01    9.85029E-01
    7.74432E+02    1.08199E+00    4.57272E-03    2.06214E+03    5.32705E-07    6.79830E-04   -2.65586E-04    9.92455E-01    9.84919E-01    9.84979E-01
    7.85593E+02    1.08661E+00    4.62149E-03    2.09107E+03    5.23513E-07    6.74155E-04   -2.62730E-04    9.92417E-01    9.84841E-01    9.84919E-01
    7.96907E+02    1.09130E+00    4.69154E-03    2.12040E+03    5.16771E-07    6.70220E-04   -2.59953E-04    9.92362E-01    9.84727E-01    9.84841E-01
    8.08378E+02    1.09611E+00    4.81015E-03    2.15014E+03    5.15208E-07    6.70141E-04   -2.57136E-04    9.92269E-01    9.84529E-01    9.84727E-01
    8.20007E+02    1.10119E+00    5.07979E-03    2.18028E+03    5.29071E-07    6.81872E-04   -2.53223E-04    9.92059E-01    9.84075E-01    9.84529E-01
    8.31797E+02    1.10447E+00    3.27770E-03    2.24183E+03    3.31960E-07    5.69196E-04   -8.93045E-05    9.93757E-01    9.87001E-01    9.91028E-01
    8.43749E+02    1.10828E+00    3.81491E-03    2.27324E+03    3.75709E-07    5.80316E-04   -1.97338E-04    9.93115E-01    9.86131E-01    9.87001E-01
    8.55867E+02    1.11232E+00    4.03447E-03    2.30508E+03    3.86376E-07    5.82855E-04   -2.15999E-04    9.92916E-01    9.85805E-01    9.86131E-01
    8.68151E+02    1.11646E+00    4.14216E-03    2.33737E+03    3.85752E-07    5.80669E-04   -2.20399E-04    9.92823E-01    9.85641E-01    9.85805E-01
    8.80605E+02    1.12067E+00    4.20576E-03    2.37010E+03    3.80880E-07    5.76295E-04   -2.20826E-04    9.92770E-01    9.85544E-01    9.85641E-01
    8.93231E+02    1.12492E+00    4.24818E-03    2.40328E+03    3.74121E-07    5.70820E-04   -2.19741E-04    9.92736E-01    9.85479E-01    9.85544E-01
    9.06031E+02    1.12919E+00    4.27898E-03    2.43692E+03    3.66452E-07    5.64752E-04   -2.17961E-04    9.92711E-01    9.85433E-01    9.85479E-01
    9.19008E+02    1.13350E+00    4.30283E-03    2.47102E+03    3.58346E-07    5.58360E-04   -2.15825E-04    9.92693E-01    9.85398E-01    9.85433E-01
    9.32164E+02    1.13782E+00    4.32228E-03    2.50559E+03    3.50055E-07    5.51793E-04   -2.13493E-04    9.92678E-01    9.85369E-01    9.85398E-01
    9.45501E+02    1.14216E+00    4.33891E-03    2.54064E+03    3.41729E-07    5.45147E-04   -2.11053E-04    9.92666E-01    9.85346E-01    9.85369E-01
    9.59023E+02    1.14651E+00    4.35377E-03    2.57618E+03    3.33463E-07    5.38487E-04   -2.08554E-04    9.92655E-01    9.85324E-01    9.85346E-01
    9.72731E+02    1.15088E+00    4.36764E-03    2.61220E+03    3.25322E-07    5.31859E-04   -2.06030E-04    9.92646E-01    9.85305E-01    9.85324E-01
    9.86628E+02    1.15526E+00    4.38122E-03    2.64873E+03    3.17357E-07    5.25304E-04   -2.03501E-04    9.92636E-01    9.85286E-01    9.85305E-01
    1.00072E+03    1.15966E+00    4.39516E-03    2.68575E+03    3.09611E-07    5.18861E-04   -2.00985E-04    9.92626E-01    9.85266E-01    9.85286E-01
    1.01500E+03    1.16407E+00    4.41023E-03    2.72329E+03    3.02132E-07    5.12574E-04   -1.98495E-04    9.92615E-01    9.85244E-01    9.85266E-01
    1.02948E+03    1.16849E+00    4.42747E-03    2.76134E+03    2.94976E-07    5.06501E-04   -1.96042E-04    9.92603E-01    9.85218E-01    9.85244E-01
    1.04416E+03    1.17294E+00    4.44837E-03    2.79992E+03    2.88225E-07    5.00728E-04   -1.93640E-04    9.92587E-01    9.85186E-01    9.85218E-01
    1.05904E+03    1.17742E+00    4.47545E-03    2.83904E+03    2.82012E-07    4.95395E-04   -1.91301E-04    9.92566E-01    9.85143E-01    9.85186E-01
    1.07413E+03    1.18193E+00    4.51335E-03    2.87869E+03    2.76588E-07    4.90767E-04   -1.89038E-04    9.92536E-01    9.85081E-01    9.85143E-01
    1.08943E+03    1.18650E+00    4.57195E-03    2.91889E+03    2.72485E-07    4.87414E-04   -1.86850E-04    9.92490E-01    9.84983E-01    9.85081E-01
    1.10494E+03    1.19118E+00    4.67723E-03    2.95964E+03    2.71106E-07    4.86839E-04   -1.84647E-04    9.92406E-01    9.84804E-01    9.84983E-01
    1.12066E+03    1.19611E+00    4.92696E-03    3.00096E+03    2.77742E-07    4.94707E-04   -1.81678E-04    9.92208E-01    9.84377E-01    9.84804E-01
    1.13660E+03    1.19929E+00    3.17907E-03    3.08531E+03    1.74292E-07    4.12637E-04   -6.34194E-05    9.93873E-01    9.87251E-01    9.91216E-01
    1.15276E+03    1.20298E+00    3.69083E-03    3.12836E+03    1.96797E-07    4.20506E-04   -1.41323E-04    9.93252E-01    9.86411E-01    9.87251E-01
    1.16914E+03    1.20687E+00    3.89461E-03    3.17200E+03    2.01965E-07    4.21993E-04   -1.54555E-04    9.93064E-01    9.86104E-01    9.86411E-01
    1.18574E+03    1.21086E+00    3.99033E-03    3.21625E+03    2.01254E-07    4.20037E-04   -1.57553E-04    9.92981E-01    9.85957E-01    9.86104E-01
    1.20258E+03    1.21491E+00    4.04342E-03    3.26111E+03    1.98339E-07    4.16492E-04   -1.57713E-04    9.92935E-01    9.85875E-01    9.85957E-01
    1.21965E+03    1.21898E+00    4.07589E-03    3.30659E+03    1.94450E-07    4.12147E-04   -1.56796E-04    9.92908E-01    9.85825E-01    9.85875E-01
    1.23696E+03    1.22308E+00    4.09688E-03    3.35269E+03    1.90094E-07    4.07370E-04   -1.55384E-04    9.92892E-01    9.85794E-01    9.85825E-01
    1.25450E+03    1.22719E+00    4.11080E-03    3.39943E+03    1.85512E-07    4.02348E-04   -1.53717E-04    9.92881E-01    9.85774E-01    9.85794E-01
    1.27228E+03    1.23131E+00    4.12003E-03    3.44682E+03    1.80834E-07    3.97188E-04   -1.51909E-04    9.92874E-01    9.85762E-01    9.85774E-01
    1.29032E+03    1.23543E+00    4.12597E-03    3.49486E+03    1.76134E-07    3.91954E-04   -1.50021E-04    9.92870E-01    9.85755E-01    9.85762E-01
    1.30860E+03    1.23956E+00    4.12950E-03    3.54356E+03    1.71456E-07    3.86686E-04   -1.48087E-04    9.92869E-01    9.85752E-01    9.85755E-01
    1.32713E+03    1.24370E+00    4.13118E-03    3.59293E+03    1.66828E-07    3.81411E-04   -1.46129E-04    9.92869E-01    9.85752E-01    9.85752E-01
    1.34592E+03    1.24783E+00    4.13142E-03    3.64299E+03    1.62270E-07    3.76148E-04   -1.44161E-04    9.92870E-01    9.85754E-01    9.85752E-01
    1.36496E+03    1.25196E+00    4.13050E-03    3.69374E+03    1.57792E-07    3.70910E-04   -1.42191E-04    9.92872E-01    9.85758E-01    9.85754E-01
    1.38427E+03    1.25609E+00    4.12864E-03    3.74518E+03    1.53404E-07    3.65706E-04   -1.40227E-04    9.92875E-01    9.85764E-01    9.85758E-01
    1.40385E+03    1.26021E+00    4.12601E-03    3.79734E+03    1.49111E-07    3.60544E-04   -1.38272E-04    9.92878E-01    9.85771E-01    9.85764E-01
    1.42370E+03    1.26433E+00    4.12275E-03    3.85022E+03    1.44916E-07    3.55430E-04   -1.36330E-04    9.92882E-01    9.85780E-01    9.85771E-01
    1.44382E+03    1.26845E+00    4.11898E-03    3.90382E+03    1.40823E-07    3.50368E-04   -1.34404E-04    9.92887E-01    9.85789E-01    9.85780E-01
    1.46421E+03    1.27257E+00    4.11482E-03    3.95817E+03    1.36832E-07    3.45365E-04   -1.32496E-04    9.92891E-01    9.85798E-01    9.85789E-01
    1.48489E+03    1.27668E+00    4.11039E-03    4.01327E+03    1.32947E-07    3.40424E-04   -1.30608E-04    9.92896E-01    9.85808E-01    9.85798E-01
    1.50586E+03    1.28078E+00    4.10583E-03    4.06912E+03    1.29168E-07    3.35549E-04   -1.28742E-04    9.92901E-01    9.85818E-01    9.85808E-01
    1.52711E+03    1.28489E+00    4.10128E-03    4.12575E+03    1.25497E-07    3.30747E-04   -1.26898E-04    9.92906E-01    9.85828E-01    9.85818E-01
    1.54866E+03    1.28898E+00    4.09693E-03    4.18316E+03    1.21937E-07    3.26025E-04   -1.25079E-04    9.92911E-01    9.85838E-01    9.85828E-01
    1.57051E+03    1.29308E+00    4.09304E-03    4.24136E+03    1.18492E-07    3.21391E-04   -1.23286E-04    9.92916E-01    9.85847E-01    9.85838E-01
    1.59265E+03    1.29717E+00    4.08995E-03    4.30037E+03    1.15166E-07    3.16858E-04   -1.21521E-04    9.92920E-01    9.85854E-01    9.85847E-01
    1.61511E+03    1.30125E+00    4.08817E-03    4.36018E+03    1.11971E-07    3.12445E-04   -1.19788E-04    9.92922E-01    9.85859E-01    9.85854E-01
    1.63787E+03    1.30534E+00    4.08845E-03    4.42083E+03    1.08919E-07    3.08179E-04   -1.18089E-04    9.92923E-01    9.85860E-01    9.85859E-01
    1.66094E+03    1.30943E+00    4.09203E-03    4.48231E+03    1.06037E-07    3.04107E-04   -1.16430E-04    9.92921E-01    9.85855E-01    9.85860E-01
    1.68434E+03    1.31354E+00    4.10103E-03    4.54464E+03    1.03367E-07    3.00308E-04   -1.14815E-04    9.92914E-01    9.85840E-01    9.85855E-01
    1.70806E+03    1.31766E+00    4.11947E-03    4.60783E+03    1.00997E-07    2.96936E-04   -1.13250E-04    9.92899E-01    9.85808E-01    9.85840E-01
    1.73210E+03    1.32181E+00    4.15604E-03    4.67189E+03    9.91111E-08    2.94324E-04   -1.11733E-04    9.92869E-01    9.85743E-01    9.85808E-01
    1.75648E+03    1.32604E+00    4.23362E-03    4.73684E+03    9.82047E-08    2.93357E-04   -1.10211E-04    9.92804E-01    9.85604E-01    9.85743E-01
    1.78119E+03    1.33048E+00    4.43848E-03    4.80268E+03    1.00146E-07    2.97371E-04   -1.08242E-04    9.92633E-01    9.85234E-01    9.85604E-01
    1.80624E+03    1.33333E+00    2.85033E-03    4.93710E+03    6.25570E-08    2.47307E-04   -3.73664E-05    9.94218E-01    9.87980E-01    9.91724E-01
    1.83164E+03    1.33663E+00    3.29417E-03    5.00571E+03    7.03252E-08    2.51610E-04   -8.37727E-05    9.93649E-01    9.87214E-01    9.87980E-01
    1.85739E+03    1.34009E+00    3.46021E-03    5.07526E+03    7.18541E-08    2.51981E-04   -9.14320E-05    9.93487E-01    9.86954E-01    9.87214E-01
    1.88350E+03    1.34362E+00    3.52912E-03    5.14577E+03    7.12856E-08    2.50270E-04   -9.30072E-05    9.93423E-01    9.86845E-01    9.86954E-01
    1.90996E+03    1.34718E+00    3.55952E-03    5.21725E+03    6.99383E-08    2.47604E-04   -9.29019E-05    9.93395E-01    9.86797E-01    9.86845E-01
    1.93680E+03    1.35075E+00    3.57107E-03    5.28973E+03    6.82514E-08    2.44455E-04   -9.21595E-05    9.93385E-01    9.86781E-01    9.86797E-01
    1.96400E+03    1.35432E+00    3.57191E-03    5.36320E+03    6.64055E-08    2.41043E-04   -9.11247E-05    9.93385E-01    9.86784E-01    9.86781E-01
    1.99157E+03    1.35789E+00    3.56594E-03    5.43768E+03    6.44866E-08    2.37482E-04   -8.99387E-05    9.93392E-01    9.86798E-01    9.86784E-01
    2.01953E+03    1.36144E+00    3.55526E-03    5.51320E+03    6.25404E-08    2.33834E-04   -8.86686E-05    9.93402E-01    9.86820E-01    9.86798E-01
    2.04787E+03    1.36498E+00    3.54109E-03    5.58975E+03    6.05929E-08    2.30137E-04   -8.73498E-05    9.93416E-01    9.86849E-01    9.86820E-01
    2.07661E+03    1.36851E+00    3.52418E-03    5.66736E+03    5.86595E-08    2.26413E-04   -8.60026E-05    9.93433E-01    9.86883E-01    9.86849E-01
    2.10574E+03    1.37201E+00    3.50499E-03    5.74605E+03    5.67500E-08    2.22679E-04   -8.46394E-05    9.93452E-01    9.86920E-01    9.86883E-01
    2.13527E+03    1.37549E+00    3.48387E-03    5.82582E+03    5.48705E-08    2.18945E-04   -8.32679E-05    9.93472E-01    9.86962E-01    9.86920E-01
    2.16521E+03    1.37896E+00    3.46100E-03    5.90669E+03    5.30249E-08    2.15217E-04   -8.18932E-05    9.93494E-01    9.87006E-01    9.86962E-01
    2.19557E+03    1.38239E+00    3.43656E-03    5.98867E+03    5.12157E-08    2.11500E-04   -8.05190E-05    9.93518E-01    9.87054E-01    9.87006E-01
    2.22634E+03    1.38580E+00    3.41062E-03    6.07179E+03    4.94443E-08    2.07798E-04   -7.91474E-05    9.93543E-01    9.87105E-01    9.87054E-01
    2.25753E+03    1.38919E+00    3.38328E-03    6.15605E+03    4.77117E-08    2.04113E-04   -7.77803E-05    9.93570E-01    9.87159E-01    9.87105E-01
    2.28916E+03    1.39254E+00    3.35456E-03    6.24148E+03    4.60181E-08    2.00445E-04   -7.64186E-05    9.93598E-01    9.87215E-01    9.87159E-01
    2.32123E+03    1.39587E+00    3.32451E-03    6.32809E+03    4.43636E-08    1.96797E-04   -7.50633E-05    9.93627E-01    9.87274E-01    9.87215E-01
    2.35373E+03    1.39916E+00    3.29313E-03    6.41589E+03    4.27480E-08    1.93169E-04   -7.37148E-05    9.93658E-01    9.87336E-01    9.87274E-01
    2.38669E+03    1.40242E+00    3.26042E-03    6.50490E+03    4.11710E-08    1.89560E-04   -7.23735E-05    9.93690E-01    9.87401E-01    9.87336E-01
    2.42010E+03    1.40565E+00    3.22640E-03    6.59514E+03    3.96319E-08    1.85971E-04   -7.10394E-05    9.93724E-01    9.87468E-01    9.87401E-01
    2.45397E+03    1.40884E+00    3.19103E-03    6.68663E+03    3.81303E-08    1.82402E-04   -6.97127E-05    9.93759E-01    9.87539E-01    9.87468E-01
    2.48831E+03    1.41199E+00    3.15431E-03    6.77938E+03    3.66654E-08    1.78851E-04   -6.83933E-05    9.93796E-01    9.87612E-01    9.87539E-01
    2.52312E+03    1.41511E+00    3.11622E-03    6.87341E+03    3.52366E-08    1.75319E-04   -6.70811E-05    9.93834E-01    9.87689E-01    9.87612E-01
    2.55841E+03    1.41818E+00    3.07673E-03    6.96873E+03    3.38431E-08    1.71804E-04   -6.57758E-05    9.93874E-01    9.87769E-01    9.87689E-01
    2.59419E+03    1.42122E+00    3.03582E-03    7.06538E+03    3.24842E-08    1.68306E-04   -6.44774E-05    9.93915E-01    9.87852E-01    9.87769E-01
    2.63046E+03    1.42421E+00    2.99345E-03    7.16335E+03    3.11591E-08    1.64823E-04   -6.31854E-05    9.93958E-01    9.87939E-01    9.87852E-01
    2.66724E+03    1.42716E+00    2.94958E-03    7.26268E+03    2.98671E-08    1.61355E-04   -6.18995E-05    9.94003E-01    9.88029E-01    9.87939E-01
    2.70452E+03    1.43007E+00    2.90419E-03    7.36338E+03    2.86073E-08    1.57901E-04   -6.06194E-05    9.94050E-01    9.88123E-01    9.88029E-01
    2.74232E+03    1.43292E+00    2.85724E-03    7.46547E+03    2.73790E-08    1.54458E-04   -5.93447E-05    9.94099E-01    9.88221E-01    9.88123E-01
    2.78063E+03    1.43573E+00    2.80867E-03    7.56896E+03    2.61815E-08    1.51026E-04   -5.80749E-05    9.94150E-01    9.88323E-01    9.88221E-01
    2.81948E+03    1.43849E+00    2.75846E-03    7.67389E+03    2.50140E-08    1.47603E-04   -5.68096E-05    9.94203E-01    9.88430E-01    9.88323E-01
    2.85886E+03    1.44120E+00    2.70656E-03    7.78026E+03    2.38758E-08    1.44188E-04   -5.55483E-05    9.94258E-01    9.88541E-01    9.88430E-01
    2.89879E+03    1.44385E+00    2.65292E-03    7.88810E+03    2.27661E-08    1.40779E-04   -5.42904E-05    9.94316E-01    9.88657E-01    9.88541E-01
    2.93926E+03    1.44645E+00    2.59750E-03    7.99743E+03    2.16843E-08    1.37374E-04   -5.30353E-05    9.94376E-01    9.88777E-01    9.88657E-01
    2.98030E+03    1.44899E+00    2.54025E-03    8.10827E+03    2.06297E-08    1.33971E-04   -5.17825E-05    9.94439E-01    9.88904E-01    9.88777E-01
    3.02190E+03    1.45147E+00    2.48113E-03    8.22064E+03    1.96016E-08    1.30569E-04   -5.05313E-05    9.94504E-01    9.89035E-01    9.88904E-01
    3.06408E+03    1.45389E+00    2.42008E-03    8.33456E+03    1.85995E-08    1.27165E-04   -4.92810E-05    9.94573E-01    9.89173E-01    9.89035E-01
    3.10683E+03    1.45625E+00    2.35706E-03    8.45005E+03    1.76226E-08    1.23756E-04   -4.80308E-05    9.94644E-01    9.89317E-01    9.89173E-01
    3.15018E+03    1.45854E+00    2.29202E-03    8.56713E+03    1.66705E-08    1.20342E-04   -4.67801E-05    9.94719E-01    9.89467E-01    9.89317E-01
    3.19413E+03    1.46076E+00    2.22492E-03    8.68583E+03    1.57426E-08    1.16918E-04   -4.55279E-05    9.94798E-01    9.89624E-01    9.89467E-01
    3.23868E+03    1.46292E+00    2.15571E-03    8.80617E+03    1.48383E-08    1.13482E-04   -4.42735E-05    9.94879E-01    9.89789E-01    9.89624E-01
    3.28385E+03    1.46500E+00    2.08436E-03    8.92817E+03    1.39572E-08    1.10031E-04   -4.30157E-05    9.94965E-01    9.89961E-01    9.89789E-01
    3.32964E+03    1.46701E+00    2.01081E-03    9.05185E+03    1.30988E-08    1.06562E-04   -4.17536E-05    9.95055E-01    9.90142E-01    9.89961E-01
    3.37606E+03    1.46895E+00    1.93505E-03    9.17724E+03    1.22627E-08    1.03071E-04   -4.04862E-05    9.95150E-01    9.90332E-01    9.90142E-01
    3.42312E+03    1.47081E+00    1.85704E-03    9.30436E+03    1.14486E-08    9.95541E-05   -3.92121E-05    9.95249E-01    9.90532E-01    9.90332E-01
    3.47084E+03    1.47258E+00    1.77677E-03    9.43323E+03    1.06561E-08    9.60071E-05   -3.79301E-05    9.95353E-01    9.90741E-01    9.90532E-01
    3.51921E+03    1.47428E+00    1.69421E-03    9.56388E+03    9.88483E-09    9.24252E-05   -3.66388E-05    9.95463E-01    9.90962E-01    9.90741E-01
    3.56825E+03    1.47589E+00    1.60936E-03    9.69634E+03    9.13470E-09    8.88033E-05   -3.53367E-05    9.95578E-01    9.91194E-01    9.90962E-01
    3.61796E+03    1.47741E+00    1.52224E-03    9.83062E+03    8.40550E-09    8.51352E-05   -3.40219E-05    9.95700E-01    9.91439E-01    9.91194E-01
    3.66836E+03    1.47884E+00    1.43288E-03    9.96676E+03    7.69713E-09    8.14145E-05   -3.26926E-05    9.95829E-01    9.91697E-01    9.91439E-01
    3.71946E+03    1.48018E+00    1.34132E-03    1.01048E+04    7.00959E-09    7.76336E-05   -3.13467E-05    9.95964E-01    9.91970E-01    9.91697E-01
    3.77126E+03    1.48143E+00    1.24765E-03    1.02447E+04    6.34297E-09    7.37838E-05   -2.99819E-05    9.96108E-01    9.92260E-01    9.91970E-01
    3.82378E+03    1.48258E+00    1.15197E-03    1.03865E+04    5.69747E-09    6.98555E-05   -2.85953E-05    9.96261E-01    9.92567E-01    9.92260E-01
    3.87702E+03    1.48364E+00    1.05444E-03    1.05303E+04    5.07349E-09    6.58371E-05   -2.71839E-05    9.96423E-01    9.92894E-01    9.92567E-01
    3.93100E+03    1.48459E+00    9.55292E-04    1.06761E+04    4.47160E-09    6.17158E-05   -2.57441E-05    9.96596E-01    9.93242E-01    9.92894E-01
    3.98572E+03    1.48545E+00    8.54843E-04    1.08239E+04    3.89276E-09    5.74772E-05   -2.42718E-05    9.96781E-01    9.93614E-01    9.93242E-01
    4.04120E+03    1.48620E+00    7.53582E-04    1.09738E+04    3.33846E-09    5.31071E-05   -2.27618E-05    9.96978E-01    9.94012E-01    9.93614E-01
    4.09744E+03    1.48685E+00    6.52327E-04    1.11257E+04    2.81142E-09    4.85972E-05   -2.12069E-05    9.97190E-01    9.94438E-01    9.94012E-01
    4.15446E+03    1.48741E+00    5.52751E-04    1.12797E+04    2.31759E-09    4.39735E-05   -1.95938E-05    9.97414E-01    9.94890E-01    9.94438E-01
    4.21226E+03    1.48787E+00    4.60023E-04    1.14358E+04    1.87643E-09    3.94595E-05   -1.78712E-05    9.97642E-01    9.95346E-01    9.94890E-01
    4.27086E+03    1.48802E+00    1.49201E-04    1.17546E+04    5.92068E-10    2.36270E-05   -5.81649E-06    9.98661E-01    9.97267E-01    9.97741E-01
    4.33028E+03    1.48813E+00    1.10131E-04    1.19173E+04    4.25165E-10    1.80935E-05   -9.88886E-06    9.98854E-01    9.97772E-01    9.97267E-01
    4.39051E+03    1.48818E+00    5.14613E-05    1.20822E+04    1.93276E-10    1.04705E-05   -9.14576E-06    9.99260E-01    9.98625E-01    9.97772E-01
    4.45157E+03    1.48824E+00    5.90971E-05    1.20822E+04    2.15930E-10    9.12549E-06   -1.15176E-05    9.98625E-01    9.98064E-01    9.96751E-01
    4.51347E+03    1.48831E+00    7.36989E-05    1.20822E+04    2.61973E-10    8.13806E-06   -1.39909E-05    9.98064E-01    9.97556E-01    9.95788E-01
    4.57623E+03    1.48840E+00    9.42198E-05    1.20822E+04    3.25828E-10    7.38326E-06   -1.64717E-05    9.97556E-01    9.97090E-01    9.94877E-01
    4.63986E+03    1.48852E+00    1.19963E-04    1.20822E+04    4.03594E-10    6.78381E-06   -1.89096E-05    9.97090E-01    9.96655E-01    9.94014E-01
    4.70436E+03    1.48867E+00    1.50446E-04    1.20822E+04    4.92412E-10    6.29139E-06   -2.12798E-05    9.96655E-01    9.96247E-01    9.93193E-01
    4.76976E+03    1.48886E+00    1.85332E-04    1.20822E+04    5.90137E-10    5.87536E-06   -2.35715E-05    9.96247E-01    9.95860E-01    9.92412E-01
    4.83605E+03    1.48908E+00    2.24397E-04    1.20822E+04    6.95140E-10    5.51585E-06   -2.57821E-05    9.95860E-01    9.95492E-01    9.91665E-01
    4.90326E+03    1.48935E+00    2.67494E-04    1.20822E+04    8.06162E-10    5.19970E-06   -2.79128E-05    9.95492E-01    9.95140E-01    9.90951E-01
    4.97140E+03    1.48967E+00    3.14538E-04    1.20822E+04    9.22221E-10    4.91789E-06   -2.99672E-05    9.95140E-01    9.94802E-01    9.90265E-01
    5.04048E+03    1.49003E+00    3.65490E-04    1.20822E+04    1.04254E-09    4.66404E-06   -3.19497E-05    9.94802E-01    9.94478E-01    9.89605E-01
    5.11051E+03    1.49045E+00    4.20346E-04    1.20822E+04    1.16649E-09    4.43351E-06   -3.38649E-05    9.94478E-01    9.94165E-01    9.88969E-01
    5.18151E+03    1.49093E+00    4.79132E-04    1.20822E+04    1.29355E-09    4.22279E-06   -3.57172E-05    9.94165E-01    9.93864E-01    9.88355E-01
    5.25349E+03    1.49147E+00    5.41892E-04    1.20822E+04    1.42330E-09    4.02917E-06   -3.75109E-05    9.93864E-01    9.93572E-01    9.87761E-01
    5.32646E+03    1.49208E+00    6.08694E-04    1.20822E+04    1.55539E-09    3.85046E-06   -3.92500E-05    9.93572E-01    9.93289E-01    9.87186E-01
    5.40044E+03    1.49276E+00    6.79615E-04    1.20822E+04    1.68951E-09    3.68492E-06   -4.09382E-05    9.93289E-01    9.93014E-01    9.86629E-01
    5.47544E+03    1.49352E+00    7.54753E-04    1.20822E+04    1.82541E-09    3.53108E-06   -4.25787E-05    9.93014E-01    9.92747E-01    9.86087E-01
    5.55147E+03    1.49435E+00    8.34212E-04    1.20822E+04    1.96287E-09    3.38772E-06   -4.41745E-05    9.92747E-01    9.92488E-01    9.85561E-01
    5.62856E+03    1.49527E+00    9.18111E-04    1.20822E+04    2.10169E-09    3.25380E-06   -4.57286E-05    9.92488E-01    9.92236E-01    9.85049E-01
    5.70671E+03    1.49628E+00    1.00658E-03    1.20822E+04    2.24172E-09    3.12843E-06   -4.72433E-05    9.92236E-01    9.91989E-01    9.84550E-01
    5.78593E+03    1.49737E+00    1.09976E-03    1.20822E+04    2.38281E-09    3.01087E-06   -4.87211E-05    9.91989E-01    9.91749E-01    9.84063E-01
    5.86625E+03    1.49857E+00    1.19780E-03    1.20822E+04    2.52485E-09    2.90043E-06   -5.01641E-05    9.91749E-01    9.91515E-01    9.83588E-01
    5.94768E+03    1.49987E+00    1.30086E-03    1.20822E+04    2.66774E-09    2.79654E-06   -5.15744E-05    9.91515E-01    9.91285E-01    9.83124E-01
    6.03023E+03    1.50128E+00    1.40911E-03    1.20822E+04    2.81138E-09    2.69871E-06   -5.29537E-05    9.91285E-01    9.91061E-01    9.82671E-01
    6.11392E+03    1.50281E+00    1.52274E-03    1.20822E+04    2.95571E-09    2.60649E-06   -5.43039E-05    9.91061E-01    9.90842E-01    9.82227E-01
    6.19877E+03    1.50445E+00    1.64194E-03    1.20822E+04    3.10067E-09    2.51948E-06   -5.56266E-05    9.90842E-01    9.90626E-01    9.81792E-01
    6.28478E+03    1.50621E+00    1.76691E-03    1.20822E+04    3.24621E-09    2.43735E-06   -5.69233E-05    9.90626E-01    9.90415E-01    9.81366E-01
    6.37199E+03    1.50811E+00    1.89788E-03    1.20822E+04    3.39229E-09    2.35979E-06   -5.81956E-05    9.90415E-01    9.90208E-01    9.80948E-01
    6.46039E+03    1.51015E+00    2.03508E-03    1.20822E+04    3.53891E-09    2.28653E-06   -5.94448E-05    9.90208E-01    9.90004E-01    9.80537E-01
    6.55002E+03    1.51233E+00    2.17875E-03    1.20822E+04    3.68604E-09    2.21734E-06   -6.06723E-05    9.90004E-01    9.89804E-01    9.80134E-01
    6.64089E+03    1.51466E+00    2.32916E-03    1.20822E+04    3.83369E-09    2.15201E-06   -6.18794E-05    9.89804E-01    9.89607E-01    9.79737E-01
    6.73300E+03    1.51714E+00    2.48659E-03    1.20822E+04    3.98186E-09    2.09034E-06   -6.30674E-05    9.89607E-01    9.89414E-01    9.79347E-01
    6.82639E+03    1.51979E+00    2.65133E-03    1.20822E+04    4.13058E-09    2.03218E-06   -6.42375E-05    9.89414E-01    9.89223E-01    9.78963E-01
    6.92107E+03    1.52262E+00    2.82371E-03    1.20822E+04    4.27989E-09    1.97738E-06   -6.53910E-05    9.89223E-01    9.89034E-01    9.78584E-01
    7.01705E+03    1.52562E+00    3.00405E-03    1.20822E+04    4.42982E-09    1.92582E-06   -6.65290E-05    9.89034E-01    9.88848E-01    9.78211E-01
    7.11436E+03    1.52881E+00    3.19272E-03    1.20822E+04    4.58044E-09    1.87738E-06   -6.76529E-05    9.88848E-01    9.88664E-01    9.77842E-01
    7.21301E+03    1.53220E+00    3.39012E-03    1.20822E+04    4.73181E-09    1.83198E-06   -6.87637E-05    9.88664E-01    9.88482E-01    9.77477E-01
    7.31303E+03    1.53580E+00    3.59664E-03    1.20822E+04    4.88402E-09    1.78953E-06   -6.98628E-05    9.88482E-01    9.88302E-01    9.77116E-01
    7.41442E+03    1.53961E+00    3.81275E-03    1.20822E+04    5.03716E-09    1.74998E-06   -7.09513E-05    9.88302E-01    9.88123E-01    9.76759E-01
    7.51721E+03    1.54365E+00    4.03891E-03    1.20822E+04    5.19134E-09    1.71326E-06   -7.20306E-05    9.88123E-01    9.87946E-01    9.76405E-01
    7.62143E+03    1.54793E+00    4.27565E-03    1.20822E+04    5.34670E-09    1.67934E-06   -7.31018E-05    9.87946E-01    9.87770E-01    9.76053E-01
    7.72707E+03    1.55245E+00    4.52352E-03    1.20822E+04    5.50338E-09    1.64821E-06   -7.41664E-05    9.87770E-01    9.87594E-01    9.75704E-01
    7.83418E+03    1.55723E+00    4.78313E-03    1.20822E+04    5.66154E-09    1.61983E-06   -7.52257E-05    9.87594E-01    9.87420E-01    9.75356E-01
    7.94277E+03    1.56229E+00    5.05514E-03    1.20822E+04    5.82137E-09    1.59423E-06   -7.62812E-05    9.87420E-01    9.87245E-01    9.75010E-01
    8.05285E+03    1.56763E+00    5.34026E-03    1.20822E+04    5.98307E-09    1.57142E-06   -7.73344E-05    9.87245E-01    9.87071E-01    9.74664E-01
    8.16445E+03    1.57327E+00    5.63928E-03    1.20822E+04    6.14689E-09    1.55142E-06   -7.83867E-05    9.87071E-01    9.86897E-01    9.74319E-01
    8.27760E+03    1.57922E+00    5.95304E-03    1.20822E+04    6.31307E-09    1.53428E-06   -7.94400E-05    9.86897E-01    9.86722E-01    9.73973E-01
    8.39230E+03    1.58550E+00    6.28248E-03    1.20822E+04    6.48192E-09    1.52007E-06   -8.04960E-05    9.86722E-01    9.86546E-01    9.73626E-01
    8.50859E+03    1.59213E+00    6.62862E-03    1.20822E+04    6.65377E-09    1.50888E-06   -8.15567E-05    9.86546E-01    9.86370E-01    9.73278E-01
    8.62648E+03    1.59913E+00    6.99261E-03    1.20822E+04    6.82897E-09    1.50080E-06   -8.26239E-05    9.86370E-01    9.86192E-01    9.72928E-01
    8.74600E+03    1.60650E+00    7.37568E-03    1.20822E+04    7.00794E-09    1.49595E-06   -8.37000E-05    9.86192E-01    9.86012E-01    9.72575E-01
    8.86717E+03    1.61428E+00    7.77924E-03    1.20822E+04    7.19113E-09    1.49451E-06   -8.47874E-05    9.86012E-01    9.85829E-01    9.72218E-01
    8.99001E+03    1.62249E+00    8.20483E-03    1.20822E+04    7.37908E-09    1.49663E-06   -8.58885E-05    9.85829E-01    9.85644E-01    9.71856E-01
    9.11454E+03    1.63114E+00    8.65417E-03    1.20822E+04    7.57235E-09    1.50255E-06   -8.70063E-05    9.85644E-01    9.85456E-01    9.71489E-01
    9.24080E+03    1.64027E+00    9.12920E-03    1.20822E+04    7.77161E-09    1.51251E-06   -8.81438E-05    9.85456E-01    9.85264E-01    9.71116E-01
    9.36879E+03    1.64990E+00    9.63209E-03    1.20822E+04    7.97761E-09    1.52682E-06   -8.93044E-05    9.85264E-01    9.85067E-01    9.70735E-01
    9.49856E+03    1.66007E+00    1.01653E-02    1.20822E+04    8.19118E-09    1.54584E-06   -9.04919E-05    9.85067E-01    9.84865E-01    9.70345E-01
    9.63011E+03    1.67080E+00    1.07316E-02    1.20822E+04    8.41329E-09    1.56999E-06   -9.17105E-05    9.84865E-01    9.84657E-01    9.69945E-01
    9.76348E+03    1.68213E+00    1.13342E-02    1.20822E+04    8.64503E-09    1.59976E-06   -9.29649E-05    9.84657E-01    9.84442E-01    9.69533E-01
    9.89869E+03    1.69411E+00    1.19768E-02    1.20822E+04    8.88768E-09    1.63575E-06   -9.42603E-05    9.84442E-01    9.84219E-01    9.69107E-01
    1.00358E+04    1.70677E+00    1.26634E-02    1.20822E+04    9.14269E-09    1.67866E-06   -9.56027E-05    9.84219E-01    9.83988E-01    9.68666E-01
    1.01747E+04    1.72017E+00    1.33989E-02    1.20822E+04    9.41174E-09    1.72936E-06   -9.69987E-05    9.83988E-01    9.83746E-01    9.68207E-01
    1.03156E+04    1.73436E+00    1.41891E-02    1.20822E+04    9.69680E-09    1.78884E-06   -9.84561E-05    9.83746E-01    9.83492E-01    9.67728E-01
    1.04584E+04    1.74940E+00    1.50403E-02    1.20822E+04    1.00002E-08    1.85837E-06   -9.99836E-05    9.83492E-01    9.83225E-01    9.67226E-01
    1.06032E+04    1.76536E+00    1.59605E-02    1.20822E+04    1.03246E-08    1.93945E-06   -1.01591E-04    9.83225E-01    9.82942E-01    9.66697E-01
    1.07500E+04    1.78232E+00    1.69588E-02    1.20822E+04    1.06733E-08    2.03394E-06   -1.03291E-04    9.82942E-01    9.82641E-01    9.66138E-01
    1.08989E+04    1.80037E+00    1.80462E-02    1.20822E+04    1.10501E-08    2.14418E-06   -1.05097E-04    9.82641E-01    9.82320E-01    9.65543E-01
    1.10497E+04    1.81960E+00    1.92361E-02    1.20822E+04    1.14597E-08    2.27309E-06   -1.07026E-04    9.82320E-01    9.81975E-01    9.64908E-01
    1.12027E+04    1.84015E+00    2.05448E-02    1.20822E+04    1.19079E-08    2.42438E-06   -1.09096E-04    9.81975E-01    9.81601E-01    9.64226E-01
    1.13578E+04    1.86214E+00    2.19922E-02    1.20822E+04    1.24017E-08    2.60287E-06   -1.11332E-04    9.81601E-01    9.81195E-01    9.63489E-01
    1.15150E+04    1.88574E+00    2.36034E-02    1.20822E+04    1.29498E-08    2.81485E-06   -1.13762E-04    9.81195E-01    9.80749E-01    9.62687E-01
    1.16744E+04    1.91115E+00    2.54100E-02    1.20822E+04    1.35635E-08    3.06873E-06   -1.16422E-04    9.80749E-01    9.80257E-01    9.61809E-01
    1.18359E+04    1.93861E+00    2.74526E-02    1.20822E+04    1.42570E-08    3.37595E-06   -1.19355E-04    9.80257E-01    9.79708E-01    9.60839E-01
    1.19998E+04    1.96839E+00    2.97843E-02    1.20822E+04    1.50491E-08    3.75248E-06   -1.22617E-04    9.79708E-01    9.79089E-01    9.59760E-01
    1.21658E+04    2.00087E+00    3.24756E-02    1.20822E+04    1.59646E-08    4.22121E-06   -1.26281E-04    9.79089E-01    9.78383E-01    9.58545E-01
    1.23342E+04    2.03649E+00    3.56231E-02    1.20822E+04    1.70377E-08    4.81607E-06   -1.30440E-04    9.78383E-01    9.77567E-01    9.57162E-01
    1.25049E+04    2.07585E+00    3.93618E-02    1.20822E+04    1.83161E-08    5.58939E-06   -1.35222E-04    9.77567E-01    9.76606E-01    9.55568E-01
    1.26779E+04    2.11974E+00    4.38867E-02    1.20822E+04    1.98688E-08    6.62594E-06   -1.40801E-04    9.76606E-01    9.75452E-01    9.53700E-01
    1.28533E+04    2.16923E+00    4.94904E-02    1.20822E+04    2.17991E-08    8.07163E-06   -1.47424E-04    9.75452E-01    9.74026E-01    9.51468E-01
    1.30312E+04    2.22586E+00    5.66315E-02    1.20822E+04    2.42692E-08    1.01979E-05   -1.55452E-04    9.74026E-01    9.72200E-01    9.48736E-01
    1.32115E+04    2.29193E+00    6.60675E-02    1.20822E+04    2.75464E-08    1.35619E-05   -1.65416E-04    9.72200E-01    9.69738E-01    9.45289E-01
    1.33943E+04    2.37106E+00    7.91324E-02    1.20822E+04    3.21004E-08    1.94593E-05   -1.78106E-04    9.69738E-01    9.66156E-01    9.40762E-01
    1.35796E+04    2.46947E+00    9.84090E-02    1.20822E+04    3.88393E-08    3.13925E-05   -1.94561E-04    9.66156E-01    9.60299E-01    9.34504E-01
    1.37675E+04    2.59969E+00    1.30224E-01    1.20822E+04    5.00045E-08    6.05540E-05   -2.15262E-04    9.60299E-01    9.48845E-01    9.25279E-01
    1.39579E+04    2.80615E+00    2.06460E-01    1.20822E+04    7.71319E-08    1.49248E-04   -2.34215E-04    9.48845E-01    9.20223E-01    9.10741E-01
    1.41510E+04    3.10470E+00    2.98552E-01    1.22494E+04    1.08517E-07    2.34394E-04   -2.31466E-04    9.58400E-01    9.12829E-01    9.20223E-01
    1.43468E+04    3.40015E+00    2.95443E-01    1.25908E+04    1.04480E-07    2.95882E-04   -1.30131E-04    9.62228E-01    9.03910E-01    9.40169E-01
