 # rho, F_z,dF_z, z(rho), E2 (=>sigma2=e0^2*E2), Er, Ez, Ui,j , Ui+1,j , Ui,j-1
    2.50000E-01    1.43833E-04    1.43833E-04    0.00000E+00    1.15067E-03    8.65926E-03   -3.27976E-02    9.79272E-01    9.74942E-01    9.62873E-01
    7.40216E-01    4.14181E-04    2.70348E-04    5.00000E-01    7.60209E-04    3.20568E-03   -2.73849E-02    9.88634E-01    9.87094E-01    9.74942E-01
    1.22396E+00    8.41122E-04    4.26941E-04    5.00000E-01    7.16170E-04    1.03278E-03   -2.67414E-02    9.87094E-01    9.86591E-01    9.73724E-01
    1.71438E+00    1.45759E-03    6.16472E-04    5.00000E-01    7.28232E-04    5.77246E-04   -2.69796E-02    9.86591E-01    9.86306E-01    9.73101E-01
    2.21157E+00    2.28474E-03    8.27147E-04    5.00000E-01    7.47126E-04    5.06193E-04   -2.73289E-02    9.86306E-01    9.86053E-01    9.72642E-01
    2.71562E+00    3.34521E-03    1.06047E-03    5.00000E-01    7.69463E-04    5.75801E-04   -2.77332E-02    9.86053E-01    9.85761E-01    9.72186E-01
    3.22663E+00    4.66830E-03    1.32309E-03    5.00000E-01    7.96983E-04    7.49967E-04   -2.82209E-02    9.85761E-01    9.85375E-01    9.71650E-01
    3.74469E+00    6.29444E-03    1.62613E-03    5.00000E-01    8.32522E-04    1.08160E-03   -2.88332E-02    9.85375E-01    9.84811E-01    9.70958E-01
    4.26990E+00    8.28078E-03    1.98634E-03    5.00000E-01    8.79708E-04    1.76453E-03   -2.96073E-02    9.84811E-01    9.83877E-01    9.70007E-01
    4.80235E+00    1.07075E-02    2.42676E-03    5.00000E-01    9.42591E-04    3.42981E-03   -3.05095E-02    9.83877E-01    9.82039E-01    9.68623E-01
    5.34216E+00    1.37112E-02    3.00366E-03    5.00000E-01    1.03450E-03    8.37523E-03   -3.10541E-02    9.82039E-01    9.77487E-01    9.66512E-01
    5.88941E+00    1.61921E-02    2.48088E-03    9.80431E-01    7.64504E-04    5.97226E-03   -2.69970E-02    9.90985E-01    9.87695E-01    9.77487E-01
    6.44421E+00    1.89100E-02    2.71796E-03    9.80431E-01    7.55036E-04    3.64659E-03   -2.72349E-02    9.87695E-01    9.85658E-01    9.74077E-01
    7.00668E+00    2.23027E-02    3.39266E-03    9.80431E-01    8.55008E-04    4.43034E-03   -2.89030E-02    9.85658E-01    9.83149E-01    9.71206E-01
    7.57690E+00    2.66948E-02    4.39206E-03    9.80431E-01    1.00964E-03    9.58787E-03   -3.02937E-02    9.83149E-01    9.77644E-01    9.68002E-01
    8.15499E+00    3.02983E-02    3.60355E-03    1.46749E+00    7.59178E-04    6.65524E-03   -2.67373E-02    9.90489E-01    9.86616E-01    9.77644E-01
    8.74106E+00    3.44745E-02    4.17617E-03    1.46749E+00    8.09652E-04    5.72749E-03   -2.78720E-02    9.86616E-01    9.83236E-01    9.73225E-01
    9.33522E+00    4.01341E-02    5.65967E-03    1.46749E+00    1.01344E-03    1.10417E-02   -2.98584E-02    9.83236E-01    9.76630E-01    9.68891E-01
    9.93758E+00    4.49328E-02    4.79865E-03    1.96127E+00    7.96194E-04    8.50975E-03   -2.69031E-02    9.89734E-01    9.84573E-01    9.76630E-01
    1.05482E+01    5.10071E-02    6.07433E-03    1.96127E+00    9.36582E-04    1.18241E-02   -2.82272E-02    9.84573E-01    9.77303E-01    9.70824E-01
    1.11673E+01    5.60716E-02    5.06445E-03    2.46187E+00    7.27542E-04    8.54208E-03   -2.55847E-02    9.89936E-01    9.84611E-01    9.77303E-01
    1.17950E+01    6.28320E-02    6.76039E-03    2.46187E+00    9.06980E-04    1.21789E-02   -2.75437E-02    9.84611E-01    9.76915E-01    9.71011E-01
    1.24313E+01    6.86421E-02    5.81016E-03    2.96938E+00    7.29530E-04    9.03327E-03   -2.54545E-02    9.89657E-01    9.83870E-01    9.76915E-01
    1.30764E+01    7.67981E-02    8.15598E-03    2.96938E+00    9.60301E-04    1.38694E-02   -2.77118E-02    9.83870E-01    9.74862E-01    9.69998E-01
    1.37304E+01    8.47333E-02    7.93524E-03    3.48388E+00    8.77697E-04    1.45655E-02   -2.57981E-02    9.87955E-01    9.78364E-01    9.74862E-01
    1.43934E+01    9.05733E-02    5.83995E-03    4.00549E+00    6.07801E-04    9.29942E-03   -2.28325E-02    9.90111E-01    9.83903E-01    9.78364E-01
    1.50655E+01    9.98945E-02    9.32124E-03    4.00549E+00    9.14221E-04    1.47804E-02   -2.63773E-02    9.83903E-01    9.73901E-01    9.70332E-01
    1.57470E+01    1.09860E-01    9.96583E-03    4.53430E+00    9.22415E-04    1.65920E-02   -2.54386E-02    9.87170E-01    9.75786E-01    9.73901E-01
    1.64378E+01    1.18858E-01    8.99792E-03    5.07040E+00    7.86966E-04    1.59996E-02   -2.30430E-02    9.87971E-01    9.76842E-01    9.75786E-01
    1.71382E+01    1.27257E-01    8.39889E-03    5.61391E+00    6.94964E-04    1.47598E-02   -2.18429E-02    9.88552E-01    9.78144E-01    9.76842E-01
    1.78482E+01    1.34440E-01    7.18256E-03    6.16491E+00    5.62908E-04    1.03427E-02   -2.13527E-02    9.89749E-01    9.82355E-01    9.78144E-01
    1.85680E+01    1.47865E-01    1.34254E-02    6.16491E+00    9.97612E-04    1.87715E-02   -2.54016E-02    9.82355E-01    9.68750E-01    9.68549E-01
    1.92978E+01    1.55466E-01    7.60085E-03    7.28983E+00    5.36046E-04    1.65629E-02   -1.61777E-02    9.89633E-01    9.77463E-01    9.80596E-01
    2.00377E+01    1.65012E-01    9.54620E-03    7.86396E+00    6.39557E-04    1.62999E-02   -1.93357E-02    9.88413E-01    9.76271E-01    9.77463E-01
    2.07877E+01    1.75772E-01    1.07602E-02    8.44602E+00    6.85421E-04    1.67175E-02   -2.01481E-02    9.87839E-01    9.75214E-01    9.76271E-01
    2.15481E+01    1.87967E-01    1.21946E-02    9.03610E+00    7.39180E-04    1.77275E-02   -2.06135E-02    9.87212E-01    9.73640E-01    9.75214E-01
    2.23190E+01    2.03012E-01    1.50454E-02    9.63433E+00    8.68499E-04    2.06632E-02   -2.10126E-02    9.86039E-01    9.70001E-01    9.73640E-01
    2.31005E+01    2.12401E-01    9.38868E-03    1.08557E+01    5.16499E-04    1.77154E-02   -1.42360E-02    9.89214E-01    9.75274E-01    9.80580E-01
    2.38929E+01    2.27039E-01    1.46377E-02    1.14790E+01    7.67960E-04    2.07934E-02   -1.83192E-02    9.86538E-01    9.69950E-01    9.75274E-01
    2.46961E+01    2.38813E-01    1.17744E-02    1.27516E+01    5.89511E-04    2.02926E-02   -1.33312E-02    9.88365E-01    9.71953E-01    9.79940E-01
    2.55104E+01    2.49962E-01    1.11485E-02    1.40596E+01    5.33002E-04    1.96803E-02   -1.20701E-02    9.88787E-01    9.72651E-01    9.80948E-01
    2.63360E+01    2.61113E-01    1.11516E-02    1.54039E+01    5.09408E-04    1.94916E-02   -1.13792E-02    9.88859E-01    9.72657E-01    9.81263E-01
    2.71730E+01    2.73258E-01    1.21445E-02    1.67856E+01    5.30358E-04    2.02898E-02   -1.08940E-02    9.88515E-01    9.71417E-01    9.81041E-01
    2.80215E+01    2.83157E-01    9.89928E-03    1.89304E+01    4.13509E-04    1.86523E-02   -8.09935E-03    9.89880E-01    9.73945E-01    9.84090E-01
    2.88817E+01    2.92025E-01    8.86746E-03    2.11653E+01    3.54484E-04    1.74289E-02   -7.12155E-03    9.90390E-01    9.75294E-01    9.85085E-01
    2.97538E+01    3.00160E-01    8.13512E-03    2.34940E+01    3.11379E-04    1.64289E-02   -6.43982E-03    9.90731E-01    9.76305E-01    9.85732E-01
    3.06380E+01    3.07634E-01    7.47459E-03    2.59204E+01    2.74059E-04    1.54760E-02   -5.87820E-03    9.91037E-01    9.77260E-01    9.86283E-01
    3.15343E+01    3.14142E-01    6.50812E-03    2.84487E+01    2.28684E-04    1.41215E-02   -5.41005E-03    9.91507E-01    9.78763E-01    9.86948E-01
    3.24430E+01    3.22094E-01    7.95110E-03    3.01929E+01    2.67866E-04    1.50829E-02   -6.35391E-03    9.90441E-01    9.76641E-01    9.84938E-01
    3.33642E+01    3.29097E-01    7.00324E-03    3.29005E+01    2.26296E-04    1.41922E-02   -4.98760E-03    9.91163E-01    9.77999E-01    9.86662E-01
    3.42982E+01    3.35509E-01    6.41183E-03    3.57217E+01    1.98800E-04    1.33604E-02   -4.50542E-03    9.91483E-01    9.78919E-01    9.87246E-01
    3.52451E+01    3.41094E-01    5.58521E-03    3.86614E+01    1.66225E-04    1.22085E-02   -4.14457E-03    9.91937E-01    9.80298E-01    9.87876E-01
    3.62050E+01    3.47738E-01    6.64367E-03    4.06894E+01    1.89864E-04    1.28798E-02   -4.89631E-03    9.91036E-01    9.78588E-01    9.86106E-01
    3.71781E+01    3.53196E-01    5.45860E-03    4.38376E+01    1.49845E-04    1.16331E-02   -3.81000E-03    9.91943E-01    9.80544E-01    9.87945E-01
    3.81647E+01    3.59556E-01    6.35991E-03    4.60094E+01    1.67759E-04    1.21656E-02   -4.44504E-03    9.91147E-01    9.79062E-01    9.86353E-01
    3.91649E+01    3.64682E-01    5.12602E-03    4.93809E+01    1.29966E-04    1.08770E-02   -3.41414E-03    9.92115E-01    9.81162E-01    9.88279E-01
    4.01789E+01    3.70357E-01    5.67470E-03    5.17068E+01    1.38337E-04    1.10601E-02   -4.00127E-03    9.91527E-01    9.80235E-01    9.86906E-01
    4.12069E+01    3.76580E-01    6.22300E-03    5.40974E+01    1.45905E-04    1.13938E-02   -4.01090E-03    9.91134E-01    9.79341E-01    9.86373E-01
    4.22491E+01    3.81490E-01    4.90996E-03    5.78084E+01    1.10751E-04    1.00959E-02   -2.97054E-03    9.92207E-01    9.81613E-01    9.88532E-01
    4.33057E+01    3.86808E-01    5.31874E-03    6.03685E+01    1.15452E-04    1.01674E-02   -3.47488E-03    9.91719E-01    9.80903E-01    9.87302E-01
    4.43768E+01    3.92358E-01    5.54933E-03    6.29998E+01    1.15949E-04    1.01899E-02   -3.48079E-03    9.91520E-01    9.80530E-01    9.86972E-01
    4.54628E+01    3.98278E-01    5.92068E-03    6.57041E+01    1.19110E-04    1.03733E-02   -3.39175E-03    9.91261E-01    9.79920E-01    9.86707E-01
    4.65637E+01    4.02904E-01    4.62506E-03    6.99023E+01    8.96085E-05    9.14061E-03   -2.46125E-03    9.92359E-01    9.82227E-01    9.88915E-01
    4.76798E+01    4.07828E-01    4.92415E-03    7.27985E+01    9.19018E-05    9.14266E-03   -2.88331E-03    9.91958E-01    9.81683E-01    9.87811E-01
    4.88113E+01    4.12838E-01    5.01056E-03    7.57752E+01    9.01033E-05    9.04727E-03   -2.87231E-03    9.91861E-01    9.81554E-01    9.87615E-01
    4.99584E+01    4.17867E-01    5.02839E-03    7.88346E+01    8.71451E-05    8.90600E-03   -2.79792E-03    9.91835E-01    9.81548E-01    9.87584E-01
    5.11214E+01    4.22880E-01    5.01362E-03    8.19791E+01    8.37567E-05    8.74250E-03   -2.70655E-03    9.91838E-01    9.81601E-01    9.87612E-01
    5.23004E+01    4.27858E-01    4.97770E-03    8.52109E+01    8.01756E-05    8.56538E-03   -2.60958E-03    9.91860E-01    9.81692E-01    9.87672E-01
    5.34957E+01    4.32782E-01    4.92362E-03    8.85325E+01    7.64772E-05    8.37689E-03   -2.51094E-03    9.91897E-01    9.81816E-01    9.87755E-01
    5.47074E+01    4.37630E-01    4.84865E-03    9.19465E+01    7.26419E-05    8.17454E-03   -2.41222E-03    9.91951E-01    9.81977E-01    9.87862E-01
    5.59359E+01    4.42371E-01    4.74046E-03    9.54553E+01    6.85158E-05    7.94729E-03   -2.31440E-03    9.92031E-01    9.82201E-01    9.87999E-01
    5.71814E+01    4.46925E-01    4.55392E-03    9.90617E+01    6.35096E-05    7.65362E-03   -2.22074E-03    9.92173E-01    9.82576E-01    9.88196E-01
    5.84440E+01    4.50950E-01    4.02504E-03    1.02768E+02    5.41735E-05    7.03254E-03   -2.17184E-03    9.92583E-01    9.83642E-01    9.88585E-01
    5.97241E+01    4.56884E-01    5.93445E-03    1.04660E+02    7.70966E-05    7.92046E-03   -3.78983E-03    9.90714E-01    9.80506E-01    9.83642E-01
    6.10218E+01    4.61930E-01    5.04617E-03    1.08522E+02    6.32891E-05    7.63916E-03   -2.22090E-03    9.91753E-01    9.81772E-01    9.87494E-01
    6.23374E+01    4.66705E-01    4.77511E-03    1.12492E+02    5.78274E-05    7.33220E-03   -2.01649E-03    9.91997E-01    9.82284E-01    9.88022E-01
    6.36712E+01    4.71223E-01    4.51719E-03    1.16571E+02    5.28290E-05    7.01481E-03   -1.90300E-03    9.92206E-01    9.82785E-01    9.88350E-01
    6.50234E+01    4.75188E-01    3.96593E-03    1.20765E+02    4.47992E-05    6.43319E-03   -1.84749E-03    9.92645E-01    9.83886E-01    9.88798E-01
    6.63943E+01    4.80938E-01    5.74935E-03    1.22905E+02    6.27380E-05    7.19731E-03   -3.30707E-03    9.90867E-01    9.80933E-01    9.83886E-01
    6.77840E+01    4.85763E-01    4.82481E-03    1.27274E+02    5.08679E-05    6.88240E-03   -1.87093E-03    9.91934E-01    9.82304E-01    9.87875E-01
    6.91930E+01    4.90228E-01    4.46583E-03    1.31764E+02    4.54966E-05    6.52924E-03   -1.69282E-03    9.92250E-01    9.82988E-01    9.88476E-01
    7.06214E+01    4.94113E-01    3.88488E-03    1.36380E+02    3.82497E-05    5.96694E-03   -1.62644E-03    9.92727E-01    9.84145E-01    9.88999E-01
    7.20695E+01    4.99662E-01    5.54884E-03    1.38735E+02    5.28061E-05    6.63399E-03   -2.96587E-03    9.91037E-01    9.81364E-01    9.84145E-01
    7.35376E+01    5.04218E-01    4.55612E-03    1.43544E+02    4.19147E-05    6.26416E-03   -1.63555E-03    9.92157E-01    9.82898E-01    9.88252E-01
    7.50259E+01    5.08109E-01    3.89022E-03    1.48487E+02    3.46013E-05    5.68614E-03   -1.50634E-03    9.92729E-01    9.84208E-01    9.89031E-01
    7.65348E+01    5.13602E-01    5.49375E-03    1.51010E+02    4.72483E-05    6.29206E-03   -2.76736E-03    9.91094E-01    9.81535E-01    9.84208E-01
    7.80645E+01    5.18067E-01    4.46483E-03    1.56160E+02    3.71344E-05    5.90790E-03   -1.49368E-03    9.92243E-01    9.83144E-01    9.88423E-01
    7.96153E+01    5.21839E-01    3.77234E-03    1.61453E+02    3.03449E-05    5.33540E-03   -1.37058E-03    9.92846E-01    9.84515E-01    9.89243E-01
    8.11876E+01    5.27081E-01    5.24106E-03    1.64155E+02    4.07802E-05    5.85490E-03   -2.54958E-03    9.91309E-01    9.82040E-01    9.84515E-01
    8.27815E+01    5.31007E-01    3.92682E-03    1.69671E+02    2.95581E-05    5.25768E-03   -1.38379E-03    9.92694E-01    9.84256E-01    9.88904E-01
    8.43974E+01    5.36384E-01    5.37625E-03    1.72486E+02    3.91531E-05    5.73411E-03   -2.50462E-03    9.91210E-01    9.81881E-01    9.84256E-01
    8.60356E+01    5.40372E-01    3.98838E-03    1.78233E+02    2.81048E-05    5.13183E-03   -1.33009E-03    9.92649E-01    9.84184E-01    9.88853E-01
    8.76964E+01    5.45810E-01    5.43807E-03    1.81166E+02    3.70829E-05    5.58940E-03   -2.41691E-03    9.91177E-01    9.81830E-01    9.84184E-01
    8.93802E+01    5.49858E-01    4.04749E-03    1.87154E+02    2.67118E-05    5.01024E-03   -1.26859E-03    9.92610E-01    9.84116E-01    9.88838E-01
    9.10872E+01    5.55392E-01    5.53425E-03    1.90210E+02    3.53515E-05    5.47325E-03   -2.32271E-03    9.91119E-01    9.81712E-01    9.84116E-01
    9.28177E+01    5.59788E-01    4.39577E-03    1.96450E+02    2.71805E-05    5.07846E-03   -1.17889E-03    9.92345E-01    9.83496E-01    9.88692E-01
    9.45721E+01    5.63462E-01    3.67414E-03    2.02863E+02    2.19935E-05    4.56598E-03   -1.07019E-03    9.92981E-01    9.84915E-01    9.89573E-01
    9.63507E+01    5.68454E-01    4.99187E-03    2.06136E+02    2.89306E-05    4.96786E-03   -2.06178E-03    9.91572E-01    9.82675E-01    9.84915E-01
    9.81539E+01    5.72078E-01    3.62472E-03    2.12818E+02    2.03406E-05    4.38040E-03   -1.07364E-03    9.93011E-01    9.85058E-01    9.89448E-01
    9.99820E+01    5.76747E-01    4.66911E-03    2.16229E+02    2.53722E-05    4.61561E-03   -2.01700E-03    9.91843E-01    9.83348E-01    9.85058E-01
    1.01835E+02    5.82398E-01    5.65087E-03    2.19686E+02    2.97379E-05    4.96526E-03   -2.25479E-03    9.91038E-01    9.81773E-01    9.83348E-01
    1.03714E+02    5.86371E-01    3.97294E-03    2.26745E+02    2.02495E-05    4.37553E-03   -1.05083E-03    9.92711E-01    9.84433E-01    9.89027E-01
    1.05619E+02    5.91654E-01    5.28324E-03    2.30347E+02    2.60824E-05    4.71938E-03   -1.95188E-03    9.91370E-01    9.82319E-01    9.84433E-01
    1.07550E+02    5.95507E-01    3.85250E-03    2.37703E+02    1.84233E-05    4.18055E-03   -9.72783E-04    9.92836E-01    9.84708E-01    9.89283E-01
    1.09508E+02    6.00619E-01    5.11179E-03    2.41456E+02    2.36816E-05    4.50495E-03   -1.84040E-03    9.91522E-01    9.82642E-01    9.84708E-01
    1.11492E+02    6.04277E-01    3.65873E-03    2.49120E+02    1.64216E-05    3.94704E-03   -9.17866E-04    9.93018E-01    9.85131E-01    9.89525E-01
    1.13505E+02    6.08938E-01    4.66084E-03    2.53032E+02    2.02689E-05    4.14592E-03   -1.75507E-03    9.91902E-01    9.83503E-01    9.85131E-01
    1.15544E+02    6.14514E-01    5.57578E-03    2.56997E+02    2.34954E-05    4.43524E-03   -1.95552E-03    9.91152E-01    9.82042E-01    9.83503E-01
    1.17612E+02    6.18409E-01    3.89459E-03    2.65093E+02    1.59031E-05    3.88868E-03   -8.83926E-04    9.92821E-01    9.84724E-01    9.89267E-01
    1.19709E+02    6.23518E-01    5.10887E-03    2.69224E+02    2.02171E-05    4.17176E-03   -1.67737E-03    9.91560E-01    9.82753E-01    9.84724E-01
    1.21835E+02    6.27149E-01    3.63140E-03    2.77660E+02    1.39275E-05    3.64145E-03   -8.16930E-04    9.93071E-01    9.85278E-01    9.89649E-01
    1.23989E+02    6.31738E-01    4.58864E-03    2.81965E+02    1.70575E-05    3.81483E-03   -1.58259E-03    9.91999E-01    9.83722E-01    9.85278E-01
    1.26174E+02    6.37171E-01    5.43359E-03    2.86330E+02    1.95786E-05    4.05959E-03   -1.76021E-03    9.91300E-01    9.82371E-01    9.83722E-01
    1.28389E+02    6.40874E-01    3.70309E-03    2.95241E+02    1.29345E-05    3.50995E-03   -7.84061E-04    9.93016E-01    9.85189E-01    9.89546E-01
    1.30634E+02    6.45520E-01    4.64541E-03    2.99788E+02    1.57300E-05    3.66667E-03   -1.51179E-03    9.91971E-01    9.83682E-01    9.85189E-01
    1.32910E+02    6.50988E-01    5.46794E-03    3.04399E+02    1.79504E-05    3.89195E-03   -1.67425E-03    9.91296E-01    9.82376E-01    9.83682E-01
    1.35218E+02    6.54705E-01    3.71711E-03    3.13812E+02    1.18311E-05    3.35987E-03   -7.36471E-04    9.93020E-01    9.85213E-01    9.89577E-01
    1.37558E+02    6.59354E-01    4.64901E-03    3.18616E+02    1.43476E-05    3.50759E-03   -1.42983E-03    9.91988E-01    9.83726E-01    9.85213E-01
    1.39929E+02    6.64810E-01    5.45588E-03    3.23487E+02    1.63270E-05    3.71801E-03   -1.58223E-03    9.91327E-01    9.82448E-01    9.83726E-01
    1.42334E+02    6.68519E-01    3.70988E-03    3.33430E+02    1.07659E-05    3.20799E-03   -6.88996E-04    9.93042E-01    9.85276E-01    9.89640E-01
    1.44772E+02    6.73148E-01    4.62858E-03    3.38505E+02    1.30260E-05    3.34782E-03   -1.34837E-03    9.92025E-01    9.83808E-01    9.85276E-01
    1.47243E+02    6.78566E-01    5.41805E-03    3.43650E+02    1.47878E-05    3.54445E-03   -1.49152E-03    9.91378E-01    9.82558E-01    9.83808E-01
    1.49749E+02    6.82252E-01    3.68611E-03    3.54153E+02    9.75772E-06    3.05680E-03   -6.43210E-04    9.93079E-01    9.85368E-01    9.89724E-01
    1.52289E+02    6.86840E-01    4.58730E-03    3.59514E+02    1.17782E-05    3.18868E-03   -1.26907E-03    9.92078E-01    9.83924E-01    9.85368E-01
    1.54864E+02    6.92194E-01    5.35474E-03    3.64949E+02    1.33360E-05    3.37147E-03   -1.40329E-03    9.91446E-01    9.82705E-01    9.83924E-01
    1.57474E+02    6.95835E-01    3.64057E-03    3.76045E+02    8.79518E-06    2.90447E-03   -5.99359E-04    9.93135E-01    9.85500E-01    9.89832E-01
    1.60121E+02    7.00350E-01    4.51471E-03    3.81708E+02    1.05807E-05    3.02661E-03   -1.19177E-03    9.92157E-01    9.84092E-01    9.85500E-01
    1.62804E+02    7.05595E-01    5.24577E-03    3.87449E+02    1.19268E-05    3.19252E-03   -1.31705E-03    9.91550E-01    9.82925E-01    9.84092E-01
    1.65524E+02    7.09126E-01    3.53113E-03    3.99170E+02    7.78897E-06    2.73451E-03   -5.58064E-04    9.93247E-01    9.85758E-01    9.89999E-01
    1.68282E+02    7.13443E-01    4.31613E-03    4.05152E+02    9.23702E-06    2.82690E-03   -1.11610E-03    9.92343E-01    9.84494E-01    9.85758E-01
    1.71078E+02    7.18267E-01    4.82436E-03    4.11217E+02    1.00177E-05    2.91249E-03   -1.23901E-03    9.91906E-01    9.83707E-01    9.84494E-01
    1.73912E+02    7.23671E-01    5.40426E-03    4.17365E+02    1.08887E-05    3.04303E-03   -1.27620E-03    9.91447E-01    9.82762E-01    9.83707E-01
    1.76786E+02    7.27241E-01    3.56943E-03    4.29917E+02    6.97864E-06    2.58956E-03   -5.22328E-04    9.93228E-01    9.85735E-01    9.89972E-01
    1.79699E+02    7.31579E-01    4.33869E-03    4.36324E+02    8.23151E-06    2.67154E-03   -1.04614E-03    9.92346E-01    9.84510E-01    9.85735E-01
    1.82653E+02    7.36405E-01    4.82550E-03    4.42818E+02    8.88446E-06    2.74654E-03   -1.15801E-03    9.91929E-01    9.83762E-01    9.84510E-01
    1.85647E+02    7.41783E-01    5.37862E-03    4.49403E+02    9.61050E-06    2.86252E-03   -1.19017E-03    9.91492E-01    9.82862E-01    9.83762E-01
    1.88682E+02    7.45315E-01    3.53152E-03    4.62846E+02    6.12409E-06    2.42728E-03   -4.82097E-04    9.93280E-01    9.85861E-01    9.90062E-01
    1.91760E+02    7.49575E-01    4.26044E-03    4.69706E+02    7.17060E-06    2.49537E-03   -9.71455E-04    9.92436E-01    9.84704E-01    9.85861E-01
    1.94879E+02    7.54249E-01    4.67375E-03    4.76662E+02    7.63494E-06    2.54557E-03   -1.07471E-03    9.92077E-01    9.84081E-01    9.84704E-01
    1.98042E+02    7.59272E-01    5.02245E-03    4.83713E+02    7.96363E-06    2.59487E-03   -1.10919E-03    9.91796E-01    9.83533E-01    9.84081E-01
    2.01249E+02    7.64791E-01    5.51923E-03    4.90862E+02    8.49467E-06    2.69179E-03   -1.11756E-03    9.91413E-01    9.82723E-01    9.83533E-01
    2.04499E+02    7.68403E-01    3.61198E-03    5.05457E+02    5.39637E-06    2.28028E-03   -4.43522E-04    9.93228E-01    9.85764E-01    9.90013E-01
    2.07795E+02    7.72765E-01    4.36238E-03    5.12906E+02    6.32681E-06    2.34893E-03   -8.99642E-04    9.92374E-01    9.84580E-01    9.85764E-01
    2.11136E+02    7.77590E-01    4.82483E-03    5.20457E+02    6.79302E-06    2.40957E-03   -9.93466E-04    9.91980E-01    9.83874E-01    9.84580E-01
    2.14523E+02    7.82938E-01    5.34769E-03    5.28113E+02    7.30942E-06    2.50430E-03   -1.01878E-03    9.91568E-01    9.83027E-01    9.83874E-01
    2.17957E+02    7.86450E-01    3.51256E-03    5.43743E+02    4.66114E-06    2.12077E-03   -4.04321E-04    9.93335E-01    9.86002E-01    9.90197E-01
    2.21439E+02    7.90667E-01    4.21683E-03    5.51721E+02    5.43275E-06    2.17876E-03   -8.28109E-04    9.92518E-01    9.84881E-01    9.86002E-01
    2.24968E+02    7.95272E-01    4.60490E-03    5.59808E+02    5.76015E-06    2.21874E-03   -9.15059E-04    9.92181E-01    9.84297E-01    9.84881E-01
    2.28546E+02    8.00196E-01    4.92446E-03    5.68007E+02    5.98091E-06    2.25652E-03   -9.42883E-04    9.91922E-01    9.83793E-01    9.84297E-01
    2.32174E+02    8.05574E-01    5.37777E-03    5.76319E+02    6.34191E-06    2.33285E-03   -9.48527E-04    9.91569E-01    9.83049E-01    9.83793E-01
    2.35851E+02    8.09071E-01    3.49665E-03    5.93288E+02    4.00398E-06    1.96658E-03   -3.69525E-04    9.93367E-01    9.86085E-01    9.90253E-01
    2.39579E+02    8.13243E-01    4.17235E-03    6.01949E+02    4.63935E-06    2.01531E-03   -7.60182E-04    9.92580E-01    9.85014E-01    9.86085E-01
    2.43359E+02    8.17763E-01    4.51999E-03    6.10730E+02    4.88048E-06    2.04391E-03   -8.38397E-04    9.92276E-01    9.84497E-01    9.85014E-01
    2.47191E+02    8.22531E-01    4.76742E-03    6.19631E+02    4.99887E-06    2.06260E-03   -8.62872E-04    9.92074E-01    9.84116E-01    9.84497E-01
    2.51076E+02    8.27554E-01    5.02345E-03    6.28656E+02    5.11524E-06    2.08713E-03   -8.71277E-04    9.91872E-01    9.83708E-01    9.84116E-01
    2.55014E+02    8.32994E-01    5.43967E-03    6.37805E+02    5.37929E-06    2.15030E-03   -8.69187E-04    9.91552E-01    9.83025E-01    9.83708E-01
    2.59007E+02    8.36516E-01    3.52202E-03    6.56483E+02    3.38256E-06    1.80866E-03   -3.33651E-04    9.93365E-01    9.86094E-01    9.90270E-01
    2.63055E+02    8.40706E-01    4.18976E-03    6.66016E+02    3.90800E-06    1.85222E-03   -6.90866E-04    9.92590E-01    9.85042E-01    9.86094E-01
    2.67158E+02    8.45233E-01    4.52744E-03    6.75681E+02    4.10151E-06    1.87679E-03   -7.61019E-04    9.92296E-01    9.84542E-01    9.85042E-01
    2.71319E+02    8.49998E-01    4.76511E-03    6.85479E+02    4.19277E-06    1.89228E-03   -7.82336E-04    9.92103E-01    9.84176E-01    9.84542E-01
    2.75536E+02    8.55009E-01    5.01101E-03    6.95412E+02    4.28254E-06    1.91304E-03   -7.89195E-04    9.91909E-01    9.83785E-01    9.84176E-01
    2.79812E+02    8.60423E-01    5.41415E-03    7.05482E+02    4.49434E-06    1.96862E-03   -7.86687E-04    9.91599E-01    9.83124E-01    9.83785E-01
    2.84147E+02    8.63932E-01    3.50881E-03    7.26041E+02    2.82922E-06    1.65524E-03   -2.98987E-04    9.93397E-01    9.86172E-01    9.90345E-01
    2.88542E+02    8.68097E-01    4.16505E-03    7.36534E+02    3.26219E-06    1.69478E-03   -6.24421E-04    9.92635E-01    9.85136E-01    9.86172E-01
    2.92998E+02    8.72589E-01    4.49230E-03    7.47172E+02    3.41784E-06    1.71616E-03   -6.87491E-04    9.92350E-01    9.84651E-01    9.85136E-01
    2.97514E+02    8.77309E-01    4.71940E-03    7.57957E+02    3.48797E-06    1.72892E-03   -7.06257E-04    9.92164E-01    9.84301E-01    9.84651E-01
    3.02094E+02    8.82262E-01    4.95273E-03    7.68890E+02    3.55586E-06    1.74613E-03   -7.11953E-04    9.91979E-01    9.83929E-01    9.84301E-01
    3.06736E+02    8.87598E-01    5.33682E-03    7.79974E+02    3.72226E-06    1.79423E-03   -7.09219E-04    9.91683E-01    9.83296E-01    9.83929E-01
    3.11443E+02    8.91051E-01    3.45299E-03    8.02604E+02    2.33967E-06    1.50612E-03   -2.66994E-04    9.93466E-01    9.86329E-01    9.90465E-01
    3.16214E+02    8.95133E-01    4.08116E-03    8.14153E+02    2.68650E-06    1.53976E-03   -5.61834E-04    9.92729E-01    9.85332E-01    9.86329E-01
    3.21051E+02    8.99509E-01    4.37646E-03    8.25862E+02    2.79886E-06    1.55467E-03   -6.17946E-04    9.92469E-01    9.84897E-01    9.85332E-01
    3.25955E+02    9.04065E-01    4.55618E-03    8.37732E+02    2.83089E-06    1.55850E-03   -6.34012E-04    9.92320E-01    9.84625E-01    9.84897E-01
    3.30927E+02    9.08765E-01    4.69950E-03    8.49766E+02    2.83692E-06    1.55854E-03   -6.38643E-04    9.92206E-01    9.84404E-01    9.84625E-01
    3.35967E+02    9.13609E-01    4.84385E-03    8.61967E+02    2.84099E-06    1.55974E-03   -6.38900E-04    9.92093E-01    9.84178E-01    9.84404E-01
    3.41077E+02    9.18640E-01    5.03123E-03    8.74335E+02    2.86711E-06    1.56892E-03   -6.36872E-04    9.91948E-01    9.83876E-01    9.84178E-01
    3.46258E+02    9.24024E-01    5.38432E-03    8.86875E+02    2.98128E-06    1.60730E-03   -6.30777E-04    9.91678E-01    9.83294E-01    9.83876E-01
    3.51510E+02    9.27496E-01    3.47189E-03    9.12475E+02    1.86787E-06    1.34648E-03   -2.34249E-04    9.93470E-01    9.86350E-01    9.90492E-01
    3.56834E+02    9.31587E-01    4.09128E-03    9.25541E+02    2.13875E-06    1.37565E-03   -4.96321E-04    9.92747E-01    9.85372E-01    9.86350E-01
    3.62232E+02    9.35964E-01    4.37654E-03    9.38787E+02    2.22310E-06    1.38774E-03   -5.45240E-04    9.92496E-01    9.84954E-01    9.85372E-01
    3.67704E+02    9.40511E-01    4.54680E-03    9.52216E+02    2.24424E-06    1.38997E-03   -5.58783E-04    9.92356E-01    9.84697E-01    9.84954E-01
    3.73252E+02    9.45192E-01    4.68101E-03    9.65830E+02    2.24516E-06    1.38887E-03   -5.62323E-04    9.92249E-01    9.84490E-01    9.84697E-01
    3.78876E+02    9.50008E-01    4.81600E-03    9.79632E+02    2.24464E-06    1.38878E-03   -5.62072E-04    9.92143E-01    9.84278E-01    9.84490E-01
    3.84578E+02    9.55000E-01    4.99272E-03    9.93624E+02    2.26129E-06    1.39566E-03   -5.59852E-04    9.92005E-01    9.83992E-01    9.84278E-01
    3.90359E+02    9.60331E-01    5.33063E-03    1.00781E+03    2.34621E-06    1.42800E-03   -5.54109E-04    9.91746E-01    9.83434E-01    9.83992E-01
    3.96220E+02    9.63768E-01    3.43715E-03    1.03677E+03    1.47016E-06    1.19525E-03   -2.03768E-04    9.93522E-01    9.86469E-01    9.90591E-01
    4.02161E+02    9.67807E-01    4.03858E-03    1.05155E+03    1.67871E-06    1.22033E-03   -4.35316E-04    9.92816E-01    9.85516E-01    9.86469E-01
    4.08184E+02    9.72113E-01    4.30668E-03    1.06654E+03    1.73973E-06    1.22939E-03   -4.77851E-04    9.92579E-01    9.85123E-01    9.85516E-01
    4.14291E+02    9.76570E-01    4.45703E-03    1.08173E+03    1.74978E-06    1.22900E-03   -4.89216E-04    9.92454E-01    9.84898E-01    9.85123E-01
    4.20481E+02    9.81134E-01    4.56382E-03    1.09713E+03    1.74130E-06    1.22453E-03   -4.91757E-04    9.92368E-01    9.84736E-01    9.84898E-01
    4.26758E+02    9.85789E-01    4.65471E-03    1.11274E+03    1.72604E-06    1.21861E-03   -4.90956E-04    9.92297E-01    9.84596E-01    9.84736E-01
    4.33120E+02    9.90534E-01    4.74547E-03    1.12857E+03    1.71024E-06    1.21303E-03   -4.88681E-04    9.92227E-01    9.84456E-01    9.84596E-01
    4.39571E+02    9.95387E-01    4.85257E-03    1.14462E+03    1.69972E-06    1.20988E-03   -4.85698E-04    9.92144E-01    9.84286E-01    9.84456E-01
    4.46111E+02    1.00040E+00    5.00858E-03    1.16089E+03    1.70512E-06    1.21353E-03   -4.82138E-04    9.92023E-01    9.84033E-01    9.84286E-01
    4.52741E+02    1.00572E+00    5.32746E-03    1.17738E+03    1.76279E-06    1.23939E-03   -4.76136E-04    9.91779E-01    9.83506E-01    9.84033E-01
    4.59462E+02    1.00916E+00    3.43209E-03    1.21106E+03    1.10379E-06    1.03625E-03   -1.73143E-04    9.93549E-01    9.86536E-01    9.90654E-01
    4.66276E+02    1.01318E+00    4.02209E-03    1.22824E+03    1.25729E-06    1.05749E-03   -3.72840E-04    9.92856E-01    9.85601E-01    9.86536E-01
    4.73184E+02    1.01746E+00    4.27920E-03    1.24567E+03    1.30019E-06    1.06441E-03   -4.08917E-04    9.92629E-01    9.85225E-01    9.85601E-01
    4.80188E+02    1.02188E+00    4.41878E-03    1.26333E+03    1.30500E-06    1.06305E-03   -4.18245E-04    9.92513E-01    9.85017E-01    9.85225E-01
    4.87288E+02    1.02639E+00    4.51386E-03    1.28124E+03    1.29578E-06    1.05799E-03   -4.20042E-04    9.92436E-01    9.84873E-01    9.85017E-01
    4.94486E+02    1.03098E+00    4.59061E-03    1.29939E+03    1.28095E-06    1.05138E-03   -4.18986E-04    9.92376E-01    9.84756E-01    9.84873E-01
    5.01783E+02    1.03564E+00    4.66205E-03    1.31780E+03    1.26452E-06    1.04446E-03   -4.16666E-04    9.92320E-01    9.84646E-01    9.84756E-01
    5.09181E+02    1.04038E+00    4.73836E-03    1.33646E+03    1.24930E-06    1.03832E-03   -4.13757E-04    9.92261E-01    9.84527E-01    9.84646E-01
    5.16682E+02    1.04521E+00    4.83334E-03    1.35537E+03    1.23875E-06    1.03450E-03   -4.10568E-04    9.92188E-01    9.84376E-01    9.84527E-01
    5.24285E+02    1.05019E+00    4.97765E-03    1.37455E+03    1.24012E-06    1.03654E-03   -4.07064E-04    9.92076E-01    9.84141E-01    9.84376E-01
    5.31994E+02    1.05547E+00    5.28197E-03    1.39399E+03    1.27922E-06    1.05732E-03   -4.01621E-04    9.91843E-01    9.83636E-01    9.84141E-01
    5.39809E+02    1.05888E+00    3.40464E-03    1.43369E+03    8.01554E-07    8.83546E-04   -1.44570E-04    9.93595E-01    9.86643E-01    9.90745E-01
    5.47732E+02    1.06286E+00    3.98068E-03    1.45395E+03    9.11044E-07    9.01360E-04   -3.13995E-04    9.92917E-01    9.85727E-01    9.86643E-01
    5.55764E+02    1.06708E+00    4.22634E-03    1.47448E+03    9.40311E-07    9.06570E-04   -3.44154E-04    9.92699E-01    9.85367E-01    9.85727E-01
    5.63907E+02    1.07144E+00    4.35514E-03    1.49530E+03    9.41976E-07    9.04581E-04   -3.51723E-04    9.92591E-01    9.85174E-01    9.85367E-01
    5.72163E+02    1.07588E+00    4.43862E-03    1.51641E+03    9.33302E-07    8.99294E-04   -3.52948E-04    9.92523E-01    9.85048E-01    9.85174E-01
    5.80532E+02    1.08038E+00    4.50159E-03    1.53781E+03    9.20197E-07    8.92447E-04   -3.51759E-04    9.92473E-01    9.84953E-01    9.85048E-01
    5.89017E+02    1.08494E+00    4.55509E-03    1.55951E+03    9.05228E-07    8.84924E-04   -3.49481E-04    9.92432E-01    9.84872E-01    9.84953E-01
    5.97619E+02    1.08954E+00    4.60558E-03    1.58150E+03    8.89807E-07    8.77283E-04   -3.46673E-04    9.92393E-01    9.84795E-01    9.84872E-01
    6.06340E+02    1.09420E+00    4.65836E-03    1.60380E+03    8.74986E-07    8.70009E-04   -3.43613E-04    9.92353E-01    9.84714E-01    9.84795E-01
    6.15181E+02    1.09892E+00    4.72001E-03    1.62641E+03    8.61930E-07    8.63723E-04   -3.40460E-04    9.92305E-01    9.84617E-01    9.84714E-01
    6.24144E+02    1.10372E+00    4.80229E-03    1.64933E+03    8.52595E-07    8.59552E-04   -3.37292E-04    9.92242E-01    9.84485E-01    9.84617E-01
    6.33230E+02    1.10866E+00    4.93413E-03    1.67256E+03    8.51679E-07    8.60307E-04   -3.33993E-04    9.92139E-01    9.84268E-01    9.84485E-01
    6.42442E+02    1.11388E+00    5.22275E-03    1.69612E+03    8.76476E-07    8.76416E-04   -3.29198E-04    9.91917E-01    9.83788E-01    9.84268E-01
    6.51782E+02    1.11725E+00    3.36762E-03    1.74420E+03    5.49470E-07    7.31924E-04   -1.17291E-04    9.93650E-01    9.86767E-01    9.90849E-01
    6.61250E+02    1.12117E+00    3.92811E-03    1.76875E+03    6.23144E-07    7.46413E-04   -2.56928E-04    9.92987E-01    9.85872E-01    9.86767E-01
    6.70849E+02    1.12534E+00    4.16179E-03    1.79363E+03    6.41909E-07    7.50147E-04   -2.81405E-04    9.92779E-01    9.85529E-01    9.85872E-01
    6.80580E+02    1.12962E+00    4.27994E-03    1.81886E+03    6.41837E-07    7.47841E-04   -2.87351E-04    9.92679E-01    9.85351E-01    9.85529E-01
    6.90445E+02    1.13397E+00    4.35268E-03    1.84443E+03    6.34660E-07    7.42733E-04   -2.88111E-04    9.92619E-01    9.85242E-01    9.85351E-01
    7.00447E+02    1.13837E+00    4.40386E-03    1.87036E+03    6.24337E-07    7.36227E-04   -2.86893E-04    9.92578E-01    9.85165E-01    9.85242E-01
    7.10587E+02    1.14282E+00    4.44357E-03    1.89664E+03    6.12525E-07    7.28994E-04   -2.84769E-04    9.92548E-01    9.85105E-01    9.85165E-01
    7.20866E+02    1.14729E+00    4.47690E-03    1.92329E+03    6.00038E-07    7.21395E-04   -2.82184E-04    9.92522E-01    9.85056E-01    9.85105E-01
    7.31288E+02    1.15180E+00    4.50684E-03    1.95030E+03    5.87338E-07    7.13652E-04   -2.79354E-04    9.92500E-01    9.85011E-01    9.85056E-01
    7.41853E+02    1.15634E+00    4.53554E-03    1.97769E+03    5.74728E-07    7.05926E-04   -2.76400E-04    9.92478E-01    9.84969E-01    9.85011E-01
    7.52564E+02    1.16090E+00    4.56485E-03    2.00546E+03    5.62448E-07    6.98359E-04   -2.73393E-04    9.92457E-01    9.84925E-01    9.84969E-01
    7.63423E+02    1.16550E+00    4.59690E-03    2.03361E+03    5.50741E-07    6.91110E-04   -2.70385E-04    9.92433E-01    9.84876E-01    9.84925E-01
    7.74432E+02    1.17013E+00    4.63469E-03    2.06214E+03    5.39924E-07    6.84406E-04   -2.67417E-04    9.92404E-01    9.84818E-01    9.84876E-01
    7.85593E+02    1.17481E+00    4.68336E-03    2.09107E+03    5.30521E-07    6.78638E-04   -2.64521E-04    9.92366E-01    9.84740E-01    9.84818E-01
    7.96907E+02    1.17957E+00    4.75357E-03    2.12040E+03    5.23604E-07    6.74623E-04   -2.61703E-04    9.92312E-01    9.84626E-01    9.84740E-01
    8.08378E+02    1.18444E+00    4.87297E-03    2.15014E+03    5.21937E-07    6.74489E-04   -2.58846E-04    9.92218E-01    9.84428E-01    9.84626E-01
    8.20007E+02    1.18959E+00    5.14530E-03    2.18028E+03    5.35894E-07    6.86241E-04   -2.54887E-04    9.92008E-01    9.83972E-01    9.84428E-01
    8.31797E+02    1.19291E+00    3.31893E-03    2.24183E+03    3.36136E-07    5.72762E-04   -8.98843E-05    9.93718E-01    9.86919E-01    9.90971E-01
    8.43749E+02    1.19677E+00    3.86242E-03    2.27324E+03    3.80389E-07    5.83910E-04   -1.98589E-04    9.93072E-01    9.86045E-01    9.86919E-01
    8.55867E+02    1.20085E+00    4.08417E-03    2.30508E+03    3.91135E-07    5.86424E-04   -2.17353E-04    9.92872E-01    9.85718E-01    9.86045E-01
    8.68151E+02    1.20504E+00    4.19260E-03    2.33737E+03    3.90450E-07    5.84184E-04   -2.21764E-04    9.92780E-01    9.85554E-01    9.85718E-01
    8.80605E+02    1.20930E+00    4.25639E-03    2.37010E+03    3.85465E-07    5.79743E-04   -2.22178E-04    9.92727E-01    9.85457E-01    9.85554E-01
    8.93231E+02    1.21360E+00    4.29873E-03    2.40328E+03    3.78572E-07    5.74195E-04   -2.21071E-04    9.92693E-01    9.85393E-01    9.85457E-01
    9.06031E+02    1.21793E+00    4.32930E-03    2.43692E+03    3.70762E-07    5.68053E-04   -2.19265E-04    9.92669E-01    9.85348E-01    9.85393E-01
    9.19008E+02    1.22228E+00    4.35283E-03    2.47102E+03    3.62510E-07    5.61585E-04   -2.17101E-04    9.92651E-01    9.85313E-01    9.85348E-01
    9.32164E+02    1.22665E+00    4.37193E-03    2.50559E+03    3.54076E-07    5.54943E-04   -2.14741E-04    9.92636E-01    9.85286E-01    9.85313E-01
    9.45501E+02    1.23104E+00    4.38816E-03    2.54064E+03    3.45608E-07    5.48223E-04   -2.12272E-04    9.92625E-01    9.85263E-01    9.85286E-01
    9.59023E+02    1.23544E+00    4.40261E-03    2.57618E+03    3.37204E-07    5.41489E-04   -2.09745E-04    9.92614E-01    9.85243E-01    9.85263E-01
    9.72731E+02    1.23986E+00    4.41607E-03    2.61220E+03    3.28929E-07    5.34790E-04   -2.07192E-04    9.92605E-01    9.85224E-01    9.85243E-01
    9.86628E+02    1.24429E+00    4.42923E-03    2.64873E+03    3.20834E-07    5.28165E-04   -2.04636E-04    9.92596E-01    9.85205E-01    9.85224E-01
    1.00072E+03    1.24873E+00    4.44275E-03    2.68575E+03    3.12964E-07    5.21654E-04   -2.02093E-04    9.92586E-01    9.85186E-01    9.85205E-01
    1.01500E+03    1.25319E+00    4.45744E-03    2.72329E+03    3.05366E-07    5.15301E-04   -1.99576E-04    9.92576E-01    9.85165E-01    9.85186E-01
    1.02948E+03    1.25766E+00    4.47430E-03    2.76134E+03    2.98096E-07    5.09165E-04   -1.97097E-04    9.92564E-01    9.85140E-01    9.85165E-01
    1.04416E+03    1.26216E+00    4.49488E-03    2.79992E+03    2.91237E-07    5.03330E-04   -1.94670E-04    9.92548E-01    9.85108E-01    9.85140E-01
    1.05904E+03    1.26668E+00    4.52169E-03    2.83904E+03    2.84926E-07    4.97939E-04   -1.92307E-04    9.92528E-01    9.85066E-01    9.85108E-01
    1.07413E+03    1.27124E+00    4.55942E-03    2.87869E+03    2.79412E-07    4.93258E-04   -1.90021E-04    9.92498E-01    9.85005E-01    9.85066E-01
    1.08943E+03    1.27586E+00    4.61808E-03    2.91889E+03    2.75234E-07    4.89859E-04   -1.87810E-04    9.92452E-01    9.84907E-01    9.85005E-01
    1.10494E+03    1.28058E+00    4.72386E-03    2.95964E+03    2.73809E-07    4.89252E-04   -1.85585E-04    9.92368E-01    9.84729E-01    9.84907E-01
    1.12066E+03    1.28556E+00    4.97548E-03    3.00096E+03    2.80477E-07    4.97130E-04   -1.82590E-04    9.92170E-01    9.84301E-01    9.84729E-01
    1.13660E+03    1.28877E+00    3.20963E-03    3.08531E+03    1.75968E-07    4.14615E-04   -6.37340E-05    9.93843E-01    9.87190E-01    9.91174E-01
    1.15276E+03    1.29249E+00    3.72599E-03    3.12836E+03    1.98671E-07    4.22499E-04   -1.42008E-04    9.93220E-01    9.86346E-01    9.87190E-01
    1.16914E+03    1.29642E+00    3.93131E-03    3.17200E+03    2.03869E-07    4.23971E-04   -1.55296E-04    9.93032E-01    9.86039E-01    9.86346E-01
    1.18574E+03    1.30045E+00    4.02752E-03    3.21625E+03    2.03130E-07    4.21984E-04   -1.58300E-04    9.92948E-01    9.85892E-01    9.86039E-01
    1.20258E+03    1.30453E+00    4.08069E-03    3.26111E+03    2.00167E-07    4.18402E-04   -1.58453E-04    9.92903E-01    9.85810E-01    9.85892E-01
    1.21965E+03    1.30865E+00    4.11304E-03    3.30659E+03    1.96223E-07    4.14016E-04   -1.57523E-04    9.92876E-01    9.85761E-01    9.85810E-01
    1.23696E+03    1.31278E+00    4.13381E-03    3.35269E+03    1.91808E-07    4.09196E-04   -1.56096E-04    9.92860E-01    9.85730E-01    9.85761E-01
    1.25450E+03    1.31693E+00    4.14744E-03    3.39943E+03    1.87166E-07    4.04132E-04   -1.54414E-04    9.92849E-01    9.85711E-01    9.85730E-01
    1.27228E+03    1.32108E+00    4.15635E-03    3.44682E+03    1.82428E-07    3.98930E-04   -1.52590E-04    9.92843E-01    9.85699E-01    9.85711E-01
    1.29032E+03    1.32525E+00    4.16194E-03    3.49486E+03    1.77669E-07    3.93654E-04   -1.50686E-04    9.92839E-01    9.85693E-01    9.85699E-01
    1.30860E+03    1.32941E+00    4.16510E-03    3.54356E+03    1.72934E-07    3.88344E-04   -1.48736E-04    9.92838E-01    9.85690E-01    9.85693E-01
    1.32713E+03    1.33358E+00    4.16640E-03    3.59293E+03    1.68251E-07    3.83029E-04   -1.46763E-04    9.92838E-01    9.85691E-01    9.85690E-01
    1.34592E+03    1.33774E+00    4.16625E-03    3.64299E+03    1.63638E-07    3.77726E-04   -1.44779E-04    9.92840E-01    9.85694E-01    9.85691E-01
    1.36496E+03    1.34191E+00    4.16494E-03    3.69374E+03    1.59108E-07    3.72448E-04   -1.42794E-04    9.92842E-01    9.85699E-01    9.85694E-01
    1.38427E+03    1.34607E+00    4.16269E-03    3.74518E+03    1.54669E-07    3.67206E-04   -1.40815E-04    9.92845E-01    9.85706E-01    9.85699E-01
    1.40385E+03    1.35023E+00    4.15966E-03    3.79734E+03    1.50327E-07    3.62007E-04   -1.38845E-04    9.92849E-01    9.85714E-01    9.85706E-01
    1.42370E+03    1.35439E+00    4.15600E-03    3.85022E+03    1.46085E-07    3.56856E-04   -1.36889E-04    9.92853E-01    9.85722E-01    9.85714E-01
    1.44382E+03    1.35854E+00    4.15183E-03    3.90382E+03    1.41946E-07    3.51759E-04   -1.34950E-04    9.92858E-01    9.85732E-01    9.85722E-01
    1.46421E+03    1.36269E+00    4.14728E-03    3.95817E+03    1.37912E-07    3.46721E-04   -1.33028E-04    9.92863E-01    9.85742E-01    9.85732E-01
    1.48489E+03    1.36683E+00    4.14247E-03    4.01327E+03    1.33984E-07    3.41746E-04   -1.31127E-04    9.92869E-01    9.85753E-01    9.85742E-01
    1.50586E+03    1.37097E+00    4.13752E-03    4.06912E+03    1.30165E-07    3.36838E-04   -1.29247E-04    9.92874E-01    9.85764E-01    9.85753E-01
    1.52711E+03    1.37510E+00    4.13259E-03    4.12575E+03    1.26455E-07    3.32004E-04   -1.27391E-04    9.92879E-01    9.85775E-01    9.85764E-01
    1.54866E+03    1.37923E+00    4.12787E-03    4.18316E+03    1.22858E-07    3.27250E-04   -1.25559E-04    9.92885E-01    9.85785E-01    9.85775E-01
    1.57051E+03    1.38335E+00    4.12361E-03    4.24136E+03    1.19377E-07    3.22586E-04   -1.23754E-04    9.92889E-01    9.85794E-01    9.85785E-01
    1.59265E+03    1.38747E+00    4.12017E-03    4.30037E+03    1.16017E-07    3.18023E-04   -1.21978E-04    9.92893E-01    9.85802E-01    9.85794E-01
    1.61511E+03    1.39159E+00    4.11805E-03    4.36018E+03    1.12789E-07    3.13581E-04   -1.20233E-04    9.92896E-01    9.85807E-01    9.85802E-01
    1.63787E+03    1.39571E+00    4.11801E-03    4.42083E+03    1.09707E-07    3.09288E-04   -1.18523E-04    9.92897E-01    9.85809E-01    9.85807E-01
    1.66094E+03    1.39983E+00    4.12130E-03    4.48231E+03    1.06795E-07    3.05189E-04   -1.16853E-04    9.92896E-01    9.85805E-01    9.85809E-01
    1.68434E+03    1.40396E+00    4.13004E-03    4.54464E+03    1.04099E-07    3.01365E-04   -1.15228E-04    9.92889E-01    9.85790E-01    9.85805E-01
    1.70806E+03    1.40811E+00    4.14830E-03    4.60783E+03    1.01703E-07    2.97970E-04   -1.13653E-04    9.92874E-01    9.85759E-01    9.85790E-01
    1.73210E+03    1.41229E+00    4.18482E-03    4.67189E+03    9.97973E-08    2.95338E-04   -1.12127E-04    9.92844E-01    9.85694E-01    9.85759E-01
    1.75648E+03    1.41655E+00    4.26261E-03    4.73684E+03    9.88772E-08    2.94357E-04   -1.10595E-04    9.92779E-01    9.85554E-01    9.85694E-01
    1.78119E+03    1.42102E+00    4.46854E-03    4.80268E+03    1.00824E-07    2.98374E-04   -1.08615E-04    9.92609E-01    9.85184E-01    9.85554E-01
    1.80624E+03    1.42389E+00    2.86922E-03    4.93710E+03    6.29716E-08    2.48125E-04   -3.74939E-05    9.94199E-01    9.87940E-01    9.91696E-01
    1.83164E+03    1.42721E+00    3.31582E-03    5.00571E+03    7.07873E-08    2.52433E-04   -8.40525E-05    9.93628E-01    9.87172E-01    9.87940E-01
    1.85739E+03    1.43069E+00    3.48272E-03    5.07526E+03    7.23217E-08    2.52797E-04   -9.17343E-05    9.93466E-01    9.86912E-01    9.87172E-01
    1.88350E+03    1.43424E+00    3.55186E-03    5.14577E+03    7.17449E-08    2.51073E-04   -9.33116E-05    9.93402E-01    9.86802E-01    9.86912E-01
    1.90996E+03    1.43782E+00    3.58223E-03    5.21725E+03    7.03844E-08    2.48390E-04   -9.32030E-05    9.93374E-01    9.86755E-01    9.86802E-01
    1.93680E+03    1.44142E+00    3.59363E-03    5.28973E+03    6.86825E-08    2.45223E-04   -9.24552E-05    9.93365E-01    9.86740E-01    9.86755E-01
    1.96400E+03    1.44501E+00    3.59424E-03    5.36320E+03    6.68207E-08    2.41794E-04   -9.14142E-05    9.93365E-01    9.86743E-01    9.86740E-01
    1.99157E+03    1.44860E+00    3.58801E-03    5.43768E+03    6.48858E-08    2.38214E-04   -9.02215E-05    9.93371E-01    9.86757E-01    9.86743E-01
    2.01953E+03    1.45218E+00    3.57705E-03    5.51320E+03    6.29237E-08    2.34548E-04   -8.89446E-05    9.93382E-01    9.86780E-01    9.86757E-01
    2.04787E+03    1.45574E+00    3.56258E-03    5.58975E+03    6.09605E-08    2.30832E-04   -8.76190E-05    9.93396E-01    9.86809E-01    9.86780E-01
    2.07661E+03    1.45928E+00    3.54535E-03    5.66736E+03    5.90119E-08    2.27091E-04   -8.62651E-05    9.93413E-01    9.86843E-01    9.86809E-01
    2.10574E+03    1.46281E+00    3.52584E-03    5.74605E+03    5.70875E-08    2.23339E-04   -8.48951E-05    9.93432E-01    9.86882E-01    9.86843E-01
    2.13527E+03    1.46631E+00    3.50438E-03    5.82582E+03    5.51936E-08    2.19587E-04   -8.35169E-05    9.93453E-01    9.86923E-01    9.86882E-01
    2.16521E+03    1.46980E+00    3.48119E-03    5.90669E+03    5.33341E-08    2.15842E-04   -8.21358E-05    9.93475E-01    9.86969E-01    9.86923E-01
    2.19557E+03    1.47325E+00    3.45640E-03    5.98867E+03    5.15114E-08    2.12109E-04   -8.07551E-05    9.93499E-01    9.87017E-01    9.86969E-01
    2.22634E+03    1.47668E+00    3.43013E-03    6.07179E+03    4.97271E-08    2.08390E-04   -7.93772E-05    9.93525E-01    9.87068E-01    9.87017E-01
    2.25753E+03    1.48008E+00    3.40244E-03    6.15605E+03    4.79819E-08    2.04688E-04   -7.80039E-05    9.93552E-01    9.87122E-01    9.87068E-01
    2.28916E+03    1.48346E+00    3.37338E-03    6.24148E+03    4.62762E-08    2.01005E-04   -7.66362E-05    9.93580E-01    9.87179E-01    9.87122E-01
    2.32123E+03    1.48680E+00    3.34297E-03    6.32809E+03    4.46100E-08    1.97342E-04   -7.52750E-05    9.93610E-01    9.87239E-01    9.87179E-01
    2.35373E+03    1.49011E+00    3.31124E-03    6.41589E+03    4.29832E-08    1.93698E-04   -7.39207E-05    9.93641E-01    9.87301E-01    9.87239E-01
    2.38669E+03    1.49339E+00    3.27819E-03    6.50490E+03    4.13952E-08    1.90074E-04   -7.25736E-05    9.93673E-01    9.87366E-01    9.87301E-01
    2.42010E+03    1.49663E+00    3.24380E-03    6.59514E+03    3.98457E-08    1.86471E-04   -7.12340E-05    9.93707E-01    9.87434E-01    9.87366E-01
    2.45397E+03    1.49984E+00    3.20809E-03    6.68663E+03    3.83341E-08    1.82887E-04   -6.99018E-05    9.93742E-01    9.87505E-01    9.87434E-01
    2.48831E+03    1.50301E+00    3.17101E-03    6.77938E+03    3.68595E-08    1.79323E-04   -6.85771E-05    9.93779E-01    9.87579E-01    9.87505E-01
    2.52312E+03    1.50615E+00    3.13257E-03    6.87341E+03    3.54214E-08    1.75777E-04   -6.72596E-05    9.93818E-01    9.87657E-01    9.87579E-01
    2.55841E+03    1.50924E+00    3.09272E-03    6.96873E+03    3.40189E-08    1.72249E-04   -6.59493E-05    9.93858E-01    9.87737E-01    9.87657E-01
    2.59419E+03    1.51229E+00    3.05144E-03    7.06538E+03    3.26514E-08    1.68738E-04   -6.46458E-05    9.93899E-01    9.87821E-01    9.87737E-01
    2.63046E+03    1.51530E+00    3.00871E-03    7.16335E+03    3.13180E-08    1.65242E-04   -6.33489E-05    9.93943E-01    9.87908E-01    9.87821E-01
    2.66724E+03    1.51826E+00    2.96449E-03    7.26268E+03    3.00180E-08    1.61761E-04   -6.20582E-05    9.93988E-01    9.87999E-01    9.87908E-01
    2.70452E+03    1.52118E+00    2.91873E-03    7.36338E+03    2.87505E-08    1.58294E-04   -6.07734E-05    9.94035E-01    9.88093E-01    9.87999E-01
    2.74232E+03    1.52405E+00    2.87141E-03    7.46547E+03    2.75149E-08    1.54840E-04   -5.94941E-05    9.94084E-01    9.88192E-01    9.88093E-01
    2.78063E+03    1.52688E+00    2.82248E-03    7.56896E+03    2.63102E-08    1.51396E-04   -5.82198E-05    9.94135E-01    9.88295E-01    9.88192E-01
    2.81948E+03    1.52965E+00    2.77190E-03    7.67389E+03    2.51359E-08    1.47961E-04   -5.69500E-05    9.94189E-01    9.88402E-01    9.88295E-01
    2.85886E+03    1.53237E+00    2.71963E-03    7.78026E+03    2.39911E-08    1.44535E-04   -5.56843E-05    9.94244E-01    9.88513E-01    9.88402E-01
    2.89879E+03    1.53503E+00    2.66562E-03    7.88810E+03    2.28751E-08    1.41114E-04   -5.44221E-05    9.94302E-01    9.88630E-01    9.88513E-01
    2.93926E+03    1.53764E+00    2.60983E-03    7.99743E+03    2.17872E-08    1.37699E-04   -5.31629E-05    9.94363E-01    9.88751E-01    9.88630E-01
    2.98030E+03    1.54020E+00    2.55220E-03    8.10827E+03    2.07267E-08    1.34285E-04   -5.19060E-05    9.94426E-01    9.88878E-01    9.88751E-01
    3.02190E+03    1.54269E+00    2.49270E-03    8.22064E+03    1.96930E-08    1.30872E-04   -5.06507E-05    9.94492E-01    9.89010E-01    9.88878E-01
    3.06408E+03    1.54512E+00    2.43127E-03    8.33456E+03    1.86855E-08    1.27458E-04   -4.93964E-05    9.94560E-01    9.89148E-01    9.89010E-01
    3.10683E+03    1.54749E+00    2.36786E-03    8.45005E+03    1.77034E-08    1.24039E-04   -4.81424E-05    9.94632E-01    9.89292E-01    9.89148E-01
    3.15018E+03    1.54979E+00    2.30244E-03    8.56713E+03    1.67463E-08    1.20614E-04   -4.68878E-05    9.94707E-01    9.89443E-01    9.89292E-01
    3.19413E+03    1.55202E+00    2.23495E-03    8.68583E+03    1.58135E-08    1.17181E-04   -4.56319E-05    9.94786E-01    9.89601E-01    9.89443E-01
    3.23868E+03    1.55419E+00    2.16535E-03    8.80617E+03    1.49047E-08    1.13735E-04   -4.43737E-05    9.94868E-01    9.89766E-01    9.89601E-01
    3.28385E+03    1.55628E+00    2.09360E-03    8.92817E+03    1.40191E-08    1.10274E-04   -4.31123E-05    9.94954E-01    9.89939E-01    9.89766E-01
    3.32964E+03    1.55830E+00    2.01966E-03    9.05185E+03    1.31565E-08    1.06796E-04   -4.18467E-05    9.95045E-01    9.90121E-01    9.89939E-01
    3.37606E+03    1.56025E+00    1.94350E-03    9.17724E+03    1.23163E-08    1.03295E-04   -4.05756E-05    9.95139E-01    9.90311E-01    9.90121E-01
    3.42312E+03    1.56211E+00    1.86509E-03    9.30436E+03    1.14982E-08    9.97690E-05   -3.92981E-05    9.95239E-01    9.90511E-01    9.90311E-01
    3.47084E+03    1.56390E+00    1.78440E-03    9.43323E+03    1.07019E-08    9.62128E-05   -3.80126E-05    9.95343E-01    9.90721E-01    9.90511E-01
    3.51921E+03    1.56560E+00    1.70143E-03    9.56388E+03    9.92701E-09    9.26218E-05   -3.67179E-05    9.95453E-01    9.90942E-01    9.90721E-01
    3.56825E+03    1.56721E+00    1.61618E-03    9.69634E+03    9.17339E-09    8.89908E-05   -3.54124E-05    9.95569E-01    9.91175E-01    9.90942E-01
    3.61796E+03    1.56874E+00    1.52864E-03    9.83062E+03    8.44085E-09    8.53137E-05   -3.40942E-05    9.95691E-01    9.91421E-01    9.91175E-01
    3.66836E+03    1.57018E+00    1.43886E-03    9.96676E+03    7.72928E-09    8.15840E-05   -3.27616E-05    9.95820E-01    9.91680E-01    9.91421E-01
    3.71946E+03    1.57153E+00    1.34689E-03    1.01048E+04    7.03867E-09    7.77941E-05   -3.14124E-05    9.95956E-01    9.91954E-01    9.91680E-01
    3.77126E+03    1.57278E+00    1.25279E-03    1.02447E+04    6.36910E-09    7.39354E-05   -3.00442E-05    9.96100E-01    9.92244E-01    9.91954E-01
    3.82378E+03    1.57394E+00    1.15669E-03    1.03865E+04    5.72080E-09    6.99981E-05   -2.86544E-05    9.96253E-01    9.92552E-01    9.92244E-01
    3.87702E+03    1.57500E+00    1.05873E-03    1.05303E+04    5.09413E-09    6.59707E-05   -2.72397E-05    9.96416E-01    9.92880E-01    9.92552E-01
    3.93100E+03    1.57596E+00    9.59156E-04    1.06761E+04    4.48969E-09    6.18403E-05   -2.57967E-05    9.96589E-01    9.93229E-01    9.92880E-01
    3.98572E+03    1.57681E+00    8.58281E-04    1.08239E+04    3.90841E-09    5.75925E-05   -2.43211E-05    9.96774E-01    9.93601E-01    9.93229E-01
    4.04120E+03    1.57757E+00    7.56597E-04    1.09738E+04    3.35182E-09    5.32130E-05   -2.28077E-05    9.96972E-01    9.94000E-01    9.93601E-01
    4.09744E+03    1.57823E+00    6.54924E-04    1.11257E+04    2.82262E-09    4.86937E-05   -2.12494E-05    9.97184E-01    9.94427E-01    9.94000E-01
    4.15446E+03    1.57878E+00    5.54941E-04    1.12797E+04    2.32677E-09    4.40604E-05   -1.96328E-05    9.97409E-01    9.94880E-01    9.94427E-01
    4.21226E+03    1.57924E+00    4.61838E-04    1.14358E+04    1.88384E-09    3.95372E-05   -1.79067E-05    9.97638E-01    9.95336E-01    9.94880E-01
    4.27086E+03    1.57939E+00    1.49785E-04    1.17546E+04    5.94387E-10    2.36732E-05   -5.82795E-06    9.98659E-01    9.97262E-01    9.97736E-01
    4.33028E+03    1.57950E+00    1.10561E-04    1.19173E+04    4.26827E-10    1.81288E-05   -9.90824E-06    9.98852E-01    9.97767E-01    9.97262E-01
    4.39051E+03    1.57955E+00    5.16623E-05    1.20822E+04    1.94031E-10    1.04909E-05   -9.16362E-06    9.99258E-01    9.98622E-01    9.97767E-01
    4.45157E+03    1.57961E+00    5.93279E-05    1.20822E+04    2.16773E-10    9.14325E-06   -1.15401E-05    9.98622E-01    9.98060E-01    9.96745E-01
    4.51347E+03    1.57969E+00    7.39866E-05    1.20822E+04    2.62996E-10    8.15387E-06   -1.40182E-05    9.98060E-01    9.97552E-01    9.95779E-01
    4.57623E+03    1.57978E+00    9.45875E-05    1.20822E+04    3.27100E-10    7.39757E-06   -1.65038E-05    9.97552E-01    9.97084E-01    9.94867E-01
    4.63986E+03    1.57990E+00    1.20431E-04    1.20822E+04    4.05168E-10    6.79693E-06   -1.89465E-05    9.97084E-01    9.96649E-01    9.94002E-01
    4.70436E+03    1.58005E+00    1.51032E-04    1.20822E+04    4.94331E-10    6.30352E-06   -2.13213E-05    9.96649E-01    9.96239E-01    9.93180E-01
    4.76976E+03    1.58024E+00    1.86054E-04    1.20822E+04    5.92435E-10    5.88665E-06   -2.36174E-05    9.96239E-01    9.95852E-01    9.92397E-01
    4.83605E+03    1.58046E+00    2.25270E-04    1.20822E+04    6.97843E-10    5.52641E-06   -2.58322E-05    9.95852E-01    9.95483E-01    9.91649E-01
    4.90326E+03    1.58073E+00    2.68533E-04    1.20822E+04    8.09294E-10    5.20961E-06   -2.79670E-05    9.95483E-01    9.95130E-01    9.90933E-01
    4.97140E+03    1.58105E+00    3.15758E-04    1.20822E+04    9.25800E-10    4.92721E-06   -3.00254E-05    9.95130E-01    9.94792E-01    9.90246E-01
    5.04048E+03    1.58142E+00    3.66906E-04    1.20822E+04    1.04658E-09    4.67283E-06   -3.20116E-05    9.94792E-01    9.94467E-01    9.89584E-01
    5.11051E+03    1.58184E+00    4.21973E-04    1.20822E+04    1.17100E-09    4.44182E-06   -3.39304E-05    9.94467E-01    9.94154E-01    9.88947E-01
    5.18151E+03    1.58232E+00    4.80983E-04    1.20822E+04    1.29855E-09    4.23066E-06   -3.57861E-05    9.94154E-01    9.93852E-01    9.88332E-01
    5.25349E+03    1.58286E+00    5.43982E-04    1.20822E+04    1.42879E-09    4.03662E-06   -3.75832E-05    9.93852E-01    9.93559E-01    9.87737E-01
    5.32646E+03    1.58347E+00    6.11037E-04    1.20822E+04    1.56138E-09    3.85752E-06   -3.93255E-05    9.93559E-01    9.93276E-01    9.87161E-01
    5.40044E+03    1.58416E+00    6.82227E-04    1.20822E+04    1.69600E-09    3.69162E-06   -4.10168E-05    9.93276E-01    9.93001E-01    9.86603E-01
    5.47544E+03    1.58491E+00    7.57646E-04    1.20822E+04    1.83241E-09    3.53744E-06   -4.26602E-05    9.93001E-01    9.92734E-01    9.86061E-01
    5.55147E+03    1.58575E+00    8.37403E-04    1.20822E+04    1.97038E-09    3.39375E-06   -4.42590E-05    9.92734E-01    9.92474E-01    9.85533E-01
    5.62856E+03    1.58667E+00    9.21616E-04    1.20822E+04    2.10971E-09    3.25953E-06   -4.58158E-05    9.92474E-01    9.92221E-01    9.85020E-01
    5.70671E+03    1.58768E+00    1.01041E-03    1.20822E+04    2.25025E-09    3.13389E-06   -4.73332E-05    9.92221E-01    9.91974E-01    9.84520E-01
    5.78593E+03    1.58879E+00    1.10394E-03    1.20822E+04    2.39186E-09    3.01605E-06   -4.88136E-05    9.91974E-01    9.91734E-01    9.84033E-01
    5.86625E+03    1.58999E+00    1.20233E-03    1.20822E+04    2.53442E-09    2.90535E-06   -5.02591E-05    9.91734E-01    9.91499E-01    9.83557E-01
    5.94768E+03    1.59130E+00    1.30577E-03    1.20822E+04    2.67781E-09    2.80122E-06   -5.16717E-05    9.91499E-01    9.91269E-01    9.83092E-01
    6.03023E+03    1.59271E+00    1.41442E-03    1.20822E+04    2.82197E-09    2.70316E-06   -5.30534E-05    9.91269E-01    9.91044E-01    9.82638E-01
    6.11392E+03    1.59424E+00    1.52845E-03    1.20822E+04    2.96680E-09    2.61071E-06   -5.44058E-05    9.91044E-01    9.90824E-01    9.82193E-01
    6.19877E+03    1.59589E+00    1.64808E-03    1.20822E+04    3.11227E-09    2.52349E-06   -5.57306E-05    9.90824E-01    9.90609E-01    9.81758E-01
    6.28478E+03    1.59766E+00    1.77350E-03    1.20822E+04    3.25831E-09    2.44116E-06   -5.70294E-05    9.90609E-01    9.90397E-01    9.81331E-01
    6.37199E+03    1.59956E+00    1.90493E-03    1.20822E+04    3.40490E-09    2.36340E-06   -5.83036E-05    9.90397E-01    9.90190E-01    9.80912E-01
    6.46039E+03    1.60161E+00    2.04261E-03    1.20822E+04    3.55201E-09    2.28996E-06   -5.95547E-05    9.90190E-01    9.89986E-01    9.80501E-01
    6.55002E+03    1.60379E+00    2.18678E-03    1.20822E+04    3.69963E-09    2.22059E-06   -6.07840E-05    9.89986E-01    9.89786E-01    9.80097E-01
    6.64089E+03    1.60613E+00    2.33772E-03    1.20822E+04    3.84777E-09    2.15508E-06   -6.19929E-05    9.89786E-01    9.89589E-01    9.79700E-01
    6.73300E+03    1.60863E+00    2.49568E-03    1.20822E+04    3.99642E-09    2.09325E-06   -6.31826E-05    9.89589E-01    9.89394E-01    9.79310E-01
    6.82639E+03    1.61129E+00    2.66099E-03    1.20822E+04    4.14562E-09    2.03493E-06   -6.43543E-05    9.89394E-01    9.89203E-01    9.78925E-01
    6.92107E+03    1.61412E+00    2.83394E-03    1.20822E+04    4.29540E-09    1.97998E-06   -6.55094E-05    9.89203E-01    9.89014E-01    9.78545E-01
    7.01705E+03    1.61714E+00    3.01489E-03    1.20822E+04    4.44580E-09    1.92827E-06   -6.66490E-05    9.89014E-01    9.88828E-01    9.78171E-01
    7.11436E+03    1.62034E+00    3.20419E-03    1.20822E+04    4.59688E-09    1.87970E-06   -6.77742E-05    9.88828E-01    9.88644E-01    9.77802E-01
    7.21301E+03    1.62374E+00    3.40222E-03    1.20822E+04    4.74871E-09    1.83416E-06   -6.88865E-05    9.88644E-01    9.88462E-01    9.77437E-01
    7.31303E+03    1.62735E+00    3.60942E-03    1.20822E+04    4.90137E-09    1.79158E-06   -6.99868E-05    9.88462E-01    9.88281E-01    9.77076E-01
    7.41442E+03    1.63118E+00    3.82622E-03    1.20822E+04    5.05495E-09    1.75190E-06   -7.10766E-05    9.88281E-01    9.88102E-01    9.76718E-01
    7.51721E+03    1.63523E+00    4.05310E-03    1.20822E+04    5.20958E-09    1.71506E-06   -7.21570E-05    9.88102E-01    9.87925E-01    9.76363E-01
    7.62143E+03    1.63952E+00    4.29058E-03    1.20822E+04    5.36537E-09    1.68103E-06   -7.32294E-05    9.87925E-01    9.87748E-01    9.76011E-01
    7.72707E+03    1.64406E+00    4.53922E-03    1.20822E+04    5.52248E-09    1.64979E-06   -7.42951E-05    9.87748E-01    9.87573E-01    9.75662E-01
    7.83418E+03    1.64886E+00    4.79963E-03    1.20822E+04    5.68107E-09    1.62131E-06   -7.53554E-05    9.87573E-01    9.87398E-01    9.75314E-01
    7.94277E+03    1.65393E+00    5.07247E-03    1.20822E+04    5.84131E-09    1.59561E-06   -7.64118E-05    9.87398E-01    9.87224E-01    9.74967E-01
    8.05285E+03    1.65929E+00    5.35844E-03    1.20822E+04    6.00344E-09    1.57270E-06   -7.74659E-05    9.87224E-01    9.87049E-01    9.74621E-01
    8.16445E+03    1.66495E+00    5.65834E-03    1.20822E+04    6.16766E-09    1.55261E-06   -7.85191E-05    9.87049E-01    9.86875E-01    9.74275E-01
    8.27760E+03    1.67092E+00    5.97301E-03    1.20822E+04    6.33426E-09    1.53539E-06   -7.95732E-05    9.86875E-01    9.86700E-01    9.73929E-01
    8.39230E+03    1.67723E+00    6.30340E-03    1.20822E+04    6.50351E-09    1.52110E-06   -8.06300E-05    9.86700E-01    9.86524E-01    9.73583E-01
    8.50859E+03    1.68388E+00    6.65052E-03    1.20822E+04    6.67575E-09    1.50983E-06   -8.16913E-05    9.86524E-01    9.86348E-01    9.73234E-01
    8.62648E+03    1.69089E+00    7.01553E-03    1.20822E+04    6.85135E-09    1.50167E-06   -8.27593E-05    9.86348E-01    9.86169E-01    9.72884E-01
    8.74600E+03    1.69829E+00    7.39966E-03    1.20822E+04    7.03071E-09    1.49676E-06   -8.38360E-05    9.86169E-01    9.85989E-01    9.72530E-01
    8.86717E+03    1.70610E+00    7.80431E-03    1.20822E+04    7.21431E-09    1.49525E-06   -8.49239E-05    9.85989E-01    9.85807E-01    9.72173E-01
    8.99001E+03    1.71433E+00    8.23103E-03    1.20822E+04    7.40264E-09    1.49731E-06   -8.60256E-05    9.85807E-01    9.85622E-01    9.71811E-01
    9.11454E+03    1.72301E+00    8.68155E-03    1.20822E+04    7.59631E-09    1.50317E-06   -8.71439E-05    9.85622E-01    9.85433E-01    9.71444E-01
    9.24080E+03    1.73217E+00    9.15781E-03    1.20822E+04    7.79597E-09    1.51309E-06   -8.82818E-05    9.85433E-01    9.85241E-01    9.71071E-01
    9.36879E+03    1.74183E+00    9.66198E-03    1.20822E+04    8.00236E-09    1.52735E-06   -8.94429E-05    9.85241E-01    9.85044E-01    9.70690E-01
    9.49856E+03    1.75203E+00    1.01965E-02    1.20822E+04    8.21633E-09    1.54633E-06   -9.06308E-05    9.85044E-01    9.84842E-01    9.70299E-01
    9.63011E+03    1.76279E+00    1.07642E-02    1.20822E+04    8.43885E-09    1.57044E-06   -9.18498E-05    9.84842E-01    9.84634E-01    9.69899E-01
    9.76348E+03    1.77416E+00    1.13683E-02    1.20822E+04    8.67101E-09    1.60018E-06   -9.31045E-05    9.84634E-01    9.84419E-01    9.69487E-01
    9.89869E+03    1.78617E+00    1.20123E-02    1.20822E+04    8.91409E-09    1.63614E-06   -9.44003E-05    9.84419E-01    9.84196E-01    9.69061E-01
    1.00358E+04    1.79887E+00    1.27006E-02    1.20822E+04    9.16953E-09    1.67904E-06   -9.57429E-05    9.84196E-01    9.83964E-01    9.68620E-01
    1.01747E+04    1.81231E+00    1.34378E-02    1.20822E+04    9.43903E-09    1.72972E-06   -9.71393E-05    9.83964E-01    9.83722E-01    9.68161E-01
    1.03156E+04    1.82654E+00    1.42297E-02    1.20822E+04    9.72456E-09    1.78921E-06   -9.85970E-05    9.83722E-01    9.83469E-01    9.67682E-01
    1.04584E+04    1.84162E+00    1.50828E-02    1.20822E+04    1.00284E-08    1.85873E-06   -1.00125E-04    9.83469E-01    9.83201E-01    9.67180E-01
    1.06032E+04    1.85763E+00    1.60050E-02    1.20822E+04    1.03534E-08    1.93982E-06   -1.01733E-04    9.83201E-01    9.82919E-01    9.66651E-01
    1.07500E+04    1.87463E+00    1.70054E-02    1.20822E+04    1.07026E-08    2.03434E-06   -1.03433E-04    9.82919E-01    9.82618E-01    9.66091E-01
    1.08989E+04    1.89273E+00    1.80951E-02    1.20822E+04    1.10800E-08    2.14461E-06   -1.05240E-04    9.82618E-01    9.82297E-01    9.65497E-01
    1.10497E+04    1.91201E+00    1.92874E-02    1.20822E+04    1.14903E-08    2.27357E-06   -1.07169E-04    9.82297E-01    9.81951E-01    9.64862E-01
    1.12027E+04    1.93261E+00    2.05987E-02    1.20822E+04    1.19391E-08    2.42492E-06   -1.09239E-04    9.81951E-01    9.81578E-01    9.64179E-01
    1.13578E+04    1.95466E+00    2.20489E-02    1.20822E+04    1.24336E-08    2.60349E-06   -1.11476E-04    9.81578E-01    9.81171E-01    9.63442E-01
    1.15150E+04    1.97833E+00    2.36632E-02    1.20822E+04    1.29826E-08    2.81558E-06   -1.13906E-04    9.81171E-01    9.80726E-01    9.62640E-01
    1.16744E+04    2.00380E+00    2.54732E-02    1.20822E+04    1.35972E-08    3.06959E-06   -1.16567E-04    9.80726E-01    9.80233E-01    9.61762E-01
    1.18359E+04    2.03132E+00    2.75196E-02    1.20822E+04    1.42918E-08    3.37697E-06   -1.19500E-04    9.80233E-01    9.79684E-01    9.60792E-01
    1.19998E+04    2.06117E+00    2.98554E-02    1.20822E+04    1.50850E-08    3.75371E-06   -1.22764E-04    9.79684E-01    9.79064E-01    9.59711E-01
    1.21658E+04    2.09373E+00    3.25516E-02    1.20822E+04    1.60019E-08    4.22272E-06   -1.26428E-04    9.79064E-01    9.78358E-01    9.58496E-01
    1.23342E+04    2.12943E+00    3.57045E-02    1.20822E+04    1.70767E-08    4.81793E-06   -1.30589E-04    9.78358E-01    9.77542E-01    9.57113E-01
    1.25049E+04    2.16888E+00    3.94496E-02    1.20822E+04    1.83570E-08    5.59173E-06   -1.35372E-04    9.77542E-01    9.76581E-01    9.55518E-01
    1.26779E+04    2.21286E+00    4.39821E-02    1.20822E+04    1.99119E-08    6.62893E-06   -1.40954E-04    9.76581E-01    9.75426E-01    9.53649E-01
    1.28533E+04    2.26246E+00    4.95951E-02    1.20822E+04    2.18452E-08    8.07555E-06   -1.47580E-04    9.75426E-01    9.73999E-01    9.51416E-01
    1.30312E+04    2.31920E+00    5.67478E-02    1.20822E+04    2.43190E-08    1.02032E-05   -1.55611E-04    9.73999E-01    9.72172E-01    9.48683E-01
    1.32115E+04    2.38540E+00    6.61988E-02    1.20822E+04    2.76011E-08    1.35694E-05   -1.65581E-04    9.72172E-01    9.69709E-01    9.45234E-01
    1.33943E+04    2.46469E+00    7.92842E-02    1.20822E+04    3.21620E-08    1.94709E-05   -1.78278E-04    9.69709E-01    9.66125E-01    9.40705E-01
    1.35796E+04    2.56328E+00    9.85905E-02    1.20822E+04    3.89110E-08    3.14124E-05   -1.94741E-04    9.66125E-01    9.60264E-01    9.34443E-01
    1.37675E+04    2.69373E+00    1.30453E-01    1.20822E+04    5.00924E-08    6.05945E-05   -2.15455E-04    9.60264E-01    9.48802E-01    9.25213E-01
    1.39579E+04    2.90053E+00    2.06797E-01    1.20822E+04    7.72579E-08    1.49353E-04   -2.34418E-04    9.48802E-01    9.20161E-01    9.10666E-01
    1.41510E+04    3.19953E+00    2.98998E-01    1.22494E+04    1.08680E-07    2.34554E-04   -2.31655E-04    9.58368E-01    9.12767E-01    9.20161E-01
    1.43468E+04    3.49534E+00    2.95813E-01    1.25908E+04    1.04611E-07    2.96061E-04   -1.30227E-04    9.62203E-01    9.03850E-01    9.40128E-01
