 # rho, F_z,dF_z, z(rho), E2 (=>sigma2=e0^2*E2), Er, Ez, Ui,j , Ui+1,j , Ui,j-1
    2.50000E-01    6.28557E-05    6.28557E-05    0.00000E+00    5.02846E-04    5.66528E-03   -2.16968E-02    9.86319E-01    9.83486E-01    9.75471E-01
    7.40216E-01    1.80401E-04    1.17545E-04    5.00000E-01    3.30533E-04    2.08103E-03   -1.80611E-02    9.92517E-01    9.91517E-01    9.83486E-01
    1.22396E+00    3.65479E-04    1.85079E-04    5.00000E-01    3.10459E-04    6.32524E-04   -1.76085E-02    9.91517E-01    9.91209E-01    9.82713E-01
    1.71438E+00    6.31493E-04    2.66013E-04    5.00000E-01    3.14239E-04    3.11307E-04   -1.77241E-02    9.91209E-01    9.91055E-01    9.82347E-01
    2.21157E+00    9.86113E-04    3.54620E-04    5.00000E-01    3.20313E-04    2.35011E-04   -1.78957E-02    9.91055E-01    9.90938E-01    9.82107E-01
    2.71562E+00    1.43675E-03    4.50642E-04    5.00000E-01    3.26980E-04    2.35725E-04   -1.80811E-02    9.90938E-01    9.90818E-01    9.81897E-01
    3.22663E+00    1.99228E-03    5.55522E-04    5.00000E-01    3.34626E-04    2.73777E-04   -1.82907E-02    9.90818E-01    9.90677E-01    9.81673E-01
    3.74469E+00    2.66403E-03    6.71753E-04    5.00000E-01    3.43913E-04    3.44411E-04   -1.85417E-02    9.90677E-01    9.90497E-01    9.81406E-01
    4.26990E+00    3.46711E-03    8.03085E-04    5.00000E-01    3.55670E-04    4.62248E-04   -1.88535E-02    9.90497E-01    9.90253E-01    9.81071E-01
    4.80235E+00    4.42232E-03    9.55205E-04    5.00000E-01    3.71016E-04    6.72459E-04   -1.92500E-02    9.90253E-01    9.89893E-01    9.80628E-01
    5.34216E+00    5.55897E-03    1.13665E-03    5.00000E-01    3.91478E-04    1.10447E-03   -1.97550E-02    9.89893E-01    9.89292E-01    9.80015E-01
    5.88941E+00    6.91811E-03    1.35914E-03    5.00000E-01    4.18830E-04    2.17684E-03   -2.03492E-02    9.89292E-01    9.88093E-01    9.79118E-01
    6.44421E+00    8.56995E-03    1.65185E-03    5.00000E-01    4.58874E-04    5.45066E-03   -2.07163E-02    9.88093E-01    9.85048E-01    9.77735E-01
    7.00668E+00    9.89678E-03    1.32683E-03    9.80431E-01    3.34384E-04    3.79570E-03   -1.78879E-02    9.93992E-01    9.91842E-01    9.85048E-01
    7.57690E+00    1.13382E-02    1.44142E-03    9.80431E-01    3.31351E-04    2.26828E-03   -1.80612E-02    9.91842E-01    9.90540E-01    9.82812E-01
    8.15499E+00    1.31140E-02    1.77575E-03    9.80431E-01    3.74106E-04    2.74038E-03   -1.91467E-02    9.90540E-01    9.88945E-01    9.80967E-01
    8.74106E+00    1.53748E-02    2.26083E-03    9.80431E-01    4.38318E-04    6.06383E-03   -2.00387E-02    9.88945E-01    9.85367E-01    9.78926E-01
    9.33522E+00    1.71738E-02    1.79897E-03    1.46749E+00    3.22131E-04    4.05831E-03   -1.74832E-02    9.93766E-01    9.91339E-01    9.85367E-01
    9.93758E+00    1.92308E-02    2.05702E-03    1.46749E+00    3.41302E-04    3.31919E-03   -1.81737E-02    9.91339E-01    9.89326E-01    9.82607E-01
    1.05482E+01    2.19314E-02    2.70065E-03    1.46749E+00    4.16404E-04    6.36093E-03   -1.93893E-02    9.89326E-01    9.85414E-01    9.80010E-01
    1.11673E+01    2.40730E-02    2.14162E-03    1.96127E+00    3.07658E-04    4.07321E-03   -1.70607E-02    9.93724E-01    9.91185E-01    9.85414E-01
    1.17950E+01    2.66060E-02    2.53297E-03    1.96127E+00    3.39826E-04    3.54778E-03   -1.80898E-02    9.91185E-01    9.88943E-01    9.82374E-01
    1.24313E+01    3.00554E-02    3.44933E-03    1.96127E+00    4.33101E-04    7.07781E-03   -1.95705E-02    9.88943E-01    9.84409E-01    9.79411E-01
    1.30764E+01    3.29178E-02    2.86245E-03    2.46187E+00    3.37030E-04    5.23538E-03   -1.75961E-02    9.93097E-01    9.89697E-01    9.84409E-01
    1.37304E+01    3.65824E-02    3.66461E-03    2.46187E+00    4.05333E-04    7.53680E-03   -1.86690E-02    9.89697E-01    9.84734E-01    9.80478E-01
    1.43934E+01    3.95873E-02    3.00491E-03    2.96938E+00    3.12740E-04    5.26096E-03   -1.68838E-02    9.93186E-01    9.89674E-01    9.84734E-01
    1.50655E+01    4.36260E-02    4.03872E-03    2.96938E+00    3.96115E-04    7.74986E-03   -1.83318E-02    9.89674E-01    9.84429E-01    9.80497E-01
    1.57470E+01    4.70303E-02    3.40426E-03    3.48388E+00    3.15090E-04    5.54905E-03   -1.68612E-02    9.92986E-01    9.89179E-01    9.84429E-01
    1.64378E+01    5.18256E-02    4.79536E-03    3.48388E+00    4.19406E-04    8.78826E-03   -1.84979E-02    9.89179E-01    9.83066E-01    9.79791E-01
    1.71382E+01    5.63666E-02    4.54096E-03    4.00549E+00    3.75741E-04    9.09221E-03   -1.71194E-02    9.91874E-01    9.85463E-01    9.83066E-01
    1.78482E+01    5.96790E-02    3.31240E-03    4.53430E+00    2.59597E-04    5.55265E-03   -1.51250E-02    9.93352E-01    9.89382E-01    9.85463E-01
    1.85680E+01    6.48746E-02    5.19564E-03    4.53430E+00    3.86077E-04    8.88441E-03   -1.75255E-02    9.89382E-01    9.82943E-01    9.80241E-01
    1.92978E+01    7.00057E-02    5.13109E-03    5.07040E+00    3.61868E-04    9.19178E-03   -1.66547E-02    9.91750E-01    9.84997E-01    9.82943E-01
    2.00377E+01    7.39019E-02    3.89617E-03    5.61391E+00    2.61028E-04    5.78168E-03   -1.50864E-02    9.93084E-01    9.88778E-01    9.84997E-01
    2.07877E+01    8.03077E-02    6.40574E-03    5.61391E+00    4.08043E-04    9.69870E-03   -1.77194E-02    9.88778E-01    9.81453E-01    9.79278E-01
    2.15481E+01    8.71849E-02    6.87719E-03    6.16491E+00    4.16863E-04    1.09711E-02   -1.72191E-02    9.90812E-01    9.82412E-01    9.81453E-01
    2.23190E+01    9.36429E-02    6.45806E-03    6.72352E+00    3.72792E-04    1.09262E-02   -1.59188E-02    9.91184E-01    9.82703E-01    9.82412E-01
    2.31005E+01    1.00087E-01    6.44456E-03    7.28983E+00    3.54534E-04    1.08867E-02   -1.53627E-02    9.91285E-01    9.82718E-01    9.82703E-01
    2.38929E+01    1.06704E-01    6.61679E-03    7.86396E+00    3.47147E-04    1.09393E-02   -1.50824E-02    9.91259E-01    9.82533E-01    9.82718E-01
    2.46961E+01    1.13662E-01    6.95813E-03    8.44602E+00    3.48374E-04    1.11487E-02   -1.49693E-02    9.91127E-01    9.82110E-01    9.82533E-01
    2.55104E+01    1.21233E-01    7.57072E-03    9.03610E+00    3.61950E-04    1.17054E-02   -1.49978E-02    9.90840E-01    9.81242E-01    9.82110E-01
    2.63360E+01    1.30236E-01    9.00325E-03    9.63433E+00    4.11270E-04    1.35310E-02   -1.51057E-02    9.90156E-01    9.78909E-01    9.81242E-01
    2.71730E+01    1.35349E-01    5.11282E-03    1.08557E+01    2.23279E-04    1.09050E-02   -1.02157E-02    9.92673E-01    9.83484E-01    9.86478E-01
    2.80215E+01    1.42381E-01    7.03227E-03    1.14790E+01    2.93749E-04    1.13790E-02   -1.28167E-02    9.91364E-01    9.81643E-01    9.83484E-01
    2.88817E+01    1.51628E-01    9.24633E-03    1.21110E+01    3.69630E-04    1.34002E-02   -1.37864E-02    9.90236E-01    9.78630E-01    9.81643E-01
    2.97538E+01    1.57487E-01    5.85892E-03    1.34011E+01    2.24256E-04    1.13757E-02   -9.73903E-03    9.92348E-01    9.82359E-01    9.86108E-01
    3.06380E+01    1.66535E-01    9.04847E-03    1.40596E+01    3.31765E-04    1.32591E-02   -1.24884E-02    9.90470E-01    9.78667E-01    9.82359E-01
    3.15343E+01    1.72769E-01    6.23347E-03    1.54039E+01    2.19033E-04    1.15156E-02   -9.29653E-03    9.92203E-01    9.81811E-01    9.85998E-01
    3.24430E+01    1.82856E-01    1.00876E-02    1.60900E+01    3.39843E-04    1.38361E-02   -1.21822E-02    9.90055E-01    9.77396E-01    9.81811E-01
    3.33642E+01    1.91344E-01    8.48744E-03    1.74908E+01    2.74255E-04    1.37705E-02   -9.19935E-03    9.91185E-01    9.78412E-01    9.84786E-01
    3.42982E+01    1.99725E-01    8.38174E-03    1.89304E+01    2.59878E-04    1.36900E-02   -8.51246E-03    9.91309E-01    9.78436E-01    9.85224E-01
    3.52451E+01    2.08844E-01    9.11854E-03    2.04101E+01    2.71382E-04    1.43126E-02   -8.15672E-03    9.91034E-01    9.77389E-01    9.85041E-01
    3.62050E+01    2.15806E-01    6.96240E-03    2.27071E+01    1.98972E-04    1.26949E-02   -6.14921E-03    9.92273E-01    9.80004E-01    9.87565E-01
    3.71781E+01    2.24416E-01    8.60949E-03    2.42917E+01    2.36342E-04    1.37131E-02   -6.94922E-03    9.91292E-01    9.77855E-01    9.85824E-01
    3.81647E+01    2.32408E-01    7.99249E-03    2.67516E+01    2.10823E-04    1.34302E-02   -5.51845E-03    9.91795E-01    9.78454E-01    9.87270E-01
    3.91649E+01    2.38998E-01    6.58939E-03    3.01929E+01    1.67068E-04    1.21968E-02   -4.27858E-03    9.92551E-01    9.80268E-01    9.88845E-01
    4.01789E+01    2.44862E-01    5.86396E-03    3.38280E+01    1.42950E-04    1.13597E-02   -3.72945E-03    9.92851E-01    9.81253E-01    9.89438E-01
    4.12069E+01    2.50197E-01    5.33523E-03    3.76680E+01    1.25090E-04    1.06806E-02   -3.31889E-03    9.93049E-01    9.81995E-01    9.89842E-01
    4.22491E+01    2.55073E-01    4.87588E-03    4.17244E+01    1.09982E-04    1.00569E-02   -2.97356E-03    9.93224E-01    9.82671E-01    9.90188E-01
    4.33057E+01    2.59400E-01    4.32692E-03    4.60094E+01    9.39227E-05    9.31500E-03   -2.67459E-03    9.93475E-01    9.83566E-01    9.90590E-01
    4.43768E+01    2.64042E-01    4.64199E-03    4.93809E+01    9.69910E-05    9.44818E-03   -2.77901E-03    9.93115E-01    9.82926E-01    9.89992E-01
    4.54628E+01    2.67992E-01    3.95075E-03    5.40974E+01    7.94796E-05    8.61467E-03   -2.29499E-03    9.93577E-01    9.84158E-01    9.90853E-01
    4.65637E+01    2.72038E-01    4.04566E-03    5.78084E+01    7.83829E-05    8.53171E-03   -2.36491E-03    9.93375E-01    9.83918E-01    9.90449E-01
    4.76798E+01    2.76054E-01    4.01601E-03    6.16751E+01    7.49528E-05    8.35795E-03   -2.25777E-03    9.93331E-01    9.83938E-01    9.90421E-01
    4.88113E+01    2.80003E-01    3.94920E-03    6.57041E+01    7.10173E-05    8.15341E-03   -2.13052E-03    9.93325E-01    9.84037E-01    9.90464E-01
    4.99584E+01    2.83868E-01    3.86466E-03    6.99023E+01    6.69768E-05    7.93536E-03   -2.00174E-03    9.93339E-01    9.84174E-01    9.90538E-01
    5.11214E+01    2.87635E-01    3.76720E-03    7.42767E+01    6.29341E-05    7.70811E-03   -1.87595E-03    9.93368E-01    9.84342E-01    9.90633E-01
    5.23004E+01    2.91289E-01    3.65428E-03    7.88346E+01    5.88593E-05    7.46865E-03   -1.75457E-03    9.93414E-01    9.84548E-01    9.90748E-01
    5.34957E+01    2.94799E-01    3.50918E-03    8.35839E+01    5.45071E-05    7.19877E-03   -1.63854E-03    9.93491E-01    9.84827E-01    9.90897E-01
    5.47074E+01    2.98020E-01    3.22101E-03    8.85325E+01    4.82569E-05    6.77352E-03   -1.54153E-03    9.93694E-01    9.85429E-01    9.91151E-01
    5.59359E+01    3.01808E-01    3.78871E-03    9.19465E+01    5.47598E-05    7.15622E-03   -1.88369E-03    9.93043E-01    9.84191E-01    9.89849E-01
    5.71814E+01    3.05224E-01    3.41574E-03    9.72461E+01    4.76364E-05    6.75330E-03   -1.42455E-03    9.93460E-01    9.84992E-01    9.90944E-01
    5.84440E+01    3.08300E-01    3.07632E-03    1.02768E+02    4.14045E-05    6.29965E-03   -1.31106E-03    9.93737E-01    9.85728E-01    9.91324E-01
    5.97241E+01    3.11831E-01    3.53015E-03    1.06578E+02    4.58614E-05    6.58005E-03   -1.60137E-03    9.93181E-01    9.84701E-01    9.90152E-01
    6.10218E+01    3.14831E-01    3.00023E-03    1.12492E+02    3.76289E-05    6.01447E-03   -1.20627E-03    9.93755E-01    9.85896E-01    9.91377E-01
    6.23374E+01    3.18120E-01    3.28949E-03    1.16571E+02    3.98363E-05    6.13859E-03   -1.46766E-03    9.93351E-01    9.85219E-01    9.90377E-01
    6.36712E+01    3.21673E-01    3.55305E-03    1.20765E+02    4.15533E-05    6.27697E-03   -1.46728E-03    9.93085E-01    9.84656E-01    9.90030E-01
    6.50234E+01    3.24625E-01    2.95159E-03    1.27274E+02    3.33412E-05    5.67603E-03   -1.06018E-03    9.93749E-01    9.86021E-01    9.91449E-01
    6.63943E+01    3.27800E-01    3.17459E-03    1.31764E+02    3.46418E-05    5.74325E-03   -1.28722E-03    9.93415E-01    9.85488E-01    9.90544E-01
    6.77840E+01    3.31097E-01    3.29701E-03    1.36380E+02    3.47603E-05    5.75335E-03   -1.28814E-03    9.93275E-01    9.85224E-01    9.90322E-01
    6.91930E+01    3.34572E-01    3.47542E-03    1.41123E+02    3.54065E-05    5.81739E-03   -1.25079E-03    9.93100E-01    9.84847E-01    9.90154E-01
    7.06214E+01    3.37432E-01    2.86014E-03    1.48487E+02    2.81603E-05    5.23217E-03   -8.85869E-04    9.93790E-01    9.86265E-01    9.91616E-01
    7.20695E+01    3.40463E-01    3.03117E-03    1.53567E+02    2.88464E-05    5.26165E-03   -1.07774E-03    9.93515E-01    9.85843E-01    9.90796E-01
    7.35376E+01    3.43548E-01    3.08496E-03    1.58789E+02    2.83806E-05    5.21801E-03   -1.07377E-03    9.93442E-01    9.85729E-01    9.90658E-01
    7.50259E+01    3.46652E-01    3.10342E-03    1.64155E+02    2.76031E-05    5.14869E-03   -1.04597E-03    9.93415E-01    9.85700E-01    9.90628E-01
    7.65348E+01    3.49757E-01    3.10567E-03    1.69671E+02    2.67099E-05    5.06805E-03   -1.01233E-03    9.93407E-01    9.85708E-01    9.90635E-01
    7.80645E+01    3.52855E-01    3.09787E-03    1.75339E+02    2.57652E-05    4.98104E-03   -9.76947E-04    9.93411E-01    9.85739E-01    9.90661E-01
    7.96153E+01    3.55937E-01    3.08217E-03    1.81166E+02    2.47931E-05    4.88951E-03   -9.41189E-04    9.93423E-01    9.85788E-01    9.90700E-01
    8.11876E+01    3.58996E-01    3.05872E-03    1.87154E+02    2.37996E-05    4.79369E-03   -9.05640E-04    9.93443E-01    9.85855E-01    9.90750E-01
    8.27815E+01    3.62022E-01    3.02565E-03    1.93309E+02    2.27747E-05    4.69220E-03   -8.70609E-04    9.93474E-01    9.85944E-01    9.90813E-01
    8.43974E+01    3.64999E-01    2.97682E-03    1.99634E+02    2.16790E-05    4.58032E-03   -8.36462E-04    9.93521E-01    9.86069E-01    9.90894E-01
    8.60356E+01    3.67889E-01    2.89055E-03    2.06136E+02    2.03688E-05    4.44083E-03   -8.04856E-04    9.93608E-01    9.86283E-01    9.91009E-01
    8.76964E+01    3.70523E-01    2.63435E-03    2.12818E+02    1.79640E-05    4.16332E-03   -7.94174E-04    9.93871E-01    9.86909E-01    9.91236E-01
    8.93802E+01    3.74178E-01    3.65447E-03    2.16229E+02    2.41180E-05    4.61430E-03   -1.68113E-03    9.92564E-01    9.84742E-01    9.86909E-01
    9.10872E+01    3.77323E-01    3.14493E-03    2.23191E+02    2.00891E-05    4.40944E-03   -8.03674E-04    9.93327E-01    9.85748E-01    9.90548E-01
    9.28177E+01    3.80329E-01    3.00651E-03    2.30347E+02    1.85903E-05    4.24980E-03   -7.27663E-04    9.93485E-01    9.86080E-01    9.90899E-01
    9.45721E+01    3.83208E-01    2.87851E-03    2.37703E+02    1.72308E-05    4.09339E-03   -6.89163E-04    9.93621E-01    9.86390E-01    9.91103E-01
    9.63507E+01    3.85810E-01    2.60238E-03    2.45262E+02    1.50822E-05    3.82443E-03   -6.75283E-04    9.93911E-01    9.87062E-01    9.91376E-01
    9.81539E+01    3.89360E-01    3.55006E-03    2.49120E+02    1.99217E-05    4.21206E-03   -1.47656E-03    9.92682E-01    9.85035E-01    9.87062E-01
    9.99820E+01    3.92350E-01    2.98979E-03    2.56997E+02    1.62466E-05    3.97302E-03   -6.79532E-04    9.93490E-01    9.86177E-01    9.90832E-01
    1.01835E+02    3.95000E-01    2.65022E-03    2.65093E+02    1.39468E-05    3.68087E-03   -6.30901E-04    9.93861E-01    9.86993E-01    9.91325E-01
    1.03714E+02    3.98579E-01    3.57903E-03    2.69224E+02    1.82418E-05    4.03795E-03   -1.39169E-03    9.92665E-01    9.85026E-01    9.86993E-01
    1.05619E+02    4.01574E-01    2.99483E-03    2.77660E+02    1.47849E-05    3.79401E-03   -6.24804E-04    9.93492E-01    9.86215E-01    9.90874E-01
    1.07550E+02    4.04222E-01    2.64814E-03    2.86330E+02    1.26639E-05    3.51138E-03   -5.77983E-04    9.93871E-01    9.87044E-01    9.91383E-01
    1.09508E+02    4.07774E-01    3.55146E-03    2.90755E+02    1.64530E-05    3.84323E-03   -1.29715E-03    9.92706E-01    9.85130E-01    9.87044E-01
    1.11492E+02    4.10733E-01    2.95971E-03    2.99788E+02    1.32842E-05    3.59986E-03   -5.70234E-04    9.93536E-01    9.86343E-01    9.90978E-01
    1.13505E+02    4.13336E-01    2.60273E-03    3.09073E+02    1.13187E-05    3.32278E-03   -5.27059E-04    9.93930E-01    9.87198E-01    9.91500E-01
    1.15544E+02    4.16786E-01    3.45018E-03    3.13812E+02    1.45385E-05    3.61822E-03   -1.20291E-03    9.92821E-01    9.85389E-01    9.87198E-01
    1.17612E+02    4.19506E-01    2.72002E-03    3.23487E+02    1.11069E-05    3.28981E-03   -5.32975E-04    9.93794E-01    9.86944E-01    9.91233E-01
    1.19709E+02    4.23086E-01    3.57948E-03    3.28424E+02    1.41649E-05    3.57328E-03   -1.18178E-03    9.92700E-01    9.85157E-01    9.86944E-01
    1.21835E+02    4.26033E-01    2.94751E-03    3.38505E+02    1.13046E-05    3.32515E-03   -4.97918E-04    9.93564E-01    9.86448E-01    9.91071E-01
    1.23989E+02    4.28614E-01    2.58027E-03    3.48866E+02    9.59174E-06    3.06310E-03   -4.57329E-04    9.93970E-01    9.87325E-01    9.91618E-01
    1.26174E+02    4.31998E-01    3.38407E-03    3.54153E+02    1.21937E-05    3.32355E-03   -1.07132E-03    9.92913E-01    9.85602E-01    9.87325E-01
    1.28389E+02    4.34646E-01    2.64870E-03    3.64949E+02    9.25162E-06    3.00663E-03   -4.60227E-04    9.93889E-01    9.87185E-01    9.91422E-01
    1.30634E+02    4.38079E-01    3.43218E-03    3.70459E+02    1.16218E-05    3.24449E-03   -1.04647E-03    9.92872E-01    9.85537E-01    9.87185E-01
    1.32910E+02    4.40742E-01    2.66325E-03    3.81708E+02    8.74302E-06    2.92389E-03   -4.40317E-04    9.93879E-01    9.87178E-01    9.91420E-01
    1.35218E+02    4.44177E-01    3.43547E-03    3.87449E+02    1.09347E-05    3.14979E-03   -1.00674E-03    9.92879E-01    9.85561E-01    9.87178E-01
    1.37558E+02    4.46836E-01    2.65898E-03    3.99170E+02    8.20605E-06    2.83388E-03   -4.18553E-04    9.93891E-01    9.87216E-01    9.91455E-01
    1.39929E+02    4.50253E-01    3.41674E-03    4.05152E+02    1.02248E-05    3.04860E-03   -9.64784E-04    9.92909E-01    9.85629E-01    9.87216E-01
    1.42334E+02    4.52889E-01    2.63552E-03    4.17365E+02    7.64817E-06    2.73689E-03   -3.96971E-04    9.93925E-01    9.87299E-01    9.91517E-01
    1.44772E+02    4.56256E-01    3.36745E-03    4.23598E+02    9.47685E-06    2.93703E-03   -9.22330E-04    9.92970E-01    9.85761E-01    9.87299E-01
    1.47243E+02    4.58807E-01    2.55087E-03    4.36324E+02    6.96223E-06    2.61136E-03   -3.78216E-04    9.94026E-01    9.87528E-01    9.91636E-01
    1.49749E+02    4.61959E-01    3.15233E-03    4.42818E+02    8.34471E-06    2.74960E-03   -8.85678E-04    9.93202E-01    9.86266E-01    9.87528E-01
    1.52289E+02    4.65620E-01    3.66061E-03    4.49403E+02    9.39889E-06    2.90236E-03   -9.87532E-04    9.92680E-01    9.85257E-01    9.86266E-01
    1.54864E+02    4.68325E-01    2.70522E-03    4.62846E+02    6.73736E-06    2.56996E-03   -3.64229E-04    9.93864E-01    9.87201E-01    9.91433E-01
    1.57474E+02    4.71745E-01    3.42003E-03    4.69706E+02    8.26239E-06    2.74632E-03   -8.48586E-04    9.92944E-01    9.85725E-01    9.87201E-01
    1.60121E+02    4.74323E-01    2.57827E-03    4.83713E+02    6.04246E-06    2.43468E-03   -3.38823E-04    9.94015E-01    9.87527E-01    9.91658E-01
    1.62804E+02    4.77491E-01    3.16775E-03    4.90862E+02    7.20222E-06    2.55969E-03   -8.06367E-04    9.93213E-01    9.86298E-01    9.87527E-01
    1.65524E+02    4.81149E-01    3.65738E-03    4.98110E+02    8.06745E-06    2.69489E-03   -8.97227E-04    9.92712E-01    9.85331E-01    9.86298E-01
    1.68282E+02    4.83850E-01    2.70174E-03    5.12906E+02    5.78204E-06    2.38270E-03   -3.23700E-04    9.93888E-01    9.87272E-01    9.91510E-01
    1.71078E+02    4.87246E-01    3.39589E-03    5.20457E+02    7.05152E-06    2.54191E-03   -7.68247E-04    9.92995E-01    9.85839E-01    9.87272E-01
    1.73912E+02    4.89804E-01    2.55776E-03    5.35875E+02    5.15347E-06    2.25017E-03   -3.00333E-04    9.94057E-01    9.87636E-01    9.91758E-01
    1.76786E+02    4.92927E-01    3.12340E-03    5.43743E+02    6.10659E-06    2.36152E-03   -7.27870E-04    9.93285E-01    9.86453E-01    9.87636E-01
    1.79699E+02    4.96506E-01    3.57866E-03    5.51721E+02    6.78955E-06    2.47700E-03   -8.08721E-04    9.92816E-01    9.85551E-01    9.86453E-01
    1.82653E+02    4.99105E-01    2.59857E-03    5.68007E+02    4.78435E-06    2.16829E-03   -2.87839E-04    9.94020E-01    9.87572E-01    9.91692E-01
    1.85647E+02    5.02258E-01    3.15354E-03    5.76319E+02    5.63473E-06    2.26983E-03   -6.94713E-04    9.93268E-01    9.86425E-01    9.87572E-01
    1.88682E+02    5.05853E-01    3.59520E-03    5.84745E+02    6.23452E-06    2.37559E-03   -7.68837E-04    9.92816E-01    9.85555E-01    9.86425E-01
    1.91760E+02    5.08459E-01    2.60551E-03    6.01949E+02    4.38524E-06    2.07660E-03   -2.70150E-04    9.94023E-01    9.87589E-01    9.91715E-01
    1.94879E+02    5.11612E-01    3.15294E-03    6.10730E+02    5.15058E-06    2.17217E-03   -6.57460E-04    9.93283E-01    9.86460E-01    9.87589E-01
    1.98042E+02    5.15196E-01    3.58419E-03    6.19631E+02    5.68312E-06    2.27042E-03   -7.26856E-04    9.92842E-01    9.85612E-01    9.86460E-01
    2.01249E+02    5.17792E-01    2.59599E-03    6.37805E+02    3.99549E-06    1.98284E-03   -2.52654E-04    9.94044E-01    9.87643E-01    9.91764E-01
    2.04499E+02    5.20924E-01    3.13177E-03    6.47080E+02    4.67892E-06    2.07220E-03   -6.20421E-04    9.93319E-01    9.86537E-01    9.87643E-01
    2.07795E+02    5.24470E-01    3.54685E-03    6.56483E+02    5.14403E-06    2.16202E-03   -6.85337E-04    9.92893E-01    9.85719E-01    9.86537E-01
    2.11136E+02    5.27022E-01    2.55154E-03    6.75681E+02    3.59239E-06    1.88057E-03   -2.36336E-04    9.94104E-01    9.87778E-01    9.91851E-01
    2.14523E+02    5.30065E-01    3.04345E-03    6.85479E+02    4.15991E-06    1.95408E-03   -5.84360E-04    9.93426E-01    9.86761E-01    9.87778E-01
    2.17957E+02    5.33410E-01    3.34498E-03    6.95412E+02    4.43876E-06    2.00474E-03   -6.47917E-04    9.93110E-01    9.86178E-01    9.86761E-01
    2.21439E+02    5.37088E-01    3.67774E-03    7.05482E+02    4.73822E-06    2.07269E-03   -6.64957E-04    9.92783E-01    9.85518E-01    9.86178E-01
    2.24968E+02    5.39714E-01    2.62560E-03    7.26041E+02    3.28429E-06    1.79871E-03   -2.21186E-04    9.94035E-01    9.87643E-01    9.91777E-01
    2.28546E+02    5.42860E-01    3.14611E-03    7.36534E+02    3.82105E-06    1.87579E-03   -5.49973E-04    9.93335E-01    9.86578E-01    9.87643E-01
    2.32174E+02    5.46401E-01    3.54105E-03    7.47172E+02    4.17589E-06    1.95170E-03   -6.05605E-04    9.92932E-01    9.85804E-01    9.86578E-01
    2.35851E+02    5.48947E-01    2.54594E-03    7.68890E+02    2.91533E-06    1.69518E-03   -2.04173E-04    9.94134E-01    9.87857E-01    9.91932E-01
    2.39579E+02    5.51968E-01    3.02153E-03    7.79974E+02    3.35972E-06    1.75937E-03   -5.14140E-04    9.93478E-01    9.86874E-01    9.87857E-01
    2.43359E+02    5.55273E-01    3.30460E-03    7.91211E+02    3.56816E-06    1.80121E-03   -5.69033E-04    9.93181E-01    9.86327E-01    9.86874E-01
    2.47191E+02    5.58885E-01    3.61228E-03    8.02604E+02    3.78765E-06    1.85680E-03   -5.83039E-04    9.92878E-01    9.85714E-01    9.86327E-01
    2.51076E+02    5.61447E-01    2.56175E-03    8.25862E+02    2.60856E-06    1.60384E-03   -1.90432E-04    9.94128E-01    9.87855E-01    9.91928E-01
    2.55014E+02    5.64474E-01    3.02694E-03    8.37732E+02    2.99334E-06    1.66187E-03   -4.81169E-04    9.93488E-01    9.86899E-01    9.87855E-01
    2.59007E+02    5.67772E-01    3.29788E-03    8.49766E+02    3.16729E-06    1.69855E-03   -5.31253E-04    9.93205E-01    9.86376E-01    9.86899E-01
    2.63055E+02    5.71363E-01    3.59118E-03    8.61967E+02    3.34968E-06    1.74768E-03   -5.43402E-04    9.92916E-01    9.85793E-01    9.86376E-01
    2.67158E+02    5.73899E-01    2.53620E-03    8.86875E+02    2.29760E-06    1.50556E-03   -1.75731E-04    9.94168E-01    9.87948E-01    9.91995E-01
    2.71319E+02    5.76877E-01    2.97773E-03    8.99587E+02    2.62007E-06    1.55565E-03   -4.47253E-04    9.93556E-01    9.87040E-01    9.87948E-01
    2.75536E+02    5.80085E-01    3.20810E-03    9.12475E+02    2.74173E-06    1.58058E-03   -4.93447E-04    9.93312E-01    9.86600E-01    9.87040E-01
    2.79812E+02    5.83479E-01    3.39387E-03    9.25541E+02    2.81729E-06    1.60026E-03   -5.06427E-04    9.93127E-01    9.86238E-01    9.86600E-01
    2.84147E+02    5.87129E-01    3.64989E-03    9.38787E+02    2.94298E-06    1.63846E-03   -5.08341E-04    9.92879E-01    9.85728E-01    9.86238E-01
    2.88542E+02    5.89690E-01    2.56095E-03    9.65830E+02    2.00581E-06    1.40705E-03   -1.61329E-04    9.94155E-01    9.87929E-01    9.91989E-01
    2.92998E+02    5.92687E-01    2.99689E-03    9.79632E+02    2.28010E-06    1.45238E-03   -4.13162E-04    9.93554E-01    9.87039E-01    9.87929E-01
    2.97514E+02    5.95907E-01    3.22019E-03    9.93624E+02    2.37995E-06    1.47407E-03   -4.55040E-04    9.93319E-01    9.86615E-01    9.87039E-01
    3.02094E+02    5.99306E-01    3.39905E-03    1.00781E+03    2.44038E-06    1.49093E-03   -4.66388E-04    9.93141E-01    9.86267E-01    9.86615E-01
    3.06736E+02    6.02953E-01    3.64722E-03    1.02219E+03    2.54382E-06    1.52482E-03   -4.67692E-04    9.92902E-01    9.85774E-01    9.86267E-01
    3.11443E+02    6.05514E-01    2.56062E-03    1.05155E+03    1.73502E-06    1.30899E-03   -1.46831E-04    9.94170E-01    9.87967E-01    9.92029E-01
    3.16214E+02    6.08504E-01    2.99010E-03    1.06654E+03    1.96829E-06    1.35061E-03   -3.79652E-04    9.93578E-01    9.87090E-01    9.87967E-01
    3.21051E+02    6.11711E-01    3.20683E-03    1.08173E+03    2.05085E-06    1.36978E-03   -4.17794E-04    9.93350E-01    9.86679E-01    9.87090E-01
    3.25955E+02    6.15089E-01    3.37859E-03    1.09713E+03    2.09922E-06    1.38424E-03   -4.27886E-04    9.93179E-01    9.86344E-01    9.86679E-01
    3.30927E+02    6.18706E-01    3.61696E-03    1.11274E+03    2.18343E-06    1.41406E-03   -4.28808E-04    9.92949E-01    9.85870E-01    9.86344E-01
    3.35967E+02    6.21243E-01    2.53677E-03    1.14462E+03    1.48785E-06    1.21247E-03   -1.33308E-04    9.94209E-01    9.88056E-01    9.92099E-01
    3.41077E+02    6.24194E-01    2.95058E-03    1.16089E+03    1.68143E-06    1.24921E-03   -3.47709E-04    9.93636E-01    9.87209E-01    9.88056E-01
    3.46258E+02    6.27340E-01    3.14680E-03    1.17738E+03    1.74237E-06    1.26342E-03   -3.82279E-04    9.93428E-01    9.86838E-01    9.87209E-01
    3.51510E+02    6.30622E-01    3.28149E-03    1.19411E+03    1.76544E-06    1.26976E-03   -3.91351E-04    9.93293E-01    9.86579E-01    9.86838E-01
    3.56834E+02    6.34040E-01    3.41823E-03    1.21106E+03    1.78690E-06    1.27751E-03   -3.93549E-04    9.93160E-01    9.86311E-01    9.86579E-01
    3.62232E+02    6.37676E-01    3.63614E-03    1.22824E+03    1.84701E-06    1.30139E-03   -3.91646E-04    9.92950E-01    9.85877E-01    9.86311E-01
    3.67704E+02    6.40220E-01    2.54341E-03    1.26333E+03    1.25540E-06    1.11399E-03   -1.20058E-04    9.94216E-01    9.88078E-01    9.92124E-01
    3.73252E+02    6.43170E-01    2.95037E-03    1.28124E+03    1.41509E-06    1.14693E-03   -3.15657E-04    9.93654E-01    9.87247E-01    9.88078E-01
    3.78876E+02    6.46310E-01    3.13964E-03    1.29939E+03    1.46332E-06    1.15896E-03   -3.46590E-04    9.93454E-01    9.86891E-01    9.87247E-01
    3.84578E+02    6.49577E-01    3.26775E-03    1.31780E+03    1.48002E-06    1.16379E-03   -3.54440E-04    9.93325E-01    9.86644E-01    9.86891E-01
    3.90359E+02    6.52975E-01    3.39746E-03    1.33646E+03    1.49535E-06    1.16984E-03   -3.56122E-04    9.93198E-01    9.86390E-01    9.86644E-01
    3.96220E+02    6.56581E-01    3.60605E-03    1.35537E+03    1.54240E-06    1.19037E-03   -3.54147E-04    9.92998E-01    9.85974E-01    9.86390E-01
    4.02161E+02    6.59102E-01    2.52145E-03    1.39399E+03    1.04809E-06    1.01811E-03   -1.07463E-04    9.94254E-01    9.88163E-01    9.92193E-01
    4.08184E+02    6.62018E-01    2.91576E-03    1.41370E+03    1.17786E-06    1.04717E-03   -2.85111E-04    9.93707E-01    9.87356E-01    9.88163E-01
    4.14291E+02    6.65109E-01    3.09133E-03    1.43369E+03    1.21362E-06    1.05632E-03   -3.12733E-04    9.93520E-01    9.87025E-01    9.87356E-01
    4.20481E+02    6.68310E-01    3.20017E-03    1.45395E+03    1.22100E-06    1.05778E-03   -3.19523E-04    9.93410E-01    9.86817E-01    9.87025E-01
    4.26758E+02    6.71604E-01    3.29391E-03    1.47448E+03    1.22143E-06    1.05756E-03   -3.20917E-04    9.93318E-01    9.86635E-01    9.86817E-01
    4.33120E+02    6.75007E-01    3.40383E-03    1.49530E+03    1.22672E-06    1.06028E-03   -3.20200E-04    9.93212E-01    9.86419E-01    9.86635E-01
    4.39571E+02    6.78604E-01    3.59694E-03    1.51641E+03    1.25991E-06    1.07667E-03   -3.17322E-04    9.93026E-01    9.86033E-01    9.86419E-01
    4.46111E+02    6.81114E-01    2.50986E-03    1.55951E+03    8.54455E-07    9.19459E-04   -9.51377E-05    9.94281E-01    9.88227E-01    9.92245E-01
    4.52741E+02    6.84007E-01    2.89325E-03    1.58150E+03    9.57341E-07    9.44765E-04   -2.54479E-04    9.93748E-01    9.87441E-01    9.88227E-01
    4.59462E+02    6.87065E-01    3.05768E-03    1.60380E+03    9.83376E-07    9.51665E-04   -2.78764E-04    9.93573E-01    9.87132E-01    9.87441E-01
    4.66276E+02    6.90219E-01    3.15339E-03    1.62641E+03    9.85735E-07    9.51212E-04   -2.84484E-04    9.93476E-01    9.86950E-01    9.87132E-01
    4.73184E+02    6.93447E-01    3.22805E-03    1.64933E+03    9.80805E-07    9.48330E-04   -2.85438E-04    9.93403E-01    9.86806E-01    9.86950E-01
    4.80188E+02    6.96749E-01    3.30240E-03    1.67256E+03    9.75303E-07    9.45658E-04   -2.84664E-04    9.93330E-01    9.86662E-01    9.86806E-01
    4.87288E+02    7.00147E-01    3.39847E-03    1.69612E+03    9.75587E-07    9.46306E-04   -2.83006E-04    9.93237E-01    9.86473E-01    9.86662E-01
    4.94486E+02    7.03726E-01    3.57862E-03    1.72000E+03    9.98567E-07    9.59296E-04   -2.79855E-04    9.93065E-01    9.86112E-01    9.86473E-01
    5.01783E+02    7.06219E-01    2.49333E-03    1.76875E+03    6.76282E-07    8.18168E-04   -8.29623E-05    9.94315E-01    9.88303E-01    9.92306E-01
    5.09181E+02    7.09085E-01    2.86542E-03    1.79363E+03    7.55487E-07    8.39884E-04   -2.23788E-04    9.93796E-01    9.87540E-01    9.88303E-01
    5.16682E+02    7.12104E-01    3.01894E-03    1.81886E+03    7.73732E-07    8.44862E-04   -2.44829E-04    9.93632E-01    9.87251E-01    9.87540E-01
    5.24285E+02    7.15206E-01    3.10252E-03    1.84443E+03    7.72953E-07    8.43016E-04   -2.49554E-04    9.93547E-01    9.87093E-01    9.87251E-01
    5.31994E+02    7.18367E-01    3.16118E-03    1.87036E+03    7.65593E-07    8.38474E-04   -2.50107E-04    9.93489E-01    9.86981E-01    9.87093E-01
    5.39809E+02    7.21578E-01    3.21080E-03    1.89664E+03    7.55919E-07    8.32970E-04   -2.49159E-04    9.93441E-01    9.86887E-01    9.86981E-01
    5.47732E+02    7.24838E-01    3.26008E-03    1.92329E+03    7.46123E-07    8.27548E-04   -2.47564E-04    9.93394E-01    9.86792E-01    9.86887E-01
    5.55764E+02    7.28156E-01    3.31792E-03    1.95030E+03    7.38199E-07    8.23317E-04   -2.45658E-04    9.93338E-01    9.86680E-01    9.86792E-01
    5.63907E+02    7.31558E-01    3.40157E-03    1.97769E+03    7.35729E-07    8.22460E-04   -2.43493E-04    9.93258E-01    9.86515E-01    9.86680E-01
    5.72163E+02    7.35128E-01    3.57032E-03    2.00546E+03    7.50726E-07    8.32453E-04   -2.40307E-04    9.93096E-01    9.86177E-01    9.86515E-01
    5.80532E+02    7.37614E-01    2.48616E-03    2.06214E+03    5.08211E-07    7.09402E-04   -7.04220E-05    9.94340E-01    9.88362E-01    9.92358E-01
    5.89017E+02    7.40465E-01    2.85055E-03    2.09107E+03    5.66486E-07    7.27836E-04   -1.91678E-04    9.93832E-01    9.87614E-01    9.88362E-01
    5.97619E+02    7.43462E-01    2.99764E-03    2.12040E+03    5.79150E-07    7.31622E-04   -2.09474E-04    9.93675E-01    9.87338E-01    9.87614E-01
    6.06340E+02    7.46538E-01    3.07574E-03    2.15014E+03    5.77720E-07    7.29529E-04   -2.13325E-04    9.93595E-01    9.87189E-01    9.87338E-01
    6.15181E+02    7.49668E-01    3.12936E-03    2.18028E+03    5.71459E-07    7.25134E-04   -2.13635E-04    9.93542E-01    9.87087E-01    9.87189E-01
    6.24144E+02    7.52842E-01    3.17407E-03    2.21085E+03    5.63523E-07    7.19924E-04   -2.12682E-04    9.93498E-01    9.87001E-01    9.87087E-01
    6.33230E+02    7.56060E-01    3.21836E-03    2.24183E+03    5.55521E-07    7.14787E-04   -2.11188E-04    9.93456E-01    9.86916E-01    9.87001E-01
    6.42442E+02    7.59331E-01    3.27083E-03    2.27324E+03    5.48906E-07    7.10664E-04   -2.09435E-04    9.93405E-01    9.86813E-01    9.86916E-01
    6.51782E+02    7.62679E-01    3.34813E-03    2.30508E+03    5.46290E-07    7.09400E-04   -2.07466E-04    9.93330E-01    9.86659E-01    9.86813E-01
    6.61250E+02    7.66187E-01    3.50762E-03    2.33737E+03    5.56438E-07    7.17329E-04   -2.04640E-04    9.93176E-01    9.86338E-01    9.86659E-01
    6.70849E+02    7.68630E-01    2.44353E-03    2.40328E+03    3.76888E-07    6.11036E-04   -5.93554E-05    9.94403E-01    9.88497E-01    9.92460E-01
    6.80580E+02    7.71425E-01    2.79492E-03    2.43692E+03    4.19137E-07    6.26527E-04   -1.63100E-04    9.93909E-01    9.87770E-01    9.88497E-01
    6.90445E+02    7.74357E-01    2.93241E-03    2.47102E+03    4.27571E-07    6.29177E-04   -1.78067E-04    9.93760E-01    9.87511E-01    9.87770E-01
    7.00447E+02    7.77359E-01    3.00152E-03    2.50559E+03    4.25526E-07    6.26660E-04   -1.81172E-04    9.93689E-01    9.87379E-01    9.87511E-01
    7.10587E+02    7.80404E-01    3.04510E-03    2.54064E+03    4.19753E-07    6.22009E-04   -1.81267E-04    9.93646E-01    9.87295E-01    9.87379E-01
    7.20866E+02    7.83481E-01    3.07723E-03    2.57618E+03    4.12441E-07    6.16393E-04   -1.80279E-04    9.93614E-01    9.87235E-01    9.87295E-01
    7.31288E+02    7.86585E-01    3.10402E-03    2.61220E+03    4.04521E-07    6.10366E-04   -1.78815E-04    9.93589E-01    9.87184E-01    9.87235E-01
    7.41853E+02    7.89714E-01    3.12898E-03    2.64873E+03    3.96495E-07    6.04253E-04   -1.77125E-04    9.93565E-01    9.87137E-01    9.87184E-01
    7.52564E+02    7.92869E-01    3.15495E-03    2.68575E+03    3.88731E-07    5.98324E-04   -1.75328E-04    9.93541E-01    9.87088E-01    9.87137E-01
    7.63423E+02    7.96055E-01    3.18541E-03    2.72329E+03    3.81634E-07    5.92905E-04   -1.73489E-04    9.93512E-01    9.87029E-01    9.87088E-01
    7.74432E+02    7.99281E-01    3.22650E-03    2.76134E+03    3.75875E-07    5.88570E-04   -1.71639E-04    9.93472E-01    9.86948E-01    9.87029E-01
    7.85593E+02    8.02574E-01    3.29320E-03    2.79992E+03    3.73048E-07    5.86721E-04   -1.69723E-04    9.93407E-01    9.86814E-01    9.86948E-01
    7.96907E+02    8.06015E-01    3.44026E-03    2.83904E+03    3.78943E-07    5.92446E-04   -1.67183E-04    9.93264E-01    9.86514E-01    9.86814E-01
    8.08378E+02    8.08410E-01    2.39503E-03    2.91889E+03    2.56528E-07    5.04210E-04   -4.79614E-05    9.94474E-01    9.88651E-01    9.92573E-01
    8.20007E+02    8.11142E-01    2.73244E-03    2.95964E+03    2.84590E-07    5.16633E-04   -1.32967E-04    9.93996E-01    9.87947E-01    9.88651E-01
    8.31797E+02    8.14003E-01    2.86046E-03    3.00096E+03    2.89702E-07    5.18342E-04   -1.44997E-04    9.93856E-01    9.87703E-01    9.87947E-01
    8.43749E+02    8.16924E-01    2.92183E-03    3.04284E+03    2.87755E-07    5.15787E-04   -1.47372E-04    9.93792E-01    9.87585E-01    9.87703E-01
    8.55867E+02    8.19883E-01    2.95814E-03    3.08531E+03    2.83297E-07    5.11465E-04   -1.47311E-04    9.93756E-01    9.87516E-01    9.87585E-01
    8.68151E+02    8.22865E-01    2.98285E-03    3.12836E+03    2.77788E-07    5.06323E-04   -1.46374E-04    9.93731E-01    9.87469E-01    9.87516E-01
    8.80605E+02    8.25867E-01    3.00159E-03    3.17200E+03    2.71829E-07    5.00788E-04   -1.45052E-04    9.93713E-01    9.87434E-01    9.87469E-01
    8.93231E+02    8.28884E-01    3.01726E-03    3.21625E+03    2.65718E-07    4.95090E-04   -1.43542E-04    9.93699E-01    9.87405E-01    9.87434E-01
    9.06031E+02    8.31916E-01    3.03173E-03    3.26111E+03    2.59637E-07    4.89378E-04   -1.41939E-04    9.93685E-01    9.87378E-01    9.87405E-01
    9.19008E+02    8.34963E-01    3.04657E-03    3.30659E+03    2.53723E-07    4.83777E-04   -1.40294E-04    9.93672E-01    9.87351E-01    9.87378E-01
    9.32164E+02    8.38026E-01    3.06360E-03    3.35269E+03    2.48116E-07    4.78430E-04   -1.38639E-04    9.93656E-01    9.87318E-01    9.87351E-01
    9.45501E+02    8.41112E-01    3.08562E-03    3.39943E+03    2.43021E-07    4.73553E-04   -1.36997E-04    9.93634E-01    9.87275E-01    9.87318E-01
    9.59023E+02    8.44230E-01    3.11817E-03    3.44682E+03    2.38826E-07    4.69575E-04   -1.35372E-04    9.93603E-01    9.87210E-01    9.87275E-01
    9.72731E+02    8.47405E-01    3.17524E-03    3.49486E+03    2.36506E-07    4.67575E-04   -1.33716E-04    9.93546E-01    9.87092E-01    9.87210E-01
    9.86628E+02    8.50714E-01    3.30851E-03    3.54356E+03    2.39654E-07    4.71529E-04   -1.31587E-04    9.93414E-01    9.86816E-01    9.87092E-01
    1.00072E+03    8.53015E-01    2.30173E-03    3.64299E+03    1.62143E-07    4.00933E-04   -3.73513E-05    9.94598E-01    9.88910E-01    9.92753E-01
    1.01500E+03    8.55634E-01    2.61890E-03    3.69374E+03    1.79413E-07    4.10487E-04   -1.04469E-04    9.94139E-01    9.88236E-01    9.88910E-01
    1.02948E+03    8.58369E-01    2.73489E-03    3.74518E+03    1.82209E-07    4.11417E-04   -1.13778E-04    9.94010E-01    9.88012E-01    9.88236E-01
    1.04416E+03    8.61156E-01    2.78705E-03    3.79734E+03    1.80582E-07    4.08949E-04   -1.15510E-04    9.93954E-01    9.87910E-01    9.88012E-01
    1.05904E+03    8.63971E-01    2.81500E-03    3.85022E+03    1.77382E-07    4.05067E-04   -1.15339E-04    9.93925E-01    9.87856E-01    9.87910E-01
    1.07413E+03    8.66803E-01    2.83146E-03    3.90382E+03    1.73518E-07    4.00514E-04   -1.14484E-04    9.93909E-01    9.87825E-01    9.87856E-01
    1.08943E+03    8.69644E-01    2.84160E-03    3.95817E+03    1.69357E-07    3.95620E-04   -1.13325E-04    9.93900E-01    9.87806E-01    9.87825E-01
    1.10494E+03    8.72492E-01    2.84794E-03    4.01327E+03    1.65075E-07    3.90547E-04   -1.12016E-04    9.93894E-01    9.87796E-01    9.87806E-01
    1.12066E+03    8.75344E-01    2.85186E-03    4.06912E+03    1.60764E-07    3.85391E-04   -1.10626E-04    9.93891E-01    9.87791E-01    9.87796E-01
    1.13660E+03    8.78198E-01    2.85423E-03    4.12575E+03    1.56482E-07    3.80209E-04   -1.09195E-04    9.93890E-01    9.87788E-01    9.87791E-01
    1.15276E+03    8.81054E-01    2.85566E-03    4.18316E+03    1.52265E-07    3.75042E-04   -1.07744E-04    9.93890E-01    9.87788E-01    9.87788E-01
    1.16914E+03    8.83911E-01    2.85666E-03    4.24136E+03    1.48140E-07    3.69923E-04   -1.06288E-04    9.93890E-01    9.87788E-01    9.87788E-01
    1.18574E+03    8.86768E-01    2.85771E-03    4.30037E+03    1.44130E-07    3.64882E-04   -1.04836E-04    9.93890E-01    9.87789E-01    9.87788E-01
    1.20258E+03    8.89628E-01    2.85939E-03    4.36018E+03    1.40260E-07    3.59957E-04   -1.03396E-04    9.93889E-01    9.87787E-01    9.87789E-01
    1.21965E+03    8.92490E-01    2.86249E-03    4.42083E+03    1.36562E-07    3.55195E-04   -1.01974E-04    9.93887E-01    9.87783E-01    9.87787E-01
    1.23696E+03    8.95358E-01    2.86827E-03    4.48231E+03    1.33087E-07    3.50672E-04   -1.00578E-04    9.93882E-01    9.87773E-01    9.87783E-01
    1.25450E+03    8.98238E-01    2.87902E-03    4.54464E+03    1.29925E-07    3.46529E-04   -9.92111E-05    9.93872E-01    9.87751E-01    9.87773E-01
    1.27228E+03    9.01137E-01    2.89960E-03    4.60783E+03    1.27268E-07    3.43058E-04   -9.78722E-05    9.93851E-01    9.87708E-01    9.87751E-01
    1.29032E+03    9.04080E-01    2.94257E-03    4.67189E+03    1.25615E-07    3.41027E-04   -9.65211E-05    9.93807E-01    9.87616E-01    9.87708E-01
    1.30860E+03    9.07134E-01    3.05468E-03    4.73684E+03    1.26830E-07    3.43270E-04   -9.48429E-05    9.93692E-01    9.87374E-01    9.87616E-01
    1.32713E+03    9.09253E-01    2.11864E-03    4.86943E+03    8.55565E-08    2.91285E-04   -2.66344E-05    9.94832E-01    9.89396E-01    9.93078E-01
    1.34592E+03    9.11655E-01    2.40164E-03    4.93710E+03    9.43293E-08    2.97824E-04   -7.50360E-05    9.94405E-01    9.88771E-01    9.89396E-01
    1.36496E+03    9.14154E-01    2.49914E-03    5.00571E+03    9.54713E-08    2.98022E-04   -8.15731E-05    9.94292E-01    9.88576E-01    9.88771E-01
    1.38427E+03    9.16692E-01    2.53806E-03    5.07526E+03    9.43044E-08    2.95752E-04   -8.26742E-05    9.94248E-01    9.88498E-01    9.88576E-01
    1.40385E+03    9.19247E-01    2.55468E-03    5.14577E+03    9.23242E-08    2.92458E-04   -8.24169E-05    9.94230E-01    9.88466E-01    9.88498E-01
    1.42370E+03    9.21807E-01    2.56057E-03    5.21725E+03    9.00051E-08    2.88678E-04   -8.16720E-05    9.94225E-01    9.88456E-01    9.88466E-01
    1.44382E+03    9.24368E-01    2.56043E-03    5.28973E+03    8.75377E-08    2.84646E-04   -8.07116E-05    9.94226E-01    9.88459E-01    9.88456E-01
    1.46421E+03    9.26924E-01    2.55648E-03    5.36320E+03    8.50120E-08    2.80480E-04   -7.96433E-05    9.94231E-01    9.88471E-01    9.88459E-01
    1.48489E+03    9.29474E-01    2.54994E-03    5.43768E+03    8.24754E-08    2.76243E-04   -7.85175E-05    9.94239E-01    9.88488E-01    9.88471E-01
    1.50586E+03    9.32015E-01    2.54151E-03    5.51320E+03    7.99548E-08    2.71975E-04   -7.73604E-05    9.94250E-01    9.88509E-01    9.88488E-01
    1.52711E+03    9.34547E-01    2.53162E-03    5.58975E+03    7.74663E-08    2.67697E-04   -7.61869E-05    9.94262E-01    9.88533E-01    9.88509E-01
    1.54866E+03    9.37068E-01    2.52058E-03    5.66736E+03    7.50201E-08    2.63428E-04   -7.50063E-05    9.94275E-01    9.88560E-01    9.88533E-01
    1.57051E+03    9.39576E-01    2.50859E-03    5.74605E+03    7.26225E-08    2.59176E-04   -7.38245E-05    9.94290E-01    9.88589E-01    9.88560E-01
    1.59265E+03    9.42072E-01    2.49581E-03    5.82582E+03    7.02779E-08    2.54952E-04   -7.26453E-05    9.94305E-01    9.88620E-01    9.88589E-01
    1.61511E+03    9.44554E-01    2.48235E-03    5.90669E+03    6.79891E-08    2.50761E-04   -7.14716E-05    9.94322E-01    9.88653E-01    9.88620E-01
    1.63787E+03    9.47023E-01    2.46834E-03    5.98867E+03    6.57582E-08    2.46608E-04   -7.03054E-05    9.94338E-01    9.88687E-01    9.88653E-01
    1.66094E+03    9.49477E-01    2.45387E-03    6.07179E+03    6.35869E-08    2.42498E-04   -6.91485E-05    9.94356E-01    9.88722E-01    9.88687E-01
    1.68434E+03    9.51916E-01    2.43904E-03    6.15605E+03    6.14766E-08    2.38437E-04   -6.80021E-05    9.94374E-01    9.88757E-01    9.88722E-01
    1.70806E+03    9.54340E-01    2.42400E-03    6.24148E+03    5.94290E-08    2.34431E-04   -6.68674E-05    9.94392E-01    9.88794E-01    9.88757E-01
    1.73210E+03    9.56749E-01    2.40891E-03    6.32809E+03    5.74463E-08    2.30486E-04   -6.57457E-05    9.94410E-01    9.88830E-01    9.88794E-01
    1.75648E+03    9.59143E-01    2.39399E-03    6.41589E+03    5.55318E-08    2.26614E-04   -6.46382E-05    9.94428E-01    9.88866E-01    9.88830E-01
    1.78119E+03    9.61522E-01    2.37957E-03    6.50490E+03    5.36907E-08    2.22829E-04   -6.35466E-05    9.94446E-01    9.88901E-01    9.88866E-01
    1.80624E+03    9.63888E-01    2.36620E-03    6.59514E+03    5.19318E-08    2.19155E-04   -6.24724E-05    9.94462E-01    9.88934E-01    9.88901E-01
    1.83164E+03    9.66243E-01    2.35479E-03    6.68663E+03    5.02709E-08    2.15636E-04   -6.14180E-05    9.94476E-01    9.88962E-01    9.88934E-01
    1.85739E+03    9.68590E-01    2.34706E-03    6.77938E+03    4.87387E-08    2.12350E-04   -6.03849E-05    9.94486E-01    9.88981E-01    9.88962E-01
    1.88350E+03    9.70937E-01    2.34673E-03    6.87341E+03    4.74022E-08    2.09469E-04   -5.93712E-05    9.94487E-01    9.88982E-01    9.88981E-01
    1.90996E+03    9.73300E-01    2.36350E-03    6.96873E+03    4.64385E-08    2.07445E-04   -5.83526E-05    9.94468E-01    9.88941E-01    9.88982E-01
    1.93680E+03    9.75734E-01    2.43356E-03    7.06538E+03    4.65108E-08    2.07955E-04   -5.71437E-05    9.94388E-01    9.88770E-01    9.88941E-01
    1.96400E+03    9.77401E-01    1.66663E-03    7.26268E+03    3.09843E-08    1.75306E-04   -1.58739E-05    9.95428E-01    9.90627E-01    9.93873E-01
    1.99157E+03    9.79275E-01    1.87414E-03    7.36338E+03    3.38921E-08    1.78574E-04   -4.47580E-05    9.95073E-01    9.90115E-01    9.90627E-01
    2.01953E+03    9.81209E-01    1.93391E-03    7.46547E+03    3.40193E-08    1.77965E-04   -4.84534E-05    9.94994E-01    9.89984E-01    9.90115E-01
    2.04787E+03    9.83156E-01    1.94721E-03    7.56896E+03    3.33194E-08    1.75862E-04   -4.89068E-05    9.94977E-01    9.89959E-01    9.89984E-01
    2.07661E+03    9.85099E-01    1.94266E-03    7.67389E+03    3.23353E-08    1.73141E-04   -4.85531E-05    9.94984E-01    9.89975E-01    9.89959E-01
    2.10574E+03    9.87028E-01    1.92934E-03    7.78026E+03    3.12382E-08    1.70126E-04   -4.79101E-05    9.95001E-01    9.90012E-01    9.89975E-01
    2.13527E+03    9.88939E-01    1.91093E-03    7.88810E+03    3.00970E-08    1.66958E-04   -4.71390E-05    9.95026E-01    9.90061E-01    9.90012E-01
    2.16521E+03    9.90828E-01    1.88919E-03    7.99743E+03    2.89437E-08    1.63706E-04   -4.63036E-05    9.95055E-01    9.90120E-01    9.90061E-01
    2.19557E+03    9.92693E-01    1.86506E-03    8.10827E+03    2.77953E-08    1.60409E-04   -4.54337E-05    9.95087E-01    9.90185E-01    9.90120E-01
    2.22634E+03    9.94532E-01    1.83907E-03    8.22064E+03    2.66612E-08    1.57089E-04   -4.45445E-05    9.95122E-01    9.90255E-01    9.90185E-01
    2.25753E+03    9.96344E-01    1.81155E-03    8.33456E+03    2.55469E-08    1.53760E-04   -4.36449E-05    9.95159E-01    9.90329E-01    9.90255E-01
    2.28916E+03    9.98126E-01    1.78274E-03    8.45005E+03    2.44557E-08    1.50429E-04   -4.27401E-05    9.95198E-01    9.90408E-01    9.90329E-01
    2.32123E+03    9.99879E-01    1.75276E-03    8.56713E+03    2.33895E-08    1.47104E-04   -4.18333E-05    9.95239E-01    9.90490E-01    9.90408E-01
    2.35373E+03    1.00160E+00    1.72173E-03    8.68583E+03    2.23497E-08    1.43787E-04   -4.09268E-05    9.95282E-01    9.90576E-01    9.90490E-01
    2.38669E+03    1.00329E+00    1.68971E-03    8.80617E+03    2.13368E-08    1.40481E-04   -4.00218E-05    9.95327E-01    9.90665E-01    9.90576E-01
    2.42010E+03    1.00495E+00    1.65676E-03    8.92817E+03    2.03511E-08    1.37189E-04   -3.91194E-05    9.95373E-01    9.90758E-01    9.90665E-01
    2.45397E+03    1.00657E+00    1.62292E-03    9.05185E+03    1.93926E-08    1.33910E-04   -3.82202E-05    9.95421E-01    9.90854E-01    9.90758E-01
    2.48831E+03    1.00816E+00    1.58822E-03    9.17724E+03    1.84613E-08    1.30645E-04   -3.73246E-05    9.95471E-01    9.90954E-01    9.90854E-01
    2.52312E+03    1.00971E+00    1.55269E-03    9.30436E+03    1.75570E-08    1.27396E-04   -3.64328E-05    9.95522E-01    9.91057E-01    9.90954E-01
    2.55841E+03    1.01123E+00    1.51634E-03    9.43323E+03    1.66792E-08    1.24160E-04   -3.55450E-05    9.95575E-01    9.91163E-01    9.91057E-01
    2.59419E+03    1.01271E+00    1.47918E-03    9.56388E+03    1.58277E-08    1.20939E-04   -3.46613E-05    9.95630E-01    9.91273E-01    9.91163E-01
    2.63046E+03    1.01415E+00    1.44124E-03    9.69634E+03    1.50020E-08    1.17732E-04   -3.37815E-05    9.95687E-01    9.91387E-01    9.91273E-01
    2.66724E+03    1.01555E+00    1.40252E-03    9.83062E+03    1.42018E-08    1.14538E-04   -3.29057E-05    9.95746E-01    9.91505E-01    9.91387E-01
    2.70452E+03    1.01691E+00    1.36305E-03    9.96676E+03    1.34265E-08    1.11357E-04   -3.20336E-05    9.95806E-01    9.91626E-01    9.91505E-01
    2.74232E+03    1.01824E+00    1.32282E-03    1.01048E+04    1.26757E-08    1.08187E-04   -3.11652E-05    9.95869E-01    9.91752E-01    9.91626E-01
    2.78063E+03    1.01952E+00    1.28185E-03    1.02447E+04    1.19490E-08    1.05028E-04   -3.03003E-05    9.95934E-01    9.91882E-01    9.91752E-01
    2.81948E+03    1.02076E+00    1.24016E-03    1.03865E+04    1.12459E-08    1.01879E-04   -2.94385E-05    9.96001E-01    9.92016E-01    9.91882E-01
    2.85886E+03    1.02196E+00    1.19776E-03    1.05303E+04    1.05660E-08    9.87380E-05   -2.85797E-05    9.96070E-01    9.92155E-01    9.92016E-01
    2.89879E+03    1.02311E+00    1.15467E-03    1.06761E+04    9.90881E-09    9.56045E-05   -2.77236E-05    9.96142E-01    9.92299E-01    9.92155E-01
    2.93926E+03    1.02422E+00    1.11090E-03    1.08239E+04    9.27393E-09    9.24767E-05   -2.68698E-05    9.96216E-01    9.92447E-01    9.92299E-01
    2.98030E+03    1.02529E+00    1.06647E-03    1.09738E+04    8.66095E-09    8.93533E-05   -2.60180E-05    9.96293E-01    9.92601E-01    9.92447E-01
    3.02190E+03    1.02631E+00    1.02141E-03    1.11257E+04    8.06947E-09    8.62326E-05   -2.51678E-05    9.96372E-01    9.92760E-01    9.92601E-01
    3.06408E+03    1.02729E+00    9.75752E-04    1.12797E+04    7.49913E-09    8.31127E-05   -2.43189E-05    9.96455E-01    9.92925E-01    9.92760E-01
    3.10683E+03    1.02821E+00    9.29516E-04    1.14358E+04    6.94956E-09    7.99918E-05   -2.34707E-05    9.96540E-01    9.93096E-01    9.92925E-01
    3.15018E+03    1.02910E+00    8.82743E-04    1.15941E+04    6.42044E-09    7.68677E-05   -2.26228E-05    9.96628E-01    9.93274E-01    9.93096E-01
    3.19413E+03    1.02993E+00    8.35475E-04    1.17546E+04    5.91146E-09    7.37382E-05   -2.17747E-05    9.96720E-01    9.93458E-01    9.93274E-01
    3.23868E+03    1.03072E+00    7.87761E-04    1.19173E+04    5.42236E-09    7.06008E-05   -2.09259E-05    9.96816E-01    9.93649E-01    9.93458E-01
    3.28385E+03    1.03146E+00    7.39660E-04    1.20822E+04    4.95289E-09    6.74527E-05   -2.00755E-05    9.96915E-01    9.93847E-01    9.93649E-01
    3.32964E+03    1.03215E+00    6.91241E-04    1.22494E+04    4.50287E-09    6.42911E-05   -1.92231E-05    9.97018E-01    9.94053E-01    9.93847E-01
    3.37606E+03    1.03279E+00    6.42588E-04    1.24189E+04    4.07218E-09    6.11130E-05   -1.83679E-05    9.97125E-01    9.94268E-01    9.94053E-01
    3.42312E+03    1.03339E+00    5.93803E-04    1.25908E+04    3.66077E-09    5.79155E-05   -1.75090E-05    9.97236E-01    9.94492E-01    9.94268E-01
    3.47084E+03    1.03393E+00    5.45020E-04    1.27650E+04    3.26873E-09    5.46960E-05   -1.66455E-05    9.97353E-01    9.94725E-01    9.94492E-01
    3.51921E+03    1.03443E+00    4.96416E-04    1.29417E+04    2.89634E-09    5.14533E-05   -1.57764E-05    9.97474E-01    9.94968E-01    9.94725E-01
    3.56825E+03    1.03488E+00    4.48259E-04    1.31207E+04    2.54431E-09    4.81901E-05   -1.49005E-05    9.97600E-01    9.95220E-01    9.94968E-01
    3.61796E+03    1.03528E+00    4.01005E-04    1.33023E+04    2.21426E-09    4.49202E-05   -1.40155E-05    9.97730E-01    9.95481E-01    9.95220E-01
    3.66836E+03    1.03563E+00    3.55661E-04    1.34863E+04    1.91054E-09    4.16955E-05   -1.31157E-05    9.97863E-01    9.95747E-01    9.95481E-01
    3.71946E+03    1.03595E+00    3.15618E-04    1.36729E+04    1.64938E-09    3.87461E-05   -1.21706E-05    9.97987E-01    9.95993E-01    9.95747E-01
    3.77126E+03    1.03610E+00    1.48369E-04    1.40538E+04    7.54297E-10    2.72574E-05   -3.36637E-06    9.98632E-01    9.97211E-01    9.97996E-01
    3.82378E+03    1.03623E+00    1.35276E-04    1.42482E+04    6.69055E-10    2.47040E-05   -7.66586E-06    9.98681E-01    9.97374E-01    9.97211E-01
    3.87702E+03    1.03634E+00    1.05397E-04    1.44453E+04    5.07124E-10    2.12239E-05   -7.52780E-06    9.98838E-01    9.97700E-01    9.97374E-01
    3.93100E+03    1.03641E+00    7.28691E-05    1.46452E+04    3.41091E-10    1.71785E-05   -6.78162E-06    9.99037E-01    9.98103E-01    9.97700E-01
    3.98572E+03    1.03645E+00    4.22608E-05    1.48477E+04    1.92446E-10    1.25779E-05   -5.85159E-06    9.99273E-01    9.98580E-01    9.98103E-01
    4.04120E+03    1.03647E+00    1.67215E-05    1.50531E+04    7.40781E-11    7.11420E-06   -4.84420E-06    9.99561E-01    9.99164E-01    9.98580E-01
    4.09744E+03    1.03649E+00    1.83740E-05    1.50531E+04    7.91890E-11    6.43772E-06   -6.14367E-06    9.99164E-01    9.98799E-01    9.97919E-01
    4.15446E+03    1.03651E+00    2.15485E-05    1.50531E+04    9.03490E-11    5.89316E-06   -7.45786E-06    9.98799E-01    9.98461E-01    9.97288E-01
    4.21226E+03    1.03654E+00    2.61177E-05    1.50531E+04    1.06534E-10    5.44687E-06   -8.76730E-06    9.98461E-01    9.98144E-01    9.96685E-01
    4.27086E+03    1.03657E+00    3.19944E-05    1.50531E+04    1.26962E-10    5.07467E-06   -1.00603E-05    9.98144E-01    9.97844E-01    9.96106E-01
    4.33028E+03    1.03661E+00    3.91192E-05    1.50531E+04    1.51021E-10    4.75901E-06   -1.13302E-05    9.97844E-01    9.97560E-01    9.95549E-01
    4.39051E+03    1.03666E+00    4.74536E-05    1.50531E+04    1.78224E-10    4.48710E-06   -1.25734E-05    9.97560E-01    9.97287E-01    9.95012E-01
    4.45157E+03    1.03671E+00    5.69749E-05    1.50531E+04    2.08176E-10    4.24946E-06   -1.37883E-05    9.97287E-01    9.97026E-01    9.94494E-01
    4.51347E+03    1.03678E+00    6.76732E-05    1.50531E+04    2.40554E-10    4.03907E-06   -1.49747E-05    9.97026E-01    9.96774E-01    9.93993E-01
    4.57623E+03    1.03686E+00    7.95483E-05    1.50531E+04    2.75092E-10    3.85060E-06   -1.61327E-05    9.96774E-01    9.96531E-01    9.93506E-01
    4.63986E+03    1.03695E+00    9.26080E-05    1.50531E+04    3.11563E-10    3.68003E-06   -1.72633E-05    9.96531E-01    9.96295E-01    9.93034E-01
    4.70436E+03    1.03706E+00    1.06867E-04    1.50531E+04    3.49777E-10    3.52426E-06   -1.83673E-05    9.96295E-01    9.96066E-01    9.92575E-01
    4.76976E+03    1.03718E+00    1.22344E-04    1.50531E+04    3.89568E-10    3.38088E-06   -1.94458E-05    9.96066E-01    9.95844E-01    9.92127E-01
    4.83605E+03    1.03732E+00    1.39063E-04    1.50531E+04    4.30791E-10    3.24800E-06   -2.04998E-05    9.95844E-01    9.95627E-01    9.91691E-01
    4.90326E+03    1.03748E+00    1.57052E-04    1.50531E+04    4.73318E-10    3.12412E-06   -2.15304E-05    9.95627E-01    9.95416E-01    9.91265E-01
    4.97140E+03    1.03765E+00    1.76343E-04    1.50531E+04    5.17035E-10    3.00806E-06   -2.25385E-05    9.95416E-01    9.95209E-01    9.90850E-01
    5.04048E+03    1.03785E+00    1.96967E-04    1.50531E+04    5.61838E-10    2.89883E-06   -2.35252E-05    9.95209E-01    9.95008E-01    9.90444E-01
    5.11051E+03    1.03807E+00    2.18962E-04    1.50531E+04    6.07632E-10    2.79565E-06   -2.44912E-05    9.95008E-01    9.94811E-01    9.90046E-01
    5.18151E+03    1.03831E+00    2.42365E-04    1.50531E+04    6.54332E-10    2.69786E-06   -2.54373E-05    9.94811E-01    9.94618E-01    9.89658E-01
    5.25349E+03    1.03858E+00    2.67217E-04    1.50531E+04    7.01857E-10    2.60493E-06   -2.63642E-05    9.94618E-01    9.94429E-01    9.89277E-01
    5.32646E+03    1.03887E+00    2.93560E-04    1.50531E+04    7.50133E-10    2.51639E-06   -2.72727E-05    9.94429E-01    9.94244E-01    9.88904E-01
    5.40044E+03    1.03919E+00    3.21438E-04    1.50531E+04    7.99089E-10    2.43185E-06   -2.81634E-05    9.94244E-01    9.94063E-01    9.88539E-01
    5.47544E+03    1.03955E+00    3.50896E-04    1.50531E+04    8.48661E-10    2.35100E-06   -2.90368E-05    9.94063E-01    9.93885E-01    9.88181E-01
    5.55147E+03    1.03993E+00    3.81982E-04    1.50531E+04    8.98787E-10    2.27353E-06   -2.98934E-05    9.93885E-01    9.93711E-01    9.87830E-01
    5.62856E+03    1.04034E+00    4.14744E-04    1.50531E+04    9.49408E-10    2.19920E-06   -3.07339E-05    9.93711E-01    9.93541E-01    9.87485E-01
    5.70671E+03    1.04079E+00    4.49233E-04    1.50531E+04    1.00047E-09    2.12779E-06   -3.15586E-05    9.93541E-01    9.93373E-01    9.87148E-01
    5.78593E+03    1.04128E+00    4.85501E-04    1.50531E+04    1.05192E-09    2.05911E-06   -3.23679E-05    9.93373E-01    9.93209E-01    9.86816E-01
    5.86625E+03    1.04180E+00    5.23602E-04    1.50531E+04    1.10371E-09    1.99298E-06   -3.31623E-05    9.93209E-01    9.93048E-01    9.86491E-01
    5.94768E+03    1.04236E+00    5.63590E-04    1.50531E+04    1.15579E-09    1.92926E-06   -3.39421E-05    9.93048E-01    9.92890E-01    9.86172E-01
    6.03023E+03    1.04297E+00    6.05523E-04    1.50531E+04    1.20811E-09    1.86780E-06   -3.47076E-05    9.92890E-01    9.92734E-01    9.85859E-01
    6.11392E+03    1.04362E+00    6.49458E-04    1.50531E+04    1.26063E-09    1.80847E-06   -3.54593E-05    9.92734E-01    9.92582E-01    9.85551E-01
    6.19877E+03    1.04431E+00    6.95455E-04    1.50531E+04    1.31331E-09    1.75117E-06   -3.61973E-05    9.92582E-01    9.92432E-01    9.85249E-01
    6.28478E+03    1.04506E+00    7.43575E-04    1.50531E+04    1.36611E-09    1.69579E-06   -3.69220E-05    9.92432E-01    9.92285E-01    9.84953E-01
    6.37199E+03    1.04585E+00    7.93880E-04    1.50531E+04    1.41899E-09    1.64223E-06   -3.76337E-05    9.92285E-01    9.92141E-01    9.84662E-01
    6.46039E+03    1.04670E+00    8.46436E-04    1.50531E+04    1.47191E-09    1.59041E-06   -3.83326E-05    9.92141E-01    9.92000E-01    9.84376E-01
    6.55002E+03    1.04760E+00    9.01306E-04    1.50531E+04    1.52484E-09    1.54024E-06   -3.90188E-05    9.92000E-01    9.91861E-01    9.84095E-01
    6.64089E+03    1.04856E+00    9.58559E-04    1.50531E+04    1.57774E-09    1.49165E-06   -3.96928E-05    9.91861E-01    9.91724E-01    9.83820E-01
    6.73300E+03    1.04958E+00    1.01826E-03    1.50531E+04    1.63058E-09    1.44457E-06   -4.03546E-05    9.91724E-01    9.91590E-01    9.83549E-01
    6.82639E+03    1.05066E+00    1.08049E-03    1.50531E+04    1.68332E-09    1.39894E-06   -4.10045E-05    9.91590E-01    9.91459E-01    9.83284E-01
    6.92107E+03    1.05180E+00    1.14531E-03    1.50531E+04    1.73594E-09    1.35470E-06   -4.16426E-05    9.91459E-01    9.91330E-01    9.83023E-01
    7.01705E+03    1.05302E+00    1.21279E-03    1.50531E+04    1.78840E-09    1.31179E-06   -4.22691E-05    9.91330E-01    9.91203E-01    9.82767E-01
    7.11436E+03    1.05430E+00    1.28302E-03    1.50531E+04    1.84068E-09    1.27016E-06   -4.28843E-05    9.91203E-01    9.91078E-01    9.82515E-01
    7.21301E+03    1.05565E+00    1.35606E-03    1.50531E+04    1.89274E-09    1.22975E-06   -4.34882E-05    9.91078E-01    9.90956E-01    9.82269E-01
    7.31303E+03    1.05709E+00    1.43200E-03    1.50531E+04    1.94456E-09    1.19053E-06   -4.40811E-05    9.90956E-01    9.90836E-01    9.82026E-01
    7.41442E+03    1.05860E+00    1.51091E-03    1.50531E+04    1.99612E-09    1.15245E-06   -4.46630E-05    9.90836E-01    9.90719E-01    9.81789E-01
    7.51721E+03    1.06019E+00    1.59288E-03    1.50531E+04    2.04738E-09    1.11547E-06   -4.52342E-05    9.90719E-01    9.90603E-01    9.81555E-01
    7.62143E+03    1.06187E+00    1.67798E-03    1.50531E+04    2.09832E-09    1.07955E-06   -4.57947E-05    9.90603E-01    9.90490E-01    9.81326E-01
    7.72707E+03    1.06363E+00    1.76631E-03    1.50531E+04    2.14892E-09    1.04465E-06   -4.63447E-05    9.90490E-01    9.90379E-01    9.81102E-01
    7.83418E+03    1.06549E+00    1.85795E-03    1.50531E+04    2.19916E-09    1.01075E-06   -4.68843E-05    9.90379E-01    9.90270E-01    9.80881E-01
    7.94277E+03    1.06745E+00    1.95299E-03    1.50531E+04    2.24901E-09    9.77805E-07   -4.74136E-05    9.90270E-01    9.90163E-01    9.80665E-01
    8.05285E+03    1.06950E+00    2.05151E-03    1.50531E+04    2.29845E-09    9.45789E-07   -4.79328E-05    9.90163E-01    9.90058E-01    9.80453E-01
    8.16445E+03    1.07165E+00    2.15360E-03    1.50531E+04    2.34746E-09    9.14672E-07   -4.84419E-05    9.90058E-01    9.89955E-01    9.80245E-01
    8.27760E+03    1.07391E+00    2.25937E-03    1.50531E+04    2.39602E-09    8.84427E-07   -4.89411E-05    9.89955E-01    9.89855E-01    9.80041E-01
    8.39230E+03    1.07628E+00    2.36890E-03    1.50531E+04    2.44411E-09    8.55028E-07   -4.94305E-05    9.89855E-01    9.89756E-01    9.79841E-01
    8.50859E+03    1.07876E+00    2.48230E-03    1.50531E+04    2.49171E-09    8.26451E-07   -4.99102E-05    9.89756E-01    9.89659E-01    9.79645E-01
    8.62648E+03    1.08136E+00    2.59965E-03    1.50531E+04    2.53881E-09    7.98673E-07   -5.03803E-05    9.89659E-01    9.89564E-01    9.79453E-01
    8.74600E+03    1.08408E+00    2.72106E-03    1.50531E+04    2.58539E-09    7.71670E-07   -5.08408E-05    9.89564E-01    9.89471E-01    9.79265E-01
    8.86717E+03    1.08693E+00    2.84663E-03    1.50531E+04    2.63143E-09    7.45422E-07   -5.12920E-05    9.89471E-01    9.89380E-01    9.79081E-01
    8.99001E+03    1.08990E+00    2.97647E-03    1.50531E+04    2.67691E-09    7.19908E-07   -5.17338E-05    9.89380E-01    9.89291E-01    9.78900E-01
    9.11454E+03    1.09302E+00    3.11067E-03    1.50531E+04    2.72182E-09    6.95109E-07   -5.21665E-05    9.89291E-01    9.89204E-01    9.78724E-01
    9.24080E+03    1.09626E+00    3.24936E-03    1.50531E+04    2.76615E-09    6.71006E-07   -5.25900E-05    9.89204E-01    9.89119E-01    9.78551E-01
    9.36879E+03    1.09966E+00    3.39263E-03    1.50531E+04    2.80989E-09    6.47582E-07   -5.30044E-05    9.89119E-01    9.89036E-01    9.78381E-01
    9.49856E+03    1.10320E+00    3.54061E-03    1.50531E+04    2.85301E-09    6.24820E-07   -5.34100E-05    9.89036E-01    9.88954E-01    9.78216E-01
    9.63011E+03    1.10689E+00    3.69340E-03    1.50531E+04    2.89552E-09    6.02703E-07   -5.38066E-05    9.88954E-01    9.88874E-01    9.78054E-01
    9.76348E+03    1.11074E+00    3.85112E-03    1.50531E+04    2.93739E-09    5.81217E-07   -5.41946E-05    9.88874E-01    9.88796E-01    9.77895E-01
    9.89869E+03    1.11476E+00    4.01390E-03    1.50531E+04    2.97862E-09    5.60345E-07   -5.45739E-05    9.88796E-01    9.88720E-01    9.77741E-01
    1.00358E+04    1.11894E+00    4.18184E-03    1.50531E+04    3.01920E-09    5.40074E-07   -5.49446E-05    9.88720E-01    9.88645E-01    9.77589E-01
    1.01747E+04    1.12329E+00    4.35508E-03    1.50531E+04    3.05911E-09    5.20389E-07   -5.53068E-05    9.88645E-01    9.88572E-01    9.77441E-01
    1.03156E+04    1.12783E+00    4.53375E-03    1.50531E+04    3.09836E-09    5.01278E-07   -5.56607E-05    9.88572E-01    9.88501E-01    9.77297E-01
    1.04584E+04    1.13255E+00    4.71797E-03    1.50531E+04    3.13693E-09    4.82727E-07   -5.60063E-05    9.88501E-01    9.88432E-01    9.77156E-01
    1.06032E+04    1.13745E+00    4.90787E-03    1.50531E+04    3.17482E-09    4.64724E-07   -5.63436E-05    9.88432E-01    9.88364E-01    9.77018E-01
    1.07500E+04    1.14256E+00    5.10359E-03    1.50531E+04    3.21202E-09    4.47257E-07   -5.66729E-05    9.88364E-01    9.88298E-01    9.76883E-01
    1.08989E+04    1.14786E+00    5.30527E-03    1.50531E+04    3.24853E-09    4.30315E-07   -5.69942E-05    9.88298E-01    9.88233E-01    9.76752E-01
    1.10497E+04    1.15337E+00    5.51304E-03    1.50531E+04    3.28433E-09    4.13885E-07   -5.73076E-05    9.88233E-01    9.88171E-01    9.76624E-01
    1.12027E+04    1.15910E+00    5.72706E-03    1.50531E+04    3.31944E-09    3.97957E-07   -5.76132E-05    9.88171E-01    9.88109E-01    9.76500E-01
    1.13578E+04    1.16505E+00    5.94747E-03    1.50531E+04    3.35384E-09    3.82521E-07   -5.79111E-05    9.88109E-01    9.88050E-01    9.76378E-01
    1.15150E+04    1.17122E+00    6.17442E-03    1.50531E+04    3.38754E-09    3.67566E-07   -5.82014E-05    9.88050E-01    9.87991E-01    9.76259E-01
    1.16744E+04    1.17763E+00    6.40806E-03    1.50531E+04    3.42052E-09    3.53082E-07   -5.84842E-05    9.87991E-01    9.87935E-01    9.76144E-01
    1.18359E+04    1.18428E+00    6.64856E-03    1.50531E+04    3.45280E-09    3.39060E-07   -5.87596E-05    9.87935E-01    9.87880E-01    9.76031E-01
    1.19998E+04    1.19118E+00    6.89608E-03    1.50531E+04    3.48437E-09    3.25489E-07   -5.90277E-05    9.87880E-01    9.87826E-01    9.75922E-01
    1.21658E+04    1.19833E+00    7.15079E-03    1.50531E+04    3.51524E-09    3.12361E-07   -5.92886E-05    9.87826E-01    9.87774E-01    9.75815E-01
    1.23342E+04    1.20574E+00    7.41286E-03    1.50531E+04    3.54540E-09    2.99666E-07   -5.95425E-05    9.87774E-01    9.87723E-01    9.75712E-01
    1.25049E+04    1.21342E+00    7.68246E-03    1.50531E+04    3.57486E-09    2.87396E-07   -5.97894E-05    9.87723E-01    9.87674E-01    9.75611E-01
    1.26779E+04    1.22138E+00    7.95977E-03    1.50531E+04    3.60361E-09    2.75542E-07   -6.00295E-05    9.87674E-01    9.87625E-01    9.75513E-01
    1.28533E+04    1.22963E+00    8.24499E-03    1.50531E+04    3.63168E-09    2.64096E-07   -6.02628E-05    9.87625E-01    9.87579E-01    9.75418E-01
    1.30312E+04    1.23817E+00    8.53831E-03    1.50531E+04    3.65905E-09    2.53049E-07   -6.04896E-05    9.87579E-01    9.87534E-01    9.75325E-01
    1.32115E+04    1.24701E+00    8.83992E-03    1.50531E+04    3.68574E-09    2.42392E-07   -6.07098E-05    9.87534E-01    9.87490E-01    9.75235E-01
    1.33943E+04    1.25616E+00    9.15003E-03    1.50531E+04    3.71175E-09    2.32120E-07   -6.09237E-05    9.87490E-01    9.87447E-01    9.75148E-01
    1.35796E+04    1.26562E+00    9.46885E-03    1.50531E+04    3.73709E-09    2.22222E-07   -6.11314E-05    9.87447E-01    9.87405E-01    9.75063E-01
    1.37675E+04    1.27542E+00    9.79659E-03    1.50531E+04    3.76177E-09    2.12693E-07   -6.13329E-05    9.87405E-01    9.87365E-01    9.74981E-01
    1.39579E+04    1.28555E+00    1.01335E-02    1.50531E+04    3.78580E-09    2.03524E-07   -6.15285E-05    9.87365E-01    9.87326E-01    9.74901E-01
    1.41510E+04    1.29603E+00    1.04798E-02    1.50531E+04    3.80917E-09    1.94709E-07   -6.17182E-05    9.87326E-01    9.87288E-01    9.74823E-01
    1.43468E+04    1.30687E+00    1.08357E-02    1.50531E+04    3.83192E-09    1.86239E-07   -6.19022E-05    9.87288E-01    9.87252E-01    9.74748E-01
    1.45453E+04    1.31807E+00    1.12015E-02    1.50531E+04    3.85404E-09    1.78109E-07   -6.20806E-05    9.87252E-01    9.87216E-01    9.74675E-01
    1.47465E+04    1.32965E+00    1.15774E-02    1.50531E+04    3.87554E-09    1.70311E-07   -6.22536E-05    9.87216E-01    9.87181E-01    9.74605E-01
    1.49504E+04    1.34161E+00    1.19637E-02    1.50531E+04    3.89645E-09    1.62838E-07   -6.24213E-05    9.87181E-01    9.87148E-01    9.74536E-01
    1.51572E+04    1.35397E+00    1.23606E-02    1.50531E+04    3.91677E-09    1.55685E-07   -6.25839E-05    9.87148E-01    9.87116E-01    9.74470E-01
    1.53669E+04    1.36674E+00    1.27686E-02    1.50531E+04    3.93651E-09    1.48845E-07   -6.27414E-05    9.87116E-01    9.87084E-01    9.74406E-01
    1.55794E+04    1.37993E+00    1.31878E-02    1.50531E+04    3.95570E-09    1.42312E-07   -6.28942E-05    9.87084E-01    9.87054E-01    9.74343E-01
    1.57949E+04    1.39355E+00    1.36186E-02    1.50531E+04    3.97434E-09    1.36080E-07   -6.30422E-05    9.87054E-01    9.87024E-01    9.74283E-01
    1.60133E+04    1.40761E+00    1.40612E-02    1.50531E+04    3.99245E-09    1.30144E-07   -6.31857E-05    9.87024E-01    9.86996E-01    9.74224E-01
    1.62348E+04    1.42213E+00    1.45161E-02    1.50531E+04    4.01005E-09    1.24497E-07   -6.33248E-05    9.86996E-01    9.86968E-01    9.74167E-01
    1.64593E+04    1.43711E+00    1.49836E-02    1.50531E+04    4.02716E-09    1.19134E-07   -6.34598E-05    9.86968E-01    9.86941E-01    9.74112E-01
    1.66869E+04    1.45257E+00    1.54641E-02    1.50531E+04    4.04379E-09    1.14051E-07   -6.35907E-05    9.86941E-01    9.86915E-01    9.74059E-01
    1.69176E+04    1.46853E+00    1.59578E-02    1.50531E+04    4.05996E-09    1.09243E-07   -6.37177E-05    9.86915E-01    9.86889E-01    9.74007E-01
    1.71516E+04    1.48500E+00    1.64653E-02    1.50531E+04    4.07569E-09    1.04705E-07   -6.38411E-05    9.86889E-01    9.86865E-01    9.73957E-01
    1.73887E+04    1.50198E+00    1.69870E-02    1.50531E+04    4.09101E-09    1.00433E-07   -6.39610E-05    9.86865E-01    9.86841E-01    9.73908E-01
    1.76292E+04    1.51951E+00    1.75232E-02    1.50531E+04    4.10594E-09    9.64238E-08   -6.40775E-05    9.86841E-01    9.86817E-01    9.73860E-01
    1.78729E+04    1.53758E+00    1.80745E-02    1.50531E+04    4.12049E-09    9.26727E-08   -6.41910E-05    9.86817E-01    9.86795E-01    9.73814E-01
    1.81201E+04    1.55622E+00    1.86413E-02    1.50531E+04    4.13470E-09    8.91771E-08   -6.43015E-05    9.86795E-01    9.86772E-01    9.73769E-01
    1.83706E+04    1.57545E+00    1.92242E-02    1.50531E+04    4.14858E-09    8.59342E-08   -6.44094E-05    9.86772E-01    9.86751E-01    9.73725E-01
    1.86246E+04    1.59527E+00    1.98237E-02    1.50531E+04    4.16216E-09    8.29416E-08   -6.45148E-05    9.86751E-01    9.86730E-01    9.73682E-01
    1.88821E+04    1.61571E+00    2.04402E-02    1.50531E+04    4.17547E-09    8.01976E-08   -6.46179E-05    9.86730E-01    9.86709E-01    9.73639E-01
    1.91431E+04    1.63679E+00    2.10746E-02    1.50531E+04    4.18854E-09    7.77009E-08   -6.47189E-05    9.86709E-01    9.86688E-01    9.73598E-01
    1.94078E+04    1.65851E+00    2.17273E-02    1.50531E+04    4.20140E-09    7.54506E-08   -6.48182E-05    9.86688E-01    9.86668E-01    9.73558E-01
    1.96761E+04    1.68091E+00    2.23990E-02    1.50531E+04    4.21408E-09    7.34468E-08   -6.49159E-05    9.86668E-01    9.86648E-01    9.73518E-01
    1.99481E+04    1.70400E+00    2.30905E-02    1.50531E+04    4.22661E-09    7.16899E-08   -6.50123E-05    9.86648E-01    9.86629E-01    9.73478E-01
    2.02238E+04    1.72780E+00    2.38024E-02    1.50531E+04    4.23903E-09    7.01814E-08   -6.51078E-05    9.86629E-01    9.86609E-01    9.73439E-01
    2.05034E+04    1.75234E+00    2.45357E-02    1.50531E+04    4.25137E-09    6.89235E-08   -6.52025E-05    9.86609E-01    9.86590E-01    9.73401E-01
    2.07868E+04    1.77763E+00    2.52911E-02    1.50531E+04    4.26367E-09    6.79192E-08   -6.52968E-05    9.86590E-01    9.86570E-01    9.73362E-01
    2.10741E+04    1.80370E+00    2.60696E-02    1.50531E+04    4.27598E-09    6.71729E-08   -6.53910E-05    9.86570E-01    9.86551E-01    9.73324E-01
    2.13654E+04    1.83057E+00    2.68722E-02    1.50531E+04    4.28834E-09    6.66897E-08   -6.54854E-05    9.86551E-01    9.86531E-01    9.73285E-01
    2.16607E+04    1.85827E+00    2.76998E-02    1.50531E+04    4.30080E-09    6.64764E-08   -6.55805E-05    9.86531E-01    9.86512E-01    9.73246E-01
    2.19601E+04    1.88683E+00    2.85537E-02    1.50531E+04    4.31341E-09    6.65410E-08   -6.56766E-05    9.86512E-01    9.86492E-01    9.73207E-01
    2.22637E+04    1.91626E+00    2.94350E-02    1.50531E+04    4.32623E-09    6.68931E-08   -6.57740E-05    9.86492E-01    9.86471E-01    9.73167E-01
    2.25714E+04    1.94661E+00    3.03451E-02    1.50531E+04    4.33931E-09    6.75443E-08   -6.58734E-05    9.86471E-01    9.86450E-01    9.73127E-01
    2.28833E+04    1.97789E+00    3.12855E-02    1.50531E+04    4.35272E-09    6.85081E-08   -6.59751E-05    9.86450E-01    9.86429E-01    9.73085E-01
    2.31996E+04    2.01015E+00    3.22576E-02    1.50531E+04    4.36653E-09    6.98002E-08   -6.60797E-05    9.86429E-01    9.86407E-01    9.73043E-01
    2.35202E+04    2.04341E+00    3.32632E-02    1.50531E+04    4.38081E-09    7.14393E-08   -6.61877E-05    9.86407E-01    9.86383E-01    9.72998E-01
    2.38453E+04    2.07772E+00    3.43041E-02    1.50531E+04    4.39566E-09    7.34467E-08   -6.62998E-05    9.86383E-01    9.86359E-01    9.72953E-01
    2.41748E+04    2.11310E+00    3.53825E-02    1.50531E+04    4.41117E-09    7.58473E-08   -6.64166E-05    9.86359E-01    9.86334E-01    9.72905E-01
    2.45089E+04    2.14960E+00    3.65006E-02    1.50531E+04    4.42743E-09    7.86700E-08   -6.65389E-05    9.86334E-01    9.86308E-01    9.72855E-01
    2.48476E+04    2.18726E+00    3.76608E-02    1.50531E+04    4.44456E-09    8.19482E-08   -6.66675E-05    9.86308E-01    9.86280E-01    9.72803E-01
    2.51910E+04    2.22613E+00    3.88660E-02    1.50531E+04    4.46268E-09    8.57203E-08   -6.68033E-05    9.86280E-01    9.86250E-01    9.72747E-01
    2.55391E+04    2.26625E+00    4.01192E-02    1.50531E+04    4.48194E-09    9.00312E-08   -6.69473E-05    9.86250E-01    9.86219E-01    9.72688E-01
    2.58920E+04    2.30767E+00    4.14240E-02    1.50531E+04    4.50250E-09    9.49327E-08   -6.71006E-05    9.86219E-01    9.86185E-01    9.72626E-01
    2.62498E+04    2.35045E+00    4.27842E-02    1.50531E+04    4.52452E-09    1.00485E-07   -6.72645E-05    9.86185E-01    9.86149E-01    9.72559E-01
    2.66125E+04    2.39466E+00    4.42043E-02    1.50531E+04    4.54821E-09    1.06758E-07   -6.74403E-05    9.86149E-01    9.86110E-01    9.72487E-01
    2.69802E+04    2.44035E+00    4.56891E-02    1.50531E+04    4.57380E-09    1.13834E-07   -6.76298E-05    9.86110E-01    9.86068E-01    9.72410E-01
    2.73530E+04    2.48759E+00    4.72444E-02    1.50531E+04    4.60153E-09    1.21809E-07   -6.78345E-05    9.86068E-01    9.86022E-01    9.72326E-01
    2.77310E+04    2.53647E+00    4.88767E-02    1.50531E+04    4.63172E-09    1.30795E-07   -6.80566E-05    9.86022E-01    9.85972E-01    9.72235E-01
    2.81141E+04    2.58706E+00    5.05934E-02    1.50531E+04    4.66469E-09    1.40926E-07   -6.82984E-05    9.85972E-01    9.85918E-01    9.72136E-01
    2.85026E+04    2.63947E+00    5.24032E-02    1.50531E+04    4.70083E-09    1.52360E-07   -6.85624E-05    9.85918E-01    9.85858E-01    9.72029E-01
    2.88964E+04    2.69378E+00    5.43161E-02    1.50531E+04    4.74060E-09    1.65285E-07   -6.88518E-05    9.85858E-01    9.85793E-01    9.71910E-01
    2.92956E+04    2.75013E+00    5.63438E-02    1.50531E+04    4.78453E-09    1.79929E-07   -6.91701E-05    9.85793E-01    9.85720E-01    9.71780E-01
    2.97004E+04    2.80863E+00    5.85002E-02    1.50531E+04    4.83325E-09    1.96567E-07   -6.95213E-05    9.85720E-01    9.85640E-01    9.71637E-01
    3.01107E+04    2.86943E+00    6.08016E-02    1.50531E+04    4.88749E-09    2.15532E-07   -6.99102E-05    9.85640E-01    9.85551E-01    9.71478E-01
    3.05267E+04    2.93269E+00    6.32677E-02    1.50531E+04    4.94813E-09    2.37235E-07   -7.03425E-05    9.85551E-01    9.85452E-01    9.71301E-01
    3.09485E+04    2.99862E+00    6.59218E-02    1.50531E+04    5.01622E-09    2.62188E-07   -7.08248E-05    9.85452E-01    9.85340E-01    9.71104E-01
    3.13760E+04    3.06741E+00    6.87927E-02    1.50531E+04    5.09306E-09    2.91032E-07   -7.13651E-05    9.85340E-01    9.85215E-01    9.70884E-01
    3.18095E+04    3.13932E+00    7.19155E-02    1.50531E+04    5.18022E-09    3.24579E-07   -7.19730E-05    9.85215E-01    9.85074E-01    9.70635E-01
    3.22489E+04    3.21466E+00    7.53336E-02    1.50531E+04    5.27963E-09    3.63877E-07   -7.26602E-05    9.85074E-01    9.84913E-01    9.70354E-01
    3.26944E+04    3.29376E+00    7.91017E-02    1.50531E+04    5.39374E-09    4.10292E-07   -7.34409E-05    9.84913E-01    9.84728E-01    9.70035E-01
    3.31461E+04    3.37705E+00    8.32892E-02    1.50531E+04    5.52563E-09    4.65643E-07   -7.43331E-05    9.84728E-01    9.84517E-01    9.69670E-01
    3.36040E+04    3.46504E+00    8.79857E-02    1.50531E+04    5.67929E-09    5.32389E-07   -7.53592E-05    9.84517E-01    9.84271E-01    9.69251E-01
    3.40682E+04    3.55834E+00    9.33090E-02    1.50531E+04    5.85997E-09    6.13943E-07   -7.65480E-05    9.84271E-01    9.83984E-01    9.68764E-01
    3.45388E+04    3.65776E+00    9.94170E-02    1.50531E+04    6.07466E-09    7.15150E-07   -7.79368E-05    9.83984E-01    9.83645E-01    9.68196E-01
    3.50159E+04    3.76429E+00    1.06527E-01    1.50531E+04    6.33299E-09    8.43120E-07   -7.95756E-05    9.83645E-01    9.83240E-01    9.67525E-01
    3.54996E+04    3.87923E+00    1.14943E-01    1.50531E+04    6.64851E-09    1.00866E-06   -8.15322E-05    9.83240E-01    9.82749E-01    9.66724E-01
    3.59900E+04    4.00434E+00    1.25113E-01    1.50531E+04    7.04100E-09    1.22892E-06   -8.39016E-05    9.82749E-01    9.82142E-01    9.65753E-01
    3.64871E+04    4.14206E+00    1.37714E-01    1.50531E+04    7.54047E-09    1.53273E-06   -8.68223E-05    9.82142E-01    9.81375E-01    9.64554E-01
    3.69911E+04    4.29589E+00    1.53827E-01    1.50531E+04    8.19487E-09    1.97191E-06   -9.05040E-05    9.81375E-01    9.80375E-01    9.63041E-01
    3.75021E+04    4.47118E+00    1.75294E-01    1.50531E+04    9.08586E-09    2.64877E-06   -9.52829E-05    9.80375E-01    9.79012E-01    9.61073E-01
    3.80201E+04    4.67671E+00    2.05528E-01    1.50531E+04    1.03648E-08    3.79259E-06   -1.01737E-04    9.79012E-01    9.77034E-01    9.58402E-01
    3.85452E+04    4.92834E+00    2.51635E-01    1.50531E+04    1.23467E-08    6.02260E-06   -1.10952E-04    9.77034E-01    9.73849E-01    9.54558E-01
    3.90776E+04    5.25953E+00    3.31193E-01    1.50531E+04    1.58107E-08    1.15620E-05   -1.25208E-04    9.73849E-01    9.67652E-01    9.48485E-01
    3.96174E+04    5.76439E+00    5.04859E-01    1.50531E+04    2.34493E-08    3.25242E-05   -1.49638E-04    9.67652E-01    9.49977E-01    9.37339E-01
    4.01646E+04    7.25941E+00    1.49501E+00    1.50531E+04    6.75609E-08    1.77103E-04   -1.90251E-04    9.49977E-01    8.52403E-01    9.11436E-01
