 # rho, F_z,dF_z, z(rho), E2 (=>sigma2=e0^2*E2), Er, Ez, Ui,j , Ui+1,j , Ui,j-1
    2.50000E-01    1.89352E-01    1.89352E-01    0.00000E+00    1.51482E+00   -3.15328E-01    1.18970E+00    1.75251E+00    1.91018E+00    2.34736E+00
    7.50000E-01    5.63301E-01    3.73948E-01    5.00000E-01    9.97196E-01   -1.11706E-01    9.92329E-01    1.41401E+00    1.46987E+00    1.91018E+00
    1.25000E+00    1.15318E+00    5.89880E-01    5.00000E-01    9.43807E-01   -3.59230E-02    9.70833E-01    1.46987E+00    1.48783E+00    1.95528E+00
    1.75000E+00    1.99467E+00    8.41493E-01    5.00000E-01    9.61707E-01   -2.08706E-02    9.80444E-01    1.48783E+00    1.49826E+00    1.97805E+00
    2.25000E+00    3.10603E+00    1.11136E+00    5.00000E-01    9.87874E-01   -1.90222E-02    9.93737E-01    1.49826E+00    1.50777E+00    1.99513E+00
    2.75000E+00    4.50656E+00    1.40053E+00    5.00000E-01    1.01857E+00   -2.21124E-02    1.00900E+00    1.50777E+00    1.51883E+00    2.01227E+00
    3.25000E+00    6.22271E+00    1.71615E+00    5.00000E-01    1.05609E+00   -2.91216E-02    1.02725E+00    1.51883E+00    1.53339E+00    2.03246E+00
    3.75000E+00    8.29239E+00    2.06968E+00    5.00000E-01    1.10383E+00   -4.22387E-02    1.04978E+00    1.53339E+00    1.55451E+00    2.05828E+00
    4.25000E+00    1.07694E+01    2.47704E+00    5.00000E-01    1.16567E+00   -6.88257E-02    1.07746E+00    1.55451E+00    1.58892E+00    2.09324E+00
    4.75000E+00    1.37261E+01    2.95668E+00    5.00000E-01    1.24492E+00   -1.31437E-01    1.10799E+00    1.58892E+00    1.65464E+00    2.14292E+00
    5.25000E+00    1.72796E+01    3.55351E+00    5.00000E-01    1.35372E+00   -3.05545E-01    1.12266E+00    1.65464E+00    1.80741E+00    2.21597E+00
    5.75000E+00    2.01948E+01    2.91518E+00    1.00000E+00    1.01398E+00   -2.41560E-01    9.77561E-01    1.31863E+00    1.43941E+00    1.80741E+00
    6.25000E+00    2.31744E+01    2.97956E+00    1.00000E+00    9.53460E-01   -1.33825E-01    9.67239E-01    1.43941E+00    1.50633E+00    1.92303E+00
    6.75000E+00    2.67062E+01    3.53180E+00    1.00000E+00    1.04646E+00   -1.20751E-01    1.01581E+00    1.50633E+00    1.56670E+00    2.01423E+00
    7.25000E+00    3.09840E+01    4.27779E+00    1.00000E+00    1.18008E+00   -1.73449E-01    1.07238E+00    1.56670E+00    1.65343E+00    2.10289E+00
    7.75000E+00    3.62598E+01    5.27586E+00    1.00000E+00    1.36151E+00   -3.58811E-01    1.11030E+00    1.65343E+00    1.83283E+00    2.20858E+00
    8.25000E+00    4.07311E+01    4.47133E+00    1.50000E+00    1.08396E+00   -2.98938E-01    9.97294E-01    1.33418E+00    1.48365E+00    1.83283E+00
    8.75000E+00    4.54124E+01    4.68121E+00    1.50000E+00    1.06999E+00   -2.43934E-01    1.00523E+00    1.48365E+00    1.60562E+00    1.98627E+00
    9.25000E+00    5.12348E+01    5.82249E+00    1.50000E+00    1.25892E+00   -3.89898E-01    1.05209E+00    1.60562E+00    1.80057E+00    2.13167E+00
    9.75000E+00    5.61314E+01    4.89659E+00    2.00000E+00    1.00443E+00   -3.06874E-01    9.54074E-01    1.32353E+00    1.47697E+00    1.80057E+00
    1.02500E+01    6.14308E+01    5.29941E+00    2.00000E+00    1.03403E+00   -2.63779E-01    9.82065E-01    1.47697E+00    1.60886E+00    1.96800E+00
    1.07500E+01    6.82395E+01    6.80862E+00    2.00000E+00    1.26672E+00   -4.28508E-01    1.04072E+00    1.60886E+00    1.82311E+00    2.12922E+00
    1.12500E+01    7.42405E+01    6.00104E+00    2.50000E+00    1.06685E+00   -3.76038E-01    9.62002E-01    1.34211E+00    1.53013E+00    1.82311E+00
    1.17500E+01    8.10139E+01    6.77336E+00    2.50000E+00    1.15291E+00   -4.41553E-01    9.78746E-01    1.53013E+00    1.75091E+00    2.01950E+00
    1.22500E+01    8.64502E+01    5.43635E+00    3.00000E+00    8.87567E-01   -3.16642E-01    8.87302E-01    1.30726E+00    1.46558E+00    1.75091E+00
    1.27500E+01    9.26941E+01    6.24392E+00    3.00000E+00    9.79438E-01   -2.88785E-01    9.46595E-01    1.46558E+00    1.60997E+00    1.93887E+00
    1.32500E+01    1.01132E+02    8.43799E+00    3.00000E+00    1.27366E+00   -4.73310E-01    1.02452E+00    1.60997E+00    1.84663E+00    2.12223E+00
    1.37500E+01    1.08967E+02    7.83516E+00    3.50000E+00    1.13966E+00   -4.32894E-01    9.75840E-01    1.35871E+00    1.57515E+00    1.84663E+00
    1.42500E+01    1.18409E+02    9.44148E+00    3.50000E+00    1.32512E+00   -5.65153E-01    1.00286E+00    1.57515E+00    1.85773E+00    2.07658E+00
    1.47500E+01    1.27545E+02    9.13665E+00    4.00000E+00    1.23887E+00   -6.08604E-01    9.31917E-01    1.39177E+00    1.69607E+00    1.85773E+00
    1.52500E+01    1.33515E+02    5.96953E+00    4.50000E+00    7.82889E-01   -4.06130E-01    7.86096E-01    1.30302E+00    1.50609E+00    1.69607E+00
    1.57500E+01    1.41824E+02    8.30955E+00    4.50000E+00    1.05518E+00   -5.18880E-01    8.86535E-01    1.50609E+00    1.76553E+00    1.94936E+00
    1.62500E+01    1.49495E+02    7.67025E+00    5.00000E+00    9.44031E-01   -4.34274E-01    8.69158E-01    1.33095E+00    1.54809E+00    1.76553E+00
    1.67500E+01    1.59645E+02    1.01502E+01    5.00000E+00    1.21197E+00   -5.84695E-01    9.32790E-01    1.54809E+00    1.84043E+00    2.01448E+00
    1.72500E+01    1.70149E+02    1.05036E+01    5.50000E+00    1.21781E+00   -6.38151E-01    9.00321E-01    1.39027E+00    1.70935E+00    1.84043E+00
    1.77500E+01    1.77500E+02    7.35173E+00    6.00000E+00    8.28364E-01   -4.55158E-01    7.88159E-01    1.31527E+00    1.54285E+00    1.70935E+00
    1.82500E+01    1.88473E+02    1.09723E+01    6.00000E+00    1.20244E+00   -6.32931E-01    8.95455E-01    1.54285E+00    1.85931E+00    1.99058E+00
    1.87500E+01    2.00998E+02    1.25250E+01    6.50000E+00    1.33600E+00   -7.32204E-01    8.94358E-01    1.41214E+00    1.77824E+00    1.85931E+00
    1.92500E+01    2.11992E+02    1.09948E+01    7.00000E+00    1.14231E+00   -7.18008E-01    7.91693E-01    1.38239E+00    1.74140E+00    1.77824E+00
    1.97500E+01    2.22404E+02    1.04116E+01    7.50000E+00    1.05434E+00   -7.03703E-01    7.47756E-01    1.36752E+00    1.71937E+00    1.74140E+00
    2.02500E+01    2.32549E+02    1.01446E+01    8.00000E+00    1.00194E+00   -6.93032E-01    7.22251E-01    1.35824E+00    1.70476E+00    1.71937E+00
    2.07500E+01    2.42590E+02    1.00416E+01    8.50000E+00    9.67865E-01   -6.85711E-01    7.05454E-01    1.35203E+00    1.69489E+00    1.70476E+00
    2.12500E+01    2.52640E+02    1.00501E+01    9.00000E+00    9.45888E-01   -6.81453E-01    6.93909E-01    1.34793E+00    1.68866E+00    1.69489E+00
    2.17500E+01    2.62793E+02    1.01530E+01    9.50000E+00    9.33612E-01   -6.80301E-01    6.86150E-01    1.34559E+00    1.68574E+00    1.68866E+00
    2.22500E+01    2.73147E+02    1.03539E+01    1.00000E+01    9.30685E-01   -6.82761E-01    6.81560E-01    1.34496E+00    1.68634E+00    1.68574E+00
    2.27500E+01    2.83825E+02    1.06774E+01    1.05000E+01    9.38673E-01   -6.90127E-01    6.79998E-01    1.34634E+00    1.69140E+00    1.68634E+00
    2.32500E+01    2.95013E+02    1.11884E+01    1.10000E+01    9.62439E-01   -7.05530E-01    6.81665E-01    1.35057E+00    1.70333E+00    1.69140E+00
    2.37500E+01    3.07079E+02    1.20663E+01    1.15000E+01    1.01611E+00   -7.37873E-01    6.86768E-01    1.35995E+00    1.72889E+00    1.70333E+00
    2.42500E+01    3.21120E+02    1.40413E+01    1.20000E+01    1.15804E+00   -8.24269E-01    6.91827E-01    1.38297E+00    1.79511E+00    1.72889E+00
    2.47500E+01    3.29590E+02    8.46943E+00    1.30000E+01    6.84398E-01   -7.09920E-01    4.24749E-01    1.28656E+00    1.64152E+00    1.49894E+00
    2.52366E+01    3.41208E+02    1.16182E+01    1.35000E+01    9.73026E-01   -7.95150E-01    5.83749E-01    1.34965E+00    1.72586E+00    1.64152E+00
    2.57122E+01    3.49066E+02    7.85777E+00    1.45000E+01    6.39139E-01   -7.02720E-01    3.81213E-01    1.26768E+00    1.60369E+00    1.45829E+00
    2.61929E+01    3.60876E+02    1.18097E+01    1.50000E+01    9.33066E-01   -7.98762E-01    5.43181E-01    1.33210E+00    1.71808E+00    1.60369E+00
    2.66787E+01    3.70450E+02    9.57409E+00    1.60000E+01    7.34869E-01   -7.73881E-01    3.68751E-01    1.28457E+00    1.66248E+00    1.46894E+00
    2.71696E+01    3.79638E+02    9.18833E+00    1.70000E+01    6.85253E-01   -7.54068E-01    3.41518E-01    1.27383E+00    1.64597E+00    1.44459E+00
    2.76657E+01    3.89255E+02    9.61735E+00    1.80000E+01    6.96998E-01   -7.66779E-01    3.30225E-01    1.27508E+00    1.65751E+00    1.44019E+00
    2.81671E+01    3.96639E+02    7.38411E+00    1.95000E+01    5.20109E-01   -6.76172E-01    2.50800E-01    1.23310E+00    1.57391E+00    1.35850E+00
    2.86738E+01    4.05345E+02    8.70520E+00    2.05000E+01    5.96009E-01   -7.13617E-01    2.94551E-01    1.25429E+00    1.61779E+00    1.40156E+00
    2.91859E+01    4.12948E+02    7.60365E+00    2.20000E+01    5.06092E-01   -6.70696E-01    2.37190E-01    1.22942E+00    1.57468E+00    1.34802E+00
    2.97034E+01    4.20058E+02    7.10997E+00    2.35000E+01    4.60111E-01   -6.40063E-01    2.24568E-01    1.21899E+00    1.55198E+00    1.33128E+00
    3.02264E+01    4.26804E+02    6.74603E+00    2.50000E+01    4.24506E-01   -6.14167E-01    2.17496E-01    1.21114E+00    1.53404E+00    1.31989E+00
    3.07549E+01    4.33539E+02    6.73461E+00    2.64345E+01    4.12135E-01   -6.02295E-01    2.22208E-01    1.20370E+00    1.52371E+00    1.30995E+00
    3.12891E+01    4.40021E+02    6.48241E+00    2.79151E+01    3.85840E-01   -5.83590E-01    2.12749E-01    1.20218E+00    1.51554E+00    1.30717E+00
    3.18289E+01    4.45868E+02    5.84669E+00    2.94433E+01    3.38511E-01   -5.45252E-01    2.03004E-01    1.19525E+00    1.49113E+00    1.29865E+00
    3.23744E+01    4.53158E+02    7.29016E+00    3.04893E+01    4.10620E-01   -5.92560E-01    2.43912E-01    1.22262E+00    1.54757E+00    1.34951E+00
    3.29257E+01    4.59772E+02    6.61355E+00    3.21002E+01    3.62431E-01   -5.68839E-01    1.97112E-01    1.20901E+00    1.52426E+00    1.31485E+00
    3.34829E+01    4.65993E+02    6.22149E+00    3.37629E+01    3.31755E-01   -5.46079E-01    1.83175E-01    1.20432E+00    1.51017E+00    1.30584E+00
    3.40459E+01    4.71562E+02    5.56856E+00    3.54790E+01    2.88965E-01   -5.08885E-01    1.73207E-01    1.19618E+00    1.48422E+00    1.29526E+00
    3.46149E+01    4.78367E+02    6.80496E+00    3.66536E+01    3.43676E-01   -5.47983E-01    2.08304E-01    1.22141E+00    1.53487E+00    1.34311E+00
    3.51900E+01    4.84431E+02    6.06422E+00    3.84627E+01    2.98101E-01   -5.20167E-01    1.65915E-01    1.20627E+00    1.50697E+00    1.30632E+00
    3.57711E+01    4.89770E+02    5.33944E+00    4.03298E+01    2.55500E-01   -4.81358E-01    1.54256E-01    1.19603E+00    1.47725E+00    1.29203E+00
    3.63584E+01    4.96134E+02    6.36316E+00    4.16078E+01    2.96427E-01   -5.11974E-01    1.85227E-01    1.21854E+00    1.52081E+00    1.33627E+00
    3.69520E+01    5.01390E+02    5.25694E+00    4.35761E+01    2.38433E-01   -4.65751E-01    1.46657E-01    1.19720E+00    1.47509E+00    1.29341E+00
    3.75518E+01    5.07313E+02    5.92242E+00    4.49233E+01    2.61553E-01   -4.80592E-01    1.74884E-01    1.21421E+00    1.50400E+00    1.33139E+00
    3.81580E+01    5.13945E+02    6.63192E+00    4.62992E+01    2.85211E-01   -5.03331E-01    1.78517E-01    1.22684E+00    1.53356E+00    1.34900E+00
    3.87706E+01    5.19373E+02    5.42840E+00    4.84182E+01    2.27353E-01   -4.57026E-01    1.35945E-01    1.20291E+00    1.48436E+00    1.29893E+00
    3.93897E+01    5.25650E+02    6.27669E+00    4.98686E+01    2.56036E-01   -4.79792E-01    1.60735E-01    1.22233E+00    1.52094E+00    1.33828E+00
    4.00154E+01    5.30751E+02    5.10155E+00    5.21023E+01    2.02698E-01   -4.32649E-01    1.24551E-01    1.19889E+00    1.47101E+00    1.29162E+00
    4.06477E+01    5.36334E+02    5.58211E+00    5.36312E+01    2.16052E-01   -4.40425E-01    1.48586E-01    1.21283E+00    1.49278E+00    1.32582E+00
    4.12867E+01    5.42178E+02    5.84452E+00    5.51927E+01    2.20371E-01   -4.44372E-01    1.51344E-01    1.21883E+00    1.50428E+00    1.33636E+00
    4.19324E+01    5.48265E+02    6.08674E+00    5.67875E+01    2.23600E-01   -4.48232E-01    1.50623E-01    1.22379E+00    1.51477E+00    1.34326E+00
    4.25851E+01    5.54799E+02    6.53416E+00    5.84162E+01    2.33878E-01   -4.60390E-01    1.48049E-01    1.23156E+00    1.53360E+00    1.35149E+00
    4.32446E+01    5.59980E+02    5.18107E+00    6.09247E+01    1.80703E-01   -4.10754E-01    1.09473E-01    1.20396E+00    1.47630E+00    1.29550E+00
    4.39111E+01    5.65554E+02    5.57348E+00    6.26416E+01    1.89430E-01   -4.15321E-01    1.30149E-01    1.21609E+00    1.49437E+00    1.32723E+00
    4.45847E+01    5.71290E+02    5.73644E+00    6.43951E+01    1.90009E-01   -4.15564E-01    1.31590E-01    1.22024E+00    1.50163E+00    1.33500E+00
    4.52654E+01    5.77118E+02    5.82792E+00    6.61860E+01    1.88142E-01   -4.13767E-01    1.30150E-01    1.22259E+00    1.50574E+00    1.33852E+00
    4.59534E+01    5.83006E+02    5.88768E+00    6.80151E+01    1.85262E-01   -4.10986E-01    1.27877E-01    1.22424E+00    1.50847E+00    1.34057E+00
    4.66486E+01    5.88935E+02    5.92930E+00    6.98831E+01    1.81863E-01   -4.07639E-01    1.25276E-01    1.22550E+00    1.51040E+00    1.34190E+00
    4.73512E+01    5.94893E+02    5.95836E+00    7.17909E+01    1.78155E-01   -4.03910E-01    1.22522E-01    1.22651E+00    1.51180E+00    1.34277E+00
    4.80613E+01    6.00870E+02    5.97722E+00    7.37395E+01    1.74231E-01   -3.99880E-01    1.19694E-01    1.22732E+00    1.51276E+00    1.34332E+00
    4.87789E+01    6.06857E+02    5.98642E+00    7.57295E+01    1.70129E-01   -3.95576E-01    1.16828E-01    1.22794E+00    1.51330E+00    1.34358E+00
    4.95041E+01    6.12842E+02    5.98506E+00    7.77619E+01    1.65841E-01   -3.90971E-01    1.13941E-01    1.22836E+00    1.51339E+00    1.34354E+00
    5.02370E+01    6.18812E+02    5.97022E+00    7.98377E+01    1.61306E-01   -3.85975E-01    1.11040E-01    1.22853E+00    1.51290E+00    1.34317E+00
    5.09776E+01    6.24747E+02    5.93500E+00    8.19577E+01    1.56368E-01   -3.80364E-01    1.08124E-01    1.22833E+00    1.51153E+00    1.34233E+00
    5.17261E+01    6.30609E+02    5.86179E+00    8.41229E+01    1.50607E-01   -3.73550E-01    1.05204E-01    1.22743E+00    1.50851E+00    1.34072E+00
    5.24825E+01    6.36301E+02    5.69197E+00    8.63342E+01    1.42625E-01   -3.63504E-01    1.02416E-01    1.22481E+00    1.50123E+00    1.33746E+00
    5.32470E+01    6.41390E+02    5.08887E+00    8.85927E+01    1.24364E-01   -3.37672E-01    1.01691E-01    1.21447E+00    1.47396E+00    1.32870E+00
    5.40195E+01    6.48913E+02    7.52319E+00    8.97399E+01    1.79324E-01   -3.83270E-01    1.80078E-01    1.26954E+00    1.56720E+00    1.47396E+00
    5.48003E+01    6.55395E+02    6.48188E+00    9.20710E+01    1.50705E-01   -3.73378E-01    1.06272E-01    1.24110E+00    1.53415E+00    1.36431E+00
    5.55893E+01    6.61605E+02    6.21021E+00    9.44517E+01    1.40846E-01   -3.62288E-01    9.79462E-02    1.23565E+00    1.52301E+00    1.35163E+00
    5.63867E+01    6.67553E+02    5.94820E+00    9.68832E+01    1.31601E-01   -3.50414E-01    9.38669E-02    1.23113E+00    1.51202E+00    1.34465E+00
    5.71925E+01    6.72839E+02    5.28551E+00    9.93664E+01    1.14082E-01   -3.24827E-01    9.25749E-02    1.21963E+00    1.48277E+00    1.33397E+00
    5.80069E+01    6.80548E+02    7.70964E+00    1.00628E+02    1.62348E-01   -3.66629E-01    1.67124E-01    1.27416E+00    1.57431E+00    1.48277E+00
    5.88299E+01    6.87114E+02    6.56537E+00    1.03191E+02    1.34888E-01   -3.54516E-01    9.59497E-02    1.24400E+00    1.53730E+00    1.36631E+00
    5.96616E+01    6.93274E+02    6.16031E+00    1.05809E+02    1.23492E-01   -3.40164E-01    8.82093E-02    1.23621E+00    1.52063E+00    1.35105E+00
    6.05022E+01    6.98701E+02    5.42709E+00    1.08482E+02    1.06157E-01   -3.14227E-01    8.61323E-02    1.22330E+00    1.48882E+00    1.33784E+00
    6.13516E+01    7.06521E+02    7.82022E+00    1.09840E+02    1.49268E-01   -3.52736E-01    1.57625E-01    1.27700E+00    1.57822E+00    1.48882E+00
    6.22101E+01    7.13047E+02    6.52576E+00    1.12600E+02    1.21553E-01   -3.37159E-01    8.87510E-02    1.24434E+00    1.53531E+00    1.36615E+00
    6.30777E+01    7.18699E+02    5.65194E+00    1.15418E+02    1.02740E-01   -3.09562E-01    8.31298E-02    1.22836E+00    1.49834E+00    1.34489E+00
    6.39544E+01    7.26772E+02    8.07334E+00    1.16849E+02    1.43225E-01   -3.46231E-01    1.52803E-01    1.28189E+00    1.58705E+00    1.49834E+00
    6.48405E+01    7.33471E+02    6.69849E+00    1.19758E+02    1.15981E-01   -3.29895E-01    8.45595E-02    1.24800E+00    1.54184E+00    1.37033E+00
    6.57359E+01    7.39261E+02    5.78957E+00    1.22729E+02    9.78412E-02   -3.02662E-01    7.89732E-02    1.23148E+00    1.50392E+00    1.34817E+00
    6.66409E+01    7.47480E+02    8.21963E+00    1.24238E+02    1.35585E-01   -3.37723E-01    1.46724E-01    1.28483E+00    1.59206E+00    1.50392E+00
    6.75554E+01    7.54269E+02    6.78841E+00    1.27304E+02    1.09302E-01   -3.20767E-01    8.00649E-02    1.25010E+00    1.54500E+00    1.37221E+00
    6.84796E+01    7.60096E+02    5.82708E+00    1.30436E+02    9.15861E-02   -2.93272E-01    7.46858E-02    1.23266E+00    1.50514E+00    1.34899E+00
    6.94136E+01    7.68264E+02    8.16835E+00    1.32027E+02    1.25329E-01   -3.25073E-01    1.40201E-01    1.28445E+00    1.58968E+00    1.50514E+00
    7.03575E+01    7.74532E+02    6.26837E+00    1.35259E+02    9.38913E-02   -2.96512E-01    7.72802E-02    1.24195E+00    1.52331E+00    1.36619E+00
    7.13115E+01    7.83261E+02    8.72851E+00    1.36901E+02    1.27639E-01   -3.28227E-01    1.41087E-01    1.29409E+00    1.60884E+00    1.52331E+00
    7.22755E+01    7.90370E+02    7.10960E+00    1.40237E+02    1.01503E-01   -3.09774E-01    7.44503E-02    1.25650E+00    1.55671E+00    1.38004E+00
    7.32498E+01    7.96442E+02    6.07183E+00    1.43644E+02    8.46363E-02   -2.82622E-01    6.90018E-02    1.23790E+00    1.51470E+00    1.35484E+00
    7.42343E+01    8.04870E+02    8.42739E+00    1.45375E+02    1.14697E-01   -3.12058E-01    1.31595E-01    1.28933E+00    1.59820E+00    1.51470E+00
    7.52294E+01    8.11276E+02    6.40649E+00    1.48892E+02    8.51369E-02   -2.83005E-01    7.10278E-02    1.24508E+00    1.52816E+00    1.36931E+00
    7.62349E+01    8.20052E+02    8.77565E+00    1.50678E+02    1.13876E-01   -3.10706E-01    1.31671E-01    1.29541E+00    1.60949E+00    1.52816E+00
    7.72512E+01    8.26658E+02    6.60626E+00    1.54308E+02    8.37100E-02   -2.80797E-01    6.97348E-02    1.24896E+00    1.53582E+00    1.37485E+00
    7.82782E+01    8.35670E+02    9.01224E+00    1.56152E+02    1.11517E-01   -3.07772E-01    1.29587E-01    1.29939E+00    1.61714E+00    1.53582E+00
    7.93160E+01    8.42442E+02    6.77198E+00    1.59898E+02    8.18319E-02   -2.77857E-01    6.80241E-02    1.25210E+00    1.54200E+00    1.37885E+00
    8.03649E+01    8.51656E+02    9.21342E+00    1.61801E+02    1.08728E-01   -3.04273E-01    1.27067E-01    1.30272E+00    1.62355E+00    1.54200E+00
    8.14249E+01    8.58578E+02    6.92200E+00    1.65668E+02    7.97780E-02   -2.74581E-01    6.62060E-02    1.25490E+00    1.54749E+00    1.38223E+00
    8.24962E+01    8.67973E+02    9.39570E+00    1.67632E+02    1.05761E-01   -3.00476E-01    1.24398E-01    1.30571E+00    1.62929E+00    1.54749E+00
    8.35788E+01    8.75034E+02    7.06090E+00    1.71624E+02    7.76273E-02   -2.71082E-01    6.43574E-02    1.25748E+00    1.55250E+00    1.38523E+00
    8.46728E+01    8.84597E+02    9.56271E+00    1.73651E+02    1.02685E-01   -2.96451E-01    1.21663E-01    1.30843E+00    1.63448E+00    1.55250E+00
    8.57785E+01    8.91785E+02    7.18775E+00    1.77770E+02    7.53888E-02   -2.67361E-01    6.25032E-02    1.25982E+00    1.55700E+00    1.38788E+00
    8.68959E+01    9.01496E+02    9.71116E+00    1.79863E+02    9.94912E-02   -2.92161E-01    1.18882E-01    1.31084E+00    1.63902E+00    1.55700E+00
    8.80251E+01    9.08791E+02    7.29525E+00    1.84115E+02    7.30074E-02   -2.63304E-01    6.06490E-02    1.26182E+00    1.56072E+00    1.39007E+00
    8.91663E+01    9.18618E+02    9.82665E+00    1.86274E+02    9.60636E-02   -2.87399E-01    1.16041E-01    1.31273E+00    1.64244E+00    1.56072E+00
    9.03196E+01    9.25974E+02    7.35665E+00    1.90663E+02    7.02543E-02   -2.58451E-01    5.87986E-02    1.26302E+00    1.56267E+00    1.39136E+00
    9.14851E+01    9.35826E+02    9.85181E+00    1.92892E+02    9.19096E-02   -2.81284E-01    1.13089E-01    1.31322E+00    1.64279E+00    1.56267E+00
    9.26630E+01    9.43033E+02    7.20709E+00    1.97421E+02    6.56855E-02   -2.49827E-01    5.72010E-02    1.26073E+00    1.55655E+00    1.38959E+00
    9.38534E+01    9.52295E+02    9.26207E+00    1.99722E+02    8.24698E-02   -2.64930E-01    1.10824E-01    1.30424E+00    1.62126E+00    1.55655E+00
    9.50564E+01    9.63494E+02    1.11983E+01    2.02047E+02    9.74160E-02   -2.86159E-01    1.24615E-01    1.33455E+00    1.68061E+00    1.62126E+00
    9.62721E+01    9.71493E+02    7.99968E+00    2.06772E+02    6.79908E-02   -2.54406E-01    5.71713E-02    1.27440E+00    1.58532E+00    1.40875E+00
    9.75007E+01    9.82097E+02    1.06034E+01    2.09172E+02    8.80513E-02   -2.75704E-01    1.09720E-01    1.32477E+00    1.66529E+00    1.58532E+00
    9.87424E+01    9.89812E+02    7.71555E+00    2.14048E+02    6.26013E-02   -2.44226E-01    5.43598E-02    1.26966E+00    1.57450E+00    1.40150E+00
    9.99972E+01    9.99679E+02    9.86656E+00    2.16525E+02    7.82201E-02   -2.58658E-01    1.06378E-01    1.31376E+00    1.64003E+00    1.57450E+00
    1.01265E+02    1.01155E+03    1.18697E+01    2.19029E+02    9.19478E-02   -2.78714E-01    1.19442E-01    1.34417E+00    1.69947E+00    1.64003E+00
    1.02547E+02    1.02002E+03    8.47378E+00    2.24115E+02    6.41412E-02   -2.47450E-01    5.39392E-02    1.28231E+00    1.60110E+00    1.41877E+00
    1.03842E+02    1.03120E+03    1.11765E+01    2.26699E+02    8.26677E-02   -2.67750E-01    1.04775E-01    1.33323E+00    1.68182E+00    1.60110E+00
    1.05151E+02    1.03932E+03    8.12223E+00    2.31949E+02    5.87065E-02   -2.36830E-01    5.11675E-02    1.27659E+00    1.58820E+00    1.41020E+00
    1.06474E+02    1.04965E+03    1.03287E+01    2.34616E+02    7.29536E-02   -2.50375E-01    1.01321E-01    1.32083E+00    1.65376E+00    1.58820E+00
    1.07810E+02    1.06198E+03    1.23295E+01    2.37311E+02    8.51039E-02   -2.68665E-01    1.13679E-01    1.35060E+00    1.71163E+00    1.65376E+00
    1.09161E+02    1.07058E+03    8.60153E+00    2.42787E+02    5.80220E-02   -2.35446E-01    5.08647E-02    1.28469E+00    1.60444E+00    1.42323E+00
    1.10526E+02    1.08145E+03    1.08692E+01    2.45569E+02    7.16533E-02   -2.48262E-01    1.00097E-01    1.32892E+00    1.66965E+00    1.60444E+00
    1.11906E+02    1.09436E+03    1.29094E+01    2.48380E+02    8.31722E-02   -2.65822E-01    1.11851E-01    1.35851E+00    1.72721E+00    1.66965E+00
    1.13301E+02    1.10335E+03    8.98712E+00    2.54092E+02    5.65895E-02   -2.32670E-01    4.95381E-02    1.29086E+00    1.61700E+00    1.43160E+00
    1.14710E+02    1.11468E+03    1.13308E+01    2.56993E+02    6.97317E-02   -2.45207E-01    9.80061E-02    1.33561E+00    1.68296E+00    1.61700E+00
    1.16134E+02    1.12811E+03    1.34279E+01    2.59926E+02    8.07678E-02   -2.62278E-01    1.09444E-01    1.36541E+00    1.74087E+00    1.68296E+00
    1.17573E+02    1.13746E+03    9.35123E+00    2.65884E+02    5.49758E-02   -2.29484E-01    4.80938E-02    1.29655E+00    1.62856E+00    1.43907E+00
    1.19027E+02    1.14922E+03    1.17678E+01    2.68910E+02    6.76209E-02   -2.41771E-01    9.57489E-02    1.34181E+00    1.69530E+00    1.62856E+00
    1.20497E+02    1.16314E+03    1.39172E+01    2.71969E+02    7.81677E-02   -2.58344E-01    1.06893E-01    1.37179E+00    1.75351E+00    1.69530E+00
    1.21982E+02    1.17283E+03    9.68950E+00    2.78183E+02    5.31956E-02   -2.25880E-01    4.66252E-02    1.30176E+00    1.63905E+00    1.44588E+00
    1.23484E+02    1.18499E+03    1.21614E+01    2.81340E+02    6.52632E-02   -2.37782E-01    9.33964E-02    1.34730E+00    1.70613E+00    1.63905E+00
    1.25001E+02    1.19932E+03    1.43311E+01    2.84531E+02    7.51763E-02   -2.53600E-01    1.04229E-01    1.37709E+00    1.76385E+00    1.70613E+00
    1.26534E+02    1.20921E+03    9.88957E+00    2.91013E+02    5.07113E-02   -2.20607E-01    4.52078E-02    1.30488E+00    1.64488E+00    1.45063E+00
    1.28083E+02    1.22146E+03    1.22488E+01    2.94306E+02    6.13985E-02   -2.30487E-01    9.09636E-02    1.34849E+00    1.70749E+00    1.64488E+00
    1.29649E+02    1.23536E+03    1.39010E+01    2.97634E+02    6.81167E-02   -2.40219E-01    1.02037E-01    1.37150E+00    1.74962E+00    1.70749E+00
    1.31231E+02    1.25121E+03    1.58473E+01    3.00997E+02    7.59124E-02   -2.54233E-01    1.06197E-01    1.39622E+00    1.80064E+00    1.74962E+00
    1.32831E+02    1.26207E+03    1.08561E+01    3.07830E+02    5.08382E-02   -2.21034E-01    4.45210E-02    1.31906E+00    1.67440E+00    1.47037E+00
    1.34447E+02    1.27561E+03    1.35461E+01    3.11301E+02    6.20158E-02   -2.32272E-01    8.98075E-02    1.36593E+00    1.74330E+00    1.67440E+00
    1.36080E+02    1.29149E+03    1.58780E+01    3.14809E+02    7.10658E-02   -2.47125E-01    9.99748E-02    1.39627E+00    1.80202E+00    1.74330E+00
    1.37731E+02    1.30245E+03    1.09554E+01    3.21937E+02    4.79376E-02   -2.14752E-01    4.26517E-02    1.32047E+00    1.67681E+00    1.47168E+00
    1.39399E+02    1.31596E+03    1.35164E+01    3.25558E+02    5.78233E-02   -2.24216E-01    8.68932E-02    1.36550E+00    1.74148E+00    1.67681E+00
    1.41084E+02    1.33124E+03    1.52796E+01    3.29217E+02    6.39077E-02   -2.33288E-01    9.73890E-02    1.38887E+00    1.78421E+00    1.74148E+00
    1.42788E+02    1.34857E+03    1.73302E+01    3.32915E+02    7.08683E-02   -2.46205E-01    1.01249E-01    1.41373E+00    1.83539E+00    1.78421E+00
    1.44510E+02    1.36035E+03    1.17781E+01    3.40428E+02    4.70911E-02   -2.12922E-01    4.18939E-02    1.33209E+00    1.70061E+00    1.48865E+00
    1.46250E+02    1.37483E+03    1.44781E+01    3.44245E+02    5.65976E-02   -2.22027E-01    8.54492E-02    1.37790E+00    1.76625E+00    1.70061E+00
    1.48008E+02    1.39115E+03    1.63194E+01    3.48102E+02    6.23766E-02   -2.30742E-01    9.55755E-02    1.40147E+00    1.80934E+00    1.76625E+00
    1.49785E+02    1.40961E+03    1.84630E+01    3.52000E+02    6.90012E-02   -2.43220E-01    9.92241E-02    1.42662E+00    1.86111E+00    1.80934E+00
    1.51581E+02    1.42216E+03    1.25486E+01    3.59921E+02    4.58558E-02   -2.10233E-01    4.07175E-02    1.34252E+00    1.72205E+00    1.50292E+00
    1.53396E+02    1.43756E+03    1.53960E+01    3.63944E+02    5.50123E-02   -2.19151E-01    8.35759E-02    1.38933E+00    1.78916E+00    1.72205E+00
    1.55230E+02    1.45488E+03    1.73209E+01    3.68010E+02    6.05176E-02   -2.27566E-01    9.34415E-02    1.41322E+00    1.83281E+00    1.78916E+00
    1.57084E+02    1.47442E+03    1.95475E+01    3.72119E+02    6.67833E-02   -2.39547E-01    9.69567E-02    1.43859E+00    1.88495E+00    1.83281E+00
    1.58957E+02    1.48766E+03    1.32397E+01    3.80468E+02    4.42309E-02   -2.06565E-01    3.95195E-02    1.35164E+00    1.74062E+00    1.51575E+00
    1.60850E+02    1.50381E+03    1.61432E+01    3.84709E+02    5.27371E-02   -2.14677E-01    8.15524E-02    1.39838E+00    1.80692E+00    1.74062E+00
    1.62763E+02    1.52174E+03    1.79354E+01    3.88995E+02    5.72959E-02   -2.21318E-01    9.11830E-02    1.42020E+00    1.84585E+00    1.80692E+00
    1.64696E+02    1.54128E+03    1.95367E+01    3.93327E+02    6.10318E-02   -2.28017E-01    9.50780E-02    1.43834E+00    1.88152E+00    1.84585E+00
    1.66650E+02    1.56306E+03    2.17769E+01    3.97704E+02    6.65274E-02   -2.39084E-01    9.67789E-02    1.46232E+00    1.93193E+00    1.88152E+00
    1.68625E+02    1.57778E+03    1.47293E+01    4.06599E+02    4.40038E-02   -2.06160E-01    3.87550E-02    1.37041E+00    1.77965E+00    1.54186E+00
    1.70621E+02    1.59579E+03    1.80032E+01    4.11117E+02    5.25980E-02   -2.14777E-01    8.04285E-02    1.42008E+00    1.85094E+00    1.77965E+00
    1.72637E+02    1.61598E+03    2.01932E+01    4.15683E+02    5.76955E-02   -2.22779E-01    8.98061E-02    1.44519E+00    1.89684E+00    1.85094E+00
    1.74675E+02    1.63870E+03    2.27210E+01    4.20297E+02    6.34876E-02   -2.34146E-01    9.30768E-02    1.47185E+00    1.95158E+00    1.89684E+00
    1.76735E+02    1.65414E+03    1.54332E+01    4.29673E+02    4.21743E-02   -2.01936E-01    3.73633E-02    1.37898E+00    1.79710E+00    1.55322E+00
    1.78817E+02    1.67290E+03    1.87658E+01    4.34436E+02    5.01527E-02   -2.09857E-01    7.81839E-02    1.42865E+00    1.86777E+00    1.79710E+00
    1.80920E+02    1.69370E+03    2.07980E+01    4.39249E+02    5.43613E-02   -2.16160E-01    8.73853E-02    1.45158E+00    1.90869E+00    1.86777E+00
    1.83046E+02    1.71629E+03    2.25923E+01    4.44113E+02    5.77532E-02   -2.22403E-01    9.10505E-02    1.47045E+00    1.94575E+00    1.90869E+00
    1.85194E+02    1.74137E+03    2.50826E+01    4.49029E+02    6.27106E-02   -2.32665E-01    9.26149E-02    1.49526E+00    1.99775E+00    1.94575E+00
    1.87366E+02    1.75826E+03    1.68901E+01    4.59017E+02    4.13009E-02   -1.99905E-01    3.65895E-02    1.39618E+00    1.83250E+00    1.57795E+00
    1.89560E+02    1.77870E+03    2.04372E+01    4.64091E+02    4.88778E-02   -2.07310E-01    7.68129E-02    1.44686E+00    1.90414E+00    1.83250E+00
    1.91777E+02    1.80120E+03    2.24965E+01    4.69218E+02    5.26231E-02   -2.12776E-01    8.57303E-02    1.46917E+00    1.94348E+00    1.90414E+00
    1.94018E+02    1.82533E+03    2.41314E+01    4.74400E+02    5.52101E-02   -2.17349E-01    8.92712E-02    1.48574E+00    1.97538E+00    1.94348E+00
    1.96283E+02    1.85121E+03    2.58799E+01    4.79637E+02    5.79134E-02   -2.22697E-01    9.12100E-02    1.50275E+00    2.00976E+00    1.97538E+00
    1.98572E+02    1.87976E+03    2.85547E+01    4.84929E+02    6.25002E-02   -2.32430E-01    9.20677E-02    1.52762E+00    2.06239E+00    2.00976E+00
    2.00885E+02    1.89900E+03    1.92352E+01    4.95683E+02    4.11804E-02   -1.99725E-01    3.59233E-02    1.42219E+00    1.88659E+00    1.61432E+00
    2.03222E+02    1.92229E+03    2.32894E+01    5.01145E+02    4.87697E-02   -2.07381E-01    7.59121E-02    1.47628E+00    1.96359E+00    1.88659E+00
    2.05585E+02    1.94802E+03    2.57290E+01    5.06665E+02    5.27006E-02   -2.13372E-01    8.46938E-02    1.50096E+00    2.00766E+00    1.96359E+00
    2.07972E+02    1.97589E+03    2.78761E+01    5.12244E+02    5.58509E-02   -2.19287E-01    8.81153E-02    1.52124E+00    2.04751E+00    2.00766E+00
    2.10385E+02    2.00676E+03    3.08617E+01    5.17882E+02    6.04826E-02   -2.29054E-01    8.95378E-02    1.54800E+00    2.10354E+00    2.04751E+00
    2.12823E+02    2.02758E+03    2.08292E+01    5.29338E+02    3.99300E-02   -1.96763E-01    3.48471E-02    1.43905E+00    1.92133E+00    1.63760E+00
    2.15287E+02    2.05270E+03    2.51144E+01    5.35157E+02    4.70946E-02   -2.03941E-01    7.41801E-02    1.49420E+00    1.99937E+00    1.92133E+00
    2.17777E+02    2.08023E+03    2.75309E+01    5.41038E+02    5.05004E-02   -2.08931E-01    8.27548E-02    1.51781E+00    2.04083E+00    1.99937E+00
    2.20294E+02    2.10957E+03    2.93439E+01    5.46981E+02    5.26530E-02   -2.12693E-01    8.61098E-02    1.53443E+00    2.07251E+00    2.04083E+00
    2.22837E+02    2.14065E+03    3.10742E+01    5.52987E+02    5.45431E-02   -2.16345E-01    8.79657E-02    1.54972E+00    2.10284E+00    2.07251E+00
    2.25407E+02    2.17375E+03    3.31017E+01    5.59057E+02    5.68370E-02   -2.21087E-01    8.92036E-02    1.56707E+00    2.13830E+00    2.10284E+00
    2.28005E+02    2.21009E+03    3.63444E+01    5.65191E+02    6.10468E-02   -2.30211E-01    8.97210E-02    1.59372E+00    2.19483E+00    2.13830E+00
    2.30629E+02    2.23458E+03    2.44838E+01    5.77655E+02    4.02304E-02   -1.97597E-01    3.44362E-02    1.47531E+00    1.99673E+00    1.68879E+00
    2.33282E+02    2.26409E+03    2.95081E+01    5.83986E+02    4.74318E-02   -2.04927E-01    7.37356E-02    1.53479E+00    2.08129E+00    1.99673E+00
    2.35963E+02    2.29648E+03    3.23933E+01    5.90385E+02    5.09380E-02   -2.10186E-01    8.22182E-02    1.56074E+00    2.12721E+00    2.08129E+00
    2.38673E+02    2.33115E+03    3.46739E+01    5.96851E+02    5.33399E-02   -2.14535E-01    8.55245E-02    1.57999E+00    2.16430E+00    2.12721E+00
    2.41411E+02    2.36826E+03    3.71066E+01    6.03386E+02    5.58429E-02   -2.19589E-01    8.73139E-02    1.59971E+00    2.20413E+00    2.16430E+00
    2.44178E+02    2.40907E+03    4.08141E+01    6.09990E+02    6.00894E-02   -2.28757E-01    8.80898E-02    1.62848E+00    2.26481E+00    2.20413E+00
    2.46974E+02    2.43667E+03    2.75923E+01    6.23409E+02    3.97421E-02   -1.96494E-01    3.36462E-02    1.50414E+00    2.05652E+00    1.72869E+00
    2.49800E+02    2.46986E+03    3.31961E+01    6.30225E+02    4.67767E-02   -2.03720E-01    7.26273E-02    1.56666E+00    2.14542E+00    2.05652E+00
    2.52656E+02    2.50620E+03    3.63422E+01    6.37113E+02    5.00999E-02   -2.08663E-01    8.09927E-02    1.59335E+00    2.19244E+00    2.14542E+00
    2.55543E+02    2.54491E+03    3.87011E+01    6.44075E+02    5.21959E-02   -2.12367E-01    8.42379E-02    1.61217E+00    2.22835E+00    2.19244E+00
    2.58459E+02    2.58586E+03    4.09509E+01    6.51110E+02    5.40341E-02   -2.15948E-01    8.60274E-02    1.62947E+00    2.26268E+00    2.22835E+00
    2.61407E+02    2.62944E+03    4.35800E+01    6.58220E+02    5.62584E-02   -2.20570E-01    8.72199E-02    1.64906E+00    2.30269E+00    2.26268E+00
    2.64386E+02    2.67720E+03    4.77663E+01    6.65405E+02    6.03283E-02   -2.29422E-01    8.77160E-02    1.67903E+00    2.36610E+00    2.30269E+00
    2.67397E+02    2.70948E+03    3.22735E+01    6.80005E+02    3.98795E-02   -1.96920E-01    3.31948E-02    1.54465E+00    2.14063E+00    1.78570E+00
    2.70439E+02    2.74822E+03    3.87474E+01    6.87421E+02    4.68438E-02   -2.04068E-01    7.21112E-02    1.61145E+00    2.23561E+00    2.14063E+00
    2.73514E+02    2.79055E+03    4.23228E+01    6.94916E+02    5.00605E-02   -2.08807E-01    8.03761E-02    1.63953E+00    2.28495E+00    2.23561E+00
    2.76622E+02    2.83547E+03    4.49278E+01    7.02490E+02    5.19936E-02   -2.12164E-01    8.35469E-02    1.65878E+00    2.32153E+00    2.28495E+00
    2.79762E+02    2.88276E+03    4.72837E+01    7.10145E+02    5.35383E-02   -2.15095E-01    8.52792E-02    1.67561E+00    2.35463E+00    2.32153E+00
    2.82936E+02    2.93251E+03    4.97524E+01    7.17881E+02    5.51174E-02   -2.18267E-01    8.64690E-02    1.69276E+00    2.38910E+00    2.35463E+00
    2.86143E+02    2.98529E+03    5.27786E+01    7.25698E+02    5.72083E-02   -2.22652E-01    8.73742E-02    1.71320E+00    2.43107E+00    2.38910E+00
    2.89384E+02    3.04301E+03    5.77168E+01    7.33599E+02    6.12113E-02   -2.31337E-01    8.77180E-02    1.74532E+00    2.49909E+00    2.43107E+00
    2.92660E+02    3.08203E+03    3.90283E+01    7.49652E+02    4.04987E-02   -1.98533E-01    3.29147E-02    1.59819E+00    2.25193E+00    1.86099E+00
    2.95970E+02    3.12882E+03    4.67865E+01    7.57807E+02    4.75027E-02   -2.05714E-01    7.20041E-02    1.67094E+00    2.35551E+00    2.25193E+00
    2.99315E+02    3.17985E+03    5.10301E+01    7.66047E+02    5.06948E-02   -2.10374E-01    8.02338E-02    1.70125E+00    2.40875E+00    2.35551E+00
    3.02696E+02    3.23392E+03    5.40740E+01    7.74376E+02    5.25616E-02   -2.13569E-01    8.33663E-02    1.72173E+00    2.44759E+00    2.40875E+00
    3.06113E+02    3.29068E+03    5.67522E+01    7.82792E+02    5.39770E-02   -2.16197E-01    8.50625E-02    1.73917E+00    2.48175E+00    2.44759E+00
    3.09566E+02    3.35009E+03    5.94155E+01    7.91298E+02    5.52936E-02   -2.18768E-01    8.62217E-02    1.75606E+00    2.51544E+00    2.48175E+00
    3.13055E+02    3.41244E+03    6.23446E+01    7.99894E+02    5.67710E-02   -2.21758E-01    8.71454E-02    1.77420E+00    2.55211E+00    2.51544E+00
    3.16582E+02    3.47846E+03    6.60273E+01    8.08581E+02    5.88312E-02   -2.26058E-01    8.79133E-02    1.79642E+00    2.59782E+00    2.55211E+00
    3.20146E+02    3.55057E+03    7.21107E+01    8.17360E+02    6.28698E-02   -2.34720E-01    8.81831E-02    1.83178E+00    2.67271E+00    2.59782E+00
    3.23748E+02    3.59944E+03    4.88641E+01    8.35198E+02    4.16864E-02   -2.01516E-01    3.28283E-02    1.66841E+00    2.39803E+00    1.95967E+00
    3.27387E+02    3.65796E+03    5.85181E+01    8.44260E+02    4.88495E-02   -2.08837E-01    7.23630E-02    1.74921E+00    2.51336E+00    2.39803E+00
    3.31066E+02    3.72173E+03    6.37745E+01    8.53417E+02    5.20937E-02   -2.13524E-01    8.06299E-02    1.78275E+00    2.57233E+00    2.51336E+00
    3.34783E+02    3.78925E+03    6.75172E+01    8.62671E+02    5.39664E-02   -2.16680E-01    8.37639E-02    1.80528E+00    2.61502E+00    2.57233E+00
    3.38540E+02    3.86001E+03    7.07638E+01    8.72024E+02    5.53471E-02   -2.19191E-01    8.54541E-02    1.82420E+00    2.65200E+00    2.61502E+00
    3.42337E+02    3.93392E+03    7.39071E+01    8.81475E+02    5.65649E-02   -2.21506E-01    8.66029E-02    1.84205E+00    2.68747E+00    2.65200E+00
    3.46174E+02    4.01111E+03    7.71901E+01    8.91027E+02    5.78100E-02   -2.23943E-01    8.75179E-02    1.86029E+00    2.72407E+00    2.68747E+00
    3.50051E+02    4.09201E+03    8.08961E+01    9.00680E+02    5.92860E-02   -2.26903E-01    8.83245E-02    1.88041E+00    2.76488E+00    2.72407E+00
    3.53970E+02    4.17762E+03    8.56178E+01    9.10435E+02    6.14009E-02   -2.31243E-01    8.90367E-02    1.90541E+00    2.81635E+00    2.76488E+00
    3.57930E+02    4.27108E+03    9.34554E+01    9.20294E+02    6.55849E-02   -2.40029E-01    8.92812E-02    1.94538E+00    2.90096E+00    2.81635E+00
    3.61932E+02    4.33462E+03    6.35438E+01    9.40326E+02    4.36379E-02   -2.06276E-01    3.29863E-02    1.76113E+00    2.59104E+00    2.08978E+00
    3.65977E+02    4.41069E+03    7.60665E+01    9.50502E+02    5.11185E-02   -2.13878E-01    7.33130E-02    1.85286E+00    2.72247E+00    2.59104E+00
    3.70064E+02    4.49359E+03    8.29005E+01    9.60785E+02    5.45179E-02   -2.18728E-01    8.17065E-02    1.89106E+00    2.78982E+00    2.72247E+00
    3.74195E+02    4.58137E+03    8.77848E+01    9.71178E+02    5.64939E-02   -2.22007E-01    8.48927E-02    1.91683E+00    2.83874E+00    2.78982E+00
    3.78370E+02    4.67341E+03    9.20336E+01    9.81680E+02    5.79603E-02   -2.24627E-01    8.66204E-02    1.93854E+00    2.88121E+00    2.83874E+00
    3.82589E+02    4.76956E+03    9.61520E+01    9.92294E+02    5.92581E-02   -2.27044E-01    8.78024E-02    1.95906E+00    2.92197E+00    2.88121E+00
    3.86852E+02    4.87001E+03    1.00452E+02    1.00302E+03    6.05838E-02   -2.29581E-01    8.87488E-02    1.98000E+00    2.96400E+00    2.92197E+00
    3.91161E+02    4.97531E+03    1.05297E+02    1.01386E+03    6.21477E-02   -2.32642E-01    8.95853E-02    2.00306E+00    3.01075E+00    2.96400E+00
    3.95516E+02    5.08676E+03    1.11450E+02    1.02482E+03    6.43727E-02   -2.37095E-01    9.03250E-02    2.03161E+00    3.06947E+00    3.01075E+00
    3.99916E+02    5.20838E+03    1.21617E+02    1.03589E+03    6.87430E-02   -2.46041E-01    9.05908E-02    2.07704E+00    3.16548E+00    3.06947E+00
    4.04363E+02    5.29130E+03    8.29238E+01    1.05838E+03    4.58704E-02   -2.11580E-01    3.32341E-02    1.86851E+00    2.81442E+00    2.24035E+00
    4.08858E+02    5.39046E+03    9.91615E+01    1.06981E+03    5.36805E-02   -2.19401E-01    7.44557E-02    1.97254E+00    2.96381E+00    2.81442E+00
    4.13400E+02    5.49842E+03    1.07961E+02    1.08136E+03    5.71958E-02   -2.24299E-01    8.29800E-02    2.01560E+00    3.03974E+00    2.96381E+00
    4.17990E+02    5.61260E+03    1.14173E+02    1.09303E+03    5.91950E-02   -2.27519E-01    8.61976E-02    2.04432E+00    3.09418E+00    3.03974E+00
    4.22629E+02    5.73206E+03    1.19468E+02    1.10482E+03    6.06179E-02   -2.29972E-01    8.79251E-02    2.06805E+00    3.14047E+00    3.09418E+00
    4.27317E+02    5.85650E+03    1.24436E+02    1.11674E+03    6.17909E-02   -2.32066E-01    8.90853E-02    2.08978E+00    3.18344E+00    3.14047E+00
    4.32054E+02    5.98585E+03    1.29351E+02    1.12879E+03    6.28611E-02   -2.34015E-01    8.99898E-02    2.11083E+00    3.22536E+00    3.18344E+00
    4.36842E+02    6.12024E+03    1.34389E+02    1.14096E+03    6.39159E-02   -2.35959E-01    9.07704E-02    2.13198E+00    3.26769E+00    3.22536E+00
    4.41681E+02    6.25995E+03    1.39712E+02    1.15326E+03    6.50301E-02   -2.38031E-01    9.14945E-02    2.15390E+00    3.31172E+00    3.26769E+00
    4.46571E+02    6.40549E+03    1.45542E+02    1.16570E+03    6.62994E-02   -2.40413E-01    9.22010E-02    2.17744E+00    3.35924E+00    3.31172E+00
    4.51513E+02    6.55779E+03    1.52297E+02    1.17826E+03    6.78973E-02   -2.43445E-01    9.29085E-02    2.20414E+00    3.41353E+00    3.35924E+00
    4.56507E+02    6.71880E+03    1.61013E+02    1.19096E+03    7.02531E-02   -2.47984E-01    9.35799E-02    2.23775E+00    3.48275E+00    3.41353E+00
    4.61554E+02    6.89433E+03    1.75530E+02    1.20379E+03    7.49552E-02   -2.57209E-01    9.38016E-02    2.29169E+00    3.59669E+00    3.48275E+00
    4.66655E+02    7.01434E+03    1.20002E+02    1.22986E+03    5.01519E-02   -2.21328E-01    3.41417E-02    2.04317E+00    3.17803E+00    2.48593E+00
    4.71809E+02    7.15774E+03    1.43400E+02    1.24311E+03    5.86541E-02   -2.29585E-01    7.71021E-02    2.16755E+00    3.35723E+00    3.17803E+00
    4.77019E+02    7.31381E+03    1.56076E+02    1.25649E+03    6.24794E-02   -2.34723E-01    8.59327E-02    2.21907E+00    3.44827E+00    3.35723E+00
    4.82283E+02    7.47884E+03    1.65031E+02    1.27002E+03    6.46578E-02   -2.38097E-01    8.92614E-02    2.25349E+00    3.51357E+00    3.44827E+00
    4.87604E+02    7.65151E+03    1.72662E+02    1.28369E+03    6.62076E-02   -2.40660E-01    9.10508E-02    2.28193E+00    3.56908E+00    3.51357E+00
    4.92980E+02    7.83131E+03    1.79805E+02    1.29751E+03    6.74791E-02   -2.42834E-01    9.22547E-02    2.30792E+00    3.62046E+00    3.56908E+00
    4.98414E+02    8.01814E+03    1.86834E+02    1.31147E+03    6.86254E-02   -2.44827E-01    9.31930E-02    2.33297E+00    3.67031E+00    3.62046E+00
    5.03905E+02    8.21212E+03    1.93972E+02    1.32558E+03    6.97315E-02   -2.46770E-01    9.39998E-02    2.35791E+00    3.72015E+00    3.67031E+00
    5.09455E+02    8.41351E+03    2.01394E+02    1.33984E+03    7.08601E-02   -2.48765E-01    9.47427E-02    2.38336E+00    3.77117E+00    3.72015E+00
    5.15063E+02    8.62281E+03    2.09303E+02    1.35425E+03    7.20767E-02   -2.50926E-01    9.54610E-02    2.40996E+00    3.82466E+00    3.77117E+00
    5.20731E+02    8.84082E+03    2.18004E+02    1.36881E+03    7.34773E-02   -2.53430E-01    9.61805E-02    2.43866E+00    3.88263E+00    3.82466E+00
    5.26459E+02    9.06892E+03    2.28104E+02    1.38353E+03    7.52471E-02   -2.56623E-01    9.69122E-02    2.47128E+00    3.94893E+00    3.88263E+00
    5.32248E+02    9.31005E+03    2.41131E+02    1.39840E+03    7.78543E-02   -2.61392E-01    9.76129E-02    2.51231E+00    4.03339E+00    3.94893E+00
    5.38097E+02    9.57283E+03    2.62778E+02    1.41343E+03    8.30407E-02   -2.71046E-01    9.78508E-02    2.57800E+00    4.17196E+00    4.03339E+00
    5.44009E+02    9.75302E+03    1.80195E+02    1.44398E+03    5.57340E-02   -2.33418E-01    3.53548E-02    2.27658E+00    3.66381E+00    2.81364E+00
    5.49984E+02    9.96819E+03    2.15167E+02    1.45949E+03    6.51373E-02   -2.42193E-01    8.04980E-02    2.42804E+00    3.88269E+00    3.66381E+00
    5.56022E+02    1.02023E+04    2.34070E+02    1.47517E+03    6.93552E-02   -2.47599E-01    8.97222E-02    2.49071E+00    3.99359E+00    3.88269E+00
    5.62124E+02    1.04496E+04    2.47386E+02    1.49101E+03    7.17447E-02   -2.51118E-01    9.31895E-02    2.53249E+00    4.07289E+00    3.99359E+00
    5.68291E+02    1.07083E+04    2.58678E+02    1.50703E+03    7.34271E-02   -2.53758E-01    9.50479E-02    2.56686E+00    4.13995E+00    4.07289E+00
    5.74523E+02    1.09775E+04    2.69167E+02    1.52321E+03    7.47829E-02   -2.55951E-01    9.62911E-02    2.59805E+00    4.20155E+00    4.13995E+00
    5.80821E+02    1.12569E+04    2.79376E+02    1.53956E+03    7.59724E-02   -2.57905E-01    9.72499E-02    2.62779E+00    4.26066E+00    4.20155E+00
    5.87186E+02    1.15464E+04    2.89576E+02    1.55609E+03    7.70756E-02   -2.59730E-01    9.80612E-02    2.65695E+00    4.31880E+00    4.26066E+00
    5.93618E+02    1.18464E+04    2.99935E+02    1.57279E+03    7.81394E-02   -2.61495E-01    9.87914E-02    2.68603E+00    4.37691E+00    4.31880E+00
    6.00118E+02    1.21570E+04    3.10577E+02    1.58967E+03    7.91960E-02   -2.63249E-01    9.94771E-02    2.71538E+00    4.43565E+00    4.37691E+00
    6.06688E+02    1.24786E+04    3.21617E+02    1.60673E+03    8.02721E-02   -2.65036E-01    1.00141E-01    2.74529E+00    4.49560E+00    4.43565E+00
    6.13327E+02    1.28118E+04    3.33183E+02    1.62397E+03    8.13960E-02   -2.66900E-01    1.00800E-01    2.77609E+00    4.55738E+00    4.49560E+00
    6.20036E+02    1.31572E+04    3.45448E+02    1.64139E+03    8.26035E-02   -2.68902E-01    1.01466E-01    2.80817E+00    4.62185E+00    4.55738E+00
    6.26817E+02    1.35159E+04    3.58679E+02    1.65900E+03    8.39497E-02   -2.71136E-01    1.02151E-01    2.84215E+00    4.69028E+00    4.62185E+00
    6.33669E+02    1.38892E+04    3.73355E+02    1.67679E+03    8.55329E-02   -2.73772E-01    1.02867E-01    2.87912E+00    4.76501E+00    4.69028E+00
    6.40594E+02    1.42797E+04    3.90471E+02    1.69478E+03    8.75589E-02   -2.77170E-01    1.03614E-01    2.92134E+00    4.85087E+00    4.76501E+00
    6.47593E+02    1.46923E+04    4.12604E+02    1.71295E+03    9.05622E-02   -2.82268E-01    1.04341E-01    2.97460E+00    4.96045E+00    4.85087E+00
    6.54665E+02    1.51417E+04    4.49386E+02    1.73131E+03    9.65465E-02   -2.92590E-01    1.04584E-01    3.05987E+00    5.14015E+00    4.96045E+00
    6.61813E+02    1.54507E+04    3.09034E+02    1.76863E+03    6.49872E-02   -2.52152E-01    3.75022E-02    2.66910E+00    4.48088E+00    3.36514E+00
    6.69036E+02    1.58195E+04    3.68740E+02    1.78759E+03    7.59011E-02   -2.61707E-01    8.60856E-02    2.86619E+00    4.76655E+00    4.48088E+00
    6.76336E+02    1.62204E+04    4.00975E+02    1.80674E+03    8.07892E-02   -2.67549E-01    9.59518E-02    2.94773E+00    4.91111E+00    4.76655E+00
    6.83713E+02    1.66441E+04    4.23682E+02    1.82610E+03    8.35574E-02   -2.71343E-01    9.96516E-02    3.00213E+00    5.01446E+00    4.91111E+00
    6.91169E+02    1.70871E+04    4.42924E+02    1.84567E+03    8.55038E-02   -2.74180E-01    1.01634E-01    3.04687E+00    5.10179E+00    5.01446E+00
    6.98703E+02    1.75478E+04    4.60772E+02    1.86544E+03    8.70670E-02   -2.76526E-01    1.02959E-01    3.08743E+00    5.18190E+00    5.10179E+00
    7.06318E+02    1.80259E+04    4.78100E+02    1.88542E+03    8.84300E-02   -2.78601E-01    1.03979E-01    3.12602E+00    5.25858E+00    5.18190E+00
    7.14013E+02    1.85213E+04    4.95349E+02    1.90562E+03    8.96824E-02   -2.80520E-01    1.04838E-01    3.16372E+00    5.33373E+00    5.25858E+00
    7.21790E+02    1.90341E+04    5.12777E+02    1.92602E+03    9.08742E-02   -2.82350E-01    1.05607E-01    3.20114E+00    5.40845E+00    5.33373E+00
    7.29649E+02    1.95646E+04    5.30555E+02    1.94665E+03    9.20364E-02   -2.84133E-01    1.06323E-01    3.23865E+00    5.48345E+00    5.40845E+00
    7.37591E+02    2.01134E+04    5.48817E+02    1.96749E+03    9.31914E-02   -2.85903E-01    1.07008E-01    3.27652E+00    5.55926E+00    5.48345E+00
    7.45618E+02    2.06811E+04    5.67682E+02    1.98855E+03    9.43570E-02   -2.87685E-01    1.07677E-01    3.31499E+00    5.63630E+00    5.55926E+00
    7.53729E+02    2.12684E+04    5.87278E+02    2.00984E+03    9.55507E-02   -2.89505E-01    1.08340E-01    3.35428E+00    5.71503E+00    5.63630E+00
    7.61927E+02    2.18761E+04    6.07753E+02    2.03135E+03    9.67921E-02   -2.91393E-01    1.09007E-01    3.39463E+00    5.79596E+00    5.71503E+00
    7.70212E+02    2.25054E+04    6.29307E+02    2.05309E+03    9.81068E-02   -2.93387E-01    1.09685E-01    3.43638E+00    5.87978E+00    5.79596E+00
    7.78584E+02    2.31577E+04    6.52234E+02    2.07506E+03    9.95326E-02   -2.95548E-01    1.10382E-01    3.48001E+00    5.96750E+00    5.87978E+00
    7.87045E+02    2.38347E+04    6.77015E+02    2.09727E+03    1.01132E-01   -2.97971E-01    1.11109E-01    3.52633E+00    6.06079E+00    5.96750E+00
    7.95596E+02    2.45392E+04    7.04529E+02    2.11971E+03    1.03019E-01   -3.00837E-01    1.11873E-01    3.57678E+00    6.16275E+00    6.06079E+00
    8.04237E+02    2.52758E+04    7.36628E+02    2.14238E+03    1.05437E-01   -3.04535E-01    1.12675E-01    3.63442E+00    6.27992E+00    6.16275E+00
    8.12970E+02    2.60540E+04    7.78117E+02    2.16530E+03    1.09024E-01   -3.10083E-01    1.13456E-01    3.70708E+00    6.42932E+00    6.27992E+00
    8.21796E+02    2.69009E+04    8.46979E+02    2.18846E+03    1.16166E-01   -3.21302E-01    1.13716E-01    3.82324E+00    6.67388E+00    6.42932E+00
    8.30715E+02    2.74849E+04    5.83970E+02    2.23552E+03    7.84025E-02   -2.77064E-01    4.04695E-02    3.29110E+00    5.77532E+00    4.23833E+00
    8.39729E+02    2.81811E+04    6.96192E+02    2.25943E+03    9.14960E-02   -2.87621E-01    9.36490E-02    3.56015E+00    6.16636E+00    5.77532E+00
    8.48838E+02    2.89377E+04    7.56629E+02    2.28358E+03    9.73400E-02   -2.94017E-01    1.04375E-01    3.67130E+00    6.36369E+00    6.16636E+00
    8.58044E+02    2.97369E+04    7.99133E+02    2.30800E+03    1.00638E-01   -2.98147E-01    1.08382E-01    3.74540E+00    6.50456E+00    6.36369E+00
    8.67347E+02    3.05720E+04    8.35091E+02    2.33267E+03    1.02947E-01   -3.01218E-01    1.10521E-01    3.80627E+00    6.62340E+00    6.50456E+00
    8.76749E+02    3.14403E+04    8.68371E+02    2.35761E+03    1.04791E-01   -3.03742E-01    1.11947E-01    3.86136E+00    6.73220E+00    6.62340E+00
    8.86251E+02    3.23409E+04    9.00596E+02    2.38280E+03    1.06387E-01   -3.05957E-01    1.13039E-01    3.91364E+00    6.83607E+00    6.73220E+00
    8.95853E+02    3.32735E+04    9.32569E+02    2.40827E+03    1.07840E-01   -3.07985E-01    1.13954E-01    3.96458E+00    6.93756E+00    6.83607E+00
    9.05558E+02    3.42382E+04    9.64740E+02    2.43401E+03    1.09207E-01   -3.09897E-01    1.14767E-01    4.01494E+00    7.03808E+00    6.93756E+00
    9.15365E+02    3.52356E+04    9.97390E+02    2.46001E+03    1.10522E-01   -3.11734E-01    1.15516E-01    4.06518E+00    7.13849E+00    7.03808E+00
    9.25276E+02    3.62663E+04    1.03071E+03    2.48630E+03    1.11806E-01   -3.13525E-01    1.16226E-01    4.11561E+00    7.23934E+00    7.13849E+00
    9.35292E+02    3.73312E+04    1.06486E+03    2.51286E+03    1.13074E-01   -3.15288E-01    1.16910E-01    4.16644E+00    7.34103E+00    7.23934E+00
    9.45414E+02    3.84311E+04    1.09994E+03    2.53971E+03    1.14337E-01   -3.17037E-01    1.17578E-01    4.21782E+00    7.44386E+00    7.34103E+00
    9.55643E+02    3.95672E+04    1.13608E+03    2.56683E+03    1.15604E-01   -3.18785E-01    1.18236E-01    4.26989E+00    7.54810E+00    7.44386E+00
    9.65981E+02    4.07406E+04    1.17336E+03    2.59425E+03    1.16882E-01   -3.20541E-01    1.18889E-01    4.32275E+00    7.65397E+00    7.54810E+00
    9.76429E+02    4.19525E+04    1.21192E+03    2.62196E+03    1.18177E-01   -3.22315E-01    1.19542E-01    4.37653E+00    7.76168E+00    7.65397E+00
    9.86987E+02    4.32043E+04    1.25185E+03    2.64996E+03    1.19499E-01   -3.24116E-01    1.20198E-01    4.43134E+00    7.87149E+00    7.76168E+00
    9.97657E+02    4.44977E+04    1.29331E+03    2.67826E+03    1.20855E-01   -3.25957E-01    1.20860E-01    4.48732E+00    7.98368E+00    7.87149E+00
    1.00844E+03    4.58341E+04    1.33645E+03    2.70685E+03    1.22255E-01   -3.27850E-01    1.21531E-01    4.54463E+00    8.09857E+00    7.98368E+00
    1.01934E+03    4.72156E+04    1.38150E+03    2.73576E+03    1.23714E-01   -3.29814E-01    1.22215E-01    4.60351E+00    8.21664E+00    8.09857E+00
    1.03035E+03    4.86444E+04    1.42876E+03    2.76496E+03    1.25251E-01   -3.31877E-01    1.22917E-01    4.66424E+00    8.33850E+00    8.21664E+00
    1.04148E+03    5.01230E+04    1.47865E+03    2.79448E+03    1.26894E-01   -3.34075E-01    1.23642E-01    4.72727E+00    8.46508E+00    8.33850E+00
    1.05273E+03    5.16548E+04    1.53182E+03    2.82431E+03    1.28688E-01   -3.36473E-01    1.24397E-01    4.79330E+00    8.59784E+00    8.46508E+00
    1.06410E+03    5.32442E+04    1.58938E+03    2.85445E+03    1.30712E-01   -3.39175E-01    1.25189E-01    4.86350E+00    8.73925E+00    8.59784E+00
    1.07558E+03    5.48976E+04    1.65335E+03    2.88492E+03    1.33110E-01   -3.42384E-01    1.26028E-01    4.94005E+00    8.89394E+00    8.73925E+00
    1.08719E+03    5.66256E+04    1.72802E+03    2.91571E+03    1.36192E-01   -3.46534E-01    1.26911E-01    5.02755E+00    9.07179E+00    8.89394E+00
    1.09893E+03    5.84501E+04    1.82455E+03    2.94682E+03    1.40772E-01   -3.52769E-01    1.27773E-01    5.13787E+00    9.29851E+00    9.07179E+00
    1.11078E+03    6.04348E+04    1.98466E+03    2.97827E+03    1.49902E-01   -3.65383E-01    1.28054E-01    5.31415E+00    9.66924E+00    9.29851E+00
    1.12276E+03    6.18066E+04    1.37179E+03    3.04216E+03    1.01431E-01   -3.15255E-01    4.52243E-02    4.50609E+00    8.30352E+00    5.94322E+00
    1.13487E+03    6.34406E+04    1.63398E+03    3.07462E+03    1.18274E-01   -3.27329E-01    1.05498E-01    4.91550E+00    8.90017E+00    8.30352E+00
    1.14711E+03    6.52154E+04    1.77485E+03    3.10741E+03    1.25768E-01   -3.34581E-01    1.17570E-01    5.08442E+00    9.20055E+00    8.90017E+00
    1.15948E+03    6.70893E+04    1.87383E+03    3.14056E+03    1.29987E-01   -3.39246E-01    1.22062E-01    5.19703E+00    9.41479E+00    9.20055E+00
    1.17198E+03    6.90468E+04    1.95752E+03    3.17406E+03    1.32936E-01   -3.42705E-01    1.24454E-01    5.28954E+00    9.59546E+00    9.41479E+00
    1.18461E+03    7.10817E+04    2.03493E+03    3.20791E+03    1.35285E-01   -3.45539E-01    1.26044E-01    5.37322E+00    9.76077E+00    9.59546E+00
    1.19737E+03    7.31915E+04    2.10982E+03    3.24212E+03    1.37313E-01   -3.48019E-01    1.27260E-01    5.45261E+00    9.91850E+00    9.76077E+00
    1.21027E+03    7.53756E+04    2.18404E+03    3.27670E+03    1.39153E-01   -3.50283E-01    1.28277E-01    5.52989E+00    1.00725E+01    9.91850E+00
    1.22331E+03    7.76342E+04    2.25864E+03    3.31164E+03    1.40879E-01   -3.52409E-01    1.29177E-01    5.60622E+00    1.02248E+01    1.00725E+01
    1.23649E+03    7.99684E+04    2.33423E+03    3.34695E+03    1.42532E-01   -3.54444E-01    1.30006E-01    5.68227E+00    1.03768E+01    1.02248E+01
    1.24980E+03    8.23797E+04    2.41125E+03    3.38264E+03    1.44138E-01   -3.56417E-01    1.30787E-01    5.75849E+00    1.05292E+01    1.03768E+01
    1.26326E+03    8.48697E+04    2.48999E+03    3.41870E+03    1.45715E-01   -3.58348E-01    1.31537E-01    5.83516E+00    1.06825E+01    1.05292E+01
    1.27686E+03    8.74403E+04    2.57069E+03    3.45515E+03    1.47274E-01   -3.60250E-01    1.32265E-01    5.91249E+00    1.08372E+01    1.06825E+01
    1.29060E+03    9.00939E+04    2.65354E+03    3.49198E+03    1.48825E-01   -3.62135E-01    1.32979E-01    5.99062E+00    1.09936E+01    1.08372E+01
    1.30449E+03    9.28326E+04    2.73873E+03    3.52920E+03    1.50373E-01   -3.64008E-01    1.33684E-01    6.06968E+00    1.11519E+01    1.09936E+01
    1.31852E+03    9.56590E+04    2.82638E+03    3.56682E+03    1.51924E-01   -3.65876E-01    1.34381E-01    6.14976E+00    1.13122E+01    1.11519E+01
    1.33271E+03    9.85757E+04    2.91666E+03    3.60484E+03    1.53481E-01   -3.67744E-01    1.35075E-01    6.23094E+00    1.14747E+01    1.13122E+01
    1.34704E+03    1.01585E+05    3.00970E+03    3.64326E+03    1.55048E-01   -3.69615E-01    1.35767E-01    6.31330E+00    1.16396E+01    1.14747E+01
    1.36153E+03    1.04691E+05    3.10565E+03    3.68208E+03    1.56628E-01   -3.71492E-01    1.36460E-01    6.39691E+00    1.18070E+01    1.16396E+01
    1.37617E+03    1.07896E+05    3.20463E+03    3.72132E+03    1.58223E-01   -3.73380E-01    1.37153E-01    6.48181E+00    1.19770E+01    1.18070E+01
    1.39097E+03    1.11202E+05    3.30680E+03    3.76098E+03    1.59837E-01   -3.75279E-01    1.37849E-01    6.56809E+00    1.21498E+01    1.19770E+01
    1.40592E+03    1.14615E+05    3.41231E+03    3.80105E+03    1.61471E-01   -3.77194E-01    1.38549E-01    6.65580E+00    1.23255E+01    1.21498E+01
    1.42103E+03    1.18136E+05    3.52133E+03    3.84155E+03    1.63129E-01   -3.79127E-01    1.39253E-01    6.74501E+00    1.25042E+01    1.23255E+01
    1.43630E+03    1.21770E+05    3.63403E+03    3.88248E+03    1.64813E-01   -3.81082E-01    1.39962E-01    6.83578E+00    1.26860E+01    1.25042E+01
    1.45173E+03    1.25521E+05    3.75061E+03    3.92384E+03    1.66526E-01   -3.83061E-01    1.40678E-01    6.92821E+00    1.28711E+01    1.26860E+01
    1.46733E+03    1.29392E+05    3.87128E+03    3.96564E+03    1.68274E-01   -3.85070E-01    1.41402E-01    7.02239E+00    1.30598E+01    1.28711E+01
    1.48309E+03    1.33388E+05    3.99629E+03    4.00789E+03    1.70059E-01   -3.87113E-01    1.42135E-01    7.11841E+00    1.32522E+01    1.30598E+01
    1.49902E+03    1.37514E+05    4.12593E+03    4.05058E+03    1.71888E-01   -3.89196E-01    1.42879E-01    7.21642E+00    1.34486E+01    1.32522E+01
    1.51512E+03    1.41775E+05    4.26054E+03    4.09372E+03    1.73768E-01   -3.91327E-01    1.43634E-01    7.31657E+00    1.36493E+01    1.34486E+01
    1.53139E+03    1.46175E+05    4.40054E+03    4.13732E+03    1.75709E-01   -3.93518E-01    1.44404E-01    7.41906E+00    1.38547E+01    1.36493E+01
    1.54783E+03    1.50722E+05    4.54647E+03    4.18139E+03    1.77724E-01   -3.95782E-01    1.45191E-01    7.52417E+00    1.40655E+01    1.38547E+01
    1.56444E+03    1.55421E+05    4.69904E+03    4.22592E+03    1.79830E-01   -3.98140E-01    1.45997E-01    7.63228E+00    1.42823E+01    1.40655E+01
    1.58123E+03    1.60280E+05    4.85922E+03    4.27092E+03    1.82056E-01   -4.00621E-01    1.46828E-01    7.74390E+00    1.45063E+01    1.42823E+01
    1.59820E+03    1.65308E+05    5.02842E+03    4.31640E+03    1.84440E-01   -4.03271E-01    1.47689E-01    7.85984E+00    1.47391E+01    1.45063E+01
    1.61535E+03    1.70517E+05    5.20884E+03    4.36236E+03    1.87047E-01   -4.06163E-01    1.48588E-01    7.98134E+00    1.49834E+01    1.47391E+01
    1.63268E+03    1.75921E+05    5.40418E+03    4.40881E+03    1.89987E-01   -4.09423E-01    1.49533E-01    8.11053E+00    1.52436E+01    1.49834E+01
    1.65020E+03    1.81543E+05    5.62123E+03    4.45575E+03    1.93470E-01   -4.13290E-01    1.50535E-01    8.25137E+00    1.55281E+01    1.52436E+01
    1.66790E+03    1.87417E+05    5.87445E+03    4.50319E+03    1.97941E-01   -4.18284E-01    1.51590E-01    8.41226E+00    1.58550E+01    1.55281E+01
    1.68578E+03    1.93619E+05    6.20140E+03    4.55113E+03    2.04572E-01   -4.25769E-01    1.52621E-01    8.61482E+00    1.62711E+01    1.58550E+01
    1.70386E+03    2.00361E+05    6.74264E+03    4.59958E+03    2.17758E-01   -4.40864E-01    1.52961E-01    8.93779E+00    1.69495E+01    1.62711E+01
    1.72213E+03    2.05035E+05    4.67403E+03    4.69803E+03    1.47783E-01   -3.80669E-01    5.36127E-02    7.46170E+00    1.44528E+01    1.00868E+01
    1.74059E+03    2.10599E+05    5.56339E+03    4.74804E+03    1.72212E-01   -3.95358E-01    1.26110E-01    8.21259E+00    1.55505E+01    1.44528E+01
    1.75925E+03    2.16639E+05    6.04075E+03    4.79858E+03    1.83064E-01   -4.04120E-01    1.40540E-01    8.52243E+00    1.61024E+01    1.55505E+01
    1.77811E+03    2.23016E+05    6.37625E+03    4.84965E+03    1.89177E-01   -4.09746E-01    1.45896E-01    8.72921E+00    1.64962E+01    1.61024E+01
    1.79716E+03    2.29676E+05    6.66001E+03    4.90126E+03    1.93450E-01   -4.13914E-01    1.48748E-01    8.89921E+00    1.68284E+01    1.64962E+01
    1.81642E+03    2.36598E+05    6.92243E+03    4.95342E+03    1.96854E-01   -4.17326E-01    1.50643E-01    9.05301E+00    1.71323E+01    1.68284E+01
    1.83589E+03    2.43774E+05    7.17623E+03    5.00614E+03    1.99790E-01   -4.20307E-01    1.52092E-01    9.19891E+00    1.74222E+01    1.71323E+01
    1.85555E+03    2.51202E+05    7.42761E+03    5.05941E+03    2.02451E-01   -4.23024E-01    1.53303E-01    9.34085E+00    1.77050E+01    1.74222E+01
    1.87543E+03    2.58882E+05    7.68002E+03    5.11325E+03    2.04940E-01   -4.25569E-01    1.54375E-01    9.48094E+00    1.79846E+01    1.77050E+01
    1.89552E+03    2.66817E+05    7.93554E+03    5.16766E+03    2.07317E-01   -4.27996E-01    1.55358E-01    9.62040E+00    1.82632E+01    1.79846E+01
    1.91582E+03    2.75013E+05    8.19553E+03    5.22264E+03    2.09618E-01   -4.30342E-01    1.56284E-01    9.76001E+00    1.85423E+01    1.82632E+01
    1.93633E+03    2.83474E+05    8.46096E+03    5.27821E+03    2.11869E-01   -4.32628E-01    1.57169E-01    9.90026E+00    1.88228E+01    1.85423E+01
    1.95707E+03    2.92207E+05    8.73257E+03    5.33437E+03    2.14084E-01   -4.34870E-01    1.58027E-01    1.00415E+01    1.91053E+01    1.88228E+01
    1.97802E+03    3.01217E+05    9.01091E+03    5.39112E+03    2.16275E-01   -4.37079E-01    1.58864E-01    1.01840E+01    1.93904E+01    1.91053E+01
    1.99920E+03    3.10514E+05    9.29648E+03    5.44848E+03    2.18450E-01   -4.39262E-01    1.59685E-01    1.03279E+01    1.96784E+01    1.93904E+01
    2.02060E+03    3.20104E+05    9.58969E+03    5.50644E+03    2.20615E-01   -4.41426E-01    1.60495E-01    1.04733E+01    1.99695E+01    1.96784E+01
    2.04222E+03    3.29994E+05    9.89089E+03    5.56501E+03    2.22774E-01   -4.43573E-01    1.61296E-01    1.06205E+01    2.02640E+01    1.99695E+01
    2.06408E+03    3.40195E+05    1.02004E+04    5.62421E+03    2.24929E-01   -4.45708E-01    1.62089E-01    1.07694E+01    2.05620E+01    2.02640E+01
    2.08617E+03    3.50714E+05    1.05187E+04    5.68404E+03    2.27083E-01   -4.47832E-01    1.62878E-01    1.09201E+01    2.08636E+01    2.05620E+01
    2.10849E+03    3.61559E+05    1.08458E+04    5.74450E+03    2.29237E-01   -4.49947E-01    1.63661E-01    1.10727E+01    2.11691E+01    2.08636E+01
    2.13104E+03    3.72742E+05    1.11822E+04    5.80559E+03    2.31393E-01   -4.52053E-01    1.64441E-01    1.12272E+01    2.14784E+01    2.11691E+01
    2.15384E+03    3.84270E+05    1.15282E+04    5.86734E+03    2.33551E-01   -4.54152E-01    1.65217E-01    1.13837E+01    2.17917E+01    2.14784E+01
    2.17688E+03    3.96154E+05    1.18839E+04    5.92974E+03    2.35711E-01   -4.56244E-01    1.65991E-01    1.15422E+01    2.21089E+01    2.17917E+01
    2.20016E+03    4.08403E+05    1.22497E+04    5.99281E+03    2.37875E-01   -4.58329E-01    1.66762E-01    1.17027E+01    2.24302E+01    2.21089E+01
    2.22369E+03    4.21029E+05    1.26259E+04    6.05654E+03    2.40040E-01   -4.60406E-01    1.67530E-01    1.18652E+01    2.27556E+01    2.24302E+01
    2.24747E+03    4.34042E+05    1.30126E+04    6.12095E+03    2.42207E-01   -4.62476E-01    1.68295E-01    1.20299E+01    2.30852E+01    2.27556E+01
    2.27150E+03    4.47452E+05    1.34102E+04    6.18604E+03    2.44377E-01   -4.64538E-01    1.69058E-01    1.21966E+01    2.34189E+01    2.30852E+01
    2.29579E+03    4.61271E+05    1.38189E+04    6.25182E+03    2.46546E-01   -4.66592E-01    1.69819E-01    1.23654E+01    2.37568E+01    2.34189E+01
    2.32033E+03    4.75510E+05    1.42389E+04    6.31829E+03    2.48716E-01   -4.68636E-01    1.70576E-01    1.25363E+01    2.40989E+01    2.37568E+01
    2.34514E+03    4.90180E+05    1.46704E+04    6.38548E+03    2.50885E-01   -4.70671E-01    1.71331E-01    1.27093E+01    2.44452E+01    2.40989E+01
    2.37020E+03    5.05294E+05    1.51138E+04    6.45337E+03    2.53052E-01   -4.72694E-01    1.72082E-01    1.28844E+01    2.47957E+01    2.44452E+01
    2.39554E+03    5.20863E+05    1.55693E+04    6.52198E+03    2.55215E-01   -4.74706E-01    1.72829E-01    1.30616E+01    2.51504E+01    2.47957E+01
    2.42114E+03    5.36900E+05    1.60370E+04    6.59133E+03    2.57374E-01   -4.76704E-01    1.73573E-01    1.32409E+01    2.55092E+01    2.51504E+01
    2.44701E+03    5.53418E+05    1.65171E+04    6.66140E+03    2.59527E-01   -4.78688E-01    1.74312E-01    1.34222E+01    2.58722E+01    2.55092E+01
    2.47316E+03    5.70427E+05    1.70100E+04    6.73222E+03    2.61671E-01   -4.80656E-01    1.75046E-01    1.36056E+01    2.62393E+01    2.58722E+01
    2.49958E+03    5.87943E+05    1.75157E+04    6.80379E+03    2.63806E-01   -4.82606E-01    1.75775E-01    1.37911E+01    2.66105E+01    2.62393E+01
    2.52628E+03    6.05978E+05    1.80344E+04    6.87612E+03    2.65929E-01   -4.84538E-01    1.76498E-01    1.39786E+01    2.69858E+01    2.66105E+01
    2.55327E+03    6.24544E+05    1.85664E+04    6.94921E+03    2.68038E-01   -4.86449E-01    1.77215E-01    1.41681E+01    2.73650E+01    2.69858E+01
    2.58054E+03    6.43656E+05    1.91117E+04    7.02308E+03    2.70132E-01   -4.88338E-01    1.77925E-01    1.43595E+01    2.77481E+01    2.73650E+01
    2.60810E+03    6.63326E+05    1.96706E+04    7.09774E+03    2.72207E-01   -4.90203E-01    1.78628E-01    1.45529E+01    2.81351E+01    2.77481E+01
    2.63596E+03    6.83569E+05    2.02430E+04    7.17318E+03    2.74261E-01   -4.92042E-01    1.79322E-01    1.47482E+01    2.85258E+01    2.81351E+01
    2.66411E+03    7.04398E+05    2.08292E+04    7.24942E+03    2.76293E-01   -4.93852E-01    1.80008E-01    1.49452E+01    2.89201E+01    2.85258E+01
    2.69256E+03    7.25828E+05    2.14291E+04    7.32648E+03    2.78298E-01   -4.95632E-01    1.80684E-01    1.51441E+01    2.93180E+01    2.89201E+01
    2.72131E+03    7.47871E+05    2.20429E+04    7.40435E+03    2.80274E-01   -4.97379E-01    1.81349E-01    1.53447E+01    2.97193E+01    2.93180E+01
    2.75036E+03    7.70541E+05    2.26706E+04    7.48304E+03    2.82218E-01   -4.99092E-01    1.82004E-01    1.55469E+01    3.01240E+01    2.97193E+01
    2.77972E+03    7.93853E+05    2.33121E+04    7.56257E+03    2.84127E-01   -5.00766E-01    1.82646E-01    1.57507E+01    3.05317E+01    3.01240E+01
    2.80939E+03    8.17821E+05    2.39674E+04    7.64294E+03    2.85997E-01   -5.02401E-01    1.83276E-01    1.59561E+01    3.09425E+01    3.05317E+01
    2.83938E+03    8.42457E+05    2.46365E+04    7.72416E+03    2.87825E-01   -5.03992E-01    1.83892E-01    1.61628E+01    3.13561E+01    3.09425E+01
    2.86969E+03    8.67776E+05    2.53192E+04    7.80625E+03    2.89607E-01   -5.05538E-01    1.84493E-01    1.63709E+01    3.17723E+01    3.13561E+01
    2.90031E+03    8.93792E+05    2.60154E+04    7.88920E+03    2.91339E-01   -5.07036E-01    1.85079E-01    1.65803E+01    3.21910E+01    3.17723E+01
    2.93127E+03    9.20517E+05    2.67249E+04    7.97304E+03    2.93019E-01   -5.08482E-01    1.85648E-01    1.67907E+01    3.26119E+01    3.21910E+01
    2.96255E+03    9.47964E+05    2.74474E+04    8.05776E+03    2.94640E-01   -5.09873E-01    1.86199E-01    1.70022E+01    3.30349E+01    3.26119E+01
    2.99416E+03    9.76147E+05    2.81828E+04    8.14338E+03    2.96201E-01   -5.11207E-01    1.86731E-01    1.72146E+01    3.34596E+01    3.30349E+01
    3.02610E+03    1.00508E+06    2.89307E+04    8.22991E+03    2.97695E-01   -5.12480E-01    1.87243E-01    1.74278E+01    3.38858E+01    3.34596E+01
    3.05839E+03    1.03477E+06    2.96907E+04    8.31735E+03    2.99120E-01   -5.13689E-01    1.87734E-01    1.76416E+01    3.43134E+01    3.38858E+01
    3.09101E+03    1.06523E+06    3.04625E+04    8.40572E+03    3.00471E-01   -5.14831E-01    1.88203E-01    1.78559E+01    3.47419E+01    3.43134E+01
    3.12399E+03    1.09648E+06    3.12456E+04    8.49503E+03    3.01744E-01   -5.15903E-01    1.88648E-01    1.80706E+01    3.51711E+01    3.47419E+01
    3.15731E+03    1.12852E+06    3.20397E+04    8.58529E+03    3.02936E-01   -5.16903E-01    1.89069E-01    1.82856E+01    3.56009E+01    3.51711E+01
    3.19099E+03    1.16136E+06    3.28442E+04    8.67650E+03    3.04043E-01   -5.17828E-01    1.89464E-01    1.85007E+01    3.60309E+01    3.56009E+01
    3.22502E+03    1.19502E+06    3.36588E+04    8.76868E+03    3.05062E-01   -5.18677E-01    1.89832E-01    1.87159E+01    3.64608E+01    3.60309E+01
    3.25941E+03    1.22950E+06    3.44831E+04    8.86183E+03    3.05992E-01   -5.19448E-01    1.90173E-01    1.89309E+01    3.68907E+01    3.64608E+01
    3.29417E+03    1.26482E+06    3.53170E+04    8.95598E+03    3.06832E-01   -5.20142E-01    1.90485E-01    1.91459E+01    3.73202E+01    3.68907E+01
    3.32930E+03    1.30098E+06    3.61603E+04    9.05112E+03    3.07584E-01   -5.20760E-01    1.90768E-01    1.93607E+01    3.77495E+01    3.73202E+01
    3.36479E+03    1.33799E+06    3.70135E+04    9.14727E+03    3.08252E-01   -5.21309E-01    1.91022E-01    1.95754E+01    3.81787E+01    3.77495E+01
    3.40067E+03    1.37587E+06    3.78774E+04    9.24444E+03    3.08846E-01   -5.21795E-01    1.91247E-01    1.97904E+01    3.86085E+01    3.81787E+01
    3.43692E+03    1.41462E+06    3.87542E+04    9.34264E+03    3.09381E-01   -5.22236E-01    1.91444E-01    2.00060E+01    3.90396E+01    3.86085E+01
    3.47356E+03    1.45427E+06    3.96472E+04    9.44188E+03    3.09887E-01   -5.22657E-01    1.91615E-01    2.02232E+01    3.94741E+01    3.90396E+01
    3.51059E+03    1.49483E+06    4.05630E+04    9.54217E+03    3.10411E-01   -5.23103E-01    1.91764E-01    2.04433E+01    3.99149E+01    3.94741E+01
    3.54801E+03    1.53635E+06    4.15133E+04    9.64353E+03    3.11035E-01   -5.23651E-01    1.91897E-01    2.06692E+01    4.03677E+01    3.99149E+01
    3.58583E+03    1.57887E+06    4.25198E+04    9.74596E+03    3.11911E-01   -5.24442E-01    1.92020E-01    2.09056E+01    4.08430E+01    4.03677E+01
    3.62405E+03    1.62249E+06    4.36261E+04    9.84947E+03    3.13330E-01   -5.25749E-01    1.92140E-01    2.11622E+01    4.13612E+01    4.08430E+01
    3.66267E+03    1.66742E+06    4.49293E+04    9.95408E+03    3.15938E-01   -5.28184E-01    1.92251E-01    2.14603E+01    4.19679E+01    4.13612E+01
    3.70170E+03    1.71411E+06    4.66894E+04    1.00598E+04    3.21445E-01   -5.33371E-01    1.92253E-01    2.18558E+01    4.27843E+01    4.19679E+01
    3.74115E+03    1.76401E+06    4.98940E+04    1.01666E+04    3.36322E-01   -5.47458E-01    1.91342E-01    2.25554E+01    4.42643E+01    4.27843E+01
    3.78101E+03    1.79747E+06    3.34593E+04    1.03837E+04    2.20821E-01   -4.65231E-01    6.61938E-02    1.82747E+01    3.69186E+01    2.54220E+01
    3.82130E+03    1.83663E+06    3.91678E+04    1.04940E+04    2.53087E-01   -4.78908E-01    1.54060E-01    2.01077E+01    3.95031E+01    3.69186E+01
    3.86201E+03    1.87836E+06    4.17268E+04    1.06055E+04    2.63982E-01   -4.84793E-01    1.70169E-01    2.07376E+01    4.05795E+01    3.95031E+01
    3.90316E+03    1.92151E+06    4.31514E+04    1.07181E+04    2.67284E-01   -4.86465E-01    1.75030E-01    2.10733E+01    4.11947E+01    4.05795E+01
    3.94474E+03    1.96561E+06    4.40975E+04    1.08319E+04    2.67430E-01   -4.86006E-01    1.76713E-01    2.12922E+01    4.16077E+01    4.11947E+01
    3.98676E+03    2.01039E+06    4.47808E+04    1.09469E+04    2.65893E-01   -4.84276E-01    1.77115E-01    2.14485E+01    4.19062E+01    4.16077E+01
    4.02923E+03    2.05568E+06    4.52872E+04    1.10632E+04    2.63275E-01   -4.81661E-01    1.76854E-01    2.15634E+01    4.21263E+01    4.19062E+01
    4.07215E+03    2.10133E+06    4.56547E+04    1.11807E+04    2.59860E-01   -4.78351E-01    1.76180E-01    2.16461E+01    4.22843E+01    4.21263E+01
    4.11552E+03    2.14723E+06    4.59005E+04    1.12994E+04    2.55794E-01   -4.74443E-01    1.75208E-01    2.17012E+01    4.23876E+01    4.22843E+01
    4.15936E+03    2.19326E+06    4.60318E+04    1.14194E+04    2.51160E-01   -4.69984E-01    1.73996E-01    2.17302E+01    4.24395E+01    4.23876E+01
    4.20365E+03    2.23931E+06    4.60503E+04    1.15406E+04    2.46006E-01   -4.64999E-01    1.72573E-01    2.17339E+01    4.24407E+01    4.24395E+01
    4.24842E+03    2.28527E+06    4.59545E+04    1.16632E+04    2.40359E-01   -4.59493E-01    1.70955E-01    2.17118E+01    4.23903E+01    4.24407E+01
    4.29366E+03    2.33101E+06    4.57410E+04    1.17870E+04    2.34239E-01   -4.53462E-01    1.69148E-01    2.16631E+01    4.22865E+01    4.23903E+01
    4.33938E+03    2.37642E+06    4.54050E+04    1.19121E+04    2.27655E-01   -4.46894E-01    1.67154E-01    2.15865E+01    4.21267E+01    4.22865E+01
    4.38559E+03    2.42136E+06    4.49411E+04    1.20386E+04    2.20617E-01   -4.39774E-01    1.64971E-01    2.14805E+01    4.19077E+01    4.21267E+01
    4.43228E+03    2.46570E+06    4.43434E+04    1.21664E+04    2.13130E-01   -4.32080E-01    1.62594E-01    2.13433E+01    4.16258E+01    4.19077E+01
    4.47947E+03    2.50931E+06    4.36055E+04    1.22956E+04    2.05200E-01   -4.23786E-01    1.60018E-01    2.11727E+01    4.12768E+01    4.16258E+01
    4.52716E+03    2.55203E+06    4.27214E+04    1.24261E+04    1.96835E-01   -4.14865E-01    1.57234E-01    2.09666E+01    4.08560E+01    4.12768E+01
    4.57536E+03    2.59371E+06    4.16848E+04    1.25581E+04    1.88043E-01   -4.05284E-01    1.54233E-01    2.07222E+01    4.03582E+01    4.08560E+01
    4.62407E+03    2.63420E+06    4.04900E+04    1.26914E+04    1.78834E-01   -3.95008E-01    1.51006E-01    2.04368E+01    3.97778E+01    4.03582E+01
    4.67329E+03    2.67333E+06    3.91320E+04    1.28261E+04    1.69221E-01   -3.83996E-01    1.47540E-01    2.01073E+01    3.91085E+01    3.97778E+01
    4.72303E+03    2.71094E+06    3.76061E+04    1.29623E+04    1.59222E-01   -3.72206E-01    1.43823E-01    1.97302E+01    3.83432E+01    3.91085E+01
    4.77331E+03    2.74685E+06    3.59092E+04    1.30999E+04    1.48859E-01   -3.59587E-01    1.39841E-01    1.93017E+01    3.74743E+01    3.83432E+01
    4.82411E+03    2.78089E+06    3.40392E+04    1.32390E+04    1.38156E-01   -3.46085E-01    1.35578E-01    1.88177E+01    3.64933E+01    3.74743E+01
    4.87546E+03    2.81288E+06    3.19957E+04    1.33795E+04    1.27147E-01   -3.31635E-01    1.31016E-01    1.82732E+01    3.53904E+01    3.64933E+01
    4.92734E+03    2.84266E+06    2.97806E+04    1.35215E+04    1.15870E-01   -3.16164E-01    1.26137E-01    1.76630E+01    3.41546E+01    3.53904E+01
    4.97978E+03    2.87006E+06    2.73983E+04    1.36651E+04    1.04372E-01   -2.99585E-01    1.20917E-01    1.69806E+01    3.27731E+01    3.41546E+01
    5.03278E+03    2.89492E+06    2.48566E+04    1.38101E+04    9.27096E-02   -2.81794E-01    1.15332E-01    1.62187E+01    3.12308E+01    3.27731E+01
    5.08633E+03    2.91709E+06    2.21670E+04    1.39567E+04    8.09494E-02   -2.62662E-01    1.09352E-01    1.53683E+01    2.95095E+01    3.12308E+01
    5.14045E+03    2.93643E+06    1.93464E+04    1.41049E+04    6.91720E-02   -2.42022E-01    1.02944E-01    1.44184E+01    2.75865E+01    2.95095E+01
    5.19515E+03    2.95285E+06    1.64181E+04    1.42546E+04    5.74749E-02   -2.19651E-01    9.60648E-02    1.33545E+01    2.54321E+01    2.75865E+01
    5.25043E+03    2.96626E+06    1.34143E+04    1.44059E+04    4.59777E-02   -1.95233E-01    8.86656E-02    1.21571E+01    2.30058E+01    2.54321E+01
    5.30629E+03    2.97664E+06    1.03796E+04    1.45588E+04    3.48326E-02   -1.68292E-01    8.06861E-02    1.07975E+01    2.02483E+01    2.30058E+01
    5.36275E+03    2.98402E+06    7.37860E+03    1.47134E+04    2.42439E-02   -1.38027E-01    7.20588E-02    9.22973E+00    1.70631E+01    2.02483E+01
    5.41980E+03    2.98854E+06    4.51317E+03    1.48695E+04    1.45189E-02   -1.02872E-01    6.27391E-02    7.36792E+00    1.32681E+01    1.70631E+01
    5.47746E+03    2.99052E+06    1.98671E+03    1.50274E+04    6.25768E-03   -5.87812E-02    5.29382E-02    5.00073E+00    8.40781E+00    1.32681E+01
    5.53573E+03    2.99278E+06    2.26049E+03    1.50274E+04    6.97118E-03   -5.09605E-02    6.61378E-02    8.40781E+00    1.13929E+01    1.87365E+01
    5.59461E+03    2.99556E+06    2.77538E+03    1.50274E+04    8.38013E-03   -4.52129E-02    7.95985E-02    1.13929E+01    1.40694E+01    2.38238E+01
    5.65412E+03    2.99904E+06    3.48573E+03    1.50274E+04    1.03050E-02   -4.08613E-02    9.29266E-02    1.40694E+01    1.65139E+01    2.85817E+01
    5.71427E+03    3.00341E+06    4.36229E+03    1.50274E+04    1.26268E-02   -3.74741E-02    1.05936E-01    1.65139E+01    1.87795E+01    3.30579E+01
    5.77505E+03    3.00879E+06    5.38600E+03    1.50274E+04    1.52641E-02   -3.47712E-02    1.18554E-01    1.87795E+01    2.09040E+01    3.72941E+01
    5.83647E+03    3.01534E+06    6.54463E+03    1.50274E+04    1.81600E-02   -3.25666E-02    1.30765E-01    2.09040E+01    2.29149E+01    4.13255E+01
    5.89854E+03    3.02317E+06    7.83075E+03    1.50274E+04    2.12745E-02   -3.07346E-02    1.42583E-01    2.29149E+01    2.48328E+01    4.51821E+01
    5.96128E+03    3.03241E+06    9.24029E+03    1.50274E+04    2.45793E-02   -2.91880E-02    1.54037E-01    2.48328E+01    2.66735E+01    4.88887E+01
    6.02467E+03    3.04318E+06    1.07717E+04    1.50274E+04    2.80540E-02   -2.78654E-02    1.65159E-01    2.66735E+01    2.84495E+01    5.24664E+01
    6.08874E+03    3.05561E+06    1.24254E+04    1.50274E+04    3.16846E-02   -2.67222E-02    1.75984E-01    2.84495E+01    3.01706E+01    5.59329E+01
    6.15349E+03    3.06981E+06    1.42032E+04    1.50274E+04    3.54610E-02   -2.57254E-02    1.86545E-01    3.01706E+01    3.18450E+01    5.93033E+01
    6.21893E+03    3.08592E+06    1.61082E+04    1.50274E+04    3.93765E-02   -2.48503E-02    1.96873E-01    3.18450E+01    3.34797E+01    6.25906E+01
    6.28506E+03    3.10406E+06    1.81444E+04    1.50274E+04    4.34269E-02   -2.40780E-02    2.06995E-01    3.34797E+01    3.50803E+01    6.58061E+01
    6.35189E+03    3.12438E+06    2.03167E+04    1.50274E+04    4.76098E-02   -2.33937E-02    2.16939E-01    3.50803E+01    3.66520E+01    6.89596E+01
    6.41942E+03    3.14701E+06    2.26309E+04    1.50274E+04    5.19246E-02   -2.27858E-02    2.26728E-01    3.66520E+01    3.81990E+01    7.20600E+01
    6.48768E+03    3.17210E+06    2.50936E+04    1.50274E+04    5.63718E-02   -2.22449E-02    2.36383E-01    3.81990E+01    3.97253E+01    7.51149E+01
    6.55666E+03    3.19981E+06    2.77121E+04    1.50274E+04    6.09532E-02   -2.17633E-02    2.45926E-01    3.97253E+01    4.12344E+01    7.81315E+01
    6.62636E+03    3.23031E+06    3.04945E+04    1.50274E+04    6.56713E-02   -2.13350E-02    2.55374E-01    4.12344E+01    4.27295E+01    8.11162E+01
    6.69681E+03    3.26376E+06    3.34496E+04    1.50274E+04    7.05299E-02   -2.09549E-02    2.64747E-01    4.27295E+01    4.42135E+01    8.40749E+01
    6.76801E+03    3.30035E+06    3.65872E+04    1.50274E+04    7.55334E-02   -2.06186E-02    2.74059E-01    4.42135E+01    4.56891E+01    8.70132E+01
    6.83996E+03    3.34026E+06    3.99177E+04    1.50274E+04    8.06871E-02   -2.03226E-02    2.83327E-01    4.56891E+01    4.71590E+01    8.99362E+01
    6.91267E+03    3.38372E+06    4.34527E+04    1.50274E+04    8.59971E-02   -2.00640E-02    2.92565E-01    4.71590E+01    4.86256E+01    9.28489E+01
    6.98615E+03    3.43092E+06    4.72046E+04    1.50274E+04    9.14702E-02   -1.98402E-02    3.01789E-01    4.86256E+01    5.00912E+01    9.57559E+01
    7.06041E+03    3.48211E+06    5.11868E+04    1.50274E+04    9.71141E-02   -1.96491E-02    3.11011E-01    5.00912E+01    5.15581E+01    9.86617E+01
    7.13546E+03    3.53752E+06    5.54141E+04    1.50274E+04    1.02937E-01   -1.94891E-02    3.20246E-01    5.15581E+01    5.30284E+01    1.01571E+02
    7.21130E+03    3.59742E+06    5.99021E+04    1.50274E+04    1.08949E-01   -1.93585E-02    3.29506E-01    5.30284E+01    5.45044E+01    1.04487E+02
    7.28795E+03    3.66209E+06    6.46682E+04    1.50274E+04    1.15160E-01   -1.92561E-02    3.38805E-01    5.45044E+01    5.59881E+01    1.07415E+02
    7.36541E+03    3.73182E+06    6.97308E+04    1.50274E+04    1.21581E-01   -1.91810E-02    3.48156E-01    5.59881E+01    5.74817E+01    1.10360E+02
    7.44369E+03    3.80693E+06    7.51101E+04    1.50274E+04    1.28223E-01   -1.91323E-02    3.57571E-01    5.74817E+01    5.89873E+01    1.13324E+02
    7.52280E+03    3.88776E+06    8.08281E+04    1.50274E+04    1.35102E-01   -1.91094E-02    3.67065E-01    5.89873E+01    6.05070E+01    1.16312E+02
    7.60275E+03    3.97467E+06    8.69086E+04    1.50274E+04    1.42230E-01   -1.91118E-02    3.76649E-01    6.05070E+01    6.20431E+01    1.19328E+02
    7.68355E+03    4.06805E+06    9.33773E+04    1.50274E+04    1.49623E-01   -1.91392E-02    3.86338E-01    6.20431E+01    6.35976E+01    1.22377E+02
    7.76521E+03    4.16831E+06    1.00262E+05    1.50274E+04    1.57299E-01   -1.91914E-02    3.96144E-01    6.35976E+01    6.51729E+01    1.25463E+02
    7.84772E+03    4.27590E+06    1.07594E+05    1.50274E+04    1.65275E-01   -1.92683E-02    4.06083E-01    6.51729E+01    6.67713E+01    1.28591E+02
    7.93112E+03    4.39131E+06    1.15407E+05    1.50274E+04    1.73572E-01   -1.93700E-02    4.16169E-01    6.67713E+01    6.83952E+01    1.31764E+02
    8.01540E+03    4.51505E+06    1.23736E+05    1.50274E+04    1.82210E-01   -1.94967E-02    4.26415E-01    6.83952E+01    7.00470E+01    1.34988E+02
    8.10057E+03    4.64767E+06    1.32621E+05    1.50274E+04    1.91215E-01   -1.96487E-02    4.36839E-01    7.00470E+01    7.17293E+01    1.38268E+02
    8.18664E+03    4.78977E+06    1.42107E+05    1.50274E+04    2.00610E-01   -1.98265E-02    4.47456E-01    7.17293E+01    7.34449E+01    1.41608E+02
    8.27363E+03    4.94201E+06    1.52240E+05    1.50274E+04    2.10424E-01   -2.00308E-02    4.58283E-01    7.34449E+01    7.51965E+01    1.45015E+02
    8.36154E+03    5.10509E+06    1.63072E+05    1.50274E+04    2.20688E-01   -2.02622E-02    4.69337E-01    7.51965E+01    7.69871E+01    1.48493E+02
    8.45038E+03    5.27975E+06    1.74661E+05    1.50274E+04    2.31434E-01   -2.05215E-02    4.80638E-01    7.69871E+01    7.88198E+01    1.52048E+02
    8.54016E+03    5.46682E+06    1.87071E+05    1.50274E+04    2.42698E-01   -2.08100E-02    4.92204E-01    7.88198E+01    8.06980E+01    1.55687E+02
    8.63089E+03    5.66719E+06    2.00369E+05    1.50274E+04    2.54520E-01   -2.11286E-02    5.04057E-01    8.06980E+01    8.26252E+01    1.59416E+02
    8.72259E+03    5.88182E+06    2.14632E+05    1.50274E+04    2.66942E-01   -2.14789E-02    5.16218E-01    8.26252E+01    8.46051E+01    1.63243E+02
    8.81526E+03    6.11177E+06    2.29946E+05    1.50274E+04    2.80014E-01   -2.18624E-02    5.28711E-01    8.46051E+01    8.66418E+01    1.67174E+02
    8.90891E+03    6.35817E+06    2.46403E+05    1.50274E+04    2.93785E-01   -2.22808E-02    5.41562E-01    8.66418E+01    8.87393E+01    1.71217E+02
    9.00355E+03    6.62227E+06    2.64106E+05    1.50274E+04    3.08315E-01   -2.27363E-02    5.54796E-01    8.87393E+01    9.09025E+01    1.75382E+02
    9.09919E+03    6.90545E+06    2.83171E+05    1.50274E+04    3.23666E-01   -2.32310E-02    5.68442E-01    9.09025E+01    9.31362E+01    1.79676E+02
    9.19585E+03    7.20917E+06    3.03726E+05    1.50274E+04    3.39908E-01   -2.37676E-02    5.82532E-01    9.31362E+01    9.54456E+01    1.84110E+02
    9.29354E+03    7.53508E+06    3.25913E+05    1.50274E+04    3.57119E-01   -2.43489E-02    5.97098E-01    9.54456E+01    9.78367E+01    1.88694E+02
    9.39226E+03    7.88498E+06    3.49891E+05    1.50274E+04    3.75384E-01   -2.49784E-02    6.12176E-01    9.78367E+01    1.00316E+02    1.93440E+02
    9.49202E+03    8.26081E+06    3.75839E+05    1.50274E+04    3.94799E-01   -2.56596E-02    6.27806E-01    1.00316E+02    1.02889E+02    1.98360E+02
    9.59285E+03    8.66477E+06    4.03957E+05    1.50274E+04    4.15472E-01   -2.63967E-02    6.44030E-01    1.02889E+02    1.05564E+02    2.03467E+02
    9.69474E+03    9.09924E+06    4.34470E+05    1.50274E+04    4.37520E-01   -2.71947E-02    6.60894E-01    1.05564E+02    1.08350E+02    2.08776E+02
    9.79771E+03    9.56687E+06    4.67633E+05    1.50274E+04    4.61079E-01   -2.80587E-02    6.78448E-01    1.08350E+02    1.11254E+02    2.14303E+02
    9.90178E+03    1.00706E+07    5.03733E+05    1.50274E+04    4.86299E-01   -2.89951E-02    6.96748E-01    1.11254E+02    1.14288E+02    2.20065E+02
    1.00069E+04    1.06137E+07    5.43097E+05    1.50274E+04    5.13349E-01   -3.00108E-02    7.15855E-01    1.14288E+02    1.17461E+02    2.26083E+02
    1.01132E+04    1.11998E+07    5.86096E+05    1.50274E+04    5.42422E-01   -3.11139E-02    7.35835E-01    1.17461E+02    1.20785E+02    2.32376E+02
    1.02206E+04    1.18330E+07    6.33156E+05    1.50274E+04    5.73735E-01   -3.23136E-02    7.56764E-01    1.20785E+02    1.24274E+02    2.38968E+02
    1.03292E+04    1.25177E+07    6.84763E+05    1.50274E+04    6.07539E-01   -3.36207E-02    7.78722E-01    1.24274E+02    1.27943E+02    2.45887E+02
    1.04389E+04    1.32592E+07    7.41478E+05    1.50274E+04    6.44117E-01   -3.50473E-02    8.01803E-01    1.27943E+02    1.31807E+02    2.53160E+02
    1.05497E+04    1.40631E+07    8.03948E+05    1.50274E+04    6.83796E-01   -3.66081E-02    8.26109E-01    1.31807E+02    1.35887E+02    2.60821E+02
    1.06618E+04    1.49361E+07    8.72923E+05    1.50274E+04    7.26956E-01   -3.83197E-02    8.51755E-01    1.35887E+02    1.40203E+02    2.68906E+02
    1.07750E+04    1.58853E+07    9.49280E+05    1.50274E+04    7.74033E-01   -4.02021E-02    8.78872E-01    1.40203E+02    1.44779E+02    2.77456E+02
    1.08894E+04    1.69194E+07    1.03405E+06    1.50274E+04    8.25539E-01   -4.22787E-02    9.07608E-01    1.44779E+02    1.49642E+02    2.86520E+02
    1.10051E+04    1.80478E+07    1.12843E+06    1.50274E+04    8.82073E-01   -4.45775E-02    9.38129E-01    1.49642E+02    1.54824E+02    2.96149E+02
    1.11219E+04    1.92817E+07    1.23386E+06    1.50274E+04    9.44342E-01   -4.71321E-02    9.70629E-01    1.54824E+02    1.60361E+02    3.06407E+02
    1.12400E+04    2.06337E+07    1.35204E+06    1.50274E+04    1.01318E+00   -4.99831E-02    1.00533E+00    1.60361E+02    1.66295E+02    3.17363E+02
    1.13594E+04    2.21188E+07    1.48504E+06    1.50274E+04    1.08960E+00   -5.31803E-02    1.04248E+00    1.66295E+02    1.72676E+02    3.29100E+02
    1.14800E+04    2.37541E+07    1.63532E+06    1.50274E+04    1.17481E+00   -5.67847E-02    1.08240E+00    1.72676E+02    1.79561E+02    3.41713E+02
    1.16019E+04    2.55600E+07    1.80591E+06    1.50274E+04    1.27026E+00   -6.08728E-02    1.12541E+00    1.79561E+02    1.87020E+02    3.55317E+02
    1.17251E+04    2.75605E+07    2.00053E+06    1.50274E+04    1.37777E+00   -6.55405E-02    1.17195E+00    1.87020E+02    1.95137E+02    3.70044E+02
    1.18496E+04    2.97843E+07    2.22382E+06    1.50274E+04    1.49957E+00   -7.09109E-02    1.22251E+00    1.95137E+02    2.04011E+02    3.86056E+02
    1.19754E+04    3.22659E+07    2.48159E+06    1.50274E+04    1.63844E+00   -7.71434E-02    1.27769E+00    2.04011E+02    2.13768E+02    4.03547E+02
    1.21025E+04    3.50472E+07    2.78125E+06    1.50274E+04    1.79794E+00   -8.44483E-02    1.33821E+00    2.13768E+02    2.24562E+02    4.22756E+02
    1.22310E+04    3.81795E+07    3.13236E+06    1.50274E+04    1.98262E+00   -9.31090E-02    1.40497E+00    2.24562E+02    2.36589E+02    4.43976E+02
    1.23609E+04    4.17270E+07    3.54746E+06    1.50274E+04    2.19846E+00   -1.03515E-01    1.47910E+00    2.36589E+02    2.50102E+02    4.67580E+02
    1.24921E+04    4.57703E+07    4.04328E+06    1.50274E+04    2.45341E+00   -1.16218E-01    1.56202E+00    2.50102E+02    2.65434E+02    4.94042E+02
    1.26247E+04    5.04129E+07    4.64265E+06    1.50274E+04    2.75827E+00   -1.32020E-01    1.65555E+00    2.65434E+02    2.83036E+02    5.23981E+02
    1.27588E+04    5.57904E+07    5.37744E+06    1.50274E+04    3.12810E+00   -1.52139E-01    1.76209E+00    2.83036E+02    3.03534E+02    5.58220E+02
    1.28942E+04    6.20837E+07    6.29335E+06    1.50274E+04    3.58444E+00   -1.78502E-01    1.88483E+00    3.03534E+02    3.27840E+02    5.97887E+02
    1.30311E+04    6.95419E+07    7.45815E+06    1.50274E+04    4.15915E+00   -2.14337E-01    2.02810E+00    3.27840E+02    3.57335E+02    6.44569E+02
    1.31694E+04    7.85179E+07    8.97603E+06    1.50274E+04    4.90109E+00   -2.65436E-01    2.19787E+00    3.57335E+02    3.94248E+02    7.00575E+02
    1.33092E+04    8.95325E+07    1.10146E+07    1.50274E+04    5.88859E+00   -3.43107E-01    2.40226E+00    3.94248E+02    4.42469E+02    7.69409E+02
    1.34505E+04    1.03392E+08    1.38590E+07    1.50274E+04    7.25454E+00   -4.71750E-01    2.65179E+00    4.42469E+02    5.09472E+02    8.56598E+02
    1.35933E+04    1.21433E+08    1.80420E+07    1.50274E+04    9.24689E+00   -7.10367E-01    2.95673E+00    5.09472E+02    6.11436E+02    9.71224E+02
    1.37376E+04    1.46247E+08    2.48139E+07    1.50274E+04    1.24521E+01   -1.21992E+00    3.31118E+00    6.11436E+02    7.88395E+02    1.12854E+03
    1.38834E+04    1.85547E+08    3.92994E+07    1.50274E+04    1.93093E+01   -2.49448E+00    3.61758E+00    7.88395E+02    1.15407E+03    1.35335E+03
    1.40308E+04    2.36698E+08    5.11515E+07    1.51868E+04    2.46079E+01   -3.01414E+00    3.93991E+00    5.32258E+02    9.78801E+02    1.15407E+03
    1.41797E+04    3.23973E+08    8.72743E+07    1.51868E+04    4.11091E+01   -5.04768E+00    3.95348E+00    9.78801E+02    1.73454E+03    1.60276E+03
