 # rho, F_z,dF_z, z(rho), E2 (=>sigma2=e0^2*E2), Er, Ez, Ui,j , Ui+1,j , Ui,j-1
    2.50000E-01    9.39216E-05    9.39216E-05    0.00000E+00    7.51373E-04    6.99835E-03   -2.65027E-02    9.83249E-01    9.79750E-01    9.69998E-01
    7.40216E-01    2.70468E-04    1.76547E-04    5.00000E-01    4.96444E-04    2.59103E-03   -2.21299E-02    9.90815E-01    9.89570E-01    9.79750E-01
    1.22396E+00    5.49287E-04    2.78819E-04    5.00000E-01    4.67704E-04    8.35298E-04   -2.16103E-02    9.89570E-01    9.89164E-01    9.78765E-01
    1.71438E+00    9.51907E-04    4.02619E-04    5.00000E-01    4.75610E-04    4.67401E-04   -2.18035E-02    9.89164E-01    9.88933E-01    9.78262E-01
    2.21157E+00    1.49216E-03    5.40254E-04    5.00000E-01    4.87988E-04    4.10232E-04   -2.20866E-02    9.88933E-01    9.88727E-01    9.77889E-01
    2.71562E+00    2.18488E-03    6.92717E-04    5.00000E-01    5.02627E-04    4.66776E-04   -2.24145E-02    9.88727E-01    9.88491E-01    9.77520E-01
    3.22663E+00    3.04925E-03    8.64374E-04    5.00000E-01    5.20667E-04    6.07885E-04   -2.28100E-02    9.88491E-01    9.88178E-01    9.77085E-01
    3.74469E+00    4.11175E-03    1.06250E-03    5.00000E-01    5.43963E-04    8.76373E-04   -2.33065E-02    9.88178E-01    9.87721E-01    9.76524E-01
    4.26990E+00    5.40983E-03    1.29808E-03    5.00000E-01    5.74892E-04    1.42905E-03   -2.39343E-02    9.87721E-01    9.86965E-01    9.75753E-01
    4.80235E+00    6.99605E-03    1.58622E-03    5.00000E-01    6.16111E-04    2.77631E-03   -2.46658E-02    9.86965E-01    9.85477E-01    9.74632E-01
    5.34216E+00    8.95987E-03    1.96382E-03    5.00000E-01    6.76369E-04    6.77666E-03   -2.51087E-02    9.85477E-01    9.81793E-01    9.72922E-01
    5.88941E+00    1.05823E-02    1.62247E-03    9.80431E-01    4.99980E-04    4.83212E-03   -2.18319E-02    9.92709E-01    9.90047E-01    9.81793E-01
    6.44421E+00    1.23603E-02    1.77799E-03    9.80431E-01    4.93915E-04    2.95252E-03   -2.20272E-02    9.90047E-01    9.88398E-01    9.79033E-01
    7.00668E+00    1.45804E-02    2.22003E-03    9.80431E-01    5.59484E-04    3.58815E-03   -2.33797E-02    9.88398E-01    9.86366E-01    9.76708E-01
    7.57690E+00    1.74555E-02    2.87512E-03    9.80431E-01    6.60928E-04    7.76353E-03   -2.45083E-02    9.86366E-01    9.81908E-01    9.74111E-01
    8.15499E+00    1.98154E-02    2.35988E-03    1.46749E+00    4.97168E-04    5.38928E-03   -2.16362E-02    9.92303E-01    9.89166E-01    9.81908E-01
    8.74106E+00    2.25513E-02    2.73593E-03    1.46749E+00    5.30427E-04    4.64097E-03   -2.25585E-02    9.89166E-01    9.86427E-01    9.78328E-01
    9.33522E+00    2.62610E-02    3.70971E-03    1.46749E+00    6.64275E-04    8.94709E-03   -2.41707E-02    9.86427E-01    9.81075E-01    9.74815E-01
    9.93758E+00    2.94079E-02    3.14692E-03    1.96127E+00    5.22138E-04    6.89637E-03   -2.17848E-02    9.91686E-01    9.87503E-01    9.81075E-01
    1.05482E+01    3.33937E-02    3.98576E-03    1.96127E+00    6.14552E-04    9.58582E-03   -2.28619E-02    9.87503E-01    9.81609E-01    9.76368E-01
    1.11673E+01    3.67187E-02    3.32501E-03    2.46187E+00    4.77660E-04    6.92690E-03   -2.07287E-02    9.91845E-01    9.87527E-01    9.81609E-01
    1.17950E+01    4.11600E-02    4.44128E-03    2.46187E+00    5.95846E-04    9.88001E-03   -2.23211E-02    9.87527E-01    9.81283E-01    9.76505E-01
    1.24313E+01    4.49795E-02    3.81947E-03    2.96938E+00    4.79577E-04    7.33046E-03   -2.06359E-02    9.91614E-01    9.86917E-01    9.81283E-01
    1.30764E+01    5.03450E-02    5.36558E-03    2.96938E+00    6.31754E-04    1.12597E-02   -2.24716E-02    9.86917E-01    9.79604E-01    9.75668E-01
    1.37304E+01    5.55698E-02    5.22479E-03    3.48388E+00    5.77901E-04    1.18276E-02   -2.09287E-02    9.90225E-01    9.82437E-01    9.79604E-01
    1.43934E+01    5.94180E-02    3.84821E-03    4.00549E+00    4.00507E-04    7.55570E-03   -1.85316E-02    9.91972E-01    9.86928E-01    9.82437E-01
    1.50655E+01    6.55654E-02    6.14742E-03    4.00549E+00    6.02935E-04    1.20147E-02   -2.14145E-02    9.86928E-01    9.78797E-01    9.75910E-01
    1.57470E+01    7.21447E-02    6.57927E-03    4.53430E+00    6.08962E-04    1.34918E-02   -2.06624E-02    9.89575E-01    9.80318E-01    9.78797E-01
    1.64378E+01    7.80916E-02    5.94689E-03    5.07040E+00    5.20119E-04    1.30168E-02   -1.87265E-02    9.90221E-01    9.81166E-01    9.80318E-01
    1.71382E+01    8.36485E-02    5.55688E-03    5.61391E+00    4.59803E-04    1.20149E-02   -1.77608E-02    9.90688E-01    9.82215E-01    9.81166E-01
    1.78482E+01    8.84050E-02    4.75653E-03    6.16491E+00    3.72776E-04    8.42529E-03   -1.73721E-02    9.91657E-01    9.85634E-01    9.82215E-01
    1.85680E+01    9.73062E-02    8.90119E-03    6.16491E+00    6.61428E-04    1.52997E-02   -2.06724E-02    9.85634E-01    9.74545E-01    9.74399E-01
    1.92978E+01    1.02356E-01    5.04942E-03    7.28983E+00    3.56107E-04    1.35075E-02   -1.31778E-02    9.91551E-01    9.81626E-01    9.84190E-01
    2.00377E+01    1.08704E-01    6.34865E-03    7.86396E+00    4.25334E-04    1.33025E-02   -1.57600E-02    9.90551E-01    9.80642E-01    9.81626E-01
    2.07877E+01    1.15870E-01    7.16526E-03    8.44602E+00    4.56424E-04    1.36529E-02   -1.64324E-02    9.90076E-01    9.79766E-01    9.80642E-01
    2.15481E+01    1.24002E-01    8.13198E-03    9.03610E+00    4.92922E-04    1.44883E-02   -1.68229E-02    9.89558E-01    9.78465E-01    9.79766E-01
    2.23190E+01    1.34051E-01    1.00493E-02    9.63433E+00    5.80098E-04    1.69006E-02   -1.71601E-02    9.88591E-01    9.75473E-01    9.78465E-01
    2.31005E+01    1.40337E-01    6.28627E-03    1.08557E+01    3.45826E-04    1.45040E-02   -1.16387E-02    9.91176E-01    9.79763E-01    9.84117E-01
    2.38929E+01    1.50152E-01    9.81509E-03    1.14790E+01    5.14944E-04    1.70387E-02   -1.49876E-02    9.88978E-01    9.75385E-01    9.79763E-01
    2.46961E+01    1.58068E-01    7.91608E-03    1.27516E+01    3.96336E-04    1.66467E-02   -1.09189E-02    9.90462E-01    9.76999E-01    9.83562E-01
    2.55104E+01    1.65582E-01    7.51354E-03    1.40596E+01    3.59216E-04    1.61633E-02   -9.89762E-03    9.90798E-01    9.77545E-01    9.84369E-01
    2.63360E+01    1.73116E-01    7.53407E-03    1.54039E+01    3.44157E-04    1.60276E-02   -9.34196E-03    9.90845E-01    9.77522E-01    9.84609E-01
    2.71730E+01    1.81342E-01    8.22595E-03    1.67856E+01    3.59231E-04    1.67049E-02   -8.95410E-03    9.90551E-01    9.76474E-01    9.84407E-01
    2.80215E+01    1.88071E-01    6.72903E-03    1.89304E+01    2.81082E-04    1.53823E-02   -6.66841E-03    9.91659E-01    9.78517E-01    9.86892E-01
    2.88817E+01    1.94119E-01    6.04808E-03    2.11653E+01    2.41777E-04    1.43973E-02   -5.87323E-03    9.92066E-01    9.79596E-01    9.87691E-01
    2.97538E+01    1.99686E-01    5.56719E-03    2.34940E+01    2.13089E-04    1.35937E-02   -5.31982E-03    9.92334E-01    9.80398E-01    9.88205E-01
    3.06380E+01    2.04818E-01    5.13222E-03    2.59204E+01    1.88175E-04    1.28264E-02   -4.86392E-03    9.92575E-01    9.81157E-01    9.88641E-01
    3.15343E+01    2.09302E-01    4.48331E-03    2.84487E+01    1.57536E-04    1.17230E-02   -4.48406E-03    9.92953E-01    9.82373E-01    9.89174E-01
    3.24430E+01    2.14792E-01    5.49049E-03    3.01929E+01    1.84970E-04    1.25368E-02   -5.27236E-03    9.92059E-01    9.80588E-01    9.87492E-01
    3.33642E+01    2.19646E-01    4.85336E-03    3.29005E+01    1.56827E-04    1.18170E-02   -4.14564E-03    9.92646E-01    9.81685E-01    9.88904E-01
    3.42982E+01    2.24105E-01    4.45907E-03    3.57217E+01    1.38255E-04    1.11437E-02   -3.75137E-03    9.92899E-01    9.82420E-01    9.89372E-01
    3.52451E+01    2.28002E-01    3.89756E-03    3.86614E+01    1.15998E-04    1.02003E-02   -3.45700E-03    9.93266E-01    9.83542E-01    9.89879E-01
    3.62050E+01    2.32650E-01    4.64759E-03    4.06894E+01    1.32820E-04    1.07750E-02   -4.08890E-03    9.92505E-01    9.82091E-01    9.88387E-01
    3.71781E+01    2.36482E-01    3.83250E-03    4.38376E+01    1.05207E-04    9.74924E-03   -3.18738E-03    9.93250E-01    9.83698E-01    9.89906E-01
    3.81647E+01    2.40959E-01    4.47662E-03    4.60094E+01    1.18082E-04    1.02088E-02   -3.72325E-03    9.92574E-01    9.82433E-01    9.88559E-01
    3.91649E+01    2.44580E-01    3.62156E-03    4.93809E+01    9.18213E-05    9.14402E-03   -2.86499E-03    9.93374E-01    9.84166E-01    9.90155E-01
    4.01789E+01    2.48600E-01    4.01935E-03    5.17068E+01    9.79829E-05    9.31019E-03   -3.36203E-03    9.92871E-01    9.83366E-01    9.88988E-01
    4.12069E+01    2.53019E-01    4.41969E-03    5.40974E+01    1.03624E-04    9.60408E-03   -3.37434E-03    9.92530E-01    9.82589E-01    9.88524E-01
    4.22491E+01    2.56520E-01    3.50077E-03    5.78084E+01    7.89649E-05    8.52617E-03   -2.50388E-03    9.93421E-01    9.84474E-01    9.90324E-01
    4.33057E+01    2.60322E-01    3.80211E-03    6.03685E+01    8.25309E-05    8.59817E-03   -2.93298E-03    9.93000E-01    9.83854E-01    9.89272E-01
    4.43768E+01    2.64300E-01    3.97785E-03    6.29998E+01    8.31145E-05    8.62902E-03   -2.94184E-03    9.92822E-01    9.83516E-01    9.88978E-01
    4.54628E+01    2.68556E-01    4.25619E-03    6.57041E+01    8.56243E-05    8.79689E-03   -2.87038E-03    9.92593E-01    9.82974E-01    9.88738E-01
    4.65637E+01    2.71895E-01    3.33840E-03    6.99023E+01    6.46801E-05    7.76686E-03   -2.08710E-03    9.93510E-01    9.84900E-01    9.90589E-01
    4.76798E+01    2.75459E-01    3.56386E-03    7.27985E+01    6.65141E-05    7.77939E-03   -2.44850E-03    9.93160E-01    9.84417E-01    9.89638E-01
    4.88113E+01    2.79095E-01    3.63657E-03    7.57752E+01    6.53952E-05    7.70905E-03   -2.44250E-03    9.93067E-01    9.84285E-01    9.89457E-01
    4.99584E+01    2.82755E-01    3.65994E-03    7.88346E+01    6.34290E-05    7.59950E-03   -2.38256E-03    9.93035E-01    9.84258E-01    9.89416E-01
    5.11214E+01    2.86415E-01    3.65975E-03    8.19791E+01    6.11390E-05    7.47075E-03   -2.30800E-03    9.93028E-01    9.84281E-01    9.89424E-01
    5.23004E+01    2.90059E-01    3.64414E-03    8.52109E+01    5.86959E-05    7.33006E-03   -2.22850E-03    9.93037E-01    9.84335E-01    9.89460E-01
    5.34957E+01    2.93674E-01    3.61515E-03    8.85325E+01    5.61531E-05    7.17927E-03   -2.14736E-03    9.93058E-01    9.84418E-01    9.89516E-01
    5.47074E+01    2.97245E-01    3.57063E-03    9.19465E+01    5.34948E-05    7.01618E-03   -2.06594E-03    9.93094E-01    9.84534E-01    9.89592E-01
    5.59359E+01    3.00746E-01    3.50130E-03    9.54553E+01    5.06058E-05    6.83120E-03   -1.98507E-03    9.93153E-01    9.84703E-01    9.89694E-01
    5.71814E+01    3.04120E-01    3.37345E-03    9.90617E+01    4.70466E-05    6.58845E-03   -1.90757E-03    9.93265E-01    9.85003E-01    9.89849E-01
    5.84440E+01    3.07110E-01    2.99025E-03    1.02768E+02    4.02461E-05    6.06258E-03   -1.86849E-03    9.93608E-01    9.85901E-01    9.90169E-01
    5.97241E+01    3.11525E-01    4.41532E-03    1.04660E+02    5.73611E-05    6.83430E-03   -3.26397E-03    9.91991E-01    9.83183E-01    9.85901E-01
    6.10218E+01    3.15292E-01    3.76724E-03    1.08522E+02    4.72487E-05    6.60167E-03   -1.91488E-03    9.92876E-01    9.84250E-01    9.89204E-01
    6.23374E+01    3.18868E-01    3.57605E-03    1.12492E+02    4.33066E-05    6.34621E-03   -1.74132E-03    9.93075E-01    9.84669E-01    9.89643E-01
    6.36712E+01    3.22262E-01    3.39330E-03    1.16571E+02    3.96850E-05    6.08079E-03   -1.64588E-03    9.93246E-01    9.85080E-01    9.89912E-01
    6.50234E+01    3.25250E-01    2.98806E-03    1.20765E+02    3.37532E-05    5.58495E-03   -1.60047E-03    9.93617E-01    9.86013E-01    9.90284E-01
    6.63943E+01    3.29588E-01    4.33829E-03    1.22905E+02    4.73402E-05    6.25410E-03   -2.86818E-03    9.92068E-01    9.83436E-01    9.86013E-01
    6.77840E+01    3.33241E-01    3.65330E-03    1.27274E+02    3.85166E-05    5.98981E-03   -1.62444E-03    9.92983E-01    9.84601E-01    9.89458E-01
    6.91930E+01    3.36634E-01    3.39217E-03    1.31764E+02    3.45584E-05    5.69133E-03   -1.47213E-03    9.93247E-01    9.85173E-01    9.89965E-01
    7.06214E+01    3.39593E-01    2.95983E-03    1.36380E+02    2.91418E-05    5.20909E-03   -1.41676E-03    9.93653E-01    9.86161E-01    9.90406E-01
    7.20695E+01    3.43827E-01    4.23396E-03    1.38735E+02    4.02930E-05    5.79676E-03   -2.58661E-03    9.92171E-01    9.83719E-01    9.86161E-01
    7.35376E+01    3.47316E-01    3.48855E-03    1.43544E+02    3.20935E-05    5.48219E-03   -1.42797E-03    9.93139E-01    9.85035E-01    9.89729E-01
    7.50259E+01    3.50304E-01    2.98790E-03    1.48487E+02    2.65757E-05    4.98399E-03   -1.31738E-03    9.93628E-01    9.86160E-01    9.90395E-01
    7.65348E+01    3.54530E-01    4.22592E-03    1.51010E+02    3.63445E-05    5.52020E-03   -2.42321E-03    9.92189E-01    9.83803E-01    9.86160E-01
    7.80645E+01    3.57976E-01    3.44645E-03    1.56160E+02    2.86644E-05    5.19134E-03   -1.30935E-03    9.93186E-01    9.85190E-01    9.89838E-01
    7.96153E+01    3.60897E-01    2.92092E-03    1.61453E+02    2.34960E-05    4.69549E-03   -1.20349E-03    9.93705E-01    9.86374E-01    9.90542E-01
    8.11876E+01    3.64961E-01    4.06423E-03    1.64155E+02    3.16234E-05    5.15739E-03   -2.24159E-03    9.92347E-01    9.84183E-01    9.86374E-01
    8.27815E+01    3.68017E-01    3.05545E-03    1.69671E+02    2.29990E-05    4.63847E-03   -1.21804E-03    9.93556E-01    9.86112E-01    9.90220E-01
    8.43974E+01    3.72206E-01    4.18964E-03    1.72486E+02    3.05114E-05    5.06346E-03   -2.20745E-03    9.92241E-01    9.84003E-01    9.86112E-01
    8.60356E+01    3.75325E-01    3.11881E-03    1.78233E+02    2.19773E-05    4.53870E-03   -1.17365E-03    9.93501E-01    9.86014E-01    9.90151E-01
    8.76964E+01    3.79584E-01    4.25900E-03    1.81166E+02    2.90426E-05    4.94799E-03   -2.13543E-03    9.92193E-01    9.83918E-01    9.86014E-01
    8.93802E+01    3.82765E-01    3.18096E-03    1.87154E+02    2.09931E-05    4.44228E-03   -1.12215E-03    9.93450E-01    9.85919E-01    9.90113E-01
    9.10872E+01    3.87121E-01    4.35620E-03    1.90210E+02    2.78264E-05    4.85735E-03   -2.05732E-03    9.92121E-01    9.83773E-01    9.85919E-01
    9.28177E+01    3.90594E-01    3.47237E-03    1.96450E+02    2.14709E-05    4.51422E-03   -1.04530E-03    9.93197E-01    9.85332E-01    9.89959E-01
    9.45721E+01    3.93505E-01    2.91139E-03    2.02863E+02    1.74276E-05    4.06498E-03   -9.50566E-04    9.93753E-01    9.86572E-01    9.90726E-01
    9.63507E+01    3.97466E-01    3.96141E-03    2.06136E+02    2.29585E-05    4.42672E-03   -1.83377E-03    9.92493E-01    9.84565E-01    9.86572E-01
    9.81539E+01    4.00353E-01    2.88609E-03    2.12818E+02    1.61957E-05    3.90919E-03   -9.55992E-04    9.93764E-01    9.86667E-01    9.90592E-01
    9.99820E+01    4.04076E-01    3.72301E-03    2.16229E+02    2.02310E-05    4.12272E-03   -1.79838E-03    9.92717E-01    9.85129E-01    9.86667E-01
    1.01835E+02    4.08589E-01    4.51371E-03    2.19686E+02    2.37535E-05    4.43907E-03   -2.01202E-03    9.91990E-01    9.83707E-01    9.85129E-01
    1.03714E+02    4.11774E-01    3.18467E-03    2.26745E+02    1.62318E-05    3.91798E-03   -9.38735E-04    9.93475E-01    9.86063E-01    9.90184E-01
    1.05619E+02    4.16015E-01    4.24145E-03    2.30347E+02    2.09392E-05    4.22972E-03   -1.74605E-03    9.92268E-01    9.84156E-01    9.86063E-01
    1.07550E+02    4.19119E-01    3.10344E-03    2.37703E+02    1.48412E-05    3.75263E-03   -8.71167E-04    9.93571E-01    9.86275E-01    9.90389E-01
    1.09508E+02    4.23243E-01    4.12404E-03    2.41456E+02    1.91057E-05    4.04744E-03   -1.65041E-03    9.92386E-01    9.84408E-01    9.86275E-01
    1.11492E+02    4.26205E-01    2.96166E-03    2.49120E+02    1.32929E-05    3.55161E-03   -8.24029E-04    9.93719E-01    9.86622E-01    9.90584E-01
    1.13505E+02    4.29983E-01    3.77823E-03    2.53032E+02    1.64306E-05    3.73379E-03   -1.57781E-03    9.92710E-01    9.85145E-01    9.86622E-01
    1.15544E+02    4.34510E-01    4.52768E-03    2.56997E+02    1.90789E-05    3.99791E-03   -1.75943E-03    9.92027E-01    9.83816E-01    9.85145E-01
    1.17612E+02    4.37684E-01    3.17351E-03    2.65093E+02    1.29587E-05    3.51067E-03   -7.96135E-04    9.93520E-01    9.86210E-01    9.90320E-01
    1.19709E+02    4.41853E-01    4.16914E-03    2.69224E+02    1.64984E-05    3.76956E-03   -1.51287E-03    9.92376E-01    9.84419E-01    9.86210E-01
    1.21835E+02    4.44826E-01    2.97327E-03    2.77660E+02    1.14034E-05    3.29535E-03   -7.37609E-04    9.93731E-01    9.86679E-01    9.90641E-01
    1.23989E+02    4.48589E-01    3.76228E-03    2.81965E+02    1.39857E-05    3.45517E-03   -1.43091E-03    9.92755E-01    9.85259E-01    9.86679E-01
    1.26174E+02    4.53051E-01    4.46253E-03    2.86330E+02    1.60797E-05    3.68005E-03   -1.59276E-03    9.92116E-01    9.84021E-01    9.85259E-01
    1.28389E+02    4.56103E-01    3.05157E-03    2.95241E+02    1.06588E-05    3.18660E-03   -7.10216E-04    9.93661E-01    9.86555E-01    9.90518E-01
    1.30634E+02    4.59936E-01    3.83345E-03    2.99788E+02    1.29806E-05    3.33168E-03   -1.37130E-03    9.92706E-01    9.85175E-01    9.86555E-01
    1.32910E+02    4.64456E-01    4.51973E-03    3.04399E+02    1.48375E-05    3.53943E-03   -1.51987E-03    9.92087E-01    9.83975E-01    9.85175E-01
    1.35218E+02    4.67539E-01    3.08281E-03    3.13812E+02    9.81224E-06    3.06012E-03   -6.69251E-04    9.93644E-01    9.86534E-01    9.90516E-01
    1.37558E+02    4.71400E-01    3.86103E-03    3.18616E+02    1.19158E-05    3.19732E-03   -1.30113E-03    9.92699E-01    9.85168E-01    9.86534E-01
    1.39929E+02    4.75938E-01    4.53859E-03    3.23487E+02    1.35820E-05    3.39200E-03   -1.44094E-03    9.92090E-01    9.83990E-01    9.85168E-01
    1.42334E+02    4.79035E-01    3.09636E-03    3.33430E+02    8.98548E-06    2.93104E-03   -6.28102E-04    9.93644E-01    9.86548E-01    9.90543E-01
    1.44772E+02    4.82903E-01    3.86841E-03    3.38505E+02    1.08867E-05    3.06130E-03   -1.23091E-03    9.92710E-01    9.85196E-01    9.86548E-01
    1.47243E+02    4.87439E-01    4.53554E-03    3.43650E+02    1.23791E-05    3.24381E-03   -1.36264E-03    9.92111E-01    9.84040E-01    9.85196E-01
    1.49749E+02    4.90534E-01    3.09576E-03    3.54153E+02    8.19495E-06    2.80160E-03   -5.88203E-04    9.93658E-01    9.86591E-01    9.90590E-01
    1.52289E+02    4.94392E-01    3.85778E-03    3.59514E+02    9.90512E-06    2.92482E-03   -1.16214E-03    9.92736E-01    9.85256E-01    9.86591E-01
    1.54864E+02    4.98903E-01    4.51031E-03    3.64949E+02    1.12330E-05    3.09501E-03   -1.28603E-03    9.92150E-01    9.84125E-01    9.85256E-01
    1.57474E+02    5.01979E-01    3.07625E-03    3.76045E+02    7.43185E-06    2.67013E-03   -5.49795E-04    9.93690E-01    9.86671E-01    9.90660E-01
    1.60121E+02    5.05799E-01    3.81990E-03    3.81708E+02    8.95233E-06    2.78459E-03   -1.09471E-03    9.92786E-01    9.85366E-01    9.86671E-01
    1.62804E+02    5.10244E-01    4.44530E-03    3.87449E+02    1.01069E-05    2.93958E-03   -1.21068E-03    9.92222E-01    9.84280E-01    9.85366E-01
    1.65524E+02    5.13246E-01    3.00160E-03    3.99170E+02    6.62092E-06    2.52136E-03   -5.13470E-04    9.93775E-01    9.86869E-01    9.90786E-01
    1.68282E+02    5.16919E-01    3.67351E-03    4.05152E+02    7.86176E-06    2.60852E-03   -1.02829E-03    9.92936E-01    9.85693E-01    9.86869E-01
    1.71078E+02    5.21031E-01    4.11209E-03    4.11217E+02    8.53871E-06    2.68955E-03   -1.14238E-03    9.92527E-01    9.84956E-01    9.85693E-01
    1.73912E+02    5.25645E-01    4.61358E-03    4.17365E+02    9.29564E-06    2.81231E-03   -1.17752E-03    9.92097E-01    9.84072E-01    9.84956E-01
    1.76786E+02    5.28701E-01    3.05656E-03    4.29917E+02    5.97592E-06    2.39651E-03   -4.82375E-04    9.93734E-01    9.86800E-01    9.90727E-01
    1.79699E+02    5.32421E-01    3.71990E-03    4.36324E+02    7.05753E-06    2.47420E-03   -9.67404E-04    9.92913E-01    9.85656E-01    9.86800E-01
    1.82653E+02    5.36564E-01    4.14321E-03    4.42818E+02    7.62826E-06    2.54555E-03   -1.07164E-03    9.92521E-01    9.84952E-01    9.85656E-01
    1.85647E+02    5.41190E-01    4.62516E-03    4.49403E+02    8.26422E-06    2.65508E-03   -1.10217E-03    9.92110E-01    9.84106E-01    9.84952E-01
    1.88682E+02    5.44236E-01    3.04588E-03    4.62846E+02    5.28193E-06    2.25439E-03   -4.46844E-04    9.93759E-01    9.86869E-01    9.90777E-01
    1.91760E+02    5.47914E-01    3.67897E-03    4.69706E+02    6.19194E-06    2.31928E-03   -9.01591E-04    9.92971E-01    9.85785E-01    9.86869E-01
    1.94879E+02    5.51956E-01    4.04142E-03    4.76662E+02    6.60198E-06    2.36764E-03   -9.98130E-04    9.92633E-01    9.85196E-01    9.85785E-01
    1.98042E+02    5.56305E-01    4.34921E-03    4.83713E+02    6.89614E-06    2.41525E-03   -1.03088E-03    9.92366E-01    9.84674E-01    9.85196E-01
    2.01249E+02    5.61092E-01    4.78658E-03    4.90862E+02    7.36704E-06    2.50734E-03   -1.03937E-03    9.92003E-01    9.83908E-01    9.84674E-01
    2.04499E+02    5.64233E-01    3.14166E-03    5.05457E+02    4.69371E-06    2.12680E-03   -4.12840E-04    9.93685E-01    9.86723E-01    9.90693E-01
    2.07795E+02    5.68032E-01    3.79880E-03    5.12906E+02    5.50945E-06    2.19235E-03   -8.38480E-04    9.92884E-01    9.85609E-01    9.86723E-01
    2.11136E+02    5.72239E-01    4.20717E-03    5.20457E+02    5.92340E-06    2.25053E-03   -9.26565E-04    9.92511E-01    9.84941E-01    9.85609E-01
    2.14523E+02    5.76909E-01    4.66976E-03    5.28113E+02    6.38280E-06    2.34068E-03   -9.50801E-04    9.92121E-01    9.84138E-01    9.84941E-01
    2.17957E+02    5.79985E-01    3.07585E-03    5.43743E+02    4.08162E-06    1.98469E-03   -3.77646E-04    9.93763E-01    9.86901E-01    9.90832E-01
    2.21439E+02    5.83682E-01    3.69669E-03    5.51721E+02    4.76264E-06    2.04031E-03   -7.74438E-04    9.92995E-01    9.85843E-01    9.86901E-01
    2.24968E+02    5.87724E-01    4.04206E-03    5.59808E+02    5.05611E-06    2.07914E-03   -8.56324E-04    9.92675E-01    9.85286E-01    9.85843E-01
    2.28546E+02    5.92052E-01    4.32834E-03    5.68007E+02    5.25690E-06    2.11597E-03   -8.82936E-04    9.92427E-01    9.84804E-01    9.85286E-01
    2.32174E+02    5.96785E-01    4.73333E-03    5.76319E+02    5.58193E-06    2.18906E-03   -8.88792E-04    9.92091E-01    9.84096E-01    9.84804E-01
    2.35851E+02    5.99871E-01    3.08592E-03    5.93288E+02    3.53366E-06    1.84759E-03   -3.46520E-04    9.93769E-01    9.86928E-01    9.90849E-01
    2.39579E+02    6.03557E-01    3.68621E-03    6.01949E+02    4.09879E-06    1.89457E-03   -7.13715E-04    9.93025E-01    9.85913E-01    9.86928E-01
    2.43359E+02    6.07556E-01    3.99821E-03    6.10730E+02    4.31709E-06    1.92268E-03   -7.87654E-04    9.92735E-01    9.85418E-01    9.85913E-01
    2.47191E+02    6.11778E-01    4.22242E-03    6.19631E+02    4.42741E-06    1.94150E-03   -8.11156E-04    9.92541E-01    9.85050E-01    9.85418E-01
    2.51076E+02    6.16233E-01    4.45494E-03    6.28656E+02    4.53634E-06    1.96587E-03   -8.19572E-04    9.92345E-01    9.84656E-01    9.85050E-01
    2.55014E+02    6.21064E-01    4.83048E-03    6.37805E+02    4.77686E-06    2.02671E-03   -8.18112E-04    9.92039E-01    9.84003E-01    9.84656E-01
    2.59007E+02    6.24199E-01    3.13565E-03    6.56483E+02    3.01148E-06    1.70667E-03   -3.14274E-04    9.93740E-01    9.86879E-01    9.90825E-01
    2.63055E+02    6.27933E-01    3.73395E-03    6.66016E+02    3.48285E-06    1.74883E-03   -6.51499E-04    9.93005E-01    9.85878E-01    9.86879E-01
    2.67158E+02    6.31973E-01    4.03958E-03    6.75681E+02    3.65955E-06    1.77310E-03   -7.18094E-04    9.92723E-01    9.85397E-01    9.85878E-01
    2.71319E+02    6.36229E-01    4.25675E-03    6.85479E+02    3.74547E-06    1.78882E-03   -7.38649E-04    9.92536E-01    9.85043E-01    9.85397E-01
    2.75536E+02    6.40711E-01    4.48191E-03    6.95412E+02    3.83036E-06    1.80955E-03   -7.45571E-04    9.92348E-01    9.84663E-01    9.85043E-01
    2.79812E+02    6.45560E-01    4.84859E-03    7.05482E+02    4.02487E-06    1.86330E-03   -7.43637E-04    9.92050E-01    9.84028E-01    9.84663E-01
    2.84147E+02    6.48710E-01    3.14994E-03    7.26041E+02    2.53986E-06    1.56840E-03   -2.82818E-04    9.93744E-01    9.86899E-01    9.90857E-01
    2.88542E+02    6.52453E-01    3.74270E-03    7.36534E+02    2.93139E-06    1.60678E-03   -5.91309E-04    9.93019E-01    9.85909E-01    9.86899E-01
    2.92998E+02    6.56494E-01    4.04118E-03    7.47172E+02    3.07462E-06    1.62797E-03   -6.51411E-04    9.92744E-01    9.85441E-01    9.85909E-01
    2.97514E+02    6.60744E-01    4.25029E-03    7.57957E+02    3.14126E-06    1.64102E-03   -6.69570E-04    9.92564E-01    9.85101E-01    9.85441E-01
    3.02094E+02    6.65210E-01    4.46557E-03    7.68890E+02    3.20610E-06    1.65831E-03   -6.75350E-04    9.92384E-01    9.84738E-01    9.85101E-01
    3.06736E+02    6.70027E-01    4.81759E-03    7.79974E+02    3.36011E-06    1.70500E-03   -6.73129E-04    9.92098E-01    9.84128E-01    9.84738E-01
    3.11443E+02    6.73151E-01    3.12417E-03    8.02604E+02    2.11687E-06    1.43268E-03   -2.53568E-04    9.93785E-01    9.86996E-01    9.90936E-01
    3.16214E+02    6.76847E-01    3.69588E-03    8.14153E+02    2.43288E-06    1.46546E-03   -5.34144E-04    9.93081E-01    9.86041E-01    9.86996E-01
    3.21051E+02    6.80815E-01    3.96736E-03    8.25862E+02    2.53723E-06    1.48044E-03   -5.87809E-04    9.92830E-01    9.85619E-01    9.86041E-01
    3.25955E+02    6.84949E-01    4.13462E-03    8.37732E+02    2.56896E-06    1.48488E-03   -6.03411E-04    9.92684E-01    9.85353E-01    9.85619E-01
    3.30927E+02    6.89218E-01    4.26923E-03    8.49766E+02    2.57718E-06    1.48571E-03   -6.08142E-04    9.92572E-01    9.85134E-01    9.85353E-01
    3.35967E+02    6.93624E-01    4.40508E-03    8.61967E+02    2.58364E-06    1.48765E-03   -6.08710E-04    9.92460E-01    9.84910E-01    9.85134E-01
    3.41077E+02    6.98204E-01    4.58044E-03    8.74335E+02    2.61022E-06    1.49721E-03   -6.07100E-04    9.92317E-01    9.84614E-01    9.84910E-01
    3.46258E+02    7.03111E-01    4.90730E-03    8.86875E+02    2.71715E-06    1.53468E-03   -6.01600E-04    9.92055E-01    9.84050E-01    9.84614E-01
    3.51510E+02    7.06282E-01    3.17102E-03    9.12475E+02    1.70601E-06    1.28687E-03   -2.23544E-04    9.93760E-01    9.86955E-01    9.90918E-01
    3.56834E+02    7.10022E-01    3.73989E-03    9.25541E+02    1.95505E-06    1.31540E-03   -4.74106E-04    9.93065E-01    9.86014E-01    9.86955E-01
    3.62232E+02    7.14027E-01    4.00443E-03    9.38787E+02    2.03408E-06    1.32761E-03   -5.21098E-04    9.92822E-01    9.85607E-01    9.86014E-01
    3.67704E+02    7.18191E-01    4.16426E-03    9.52216E+02    2.05542E-06    1.33039E-03   -5.34303E-04    9.92684E-01    9.85354E-01    9.85607E-01
    3.73252E+02    7.22482E-01    4.29138E-03    9.65830E+02    2.05828E-06    1.32999E-03   -5.37952E-04    9.92578E-01    9.85149E-01    9.85354E-01
    3.78876E+02    7.26902E-01    4.41949E-03    9.79632E+02    2.05983E-06    1.33057E-03   -5.37975E-04    9.92473E-01    9.84938E-01    9.85149E-01
    3.84578E+02    7.31488E-01    4.58621E-03    9.93624E+02    2.07718E-06    1.33782E-03   -5.36111E-04    9.92337E-01    9.84657E-01    9.84938E-01
    3.90359E+02    7.36390E-01    4.90156E-03    1.00781E+03    2.15736E-06    1.36950E-03   -5.30865E-04    9.92085E-01    9.84114E-01    9.84657E-01
    3.96220E+02    7.39556E-01    3.16665E-03    1.03677E+03    1.35445E-06    1.14730E-03   -1.95323E-04    9.93782E-01    9.87013E-01    9.90973E-01
    4.02161E+02    7.43280E-01    3.72361E-03    1.05155E+03    1.54779E-06    1.17190E-03   -4.17656E-04    9.93102E-01    9.86091E-01    9.87013E-01
    4.08184E+02    7.47254E-01    3.97423E-03    1.06654E+03    1.60543E-06    1.18112E-03   -4.58677E-04    9.92871E-01    9.85708E-01    9.86091E-01
    4.14291E+02    7.51371E-01    4.11661E-03    1.08173E+03    1.61614E-06    1.18128E-03   -4.69796E-04    9.92748E-01    9.85485E-01    9.85708E-01
    4.20481E+02    7.55590E-01    4.21900E-03    1.09713E+03    1.60973E-06    1.17751E-03   -4.72448E-04    9.92662E-01    9.85323E-01    9.85485E-01
    4.26758E+02    7.59897E-01    4.30687E-03    1.11274E+03    1.59705E-06    1.17234E-03   -4.71889E-04    9.92590E-01    9.85182E-01    9.85323E-01
    4.33120E+02    7.64291E-01    4.39476E-03    1.12857E+03    1.58385E-06    1.16749E-03   -4.69913E-04    9.92519E-01    9.85040E-01    9.85182E-01
    4.39571E+02    7.68789E-01    4.49796E-03    1.14462E+03    1.57551E-06    1.16498E-03   -4.67252E-04    9.92436E-01    9.84870E-01    9.85040E-01
    4.46111E+02    7.73436E-01    4.64673E-03    1.16089E+03    1.58193E-06    1.16902E-03   -4.64032E-04    9.92317E-01    9.84619E-01    9.84870E-01
    4.52741E+02    7.78383E-01    4.94707E-03    1.17738E+03    1.63692E-06    1.19446E-03   -4.58453E-04    9.92078E-01    9.84105E-01    9.84619E-01
    4.59462E+02    7.81576E-01    3.19260E-03    1.21106E+03    1.02677E-06    9.99475E-04   -1.66791E-04    9.93778E-01    9.87014E-01    9.90989E-01
    4.66276E+02    7.85320E-01    3.74401E-03    1.22824E+03    1.17036E-06    1.02037E-03   -3.59458E-04    9.93108E-01    9.86107E-01    9.87014E-01
    4.73184E+02    7.89306E-01    3.98642E-03    1.24567E+03    1.21123E-06    1.02746E-03   -3.94402E-04    9.92886E-01    9.85739E-01    9.86107E-01
    4.80188E+02    7.93426E-01    4.11970E-03    1.26333E+03    1.21668E-06    1.02655E-03   -4.03562E-04    9.92770E-01    9.85532E-01    9.85739E-01
    4.87288E+02    7.97637E-01    4.21168E-03    1.28124E+03    1.20903E-06    1.02208E-03   -4.05458E-04    9.92694E-01    9.85387E-01    9.85532E-01
    4.94486E+02    8.01924E-01    4.28670E-03    1.29939E+03    1.19615E-06    1.01609E-03   -4.04600E-04    9.92632E-01    9.85268E-01    9.85387E-01
    5.01783E+02    8.06281E-01    4.35686E-03    1.31780E+03    1.18174E-06    1.00981E-03   -4.02520E-04    9.92576E-01    9.85156E-01    9.85268E-01
    5.09181E+02    8.10713E-01    4.43167E-03    1.33646E+03    1.16844E-06    1.00426E-03   -3.99868E-04    9.92516E-01    9.85036E-01    9.85156E-01
    5.16682E+02    8.15237E-01    4.52406E-03    1.35537E+03    1.15948E-06    1.00096E-03   -3.96943E-04    9.92442E-01    9.84883E-01    9.85036E-01
    5.24285E+02    8.19900E-01    4.66282E-03    1.37455E+03    1.16168E-06    1.00333E-03   -3.93709E-04    9.92331E-01    9.84650E-01    9.84883E-01
    5.31994E+02    8.24851E-01    4.95185E-03    1.39399E+03    1.19927E-06    1.02385E-03   -3.88591E-04    9.92102E-01    9.84155E-01    9.84650E-01
    5.39809E+02    8.28048E-01    3.19675E-03    1.43369E+03    7.52612E-07    8.56172E-04   -1.39936E-04    9.93794E-01    9.87057E-01    9.91035E-01
    5.47732E+02    8.31788E-01    3.73989E-03    1.45395E+03    8.55936E-07    8.73742E-04   -3.04155E-04    9.93135E-01    9.86165E-01    9.87057E-01
    5.55764E+02    8.35761E-01    3.97338E-03    1.47448E+03    8.84031E-07    8.79099E-04   -3.33490E-04    9.92921E-01    9.85811E-01    9.86165E-01
    5.63907E+02    8.39859E-01    4.09730E-03    1.49530E+03    8.86208E-07    8.77477E-04   -3.40944E-04    9.92813E-01    9.85619E-01    9.85811E-01
    5.72163E+02    8.44037E-01    4.17874E-03    1.51641E+03    8.78656E-07    8.72651E-04   -3.42252E-04    9.92745E-01    9.85492E-01    9.85619E-01
    5.80532E+02    8.48278E-01    4.24096E-03    1.53781E+03    8.66919E-07    8.66307E-04   -3.41219E-04    9.92694E-01    9.85394E-01    9.85492E-01
    5.89017E+02    8.52573E-01    4.29432E-03    1.55951E+03    8.53405E-07    8.59301E-04   -3.39127E-04    9.92652E-01    9.85311E-01    9.85394E-01
    5.97619E+02    8.56918E-01    4.34489E-03    1.58150E+03    8.39442E-07    8.52172E-04   -3.36518E-04    9.92611E-01    9.85231E-01    9.85311E-01
    6.06340E+02    8.61315E-01    4.39768E-03    1.60380E+03    8.26022E-07    8.45394E-04   -3.33662E-04    9.92570E-01    9.85147E-01    9.85231E-01
    6.15181E+02    8.65774E-01    4.45890E-03    1.62641E+03    8.14249E-07    8.39570E-04   -3.30714E-04    9.92521E-01    9.85048E-01    9.85147E-01
    6.24144E+02    8.70314E-01    4.53969E-03    1.64933E+03    8.05974E-07    8.35797E-04   -3.27748E-04    9.92457E-01    9.84914E-01    9.85048E-01
    6.33230E+02    8.74981E-01    4.66747E-03    1.67256E+03    8.05652E-07    8.36812E-04   -3.24650E-04    9.92354E-01    9.84698E-01    9.84914E-01
    6.42442E+02    8.79925E-01    4.94388E-03    1.69612E+03    8.29676E-07    8.52769E-04   -3.20094E-04    9.92136E-01    9.84226E-01    9.84698E-01
    6.51782E+02    8.83117E-01    3.19198E-03    1.74420E+03    5.20812E-07    7.12598E-04   -1.14086E-04    9.93818E-01    9.87117E-01    9.91094E-01
    6.61250E+02    8.86842E-01    3.72516E-03    1.76875E+03    5.90949E-07    7.26922E-04   -2.50066E-04    9.93171E-01    9.86241E-01    9.87117E-01
    6.70849E+02    8.90791E-01    3.94904E-03    1.79363E+03    6.09095E-07    7.30776E-04   -2.73974E-04    9.92966E-01    9.85903E-01    9.86241E-01
    6.80580E+02    8.94855E-01    4.06354E-03    1.81886E+03    6.09384E-07    7.28746E-04   -2.79847E-04    9.92866E-01    9.85726E-01    9.85903E-01
    6.90445E+02    8.98990E-01    4.13503E-03    1.84443E+03    6.02925E-07    7.23981E-04   -2.80671E-04    9.92806E-01    9.85615E-01    9.85726E-01
    7.00447E+02    9.03176E-01    4.18611E-03    1.87036E+03    5.93466E-07    7.17850E-04   -2.79567E-04    9.92764E-01    9.85535E-01    9.85615E-01
    7.10587E+02    9.07402E-01    4.22631E-03    1.89664E+03    5.82577E-07    7.11004E-04   -2.77579E-04    9.92732E-01    9.85473E-01    9.85535E-01
    7.20866E+02    9.11663E-01    4.26047E-03    1.92329E+03    5.71031E-07    7.03796E-04   -2.75140E-04    9.92705E-01    9.85421E-01    9.85473E-01
    7.31288E+02    9.15954E-01    4.29143E-03    1.95030E+03    5.59266E-07    6.96442E-04   -2.72461E-04    9.92681E-01    9.85373E-01    9.85421E-01
    7.41853E+02    9.20276E-01    4.32121E-03    1.97769E+03    5.47570E-07    6.89097E-04   -2.69657E-04    9.92658E-01    9.85328E-01    9.85373E-01
    7.52564E+02    9.24627E-01    4.35159E-03    2.00546E+03    5.36172E-07    6.81902E-04   -2.66799E-04    9.92635E-01    9.85281E-01    9.85328E-01
    7.63423E+02    9.29012E-01    4.38460E-03    2.03361E+03    5.25305E-07    6.75012E-04   -2.63939E-04    9.92609E-01    9.85229E-01    9.85281E-01
    7.74432E+02    9.33435E-01    4.42309E-03    2.06214E+03    5.15273E-07    6.68649E-04   -2.61116E-04    9.92579E-01    9.85168E-01    9.85229E-01
    7.85593E+02    9.37907E-01    4.47199E-03    2.09107E+03    5.06578E-07    6.63196E-04   -2.58359E-04    9.92541E-01    9.85088E-01    9.85168E-01
    7.96907E+02    9.42448E-01    4.54152E-03    2.12040E+03    5.00247E-07    6.59451E-04   -2.55677E-04    9.92485E-01    9.84973E-01    9.85088E-01
    8.08378E+02    9.47106E-01    4.65814E-03    2.15014E+03    4.98926E-07    6.59500E-04   -2.52955E-04    9.92392E-01    9.84775E-01    9.84973E-01
    8.20007E+02    9.52028E-01    4.92117E-03    2.18028E+03    5.12550E-07    6.71173E-04   -2.49151E-04    9.92184E-01    9.84325E-01    9.84775E-01
    8.31797E+02    9.55205E-01    3.17771E-03    2.24183E+03    3.21833E-07    5.60455E-04   -8.78853E-05    9.93853E-01    9.87200E-01    9.91167E-01
    8.43749E+02    9.58905E-01    3.69962E-03    2.27324E+03    3.64355E-07    5.71501E-04   -1.94273E-04    9.93220E-01    9.86342E-01    9.87200E-01
    8.55867E+02    9.62819E-01    3.91383E-03    2.30508E+03    3.74822E-07    5.74098E-04   -2.12682E-04    9.93022E-01    9.86018E-01    9.86342E-01
    8.68151E+02    9.66838E-01    4.01964E-03    2.33737E+03    3.74342E-07    5.72041E-04   -2.17050E-04    9.92930E-01    9.85855E-01    9.86018E-01
    8.80605E+02    9.70921E-01    4.08271E-03    2.37010E+03    3.69737E-07    5.67826E-04   -2.17508E-04    9.92877E-01    9.85756E-01    9.85855E-01
    8.93231E+02    9.75046E-01    4.12526E-03    2.40328E+03    3.63295E-07    5.62525E-04   -2.16475E-04    9.92842E-01    9.85690E-01    9.85756E-01
    9.06031E+02    9.79203E-01    4.15654E-03    2.43692E+03    3.55966E-07    5.56637E-04   -2.14758E-04    9.92816E-01    9.85643E-01    9.85690E-01
    9.19008E+02    9.83384E-01    4.18106E-03    2.47102E+03    3.48205E-07    5.50426E-04   -2.12689E-04    9.92797E-01    9.85605E-01    9.85643E-01
    9.32164E+02    9.87585E-01    4.20132E-03    2.50559E+03    3.40259E-07    5.44040E-04   -2.10425E-04    9.92782E-01    9.85575E-01    9.85605E-01
    9.45501E+02    9.91804E-01    4.21884E-03    2.54064E+03    3.32272E-07    5.37574E-04   -2.08054E-04    9.92768E-01    9.85549E-01    9.85575E-01
    9.59023E+02    9.96039E-01    4.23462E-03    2.57618E+03    3.24337E-07    5.31089E-04   -2.05624E-04    9.92757E-01    9.85526E-01    9.85549E-01
    9.72731E+02    1.00029E+00    4.24945E-03    2.61220E+03    3.16518E-07    5.24634E-04   -2.03168E-04    9.92746E-01    9.85505E-01    9.85526E-01
    9.86628E+02    1.00455E+00    4.26398E-03    2.64873E+03    3.08864E-07    5.18249E-04   -2.00706E-04    9.92735E-01    9.85484E-01    9.85505E-01
    1.00072E+03    1.00883E+00    4.27886E-03    2.68575E+03    3.01419E-07    5.11971E-04   -1.98255E-04    9.92724E-01    9.85462E-01    9.85484E-01
    1.01500E+03    1.01313E+00    4.29484E-03    2.72329E+03    2.94227E-07    5.05844E-04   -1.95829E-04    9.92712E-01    9.85438E-01    9.85462E-01
    1.02948E+03    1.01744E+00    4.31292E-03    2.76134E+03    2.87344E-07    4.99926E-04   -1.93439E-04    9.92699E-01    9.85410E-01    9.85438E-01
    1.04416E+03    1.02177E+00    4.33457E-03    2.79992E+03    2.80851E-07    4.94300E-04   -1.91098E-04    9.92682E-01    9.85376E-01    9.85410E-01
    1.05904E+03    1.02614E+00    4.36224E-03    2.83904E+03    2.74879E-07    4.89108E-04   -1.88818E-04    9.92661E-01    9.85331E-01    9.85376E-01
    1.07413E+03    1.03054E+00    4.40046E-03    2.87869E+03    2.69670E-07    4.84609E-04   -1.86612E-04    9.92630E-01    9.85268E-01    9.85331E-01
    1.08943E+03    1.03500E+00    4.45890E-03    2.91889E+03    2.65747E-07    4.81368E-04   -1.84479E-04    9.92583E-01    9.85169E-01    9.85268E-01
    1.10494E+03    1.03956E+00    4.56289E-03    2.95964E+03    2.64479E-07    4.80869E-04   -1.82330E-04    9.92499E-01    9.84991E-01    9.85169E-01
    1.12066E+03    1.04437E+00    4.80791E-03    3.00096E+03    2.71031E-07    4.88711E-04   -1.79423E-04    9.92303E-01    9.84567E-01    9.84991E-01
    1.13660E+03    1.04747E+00    3.10399E-03    3.08531E+03    1.70175E-07    4.07739E-04   -6.26410E-05    9.93946E-01    9.87402E-01    9.91322E-01
    1.15276E+03    1.05107E+00    3.60446E-03    3.12836E+03    1.92192E-07    4.15567E-04   -1.39627E-04    9.93331E-01    9.86570E-01    9.87402E-01
    1.16914E+03    1.05488E+00    3.80440E-03    3.17200E+03    1.97287E-07    4.17090E-04   -1.52721E-04    9.93145E-01    9.86266E-01    9.86570E-01
    1.18574E+03    1.05878E+00    3.89887E-03    3.21625E+03    1.96641E-07    4.15208E-04   -1.55703E-04    9.93061E-01    9.86119E-01    9.86266E-01
    1.20258E+03    1.06273E+00    3.95172E-03    3.26111E+03    1.93841E-07    4.11755E-04   -1.55881E-04    9.93016E-01    9.86036E-01    9.86119E-01
    1.21965E+03    1.06671E+00    3.98444E-03    3.30659E+03    1.90088E-07    4.07510E-04   -1.54993E-04    9.92988E-01    9.85985E-01    9.86036E-01
    1.23696E+03    1.07072E+00    4.00594E-03    3.35269E+03    1.85874E-07    4.02835E-04   -1.53617E-04    9.92971E-01    9.85952E-01    9.85985E-01
    1.25450E+03    1.07474E+00    4.02052E-03    3.39943E+03    1.81439E-07    3.97918E-04   -1.51987E-04    9.92959E-01    9.85931E-01    9.85952E-01
    1.27228E+03    1.07877E+00    4.03052E-03    3.44682E+03    1.76906E-07    3.92862E-04   -1.50218E-04    9.92952E-01    9.85917E-01    9.85931E-01
    1.29032E+03    1.08281E+00    4.03729E-03    3.49486E+03    1.72348E-07    3.87730E-04   -1.48369E-04    9.92947E-01    9.85908E-01    9.85917E-01
    1.30860E+03    1.08685E+00    4.04169E-03    3.54356E+03    1.67810E-07    3.82564E-04   -1.46474E-04    9.92945E-01    9.85904E-01    9.85908E-01
    1.32713E+03    1.09089E+00    4.04428E-03    3.59293E+03    1.63319E-07    3.77389E-04   -1.44555E-04    9.92944E-01    9.85902E-01    9.85904E-01
    1.34592E+03    1.09494E+00    4.04544E-03    3.64299E+03    1.58893E-07    3.72224E-04   -1.42624E-04    9.92944E-01    9.85903E-01    9.85902E-01
    1.36496E+03    1.09898E+00    4.04546E-03    3.69374E+03    1.54543E-07    3.67082E-04   -1.40692E-04    9.92945E-01    9.85906E-01    9.85903E-01
    1.38427E+03    1.10303E+00    4.04454E-03    3.74518E+03    1.50279E-07    3.61972E-04   -1.38764E-04    9.92947E-01    9.85910E-01    9.85906E-01
    1.40385E+03    1.10707E+00    4.04285E-03    3.79734E+03    1.46106E-07    3.56902E-04   -1.36845E-04    9.92950E-01    9.85915E-01    9.85910E-01
    1.42370E+03    1.11111E+00    4.04054E-03    3.85022E+03    1.42026E-07    3.51878E-04   -1.34938E-04    9.92953E-01    9.85922E-01    9.85915E-01
    1.44382E+03    1.11515E+00    4.03772E-03    3.90382E+03    1.38044E-07    3.46905E-04   -1.33047E-04    9.92957E-01    9.85929E-01    9.85922E-01
    1.46421E+03    1.11918E+00    4.03450E-03    3.95817E+03    1.34161E-07    3.41987E-04   -1.31173E-04    9.92961E-01    9.85937E-01    9.85929E-01
    1.48489E+03    1.12322E+00    4.03101E-03    4.01327E+03    1.30379E-07    3.37129E-04   -1.29317E-04    9.92965E-01    9.85946E-01    9.85937E-01
    1.50586E+03    1.12724E+00    4.02737E-03    4.06912E+03    1.26699E-07    3.32336E-04   -1.27483E-04    9.92970E-01    9.85954E-01    9.85946E-01
    1.52711E+03    1.13127E+00    4.02373E-03    4.12575E+03    1.23124E-07    3.27614E-04   -1.25670E-04    9.92974E-01    9.85963E-01    9.85954E-01
    1.54866E+03    1.13529E+00    4.02028E-03    4.18316E+03    1.19656E-07    3.22969E-04   -1.23881E-04    9.92978E-01    9.85971E-01    9.85963E-01
    1.57051E+03    1.13930E+00    4.01727E-03    4.24136E+03    1.16298E-07    3.18410E-04   -1.22118E-04    9.92982E-01    9.85978E-01    9.85971E-01
    1.59265E+03    1.14332E+00    4.01503E-03    4.30037E+03    1.13057E-07    3.13950E-04   -1.20382E-04    9.92985E-01    9.85984E-01    9.85978E-01
    1.61511E+03    1.14733E+00    4.01406E-03    4.36018E+03    1.09941E-07    3.09607E-04   -1.18677E-04    9.92987E-01    9.85988E-01    9.85984E-01
    1.63787E+03    1.15135E+00    4.01512E-03    4.42083E+03    1.06965E-07    3.05410E-04   -1.17006E-04    9.92987E-01    9.85987E-01    9.85988E-01
    1.66094E+03    1.15537E+00    4.01940E-03    4.48231E+03    1.04154E-07    3.01403E-04   -1.15372E-04    9.92984E-01    9.85981E-01    9.85987E-01
    1.68434E+03    1.15940E+00    4.02900E-03    4.54464E+03    1.01552E-07    2.97666E-04   -1.13783E-04    9.92977E-01    9.85965E-01    9.85981E-01
    1.70806E+03    1.16345E+00    4.04787E-03    4.60783E+03    9.92412E-08    2.94351E-04   -1.12243E-04    9.92961E-01    9.85932E-01    9.85965E-01
    1.73210E+03    1.16753E+00    4.08457E-03    4.67189E+03    9.74065E-08    2.91789E-04   -1.10750E-04    9.92930E-01    9.85866E-01    9.85932E-01
    1.75648E+03    1.17169E+00    4.16158E-03    4.73684E+03    9.65335E-08    2.90857E-04   -1.09252E-04    9.92865E-01    9.85726E-01    9.85866E-01
    1.78119E+03    1.17605E+00    4.36376E-03    4.80268E+03    9.84602E-08    2.94864E-04   -1.07309E-04    9.92696E-01    9.85359E-01    9.85726E-01
    1.80624E+03    1.17886E+00    2.80334E-03    4.93710E+03    6.15259E-08    2.45262E-04   -3.70476E-05    9.94266E-01    9.88079E-01    9.91793E-01
    1.83164E+03    1.18210E+00    3.24033E-03    5.00571E+03    6.91757E-08    2.49549E-04   -8.30728E-05    9.93701E-01    9.87319E-01    9.88079E-01
    1.85739E+03    1.18550E+00    3.40418E-03    5.07526E+03    7.06906E-08    2.49937E-04   -9.06758E-05    9.93540E-01    9.87060E-01    9.87319E-01
    1.88350E+03    1.18898E+00    3.47252E-03    5.14577E+03    7.01424E-08    2.48260E-04   -9.22454E-05    9.93476E-01    9.86950E-01    9.87060E-01
    1.90996E+03    1.19248E+00    3.50299E-03    5.21725E+03    6.88276E-08    2.45634E-04   -9.21484E-05    9.93448E-01    9.86902E-01    9.86950E-01
    1.93680E+03    1.19599E+00    3.51491E-03    5.28973E+03    6.71780E-08    2.42529E-04   -9.14194E-05    9.93438E-01    9.86886E-01    9.86902E-01
    1.96400E+03    1.19951E+00    3.51628E-03    5.36320E+03    6.53713E-08    2.39163E-04   -9.04001E-05    9.93437E-01    9.86887E-01    9.86886E-01
    1.99157E+03    1.20302E+00    3.51094E-03    5.43768E+03    6.34921E-08    2.35648E-04   -8.92305E-05    9.93443E-01    9.86900E-01    9.86887E-01
    2.01953E+03    1.20652E+00    3.50096E-03    5.51320E+03    6.15853E-08    2.32046E-04   -8.79772E-05    9.93453E-01    9.86921E-01    9.86900E-01
    2.04787E+03    1.21001E+00    3.48754E-03    5.58975E+03    5.96764E-08    2.28394E-04   -8.66754E-05    9.93466E-01    9.86949E-01    9.86921E-01
    2.07661E+03    1.21348E+00    3.47139E-03    5.66736E+03    5.77809E-08    2.24716E-04   -8.53451E-05    9.93482E-01    9.86981E-01    9.86949E-01
    2.10574E+03    1.21693E+00    3.45301E-03    5.74605E+03    5.59082E-08    2.21026E-04   -8.39985E-05    9.93500E-01    9.87018E-01    9.86981E-01
    2.13527E+03    1.22037E+00    3.43269E-03    5.82582E+03    5.40644E-08    2.17335E-04   -8.26435E-05    9.93520E-01    9.87058E-01    9.87018E-01
    2.16521E+03    1.22378E+00    3.41065E-03    5.90669E+03    5.22534E-08    2.13650E-04   -8.12852E-05    9.93542E-01    9.87101E-01    9.87058E-01
    2.19557E+03    1.22716E+00    3.38704E-03    5.98867E+03    5.04777E-08    2.09975E-04   -7.99269E-05    9.93565E-01    9.87148E-01    9.87101E-01
    2.22634E+03    1.23053E+00    3.36195E-03    6.07179E+03    4.87387E-08    2.06313E-04   -7.85710E-05    9.93589E-01    9.87197E-01    9.87148E-01
    2.25753E+03    1.23386E+00    3.33545E-03    6.15605E+03    4.70372E-08    2.02668E-04   -7.72193E-05    9.93615E-01    9.87250E-01    9.87197E-01
    2.28916E+03    1.23717E+00    3.30759E-03    6.24148E+03    4.53737E-08    1.99040E-04   -7.58728E-05    9.93643E-01    9.87305E-01    9.87250E-01
    2.32123E+03    1.24045E+00    3.27840E-03    6.32809E+03    4.37483E-08    1.95431E-04   -7.45322E-05    9.93672E-01    9.87362E-01    9.87305E-01
    2.35373E+03    1.24370E+00    3.24788E-03    6.41589E+03    4.21607E-08    1.91840E-04   -7.31982E-05    9.93702E-01    9.87423E-01    9.87362E-01
    2.38669E+03    1.24691E+00    3.21605E-03    6.50490E+03    4.06106E-08    1.88269E-04   -7.18711E-05    9.93733E-01    9.87486E-01    9.87423E-01
    2.42010E+03    1.25009E+00    3.18289E-03    6.59514E+03    3.90975E-08    1.84716E-04   -7.05509E-05    9.93766E-01    9.87553E-01    9.87486E-01
    2.45397E+03    1.25324E+00    3.14840E-03    6.68663E+03    3.76209E-08    1.81182E-04   -6.92379E-05    9.93801E-01    9.87622E-01    9.87553E-01
    2.48831E+03    1.25635E+00    3.11257E-03    6.77938E+03    3.61801E-08    1.77667E-04   -6.79318E-05    9.93837E-01    9.87694E-01    9.87622E-01
    2.52312E+03    1.25943E+00    3.07536E-03    6.87341E+03    3.47745E-08    1.74168E-04   -6.66326E-05    9.93874E-01    9.87770E-01    9.87694E-01
    2.55841E+03    1.26247E+00    3.03676E-03    6.96873E+03    3.34034E-08    1.70687E-04   -6.53402E-05    9.93914E-01    9.87848E-01    9.87770E-01
    2.59419E+03    1.26546E+00    2.99673E-03    7.06538E+03    3.20660E-08    1.67222E-04   -6.40543E-05    9.93954E-01    9.87930E-01    9.87848E-01
    2.63046E+03    1.26842E+00    2.95526E-03    7.16335E+03    3.07616E-08    1.63771E-04   -6.27746E-05    9.93997E-01    9.88016E-01    9.87930E-01
    2.66724E+03    1.27133E+00    2.91229E-03    7.26268E+03    2.94895E-08    1.60334E-04   -6.15008E-05    9.94041E-01    9.88105E-01    9.88016E-01
    2.70452E+03    1.27420E+00    2.86780E-03    7.36338E+03    2.82489E-08    1.56911E-04   -6.02325E-05    9.94088E-01    9.88198E-01    9.88105E-01
    2.74232E+03    1.27702E+00    2.82176E-03    7.46547E+03    2.70390E-08    1.53498E-04   -5.89693E-05    9.94136E-01    9.88294E-01    9.88198E-01
    2.78063E+03    1.27979E+00    2.77411E-03    7.56896E+03    2.58593E-08    1.50096E-04   -5.77109E-05    9.94186E-01    9.88395E-01    9.88294E-01
    2.81948E+03    1.28252E+00    2.72481E-03    7.67389E+03    2.47088E-08    1.46702E-04   -5.64567E-05    9.94238E-01    9.88500E-01    9.88395E-01
    2.85886E+03    1.28519E+00    2.67383E-03    7.78026E+03    2.35870E-08    1.43315E-04   -5.52063E-05    9.94293E-01    9.88610E-01    9.88500E-01
    2.89879E+03    1.28781E+00    2.62112E-03    7.88810E+03    2.24932E-08    1.39934E-04   -5.39590E-05    9.94350E-01    9.88725E-01    9.88610E-01
    2.93926E+03    1.29038E+00    2.56663E-03    7.99743E+03    2.14266E-08    1.36557E-04   -5.27145E-05    9.94410E-01    9.88844E-01    9.88725E-01
    2.98030E+03    1.29289E+00    2.51032E-03    8.10827E+03    2.03866E-08    1.33181E-04   -5.14719E-05    9.94472E-01    9.88969E-01    9.88844E-01
    3.02190E+03    1.29534E+00    2.45214E-03    8.22064E+03    1.93726E-08    1.29806E-04   -5.02308E-05    9.94537E-01    9.89099E-01    9.88969E-01
    3.06408E+03    1.29774E+00    2.39204E-03    8.33456E+03    1.83840E-08    1.26428E-04   -4.89905E-05    9.94604E-01    9.89236E-01    9.89099E-01
    3.10683E+03    1.30007E+00    2.32998E-03    8.45005E+03    1.74202E-08    1.23045E-04   -4.77501E-05    9.94675E-01    9.89378E-01    9.89236E-01
    3.15018E+03    1.30233E+00    2.26590E-03    8.56713E+03    1.64806E-08    1.19656E-04   -4.65090E-05    9.94749E-01    9.89527E-01    9.89378E-01
    3.19413E+03    1.30453E+00    2.19977E-03    8.68583E+03    1.55647E-08    1.16257E-04   -4.52663E-05    9.94827E-01    9.89683E-01    9.89527E-01
    3.23868E+03    1.30666E+00    2.13154E-03    8.80617E+03    1.46720E-08    1.12845E-04   -4.40211E-05    9.94908E-01    9.89846E-01    9.89683E-01
    3.28385E+03    1.30872E+00    2.06118E-03    8.92817E+03    1.38020E-08    1.09419E-04   -4.27725E-05    9.94993E-01    9.90017E-01    9.89846E-01
    3.32964E+03    1.31071E+00    1.98863E-03    9.05185E+03    1.29543E-08    1.05974E-04   -4.15195E-05    9.95083E-01    9.90197E-01    9.90017E-01
    3.37606E+03    1.31263E+00    1.91387E-03    9.17724E+03    1.21285E-08    1.02506E-04   -4.02610E-05    9.95176E-01    9.90385E-01    9.90197E-01
    3.42312E+03    1.31446E+00    1.83687E-03    9.30436E+03    1.13242E-08    9.90129E-05   -3.89957E-05    9.95275E-01    9.90583E-01    9.90385E-01
    3.47084E+03    1.31622E+00    1.75761E-03    9.43323E+03    1.05411E-08    9.54891E-05   -3.77224E-05    9.95378E-01    9.90791E-01    9.90583E-01
    3.51921E+03    1.31790E+00    1.67607E-03    9.56388E+03    9.77902E-09    9.19302E-05   -3.64397E-05    9.95487E-01    9.91010E-01    9.90791E-01
    3.56825E+03    1.31949E+00    1.59226E-03    9.69634E+03    9.03762E-09    8.83310E-05   -3.51461E-05    9.95602E-01    9.91241E-01    9.91010E-01
    3.61796E+03    1.32100E+00    1.50618E-03    9.83062E+03    8.31680E-09    8.46857E-05   -3.38398E-05    9.95723E-01    9.91484E-01    9.91241E-01
    3.66836E+03    1.32241E+00    1.41786E-03    9.96676E+03    7.61646E-09    8.09876E-05   -3.25189E-05    9.95851E-01    9.91741E-01    9.91484E-01
    3.71946E+03    1.32374E+00    1.32736E-03    1.01048E+04    6.93662E-09    7.72292E-05   -3.11813E-05    9.95986E-01    9.92012E-01    9.91741E-01
    3.77126E+03    1.32498E+00    1.23475E-03    1.02447E+04    6.27737E-09    7.34020E-05   -2.98247E-05    9.96129E-01    9.92300E-01    9.92012E-01
    3.82378E+03    1.32612E+00    1.14013E-03    1.03865E+04    5.63892E-09    6.94962E-05   -2.84464E-05    9.96280E-01    9.92606E-01    9.92300E-01
    3.87702E+03    1.32716E+00    1.04367E-03    1.05303E+04    5.02166E-09    6.55006E-05   -2.70433E-05    9.96442E-01    9.92930E-01    9.92606E-01
    3.93100E+03    1.32811E+00    9.45591E-04    1.06761E+04    4.42619E-09    6.14022E-05   -2.56118E-05    9.96614E-01    9.93277E-01    9.92930E-01
    3.98572E+03    1.32895E+00    8.46210E-04    1.08239E+04    3.85344E-09    5.71868E-05   -2.41479E-05    9.96797E-01    9.93646E-01    9.93277E-01
    4.04120E+03    1.32970E+00    7.46012E-04    1.09738E+04    3.30492E-09    5.28401E-05   -2.26462E-05    9.96994E-01    9.94042E-01    9.93646E-01
    4.09744E+03    1.33034E+00    6.45807E-04    1.11257E+04    2.78332E-09    4.83541E-05   -2.10998E-05    9.97204E-01    9.94466E-01    9.94042E-01
    4.15446E+03    1.33089E+00    5.47251E-04    1.12797E+04    2.29453E-09    4.37545E-05   -1.94953E-05    9.97427E-01    9.94915E-01    9.94466E-01
    4.21226E+03    1.33135E+00    4.55466E-04    1.14358E+04    1.85784E-09    3.92638E-05   -1.77819E-05    9.97654E-01    9.95369E-01    9.94915E-01
    4.27086E+03    1.33149E+00    1.47733E-04    1.17546E+04    5.86243E-10    2.35106E-05   -5.78762E-06    9.98668E-01    9.97281E-01    9.97752E-01
    4.33028E+03    1.33160E+00    1.09049E-04    1.19173E+04    4.20989E-10    1.80045E-05   -9.84003E-06    9.98860E-01    9.97783E-01    9.97281E-01
    4.39051E+03    1.33165E+00    5.09567E-05    1.20822E+04    1.91381E-10    1.04191E-05   -9.10073E-06    9.99263E-01    9.98631E-01    9.97783E-01
    4.45157E+03    1.33171E+00    5.85176E-05    1.20822E+04    2.13812E-10    9.08074E-06   -1.14609E-05    9.98631E-01    9.98073E-01    9.96767E-01
    4.51347E+03    1.33179E+00    7.29764E-05    1.20822E+04    2.59405E-10    8.09821E-06   -1.39221E-05    9.98073E-01    9.97568E-01    9.95808E-01
    4.57623E+03    1.33188E+00    9.32965E-05    1.20822E+04    3.22635E-10    7.34718E-06   -1.63907E-05    9.97568E-01    9.97104E-01    9.94902E-01
    4.63986E+03    1.33200E+00    1.18788E-04    1.20822E+04    3.99642E-10    6.75074E-06   -1.88167E-05    9.97104E-01    9.96672E-01    9.94043E-01
    4.70436E+03    1.33215E+00    1.48973E-04    1.20822E+04    4.87593E-10    6.26081E-06   -2.11753E-05    9.96672E-01    9.96265E-01    9.93227E-01
    4.76976E+03    1.33233E+00    1.83520E-04    1.20822E+04    5.84367E-10    5.84690E-06   -2.34559E-05    9.96265E-01    9.95880E-01    9.92449E-01
    4.83605E+03    1.33255E+00    2.22205E-04    1.20822E+04    6.88350E-10    5.48924E-06   -2.56558E-05    9.95880E-01    9.95514E-01    9.91706E-01
    4.90326E+03    1.33282E+00    2.64884E-04    1.20822E+04    7.98296E-10    5.17472E-06   -2.77762E-05    9.95514E-01    9.95164E-01    9.90995E-01
    4.97140E+03    1.33313E+00    3.11473E-04    1.20822E+04    9.13234E-10    4.89438E-06   -2.98208E-05    9.95164E-01    9.94828E-01    9.90312E-01
    5.04048E+03    1.33349E+00    3.61933E-04    1.20822E+04    1.03239E-09    4.64187E-06   -3.17938E-05    9.94828E-01    9.94505E-01    9.89655E-01
    5.11051E+03    1.33391E+00    4.16261E-04    1.20822E+04    1.15515E-09    4.41256E-06   -3.36998E-05    9.94505E-01    9.94194E-01    9.89022E-01
    5.18151E+03    1.33438E+00    4.74483E-04    1.20822E+04    1.28100E-09    4.20297E-06   -3.55434E-05    9.94194E-01    9.93893E-01    9.88411E-01
    5.25349E+03    1.33492E+00    5.36644E-04    1.20822E+04    1.40952E-09    4.01039E-06   -3.73287E-05    9.93893E-01    9.93603E-01    9.87820E-01
    5.32646E+03    1.33552E+00    6.02808E-04    1.20822E+04    1.54035E-09    3.83266E-06   -3.90597E-05    9.93603E-01    9.93321E-01    9.87248E-01
    5.40044E+03    1.33619E+00    6.73057E-04    1.20822E+04    1.67321E-09    3.66803E-06   -4.07401E-05    9.93321E-01    9.93048E-01    9.86693E-01
    5.47544E+03    1.33694E+00    7.47484E-04    1.20822E+04    1.80783E-09    3.51504E-06   -4.23731E-05    9.93048E-01    9.92782E-01    9.86154E-01
    5.55147E+03    1.33777E+00    8.26195E-04    1.20822E+04    1.94400E-09    3.37249E-06   -4.39617E-05    9.92782E-01    9.92524E-01    9.85630E-01
    5.62856E+03    1.33868E+00    9.09309E-04    1.20822E+04    2.08154E-09    3.23933E-06   -4.55087E-05    9.92524E-01    9.92273E-01    9.85121E-01
    5.70671E+03    1.33967E+00    9.96953E-04    1.20822E+04    2.22028E-09    3.11469E-06   -4.70168E-05    9.92273E-01    9.92028E-01    9.84624E-01
    5.78593E+03    1.34076E+00    1.08927E-03    1.20822E+04    2.36008E-09    2.99780E-06   -4.84881E-05    9.92028E-01    9.91789E-01    9.84139E-01
    5.86625E+03    1.34195E+00    1.18640E-03    1.20822E+04    2.50083E-09    2.88801E-06   -4.99248E-05    9.91789E-01    9.91555E-01    9.83666E-01
    5.94768E+03    1.34324E+00    1.28851E-03    1.20822E+04    2.64243E-09    2.78474E-06   -5.13291E-05    9.91555E-01    9.91327E-01    9.83204E-01
    6.03023E+03    1.34463E+00    1.39578E-03    1.20822E+04    2.78479E-09    2.68750E-06   -5.27026E-05    9.91327E-01    9.91103E-01    9.82753E-01
    6.11392E+03    1.34614E+00    1.50838E-03    1.20822E+04    2.92783E-09    2.59583E-06   -5.40472E-05    9.91103E-01    9.90885E-01    9.82311E-01
    6.19877E+03    1.34777E+00    1.62650E-03    1.20822E+04    3.07152E-09    2.50936E-06   -5.53644E-05    9.90885E-01    9.90670E-01    9.81878E-01
    6.28478E+03    1.34952E+00    1.75036E-03    1.20822E+04    3.21579E-09    2.42774E-06   -5.66560E-05    9.90670E-01    9.90460E-01    9.81453E-01
    6.37199E+03    1.35140E+00    1.88016E-03    1.20822E+04    3.36062E-09    2.35067E-06   -5.79232E-05    9.90460E-01    9.90254E-01    9.81037E-01
    6.46039E+03    1.35341E+00    2.01615E-03    1.20822E+04    3.50599E-09    2.27789E-06   -5.91676E-05    9.90254E-01    9.90051E-01    9.80628E-01
    6.55002E+03    1.35557E+00    2.15856E-03    1.20822E+04    3.65189E-09    2.20915E-06   -6.03904E-05    9.90051E-01    9.89851E-01    9.80226E-01
    6.64089E+03    1.35788E+00    2.30767E-03    1.20822E+04    3.79831E-09    2.14424E-06   -6.15931E-05    9.89851E-01    9.89655E-01    9.79831E-01
    6.73300E+03    1.36034E+00    2.46374E-03    1.20822E+04    3.94527E-09    2.08299E-06   -6.27768E-05    9.89655E-01    9.89462E-01    9.79442E-01
    6.82639E+03    1.36297E+00    2.62707E-03    1.20822E+04    4.09279E-09    2.02523E-06   -6.39428E-05    9.89462E-01    9.89272E-01    9.79059E-01
    6.92107E+03    1.36577E+00    2.79798E-03    1.20822E+04    4.24090E-09    1.97081E-06   -6.50924E-05    9.89272E-01    9.89084E-01    9.78682E-01
    7.01705E+03    1.36875E+00    2.97681E-03    1.20822E+04    4.38966E-09    1.91962E-06   -6.62267E-05    9.89084E-01    9.88898E-01    9.78310E-01
    7.11436E+03    1.37191E+00    3.16392E-03    1.20822E+04    4.53911E-09    1.87153E-06   -6.73469E-05    9.88898E-01    9.88715E-01    9.77942E-01
    7.21301E+03    1.37527E+00    3.35968E-03    1.20822E+04    4.68933E-09    1.82647E-06   -6.84543E-05    9.88715E-01    9.88534E-01    9.77578E-01
    7.31303E+03    1.37883E+00    3.56452E-03    1.20822E+04    4.84040E-09    1.78435E-06   -6.95501E-05    9.88534E-01    9.88354E-01    9.77219E-01
    7.41442E+03    1.38261E+00    3.77888E-03    1.20822E+04    4.99241E-09    1.74510E-06   -7.06355E-05    9.88354E-01    9.88176E-01    9.76862E-01
    7.51721E+03    1.38662E+00    4.00323E-03    1.20822E+04    5.14549E-09    1.70868E-06   -7.17117E-05    9.88176E-01    9.87999E-01    9.76509E-01
    7.62143E+03    1.39086E+00    4.23810E-03    1.20822E+04    5.29975E-09    1.67505E-06   -7.27801E-05    9.87999E-01    9.87823E-01    9.76158E-01
    7.72707E+03    1.39534E+00    4.48404E-03    1.20822E+04    5.45534E-09    1.64419E-06   -7.38420E-05    9.87823E-01    9.87648E-01    9.75810E-01
    7.83418E+03    1.40008E+00    4.74164E-03    1.20822E+04    5.61243E-09    1.61608E-06   -7.48987E-05    9.87648E-01    9.87474E-01    9.75463E-01
    7.94277E+03    1.40509E+00    5.01158E-03    1.20822E+04    5.77120E-09    1.59073E-06   -7.59518E-05    9.87474E-01    9.87300E-01    9.75118E-01
    8.05285E+03    1.41039E+00    5.29455E-03    1.20822E+04    5.93186E-09    1.56816E-06   -7.70026E-05    9.87300E-01    9.87126E-01    9.74773E-01
    8.16445E+03    1.41598E+00    5.59134E-03    1.20822E+04    6.09464E-09    1.54839E-06   -7.80528E-05    9.87126E-01    9.86952E-01    9.74428E-01
    8.27760E+03    1.42188E+00    5.90280E-03    1.20822E+04    6.25980E-09    1.53147E-06   -7.91040E-05    9.86952E-01    9.86778E-01    9.74083E-01
    8.39230E+03    1.42811E+00    6.22985E-03    1.20822E+04    6.42763E-09    1.51747E-06   -8.01581E-05    9.86778E-01    9.86602E-01    9.73737E-01
    8.50859E+03    1.43468E+00    6.57352E-03    1.20822E+04    6.59846E-09    1.50647E-06   -8.12169E-05    9.86602E-01    9.86426E-01    9.73390E-01
    8.62648E+03    1.44162E+00    6.93495E-03    1.20822E+04    6.77266E-09    1.49857E-06   -8.22825E-05    9.86426E-01    9.86248E-01    9.73040E-01
    8.74600E+03    1.44893E+00    7.31537E-03    1.20822E+04    6.95063E-09    1.49390E-06   -8.33570E-05    9.86248E-01    9.86068E-01    9.72687E-01
    8.86717E+03    1.45665E+00    7.71617E-03    1.20822E+04    7.13283E-09    1.49261E-06   -8.44429E-05    9.86068E-01    9.85886E-01    9.72331E-01
    8.99001E+03    1.46479E+00    8.13889E-03    1.20822E+04    7.31978E-09    1.49489E-06   -8.55426E-05    9.85886E-01    9.85701E-01    9.71970E-01
    9.11454E+03    1.47337E+00    8.58526E-03    1.20822E+04    7.51205E-09    1.50095E-06   -8.66591E-05    9.85701E-01    9.85513E-01    9.71603E-01
    9.24080E+03    1.48243E+00    9.05719E-03    1.20822E+04    7.71032E-09    1.51104E-06   -8.77954E-05    9.85513E-01    9.85321E-01    9.71230E-01
    9.36879E+03    1.49199E+00    9.55686E-03    1.20822E+04    7.91530E-09    1.52546E-06   -8.89549E-05    9.85321E-01    9.85125E-01    9.70849E-01
    9.49856E+03    1.50208E+00    1.00867E-02    1.20822E+04    8.12785E-09    1.54458E-06   -9.01414E-05    9.85125E-01    9.84923E-01    9.70460E-01
    9.63011E+03    1.51273E+00    1.06495E-02    1.20822E+04    8.34893E-09    1.56882E-06   -9.13590E-05    9.84923E-01    9.84715E-01    9.70060E-01
    9.76348E+03    1.52397E+00    1.12485E-02    1.20822E+04    8.57962E-09    1.59867E-06   -9.26125E-05    9.84715E-01    9.84500E-01    9.69648E-01
    9.89869E+03    1.53586E+00    1.18872E-02    1.20822E+04    8.82120E-09    1.63472E-06   -9.39070E-05    9.84500E-01    9.84278E-01    9.69223E-01
    1.00358E+04    1.54843E+00    1.25698E-02    1.20822E+04    9.07509E-09    1.67768E-06   -9.52485E-05    9.84278E-01    9.84046E-01    9.68782E-01
    1.01747E+04    1.56173E+00    1.33011E-02    1.20822E+04    9.34300E-09    1.72840E-06   -9.66437E-05    9.84046E-01    9.83804E-01    9.68324E-01
    1.03156E+04    1.57582E+00    1.40867E-02    1.20822E+04    9.62687E-09    1.78790E-06   -9.81003E-05    9.83804E-01    9.83551E-01    9.67845E-01
    1.04584E+04    1.59075E+00    1.49333E-02    1.20822E+04    9.92900E-09    1.85742E-06   -9.96271E-05    9.83551E-01    9.83284E-01    9.67343E-01
    1.06032E+04    1.60660E+00    1.58484E-02    1.20822E+04    1.02521E-08    1.93847E-06   -1.01234E-04    9.83284E-01    9.83001E-01    9.66814E-01
    1.07500E+04    1.62344E+00    1.68414E-02    1.20822E+04    1.05994E-08    2.03291E-06   -1.02933E-04    9.83001E-01    9.82701E-01    9.66255E-01
    1.08989E+04    1.64136E+00    1.79232E-02    1.20822E+04    1.09747E-08    2.14306E-06   -1.04738E-04    9.82701E-01    9.82379E-01    9.65661E-01
    1.10497E+04    1.66047E+00    1.91070E-02    1.20822E+04    1.13828E-08    2.27185E-06   -1.06666E-04    9.82379E-01    9.82034E-01    9.65026E-01
    1.12027E+04    1.68088E+00    2.04091E-02    1.20822E+04    1.18292E-08    2.42299E-06   -1.08735E-04    9.82034E-01    9.81661E-01    9.64345E-01
    1.13578E+04    1.70273E+00    2.18494E-02    1.20822E+04    1.23211E-08    2.60127E-06   -1.10970E-04    9.81661E-01    9.81255E-01    9.63608E-01
    1.15150E+04    1.72618E+00    2.34528E-02    1.20822E+04    1.28671E-08    2.81299E-06   -1.13399E-04    9.81255E-01    9.80810E-01    9.62807E-01
    1.16744E+04    1.75143E+00    2.52508E-02    1.20822E+04    1.34785E-08    3.06654E-06   -1.16056E-04    9.80810E-01    9.80318E-01    9.61929E-01
    1.18359E+04    1.77872E+00    2.72839E-02    1.20822E+04    1.41694E-08    3.37334E-06   -1.18987E-04    9.80318E-01    9.79769E-01    9.60960E-01
    1.19998E+04    1.80832E+00    2.96049E-02    1.20822E+04    1.49584E-08    3.74933E-06   -1.22247E-04    9.79769E-01    9.79150E-01    9.59881E-01
    1.21658E+04    1.84061E+00    3.22842E-02    1.20822E+04    1.58705E-08    4.21736E-06   -1.25908E-04    9.79150E-01    9.78445E-01    9.58667E-01
    1.23342E+04    1.87602E+00    3.54178E-02    1.20822E+04    1.69395E-08    4.81132E-06   -1.30063E-04    9.78445E-01    9.77630E-01    9.57286E-01
    1.25049E+04    1.91516E+00    3.91403E-02    1.20822E+04    1.82131E-08    5.58344E-06   -1.34840E-04    9.77630E-01    9.76670E-01    9.55693E-01
    1.26779E+04    1.95881E+00    4.36460E-02    1.20822E+04    1.97598E-08    6.61834E-06   -1.40414E-04    9.76670E-01    9.75517E-01    9.53827E-01
    1.28533E+04    2.00804E+00    4.92263E-02    1.20822E+04    2.16828E-08    8.06169E-06   -1.47030E-04    9.75517E-01    9.74093E-01    9.51597E-01
    1.30312E+04    2.06438E+00    5.63381E-02    1.20822E+04    2.41434E-08    1.01844E-05   -1.55047E-04    9.74093E-01    9.72269E-01    9.48869E-01
    1.32115E+04    2.13011E+00    6.57359E-02    1.20822E+04    2.74081E-08    1.35427E-05   -1.64999E-04    9.72269E-01    9.69811E-01    9.45426E-01
    1.33943E+04    2.20886E+00    7.87490E-02    1.20822E+04    3.19449E-08    1.94300E-05   -1.77672E-04    9.69811E-01    9.66235E-01    9.40906E-01
    1.35796E+04    2.30681E+00    9.79508E-02    1.20822E+04    3.86585E-08    3.13422E-05   -1.94103E-04    9.66235E-01    9.60387E-01    9.34657E-01
    1.37675E+04    2.43646E+00    1.29646E-01    1.20822E+04    4.97826E-08    6.04513E-05   -2.14775E-04    9.60387E-01    9.48952E-01    9.25446E-01
    1.39579E+04    2.64206E+00    2.05607E-01    1.20822E+04    7.68134E-08    1.48984E-04   -2.33703E-04    9.48952E-01    9.20381E-01    9.10931E-01
    1.41510E+04    2.93949E+00    2.97424E-01    1.22494E+04    1.08107E-07    2.33990E-04   -2.30989E-04    9.58479E-01    9.12987E-01    9.20381E-01
    1.43468E+04    3.23399E+00    2.94506E-01    1.25908E+04    1.04149E-07    2.95428E-04   -1.29889E-04    9.62290E-01    9.04061E-01    9.40272E-01
