 # rho, F_z,dF_z, z(rho), E2 (=>sigma2=e0^2*E2), Er, Ez, Ui,j , Ui+1,j , Ui,j-1
    2.50000E-01    2.73916E-01    2.73916E-01    0.00000E+00    2.19133E+00   -3.78323E-01    1.43115E+00    1.90474E+00    2.09390E+00    2.62032E+00
    7.40956E-01    7.90956E-01    5.17040E-01    5.00000E-01    1.44798E+00   -1.39657E-01    1.19519E+00    1.49630E+00    1.56361E+00    2.09390E+00
    1.22528E+00    1.60501E+00    8.14057E-01    5.00000E-01    1.36499E+00   -4.52853E-02    1.16745E+00    1.56361E+00    1.58565E+00    2.14733E+00
    1.71444E+00    2.77539E+00    1.17037E+00    5.00000E-01    1.38864E+00   -2.56493E-02    1.17813E+00    1.58565E+00    1.59826E+00    2.17471E+00
    2.20850E+00    4.33838E+00    1.56299E+00    5.00000E-01    1.42537E+00   -2.27367E-02    1.19367E+00    1.59826E+00    1.60955E+00    2.19509E+00
    2.70750E+00    6.33264E+00    1.99426E+00    5.00000E-01    1.46879E+00   -2.60061E-02    1.21166E+00    1.60955E+00    1.62259E+00    2.21538E+00
    3.21149E+00    8.80862E+00    2.47598E+00    5.00000E-01    1.52218E+00   -3.39571E-02    1.23330E+00    1.62259E+00    1.63979E+00    2.23924E+00
    3.72051E+00    1.18364E+01    3.02774E+00    5.00000E-01    1.59081E+00   -4.90112E-02    1.26032E+00    1.63979E+00    1.66486E+00    2.26995E+00
    4.23463E+00    1.55148E+01    3.67842E+00    5.00000E-01    1.68123E+00   -7.98016E-02    1.29417E+00    1.66486E+00    1.70609E+00    2.31194E+00
    4.75389E+00    1.99810E+01    4.46622E+00    5.00000E-01    1.80033E+00   -1.53812E-01    1.33292E+00    1.70609E+00    1.78636E+00    2.37255E+00
    5.27834E+00    2.54654E+01    5.48436E+00    5.00000E-01    1.97137E+00   -3.68082E-01    1.35495E+00    1.78636E+00    1.98036E+00    2.46383E+00
    5.80804E+00    3.00157E+01    4.55033E+00    9.81913E-01    1.47174E+00   -2.73036E-01    1.18203E+00    1.38935E+00    1.53469E+00    1.98036E+00
    6.34303E+00    3.49114E+01    4.89569E+00    9.81913E-01    1.43554E+00   -1.67341E-01    1.18639E+00    1.53469E+00    1.62466E+00    2.12789E+00
    6.88337E+00    4.09454E+01    6.03403E+00    9.81913E-01    1.61429E+00   -1.99135E-01    1.25484E+00    1.62466E+00    1.73280E+00    2.25208E+00
    7.42912E+00    4.86448E+01    7.69938E+00    9.81913E-01    1.88961E+00   -4.14979E-01    1.31050E+00    1.73280E+00    1.96040E+00    2.38805E+00
    7.98032E+00    5.49776E+01    6.33277E+00    1.46864E+00    1.43254E+00   -2.99501E-01    1.15881E+00    1.40195E+00    1.56786E+00    1.96040E+00
    8.53704E+00    6.20921E+01    7.11459E+00    1.46864E+00    1.48954E+00   -2.46801E-01    1.19525E+00    1.56786E+00    1.70594E+00    2.14387E+00
    9.09932E+00    7.13967E+01    9.30450E+00    1.46864E+00    1.80956E+00   -4.42770E-01    1.27024E+00    1.70594E+00    1.95614E+00    2.31809E+00
    9.66723E+00    7.90144E+01    7.61772E+00    1.96024E+00    1.38068E+00   -3.06961E-01    1.13422E+00    1.40408E+00    1.57928E+00    1.95614E+00
    1.02408E+01    8.78703E+01    8.85589E+00    1.96024E+00    1.50018E+00   -2.70574E-01    1.19456E+00    1.57928E+00    1.73525E+00    2.16071E+00
    1.08201E+01    9.99245E+01    1.20543E+01    1.96024E+00    1.91353E+00   -5.04321E-01    1.28809E+00    1.73525E+00    2.02886E+00    2.36220E+00
    1.14052E+01    1.10342E+02    1.04176E+01    2.45676E+00    1.55334E+00   -4.03560E-01    1.17919E+00    1.44918E+00    1.68648E+00    2.02886E+00
    1.19962E+01    1.23492E+02    1.31497E+01    2.45676E+00    1.84568E+00   -5.57024E-01    1.23911E+00    1.68648E+00    2.01730E+00    2.29563E+00
    1.25931E+01    1.34724E+02    1.12326E+01    2.95824E+00    1.48699E+00   -4.28835E-01    1.14153E+00    1.45051E+00    1.70775E+00    2.01730E+00
    1.31959E+01    1.49983E+02    1.52590E+01    2.95824E+00    1.90864E+00   -6.32833E-01    1.22807E+00    1.70775E+00    2.09114E+00    2.31750E+00
    1.38048E+01    1.64810E+02    1.48266E+01    3.46473E+00    1.75522E+00   -6.69413E-01    1.14329E+00    1.51781E+00    1.92742E+00    2.09114E+00
    1.44198E+01    1.75449E+02    1.06391E+01    3.97629E+00    1.19383E+00   -4.35062E-01    1.00227E+00    1.41978E+00    1.68865E+00    1.92742E+00
    1.50409E+01    1.91937E+02    1.64879E+01    3.97629E+00    1.75617E+00   -6.59670E-01    1.14935E+00    1.68865E+00    2.10042E+00    2.27079E+00
    1.56682E+01    2.09307E+02    1.73699E+01    4.49297E+00    1.75846E+00   -7.29108E-01    1.10764E+00    1.53380E+00    1.99346E+00    2.10042E+00
    1.63018E+01    2.23945E+02    1.46377E+01    5.01481E+00    1.41016E+00   -6.58343E-01    9.88306E-01    1.48282E+00    1.90202E+00    1.99346E+00
    1.69417E+01    2.35583E+02    1.16383E+01    5.54187E+00    1.06818E+00   -4.37831E-01    9.36206E-01    1.41347E+00    1.69504E+00    1.90202E+00
    1.75881E+01    2.54932E+02    1.93494E+01    5.54187E+00    1.69371E+00   -6.88570E-01    1.10435E+00    1.69504E+00    2.14230E+00    2.27134E+00
    1.82408E+01    2.76800E+02    2.18673E+01    6.07420E+00    1.82734E+00   -7.89084E-01    1.09758E+00    1.56381E+00    2.08148E+00    2.14230E+00
    1.89002E+01    2.97516E+02    2.07166E+01    6.61186E+00    1.65425E+00   -7.92787E-01    1.01279E+00    1.54234E+00    2.06764E+00    2.08148E+00
    1.95661E+01    3.18573E+02    2.10573E+01    7.15489E+00    1.60814E+00   -8.02950E-01    9.81538E-01    1.53992E+00    2.07727E+00    2.06764E+00
    2.02387E+01    3.41014E+02    2.24403E+01    7.70335E+00    1.64041E+00   -8.35831E-01    9.70462E-01    1.55028E+00    2.11524E+00    2.07727E+00
    2.09180E+01    3.67166E+02    2.61523E+01    8.25730E+00    1.83136E+00   -9.46235E-01    9.67470E-01    1.58462E+00    2.23059E+00    2.11524E+00
    2.16040E+01    3.81915E+02    1.47489E+01    9.38186E+00    9.90115E-01   -7.71581E-01    6.28313E-01    1.42951E+00    1.96152E+00    1.78105E+00
    2.22970E+01    4.02090E+02    2.01749E+01    9.95259E+00    1.29929E+00   -8.03957E-01    8.08047E-01    1.50491E+00    2.06479E+00    1.96152E+00
    2.29969E+01    4.28419E+02    2.63295E+01    1.05290E+01    1.62777E+00   -9.32940E-01    8.70282E-01    1.56809E+00    2.22429E+00    2.06479E+00
    2.37038E+01    4.45403E+02    1.69837E+01    1.16993E+01    1.00859E+00   -8.08214E-01    5.96137E-01    1.44454E+00    2.01869E+00    1.79161E+00
    2.44177E+01    4.71878E+02    2.64749E+01    1.22932E+01    1.51114E+00   -9.45318E-01    7.85822E-01    1.55661E+00    2.23488E+00    2.01869E+00
    2.51388E+01    4.93288E+02    2.14097E+01    1.34989E+01    1.17523E+00   -9.23349E-01    5.68025E-01    1.48078E+00    2.14991E+00    1.82151E+00
    2.58671E+01    5.13520E+02    2.02321E+01    1.47288E+01    1.06863E+00   -8.94760E-01    5.17720E-01    1.46208E+00    2.11698E+00    1.77888E+00
    2.66027E+01    5.33463E+02    1.99438E+01    1.59834E+01    1.01413E+00   -8.79235E-01    4.90999E-01    1.45548E+00    2.10545E+00    1.76196E+00
    2.73456E+01    5.53832E+02    2.03681E+01    1.72633E+01    9.97596E-01   -8.79416E-01    4.73522E-01    1.45700E+00    2.11361E+00    1.75852E+00
    2.80960E+01    5.76276E+02    2.24444E+01    1.85689E+01    1.05933E+00   -9.20571E-01    4.60307E-01    1.47343E+00    2.16764E+00    1.77243E+00
    2.88539E+01    5.95012E+02    1.87364E+01    2.05766E+01    8.52572E-01   -8.55430E-01    3.47579E-01    1.42050E+00    2.07204E+00    1.65311E+00
    2.96193E+01    6.12155E+02    1.71421E+01    2.26452E+01    7.52344E-01   -8.09285E-01    3.12091E-01    1.40175E+00    2.02430E+00    1.61694E+00
    3.03924E+01    6.28252E+02    1.60977E+01    2.47765E+01    6.81716E-01   -7.73715E-01    2.88237E-01    1.39014E+00    1.99128E+00    1.59491E+00
    3.11733E+01    6.43545E+02    1.52930E+01    2.69723E+01    6.25167E-01   -7.43522E-01    2.68965E-01    1.38145E+00    1.96491E+00    1.57831E+00
    3.19619E+01    6.58148E+02    1.46029E+01    2.92347E+01    5.76459E-01   -7.16135E-01    2.52209E-01    1.37411E+00    1.94169E+00    1.56430E+00
    3.27584E+01    6.72090E+02    1.39416E+01    3.15656E+01    5.31657E-01   -6.89549E-01    2.37023E-01    1.36704E+00    1.91902E+00    1.55120E+00
    3.35629E+01    6.85270E+02    1.31805E+01    3.39672E+01    4.85727E-01   -6.60349E-01    2.22857E-01    1.35869E+00    1.89258E+00    1.53709E+00
    3.43755E+01    6.97009E+02    1.17386E+01    3.64415E+01    4.18184E-01   -6.11441E-01    2.10531E-01    1.34216E+00    1.84145E+00    1.51579E+00
    3.51961E+01    7.11223E+02    1.42145E+01    3.81326E+01    4.89680E-01   -6.52738E-01    2.52218E-01    1.38302E+00    1.92137E+00    1.59522E+00
    3.60250E+01    7.23150E+02    1.19270E+01    4.07331E+01    3.97449E-01   -5.97409E-01    2.01373E-01    1.34656E+00    1.84420E+00    1.52111E+00
    3.68622E+01    7.37359E+02    1.42083E+01    4.25105E+01    4.58136E-01   -6.33636E-01    2.37995E-01    1.38421E+00    1.91730E+00    1.59465E+00
    3.77077E+01    7.49217E+02    1.18588E+01    4.52437E+01    3.70104E-01   -5.78606E-01    1.87935E-01    1.34652E+00    1.83819E+00    1.51774E+00
    3.85617E+01    7.63241E+02    1.40235E+01    4.71117E+01    4.23733E-01   -6.11879E-01    2.22118E-01    1.38274E+00    1.90788E+00    1.58916E+00
    3.94242E+01    7.74924E+02    1.16827E+01    4.99843E+01    3.41862E-01   -5.58056E-01    1.74457E-01    1.34492E+00    1.82866E+00    1.51197E+00
    4.02954E+01    7.88622E+02    1.36984E+01    5.19476E+01    3.88297E-01   -5.87941E-01    2.06452E-01    1.37942E+00    1.89416E+00    1.58108E+00
    4.11753E+01    7.99883E+02    1.12609E+01    5.49667E+01    3.09290E-01   -5.32205E-01    1.61393E-01    1.34002E+00    1.81062E+00    1.50244E+00
    4.20639E+01    8.12486E+02    1.26031E+01    5.70301E+01    3.35485E-01   -5.46408E-01    1.92155E-01    1.36668E+00    1.85467E+00    1.56394E+00
    4.29615E+01    8.26486E+02    1.40003E+01    5.91350E+01    3.61280E-01   -5.68473E-01    1.95240E-01    1.38554E+00    1.89831E+00    1.59000E+00
    4.38680E+01    8.37819E+02    1.13327E+01    6.23720E+01    2.83564E-01   -5.11586E-01    1.47796E-01    1.34204E+00    1.80811E+00    1.50150E+00
    4.47836E+01    8.50374E+02    1.25552E+01    6.45843E+01    3.04682E-01   -5.23289E-01    1.75645E-01    1.36674E+00    1.84824E+00    1.56006E+00
    4.57083E+01    8.64171E+02    1.37965E+01    6.68410E+01    3.24784E-01   -5.41491E-01    1.77682E-01    1.38366E+00    1.88689E+00    1.58315E+00
    4.66423E+01    8.75234E+02    1.10634E+01    7.03114E+01    2.52703E-01   -4.84667E-01    1.33418E-01    1.33901E+00    1.79394E+00    1.49335E+00
    4.75857E+01    8.87226E+02    1.19923E+01    7.26833E+01    2.65830E-01   -4.90541E-01    1.58743E-01    1.35969E+00    1.82474E+00    1.54701E+00
    4.85384E+01    8.99648E+02    1.24220E+01    7.51028E+01    2.67278E-01   -4.91321E-01    1.60880E-01    1.36680E+00    1.83724E+00    1.56046E+00
    4.95007E+01    9.12343E+02    1.26941E+01    7.75710E+01    2.65171E-01   -4.89645E-01    1.59435E-01    1.37081E+00    1.84434E+00    1.56659E+00
    5.04727E+01    9.25240E+02    1.28972E+01    8.00888E+01    2.61610E-01   -4.86808E-01    1.56933E-01    1.37362E+00    1.84911E+00    1.57020E+00
    5.14543E+01    9.38303E+02    1.30628E+01    8.26571E+01    2.57341E-01   -4.83343E-01    1.54013E-01    1.37582E+00    1.85265E+00    1.57262E+00
    5.24458E+01    9.51508E+02    1.32050E+01    8.52771E+01    2.52697E-01   -4.79504E-01    1.50907E-01    1.37766E+00    1.85543E+00    1.57436E+00
    5.34471E+01    9.64838E+02    1.33307E+01    8.79498E+01    2.47845E-01   -4.75421E-01    1.47717E-01    1.37925E+00    1.85769E+00    1.57567E+00
    5.44585E+01    9.78282E+02    1.34438E+01    9.06762E+01    2.42876E-01   -4.71165E-01    1.44497E-01    1.38066E+00    1.85956E+00    1.57666E+00
    5.54800E+01    9.91828E+02    1.35460E+01    9.34574E+01    2.37837E-01   -4.66775E-01    1.41276E-01    1.38192E+00    1.86110E+00    1.57740E+00
    5.65117E+01    1.00547E+03    1.36378E+01    9.62945E+01    2.32751E-01   -4.62264E-01    1.38069E-01    1.38304E+00    1.86234E+00    1.57793E+00
    5.75537E+01    1.01918E+03    1.37186E+01    9.91886E+01    2.27615E-01   -4.57626E-01    1.34884E-01    1.38402E+00    1.86325E+00    1.57824E+00
    5.86062E+01    1.03297E+03    1.37863E+01    1.02141E+02    2.22407E-01   -4.52831E-01    1.31724E-01    1.38483E+00    1.86379E+00    1.57831E+00
    5.96692E+01    1.04681E+03    1.38368E+01    1.05152E+02    2.17074E-01   -4.47816E-01    1.28586E-01    1.38542E+00    1.86381E+00    1.57808E+00
    6.07428E+01    1.06067E+03    1.38617E+01    1.08225E+02    2.11506E-01   -4.42453E-01    1.25465E-01    1.38568E+00    1.86306E+00    1.57745E+00
    6.18271E+01    1.07451E+03    1.38439E+01    1.11359E+02    2.05474E-01   -4.36468E-01    1.22352E-01    1.38540E+00    1.86103E+00    1.57616E+00
    6.29223E+01    1.08825E+03    1.37408E+01    1.14555E+02    1.98411E-01   -4.29174E-01    1.19252E-01    1.38402E+00    1.85639E+00    1.57369E+00
    6.40284E+01    1.10167E+03    1.34132E+01    1.17817E+02    1.88450E-01   -4.18233E-01    1.16321E-01    1.37982E+00    1.84474E+00    1.56854E+00
    6.51456E+01    1.11373E+03    1.20623E+01    1.21143E+02    1.64915E-01   -3.89243E-01    1.15778E-01    1.36263E+00    1.79966E+00    1.55426E+00
    6.62740E+01    1.13159E+03    1.78558E+01    1.22832E+02    2.37591E-01   -4.41754E-01    2.06021E-01    1.45527E+00    1.95621E+00    1.79966E+00
    6.74137E+01    1.14707E+03    1.54809E+01    1.26259E+02    2.00503E-01   -4.31053E-01    1.21229E-01    1.40773E+00    1.90142E+00    1.61445E+00
    6.85647E+01    1.16199E+03    1.49249E+01    1.29756E+02    1.88175E-01   -4.19083E-01    1.12002E-01    1.39901E+00    1.88380E+00    1.59384E+00
    6.97273E+01    1.17638E+03    1.43866E+01    1.33322E+02    1.76598E-01   -4.06218E-01    1.07636E-01    1.39188E+00    1.86648E+00    1.58287E+00
    7.09015E+01    1.18925E+03    1.28695E+01    1.36961E+02    1.53821E-01   -3.77466E-01    1.06492E-01    1.37293E+00    1.81835E+00    1.56570E+00
    7.20874E+01    1.20806E+03    1.88145E+01    1.38807E+02    2.18987E-01   -4.26268E-01    1.93089E-01    1.46534E+00    1.97338E+00    1.81835E+00
    7.32852E+01    1.22420E+03    1.61403E+01    1.42556E+02    1.82962E-01   -4.13160E-01    1.10728E-01    1.41492E+00    1.91226E+00    1.62143E+00
    7.44949E+01    1.23946E+03    1.52534E+01    1.46380E+02    1.68416E-01   -3.97476E-01    1.02121E-01    1.40244E+00    1.88568E+00    1.59672E+00
    7.57168E+01    1.25299E+03    1.35358E+01    1.50281E+02    1.45585E-01   -3.68195E-01    1.00086E-01    1.38119E+00    1.83331E+00    1.57543E+00
    7.69509E+01    1.27255E+03    1.95620E+01    1.52260E+02    2.04975E-01   -4.13719E-01    1.83879E-01    1.47289E+00    1.98599E+00    1.83331E+00
    7.81973E+01    1.28901E+03    1.64567E+01    1.56279E+02    1.68008E-01   -3.96591E-01    1.03554E-01    1.41812E+00    1.91490E+00    1.62518E+00
    7.94562E+01    1.30337E+03    1.43640E+01    1.60379E+02    1.42892E-01   -3.65251E-01    9.73806E-02    1.39167E+00    1.85377E+00    1.59030E+00
    8.07277E+01    1.32396E+03    2.05882E+01    1.62460E+02    1.99587E-01   -4.09040E-01    1.79649E-01    1.48367E+00    2.00635E+00    1.85377E+00
    8.20118E+01    1.34119E+03    1.72307E+01    1.66684E+02    1.62795E-01   -3.91011E-01    9.95260E-02    1.42667E+00    1.93130E+00    1.63583E+00
    8.33089E+01    1.35621E+03    1.50145E+01    1.70993E+02    1.38266E-01   -3.59932E-01    9.33548E-02    1.39928E+00    1.86845E+00    1.59941E+00
    8.46189E+01    1.37761E+03    2.13992E+01    1.73180E+02    1.92089E-01   -4.02253E-01    1.74017E-01    1.49167E+00    2.02124E+00    1.86845E+00
    8.59420E+01    1.39544E+03    1.78355E+01    1.77619E+02    1.56075E-01   -3.83433E-01    9.51503E-02    1.43303E+00    1.94287E+00    1.64319E+00
    8.72783E+01    1.41088E+03    1.54402E+01    1.82148E+02    1.31727E-01   -3.51817E-01    8.91746E-02    1.40397E+00    1.87645E+00    1.60489E+00
    8.86280E+01    1.43262E+03    2.17362E+01    1.84446E+02    1.80809E-01   -3.90669E-01    1.67891E-01    1.49440E+00    2.02430E+00    1.87645E+00
    8.99912E+01    1.44946E+03    1.68370E+01    1.89112E+02    1.36569E-01   -3.57702E-01    9.28377E-02    1.42186E+00    1.91191E+00    1.63737E+00
    9.13680E+01    1.47301E+03    2.35534E+01    1.91480E+02    1.86305E-01   -3.96759E-01    1.69963E-01    1.51341E+00    2.06240E+00    1.91191E+00
    9.27586E+01    1.49239E+03    1.93782E+01    1.96288E+02    1.49487E-01   -3.76016E-01    8.99967E-02    1.44938E+00    1.97487E+00    1.66462E+00
    9.41631E+01    1.50909E+03    1.67010E+01    2.01192E+02    1.25657E-01   -3.44421E-01    8.38496E-02    1.41816E+00    1.90431E+00    1.62274E+00
    9.55817E+01    1.53238E+03    2.32941E+01    2.03680E+02    1.70952E-01   -3.81126E-01    1.60297E-01    1.50931E+00    2.05264E+00    1.90431E+00
    9.70144E+01    1.55027E+03    1.78854E+01    2.08733E+02    1.28039E-01   -3.47109E-01    8.69171E-02    1.43295E+00    1.93274E+00    1.65144E+00
    9.84614E+01    1.57489E+03    2.46272E+01    2.11297E+02    1.71992E-01   -3.81985E-01    1.61490E-01    1.52274E+00    2.07825E+00    1.93274E+00
    9.99230E+01    1.59363E+03    1.87315E+01    2.16503E+02    1.27628E-01   -3.46753E-01    8.59641E-02    1.44221E+00    1.95152E+00    1.66484E+00
    1.01399E+02    1.61932E+03    2.56933E+01    2.19145E+02    1.70806E-01   -3.81023E-01    1.60085E-01    1.53277E+00    2.09801E+00    1.95152E+00
    1.02890E+02    1.63883E+03    1.95133E+01    2.24508E+02    1.26576E-01   -3.45594E-01    8.45048E-02    1.45039E+00    1.96820E+00    1.67588E+00
    1.04396E+02    1.66553E+03    2.67007E+01    2.27230E+02    1.69010E-01   -3.79466E-01    1.58165E-01    1.54194E+00    2.11619E+00    1.96820E+00
    1.05917E+02    1.68582E+03    2.02821E+01    2.32756E+02    1.25286E-01   -3.44109E-01    8.29136E-02    1.45824E+00    1.98419E+00    1.68618E+00
    1.07453E+02    1.71351E+03    2.76963E+01    2.35561E+02    1.66969E-01   -3.77635E-01    1.56078E-01    1.55080E+00    2.13377E+00    1.98419E+00
    1.09004E+02    1.73456E+03    2.10529E+01    2.41254E+02    1.23874E-01   -3.42442E-01    8.12825E-02    1.46594E+00    1.99986E+00    1.69618E+00
    1.10571E+02    1.76326E+03    2.86937E+01    2.44143E+02    1.64791E-01   -3.75630E-01    1.53924E-01    1.55951E+00    2.15104E+00    1.99986E+00
    1.12154E+02    1.78509E+03    2.18278E+01    2.50009E+02    1.22367E-01   -3.40623E-01    7.96419E-02    1.47355E+00    2.01531E+00    1.70597E+00
    1.13752E+02    1.81478E+03    2.96918E+01    2.52986E+02    1.62488E-01   -3.73451E-01    1.51732E-01    1.56807E+00    2.16799E+00    2.01531E+00
    1.15367E+02    1.83738E+03    2.25987E+01    2.59030E+02    1.20733E-01   -3.38599E-01    7.79997E-02    1.48098E+00    2.03035E+00    1.71551E+00
    1.16997E+02    1.86805E+03    3.06739E+01    2.62097E+02    1.59991E-01   -3.71001E-01    1.49498E-01    1.57634E+00    2.18430E+00    2.03035E+00
    1.18644E+02    1.89139E+03    2.33381E+01    2.68324E+02    1.18850E-01   -3.36186E-01    7.63515E-02    1.48798E+00    2.04439E+00    1.72451E+00
    1.20308E+02    1.92298E+03    3.15881E+01    2.71484E+02    1.57069E-01   -3.67975E-01    1.47185E-01    1.58387E+00    2.19899E+00    2.04439E+00
    1.21987E+02    1.94693E+03    2.39536E+01    2.77899E+02    1.16304E-01   -3.32753E-01    7.46956E-02    1.49367E+00    2.05548E+00    1.73208E+00
    1.23684E+02    1.97917E+03    3.22373E+01    2.81155E+02    1.52848E-01   -3.63188E-01    1.44716E-01    1.58896E+00    2.20828E+00    2.05548E+00
    1.25398E+02    2.00305E+03    2.38862E+01    2.87765E+02    1.10599E-01   -3.24374E-01    7.33520E-02    1.49285E+00    2.05152E+00    1.73407E+00
    1.27129E+02    2.03390E+03    3.08493E+01    2.91120E+02    1.39500E-01   -3.44990E-01    1.43116E-01    1.57618E+00    2.17629E+00    2.05152E+00
    1.28877E+02    2.07142E+03    3.75173E+01    2.94508E+02    1.65695E-01   -3.73703E-01    1.61373E-01    1.63495E+00    2.29151E+00    2.17629E+00
    1.30643E+02    2.09857E+03    2.71496E+01    3.01386E+02    1.17114E-01   -3.34077E-01    7.42078E-02    1.52360E+00    2.11641E+00    1.77754E+00
    1.32426E+02    2.13473E+03    3.61631E+01    3.04877E+02    1.52371E-01   -3.63062E-01    1.43377E-01    1.62087E+00    2.27156E+00    2.11641E+00
    1.34227E+02    2.16134E+03    2.66077E+01    3.11963E+02    1.09510E-01   -3.23161E-01    7.12547E-02    1.51787E+00    2.10284E+00    1.76909E+00
    1.36047E+02    2.19549E+03    3.41480E+01    3.15560E+02    1.37292E-01   -3.42950E-01    1.40276E-01    1.60332E+00    2.23031E+00    2.10284E+00
    1.37884E+02    2.23669E+03    4.11976E+01    3.19193E+02    1.61810E-01   -3.69955E-01    1.57934E-01    1.66230E+00    2.34542E+00    2.23031E+00
    1.39740E+02    2.26585E+03    2.91643E+01    3.26567E+02    1.11907E-01   -3.26695E-01    7.19517E-02    1.54094E+00    2.15023E+00    1.80492E+00
    1.41614E+02    2.30312E+03    3.72655E+01    3.30309E+02    1.39702E-01   -3.46219E-01    1.40835E-01    1.62836E+00    2.28051E+00    2.15023E+00
    1.43507E+02    2.34802E+03    4.48999E+01    3.34090E+02    1.64458E-01   -3.73501E-01    1.57971E-01    1.68929E+00    2.39986E+00    2.28051E+00
    1.45419E+02    2.38045E+03    3.24385E+01    3.41763E+02    1.16092E-01   -3.33270E-01    7.08701E-02    1.56826E+00    2.20863E+00    1.83883E+00
    1.47350E+02    2.42339E+03    4.29337E+01    3.45658E+02    1.50137E-01   -3.61572E-01    1.39294E-01    1.67152E+00    2.37322E+00    2.20863E+00
    1.49301E+02    2.45503E+03    3.16422E+01    3.53564E+02    1.08124E-01   -3.21759E-01    6.77915E-02    1.56081E+00    2.19150E+00    1.82747E+00
    1.51270E+02    2.49544E+03    4.04050E+01    3.57577E+02    1.34921E-01   -3.41244E-01    1.35917E-01    1.65152E+00    2.32709E+00    2.19150E+00
    1.53260E+02    2.54392E+03    4.84804E+01    3.61629E+02    1.58202E-01   -3.67163E-01    1.52948E-01    1.71337E+00    2.44752E+00    2.32709E+00
    1.55270E+02    2.57825E+03    3.43341E+01    3.69857E+02    1.09495E-01   -3.23786E-01    6.82462E-02    1.58314E+00    2.23702E+00    1.86248E+00
    1.57299E+02    2.62182E+03    4.35734E+01    3.74032E+02    1.35809E-01   -3.42518E-01    1.35979E-01    1.67487E+00    2.37351E+00    2.23702E+00
    1.59349E+02    2.67384E+03    5.20190E+01    3.78249E+02    1.58461E-01   -3.67734E-01    1.52425E-01    1.73706E+00    2.49463E+00    2.37351E+00
    1.61419E+02    2.71057E+03    3.67229E+01    3.86811E+02    1.09338E-01   -3.23728E-01    6.73639E-02    1.60168E+00    2.27526E+00    1.88861E+00
    1.63511E+02    2.75702E+03    4.64589E+01    3.91156E+02    1.35205E-01   -3.42081E-01    1.34853E-01    1.69512E+00    2.41401E+00    2.27526E+00
    1.65623E+02    2.81227E+03    5.52423E+01    3.95544E+02    1.57145E-01   -3.66510E-01    1.51047E-01    1.75770E+00    2.53563E+00    2.41401E+00
    1.67756E+02    2.85090E+03    3.86309E+01    4.04453E+02    1.07419E-01   -3.20956E-01    6.63810E-02    1.61596E+00    2.30402E+00    1.91019E+00
    1.69910E+02    2.89912E+03    4.82233E+01    4.08975E+02    1.31082E-01   -3.36573E-01    1.33416E-01    1.70675E+00    2.43550E+00    2.30402E+00
    1.72086E+02    2.95432E+03    5.52020E+01    4.13542E+02    1.46687E-01   -3.52306E-01    1.50225E-01    1.75626E+00    2.52670E+00    2.43550E+00
    1.74284E+02    3.01786E+03    6.35327E+01    4.18154E+02    1.65045E-01   -3.74712E-01    1.56958E-01    1.80993E+00    2.63756E+00    2.52670E+00
    1.76504E+02    3.06203E+03    4.41776E+01    4.27517E+02    1.12199E-01   -3.28255E-01    6.66912E-02    1.65628E+00    2.38855E+00    1.96696E+00
    1.78746E+02    3.11767E+03    5.56374E+01    4.32269E+02    1.38150E-01   -3.46530E-01    1.34413E-01    1.75613E+00    2.53690E+00    2.38855E+00
    1.81010E+02    3.18363E+03    6.59588E+01    4.37069E+02    1.60128E-01   -3.70892E-01    1.50224E-01    1.82302E+00    2.66704E+00    2.53690E+00
    1.83297E+02    3.23025E+03    4.66161E+01    4.46813E+02    1.10651E-01   -3.26257E-01    6.48644E-02    1.67260E+00    2.42247E+00    1.98704E+00
    1.85607E+02    3.28894E+03    5.86920E+01    4.51758E+02    1.36219E-01   -3.44570E-01    1.32253E-01    1.77495E+00    2.57482E+00    2.42247E+00
    1.87940E+02    3.35839E+03    6.94473E+01    4.56752E+02    1.57605E-01   -3.68361E-01    1.48037E-01    1.84278E+00    2.70643E+00    2.57482E+00
    1.90296E+02    3.40708E+03    4.86976E+01    4.66892E+02    1.08066E-01   -3.22506E-01    6.36885E-02    1.68645E+00    2.45015E+00    2.00772E+00
    1.92676E+02    3.46758E+03    6.05001E+01    4.72037E+02    1.31286E-01   -3.38035E-01    1.30454E-01    1.78551E+00    2.59399E+00    2.45015E+00
    1.95080E+02    3.53650E+03    6.89205E+01    4.77235E+02    1.46253E-01   -3.53133E-01    1.46799E-01    1.83859E+00    2.69163E+00    2.59399E+00
    1.97508E+02    3.61531E+03    7.88087E+01    4.82484E+02    1.63545E-01   -3.74265E-01    1.53202E-01    1.89539E+00    2.80852E+00    2.69163E+00
    1.99959E+02    3.66966E+03    5.43504E+01    4.93140E+02    1.10303E-01   -3.25920E-01    6.38700E-02    1.72330E+00    2.52643E+00    2.06192E+00
    2.02436E+02    3.73692E+03    6.72583E+01    4.98549E+02    1.33494E-01   -3.41132E-01    1.30856E-01    1.82572E+00    2.67474E+00    2.52643E+00
    2.04937E+02    3.81330E+03    7.63829E+01    5.04011E+02    1.48272E-01   -3.55930E-01    1.46920E-01    1.88015E+00    2.77486E+00    2.67474E+00
    2.07464E+02    3.90042E+03    8.71142E+01    5.09528E+02    1.65390E-01   -3.76766E-01    1.53093E-01    1.93861E+00    2.89516E+00    2.77486E+00
    2.10015E+02    3.96050E+03    6.00795E+01    5.20728E+02    1.11562E-01   -3.27954E-01    6.33088E-02    1.75837E+00    2.59933E+00    2.11114E+00
    2.12592E+02    4.03472E+03    7.42274E+01    5.26412E+02    1.34814E-01   -3.43202E-01    1.30487E-01    1.86495E+00    2.75381E+00    2.59933E+00
    2.15195E+02    4.11890E+03    8.41768E+01    5.32154E+02    1.49540E-01   -3.57899E-01    1.46453E-01    1.92134E+00    2.85753E+00    2.75381E+00
    2.17824E+02    4.21475E+03    9.58494E+01    5.37952E+02    1.66556E-01   -3.78535E-01    1.52537E-01    1.98181E+00    2.98188E+00    2.85753E+00
    2.20479E+02    4.28090E+03    6.61447E+01    5.49723E+02    1.12430E-01   -3.29406E-01    6.26277E-02    1.79369E+00    2.67267E+00    2.16047E+00
    2.23161E+02    4.36247E+03    8.15746E+01    5.55698E+02    1.35635E-01   -3.44618E-01    1.29898E-01    1.90432E+00    2.83308E+00    2.67267E+00
    2.25869E+02    4.45480E+03    9.23309E+01    5.61731E+02    1.50177E-01   -3.59075E-01    1.45745E-01    1.96238E+00    2.93978E+00    2.83308E+00
    2.28605E+02    4.55966E+03    1.04860E+02    5.67826E+02    1.66847E-01   -3.79244E-01    1.51726E-01    2.02428E+00    3.06690E+00    2.93978E+00
    2.31368E+02    4.63172E+03    7.20540E+01    5.80198E+02    1.12157E-01   -3.29127E-01    6.19024E-02    1.82658E+00    2.74047E+00    2.20760E+00
    2.34158E+02    4.71999E+03    8.82765E+01    5.86476E+02    1.34426E-01   -3.43198E-01    1.29002E-01    1.93851E+00    2.90099E+00    2.74047E+00
    2.36977E+02    4.81860E+03    9.86101E+01    5.92818E+02    1.46907E-01   -3.54911E-01    1.44725E-01    1.99228E+00    2.99757E+00    2.90099E+00
    2.39824E+02    4.92660E+03    1.07997E+02    5.99223E+02    1.57408E-01   -3.66729E-01    1.51385E-01    2.03754E+00    3.08669E+00    2.99757E+00
    2.42699E+02    5.04759E+03    1.20991E+02    6.05692E+02    1.72532E-01   -3.85538E-01    1.54570E-01    2.09666E+00    3.21065E+00    3.08669E+00
    2.45603E+02    5.13014E+03    8.25497E+01    6.18825E+02    1.15172E-01   -3.33654E-01    6.20204E-02    1.88205E+00    2.85577E+00    2.28728E+00
    2.48536E+02    5.23101E+03    1.00868E+02    6.25491E+02    1.37691E-01   -3.47665E-01    1.29692E-01    1.99991E+00    3.02466E+00    2.85577E+00
    2.51498E+02    5.34345E+03    1.12444E+02    6.32222E+02    1.50183E-01   -3.59260E-01    1.45313E-01    2.05613E+00    3.12565E+00    3.02466E+00
    2.54490E+02    5.46640E+03    1.22946E+02    6.39021E+02    1.60673E-01   -3.70966E-01    1.51846E-01    2.10345E+00    3.21886E+00    3.12565E+00
    2.57512E+02    5.60391E+03    1.37517E+02    6.45889E+02    1.75848E-01   -3.89673E-01    1.54930E-01    2.16548E+00    3.34885E+00    3.21886E+00
    2.60564E+02    5.69785E+03    9.39367E+01    6.59830E+02    1.17538E-01   -3.37240E-01    6.17020E-02    1.93814E+00    2.97253E+00    2.36610E+00
    2.63646E+02    5.81249E+03    1.14638E+02    6.66905E+02    1.40359E-01   -3.51413E-01    1.29878E-01    2.06272E+00    3.15135E+00    2.97253E+00
    2.66759E+02    5.94016E+03    1.27668E+02    6.74051E+02    1.52960E-01   -3.63030E-01    1.45494E-01    2.12195E+00    3.25782E+00    3.15135E+00
    2.69904E+02    6.07962E+03    1.39463E+02    6.81268E+02    1.63509E-01   -3.74712E-01    1.51986E-01    2.17174E+00    3.35588E+00    3.25782E+00
    2.73080E+02    6.23543E+03    1.55811E+02    6.88558E+02    1.78764E-01   -3.93357E-01    1.55030E-01    2.23697E+00    3.49246E+00    3.35588E+00
    2.76288E+02    6.34202E+03    1.06586E+02    7.03356E+02    1.19671E-01   -3.40459E-01    6.13073E-02    1.99661E+00    3.09414E+00    2.44799E+00
    2.79527E+02    6.47192E+03    1.29900E+02    7.10867E+02    1.42729E-01   -3.54755E-01    1.29917E-01    2.12806E+00    3.28311E+00    3.09414E+00
    2.82800E+02    6.61641E+03    1.44488E+02    7.18452E+02    1.55367E-01   -3.66324E-01    1.45512E-01    2.19024E+00    3.39489E+00    3.28311E+00
    2.86105E+02    6.77403E+03    1.57620E+02    7.26114E+02    1.65871E-01   -3.77866E-01    1.51949E-01    2.24227E+00    3.49730E+00    3.39489E+00
    2.89443E+02    6.94979E+03    1.75761E+02    7.33852E+02    1.81019E-01   -3.96250E-01    1.54936E-01    2.31027E+00    3.63951E+00    3.49730E+00
    2.92814E+02    7.06983E+03    1.20038E+02    7.49561E+02    1.20996E-01   -3.42479E-01    6.08606E-02    2.05513E+00    3.21549E+00    2.53079E+00
    2.96219E+02    7.21555E+03    1.45724E+02    7.57533E+02    1.43760E-01   -3.56287E-01    1.29691E-01    2.19177E+00    3.41098E+00    3.21549E+00
    2.99658E+02    7.37662E+03    1.61075E+02    7.65586E+02    1.55525E-01   -3.66673E-01    1.45176E-01    2.25356E+00    3.52086E+00    3.41098E+00
    3.03131E+02    7.55016E+03    1.73533E+02    7.73718E+02    1.63995E-01   -3.75526E-01    1.51575E-01    2.30034E+00    3.61122E+00    3.52086E+00
    3.06640E+02    7.73706E+03    1.86899E+02    7.81933E+02    1.72876E-01   -3.85701E-01    1.55277E-01    2.34839E+00    3.70824E+00    3.61122E+00
    3.10183E+02    7.94405E+03    2.06995E+02    7.90229E+02    1.87404E-01   -4.03371E-01    1.57149E-01    2.41741E+00    3.85378E+00    3.70824E+00
    3.13762E+02    8.08498E+03    1.40925E+02    8.07071E+02    1.24883E-01   -3.48079E-01    6.10220E-02    2.13989E+00    3.39177E+00    2.65121E+00
    3.17376E+02    8.25569E+03    1.70714E+02    8.15619E+02    1.48077E-01   -3.61940E-01    1.30675E-01    2.28587E+00    3.60063E+00    3.39177E+00
    3.21027E+02    8.44405E+03    1.88365E+02    8.24252E+02    1.59930E-01   -3.72250E-01    1.46151E-01    2.35138E+00    3.71710E+00    3.60063E+00
    3.24714E+02    8.64668E+03    2.02624E+02    8.32971E+02    1.68399E-01   -3.80987E-01    1.52471E-01    2.40080E+00    3.81256E+00    3.71710E+00
    3.28438E+02    8.86457E+03    2.17895E+02    8.41778E+02    1.77265E-01   -3.91025E-01    1.56092E-01    2.45153E+00    3.91497E+00    3.81256E+00
    3.32200E+02    9.10545E+03    2.40875E+02    8.50672E+02    1.91823E-01   -4.08527E-01    1.57888E-01    2.52451E+00    4.06874E+00    3.91497E+00
    3.35998E+02    9.26933E+03    1.63882E+02    8.68730E+02    1.27755E-01   -3.52207E-01    6.08733E-02    2.22595E+00    3.57061E+00    2.77281E+00
    3.39835E+02    9.46730E+03    1.97970E+02    8.77894E+02    1.51076E-01   -3.65898E-01    1.31129E-01    2.38081E+00    3.79171E+00    3.57061E+00
    3.43711E+02    9.68492E+03    2.17623E+02    8.87150E+02    1.62576E-01   -3.75622E-01    1.46574E-01    2.44847E+00    3.91135E+00    3.79171E+00
    3.47625E+02    9.91761E+03    2.32686E+02    8.96498E+02    1.70169E-01   -3.83170E-01    1.52806E-01    2.49700E+00    4.00420E+00    3.91135E+00
    3.51578E+02    1.01648E+04    2.47207E+02    9.05940E+02    1.76986E-01   -3.90540E-01    1.56413E-01    2.54199E+00    4.09353E+00    4.00420E+00
    3.55570E+02    1.04290E+04    2.64168E+02    9.15476E+02    1.85154E-01   -3.99865E-01    1.58941E-01    2.59283E+00    4.19731E+00    4.09353E+00
    3.59603E+02    1.07198E+04    2.90850E+02    9.25108E+02    1.99574E-01   -4.17027E-01    1.60195E-01    2.66964E+00    4.35971E+00    4.19731E+00
    3.63676E+02    1.09175E+04    1.97674E+02    9.44661E+02    1.32792E-01   -3.59234E-01    6.11810E-02    2.34226E+00    3.81268E+00    2.93743E+00
    3.67790E+02    1.11559E+04    2.38384E+02    9.54585E+02    1.56781E-01   -3.73108E-01    1.32556E-01    2.51028E+00    4.05276E+00    3.81268E+00
    3.71944E+02    1.14176E+04    2.61696E+02    9.64607E+02    1.68505E-01   -3.82853E-01    1.48083E-01    2.58326E+00    4.18185E+00    4.05276E+00
    3.76141E+02    1.16971E+04    2.79491E+02    9.74730E+02    1.76193E-01   -3.90370E-01    1.54289E-01    2.63545E+00    4.28173E+00    4.18185E+00
    3.80379E+02    1.19937E+04    2.96617E+02    9.84955E+02    1.83076E-01   -3.97691E-01    1.57853E-01    2.68379E+00    4.37772E+00    4.28173E+00
    3.84660E+02    1.23103E+04    3.16609E+02    9.95281E+02    1.91327E-01   -4.06964E-01    1.60335E-01    2.73841E+00    4.48917E+00    4.37772E+00
    3.88983E+02    1.26584E+04    3.48078E+02    1.00571E+03    2.05946E-01   -4.24088E-01    1.61541E-01    2.82103E+00    4.66370E+00    4.48917E+00
    3.93350E+02    1.28950E+04    2.36650E+02    1.02688E+03    1.37093E-01   -3.65158E-01    6.12581E-02    2.46458E+00    4.06707E+00    3.10988E+00
    3.97761E+02    1.31798E+04    2.84792E+02    1.03763E+03    1.61537E-01   -3.79072E-01    1.33571E-01    2.64596E+00    4.32615E+00    4.06707E+00
    4.02215E+02    1.34917E+04    3.11873E+02    1.04848E+03    1.73206E-01   -3.88536E-01    1.49150E-01    2.72341E+00    4.46277E+00    4.32615E+00
    4.06714E+02    1.38236E+04    3.31929E+02    1.05944E+03    1.80501E-01   -3.95451E-01    1.55303E-01    2.77723E+00    4.56525E+00    4.46277E+00
    4.11258E+02    1.41739E+04    3.50238E+02    1.07052E+03    1.86488E-01   -4.01588E-01    1.58793E-01    2.82460E+00    4.65851E+00    4.56525E+00
    4.15848E+02    1.45433E+04    3.69473E+02    1.08170E+03    1.92632E-01   -4.08192E-01    1.61280E-01    2.87292E+00    4.75564E+00    4.65851E+00
    4.20483E+02    1.49363E+04    3.92958E+02    1.09299E+03    2.00611E-01   -4.17091E-01    1.63239E-01    2.93029E+00    4.87329E+00    4.75564E+00
    4.25165E+02    1.53672E+04    4.30857E+02    1.10440E+03    2.15384E-01   -4.34096E-01    1.64146E-01    3.01944E+00    5.06188E+00    4.87329E+00
    4.29893E+02    1.56601E+04    2.92953E+02    1.12756E+03    1.43401E-01   -3.73620E-01    6.17219E-02    2.62459E+00    4.40007E+00    3.33569E+00
    4.34669E+02    1.60121E+04    3.52028E+02    1.13931E+03    1.68738E-01   -3.87810E-01    1.35432E-01    2.82417E+00    4.68550E+00    4.40007E+00
    4.39493E+02    1.63972E+04    3.85056E+02    1.15118E+03    1.80736E-01   -3.97348E-01    1.51164E-01    2.90895E+00    4.83513E+00    4.68550E+00
    4.44365E+02    1.68066E+04    4.09417E+02    1.16317E+03    1.88182E-01   -4.04266E-01    1.57325E-01    2.96769E+00    4.94700E+00    4.83513E+00
    4.49285E+02    1.72382E+04    4.31602E+02    1.17528E+03    1.94264E-01   -4.10377E-01    1.60794E-01    3.01929E+00    5.04862E+00    4.94700E+00
    4.54255E+02    1.76931E+04    4.54869E+02    1.18751E+03    2.00491E-01   -4.16942E-01    1.63250E-01    3.07189E+00    5.15430E+00    5.04862E+00
    4.59274E+02    1.81763E+04    4.83252E+02    1.19986E+03    2.08588E-01   -4.25800E-01    1.65173E-01    3.13429E+00    5.28221E+00    5.15430E+00
    4.64344E+02    1.87054E+04    5.29077E+02    1.21233E+03    2.23638E-01   -4.42798E-01    1.66036E-01    3.23135E+00    5.48735E+00    5.28221E+00
    4.69464E+02    1.90652E+04    3.59796E+02    1.23766E+03    1.48935E-01   -3.80910E-01    6.19906E-02    2.79567E+00    4.75577E+00    3.57677E+00
    4.74636E+02    1.94966E+04    4.31411E+02    1.25051E+03    1.74885E-01   -3.95156E-01    1.36883E-01    3.01376E+00    5.06751E+00    4.75577E+00
    4.79859E+02    1.99673E+04    4.70700E+02    1.26350E+03    1.86867E-01   -4.04412E-01    1.52702E-01    3.10475E+00    5.22761E+00    5.06751E+00
    4.85135E+02    2.04661E+04    4.98817E+02    1.27661E+03    1.93937E-01   -4.10752E-01    1.58805E-01    3.16600E+00    5.34371E+00    5.22761E+00
    4.90463E+02    2.09894E+04    5.23247E+02    1.28985E+03    1.99232E-01   -4.15854E-01    1.62165E-01    3.21742E+00    5.44422E+00    5.34371E+00
    4.95845E+02    2.15363E+04    5.46882E+02    1.30323E+03    2.03932E-01   -4.20565E-01    1.64491E-01    3.26587E+00    5.54042E+00    5.44422E+00
    5.01280E+02    2.21078E+04    5.71518E+02    1.31673E+03    2.08721E-01   -4.25492E-01    1.66365E-01    3.31522E+00    5.63943E+00    5.54042E+00
    5.06770E+02    2.27070E+04    5.99250E+02    1.33038E+03    2.14335E-01   -4.31395E-01    1.68026E-01    3.36954E+00    5.74956E+00    5.63943E+00
    5.12314E+02    2.33415E+04    6.34473E+02    1.34416E+03    2.22254E-01   -4.39914E-01    1.69499E-01    3.43687E+00    5.88815E+00    5.74956E+00
    5.17914E+02    2.40343E+04    6.92770E+02    1.35808E+03    2.37675E-01   -4.56892E-01    1.70074E-01    3.54442E+00    6.11577E+00    5.88815E+00
    5.23570E+02    2.45054E+04    4.71105E+02    1.38633E+03    1.58297E-01   -3.92853E-01    6.29603E-02    3.04809E+00    5.28114E+00    3.93316E+00
    5.29283E+02    2.50694E+04    5.64040E+02    1.40067E+03    1.85623E-01   -4.07493E-01    1.39901E-01    3.29479E+00    5.63422E+00    5.28114E+00
    5.35053E+02    2.56841E+04    6.14717E+02    1.41516E+03    1.98138E-01   -4.16896E-01    1.55997E-01    3.39718E+00    5.81454E+00    5.63422E+00
    5.40880E+02    2.63350E+04    6.50856E+02    1.42979E+03    2.05471E-01   -4.23293E-01    1.62153E-01    3.46596E+00    5.94495E+00    5.81454E+00
    5.46766E+02    2.70172E+04    6.82206E+02    1.44456E+03    2.10940E-01   -4.28420E-01    1.65519E-01    3.52365E+00    6.05776E+00    5.94495E+00
    5.52710E+02    2.77297E+04    7.12513E+02    1.45948E+03    2.15784E-01   -4.33145E-01    1.67837E-01    3.57801E+00    6.16568E+00    6.05776E+00
    5.58714E+02    2.84738E+04    7.44088E+02    1.47456E+03    2.20718E-01   -4.38087E-01    1.69698E-01    3.63336E+00    6.27673E+00    6.16568E+00
    5.64779E+02    2.92534E+04    7.79618E+02    1.48978E+03    2.26509E-01   -4.44016E-01    1.71343E-01    3.69429E+00    6.40022E+00    6.27673E+00
    5.70903E+02    3.00782E+04    8.24742E+02    1.50515E+03    2.34701E-01   -4.52595E-01    1.72798E-01    3.76980E+00    6.55560E+00    6.40022E+00
    5.77089E+02    3.09776E+04    8.99470E+02    1.52068E+03    2.50716E-01   -4.69754E-01    1.73341E-01    3.89054E+00    6.81087E+00    6.55560E+00
    5.83337E+02    3.15899E+04    6.12318E+02    1.55221E+03    1.67176E-01   -4.03878E-01    6.37130E-02    3.32846E+00    5.86436E+00    4.32772E+00
    5.89647E+02    3.23219E+04    7.31958E+02    1.56820E+03    1.95745E-01   -4.18842E-01    1.42536E-01    3.60652E+00    6.26268E+00    5.86436E+00
    5.96021E+02    3.31184E+04    7.96485E+02    1.58436E+03    2.08637E-01   -4.28246E-01    1.58879E-01    3.72078E+00    6.46373E+00    6.26268E+00
    6.02458E+02    3.39602E+04    8.41820E+02    1.60068E+03    2.15996E-01   -4.34454E-01    1.65063E-01    3.79648E+00    6.60703E+00    6.46373E+00
    6.08959E+02    3.48406E+04    8.80372E+02    1.61717E+03    2.21264E-01   -4.39213E-01    1.68391E-01    3.85880E+00    6.72855E+00    6.60703E+00
    6.15526E+02    3.57572E+04    9.16583E+02    1.63382E+03    2.25650E-01   -4.43323E-01    1.70631E-01    3.91590E+00    6.84147E+00    6.72855E+00
    6.22158E+02    3.67098E+04    9.52614E+02    1.65063E+03    2.29723E-01   -4.47222E-01    1.72384E-01    3.97152E+00    6.95233E+00    6.84147E+00
    6.28856E+02    3.76998E+04    9.90014E+02    1.66761E+03    2.33861E-01   -4.51241E-01    1.73904E-01    4.02812E+00    7.06579E+00    6.95233E+00
    6.35622E+02    3.87303E+04    1.03055E+03    1.68477E+03    2.38459E-01   -4.55765E-01    1.75321E-01    4.08828E+00    7.18709E+00    7.06579E+00
    6.42455E+02    3.98076E+04    1.07724E+03    1.70209E+03    2.44171E-01   -4.61464E-01    1.76697E-01    4.15620E+00    7.32514E+00    7.18709E+00
    6.49357E+02    4.09450E+04    1.13745E+03    1.71959E+03    2.52554E-01   -4.69977E-01    1.77975E-01    4.24180E+00    7.50146E+00    7.32514E+00
    6.56327E+02    4.21833E+04    1.23826E+03    1.73726E+03    2.69323E-01   -4.87344E-01    1.78378E-01    4.38023E+00    7.79415E+00    7.50146E+00
    6.63367E+02    4.30267E+04    8.43417E+02    1.77314E+03    1.79700E-01   -4.18889E-01    6.50576E-02    3.72434E+00    6.68806E+00    4.88558E+00
    6.70478E+02    4.40334E+04    1.00667E+03    1.79135E+03    2.10108E-01   -4.34332E-01    1.46504E-01    4.04688E+00    7.15061E+00    6.68806E+00
    6.77659E+02    4.51273E+04    1.09395E+03    1.80974E+03    2.23669E-01   -4.43874E-01    1.63233E-01    4.17841E+00    7.38203E+00    7.15061E+00
    6.84913E+02    4.62820E+04    1.15472E+03    1.82831E+03    2.31279E-01   -4.50054E-01    1.69500E-01    4.26486E+00    7.54557E+00    7.38203E+00
    6.92239E+02    4.74879E+04    1.20587E+03    1.84707E+03    2.36603E-01   -4.54679E-01    1.72830E-01    4.33538E+00    7.68295E+00    7.54557E+00
    6.99638E+02    4.87412E+04    1.25331E+03    1.86602E+03    2.40902E-01   -4.58545E-01    1.75037E-01    4.39925E+00    7.80904E+00    7.68295E+00
    7.07112E+02    5.00409E+04    1.29969E+03    1.88516E+03    2.44728E-01   -4.62054E-01    1.76731E-01    4.46040E+00    7.93064E+00    7.80904E+00
    7.14660E+02    5.13874E+04    1.34652E+03    1.90449E+03    2.48385E-01   -4.65448E-01    1.78168E-01    4.52102E+00    8.05171E+00    7.93064E+00
    7.22283E+02    5.27825E+04    1.39505E+03    1.92401E+03    2.52100E-01   -4.68922E-01    1.79477E-01    4.58270E+00    8.17532E+00    8.05171E+00
    7.29983E+02    5.42291E+04    1.44664E+03    1.94373E+03    2.56105E-01   -4.72695E-01    1.80732E-01    4.64711E+00    8.30485E+00    8.17532E+00
    7.37760E+02    5.57325E+04    1.50340E+03    1.96364E+03    2.60739E-01   -4.77097E-01    1.81983E-01    4.71670E+00    8.44542E+00    8.30485E+00
    7.45614E+02    5.73020E+04    1.56943E+03    1.98375E+03    2.66658E-01   -4.82781E-01    1.83251E-01    4.79613E+00    8.60700E+00    8.44542E+00
    7.53547E+02    5.89572E+04    1.65520E+03    2.00407E+03    2.75514E-01   -4.91417E-01    1.84456E-01    4.89698E+00    8.81481E+00    8.60700E+00
    7.61560E+02    6.07567E+04    1.79956E+03    2.02458E+03    2.93457E-01   -5.09226E-01    1.84785E-01    5.06101E+00    9.16143E+00    8.81481E+00
    7.69652E+02    6.19841E+04    1.22735E+03    2.06624E+03    1.96080E-01   -4.37728E-01    6.68931E-02    4.27591E+00    7.83585E+00    5.66212E+00
    7.77825E+02    6.34472E+04    1.46309E+03    2.08738E+03    2.28997E-01   -4.53858E-01    1.51690E-01    4.66099E+00    8.38903E+00    7.83585E+00
    7.86081E+02    6.50355E+04    1.58837E+03    2.10873E+03    2.43559E-01   -4.63691E-01    1.68965E-01    4.81723E+00    8.66412E+00    8.38903E+00
    7.94418E+02    6.67106E+04    1.67509E+03    2.13029E+03    2.51644E-01   -4.69982E-01    1.75388E-01    4.91948E+00    8.85755E+00    8.66412E+00
    8.02839E+02    6.84583E+04    1.74769E+03    2.15207E+03    2.57224E-01   -4.74620E-01    1.78772E-01    5.00248E+00    9.01919E+00    8.85755E+00
    8.11345E+02    7.02729E+04    1.81457E+03    2.17407E+03    2.61652E-01   -4.78428E-01    1.80992E-01    5.07721E+00    9.16663E+00    9.01919E+00
    8.19935E+02    7.21523E+04    1.87939E+03    2.19629E+03    2.65504E-01   -4.81803E-01    1.82676E-01    5.14820E+00    9.30765E+00    9.16663E+00
    8.28611E+02    7.40964E+04    1.94409E+03    2.21873E+03    2.69077E-01   -4.84965E-01    1.84083E-01    5.21778E+00    9.44639E+00    9.30765E+00
    8.37374E+02    7.61063E+04    2.00995E+03    2.24139E+03    2.72556E-01   -4.88063E-01    1.85341E-01    5.28739E+00    9.58558E+00    9.44639E+00
    8.46225E+02    7.81844E+04    2.07809E+03    2.26428E+03    2.76088E-01   -4.91220E-01    1.86522E-01    5.35820E+00    9.72745E+00    9.58558E+00
    8.55164E+02    8.03341E+04    2.14973E+03    2.28740E+03    2.79822E-01   -4.94570E-01    1.87675E-01    5.43142E+00    9.87446E+00    9.72745E+00
    8.64193E+02    8.25607E+04    2.22661E+03    2.31075E+03    2.83962E-01   -4.98301E-01    1.88834E-01    5.50868E+00    1.00300E+01    9.87446E+00
    8.73312E+02    8.48725E+04    2.31172E+03    2.33434E+03    2.88849E-01   -5.02732E-01    1.90026E-01    5.59271E+00    1.01999E+01    1.00300E+01
    8.82522E+02    8.72837E+04    2.41119E+03    2.35816E+03    2.95182E-01   -5.08528E-01    1.91261E-01    5.68908E+00    1.03959E+01    1.01999E+01
    8.91824E+02    8.98244E+04    2.54079E+03    2.38222E+03    3.04755E-01   -5.17417E-01    1.92445E-01    5.81186E+00    1.06489E+01    1.03959E+01
    9.01219E+02    9.25839E+04    2.75948E+03    2.40651E+03    3.24294E-01   -5.35862E-01    1.92731E-01    6.01206E+00    1.10716E+01    1.06489E+01
    9.10708E+02    9.44690E+04    1.88509E+03    2.45584E+03    2.17057E-01   -4.60716E-01    6.92613E-02    5.04727E+00    9.44081E+00    6.74709E+00
    9.20292E+02    9.67136E+04    2.24458E+03    2.48088E+03    2.53226E-01   -4.77707E-01    1.58185E-01    5.51980E+00    1.01209E+01    9.44081E+00
    9.29972E+02    9.91482E+04    2.43456E+03    2.50616E+03    2.69108E-01   -4.87930E-01    1.76161E-01    5.71068E+00    1.04573E+01    1.01209E+01
    9.39749E+02    1.01714E+05    2.56538E+03    2.53170E+03    2.77840E-01   -4.94394E-01    1.82798E-01    5.83509E+00    1.06926E+01    1.04573E+01
    9.49623E+02    1.04388E+05    2.67432E+03    2.55750E+03    2.83790E-01   -4.99094E-01    1.86267E-01    5.93565E+00    1.08884E+01    1.06926E+01
    9.59596E+02    1.07162E+05    2.77411E+03    2.58355E+03    2.88435E-01   -5.02886E-01    1.88521E-01    6.02571E+00    1.10660E+01    1.08884E+01
    9.69669E+02    1.10032E+05    2.87012E+03    2.60986E+03    2.92394E-01   -5.06176E-01    1.90209E-01    6.11070E+00    1.12347E+01    1.10660E+01
    9.79843E+02    1.12997E+05    2.96506E+03    2.63644E+03    2.95970E-01   -5.09176E-01    1.91599E-01    6.19328E+00    1.13992E+01    1.12347E+01
    9.90118E+02    1.16058E+05    3.06052E+03    2.66328E+03    2.99335E-01   -5.12011E-01    1.92819E-01    6.27494E+00    1.15622E+01    1.13992E+01
    1.00050E+03    1.19215E+05    3.15756E+03    2.69039E+03    3.02596E-01   -5.14766E-01    1.93939E-01    6.35662E+00    1.17255E+01    1.15622E+01
    1.01098E+03    1.22472E+05    3.25704E+03    2.71777E+03    3.05835E-01   -5.17503E-01    1.95002E-01    6.43904E+00    1.18904E+01    1.17255E+01
    1.02156E+03    1.25832E+05    3.35976E+03    2.74542E+03    3.09120E-01   -5.20278E-01    1.96035E-01    6.52283E+00    1.20583E+01    1.18904E+01
    1.03226E+03    1.29299E+05    3.46660E+03    2.77335E+03    3.12521E-01   -5.23152E-01    1.97060E-01    6.60863E+00    1.22303E+01    1.20583E+01
    1.04306E+03    1.32877E+05    3.57870E+03    2.80157E+03    3.16125E-01   -5.26197E-01    1.98095E-01    6.69726E+00    1.24082E+01    1.22303E+01
    1.05396E+03    1.36575E+05    3.69772E+03    2.83006E+03    3.20058E-01   -5.29522E-01    1.99158E-01    6.78986E+00    1.25944E+01    1.24082E+01
    1.06498E+03    1.40401E+05    3.82631E+03    2.85884E+03    3.24517E-01   -5.33302E-01    2.00264E-01    6.88830E+00    1.27927E+01    1.25944E+01
    1.07611E+03    1.44371E+05    3.96936E+03    2.88790E+03    3.29870E-01   -5.37861E-01    2.01433E-01    6.99595E+00    1.30103E+01    1.27927E+01
    1.08735E+03    1.48508E+05    4.13713E+03    2.91726E+03    3.36890E-01   -5.43891E-01    2.02664E-01    7.11985E+00    1.32625E+01    1.30103E+01
    1.09870E+03    1.52864E+05    4.35633E+03    2.94691E+03    3.47599E-01   -5.53210E-01    2.03855E-01    7.27813E+00    1.35885E+01    1.32625E+01
    1.11016E+03    1.57591E+05    4.72696E+03    2.97685E+03    3.69582E-01   -5.72643E-01    2.04111E-01    7.53673E+00    1.41341E+01    1.35885E+01
    1.12174E+03    1.60826E+05    3.23531E+03    3.03765E+03    2.47866E-01   -4.92507E-01    7.28171E-02    6.28465E+00    1.20155E+01    8.48704E+00
    1.13343E+03    1.64675E+05    3.84842E+03    3.06850E+03    2.88907E-01   -5.10726E-01    1.67527E-01    6.89793E+00    1.29002E+01    1.20155E+01
    1.14524E+03    1.68846E+05    4.17116E+03    3.09966E+03    3.06838E-01   -5.21577E-01    1.86535E-01    7.14499E+00    1.33361E+01    1.29002E+01
    1.15717E+03    1.73239E+05    4.39280E+03    3.13113E+03    3.16644E-01   -5.28389E-01    1.93516E-01    7.30577E+00    1.36405E+01    1.33361E+01
    1.16922E+03    1.77816E+05    4.57694E+03    3.16292E+03    3.23285E-01   -5.33308E-01    1.97148E-01    7.43553E+00    1.38931E+01    1.36405E+01
    1.18139E+03    1.82561E+05    4.74521E+03    3.19503E+03    3.28433E-01   -5.37248E-01    1.99495E-01    7.55154E+00    1.41219E+01    1.38931E+01
    1.19368E+03    1.87468E+05    4.90668E+03    3.22746E+03    3.32784E-01   -5.40635E-01    2.01243E-01    7.66077E+00    1.43387E+01    1.41219E+01
    1.20610E+03    1.92534E+05    5.06583E+03    3.26021E+03    3.36675E-01   -5.43691E-01    2.02672E-01    7.76660E+00    1.45494E+01    1.43387E+01
    1.21863E+03    1.97759E+05    5.22518E+03    3.29329E+03    3.40290E-01   -5.46542E-01    2.03916E-01    7.87086E+00    1.47574E+01    1.45494E+01
    1.23130E+03    2.03145E+05    5.38634E+03    3.32670E+03    3.43741E-01   -5.49269E-01    2.05048E-01    7.97465E+00    1.49648E+01    1.47574E+01
    1.24409E+03    2.08695E+05    5.55042E+03    3.36044E+03    3.47099E-01   -5.51922E-01    2.06109E-01    8.07871E+00    1.51728E+01    1.49648E+01
    1.25700E+03    2.14414E+05    5.71831E+03    3.39452E+03    3.50419E-01   -5.54543E-01    2.07127E-01    8.18359E+00    1.53827E+01    1.51728E+01
    1.27005E+03    2.20305E+05    5.89079E+03    3.42894E+03    3.53743E-01   -5.57162E-01    2.08119E-01    8.28973E+00    1.55952E+01    1.53827E+01
    1.28323E+03    2.26373E+05    6.06864E+03    3.46371E+03    3.57110E-01   -5.59810E-01    2.09098E-01    8.39755E+00    1.58111E+01    1.55952E+01
    1.29654E+03    2.32626E+05    6.25272E+03    3.49882E+03    3.60559E-01   -5.62518E-01    2.10077E-01    8.50750E+00    1.60314E+01    1.58111E+01
    1.30998E+03    2.39070E+05    6.44405E+03    3.53429E+03    3.64138E-01   -5.65323E-01    2.11065E-01    8.62008E+00    1.62571E+01    1.60314E+01
    1.32356E+03    2.45714E+05    6.64401E+03    3.57011E+03    3.67907E-01   -5.68272E-01    2.12071E-01    8.73597E+00    1.64896E+01    1.62571E+01
    1.33727E+03    2.52569E+05    6.85452E+03    3.60629E+03    3.71952E-01   -5.71434E-01    2.13108E-01    8.85613E+00    1.67309E+01    1.64896E+01
    1.35112E+03    2.59647E+05    7.07854E+03    3.64283E+03    3.76407E-01   -5.74918E-01    2.14188E-01    8.98201E+00    1.69840E+01    1.67309E+01
    1.36511E+03    2.66968E+05    7.32101E+03    3.67973E+03    3.81496E-01   -5.78905E-01    2.15325E-01    9.11607E+00    1.72541E+01    1.69840E+01
    1.37923E+03    2.74559E+05    7.59104E+03    3.71701E+03    3.87639E-01   -5.83739E-01    2.16536E-01    9.26286E+00    1.75509E+01    1.72541E+01
    1.39350E+03    2.82467E+05    7.90801E+03    3.75465E+03    3.95733E-01   -5.90160E-01    2.17818E-01    9.43196E+00    1.78950E+01    1.75509E+01
    1.40792E+03    2.90789E+05    8.32238E+03    3.79268E+03    4.08125E-01   -6.00115E-01    2.19059E-01    9.64808E+00    1.83399E+01    1.78950E+01
    1.42247E+03    2.99813E+05    9.02330E+03    3.83108E+03    4.33633E-01   -6.20917E-01    2.19304E-01    1.00012E+01    1.90843E+01    1.83399E+01
    1.43717E+03    3.06001E+05    6.18846E+03    3.90904E+03    2.91442E-01   -5.34237E-01    7.76736E-02    8.28608E+00    1.61793E+01    1.12989E+01
    1.45202E+03    3.13355E+05    7.35400E+03    3.94861E+03    3.39397E-01   -5.54064E-01    1.80029E-01    9.12657E+00    1.73946E+01    1.61793E+01
    1.46702E+03    3.21320E+05    7.96519E+03    3.98857E+03    3.60244E-01   -5.65750E-01    2.00426E-01    9.46428E+00    1.79911E+01    1.73946E+01
    1.48217E+03    3.29704E+05    8.38371E+03    4.02894E+03    3.71582E-01   -5.73034E-01    2.07879E-01    9.68367E+00    1.84067E+01    1.79911E+01
    1.49747E+03    3.38435E+05    8.73062E+03    4.06970E+03    3.79212E-01   -5.78256E-01    2.11736E-01    9.86046E+00    1.87510E+01    1.84067E+01
    1.51292E+03    3.47482E+05    9.04687E+03    4.11088E+03    3.85084E-01   -5.82405E-01    2.14215E-01    1.00182E+01    1.90621E+01    1.87510E+01
    1.52852E+03    3.56831E+05    9.34959E+03    4.15246E+03    3.90006E-01   -5.85943E-01    2.16049E-01    1.01665E+01    1.93563E+01    1.90621E+01
    1.54428E+03    3.66478E+05    9.64715E+03    4.19446E+03    3.94367E-01   -5.89105E-01    2.17538E-01    1.03098E+01    1.96415E+01    1.93563E+01
    1.56020E+03    3.76423E+05    9.94417E+03    4.23689E+03    3.98378E-01   -5.92025E-01    2.18824E-01    1.04506E+01    1.99224E+01    1.96415E+01
    1.57628E+03    3.86666E+05    1.02435E+04    4.27973E+03    4.02160E-01   -5.94783E-01    2.19984E-01    1.05903E+01    2.02014E+01    1.99224E+01
    1.59252E+03    3.97213E+05    1.05469E+04    4.32300E+03    4.05792E-01   -5.97431E-01    2.21061E-01    1.07298E+01    2.04802E+01    2.02014E+01
    1.60893E+03    4.08069E+05    1.08557E+04    4.36671E+03    4.09325E-01   -6.00003E-01    2.22082E-01    1.08698E+01    2.07601E+01    2.04802E+01
    1.62549E+03    4.19240E+05    1.11711E+04    4.41086E+03    4.12794E-01   -6.02525E-01    2.23065E-01    1.10106E+01    2.10418E+01    2.07601E+01
    1.64222E+03    4.30733E+05    1.14937E+04    4.45544E+03    4.16226E-01   -6.05013E-01    2.24020E-01    1.11526E+01    2.13260E+01    2.10418E+01
    1.65912E+03    4.42558E+05    1.18244E+04    4.50047E+03    4.19642E-01   -6.07484E-01    2.24958E-01    1.12961E+01    2.16132E+01    2.13260E+01
    1.67619E+03    4.54722E+05    1.21637E+04    4.54595E+03    4.23060E-01   -6.09948E-01    2.25883E-01    1.14413E+01    2.19038E+01    2.16132E+01
    1.69343E+03    4.67234E+05    1.25125E+04    4.59189E+03    4.26494E-01   -6.12417E-01    2.26803E-01    1.15884E+01    2.21983E+01    2.19038E+01
    1.71084E+03    4.80105E+05    1.28713E+04    4.63829E+03    4.29961E-01   -6.14902E-01    2.27720E-01    1.17377E+01    2.24971E+01    2.21983E+01
    1.72843E+03    4.93346E+05    1.32409E+04    4.68515E+03    4.33473E-01   -6.17412E-01    2.28639E-01    1.18892E+01    2.28006E+01    2.24971E+01
    1.74619E+03    5.06969E+05    1.36223E+04    4.73247E+03    4.37050E-01   -6.19961E-01    2.29563E-01    1.20434E+01    2.31094E+01    2.28006E+01
    1.76413E+03    5.20985E+05    1.40162E+04    4.78028E+03    4.40711E-01   -6.22561E-01    2.30496E-01    1.22004E+01    2.34239E+01    2.31094E+01
    1.78224E+03    5.35409E+05    1.44241E+04    4.82856E+03    4.44480E-01   -6.25232E-01    2.31442E-01    1.23606E+01    2.37450E+01    2.34239E+01
    1.80054E+03    5.50256E+05    1.48474E+04    4.87732E+03    4.48391E-01   -6.27995E-01    2.32406E-01    1.25246E+01    2.40737E+01    2.37450E+01
    1.81903E+03    5.65545E+05    1.52883E+04    4.92657E+03    4.52488E-01   -6.30885E-01    2.33393E-01    1.26928E+01    2.44111E+01    2.40737E+01
    1.83769E+03    5.81294E+05    1.57496E+04    4.97631E+03    4.56837E-01   -6.33947E-01    2.34411E-01    1.28663E+01    2.47592E+01    2.44111E+01
    1.85655E+03    5.97530E+05    1.62355E+04    5.02655E+03    4.61536E-01   -6.37252E-01    2.35468E-01    1.30464E+01    2.51209E+01    2.47592E+01
    1.87559E+03    6.14283E+05    1.67529E+04    5.07729E+03    4.66742E-01   -6.40916E-01    2.36577E-01    1.32352E+01    2.55005E+01    2.51209E+01
    1.89482E+03    6.31596E+05    1.73131E+04    5.12854E+03    4.72725E-01   -6.45135E-01    2.37751E-01    1.34364E+01    2.59059E+01    2.55005E+01
    1.91425E+03    6.49533E+05    1.79371E+04    5.18031E+03    4.79994E-01   -6.50284E-01    2.39007E-01    1.36569E+01    2.63516E+01    2.59059E+01
    1.93387E+03    6.68203E+05    1.86701E+04    5.23259E+03    4.89644E-01   -6.57176E-01    2.40340E-01    1.39110E+01    2.68685E+01    2.63516E+01
    1.95368E+03    6.87833E+05    1.96297E+04    5.28539E+03    5.04542E-01   -6.67951E-01    2.41627E-01    1.42363E+01    2.75380E+01    2.68685E+01
    1.97370E+03    7.09089E+05    2.12567E+04    5.33872E+03    5.35467E-01   -6.90644E-01    2.41822E-01    1.47691E+01    2.86603E+01    2.75380E+01
    1.99391E+03    7.23684E+05    1.45944E+04    5.44699E+03    3.60311E-01   -5.94208E-01    8.50168E-02    1.21542E+01    2.42252E+01    1.67335E+01
    2.01433E+03    7.41003E+05    1.73191E+04    5.50193E+03    4.19055E-01   -6.16184E-01    1.98423E-01    1.34304E+01    2.60730E+01    2.42252E+01
    2.03495E+03    7.59740E+05    1.87367E+04    5.55743E+03    4.44316E-01   -6.28932E-01    2.20819E-01    1.39397E+01    2.69729E+01    2.60730E+01
    2.05577E+03    7.79440E+05    1.97003E+04    5.61348E+03    4.57855E-01   -6.36750E-01    2.28922E-01    1.42687E+01    2.75958E+01    2.69729E+01
    2.07681E+03    7.99934E+05    2.04941E+04    5.67009E+03    4.66813E-01   -6.42258E-01    2.33063E-01    1.45323E+01    2.81092E+01    2.75958E+01
    2.09805E+03    8.21148E+05    2.12141E+04    5.72727E+03    4.73584E-01   -6.46557E-01    2.35686E-01    1.47666E+01    2.85711E+01    2.81092E+01
    2.11951E+03    8.43048E+05    2.19000E+04    5.78502E+03    4.79155E-01   -6.50157E-01    2.37594E-01    1.49859E+01    2.90060E+01    2.85711E+01
    2.14118E+03    8.65619E+05    2.25713E+04    5.84335E+03    4.84003E-01   -6.53319E-01    2.39117E-01    1.51971E+01    2.94263E+01    2.90060E+01
    2.16307E+03    8.88858E+05    2.32383E+04    5.90226E+03    4.88381E-01   -6.56189E-01    2.40411E-01    1.54038E+01    2.98384E+01    2.94263E+01
    2.18518E+03    9.12765E+05    2.39075E+04    5.96176E+03    4.92437E-01   -6.58852E-01    2.41558E-01    1.56081E+01    3.02463E+01    2.98384E+01
    2.20751E+03    9.37348E+05    2.45828E+04    6.02185E+03    4.96261E-01   -6.61366E-01    2.42605E-01    1.58114E+01    3.06523E+01    3.02463E+01
    2.23006E+03    9.62615E+05    2.52668E+04    6.08255E+03    4.99913E-01   -6.63763E-01    2.43581E-01    1.60144E+01    3.10581E+01    3.06523E+01
    2.25284E+03    9.88577E+05    2.59616E+04    6.14385E+03    5.03432E-01   -6.66070E-01    2.44504E-01    1.62178E+01    3.14647E+01    3.10581E+01
    2.27584E+03    1.01525E+06    2.66685E+04    6.20576E+03    5.06844E-01   -6.68303E-01    2.45386E-01    1.64220E+01    3.18730E+01    3.14647E+01
    2.29908E+03    1.04263E+06    2.73886E+04    6.26830E+03    5.10168E-01   -6.70474E-01    2.46236E-01    1.66272E+01    3.22834E+01    3.18730E+01
    2.32254E+03    1.07076E+06    2.81229E+04    6.33146E+03    5.13418E-01   -6.72592E-01    2.47059E-01    1.68336E+01    3.26963E+01    3.22834E+01
    2.34625E+03    1.09963E+06    2.88721E+04    6.39525E+03    5.16604E-01   -6.74662E-01    2.47860E-01    1.70415E+01    3.31121E+01    3.26963E+01
    2.37019E+03    1.12927E+06    2.96367E+04    6.45968E+03    5.19732E-01   -6.76690E-01    2.48642E-01    1.72509E+01    3.35310E+01    3.31121E+01
    2.39436E+03    1.15968E+06    3.04174E+04    6.52475E+03    5.22809E-01   -6.78679E-01    2.49407E-01    1.74619E+01    3.39531E+01    3.35310E+01
    2.41879E+03    1.19090E+06    3.12147E+04    6.59048E+03    5.25836E-01   -6.80631E-01    2.50156E-01    1.76745E+01    3.43786E+01    3.39531E+01
    2.44345E+03    1.22293E+06    3.20289E+04    6.65686E+03    5.28817E-01   -6.82547E-01    2.50891E-01    1.78889E+01    3.48076E+01    3.43786E+01
    2.46836E+03    1.25579E+06    3.28604E+04    6.72391E+03    5.31754E-01   -6.84430E-01    2.51613E-01    1.81051E+01    3.52400E+01    3.48076E+01
    2.49352E+03    1.28950E+06    3.37097E+04    6.79162E+03    5.34647E-01   -6.86280E-01    2.52321E-01    1.83230E+01    3.56761E+01    3.52400E+01
    2.51893E+03    1.32407E+06    3.45771E+04    6.86001E+03    5.37496E-01   -6.88098E-01    2.53017E-01    1.85428E+01    3.61158E+01    3.56761E+01
    2.54460E+03    1.35954E+06    3.54629E+04    6.92909E+03    5.40303E-01   -6.89883E-01    2.53701E-01    1.87644E+01    3.65592E+01    3.61158E+01
    2.57052E+03    1.39590E+06    3.63675E+04    6.99886E+03    5.43065E-01   -6.91635E-01    2.54373E-01    1.89878E+01    3.70063E+01    3.65592E+01
    2.59671E+03    1.43320E+06    3.72911E+04    7.06932E+03    5.45785E-01   -6.93356E-01    2.55033E-01    1.92131E+01    3.74570E+01    3.70063E+01
    2.62315E+03    1.47143E+06    3.82340E+04    7.14049E+03    5.48460E-01   -6.95045E-01    2.55682E-01    1.94403E+01    3.79114E+01    3.74570E+01
    2.64986E+03    1.51063E+06    3.91967E+04    7.21238E+03    5.51091E-01   -6.96701E-01    2.56318E-01    1.96693E+01    3.83696E+01    3.79114E+01
    2.67683E+03    1.55081E+06    4.01793E+04    7.28498E+03    5.53677E-01   -6.98325E-01    2.56942E-01    1.99001E+01    3.88315E+01    3.83696E+01
    2.70408E+03    1.59199E+06    4.11824E+04    7.35830E+03    5.56220E-01   -6.99918E-01    2.57555E-01    2.01329E+01    3.92972E+01    3.88315E+01
    2.73160E+03    1.63419E+06    4.22063E+04    7.43236E+03    5.58718E-01   -7.01480E-01    2.58155E-01    2.03675E+01    3.97667E+01    3.92972E+01
    2.75939E+03    1.67745E+06    4.32514E+04    7.50716E+03    5.61175E-01   -7.03013E-01    2.58744E-01    2.06041E+01    4.02401E+01    3.97667E+01
    2.78746E+03    1.72176E+06    4.43184E+04    7.58271E+03    5.63593E-01   -7.04518E-01    2.59321E-01    2.08428E+01    4.07175E+01    4.02401E+01
    2.81581E+03    1.76717E+06    4.54080E+04    7.65902E+03    5.65975E-01   -7.05999E-01    2.59887E-01    2.10835E+01    4.11992E+01    4.07175E+01
    2.84445E+03    1.81369E+06    4.65211E+04    7.73608E+03    5.68329E-01   -7.07459E-01    2.60442E-01    2.13264E+01    4.16853E+01    4.11992E+01
    2.87337E+03    1.86135E+06    4.76590E+04    7.81392E+03    5.70663E-01   -7.08906E-01    2.60988E-01    2.15718E+01    4.21763E+01    4.16853E+01
    2.90258E+03    1.91018E+06    4.88233E+04    7.89254E+03    5.72991E-01   -7.10349E-01    2.61525E-01    2.18198E+01    4.26727E+01    4.21763E+01
    2.93208E+03    1.96019E+06    5.00164E+04    7.97194E+03    5.75333E-01   -7.11800E-01    2.62056E-01    2.20709E+01    4.31754E+01    4.26727E+01
    2.96188E+03    2.01143E+06    5.12416E+04    8.05214E+03    5.77720E-01   -7.13281E-01    2.62584E-01    2.23257E+01    4.36855E+01    4.31754E+01
    2.99197E+03    2.06394E+06    5.25039E+04    8.13314E+03    5.80195E-01   -7.14819E-01    2.63112E-01    2.25850E+01    4.42050E+01    4.36855E+01
    3.02237E+03    2.11775E+06    5.38106E+04    8.21494E+03    5.82826E-01   -7.16462E-01    2.63646E-01    2.28502E+01    4.47365E+01    4.42050E+01
    3.05307E+03    2.17292E+06    5.51736E+04    8.29757E+03    5.85722E-01   -7.18278E-01    2.64193E-01    2.31234E+01    4.52847E+01    4.47365E+01
    3.08408E+03    2.22953E+06    5.66120E+04    8.38102E+03    5.89059E-01   -7.20388E-01    2.64765E-01    2.34081E+01    4.58567E+01    4.52847E+01
    3.11540E+03    2.28769E+06    5.81599E+04    8.46531E+03    5.93150E-01   -7.22998E-01    2.65375E-01    2.37105E+01    4.64658E+01    4.58567E+01
    3.14703E+03    2.34758E+06    5.98821E+04    8.55044E+03    5.98591E-01   -7.26509E-01    2.66036E-01    2.40424E+01    4.71368E+01    4.64658E+01
    3.17898E+03    2.40949E+06    6.19198E+04    8.63642E+03    6.06673E-01   -7.31793E-01    2.66743E-01    2.44290E+01    4.79240E+01    4.71368E+01
    3.21124E+03    2.47414E+06    6.46452E+04    8.72326E+03    6.20803E-01   -7.41163E-01    2.67358E-01    2.49362E+01    4.89700E+01    4.79240E+01
    3.24383E+03    2.54360E+06    6.94618E+04    8.81097E+03    6.53818E-01   -7.63324E-01    2.66749E-01    2.58052E+01    5.08052E+01    4.89700E+01
    3.27675E+03    2.59069E+06    4.70893E+04    8.98903E+03    4.34437E-01   -6.52542E-01    9.28775E-02    2.09776E+01    4.25630E+01    2.92053E+01
    3.30999E+03    2.64616E+06    5.54690E+04    9.07940E+03    5.01591E-01   -6.74259E-01    2.16718E-01    2.31727E+01    4.56995E+01    4.25630E+01
    3.34357E+03    2.70568E+06    5.95228E+04    9.17067E+03    5.27568E-01   -6.85448E-01    2.40270E-01    2.39870E+01    4.71166E+01    4.56995E+01
    3.37748E+03    2.76773E+06    6.20508E+04    9.26285E+03    5.39062E-01   -6.91016E-01    2.48112E-01    2.44713E+01    4.80220E+01    4.71166E+01
    3.41173E+03    2.83171E+06    6.39740E+04    9.35596E+03    5.44742E-01   -6.93869E-01    2.51570E-01    2.48313E+01    4.87158E+01    4.80220E+01
    3.44633E+03    2.89731E+06    6.55994E+04    9.44999E+03    5.47501E-01   -6.95221E-01    2.53314E-01    2.51308E+01    4.93011E+01    4.87158E+01
    3.48127E+03    2.96436E+06    6.70524E+04    9.54497E+03    5.48525E-01   -6.95627E-01    2.54221E-01    2.53951E+01    4.98213E+01    4.93011E+01
    3.51656E+03    3.03275E+06    6.83913E+04    9.64090E+03    5.48380E-01   -6.95367E-01    2.54646E-01    2.56359E+01    5.02972E+01    4.98213E+01
    3.55220E+03    3.10240E+06    6.96458E+04    9.73778E+03    5.47362E-01   -6.94594E-01    2.54757E-01    2.58591E+01    5.07394E+01    5.02972E+01
    3.58820E+03    3.17323E+06    7.08312E+04    9.83564E+03    5.45637E-01   -6.93394E-01    2.54642E-01    2.60682E+01    5.11538E+01    5.07394E+01
    3.62456E+03    3.24518E+06    7.19554E+04    9.93447E+03    5.43304E-01   -6.91817E-01    2.54347E-01    2.62647E+01    5.15435E+01    5.11538E+01
    3.66128E+03    3.31821E+06    7.30217E+04    1.00343E+04    5.40420E-01   -6.89894E-01    2.53902E-01    2.64495E+01    5.19102E+01    5.15435E+01
    3.69837E+03    3.39224E+06    7.40306E+04    1.01351E+04    5.37022E-01   -6.87641E-01    2.53323E-01    2.66231E+01    5.22544E+01    5.19102E+01
    3.73583E+03    3.46722E+06    7.49808E+04    1.02369E+04    5.33130E-01   -6.85065E-01    2.52619E-01    2.67854E+01    5.25760E+01    5.22544E+01
    3.77366E+03    3.54309E+06    7.58696E+04    1.03398E+04    5.28753E-01   -6.82167E-01    2.51796E-01    2.69361E+01    5.28745E+01    5.25760E+01
    3.81188E+03    3.61978E+06    7.66931E+04    1.04437E+04    5.23896E-01   -6.78945E-01    2.50856E-01    2.70749E+01    5.31489E+01    5.28745E+01
    3.85047E+03    3.69723E+06    7.74469E+04    1.05486E+04    5.18556E-01   -6.75394E-01    2.49799E-01    2.72011E+01    5.33981E+01    5.31489E+01
    3.88946E+03    3.77535E+06    7.81257E+04    1.06545E+04    5.12731E-01   -6.71503E-01    2.48624E-01    2.73140E+01    5.36206E+01    5.33981E+01
    3.92883E+03    3.85408E+06    7.87235E+04    1.07616E+04    5.06413E-01   -6.67264E-01    2.47329E-01    2.74129E+01    5.38148E+01    5.36206E+01
    3.96859E+03    3.93331E+06    7.92340E+04    1.08697E+04    4.99594E-01   -6.62662E-01    2.45911E-01    2.74968E+01    5.39788E+01    5.38148E+01
    4.00875E+03    4.01296E+06    7.96503E+04    1.09788E+04    4.92264E-01   -6.57685E-01    2.44365E-01    2.75647E+01    5.41106E+01    5.39788E+01
    4.04932E+03    4.09292E+06    7.99650E+04    1.10891E+04    4.84414E-01   -6.52316E-01    2.42688E-01    2.76156E+01    5.42081E+01    5.41106E+01
    4.09029E+03    4.17309E+06    8.01703E+04    1.12005E+04    4.76033E-01   -6.46540E-01    2.40873E-01    2.76482E+01    5.42687E+01    5.42081E+01
    4.13167E+03    4.25335E+06    8.02582E+04    1.13129E+04    4.67111E-01   -6.40336E-01    2.38916E-01    2.76612E+01    5.42900E+01    5.42687E+01
    4.17346E+03    4.33357E+06    8.02200E+04    1.14265E+04    4.57637E-01   -6.33686E-01    2.36810E-01    2.76533E+01    5.42691E+01    5.42900E+01
    4.21567E+03    4.41362E+06    8.00469E+04    1.15413E+04    4.47601E-01   -6.26569E-01    2.34548E-01    2.76230E+01    5.42030E+01    5.42691E+01
    4.25831E+03    4.49335E+06    7.97298E+04    1.16572E+04    4.36994E-01   -6.18962E-01    2.32123E-01    2.75687E+01    5.40886E+01    5.42030E+01
    4.30137E+03    4.57261E+06    7.92594E+04    1.17742E+04    4.25809E-01   -6.10841E-01    2.29528E-01    2.74887E+01    5.39223E+01    5.40886E+01
    4.34486E+03    4.65124E+06    7.86260E+04    1.18924E+04    4.14038E-01   -6.02180E-01    2.26754E-01    2.73811E+01    5.37006E+01    5.39223E+01
    4.38878E+03    4.72906E+06    7.78201E+04    1.20118E+04    4.01676E-01   -5.92953E-01    2.23792E-01    2.72440E+01    5.34194E+01    5.37006E+01
    4.43315E+03    4.80589E+06    7.68320E+04    1.21324E+04    3.88719E-01   -5.83130E-01    2.20634E-01    2.70754E+01    5.30745E+01    5.34194E+01
    4.47796E+03    4.88154E+06    7.56520E+04    1.22542E+04    3.75168E-01   -5.72680E-01    2.17269E-01    2.68728E+01    5.26614E+01    5.30745E+01
    4.52321E+03    4.95581E+06    7.42706E+04    1.23773E+04    3.61022E-01   -5.61569E-01    2.13687E-01    2.66340E+01    5.21751E+01    5.26614E+01
    4.56892E+03    5.02849E+06    7.26789E+04    1.25015E+04    3.46288E-01   -5.49763E-01    2.09876E-01    2.63563E+01    5.16105E+01    5.21751E+01
    4.61509E+03    5.09936E+06    7.08680E+04    1.26270E+04    3.30972E-01   -5.37223E-01    2.05825E-01    2.60369E+01    5.09618E+01    5.16105E+01
    4.66172E+03    5.16819E+06    6.88300E+04    1.27538E+04    3.15088E-01   -5.23906E-01    2.01520E-01    2.56727E+01    5.02228E+01    5.09618E+01
    4.70881E+03    5.23474E+06    6.65576E+04    1.28818E+04    2.98652E-01   -5.09768E-01    1.96947E-01    2.52603E+01    4.93868E+01    5.02228E+01
    4.75638E+03    5.29879E+06    6.40448E+04    1.30111E+04    2.81686E-01   -4.94759E-01    1.92092E-01    2.47963E+01    4.84466E+01    4.93868E+01
    4.80442E+03    5.36008E+06    6.12869E+04    1.31417E+04    2.64218E-01   -4.78824E-01    1.86938E-01    2.42765E+01    4.73940E+01    4.84466E+01
    4.85294E+03    5.41836E+06    5.82810E+04    1.32735E+04    2.46284E-01   -4.61902E-01    1.81467E-01    2.36966E+01    4.62201E+01    4.73940E+01
    4.90194E+03    5.47338E+06    5.50262E+04    1.34068E+04    2.27926E-01   -4.43925E-01    1.75660E-01    2.30517E+01    4.49150E+01    4.62201E+01
    4.95144E+03    5.52491E+06    5.15243E+04    1.35413E+04    2.09195E-01   -4.24814E-01    1.69495E-01    2.23361E+01    4.34675E+01    4.49150E+01
    5.00143E+03    5.57269E+06    4.77803E+04    1.36772E+04    1.90153E-01   -4.04477E-01    1.62948E-01    2.15437E+01    4.18646E+01    4.34675E+01
    5.05192E+03    5.61649E+06    4.38030E+04    1.38144E+04    1.70874E-01   -3.82806E-01    1.55991E-01    2.06670E+01    4.00915E+01    4.18646E+01
    5.10292E+03    5.65610E+06    3.96061E+04    1.39531E+04    1.51443E-01   -3.59672E-01    1.48593E-01    1.96973E+01    3.81304E+01    4.00915E+01
    5.15442E+03    5.69131E+06    3.52090E+04    1.40931E+04    1.31965E-01   -3.34909E-01    1.40716E-01    1.86241E+01    3.59598E+01    3.81304E+01
    5.20645E+03    5.72194E+06    3.06387E+04    1.42345E+04    1.12562E-01   -3.08309E-01    1.32319E-01    1.74342E+01    3.35525E+01    3.59598E+01
    5.25899E+03    5.74788E+06    2.59315E+04    1.43773E+04    9.33832E-02   -2.79587E-01    1.23347E-01    1.61103E+01    3.08733E+01    3.35525E+01
    5.31205E+03    5.76901E+06    2.11368E+04    1.45215E+04    7.46102E-02   -2.48342E-01    1.13738E-01    1.46290E+01    2.78733E+01    3.08733E+01
    5.36565E+03    5.78534E+06    1.63223E+04    1.46672E+04    5.64753E-02   -2.13964E-01    1.03416E-01    1.29556E+01    2.44805E+01    2.78733E+01
    5.41979E+03    5.79692E+06    1.15855E+04    1.48144E+04    3.92926E-02   -1.75427E-01    9.22924E-02    1.10342E+01    2.05779E+01    2.44805E+01
    5.47446E+03    5.80400E+06    7.08090E+03    1.49630E+04    2.35399E-02   -1.30729E-01    8.03107E-02    8.76027E+00    1.59434E+01    2.05779E+01
    5.52968E+03    5.80712E+06    3.11978E+03    1.51131E+04    1.01662E-02   -7.46817E-02    6.77412E-02    5.87566E+00    1.00202E+01    1.59434E+01
    5.58546E+03    5.81067E+06    3.55111E+03    1.51131E+04    1.13428E-02   -6.46915E-02    8.46039E-02    1.00202E+01    1.36463E+01    2.25941E+01
    5.64179E+03    5.81503E+06    4.36047E+03    1.51131E+04    1.36524E-02   -5.73621E-02    1.01794E-01    1.36463E+01    1.68936E+01    2.87750E+01
    5.69868E+03    5.82051E+06    5.47378E+03    1.51131E+04    1.67991E-02   -5.18188E-02    1.18802E-01    1.68936E+01    1.98565E+01    3.45500E+01
    5.75615E+03    5.82735E+06    6.84339E+03    1.51131E+04    2.05869E-02   -4.75059E-02    1.35389E-01    1.98565E+01    2.26000E+01    3.99781E+01
    5.81418E+03    5.83579E+06    8.43801E+03    1.51131E+04    2.48817E-02   -4.40636E-02    1.51460E-01    2.26000E+01    2.51701E+01    4.51101E+01
    5.87280E+03    5.84603E+06    1.02373E+04    1.51131E+04    2.95901E-02   -4.12539E-02    1.66998E-01    2.51701E+01    2.76003E+01    4.99894E+01
    5.93201E+03    5.85825E+06    1.22283E+04    1.51131E+04    3.46458E-02   -3.89162E-02    1.82020E-01    2.76003E+01    2.99158E+01    5.46523E+01
    5.99180E+03    5.87266E+06    1.44036E+04    1.51131E+04    4.00016E-02   -3.69394E-02    1.96563E-01    2.99158E+01    3.21357E+01    5.91292E+01
    6.05220E+03    5.88942E+06    1.67595E+04    1.51131E+04    4.56239E-02   -3.52451E-02    2.10670E-01    3.21357E+01    3.42749E+01    6.34456E+01
    6.11320E+03    5.90871E+06    1.92954E+04    1.51131E+04    5.14883E-02   -3.37766E-02    2.24382E-01    3.42749E+01    3.63455E+01    6.76228E+01
    6.17481E+03    5.93072E+06    2.20128E+04    1.51131E+04    5.75775E-02   -3.24921E-02    2.37743E-01    3.63455E+01    3.83573E+01    7.16791E+01
    6.23703E+03    5.95564E+06    2.49149E+04    1.51131E+04    6.38794E-02   -3.13602E-02    2.50791E-01    3.83573E+01    4.03184E+01    7.56300E+01
    6.29988E+03    5.98365E+06    2.80064E+04    1.51131E+04    7.03856E-02   -3.03568E-02    2.63560E-01    4.03184E+01    4.22357E+01    7.94889E+01
    6.36335E+03    6.01494E+06    3.12934E+04    1.51131E+04    7.70910E-02   -2.94631E-02    2.76085E-01    4.22357E+01    4.41152E+01    8.32677E+01
    6.42747E+03    6.04972E+06    3.47829E+04    1.51131E+04    8.39928E-02   -2.86645E-02    2.88394E-01    4.41152E+01    4.59620E+01    8.69765E+01
    6.49222E+03    6.08821E+06    3.84831E+04    1.51131E+04    9.10901E-02   -2.79489E-02    3.00515E-01    4.59620E+01    4.77808E+01    9.06247E+01
    6.55762E+03    6.13061E+06    4.24030E+04    1.51131E+04    9.83839E-02   -2.73068E-02    3.12471E-01    4.77808E+01    4.95755E+01    9.42205E+01
    6.62367E+03    6.17716E+06    4.65529E+04    1.51131E+04    1.05877E-01   -2.67302E-02    3.24287E-01    4.95755E+01    5.13499E+01    9.77713E+01
    6.69038E+03    6.22811E+06    5.09437E+04    1.51131E+04    1.13572E-01   -2.62126E-02    3.35983E-01    5.13499E+01    5.31073E+01    1.01284E+02
    6.75776E+03    6.28369E+06    5.55876E+04    1.51131E+04    1.21474E-01   -2.57487E-02    3.47579E-01    5.31073E+01    5.48509E+01    1.04765E+02
    6.82582E+03    6.34419E+06    6.04978E+04    1.51131E+04    1.29590E-01   -2.53338E-02    3.59094E-01    5.48509E+01    5.65836E+01    1.08220E+02
    6.89455E+03    6.40988E+06    6.56884E+04    1.51131E+04    1.37927E-01   -2.49640E-02    3.70545E-01    5.65836E+01    5.83080E+01    1.11654E+02
    6.96398E+03    6.48105E+06    7.11749E+04    1.51131E+04    1.46492E-01   -2.46362E-02    3.81949E-01    5.83080E+01    6.00268E+01    1.15074E+02
    7.03409E+03    6.55803E+06    7.69738E+04    1.51131E+04    1.55295E-01   -2.43476E-02    3.93322E-01    6.00268E+01    6.17425E+01    1.18483E+02
    7.10491E+03    6.64113E+06    8.31032E+04    1.51131E+04    1.64347E-01   -2.40958E-02    4.04680E-01    6.17425E+01    6.34574E+01    1.21886E+02
    7.17644E+03    6.73071E+06    8.95823E+04    1.51131E+04    1.73658E-01   -2.38789E-02    4.16038E-01    6.34574E+01    6.51739E+01    1.25289E+02
    7.24868E+03    6.82715E+06    9.64320E+04    1.51131E+04    1.83241E-01   -2.36950E-02    4.27410E-01    6.51739E+01    6.68941E+01    1.28696E+02
    7.32164E+03    6.93082E+06    1.03675E+05    1.51131E+04    1.93109E-01   -2.35429E-02    4.38811E-01    6.68941E+01    6.86205E+01    1.32111E+02
    7.39533E+03    7.04215E+06    1.11335E+05    1.51131E+04    2.03278E-01   -2.34213E-02    4.50255E-01    6.86205E+01    7.03550E+01    1.35538E+02
    7.46976E+03    7.16159E+06    1.19439E+05    1.51131E+04    2.13763E-01   -2.33293E-02    4.61757E-01    7.03550E+01    7.21001E+01    1.38982E+02
    7.54494E+03    7.28961E+06    1.28014E+05    1.51131E+04    2.24583E-01   -2.32659E-02    4.73330E-01    7.21001E+01    7.38578E+01    1.42447E+02
    7.62087E+03    7.42670E+06    1.37092E+05    1.51131E+04    2.35754E-01   -2.32306E-02    4.84989E-01    7.38578E+01    7.56304E+01    1.45937E+02
    7.69755E+03    7.57340E+06    1.46705E+05    1.51131E+04    2.47299E-01   -2.32230E-02    4.96750E-01    7.56304E+01    7.74201E+01    1.49458E+02
    7.77500E+03    7.73029E+06    1.56889E+05    1.51131E+04    2.59240E-01   -2.32427E-02    5.08625E-01    7.74201E+01    7.92293E+01    1.53012E+02
    7.85323E+03    7.89798E+06    1.67682E+05    1.51131E+04    2.71599E-01   -2.32894E-02    5.20631E-01    7.92293E+01    8.10602E+01    1.56606E+02
    7.93224E+03    8.07710E+06    1.79127E+05    1.51131E+04    2.84402E-01   -2.33632E-02    5.32782E-01    8.10602E+01    8.29153E+01    1.60243E+02
    8.01204E+03    8.26837E+06    1.91269E+05    1.51131E+04    2.97678E-01   -2.34641E-02    5.45094E-01    8.29153E+01    8.47970E+01    1.63928E+02
    8.09264E+03    8.47253E+06    2.04157E+05    1.51131E+04    3.11457E-01   -2.35923E-02    5.57584E-01    8.47970E+01    8.67080E+01    1.67666E+02
    8.17404E+03    8.69037E+06    2.17844E+05    1.51131E+04    3.25771E-01   -2.37481E-02    5.70269E-01    8.67080E+01    8.86507E+01    1.71462E+02
    8.25626E+03    8.92276E+06    2.32389E+05    1.51131E+04    3.40655E-01   -2.39321E-02    5.83166E-01    8.86507E+01    9.06282E+01    1.75321E+02
    8.33930E+03    9.17062E+06    2.47856E+05    1.51131E+04    3.56147E-01   -2.41446E-02    5.96292E-01    9.06282E+01    9.26431E+01    1.79250E+02
    8.42317E+03    9.43493E+06    2.64312E+05    1.51131E+04    3.72290E-01   -2.43866E-02    6.09668E-01    9.26431E+01    9.46986E+01    1.83252E+02
    8.50787E+03    9.71677E+06    2.81835E+05    1.51131E+04    3.89127E-01   -2.46588E-02    6.23313E-01    9.46986E+01    9.67978E+01    1.87336E+02
    8.59343E+03    1.00173E+07    3.00506E+05    1.51131E+04    4.06708E-01   -2.49622E-02    6.37248E-01    9.67978E+01    9.89441E+01    1.91506E+02
    8.67984E+03    1.03377E+07    3.20415E+05    1.51131E+04    4.25085E-01   -2.52981E-02    6.51495E-01    9.89441E+01    1.01141E+02    1.95770E+02
    8.76712E+03    1.06793E+07    3.41663E+05    1.51131E+04    4.44318E-01   -2.56677E-02    6.66077E-01    1.01141E+02    1.03392E+02    2.00134E+02
    8.85526E+03    1.10437E+07    3.64356E+05    1.51131E+04    4.64469E-01   -2.60726E-02    6.81020E-01    1.03392E+02    1.05702E+02    2.04606E+02
    8.94429E+03    1.14323E+07    3.88616E+05    1.51131E+04    4.85607E-01   -2.65145E-02    6.96350E-01    1.05702E+02    1.08074E+02    2.09194E+02
    9.03421E+03    1.18469E+07    4.14572E+05    1.51131E+04    5.07807E-01   -2.69954E-02    7.12095E-01    1.08074E+02    1.10514E+02    2.13906E+02
    9.12503E+03    1.22893E+07    4.42372E+05    1.51131E+04    5.31154E-01   -2.75174E-02    7.28284E-01    1.10514E+02    1.13025E+02    2.18752E+02
    9.21676E+03    1.27614E+07    4.72174E+05    1.51131E+04    5.55738E-01   -2.80831E-02    7.44949E-01    1.13025E+02    1.15614E+02    2.23740E+02
    9.30940E+03    1.32656E+07    5.04157E+05    1.51131E+04    5.81660E-01   -2.86952E-02    7.62126E-01    1.15614E+02    1.18286E+02    2.28882E+02
    9.40298E+03    1.38041E+07    5.38517E+05    1.51131E+04    6.09029E-01   -2.93568E-02    7.79851E-01    1.18286E+02    1.21046E+02    2.34188E+02
    9.49748E+03    1.43796E+07    5.75474E+05    1.51131E+04    6.37969E-01   -3.00714E-02    7.98163E-01    1.21046E+02    1.23902E+02    2.39670E+02
    9.59293E+03    1.49949E+07    6.15271E+05    1.51131E+04    6.68615E-01   -3.08430E-02    8.17107E-01    1.23902E+02    1.26861E+02    2.45342E+02
    9.68934E+03    1.56530E+07    6.58180E+05    1.51131E+04    7.01117E-01   -3.16760E-02    8.36728E-01    1.26861E+02    1.29930E+02    2.51216E+02
    9.78671E+03    1.63575E+07    7.04506E+05    1.51131E+04    7.35642E-01   -3.25753E-02    8.57077E-01    1.29930E+02    1.33118E+02    2.57310E+02
    9.88505E+03    1.71121E+07    7.54591E+05    1.51131E+04    7.72377E-01   -3.35466E-02    8.78209E-01    1.33118E+02    1.36433E+02    2.63638E+02
    9.98438E+03    1.79210E+07    8.08817E+05    1.51131E+04    8.11530E-01   -3.45963E-02    9.00185E-01    1.36433E+02    1.39887E+02    2.70219E+02
    1.00847E+04    1.87886E+07    8.67619E+05    1.51131E+04    8.53336E-01   -3.57315E-02    9.23071E-01    1.39887E+02    1.43489E+02    2.77074E+02
    1.01860E+04    1.97201E+07    9.31486E+05    1.51131E+04    8.98058E-01   -3.69606E-02    9.46938E-01    1.43489E+02    1.47253E+02    2.84224E+02
    1.02884E+04    2.07210E+07    1.00097E+06    1.51131E+04    9.45992E-01   -3.82929E-02    9.71867E-01    1.47253E+02    1.51191E+02    2.91692E+02
    1.03917E+04    2.17977E+07    1.07671E+06    1.51131E+04    9.97475E-01   -3.97392E-02    9.97946E-01    1.51191E+02    1.55319E+02    2.99507E+02
    1.04961E+04    2.29572E+07    1.15943E+06    1.51131E+04    1.05289E+00   -4.13119E-02    1.02527E+00    1.55319E+02    1.59653E+02    3.07696E+02
    1.06016E+04    2.42071E+07    1.24994E+06    1.51131E+04    1.11267E+00   -4.30252E-02    1.05395E+00    1.59653E+02    1.64212E+02    3.16293E+02
    1.07080E+04    2.55563E+07    1.34921E+06    1.51131E+04    1.17732E+00   -4.48958E-02    1.08411E+00    1.64212E+02    1.69017E+02    3.25334E+02
    1.08156E+04    2.70146E+07    1.45833E+06    1.51131E+04    1.24741E+00   -4.69430E-02    1.11589E+00    1.69017E+02    1.74091E+02    3.34861E+02
    1.09242E+04    2.85932E+07    1.57857E+06    1.51131E+04    1.32360E+00   -4.91894E-02    1.14943E+00    1.74091E+02    1.79461E+02    3.44920E+02
    1.10340E+04    3.03047E+07    1.71143E+06    1.51131E+04    1.40666E+00   -5.16617E-02    1.18490E+00    1.79461E+02    1.85158E+02    3.55563E+02
    1.11448E+04    3.21633E+07    1.85865E+06    1.51131E+04    1.49750E+00   -5.43917E-02    1.22252E+00    1.85158E+02    1.91215E+02    3.66849E+02
    1.12567E+04    3.41856E+07    2.02229E+06    1.51131E+04    1.59717E+00   -5.74172E-02    1.26249E+00    1.91215E+02    1.97674E+02    3.78847E+02
    1.13697E+04    3.63904E+07    2.20477E+06    1.51131E+04    1.70691E+00   -6.07838E-02    1.30507E+00    1.97674E+02    2.04579E+02    3.91635E+02
    1.14839E+04    3.87994E+07    2.40901E+06    1.51131E+04    1.82821E+00   -6.45467E-02    1.35057E+00    2.04579E+02    2.11985E+02    4.05302E+02
    1.15992E+04    4.14379E+07    2.63851E+06    1.51131E+04    1.96284E+00   -6.87735E-02    1.39932E+00    2.11985E+02    2.19956E+02    4.19954E+02
    1.17157E+04    4.43354E+07    2.89749E+06    1.51131E+04    2.11294E+00   -7.35481E-02    1.45173E+00    2.19956E+02    2.28564E+02    4.35713E+02
    1.18333E+04    4.75265E+07    3.19113E+06    1.51131E+04    2.28112E+00   -7.89750E-02    1.50827E+00    2.28564E+02    2.37901E+02    4.52725E+02
    1.19521E+04    5.10523E+07    3.52580E+06    1.51131E+04    2.47060E+00   -8.51867E-02    1.56950E+00    2.37901E+02    2.48072E+02    4.71161E+02
    1.20721E+04    5.49618E+07    3.90945E+06    1.51131E+04    2.68534E+00   -9.23531E-02    1.63610E+00    2.48072E+02    2.59209E+02    4.91230E+02
    1.21933E+04    5.93138E+07    4.35209E+06    1.51131E+04    2.93037E+00   -1.00696E-01    1.70887E+00    2.59209E+02    2.71474E+02    5.13183E+02
    1.23158E+04    6.41804E+07    4.86652E+06    1.51131E+04    3.21206E+00   -1.10508E-01    1.78881E+00    2.71474E+02    2.85069E+02    5.37329E+02
    1.24394E+04    6.96497E+07    5.46930E+06    1.51131E+04    3.53865E+00   -1.22188E-01    1.87716E+00    2.85069E+02    3.00251E+02    5.64054E+02
    1.25643E+04    7.58319E+07    6.18225E+06    1.51131E+04    3.92097E+00   -1.36286E-01    1.97545E+00    3.00251E+02    3.17354E+02    5.93844E+02
    1.26904E+04    8.28666E+07    7.03465E+06    1.51131E+04    4.37351E+00   -1.53586E-01    2.08565E+00    3.17354E+02    3.36820E+02    6.27324E+02
    1.28178E+04    9.09332E+07    8.06665E+06    1.51131E+04    4.91611E+00   -1.75240E-01    2.21029E+00    3.36820E+02    3.59253E+02    6.65316E+02
    1.29464E+04    1.00268E+08    9.33465E+06    1.51131E+04    5.57658E+00   -2.03005E-01    2.35274E+00    3.59253E+02    3.85501E+02    7.08919E+02
    1.30764E+04    1.11188E+08    1.09202E+07    1.51131E+04    6.39505E+00   -2.39697E-01    2.51746E+00    3.85501E+02    4.16802E+02    7.59648E+02
    1.32076E+04    1.24134E+08    1.29455E+07    1.51131E+04    7.43141E+00   -2.90079E-01    2.71058E+00    4.16802E+02    4.55062E+02    8.19651E+02
    1.33401E+04    1.39734E+08    1.56001E+07    1.51131E+04    8.77855E+00   -3.62808E-01    2.94056E+00    4.55062E+02    5.03392E+02    8.92091E+02
    1.34740E+04    1.58927E+08    1.91936E+07    1.51131E+04    1.05875E+01   -4.75001E-01    3.21898E+00    5.03392E+02    5.67301E+02    9.81800E+02
    1.36092E+04    1.83190E+08    2.42626E+07    1.51131E+04    1.31195E+01   -6.64094E-01    3.56068E+00    5.67301E+02    6.57545E+02    1.09649E+03
    1.37458E+04    2.15034E+08    3.18442E+07    1.51131E+04    1.68792E+01   -1.02182E+00    3.97933E+00    6.57545E+02    7.97789E+02    1.24896E+03
    1.38837E+04    2.59587E+08    4.45525E+07    1.51131E+04    2.31492E+01   -1.80145E+00    4.46138E+00    7.97789E+02    1.04751E+03    1.46084E+03
    1.40231E+04    3.33825E+08    7.42388E+07    1.51131E+04    3.78126E+01   -3.78823E+00    4.84376E+00    1.04751E+03    1.57789E+03    1.76739E+03
    1.41638E+04    4.54008E+08    1.20183E+08    1.52647E+04    6.00055E+01   -5.76845E+00    5.17015E+00    8.01813E+02    1.61752E+03    1.57789E+03
    1.43059E+04    6.21410E+08    1.67402E+08    1.54178E+04    8.19315E+01   -7.80545E+00    4.58329E+00    9.22652E+02    2.03744E+03    1.61752E+03
