 # rho, F_z,dF_z, z(rho), E2 (=>sigma2=e0^2*E2), Er, Ez, Ui,j , Ui+1,j , Ui,j-1
    2.50000E-01    2.33692E-01    2.33692E-01    0.00000E+00    1.86954E+00   -3.49419E-01    1.32191E+00    1.83566E+00    2.01037E+00    2.49662E+00
    7.40956E-01    6.74792E-01    4.41099E-01    5.00000E-01    1.23531E+00   -1.28981E-01    1.10393E+00    1.45841E+00    1.52056E+00    2.01037E+00
    1.22528E+00    1.36927E+00    6.94477E-01    5.00000E-01    1.16448E+00   -4.18105E-02    1.07830E+00    1.52056E+00    1.54091E+00    2.05972E+00
    1.71444E+00    2.36769E+00    9.98425E-01    5.00000E-01    1.18463E+00   -2.36685E-02    1.08815E+00    1.54091E+00    1.55255E+00    2.08499E+00
    2.20850E+00    3.70100E+00    1.33331E+00    5.00000E-01    1.21591E+00   -2.09722E-02    1.10248E+00    1.55255E+00    1.56296E+00    2.10379E+00
    2.70750E+00    5.40212E+00    1.70112E+00    5.00000E-01    1.25289E+00   -2.39848E-02    1.11907E+00    1.56296E+00    1.57499E+00    2.12250E+00
    3.21149E+00    7.51404E+00    2.11191E+00    5.00000E-01    1.29836E+00   -3.13199E-02    1.13902E+00    1.57499E+00    1.59085E+00    2.14450E+00
    3.72051E+00    1.00964E+01    2.58236E+00    5.00000E-01    1.35680E+00   -4.52124E-02    1.16394E+00    1.59085E+00    1.61398E+00    2.17283E+00
    4.23463E+00    1.32335E+01    3.13707E+00    5.00000E-01    1.43381E+00   -7.36327E-02    1.19515E+00    1.61398E+00    1.65203E+00    2.21156E+00
    4.75389E+00    1.70420E+01    3.80857E+00    5.00000E-01    1.53523E+00   -1.41955E-01    1.23089E+00    1.65203E+00    1.72611E+00    2.26747E+00
    5.27834E+00    2.17182E+01    4.67620E+00    5.00000E-01    1.68087E+00   -3.39772E-01    1.25117E+00    1.72611E+00    1.90519E+00    2.35169E+00
    5.80804E+00    2.55975E+01    3.87929E+00    9.81913E-01    1.25470E+00   -2.52044E-01    1.09141E+00    1.35948E+00    1.49365E+00    1.90519E+00
    6.34303E+00    2.97707E+01    4.17322E+00    9.81913E-01    1.22369E+00   -1.54425E-01    1.09537E+00    1.49365E+00    1.57668E+00    2.04134E+00
    6.88337E+00    3.49136E+01    5.14285E+00    9.81913E-01    1.37587E+00   -1.83739E-01    1.15849E+00    1.57668E+00    1.67646E+00    2.15593E+00
    7.42912E+00    4.14746E+01    6.56103E+00    9.81913E-01    1.61023E+00   -3.82931E-01    1.20979E+00    1.67646E+00    1.88648E+00    2.28135E+00
    7.98032E+00    4.68701E+01    5.39548E+00    1.46864E+00    1.22051E+00   -2.76368E-01    1.06964E+00    1.37100E+00    1.52410E+00    1.88648E+00
    8.53704E+00    5.29306E+01    6.06053E+00    1.46864E+00    1.26886E+00   -2.27669E-01    1.10319E+00    1.52410E+00    1.65147E+00    2.05574E+00
    9.09932E+00    6.08548E+01    7.92420E+00    1.46864E+00    1.54112E+00   -4.08441E-01    1.17230E+00    1.65147E+00    1.88228E+00    2.21642E+00
    9.66723E+00    6.73410E+01    6.48621E+00    1.96024E+00    1.17559E+00   -2.83147E-01    1.04662E+00    1.37285E+00    1.53445E+00    1.88228E+00
    1.02408E+01    7.48799E+01    7.53884E+00    1.96024E+00    1.27708E+00   -2.49497E-01    1.10219E+00    1.53445E+00    1.67827E+00    2.07092E+00
    1.08201E+01    8.51385E+01    1.02586E+01    1.96024E+00    1.62848E+00   -4.65024E-01    1.18837E+00    1.67827E+00    1.94901E+00    2.25669E+00
    1.14052E+01    9.40017E+01    8.86318E+00    2.45676E+00    1.32157E+00   -3.72087E-01    1.08771E+00    1.41429E+00    1.63309E+00    1.94901E+00
    1.19962E+01    1.05186E+02    1.11841E+01    2.45676E+00    1.56978E+00   -5.13475E-01    1.14286E+00    1.63309E+00    1.93804E+00    2.19492E+00
    1.25931E+01    1.14736E+02    9.55036E+00    2.95824E+00    1.26430E+00   -3.95252E-01    1.05265E+00    1.41539E+00    1.65248E+00    1.93804E+00
    1.31959E+01    1.27705E+02    1.29689E+01    2.95824E+00    1.62220E+00   -5.83147E-01    1.13231E+00    1.65248E+00    2.00577E+00    2.21469E+00
    1.38048E+01    1.40301E+02    1.25961E+01    3.46473E+00    1.49116E+00   -6.16784E-01    1.05391E+00    1.47726E+00    1.85467E+00    2.00577E+00
    1.44198E+01    1.49336E+02    9.03491E+00    3.97629E+00    1.01382E+00   -4.00748E-01    9.23702E-01    1.38682E+00    1.63449E+00    1.85467E+00
    1.50409E+01    1.63332E+02    1.39960E+01    3.97629E+00    1.49076E+00   -6.07488E-01    1.05911E+00    1.63449E+00    2.01368E+00    2.17092E+00
    1.56682E+01    1.78069E+02    1.47373E+01    4.49297E+00    1.49195E+00   -6.71328E-01    1.02043E+00    1.49167E+00    1.91490E+00    2.01368E+00
    1.63018E+01    1.90482E+02    1.24126E+01    5.01481E+00    1.19580E+00   -6.06014E-01    9.10246E-01    1.44460E+00    1.83048E+00    1.91490E+00
    1.69417E+01    2.00347E+02    9.86478E+00    5.54187E+00    9.05402E-01   -4.02894E-01    8.62020E-01    1.38064E+00    1.63975E+00    1.83048E+00
    1.75881E+01    2.16739E+02    1.63927E+01    5.54187E+00    1.43490E+00   -6.33439E-01    1.01669E+00    1.63975E+00    2.05120E+00    2.17030E+00
    1.82408E+01    2.35254E+02    1.85143E+01    6.07420E+00    1.54714E+00   -7.25746E-01    1.01017E+00    1.51878E+00    1.99490E+00    2.05120E+00
    1.89002E+01    2.52781E+02    1.75277E+01    6.61186E+00    1.39961E+00   -7.28913E-01    9.31826E-01    1.49886E+00    1.98183E+00    1.99490E+00
    1.95661E+01    2.70585E+02    1.78034E+01    7.15489E+00    1.35964E+00   -7.37996E-01    9.02777E-01    1.49645E+00    1.99034E+00    1.98183E+00
    2.02387E+01    2.89543E+02    1.89586E+01    7.70335E+00    1.38589E+00   -7.67930E-01    8.92287E-01    1.50580E+00    2.02486E+00    1.99034E+00
    2.09180E+01    3.11620E+02    2.20764E+01    8.25730E+00    1.54594E+00   -8.69029E-01    8.89228E-01    1.53715E+00    2.13042E+00    2.02486E+00
    2.16040E+01    3.24055E+02    1.24348E+01    9.38186E+00    8.34771E-01   -7.08270E-01    5.77170E-01    1.39441E+00    1.88277E+00    1.71733E+00
    2.22970E+01    3.41053E+02    1.69983E+01    9.95259E+00    1.09471E+00   -7.37668E-01    7.41998E-01    1.46348E+00    1.97719E+00    1.88277E+00
    2.29969E+01    3.63218E+02    2.21647E+01    1.05290E+01    1.37029E+00   -8.55640E-01    7.98857E-01    1.52126E+00    2.12309E+00    1.97719E+00
    2.37038E+01    3.77495E+02    1.42774E+01    1.16993E+01    8.47872E-01   -7.40814E-01    5.46870E-01    1.40762E+00    1.93390E+00    1.72601E+00
    2.44177E+01    3.99733E+02    2.22379E+01    1.22932E+01    1.26930E+00   -8.66057E-01    7.20589E-01    1.51017E+00    2.13157E+00    1.93390E+00
    2.51388E+01    4.17688E+02    1.79554E+01    1.34989E+01    9.85613E-01   -8.45373E-01    5.20536E-01    1.44035E+00    2.05298E+00    1.75259E+00
    2.58671E+01    4.34632E+02    1.69434E+01    1.47288E+01    8.94926E-01   -8.18625E-01    4.74110E-01    1.42293E+00    2.02210E+00    1.71304E+00
    2.66027E+01    4.51309E+02    1.66777E+01    1.59834E+01    8.48052E-01   -8.03839E-01    4.49326E-01    1.41658E+00    2.01081E+00    1.69705E+00
    2.73456E+01    4.68316E+02    1.70068E+01    1.72633E+01    8.32964E-01   -8.03402E-01    4.33024E-01    1.41766E+00    2.01751E+00    1.69339E+00
    2.80960E+01    4.87027E+02    1.87104E+01    1.85689E+01    8.83096E-01   -8.40334E-01    4.20636E-01    1.43234E+00    2.06604E+00    1.70556E+00
    2.88539E+01    5.02610E+02    1.55836E+01    2.05766E+01    7.09108E-01   -7.80026E-01    3.17281E-01    1.38357E+00    1.97767E+00    1.59590E+00
    2.96193E+01    5.16836E+02    1.42259E+01    2.26452E+01    6.24356E-01   -7.37138E-01    2.84576E-01    1.36605E+00    1.93311E+00    1.56227E+00
    3.03924E+01    5.30165E+02    1.33292E+01    2.47765E+01    5.64476E-01   -7.03953E-01    2.62537E-01    1.35508E+00    1.90202E+00    1.54158E+00
    3.11733E+01    5.42800E+02    1.26341E+01    2.69723E+01    5.16473E-01   -6.75714E-01    2.44711E-01    1.34677E+00    1.87702E+00    1.52588E+00
    3.19619E+01    5.54835E+02    1.20360E+01    2.92347E+01    4.75129E-01   -6.50071E-01    2.29207E-01    1.33970E+00    1.85493E+00    1.51255E+00
    3.27584E+01    5.66299E+02    1.14637E+01    3.15656E+01    4.37165E-01   -6.25198E-01    2.15157E-01    1.33289E+00    1.83336E+00    1.50006E+00
    3.35629E+01    5.77111E+02    1.08118E+01    3.39672E+01    3.98436E-01   -5.98004E-01    2.02059E-01    1.32493E+00    1.80841E+00    1.48667E+00
    3.43755E+01    5.86717E+02    9.60585E+00    3.64415E+01    3.42205E-01   -5.53044E-01    1.90650E-01    1.30957E+00    1.76118E+00    1.46681E+00
    3.51961E+01    5.98328E+02    1.16114E+01    3.81326E+01    4.00007E-01   -5.89854E-01    2.28209E-01    1.34624E+00    1.83272E+00    1.53824E+00
    3.60250E+01    6.08045E+02    9.71705E+00    4.07331E+01    3.23807E-01   -5.39160E-01    1.81972E-01    1.31286E+00    1.76198E+00    1.47060E+00
    3.68622E+01    6.19599E+02    1.15540E+01    4.25105E+01    3.72550E-01   -5.71297E-01    2.14871E-01    1.34653E+00    1.82718E+00    1.53653E+00
    3.77077E+01    6.29216E+02    9.61632E+00    4.52437E+01    3.00118E-01   -5.20967E-01    1.69445E-01    1.31210E+00    1.75479E+00    1.46647E+00
    3.85617E+01    6.40565E+02    1.13492E+01    4.71117E+01    3.42926E-01   -5.50360E-01    2.00073E-01    1.34438E+00    1.81672E+00    1.53032E+00
    3.94242E+01    6.49992E+02    9.42677E+00    4.99843E+01    2.75848E-01   -5.01223E-01    1.56918E-01    1.30990E+00    1.74437E+00    1.46015E+00
    4.02954E+01    6.61022E+02    1.10303E+01    5.19476E+01    3.12668E-01   -5.27498E-01    1.85509E-01    1.34054E+00    1.80236E+00    1.52174E+00
    4.11753E+01    6.70061E+02    9.03954E+00    5.49667E+01    2.48278E-01   -4.76770E-01    1.44803E-01    1.30470E+00    1.72628E+00    1.45042E+00
    4.20639E+01    6.80157E+02    1.00954E+01    5.70301E+01    2.68733E-01   -4.88953E-01    1.72216E-01    1.32824E+00    1.76492E+00    1.50503E+00
    4.29615E+01    6.91346E+02    1.11888E+01    5.91350E+01    2.88728E-01   -5.08108E-01    1.74798E-01    1.34473E+00    1.80305E+00    1.52778E+00
    4.38680E+01    7.00372E+02    9.02641E+00    6.23720E+01    2.25856E-01   -4.56513E-01    1.32106E-01    1.30532E+00    1.72122E+00    1.44785E+00
    4.47836E+01    7.10349E+02    9.97720E+00    6.45843E+01    2.42121E-01   -4.66402E-01    1.56813E-01    1.32699E+00    1.75615E+00    1.49958E+00
    4.57083E+01    7.21286E+02    1.09366E+01    6.68410E+01    2.57458E-01   -4.82028E-01    1.58453E-01    1.34166E+00    1.78963E+00    1.51956E+00
    4.66423E+01    7.30024E+02    8.73863E+00    7.03114E+01    1.99601E-01   -4.30690E-01    1.18772E-01    1.30135E+00    1.70562E+00    1.43875E+00
    4.75857E+01    7.39474E+02    9.44947E+00    7.26833E+01    2.09464E-01   -4.35367E-01    1.41138E-01    1.31935E+00    1.73209E+00    1.48590E+00
    4.85384E+01    7.49237E+02    9.76323E+00    7.51028E+01    2.10070E-01   -4.35500E-01    1.42863E-01    1.32525E+00    1.74224E+00    1.49722E+00
    4.95007E+01    7.59188E+02    9.95089E+00    7.75710E+01    2.07867E-01   -4.33443E-01    1.41402E-01    1.32838E+00    1.74755E+00    1.50201E+00
    5.04727E+01    7.69271E+02    1.00828E+01    8.00888E+01    2.04522E-01   -4.30349E-01    1.39002E-01    1.33042E+00    1.75076E+00    1.50454E+00
    5.14543E+01    7.79455E+02    1.01841E+01    8.26571E+01    2.00629E-01   -4.26695E-01    1.36234E-01    1.33191E+00    1.75285E+00    1.50599E+00
    5.24458E+01    7.89721E+02    1.02658E+01    8.52771E+01    1.96451E-01   -4.22707E-01    1.33304E-01    1.33306E+00    1.75424E+00    1.50682E+00
    5.34471E+01    8.00054E+02    1.03336E+01    8.79498E+01    1.92123E-01   -4.18501E-01    1.30304E-01    1.33398E+00    1.75514E+00    1.50724E+00
    5.44585E+01    8.10445E+02    1.03905E+01    9.06762E+01    1.87716E-01   -4.14144E-01    1.27282E-01    1.33473E+00    1.75567E+00    1.50737E+00
    5.54800E+01    8.20883E+02    1.04380E+01    9.34574E+01    1.83269E-01   -4.09668E-01    1.24264E-01    1.33533E+00    1.75589E+00    1.50727E+00
    5.65117E+01    8.31360E+02    1.04766E+01    9.62945E+01    1.78800E-01   -4.05087E-01    1.21263E-01    1.33580E+00    1.75581E+00    1.50696E+00
    5.75537E+01    8.41865E+02    1.05059E+01    9.91886E+01    1.74310E-01   -4.00398E-01    1.18286E-01    1.33613E+00    1.75544E+00    1.50645E+00
    5.86062E+01    8.52390E+02    1.05243E+01    1.02141E+02    1.69782E-01   -3.95575E-01    1.15337E-01    1.33631E+00    1.75470E+00    1.50572E+00
    5.96692E+01    8.62918E+02    1.05288E+01    1.05152E+02    1.65177E-01   -3.90564E-01    1.12413E-01    1.33628E+00    1.75351E+00    1.50471E+00
    6.07428E+01    8.73432E+02    1.05132E+01    1.08225E+02    1.60414E-01   -3.85255E-01    1.09510E-01    1.33596E+00    1.75163E+00    1.50334E+00
    6.18271E+01    8.83897E+02    1.04649E+01    1.11359E+02    1.55323E-01   -3.79415E-01    1.06620E-01    1.33515E+00    1.74861E+00    1.50139E+00
    6.29223E+01    8.94249E+02    1.03523E+01    1.14555E+02    1.49482E-01   -3.72449E-01    1.03748E-01    1.33340E+00    1.74333E+00    1.49841E+00
    6.40284E+01    9.04320E+02    1.00715E+01    1.17817E+02    1.41500E-01   -3.62344E-01    1.01027E-01    1.32919E+00    1.73199E+00    1.49310E+00
    6.51456E+01    9.13348E+02    9.02715E+00    1.21143E+02    1.23418E-01   -3.36665E-01    1.00376E-01    1.31377E+00    1.69177E+00    1.47991E+00
    6.62740E+01    9.26687E+02    1.33399E+01    1.22832E+02    1.77502E-01   -3.81678E-01    1.78392E-01    1.39356E+00    1.82638E+00    1.69177E+00
    6.74137E+01    9.38207E+02    1.15197E+01    1.26259E+02    1.49199E-01   -3.71764E-01    1.04838E-01    1.35180E+00    1.77759E+00    1.53057E+00
    6.85647E+01    9.49272E+02    1.10650E+01    1.29756E+02    1.39509E-01   -3.60778E-01    9.66843E-02    1.34364E+00    1.76098E+00    1.51182E+00
    6.97273E+01    9.59899E+02    1.06269E+01    1.33322E+02    1.30447E-01   -3.49064E-01    9.27443E-02    1.33688E+00    1.74471E+00    1.50145E+00
    7.09015E+01    9.69371E+02    9.47228E+00    1.36961E+02    1.13216E-01   -3.23773E-01    9.15805E-02    1.32001E+00    1.70207E+00    1.48579E+00
    7.20874E+01    9.83194E+02    1.38226E+01    1.38807E+02    1.60885E-01   -3.65223E-01    1.65823E-01    1.39891E+00    1.83419E+00    1.70207E+00
    7.32852E+01    9.95002E+02    1.18077E+01    1.42556E+02    1.33849E-01   -3.53314E-01    9.49653E-02    1.35498E+00    1.78028E+00    1.53208E+00
    7.44949E+01    1.00612E+03    1.11155E+01    1.46380E+02    1.22728E-01   -3.39245E-01    8.74144E-02    1.34362E+00    1.75607E+00    1.50993E+00
    7.57168E+01    1.01594E+03    9.82666E+00    1.50281E+02    1.05691E-01   -3.13658E-01    8.54952E-02    1.32486E+00    1.71001E+00    1.49078E+00
    7.69509E+01    1.03012E+03    1.41744E+01    1.52260E+02    1.48523E-01   -3.52029E-01    1.56840E-01    1.40259E+00    1.83918E+00    1.71001E+00
    7.81973E+01    1.04199E+03    1.18720E+01    1.56279E+02    1.21202E-01   -3.36782E-01    8.82044E-02    1.35522E+00    1.77708E+00    1.53158E+00
    7.94562E+01    1.05231E+03    1.03213E+01    1.60379E+02    1.02675E-01   -3.09556E-01    8.27690E-02    1.33208E+00    1.72372E+00    1.50091E+00
    8.07277E+01    1.06708E+03    1.47645E+01    1.62460E+02    1.43131E-01   -3.46250E-01    1.52453E-01    1.40965E+00    1.85209E+00    1.72372E+00
    8.20118E+01    1.07938E+03    1.23005E+01    1.66684E+02    1.16215E-01   -3.30306E-01    8.43404E-02    1.36058E+00    1.78687E+00    1.53783E+00
    8.33089E+01    1.09005E+03    1.06747E+01    1.70993E+02    9.83013E-02   -3.03431E-01    7.89357E-02    1.33674E+00    1.73226E+00    1.50596E+00
    8.46189E+01    1.10523E+03    1.51831E+01    1.73180E+02    1.36291E-01   -3.38691E-01    1.46897E-01    1.41420E+00    1.86009E+00    1.73226E+00
    8.59420E+01    1.11783E+03    1.25956E+01    1.77619E+02    1.10221E-01   -3.22162E-01    8.02065E-02    1.36399E+00    1.79236E+00    1.54114E+00
    8.72783E+01    1.12869E+03    1.08585E+01    1.82148E+02    9.26390E-02   -2.94982E-01    7.49979E-02    1.33885E+00    1.73500E+00    1.50782E+00
    8.86280E+01    1.14394E+03    1.52550E+01    1.84446E+02    1.26896E-01   -3.27150E-01    1.40959E-01    1.41423E+00    1.85798E+00    1.73500E+00
    8.99912E+01    1.15571E+03    1.17617E+01    1.89112E+02    9.54016E-02   -2.98907E-01    7.78231E-02    1.35267E+00    1.76216E+00    1.53333E+00
    9.13680E+01    1.17212E+03    1.64183E+01    1.91480E+02    1.29867E-01   -3.31118E-01    1.42226E-01    1.42870E+00    1.88686E+00    1.76216E+00
    9.27586E+01    1.18557E+03    1.34420E+01    1.96288E+02    1.03694E-01   -3.13112E-01    7.51987E-02    1.37436E+00    1.81194E+00    1.55421E+00
    9.41631E+01    1.19710E+03    1.15347E+01    2.01192E+02    8.67856E-02   -2.86182E-01    6.98951E-02    1.34759E+00    1.75153E+00    1.51812E+00
    9.55817E+01    1.21315E+03    1.60544E+01    2.03680E+02    1.17821E-01   -3.16277E-01    1.33378E-01    1.42287E+00    1.87375E+00    1.75153E+00
    9.70144E+01    1.22542E+03    1.22678E+01    2.08733E+02    8.78236E-02   -2.87420E-01    7.22054E-02    1.35865E+00    1.77249E+00    1.54015E+00
    9.84614E+01    1.24228E+03    1.68556E+01    2.11297E+02    1.17717E-01   -3.15888E-01    1.33909E-01    1.43252E+00    1.89190E+00    1.77249E+00
    9.99230E+01    1.25504E+03    1.27580E+01    2.16503E+02    8.69269E-02   -2.86116E-01    7.11670E-02    1.36503E+00    1.78527E+00    1.54934E+00
    1.01399E+02    1.27250E+03    1.74614E+01    2.19145E+02    1.16081E-01   -3.13980E-01    1.32279E-01    1.43926E+00    1.90504E+00    1.78527E+00
    1.02890E+02    1.28569E+03    1.31960E+01    2.24508E+02    8.55979E-02   -2.84144E-01    6.97136E-02    1.37046E+00    1.79620E+00    1.55648E+00
    1.04396E+02    1.30371E+03    1.80166E+01    2.27230E+02    1.14042E-01   -3.11580E-01    1.30230E-01    1.44522E+00    1.91674E+00    1.79620E+00
    1.05917E+02    1.31733E+03    1.36175E+01    2.32756E+02    8.41175E-02   -2.81908E-01    6.81582E-02    1.37556E+00    1.80643E+00    1.56294E+00
    1.07453E+02    1.33588E+03    1.85541E+01    2.35561E+02    1.11855E-01   -3.08962E-01    1.28052E-01    1.45087E+00    1.92782E+00    1.80643E+00
    1.09004E+02    1.34991E+03    1.40330E+01    2.41254E+02    8.25692E-02   -2.79529E-01    6.65783E-02    1.38049E+00    1.81632E+00    1.56907E+00
    1.10571E+02    1.36900E+03    1.90834E+01    2.44143E+02    1.09598E-01   -3.06211E-01    1.25829E-01    1.45634E+00    1.93855E+00    1.81632E+00
    1.12154E+02    1.38344E+03    1.44442E+01    2.50009E+02    8.09741E-02   -2.77036E-01    6.49998E-02    1.38530E+00    1.82592E+00    1.57499E+00
    1.13752E+02    1.40305E+03    1.96041E+01    2.52986E+02    1.07284E-01   -3.03331E-01    1.23588E-01    1.46164E+00    1.94892E+00    1.82592E+00
    1.15367E+02    1.41789E+03    1.48459E+01    2.59030E+02    7.93140E-02   -2.74392E-01    6.34296E-02    1.38992E+00    1.83512E+00    1.58064E+00
    1.16997E+02    1.43800E+03    2.01059E+01    2.62097E+02    1.04870E-01   -3.00249E-01    1.21326E-01    1.46667E+00    1.95868E+00    1.83512E+00
    1.18644E+02    1.45322E+03    1.52208E+01    2.68324E+02    7.75126E-02   -2.71450E-01    6.18649E-02    1.39417E+00    1.84344E+00    1.58582E+00
    1.20308E+02    1.47377E+03    2.05556E+01    2.71484E+02    1.02211E-01   -2.96726E-01    1.19016E-01    1.47105E+00    1.96707E+00    1.84344E+00
    1.21987E+02    1.48928E+03    1.55100E+01    2.77899E+02    7.53069E-02   -2.67713E-01    6.03046E-02    1.39733E+00    1.84932E+00    1.58980E+00
    1.23684E+02    1.51011E+03    2.08279E+01    2.81155E+02    9.87525E-02   -2.91818E-01    1.16597E-01    1.47345E+00    1.97107E+00    1.84932E+00
    1.25398E+02    1.52547E+03    1.53569E+01    2.87765E+02    7.11064E-02   -2.60048E-01    5.90048E-02    1.39526E+00    1.84313E+00    1.58929E+00
    1.27129E+02    1.54526E+03    1.97920E+01    2.91120E+02    8.94994E-02   -2.76224E-01    1.14889E-01    1.46155E+00    1.94204E+00    1.84313E+00
    1.28877E+02    1.56927E+03    2.40094E+01    2.94508E+02    1.06037E-01   -2.98822E-01    1.29393E-01    1.50798E+00    2.03298E+00    1.94204E+00
    1.30643E+02    1.58656E+03    1.72862E+01    3.01386E+02    7.45669E-02   -2.66528E-01    5.94098E-02    1.41788E+00    1.89083E+00    1.62118E+00
    1.32426E+02    1.60953E+03    2.29749E+01    3.04877E+02    9.68032E-02   -2.89278E-01    1.14549E-01    1.49492E+00    2.01337E+00    1.89083E+00
    1.34227E+02    1.62635E+03    1.68223E+01    3.11963E+02    6.92361E-02   -2.56915E-01    5.68387E-02    1.41185E+00    1.87690E+00    1.61225E+00
    1.36047E+02    1.64790E+03    2.15451E+01    3.15560E+02    8.66220E-02   -2.72309E-01    1.11667E-01    1.47926E+00    1.97711E+00    1.87690E+00
    1.37884E+02    1.67383E+03    2.59290E+01    3.19193E+02    1.01840E-01   -2.93377E-01    1.25578E-01    1.52546E+00    2.06719E+00    1.97711E+00
    1.39740E+02    1.69209E+03    1.82650E+01    3.26567E+02    7.00851E-02   -2.58499E-01    5.71236E-02    1.42817E+00    1.91027E+00    1.63775E+00
    1.41614E+02    1.71538E+03    2.32907E+01    3.30309E+02    8.73131E-02   -2.73610E-01    1.11583E-01    1.49679E+00    2.01218E+00    1.91027E+00
    1.43507E+02    1.74338E+03    2.79936E+01    3.34090E+02    1.02534E-01   -2.94797E-01    1.25015E-01    1.54430E+00    2.10514E+00    2.01218E+00
    1.45419E+02    1.76350E+03    2.01250E+01    3.41763E+02    7.20239E-02   -2.62464E-01    5.60030E-02    1.44767E+00    1.95200E+00    1.66148E+00
    1.47350E+02    1.79008E+03    2.65808E+01    3.45658E+02    9.29515E-02   -2.84402E-01    1.09850E-01    1.52842E+00    2.08036E+00    1.95200E+00
    1.49301E+02    1.80958E+03    1.94997E+01    3.53564E+02    6.66321E-02   -2.52552E-01    5.33828E-02    1.44032E+00    1.93535E+00    1.65030E+00
    1.51270E+02    1.83443E+03    2.48513E+01    3.57577E+02    8.29835E-02   -2.67533E-01    1.06815E-01    1.51099E+00    2.04063E+00    1.93535E+00
    1.53260E+02    1.86418E+03    2.97493E+01    3.61629E+02    9.70787E-02   -2.87511E-01    1.20068E-01    1.55886E+00    2.13374E+00    2.04063E+00
    1.55270E+02    1.88516E+03    2.09717E+01    3.69857E+02    6.68808E-02   -2.53019E-01    5.34995E-02    1.45582E+00    1.96680E+00    1.67481E+00
    1.57299E+02    1.91172E+03    2.65645E+01    3.74032E+02    8.27957E-02   -2.67353E-01    1.06388E-01    1.52697E+00    2.07229E+00    1.96680E+00
    1.59349E+02    1.94336E+03    3.16422E+01    3.78249E+02    9.63892E-02   -2.86702E-01    1.19127E-01    1.57488E+00    2.16552E+00    2.07229E+00
    1.61419E+02    1.96560E+03    2.22381E+01    3.86811E+02    6.62113E-02   -2.51887E-01    5.25762E-02    1.46829E+00    1.99239E+00    1.69223E+00
    1.63511E+02    1.99368E+03    2.80823E+01    3.91156E+02    8.17249E-02   -2.65875E-01    1.05050E-01    1.54046E+00    2.09920E+00    1.99239E+00
    1.65623E+02    2.02700E+03    3.33193E+01    3.95544E+02    9.47816E-02   -2.84544E-01    1.17542E-01    1.58848E+00    2.19243E+00    2.09920E+00
    1.67756E+02    2.05020E+03    2.32005E+01    4.04453E+02    6.45128E-02   -2.48699E-01    5.15883E-02    1.47742E+00    2.01057E+00    1.70608E+00
    1.69910E+02    2.07911E+03    2.89110E+01    4.08975E+02    7.85864E-02   -2.60529E-01    1.03494E-01    1.54726E+00    2.11135E+00    2.01057E+00
    1.72086E+02    2.11214E+03    3.30283E+01    4.13542E+02    8.77654E-02   -2.72421E-01    1.16413E-01    1.58500E+00    2.18074E+00    2.11135E+00
    1.74284E+02    2.15007E+03    3.79314E+01    4.18154E+02    9.85378E-02   -2.89436E-01    1.21511E-01    1.62584E+00    2.26512E+00    2.18074E+00
    1.76504E+02    2.17634E+03    2.62663E+01    4.27517E+02    6.67092E-02   -2.53081E-01    5.15653E-02    1.50611E+00    2.07069E+00    1.74633E+00
    1.78746E+02    2.20936E+03    3.30242E+01    4.32269E+02    8.20003E-02   -2.66904E-01    1.03742E-01    1.58258E+00    2.18394E+00    2.07069E+00
    1.81010E+02    2.24844E+03    3.90736E+01    4.37069E+02    9.48590E-02   -2.85379E-01    1.15834E-01    1.63349E+00    2.28291E+00    2.18394E+00
    1.83297E+02    2.27595E+03    2.75080E+01    4.46813E+02    6.52949E-02   -2.50598E-01    4.99571E-02    1.51674E+00    2.09271E+00    1.75892E+00
    1.85607E+02    2.31052E+03    3.45792E+01    4.51758E+02    8.02556E-02   -2.64416E-01    1.01685E-01    1.59486E+00    2.20866E+00    2.09271E+00
    1.87940E+02    2.35136E+03    4.08407E+01    4.56752E+02    9.26845E-02   -2.82405E-01    1.13718E-01    1.64632E+00    2.30845E+00    2.20866E+00
    1.90296E+02    2.37990E+03    2.85346E+01    4.66892E+02    6.33218E-02   -2.46847E-01    4.88703E-02    1.52552E+00    2.11007E+00    1.77205E+00
    1.92676E+02    2.41530E+03    3.53986E+01    4.72037E+02    7.68154E-02   -2.58509E-01    9.99416E-02    1.60087E+00    2.21916E+00    2.11007E+00
    1.95080E+02    2.45556E+03    4.02582E+01    4.77235E+02    8.54301E-02   -2.69822E-01    1.12367E-01    1.64094E+00    2.29273E+00    2.21916E+00
    1.97508E+02    2.50151E+03    4.59532E+01    4.82484E+02    9.53631E-02   -2.85716E-01    1.17172E-01    1.68375E+00    2.38084E+00    2.29273E+00
    1.99959E+02    2.53309E+03    3.15848E+01    4.93140E+02    6.41007E-02   -2.48434E-01    4.87989E-02    1.55145E+00    2.16363E+00    1.81016E+00
    2.02436E+02    2.57213E+03    3.90336E+01    4.98549E+02    7.74740E-02   -2.59823E-01    9.98298E-02    1.62907E+00    2.27572E+00    2.16363E+00
    2.04937E+02    2.61639E+03    4.42614E+01    5.04011E+02    8.59187E-02   -2.70879E-01    1.11996E-01    1.67001E+00    2.35093E+00    2.27572E+00
    2.07464E+02    2.66679E+03    5.03989E+01    5.09528E+02    9.56845E-02   -2.86506E-01    1.16613E-01    1.71394E+00    2.44134E+00    2.35093E+00
    2.10015E+02    2.70144E+03    3.46520E+01    5.20728E+02    6.43455E-02   -2.49047E-01    4.81784E-02    1.57600E+00    2.21462E+00    1.84446E+00
    2.12592E+02    2.74420E+03    4.27602E+01    5.26412E+02    7.76626E-02   -2.60439E-01    9.91671E-02    1.65652E+00    2.33102E+00    2.21462E+00
    2.15195E+02    2.79263E+03    4.84252E+01    5.32154E+02    8.60274E-02   -2.71399E-01    1.11220E-01    1.69883E+00    2.40875E+00    2.33102E+00
    2.17824E+02    2.84769E+03    5.50611E+01    5.37952E+02    9.56790E-02   -2.86842E-01    1.15761E-01    1.74416E+00    2.50198E+00    2.40875E+00
    2.20479E+02    2.88558E+03    3.78937E+01    5.49723E+02    6.44103E-02   -2.49309E-01    4.74893E-02    1.60079E+00    2.26604E+00    1.87891E+00
    2.23161E+02    2.93226E+03    4.66833E+01    5.55698E+02    7.76207E-02   -2.60658E-01    9.83788E-02    1.68413E+00    2.38661E+00    2.26604E+00
    2.25869E+02    2.98504E+03    5.27750E+01    5.61731E+02    8.58389E-02   -2.71423E-01    1.10310E-01    1.72760E+00    2.46642E+00    2.38661E+00
    2.28605E+02    3.04490E+03    5.98616E+01    5.67826E+02    9.52475E-02   -2.86489E-01    1.14768E-01    1.77392E+00    2.56154E+00    2.46642E+00
    2.31368E+02    3.08594E+03    4.10360E+01    5.80198E+02    6.38752E-02   -2.48367E-01    4.67897E-02    1.62384E+00    2.31348E+00    1.91184E+00
    2.34158E+02    3.13616E+03    5.02287E+01    5.86476E+02    7.64876E-02   -2.58844E-01    9.74039E-02    1.70795E+00    2.43387E+00    2.31348E+00
    2.36977E+02    3.19222E+03    5.60508E+01    5.92818E+02    8.35031E-02   -2.67535E-01    1.09215E-01    1.74812E+00    2.50592E+00    2.43387E+00
    2.39824E+02    3.25354E+03    6.13221E+01    5.99223E+02    8.93781E-02   -2.76299E-01    1.14180E-01    1.78183E+00    2.57228E+00    2.50592E+00
    2.42699E+02    3.32216E+03    6.86271E+01    6.05692E+02    9.78616E-02   -2.90318E-01    1.16522E-01    1.82594E+00    2.66480E+00    2.57228E+00
    2.45603E+02    3.36890E+03    4.67311E+01    6.18825E+02    6.51983E-02   -2.51028E-01    4.67251E-02    1.66369E+00    2.39627E+00    1.96898E+00
    2.48536E+02    3.42595E+03    5.70580E+01    6.25491E+02    7.78878E-02   -2.61454E-01    9.76209E-02    1.75206E+00    2.52270E+00    2.39627E+00
    2.51498E+02    3.48951E+03    6.35532E+01    6.32222E+02    8.48835E-02   -2.70057E-01    1.09329E-01    1.79401E+00    2.59797E+00    2.52270E+00
    2.54490E+02    3.55894E+03    6.94305E+01    6.39021E+02    9.07359E-02   -2.78739E-01    1.14195E-01    1.82923E+00    2.66734E+00    2.59797E+00
    2.57512E+02    3.63653E+03    7.75938E+01    6.45889E+02    9.92220E-02   -2.92674E-01    1.16465E-01    1.87547E+00    2.76428E+00    2.66734E+00
    2.60564E+02    3.68945E+03    5.29221E+01    6.59830E+02    6.62186E-02   -2.53119E-01    4.63604E-02    1.70419E+00    2.48056E+00    2.02574E+00
    2.63646E+02    3.75400E+03    6.45473E+01    6.66905E+02    7.90299E-02   -2.63667E-01    9.75167E-02    1.79744E+00    2.61425E+00    2.48056E+00
    2.66759E+02    3.82584E+03    7.18385E+01    6.74051E+02    8.60698E-02   -2.72295E-01    1.09203E-01    1.84162E+00    2.69359E+00    2.61425E+00
    2.69904E+02    3.90427E+03    7.84257E+01    6.81268E+02    9.19478E-02   -2.80968E-01    1.14037E-01    1.87868E+00    2.76659E+00    2.69359E+00
    2.73080E+02    3.99183E+03    8.75644E+01    6.88558E+02    1.00464E-01   -2.94858E-01    1.16285E-01    1.92731E+00    2.86843E+00    2.76659E+00
    2.76288E+02    4.05166E+03    5.98340E+01    7.03356E+02    6.71793E-02   -2.55081E-01    4.59682E-02    1.74673E+00    2.56903E+00    2.08517E+00
    2.79527E+02    4.12456E+03    7.28918E+01    7.10867E+02    8.00908E-02   -2.65728E-01    9.73623E-02    1.84503E+00    2.71021E+00    2.56903E+00
    2.82800E+02    4.20560E+03    8.10420E+01    7.18452E+02    8.71441E-02   -2.74333E-01    1.09022E-01    1.89141E+00    2.79354E+00    2.71021E+00
    2.86105E+02    4.29397E+03    8.83699E+01    7.26114E+02    9.29961E-02   -2.82917E-01    1.13817E-01    1.93017E+00    2.86984E+00    2.79354E+00
    2.89443E+02    4.39247E+03    9.85004E+01    7.33852E+02    1.01447E-01   -2.96621E-01    1.16029E-01    1.98089E+00    2.97592E+00    2.86984E+00
    2.92814E+02    4.45969E+03    6.72255E+01    7.49561E+02    6.77618E-02   -2.56292E-01    4.55661E-02    1.78963E+00    2.65797E+00    2.14575E+00
    2.96219E+02    4.54128E+03    8.15906E+01    7.57533E+02    8.04912E-02   -2.66588E-01    9.70678E-02    1.89176E+00    2.80402E+00    2.65797E+00
    2.99658E+02    4.63145E+03    9.01630E+01    7.65586E+02    8.70567E-02   -2.74324E-01    1.08641E-01    1.93788E+00    2.88600E+00    2.80402E+00
    3.03131E+02    4.72856E+03    9.71149E+01    7.73718E+02    9.17768E-02   -2.80917E-01    1.13414E-01    1.97277E+00    2.95339E+00    2.88600E+00
    3.06640E+02    4.83314E+03    1.04574E+02    7.81933E+02    9.67276E-02   -2.88500E-01    1.16169E-01    2.00861E+00    3.02577E+00    2.95339E+00
    3.10183E+02    4.94893E+03    1.15798E+02    7.90229E+02    1.04838E-01   -3.01692E-01    1.17557E-01    2.06015E+00    3.13445E+00    3.02577E+00
    3.13762E+02    5.02775E+03    7.88178E+01    8.07071E+02    6.98455E-02   -2.60312E-01    4.56422E-02    1.85248E+00    2.78870E+00    2.23492E+00
    3.17376E+02    5.12322E+03    9.54729E+01    8.15619E+02    8.28129E-02   -2.70669E-01    9.77292E-02    1.96162E+00    2.94483E+00    2.78870E+00
    3.21027E+02    5.22856E+03    1.05340E+02    8.24252E+02    8.94384E-02   -2.78374E-01    1.09299E-01    2.01059E+00    3.03190E+00    2.94483E+00
    3.24714E+02    5.34188E+03    1.13313E+02    8.32971E+02    9.41733E-02   -2.84908E-01    1.14021E-01    2.04754E+00    3.10327E+00    3.03190E+00
    3.28438E+02    5.46373E+03    1.21855E+02    8.41778E+02    9.91333E-02   -2.92418E-01    1.16727E-01    2.08548E+00    3.17988E+00    3.10327E+00
    3.32200E+02    5.59845E+03    1.34713E+02    8.50672E+02    1.07280E-01   -3.05515E-01    1.18069E-01    2.14009E+00    3.29494E+00    3.17988E+00
    3.35998E+02    5.69012E+03    9.16711E+01    8.68730E+02    7.14630E-02   -2.63421E-01    4.55208E-02    1.91690E+00    2.92259E+00    2.32584E+00
    3.39835E+02    5.80087E+03    1.10752E+02    8.77894E+02    8.45177E-02   -2.73680E-01    9.80670E-02    2.03278E+00    3.08808E+00    2.92259E+00
    3.43711E+02    5.92263E+03    1.21765E+02    8.87150E+02    9.09647E-02   -2.80976E-01    1.09624E-01    2.08347E+00    3.17774E+00    3.08808E+00
    3.47625E+02    6.05285E+03    1.30216E+02    8.96498E+02    9.52308E-02   -2.86650E-01    1.14292E-01    2.11988E+00    3.24741E+00    3.17774E+00
    3.51578E+02    6.19122E+03    1.38373E+02    9.05940E+02    9.90671E-02   -2.92196E-01    1.16999E-01    2.15365E+00    3.31450E+00    3.24741E+00
    3.55570E+02    6.33913E+03    1.47903E+02    9.15476E+02    1.03665E-01   -2.99211E-01    1.18902E-01    2.19184E+00    3.39244E+00    3.31450E+00
    3.59603E+02    6.50201E+03    1.62889E+02    9.25108E+02    1.11770E-01   -3.12098E-01    1.19853E-01    2.24949E+00    3.51432E+00    3.39244E+00
    3.63676E+02    6.61279E+03    1.10777E+02    9.44661E+02    7.44170E-02   -2.68926E-01    4.57786E-02    2.00480E+00    3.10557E+00    2.45013E+00
    3.67790E+02    6.74642E+03    1.33630E+02    9.54585E+02    8.78860E-02   -2.79361E-01    9.92150E-02    2.13076E+00    3.28567E+00    3.10557E+00
    3.71944E+02    6.89317E+03    1.46749E+02    9.64607E+02    9.44911E-02   -2.86710E-01    1.10855E-01    2.18560E+00    3.38275E+00    3.28567E+00
    3.76141E+02    7.04996E+03    1.56789E+02    9.74730E+02    9.88409E-02   -2.92397E-01    1.15520E-01    2.22493E+00    3.45803E+00    3.38275E+00
    3.80379E+02    7.21643E+03    1.66466E+02    9.84955E+02    1.02745E-01   -2.97945E-01    1.18210E-01    2.26140E+00    3.53046E+00    3.45803E+00
    3.84660E+02    7.39419E+03    1.77766E+02    9.95281E+02    1.07424E-01   -3.04962E-01    1.20093E-01    2.30261E+00    3.61456E+00    3.53046E+00
    3.88983E+02    7.58972E+03    1.95532E+02    1.00571E+03    1.15689E-01   -3.17874E-01    1.21020E-01    2.36485E+00    3.74602E+00    3.61456E+00
    3.93350E+02    7.72280E+03    1.33075E+02    1.02688E+03    7.70911E-02   -2.73832E-01    4.59021E-02    2.09824E+00    3.29994E+00    2.58177E+00
    3.97761E+02    7.88302E+03    1.60218E+02    1.03763E+03    9.08773E-02   -2.84341E-01    1.00137E-01    2.23455E+00    3.49485E+00    3.29994E+00
    4.02215E+02    8.05856E+03    1.75545E+02    1.04848E+03    9.74931E-02   -2.91520E-01    1.11846E-01    2.29298E+00    3.59802E+00    3.49485E+00
    4.06714E+02    8.24550E+03    1.86938E+02    1.05944E+03    1.01656E-01   -2.96793E-01    1.16490E-01    2.33374E+00    3.67567E+00    3.59802E+00
    4.11258E+02    8.44287E+03    1.97367E+02    1.07052E+03    1.05090E-01   -3.01489E-01    1.19140E-01    2.36968E+00    3.74648E+00    3.67567E+00
    4.15848E+02    8.65120E+03    2.08336E+02    1.08170E+03    1.08620E-01   -3.06544E-01    1.21040E-01    2.40640E+00    3.82028E+00    3.74648E+00
    4.20483E+02    8.87293E+03    2.21723E+02    1.09299E+03    1.13193E-01   -3.13330E-01    1.22547E-01    2.44995E+00    3.90958E+00    3.82028E+00
    4.25165E+02    9.11620E+03    2.43277E+02    1.10440E+03    1.21613E-01   -3.26219E-01    1.23265E-01    2.51744E+00    4.05231E+00    3.90958E+00
    4.29893E+02    9.28185E+03    1.65646E+02    1.12756E+03    8.10843E-02   -2.80953E-01    4.63646E-02    2.22157E+00    3.55669E+00    2.75574E+00
    4.34669E+02    9.48102E+03    1.99168E+02    1.13931E+03    9.54674E-02   -2.91725E-01    1.01804E-01    2.37208E+00    3.77225E+00    3.55669E+00
    4.39493E+02    9.69902E+03    2.18004E+02    1.15118E+03    1.02326E-01   -2.99007E-01    1.13669E-01    2.43635E+00    3.88582E+00    3.77225E+00
    4.44365E+02    9.93099E+03    2.31965E+02    1.16317E+03    1.06619E-01   -3.04325E-01    1.18343E-01    2.48109E+00    3.97109E+00    3.88582E+00
    4.49285E+02    1.01757E+04    2.44720E+02    1.17528E+03    1.10148E-01   -3.09044E-01    1.20996E-01    2.52051E+00    4.04875E+00    3.97109E+00
    4.54255E+02    1.04338E+04    2.58116E+02    1.18751E+03    1.13769E-01   -3.14113E-01    1.22889E-01    2.56073E+00    4.12957E+00    4.04875E+00
    4.59274E+02    1.07083E+04    2.74447E+02    1.19986E+03    1.18460E-01   -3.20919E-01    1.24384E-01    2.60839E+00    4.22725E+00    4.12957E+00
    4.64344E+02    1.10090E+04    3.00729E+02    1.21233E+03    1.27116E-01   -3.33873E-01    1.25081E-01    2.68225E+00    4.38329E+00    4.22725E+00
    4.69464E+02    1.12139E+04    2.04862E+02    1.23766E+03    8.48015E-02   -2.87435E-01    4.67184E-02    2.35491E+00    3.83400E+00    2.94357E+00
    4.74636E+02    1.14597E+04    2.45814E+02    1.25051E+03    9.96483E-02   -2.98309E-01    1.03246E-01    2.52006E+00    4.07046E+00    3.83400E+00
    4.79859E+02    1.17281E+04    2.68420E+02    1.26350E+03    1.06562E-01   -3.05426E-01    1.15226E-01    2.58940E+00    4.19266E+00    4.07046E+00
    4.85135E+02    1.20128E+04    2.84699E+02    1.27661E+03    1.10689E-01   -3.10350E-01    1.19881E-01    2.63636E+00    4.28176E+00    4.19266E+00
    4.90463E+02    1.23117E+04    2.98907E+02    1.28985E+03    1.13812E-01   -3.14346E-01    1.22470E-01    2.67595E+00    4.35920E+00    4.28176E+00
    4.95845E+02    1.26244E+04    3.12693E+02    1.30323E+03    1.16603E-01   -3.18053E-01    1.24281E-01    2.71335E+00    4.43348E+00    4.35920E+00
    5.01280E+02    1.29515E+04    3.27084E+02    1.31673E+03    1.19452E-01   -3.21929E-01    1.25753E-01    2.75148E+00    4.50999E+00    4.43348E+00
    5.06770E+02    1.32948E+04    3.43282E+02    1.33038E+03    1.22782E-01   -3.26553E-01    1.27066E-01    2.79343E+00    4.59503E+00    4.50999E+00
    5.12314E+02    1.36586E+04    3.63817E+02    1.34416E+03    1.27444E-01   -3.33165E-01    1.28240E-01    2.84529E+00    4.70175E+00    4.59503E+00
    5.17914E+02    1.40562E+04    3.97652E+02    1.35808E+03    1.36426E-01   -3.46199E-01    1.28734E-01    2.92771E+00    4.87609E+00    4.70175E+00
    5.23570E+02    1.43272E+04    2.70964E+02    1.38633E+03    9.10475E-02   -2.97950E-01    4.76789E-02    2.55318E+00    4.24679E+00    3.22344E+00
    5.29283E+02    1.46519E+04    3.24688E+02    1.40067E+03    1.06853E-01   -3.09203E-01    1.06050E-01    2.74106E+00    4.51621E+00    4.24679E+00
    5.35053E+02    1.50061E+04    3.54194E+02    1.41516E+03    1.14165E-01   -3.16493E-01    1.18309E-01    2.81962E+00    4.65479E+00    4.51621E+00
    5.40880E+02    1.53815E+04    3.75387E+02    1.42979E+03    1.18507E-01   -3.21511E-01    1.23038E-01    2.87276E+00    4.75566E+00    4.65479E+00
    5.46766E+02    1.57753E+04    3.93867E+02    1.44456E+03    1.21785E-01   -3.25571E-01    1.25653E-01    2.91754E+00    4.84329E+00    4.75566E+00
    5.52710E+02    1.61871E+04    4.11791E+02    1.45948E+03    1.24711E-01   -3.29333E-01    1.27477E-01    2.95985E+00    4.92734E+00    4.84329E+00
    5.58714E+02    1.66176E+04    4.30492E+02    1.47456E+03    1.27696E-01   -3.33267E-01    1.28956E-01    3.00299E+00    5.01388E+00    4.92734E+00
    5.64779E+02    1.70691E+04    4.51533E+02    1.48978E+03    1.31187E-01   -3.37959E-01    1.30274E-01    3.05043E+00    5.11003E+00    5.01388E+00
    5.70903E+02    1.75473E+04    4.78191E+02    1.50515E+03    1.36082E-01   -3.44678E-01    1.31449E-01    3.10905E+00    5.23061E+00    5.11003E+00
    5.77089E+02    1.80694E+04    5.22112E+02    1.52068E+03    1.45532E-01   -3.57948E-01    1.31930E-01    3.20222E+00    5.42749E+00    5.23061E+00
    5.83337E+02    1.84257E+04    3.56227E+02    1.55221E+03    9.72579E-02   -3.08065E-01    4.85172E-02    2.77590E+00    4.71021E+00    3.53683E+00
    5.89647E+02    1.88519E+04    4.26220E+02    1.56820E+03    1.13982E-01   -3.19649E-01    1.08660E-01    2.98896E+00    5.01607E+00    4.71021E+00
    5.96021E+02    1.93162E+04    4.64274E+02    1.58436E+03    1.21615E-01   -3.27000E-01    1.21185E-01    3.07724E+00    5.17171E+00    5.01607E+00
    6.02458E+02    1.98074E+04    4.91227E+02    1.60068E+03    1.26040E-01   -3.31922E-01    1.25968E-01    3.13619E+00    5.28344E+00    5.17171E+00
    6.08959E+02    2.03217E+04    5.14287E+02    1.61717E+03    1.29256E-01   -3.35743E-01    1.28577E-01    3.18500E+00    5.37869E+00    5.28344E+00
    6.15526E+02    2.08577E+04    5.36038E+02    1.63382E+03    1.31965E-01   -3.39075E-01    1.30359E-01    3.22989E+00    5.46750E+00    5.37869E+00
    6.22158E+02    2.14155E+04    5.57739E+02    1.65063E+03    1.34499E-01   -3.42251E-01    1.31771E-01    3.27370E+00    5.55486E+00    5.46750E+00
    6.28856E+02    2.19958E+04    5.80300E+02    1.66761E+03    1.37078E-01   -3.45525E-01    1.33007E-01    3.31834E+00    5.64435E+00    5.55486E+00
    6.35622E+02    2.26005E+04    6.04758E+02    1.68477E+03    1.39936E-01   -3.49192E-01    1.34167E-01    3.36576E+00    5.73997E+00    5.64435E+00
    6.42455E+02    2.32334E+04    6.32903E+02    1.70209E+03    1.43456E-01   -3.53767E-01    1.35297E-01    3.41922E+00    5.84858E+00    5.73997E+00
    6.49357E+02    2.39025E+04    6.69079E+02    1.71959E+03    1.48559E-01   -3.60508E-01    1.36354E-01    3.48631E+00    5.98672E+00    5.84858E+00
    6.56327E+02    2.46318E+04    7.29275E+02    1.73726E+03    1.58618E-01   -3.74059E-01    1.36740E-01    3.59406E+00    6.21441E+00    5.98672E+00
    6.63367E+02    2.51297E+04    4.97934E+02    1.77314E+03    1.06091E-01   -3.21871E-01    4.98996E-02    3.09314E+00    5.37045E+00    3.98382E+00
    6.70478E+02    2.57246E+04    5.94900E+02    1.79135E+03    1.24165E-01   -3.33928E-01    1.12504E-01    3.34221E+00    5.72845E+00    5.37045E+00
    6.77659E+02    2.63718E+04    6.47197E+02    1.80974E+03    1.32325E-01   -3.41459E-01    1.25424E-01    3.44469E+00    5.90914E+00    5.72845E+00
    6.84913E+02    2.70557E+04    6.83928E+02    1.82831E+03    1.36985E-01   -3.46415E-01    1.30313E-01    3.51264E+00    6.03786E+00    5.90914E+00
    6.92239E+02    2.77708E+04    7.15062E+02    1.84707E+03    1.40302E-01   -3.50180E-01    1.32950E-01    3.56841E+00    6.14661E+00    6.03786E+00
    6.99638E+02    2.85149E+04    7.44074E+02    1.86602E+03    1.43020E-01   -3.53368E-01    1.34726E-01    3.61914E+00    6.24682E+00    6.14661E+00
    7.07112E+02    2.92874E+04    7.72526E+02    1.88516E+03    1.45465E-01   -3.56285E-01    1.36110E-01    3.66785E+00    6.34372E+00    6.24682E+00
    7.14660E+02    3.00887E+04    8.01332E+02    1.90449E+03    1.47817E-01   -3.59118E-01    1.37299E-01    3.71622E+00    6.44034E+00    6.34372E+00
    7.22283E+02    3.09199E+04    8.31221E+02    1.92401E+03    1.50210E-01   -3.62020E-01    1.38390E-01    3.76548E+00    6.53907E+00    6.44034E+00
    7.29983E+02    3.17830E+04    8.63018E+02    1.94373E+03    1.52783E-01   -3.65157E-01    1.39441E-01    3.81693E+00    6.64253E+00    6.53907E+00
    7.37760E+02    3.26810E+04    8.97985E+02    1.96364E+03    1.55740E-01   -3.68785E-01    1.40492E-01    3.87246E+00    6.75467E+00    6.64253E+00
    7.45614E+02    3.36196E+04    9.38602E+02    1.98375E+03    1.59475E-01   -3.73412E-01    1.41557E-01    3.93567E+00    6.88323E+00    6.75467E+00
    7.53547E+02    3.46107E+04    9.91149E+02    2.00407E+03    1.64981E-01   -3.80333E-01    1.42575E-01    4.01557E+00    7.04778E+00    6.88323E+00
    7.61560E+02    3.56897E+04    1.07900E+03    2.02458E+03    1.75954E-01   -3.94372E-01    1.42916E-01    4.14453E+00    7.32011E+00    7.04778E+00
    7.69652E+02    3.64275E+04    7.37783E+02    2.06624E+03    1.17868E-01   -3.39394E-01    5.17666E-02    3.53971E+00    6.29993E+00    4.61246E+00
    7.77825E+02    3.73079E+04    8.80406E+02    2.08738E+03    1.37797E-01   -3.52111E-01    1.17538E-01    3.83985E+00    6.73213E+00    6.29993E+00
    7.86081E+02    3.82648E+04    9.56902E+02    2.10873E+03    1.46730E-01   -3.59956E-01    1.31004E-01    3.96279E+00    6.94907E+00    6.73213E+00
    7.94418E+02    3.92751E+04    1.01036E+03    2.13029E+03    1.51783E-01   -3.65061E-01    1.36065E-01    4.04399E+00    7.10291E+00    6.94907E+00
    8.02839E+02    4.03306E+04    1.05543E+03    2.15207E+03    1.55338E-01   -3.68890E-01    1.38774E-01    4.11036E+00    7.23227E+00    7.10291E+00
    8.11345E+02    4.14278E+04    1.09717E+03    2.17407E+03    1.58207E-01   -3.72079E-01    1.40584E-01    4.17038E+00    7.35077E+00    7.23227E+00
    8.19935E+02    4.25655E+04    1.13778E+03    2.19629E+03    1.60735E-01   -3.74937E-01    1.41978E-01    4.22759E+00    7.46445E+00    7.35077E+00
    8.28611E+02    4.37439E+04    1.17842E+03    2.21873E+03    1.63102E-01   -3.77634E-01    1.43160E-01    4.28377E+00    7.57653E+00    7.46445E+00
    8.37374E+02    4.49638E+04    1.21988E+03    2.24139E+03    1.65419E-01   -3.80286E-01    1.44228E-01    4.34007E+00    7.68911E+00    7.57653E+00
    8.46225E+02    4.62266E+04    1.26282E+03    2.26428E+03    1.67775E-01   -3.82989E-01    1.45239E-01    4.39739E+00    7.80395E+00    7.68911E+00
    8.55164E+02    4.75347E+04    1.30802E+03    2.28740E+03    1.70260E-01   -3.85847E-01    1.46229E-01    4.45666E+00    7.92296E+00    7.80395E+00
    8.64193E+02    4.88912E+04    1.35654E+03    2.31075E+03    1.73001E-01   -3.89006E-01    1.47224E-01    4.51918E+00    8.04881E+00    7.92296E+00
    8.73312E+02    5.03014E+04    1.41021E+03    2.33434E+03    1.76206E-01   -3.92719E-01    1.48248E-01    4.58708E+00    8.18604E+00    8.04881E+00
    8.82522E+02    5.17742E+04    1.47280E+03    2.35816E+03    1.80303E-01   -3.97505E-01    1.49307E-01    4.66473E+00    8.34398E+00    8.18604E+00
    8.91824E+02    5.33282E+04    1.55401E+03    2.38222E+03    1.86396E-01   -4.04720E-01    1.50327E-01    4.76315E+00    8.54664E+00    8.34398E+00
    9.01219E+02    5.50183E+04    1.69005E+03    2.40651E+03    1.98614E-01   -4.19429E-01    1.50645E-01    4.92235E+00    8.88255E+00    8.54664E+00
    9.10708E+02    5.61759E+04    1.15758E+03    2.45584E+03    1.33288E-01   -3.61046E-01    5.41694E-02    4.17134E+00    7.61438E+00    5.50077E+00
    9.20292E+02    5.75557E+04    1.37981E+03    2.48088E+03    1.55665E-01   -3.74591E-01    1.23882E-01    4.54367E+00    8.15161E+00    7.61438E+00
    9.29972E+02    5.90541E+04    1.49839E+03    2.50616E+03    1.65627E-01   -3.82845E-01    1.38046E-01    4.69557E+00    8.41988E+00    8.15161E+00
    9.39749E+02    6.06349E+04    1.58086E+03    2.53170E+03    1.71213E-01   -3.88159E-01    1.43336E-01    4.79553E+00    8.60930E+00    8.41988E+00
    9.49623E+02    6.22850E+04    1.65006E+03    2.55750E+03    1.75099E-01   -3.92097E-01    1.46147E-01    4.87690E+00    8.76789E+00    8.60930E+00
    9.59596E+02    6.39988E+04    1.71380E+03    2.58355E+03    1.78190E-01   -3.95327E-01    1.48009E-01    4.95015E+00    8.91242E+00    8.76789E+00
    9.69669E+02    6.57742E+04    1.77537E+03    2.60986E+03    1.80866E-01   -3.98168E-01    1.49429E-01    5.01951E+00    9.05016E+00    8.91242E+00
    9.79843E+02    6.76106E+04    1.83646E+03    2.63644E+03    1.83313E-01   -4.00784E-01    1.50616E-01    5.08708E+00    9.18479E+00    9.05016E+00
    9.90118E+02    6.95086E+04    1.89802E+03    2.66328E+03    1.85636E-01   -4.03276E-01    1.51672E-01    5.15402E+00    9.31843E+00    9.18479E+00
    1.00050E+03    7.14694E+04    1.96073E+03    2.69039E+03    1.87902E-01   -4.05708E-01    1.52651E-01    5.22107E+00    9.45249E+00    9.31843E+00
    1.01098E+03    7.34945E+04    2.02513E+03    2.71777E+03    1.90159E-01   -4.08130E-01    1.53587E-01    5.28880E+00    9.58805E+00    9.45249E+00
    1.02156E+03    7.55862E+04    2.09172E+03    2.74542E+03    1.92452E-01   -4.10587E-01    1.54501E-01    5.35770E+00    9.72608E+00    9.58805E+00
    1.03226E+03    7.77473E+04    2.16106E+03    2.77335E+03    1.94824E-01   -4.13124E-01    1.55410E-01    5.42830E+00    9.86763E+00    9.72608E+00
    1.04306E+03    7.99812E+04    2.23388E+03    2.80157E+03    1.97330E-01   -4.15802E-01    1.56328E-01    5.50122E+00    1.00140E+01    9.86763E+00
    1.05396E+03    8.22924E+04    2.31121E+03    2.83006E+03    2.00048E-01   -4.18706E-01    1.57268E-01    5.57740E+00    1.01671E+01    1.00140E+01
    1.06498E+03    8.46871E+04    2.39475E+03    2.85884E+03    2.03104E-01   -4.21974E-01    1.58246E-01    5.65831E+00    1.03301E+01    1.01671E+01
    1.07611E+03    8.71747E+04    2.48759E+03    2.88790E+03    2.06729E-01   -4.25864E-01    1.59274E-01    5.74662E+00    1.05087E+01    1.03301E+01
    1.08735E+03    8.97709E+04    2.59621E+03    2.91726E+03    2.11412E-01   -4.30927E-01    1.60353E-01    5.84795E+00    1.07148E+01    1.05087E+01
    1.09870E+03    9.25084E+04    2.73748E+03    2.94691E+03    2.18428E-01   -4.38608E-01    1.61402E-01    5.97671E+00    1.09798E+01    1.07148E+01
    1.11016E+03    9.54829E+04    2.97451E+03    2.97685E+03    2.32564E-01   -4.54329E-01    1.61709E-01    6.18527E+00    1.14195E+01    1.09798E+01
    1.12174E+03    9.75243E+04    2.04139E+03    3.03765E+03    1.56396E-01   -3.91234E-01    5.77250E-02    5.19752E+00    9.74996E+00    6.94343E+00
    1.13343E+03    9.99552E+04    2.43091E+03    3.06850E+03    1.82492E-01   -4.05963E-01    1.32989E-01    5.68743E+00    1.04585E+01    9.74996E+00
    1.14524E+03    1.02593E+05    2.63802E+03    3.09966E+03    1.94057E-01   -4.14851E-01    1.48174E-01    5.88683E+00    1.08111E+01    1.04585E+01
    1.15717E+03    1.05375E+05    2.78171E+03    3.13113E+03    2.00512E-01   -4.20539E-01    1.53817E-01    6.01788E+00    1.10596E+01    1.08111E+01
    1.16922E+03    1.08277E+05    2.90204E+03    3.16292E+03    2.04981E-01   -4.24727E-01    1.56804E-01    6.12443E+00    1.12673E+01    1.10596E+01
    1.18139E+03    1.11290E+05    3.01262E+03    3.19503E+03    2.08515E-01   -4.28142E-01    1.58772E-01    6.22018E+00    1.14562E+01    1.12673E+01
    1.19368E+03    1.14409E+05    3.11919E+03    3.22746E+03    2.11552E-01   -4.31122E-01    1.60267E-01    6.31067E+00    1.16359E+01    1.14562E+01
    1.20610E+03    1.17633E+05    3.22456E+03    3.26021E+03    2.14305E-01   -4.33843E-01    1.61510E-01    6.39858E+00    1.18110E+01    1.16359E+01
    1.21863E+03    1.20964E+05    3.33036E+03    3.29329E+03    2.16890E-01   -4.36404E-01    1.62607E-01    6.48535E+00    1.19841E+01    1.18110E+01
    1.23130E+03    1.24401E+05    3.43759E+03    3.32670E+03    2.19377E-01   -4.38870E-01    1.63617E-01    6.57187E+00    1.21570E+01    1.19841E+01
    1.24409E+03    1.27948E+05    3.54698E+03    3.36044E+03    2.21813E-01   -4.41281E-01    1.64572E-01    6.65872E+00    1.23307E+01    1.21570E+01
    1.25700E+03    1.31607E+05    3.65910E+03    3.39452E+03    2.24230E-01   -4.43669E-01    1.65493E-01    6.74636E+00    1.25061E+01    1.23307E+01
    1.27005E+03    1.35382E+05    3.77446E+03    3.42894E+03    2.26657E-01   -4.46060E-01    1.66395E-01    6.83512E+00    1.26838E+01    1.25061E+01
    1.28323E+03    1.39275E+05    3.89357E+03    3.46371E+03    2.29118E-01   -4.48477E-01    1.67289E-01    6.92536E+00    1.28645E+01    1.26838E+01
    1.29654E+03    1.43292E+05    4.01701E+03    3.49882E+03    2.31638E-01   -4.50946E-01    1.68183E-01    7.01742E+00    1.30490E+01    1.28645E+01
    1.30998E+03    1.47438E+05    4.14545E+03    3.53429E+03    2.34249E-01   -4.53497E-01    1.69086E-01    7.11172E+00    1.32381E+01    1.30490E+01
    1.32356E+03    1.51718E+05    4.27979E+03    3.57011E+03    2.36990E-01   -4.56167E-01    1.70005E-01    7.20882E+00    1.34329E+01    1.32381E+01
    1.33727E+03    1.56139E+05    4.42130E+03    3.60629E+03    2.39916E-01   -4.59012E-01    1.70950E-01    7.30947E+00    1.36350E+01    1.34329E+01
    1.35112E+03    1.60711E+05    4.57193E+03    3.64283E+03    2.43116E-01   -4.62121E-01    1.71931E-01    7.41487E+00    1.38469E+01    1.36350E+01
    1.36511E+03    1.65446E+05    4.73490E+03    3.67973E+03    2.46734E-01   -4.65639E-01    1.72959E-01    7.52700E+00    1.40728E+01    1.38469E+01
    1.37923E+03    1.70362E+05    4.91618E+03    3.71701E+03    2.51046E-01   -4.69844E-01    1.74048E-01    7.64953E+00    1.43205E+01    1.40728E+01
    1.39350E+03    1.75490E+05    5.12843E+03    3.75465E+03    2.56637E-01   -4.75335E-01    1.75196E-01    7.79022E+00    1.46066E+01    1.43205E+01
    1.40792E+03    1.80895E+05    5.40457E+03    3.79268E+03    2.65037E-01   -4.83685E-01    1.76312E-01    7.96904E+00    1.49746E+01    1.46066E+01
    1.42247E+03    1.86763E+05    5.86797E+03    3.83108E+03    2.81997E-01   -5.00800E-01    1.76625E-01    8.25868E+00    1.55846E+01    1.49746E+01
    1.43717E+03    1.90798E+05    4.03547E+03    3.90904E+03    1.90048E-01   -4.31428E-01    6.25951E-02    6.88330E+00    1.32575E+01    9.31122E+00
    1.45202E+03    1.95599E+05    4.80083E+03    3.94861E+03    2.21565E-01   -4.47724E-01    1.45285E-01    7.56591E+00    1.42471E+01    1.32575E+01
    1.46702E+03    2.00805E+05    5.20626E+03    3.98857E+03    2.35465E-01   -4.57459E-01    1.61851E-01    7.84306E+00    1.47378E+01    1.42471E+01
    1.48217E+03    2.06292E+05    5.48679E+03    4.02894E+03    2.43185E-01   -4.63647E-01    1.67977E-01    8.02492E+00    1.50828E+01    1.47378E+01
    1.49747E+03    2.12013E+05    5.72118E+03    4.06970E+03    2.48498E-01   -4.68175E-01    1.71203E-01    8.17256E+00    1.53706E+01    1.50828E+01
    1.51292E+03    2.17950E+05    5.93611E+03    4.11088E+03    2.52673E-01   -4.71841E-01    1.73320E-01    8.30501E+00    1.56320E+01    1.53706E+01
    1.52852E+03    2.24092E+05    6.14273E+03    4.15246E+03    2.56236E-01   -4.75016E-01    1.74917E-01    8.42994E+00    1.58800E+01    1.56320E+01
    1.54428E+03    2.30439E+05    6.34650E+03    4.19446E+03    2.59440E-01   -4.77891E-01    1.76237E-01    8.55102E+00    1.61211E+01    1.58800E+01
    1.56020E+03    2.36989E+05    6.55046E+03    4.23689E+03    2.62421E-01   -4.80574E-01    1.77395E-01    8.67023E+00    1.63589E+01    1.61211E+01
    1.57628E+03    2.43746E+05    6.75644E+03    4.27973E+03    2.65259E-01   -4.83130E-01    1.78452E-01    8.78871E+00    1.65956E+01    1.63589E+01
    1.59252E+03    2.50711E+05    6.96569E+03    4.32300E+03    2.68006E-01   -4.85598E-01    1.79443E-01    8.90720E+00    1.68324E+01    1.65956E+01
    1.60893E+03    2.57890E+05    7.17908E+03    4.36671E+03    2.70693E-01   -4.88009E-01    1.80390E-01    9.02621E+00    1.70704E+01    1.68324E+01
    1.62549E+03    2.65288E+05    7.39731E+03    4.41086E+03    2.73345E-01   -4.90381E-01    1.81306E-01    9.14607E+00    1.73102E+01    1.70704E+01
    1.64222E+03    2.72909E+05    7.62093E+03    4.45544E+03    2.75980E-01   -4.92729E-01    1.82202E-01    9.26706E+00    1.75523E+01    1.73102E+01
    1.65912E+03    2.80759E+05    7.85046E+03    4.50047E+03    2.78610E-01   -4.95066E-01    1.83085E-01    9.38941E+00    1.77972E+01    1.75523E+01
    1.67619E+03    2.88846E+05    8.08637E+03    4.54595E+03    2.81248E-01   -4.97400E-01    1.83959E-01    9.51330E+00    1.80452E+01    1.77972E+01
    1.69343E+03    2.97175E+05    8.32913E+03    4.59189E+03    2.83903E-01   -4.99741E-01    1.84829E-01    9.63890E+00    1.82967E+01    1.80452E+01
    1.71084E+03    3.05754E+05    8.57922E+03    4.63829E+03    2.86585E-01   -5.02097E-01    1.85698E-01    9.76639E+00    1.85520E+01    1.82967E+01
    1.72843E+03    3.14591E+05    8.83717E+03    4.68515E+03    2.89305E-01   -5.04477E-01    1.86570E-01    9.89595E+00    1.88115E+01    1.85520E+01
    1.74619E+03    3.23695E+05    9.10357E+03    4.73247E+03    2.92075E-01   -5.06891E-01    1.87446E-01    1.00278E+01    1.90756E+01    1.88115E+01
    1.76413E+03    3.33074E+05    9.37913E+03    4.78028E+03    2.94907E-01   -5.09350E-01    1.88331E-01    1.01621E+01    1.93447E+01    1.90756E+01
    1.78224E+03    3.42738E+05    9.66469E+03    4.82856E+03    2.97818E-01   -5.11870E-01    1.89228E-01    1.02993E+01    1.96196E+01    1.93447E+01
    1.80054E+03    3.52700E+05    9.96134E+03    4.87732E+03    3.00831E-01   -5.14469E-01    1.90141E-01    1.04397E+01    1.99009E+01    1.96196E+01
    1.81903E+03    3.62970E+05    1.02705E+04    4.92657E+03    3.03977E-01   -5.17174E-01    1.91073E-01    1.05837E+01    2.01899E+01    1.99009E+01
    1.83769E+03    3.73565E+05    1.05942E+04    4.97631E+03    3.07300E-01   -5.20023E-01    1.92032E-01    1.07323E+01    2.04880E+01    2.01899E+01
    1.85655E+03    3.84500E+05    1.09354E+04    5.02655E+03    3.10867E-01   -5.23076E-01    1.93024E-01    1.08865E+01    2.07975E+01    2.04880E+01
    1.87559E+03    3.95799E+05    1.12987E+04    5.07729E+03    3.14784E-01   -5.26427E-01    1.94059E-01    1.10480E+01    2.11223E+01    2.07975E+01
    1.89482E+03    4.07490E+05    1.16917E+04    5.12854E+03    3.19236E-01   -5.30238E-01    1.95150E-01    1.12199E+01    2.14686E+01    2.11223E+01
    1.91425E+03    4.19619E+05    1.21290E+04    5.18031E+03    3.24570E-01   -5.34821E-01    1.96308E-01    1.14078E+01    2.18485E+01    2.14686E+01
    1.93387E+03    4.32261E+05    1.26413E+04    5.23259E+03    3.31530E-01   -5.40843E-01    1.97532E-01    1.16238E+01    2.22876E+01    2.18485E+01
    1.95368E+03    4.45569E+05    1.33086E+04    5.28539E+03    3.42070E-01   -5.50074E-01    1.98718E-01    1.18986E+01    2.28529E+01    2.22876E+01
    1.97370E+03    4.60000E+05    1.44311E+04    5.33872E+03    3.63527E-01   -5.69144E-01    1.99004E-01    1.23450E+01    2.37923E+01    2.28529E+01
    1.99391E+03    4.69934E+05    9.93414E+03    5.44699E+03    2.45256E-01   -4.90261E-01    7.00036E-02    1.02020E+01    2.01614E+01    1.39727E+01
    2.01433E+03    4.81736E+05    1.18013E+04    5.50193E+03    2.85544E-01   -5.08702E-01    1.63606E-01    1.12607E+01    2.16981E+01    2.01614E+01
    2.03495E+03    4.94518E+05    1.27822E+04    5.55743E+03    3.03114E-01   -5.19541E-01    1.82185E-01    1.16876E+01    2.24539E+01    2.16981E+01
    2.05577E+03    5.07974E+05    1.34559E+04    5.61348E+03    3.12729E-01   -5.26320E-01    1.88986E-01    1.19659E+01    2.29818E+01    2.24539E+01
    2.07681E+03    5.21989E+05    1.40152E+04    5.67009E+03    3.19236E-01   -5.31198E-01    1.92522E-01    1.21907E+01    2.34198E+01    2.29818E+01
    2.09805E+03    5.36514E+05    1.45253E+04    5.72727E+03    3.24263E-01   -5.35082E-01    1.94808E-01    1.23914E+01    2.38157E+01    2.34198E+01
    2.11951E+03    5.51528E+05    1.50134E+04    5.78502E+03    3.28481E-01   -5.38392E-01    1.96506E-01    1.25799E+01    2.41899E+01    2.38157E+01
    2.14118E+03    5.67020E+05    1.54925E+04    5.84335E+03    3.32211E-01   -5.41342E-01    1.97887E-01    1.27620E+01    2.45524E+01    2.41899E+01
    2.16307E+03    5.82990E+05    1.59699E+04    5.90226E+03    3.35627E-01   -5.44053E-01    1.99080E-01    1.29406E+01    2.49084E+01    2.45524E+01
    2.18518E+03    5.99440E+05    1.64499E+04    5.96176E+03    3.38829E-01   -5.46596E-01    2.00153E-01    1.31174E+01    2.52614E+01    2.49084E+01
    2.20751E+03    6.16375E+05    1.69352E+04    6.02185E+03    3.41877E-01   -5.49016E-01    2.01144E-01    1.32935E+01    2.56133E+01    2.52614E+01
    2.23006E+03    6.33803E+05    1.74277E+04    6.08255E+03    3.44813E-01   -5.51342E-01    2.02076E-01    1.34696E+01    2.59653E+01    2.56133E+01
    2.25284E+03    6.51732E+05    1.79287E+04    6.14385E+03    3.47662E-01   -5.53595E-01    2.02966E-01    1.36462E+01    2.63184E+01    2.59653E+01
    2.27584E+03    6.70171E+05    1.84392E+04    6.20576E+03    3.50443E-01   -5.55787E-01    2.03823E-01    1.38236E+01    2.66733E+01    2.63184E+01
    2.29908E+03    6.89131E+05    1.89600E+04    6.26830E+03    3.53168E-01   -5.57929E-01    2.04653E-01    1.40021E+01    2.70303E+01    2.66733E+01
    2.32254E+03    7.08623E+05    1.94918E+04    6.33146E+03    3.55846E-01   -5.60028E-01    2.05462E-01    1.41818E+01    2.73898E+01    2.70303E+01
    2.34625E+03    7.28658E+05    2.00351E+04    6.39525E+03    3.58484E-01   -5.62089E-01    2.06252E-01    1.43629E+01    2.77520E+01    2.73898E+01
    2.37019E+03    7.49248E+05    2.05903E+04    6.45968E+03    3.61087E-01   -5.64116E-01    2.07028E-01    1.45454E+01    2.81172E+01    2.77520E+01
    2.39436E+03    7.70406E+05    2.11579E+04    6.52475E+03    3.63658E-01   -5.66111E-01    2.07789E-01    1.47294E+01    2.84854E+01    2.81172E+01
    2.41879E+03    7.92144E+05    2.17383E+04    6.59048E+03    3.66198E-01   -5.68076E-01    2.08538E-01    1.49151E+01    2.88568E+01    2.84854E+01
    2.44345E+03    8.14476E+05    2.23317E+04    6.65686E+03    3.68711E-01   -5.70013E-01    2.09275E-01    1.51023E+01    2.92315E+01    2.88568E+01
    2.46836E+03    8.37414E+05    2.29385E+04    6.72391E+03    3.71195E-01   -5.71922E-01    2.10002E-01    1.52912E+01    2.96095E+01    2.92315E+01
    2.49352E+03    8.60973E+05    2.35590E+04    6.79162E+03    3.73653E-01   -5.73804E-01    2.10718E-01    1.54818E+01    2.99909E+01    2.96095E+01
    2.51893E+03    8.85167E+05    2.41935E+04    6.86001E+03    3.76084E-01   -5.75660E-01    2.11423E-01    1.56741E+01    3.03756E+01    2.99909E+01
    2.54460E+03    9.10009E+05    2.48421E+04    6.92909E+03    3.78488E-01   -5.77488E-01    2.12119E-01    1.58681E+01    3.07638E+01    3.03756E+01
    2.57052E+03    9.35514E+05    2.55053E+04    6.99886E+03    3.80864E-01   -5.79291E-01    2.12805E-01    1.60639E+01    3.11555E+01    3.07638E+01
    2.59671E+03    9.61698E+05    2.61832E+04    7.06932E+03    3.83213E-01   -5.81067E-01    2.13482E-01    1.62613E+01    3.15506E+01    3.11555E+01
    2.62315E+03    9.88574E+05    2.68762E+04    7.14049E+03    3.85534E-01   -5.82816E-01    2.14148E-01    1.64605E+01    3.19492E+01    3.15506E+01
    2.64986E+03    1.01616E+06    2.75843E+04    7.21238E+03    3.87826E-01   -5.84538E-01    2.14805E-01    1.66615E+01    3.23512E+01    3.19492E+01
    2.67683E+03    1.04447E+06    2.83081E+04    7.28498E+03    3.90089E-01   -5.86234E-01    2.15452E-01    1.68641E+01    3.27568E+01    3.23512E+01
    2.70408E+03    1.07351E+06    2.90476E+04    7.35830E+03    3.92324E-01   -5.87903E-01    2.16088E-01    1.70686E+01    3.31658E+01    3.27568E+01
    2.73160E+03    1.10332E+06    2.98033E+04    7.43236E+03    3.94530E-01   -5.89546E-01    2.16715E-01    1.72748E+01    3.35785E+01    3.31658E+01
    2.75939E+03    1.13389E+06    3.05755E+04    7.50716E+03    3.96709E-01   -5.91165E-01    2.17332E-01    1.74829E+01    3.39948E+01    3.35785E+01
    2.78746E+03    1.16526E+06    3.13647E+04    7.58271E+03    3.98862E-01   -5.92760E-01    2.17939E-01    1.76928E+01    3.44148E+01    3.39948E+01
    2.81581E+03    1.19743E+06    3.21715E+04    7.65902E+03    4.00992E-01   -5.94335E-01    2.18537E-01    1.79047E+01    3.48388E+01    3.44148E+01
    2.84445E+03    1.23043E+06    3.29964E+04    7.73608E+03    4.03103E-01   -5.95892E-01    2.19126E-01    1.81186E+01    3.52669E+01    3.48388E+01
    2.87337E+03    1.26427E+06    3.38406E+04    7.81392E+03    4.05202E-01   -5.97437E-01    2.19707E-01    1.83347E+01    3.56994E+01    3.52669E+01
    2.90258E+03    1.29897E+06    3.47051E+04    7.89254E+03    4.07299E-01   -5.98979E-01    2.20280E-01    1.85533E+01    3.61368E+01    3.56994E+01
    2.93208E+03    1.33456E+06    3.55917E+04    7.97194E+03    4.09407E-01   -6.00528E-01    2.20848E-01    1.87746E+01    3.65799E+01    3.61368E+01
    2.96188E+03    1.37107E+06    3.65029E+04    8.05214E+03    4.11549E-01   -6.02100E-01    2.21413E-01    1.89992E+01    3.70297E+01    3.65799E+01
    2.99197E+03    1.40851E+06    3.74421E+04    8.13314E+03    4.13755E-01   -6.03722E-01    2.21979E-01    1.92278E+01    3.74877E+01    3.70297E+01
    3.02237E+03    1.44692E+06    3.84149E+04    8.21494E+03    4.16074E-01   -6.05431E-01    2.22549E-01    1.94616E+01    3.79562E+01    3.74877E+01
    3.05307E+03    1.48635E+06    3.94297E+04    8.29757E+03    4.18585E-01   -6.07287E-01    2.23130E-01    1.97023E+01    3.84392E+01    3.79562E+01
    3.08408E+03    1.52685E+06    4.05003E+04    8.38102E+03    4.21414E-01   -6.09391E-01    2.23732E-01    1.99530E+01    3.89428E+01    3.84392E+01
    3.11540E+03    1.56850E+06    4.16513E+04    8.46531E+03    4.24786E-01   -6.11919E-01    2.24366E-01    2.02189E+01    3.94781E+01    3.89428E+01
    3.14703E+03    1.61143E+06    4.29295E+04    8.55044E+03    4.29130E-01   -6.15212E-01    2.25043E-01    2.05099E+01    4.00664E+01    3.94781E+01
    3.17898E+03    1.65587E+06    4.44366E+04    8.63642E+03    4.35377E-01   -6.20008E-01    2.25759E-01    2.08476E+01    4.07537E+01    4.00664E+01
    3.21124E+03    1.70231E+06    4.64409E+04    8.72326E+03    4.45983E-01   -6.28274E-01    2.26396E-01    2.12878E+01    4.16610E+01    4.07537E+01
    3.24383E+03    1.75226E+06    4.99540E+04    8.81097E+03    4.70198E-01   -6.47399E-01    2.25994E-01    2.20354E+01    4.32387E+01    4.16610E+01
    3.27675E+03    1.78620E+06    3.39338E+04    8.98903E+03    3.13067E-01   -5.53958E-01    7.87231E-02    1.79581E+01    3.62825E+01    2.49319E+01
    3.30999E+03    1.82620E+06    4.00051E+04    9.07940E+03    3.61755E-01   -5.72662E-01    1.83886E-01    1.98298E+01    3.89623E+01    3.62825E+01
    3.34357E+03    1.86917E+06    4.29676E+04    9.17067E+03    3.80834E-01   -5.82435E-01    2.03968E-01    2.05302E+01    4.01839E+01    3.89623E+01
    3.37748E+03    1.91400E+06    4.48337E+04    9.26285E+03    3.89489E-01   -5.87439E-01    2.10724E-01    2.09509E+01    4.09717E+01    4.01839E+01
    3.41173E+03    1.96027E+06    4.62660E+04    9.35596E+03    3.93957E-01   -5.90139E-01    2.13761E-01    2.12664E+01    4.15802E+01    4.09717E+01
    3.44633E+03    2.00776E+06    4.74853E+04    9.44999E+03    3.96318E-01   -5.91562E-01    2.15344E-01    2.15306E+01    4.20970E+01    4.15802E+01
    3.48127E+03    2.05634E+06    4.85816E+04    9.54497E+03    3.97424E-01   -5.92179E-01    2.16215E-01    2.17649E+01    4.25587E+01    4.20970E+01
    3.51656E+03    2.10593E+06    4.95970E+04    9.64090E+03    3.97682E-01   -5.92227E-01    2.16677E-01    2.19794E+01    4.29829E+01    4.25587E+01
    3.55220E+03    2.15649E+06    5.05524E+04    9.73778E+03    3.97303E-01   -5.91836E-01    2.16871E-01    2.21792E+01    4.33786E+01    4.29829E+01
    3.58820E+03    2.20795E+06    5.14590E+04    9.83564E+03    3.96406E-01   -5.91078E-01    2.16871E-01    2.23668E+01    4.37509E+01    4.33786E+01
    3.62456E+03    2.26027E+06    5.23223E+04    9.93447E+03    3.95063E-01   -5.89996E-01    2.16719E-01    2.25439E+01    4.41023E+01    4.37509E+01
    3.66128E+03    2.31341E+06    5.31445E+04    1.00343E+04    3.93313E-01   -5.88615E-01    2.16436E-01    2.27111E+01    4.44341E+01    4.41023E+01
    3.69837E+03    2.36734E+06    5.39258E+04    1.01351E+04    3.91181E-01   -5.86948E-01    2.16039E-01    2.28688E+01    4.47468E+01    4.44341E+01
    3.73583E+03    2.42200E+06    5.46652E+04    1.02369E+04    3.88682E-01   -5.85002E-01    2.15533E-01    2.30168E+01    4.50403E+01    4.47468E+01
    3.77366E+03    2.47736E+06    5.53605E+04    1.03398E+04    3.85821E-01   -5.82776E-01    2.14925E-01    2.31549E+01    4.53141E+01    4.50403E+01
    3.81188E+03    2.53337E+06    5.60088E+04    1.04437E+04    3.82600E-01   -5.80269E-01    2.14215E-01    2.32829E+01    4.55673E+01    4.53141E+01
    3.85047E+03    2.58998E+06    5.66066E+04    1.05486E+04    3.79017E-01   -5.77474E-01    2.13403E-01    2.34001E+01    4.57990E+01    4.55673E+01
    3.88946E+03    2.64713E+06    5.71500E+04    1.06545E+04    3.75069E-01   -5.74385E-01    2.12490E-01    2.35060E+01    4.60078E+01    4.57990E+01
    3.92883E+03    2.70476E+06    5.76343E+04    1.07616E+04    3.70750E-01   -5.70991E-01    2.11471E-01    2.35998E+01    4.61924E+01    4.60078E+01
    3.96859E+03    2.76282E+06    5.80549E+04    1.08697E+04    3.66053E-01   -5.67281E-01    2.10345E-01    2.36807E+01    4.63510E+01    4.61924E+01
    4.00875E+03    2.82123E+06    5.84064E+04    1.09788E+04    3.60970E-01   -5.63244E-01    2.09109E-01    2.37479E+01    4.64819E+01    4.63510E+01
    4.04932E+03    2.87991E+06    5.86832E+04    1.10891E+04    3.55493E-01   -5.58865E-01    2.07757E-01    2.38004E+01    4.65833E+01    4.64819E+01
    4.09029E+03    2.93879E+06    5.88795E+04    1.12005E+04    3.49613E-01   -5.54130E-01    2.06285E-01    2.38372E+01    4.66529E+01    4.65833E+01
    4.13167E+03    2.99778E+06    5.89891E+04    1.13129E+04    3.43322E-01   -5.49022E-01    2.04689E-01    2.38571E+01    4.66885E+01    4.66529E+01
    4.17346E+03    3.05678E+06    5.90053E+04    1.14265E+04    3.36612E-01   -5.43524E-01    2.02963E-01    2.38589E+01    4.66877E+01    4.66885E+01
    4.21567E+03    3.11570E+06    5.89216E+04    1.15413E+04    3.29474E-01   -5.37617E-01    2.01101E-01    2.38414E+01    4.66479E+01    4.66877E+01
    4.25831E+03    3.17444E+06    5.87310E+04    1.16572E+04    3.21901E-01   -5.31283E-01    1.99097E-01    2.38031E+01    4.65663E+01    4.66479E+01
    4.30137E+03    3.23286E+06    5.84263E+04    1.17742E+04    3.13886E-01   -5.24499E-01    1.96944E-01    2.37425E+01    4.64398E+01    4.65663E+01
    4.34486E+03    3.29086E+06    5.80002E+04    1.18924E+04    3.05424E-01   -5.17244E-01    1.94634E-01    2.36582E+01    4.62653E+01    4.64398E+01
    4.38878E+03    3.34831E+06    5.74453E+04    1.20118E+04    2.96509E-01   -5.09493E-01    1.92161E-01    2.35482E+01    4.60393E+01    4.62653E+01
    4.43315E+03    3.40506E+06    5.67543E+04    1.21324E+04    2.87140E-01   -5.01222E-01    1.89516E-01    2.34109E+01    4.57581E+01    4.60393E+01
    4.47796E+03    3.46098E+06    5.59197E+04    1.22542E+04    2.77313E-01   -4.92402E-01    1.86690E-01    2.32442E+01    4.54177E+01    4.57581E+01
    4.52321E+03    3.51592E+06    5.49343E+04    1.23773E+04    2.67030E-01   -4.83005E-01    1.83674E-01    2.30460E+01    4.50139E+01    4.54177E+01
    4.56892E+03    3.56971E+06    5.37911E+04    1.25015E+04    2.56294E-01   -4.73000E-01    1.80458E-01    2.28141E+01    4.45421E+01    4.50139E+01
    4.61509E+03    3.62219E+06    5.24833E+04    1.26270E+04    2.45111E-01   -4.62353E-01    1.77032E-01    2.25460E+01    4.39972E+01    4.45421E+01
    4.66172E+03    3.67319E+06    5.10047E+04    1.27538E+04    2.33488E-01   -4.51028E-01    1.73384E-01    2.22390E+01    4.33740E+01    4.39972E+01
    4.70881E+03    3.72254E+06    4.93498E+04    1.28818E+04    2.21438E-01   -4.38984E-01    1.69502E-01    2.18902E+01    4.26666E+01    4.33740E+01
    4.75638E+03    3.77006E+06    4.75137E+04    1.30111E+04    2.08978E-01   -4.26180E-01    1.65373E-01    2.14964E+01    4.18685E+01    4.26666E+01
    4.80442E+03    3.81555E+06    4.54928E+04    1.31417E+04    1.96127E-01   -4.12567E-01    1.60983E-01    2.10542E+01    4.09728E+01    4.18685E+01
    4.85294E+03    3.85884E+06    4.32846E+04    1.32735E+04    1.82912E-01   -3.98092E-01    1.56317E-01    2.05598E+01    3.99718E+01    4.09728E+01
    4.90194E+03    3.89972E+06    4.08883E+04    1.34068E+04    1.69365E-01   -3.82696E-01    1.51356E-01    2.00089E+01    3.88567E+01    3.99718E+01
    4.95144E+03    3.93803E+06    3.83050E+04    1.35413E+04    1.55523E-01   -3.66310E-01    1.46083E-01    1.93967E+01    3.76179E+01    3.88567E+01
    5.00143E+03    3.97357E+06    3.55384E+04    1.36772E+04    1.41434E-01   -3.48856E-01    1.40476E-01    1.87176E+01    3.62441E+01    3.76179E+01
    5.05192E+03    4.00616E+06    3.25948E+04    1.38144E+04    1.27151E-01   -3.30239E-01    1.34512E-01    1.79653E+01    3.47224E+01    3.62441E+01
    5.10292E+03    4.03565E+06    2.94843E+04    1.39531E+04    1.12740E-01   -3.10346E-01    1.28162E-01    1.71323E+01    3.30375E+01    3.47224E+01
    5.15442E+03    4.06187E+06    2.62215E+04    1.40931E+04    9.82795E-02   -2.89037E-01    1.21396E-01    1.62093E+01    3.11706E+01    3.30375E+01
    5.20645E+03    4.08469E+06    2.28263E+04    1.42345E+04    8.38607E-02   -2.66129E-01    1.14176E-01    1.51851E+01    2.90983E+01    3.11706E+01
    5.25899E+03    4.10402E+06    1.93260E+04    1.43773E+04    6.95958E-02   -2.41377E-01    1.06456E-01    1.40447E+01    2.67901E+01    2.90983E+01
    5.31205E+03    4.11978E+06    1.57575E+04    1.45215E+04    5.56220E-02   -2.14435E-01    9.81811E-02    1.27677E+01    2.42037E+01    2.67901E+01
    5.36565E+03    4.13195E+06    1.21716E+04    1.46672E+04    4.21140E-02   -1.84776E-01    8.92857E-02    1.13242E+01    2.12770E+01    2.42037E+01
    5.41979E+03    4.14059E+06    8.64139E+03    1.48144E+04    2.93076E-02   -1.51514E-01    7.96948E-02    9.66609E+00    1.79088E+01    2.12770E+01
    5.47446E+03    4.14587E+06    5.28249E+03    1.49630E+04    1.75613E-02   -1.12919E-01    6.93582E-02    7.70283E+00    1.39074E+01    1.79088E+01
    5.52968E+03    4.14820E+06    2.32770E+03    1.51131E+04    7.58515E-03   -6.45116E-02    5.85099E-02    5.21158E+00    8.79173E+00    1.39074E+01
    5.58546E+03    4.15085E+06    2.64954E+03    1.51131E+04    8.46305E-03   -5.58842E-02    7.30753E-02    8.79173E+00    1.19241E+01    1.96522E+01
    5.64179E+03    4.15410E+06    3.25348E+03    1.51131E+04    1.01865E-02   -4.95557E-02    8.79246E-02    1.19241E+01    1.47295E+01    2.49915E+01
    5.69868E+03    4.15819E+06    4.08430E+03    1.51131E+04    1.25348E-02   -4.47703E-02    1.02618E-01    1.47295E+01    1.72894E+01    2.99807E+01
    5.75615E+03    4.16329E+06    5.10649E+03    1.51131E+04    1.53618E-02   -4.10479E-02    1.16948E-01    1.72894E+01    1.96599E+01    3.46703E+01
    5.81418E+03    4.16959E+06    6.29676E+03    1.51131E+04    1.85677E-02   -3.80777E-02    1.30835E-01    1.96599E+01    2.18809E+01    3.91047E+01
    5.87280E+03    4.17723E+06    7.63993E+03    1.51131E+04    2.20827E-02   -3.56542E-02    1.44262E-01    2.18809E+01    2.39813E+01    4.33212E+01
    5.93201E+03    4.18636E+06    9.12648E+03    1.51131E+04    2.58576E-02   -3.36386E-02    1.57245E-01    2.39813E+01    2.59828E+01    4.73512E+01
    5.99180E+03    4.19711E+06    1.07509E+04    1.51131E+04    2.98574E-02   -3.19348E-02    1.69816E-01    2.59828E+01    2.79019E+01    5.12210E+01
    6.05220E+03    4.20962E+06    1.25105E+04    1.51131E+04    3.40570E-02   -3.04752E-02    1.82012E-01    2.79019E+01    2.97516E+01    5.49526E+01
    6.11320E+03    4.22402E+06    1.44049E+04    1.51131E+04    3.84383E-02   -2.92108E-02    1.93869E-01    2.97516E+01    3.15423E+01    5.85645E+01
    6.17481E+03    4.24046E+06    1.64353E+04    1.51131E+04    4.29887E-02   -2.81055E-02    2.05424E-01    3.15423E+01    3.32824E+01    6.20725E+01
    6.23703E+03    4.25906E+06    1.86041E+04    1.51131E+04    4.76992E-02   -2.71321E-02    2.16710E-01    3.32824E+01    3.49791E+01    6.54900E+01
    6.29988E+03    4.27998E+06    2.09151E+04    1.51131E+04    5.25638E-02   -2.62698E-02    2.27758E-01    3.49791E+01    3.66383E+01    6.88287E+01
    6.36335E+03    4.30335E+06    2.33728E+04    1.51131E+04    5.75787E-02   -2.55026E-02    2.38596E-01    3.66383E+01    3.82652E+01    7.20987E+01
    6.42747E+03    4.32933E+06    2.59826E+04    1.51131E+04    6.27419E-02   -2.48174E-02    2.49251E-01    3.82652E+01    3.98641E+01    7.53090E+01
    6.49222E+03    4.35808E+06    2.87506E+04    1.51131E+04    6.80532E-02   -2.42042E-02    2.59745E-01    3.98641E+01    4.14392E+01    7.84676E+01
    6.55762E+03    4.38977E+06    3.16839E+04    1.51131E+04    7.35133E-02   -2.36546E-02    2.70099E-01    4.14392E+01    4.29939E+01    8.15816E+01
    6.62367E+03    4.42456E+06    3.47901E+04    1.51131E+04    7.91242E-02   -2.31617E-02    2.80335E-01    4.29939E+01    4.45314E+01    8.46575E+01
    6.69038E+03    4.46264E+06    3.80777E+04    1.51131E+04    8.48888E-02   -2.27199E-02    2.90470E-01    4.45314E+01    4.60547E+01    8.77012E+01
    6.75776E+03    4.50419E+06    4.15559E+04    1.51131E+04    9.08111E-02   -2.23246E-02    3.00521E-01    4.60547E+01    4.75664E+01    9.07183E+01
    6.82582E+03    4.54943E+06    4.52347E+04    1.51131E+04    9.68957E-02   -2.19719E-02    3.10504E-01    4.75664E+01    4.90691E+01    9.37138E+01
    6.89455E+03    4.59855E+06    4.91249E+04    1.51131E+04    1.03148E-01   -2.16583E-02    3.20436E-01    4.90691E+01    5.05652E+01    9.66925E+01
    6.96398E+03    4.65179E+06    5.32382E+04    1.51131E+04    1.09575E-01   -2.13811E-02    3.30330E-01    5.05652E+01    5.20569E+01    9.96591E+01
    7.03409E+03    4.70938E+06    5.75874E+04    1.51131E+04    1.16183E-01   -2.11378E-02    3.40200E-01    5.20569E+01    5.35464E+01    1.02618E+02
    7.10491E+03    4.77156E+06    6.21860E+04    1.51131E+04    1.22980E-01   -2.09266E-02    3.50061E-01    5.35464E+01    5.50358E+01    1.05573E+02
    7.17644E+03    4.83861E+06    6.70488E+04    1.51131E+04    1.29976E-01   -2.07457E-02    3.59924E-01    5.50358E+01    5.65270E+01    1.08528E+02
    7.24868E+03    4.91080E+06    7.21918E+04    1.51131E+04    1.37179E-01   -2.05935E-02    3.69804E-01    5.65270E+01    5.80221E+01    1.11488E+02
    7.32164E+03    4.98844E+06    7.76321E+04    1.51131E+04    1.44601E-01   -2.04690E-02    3.79713E-01    5.80221E+01    5.95230E+01    1.14455E+02
    7.39533E+03    5.07182E+06    8.33881E+04    1.51131E+04    1.52252E-01   -2.03710E-02    3.89663E-01    5.95230E+01    6.10317E+01    1.17435E+02
    7.46976E+03    5.16130E+06    8.94799E+04    1.51131E+04    1.60145E-01   -2.02988E-02    3.99666E-01    6.10317E+01    6.25501E+01    1.20430E+02
    7.54494E+03    5.25723E+06    9.59291E+04    1.51131E+04    1.68294E-01   -2.02516E-02    4.09736E-01    6.25501E+01    6.40800E+01    1.23445E+02
    7.62087E+03    5.35999E+06    1.02759E+05    1.51131E+04    1.76713E-01   -2.02289E-02    4.19885E-01    6.40800E+01    6.56236E+01    1.26484E+02
    7.69755E+03    5.46999E+06    1.09995E+05    1.51131E+04    1.85417E-01   -2.02303E-02    4.30125E-01    6.56236E+01    6.71827E+01    1.29549E+02
    7.77500E+03    5.58765E+06    1.17663E+05    1.51131E+04    1.94424E-01   -2.02556E-02    4.40470E-01    6.71827E+01    6.87593E+01    1.32646E+02
    7.85323E+03    5.71344E+06    1.25795E+05    1.51131E+04    2.03753E-01   -2.03046E-02    4.50933E-01    6.87593E+01    7.03556E+01    1.35777E+02
    7.93224E+03    5.84787E+06    1.34421E+05    1.51131E+04    2.13422E-01   -2.03773E-02    4.61527E-01    7.03556E+01    7.19736E+01    1.38948E+02
    8.01204E+03    5.99144E+06    1.43577E+05    1.51131E+04    2.23454E-01   -2.04736E-02    4.72265E-01    7.19736E+01    7.36155E+01    1.42162E+02
    8.09264E+03    6.14474E+06    1.53300E+05    1.51131E+04    2.33871E-01   -2.05940E-02    4.83163E-01    7.36155E+01    7.52836E+01    1.45424E+02
    8.17404E+03    6.30837E+06    1.63631E+05    1.51131E+04    2.44699E-01   -2.07385E-02    4.94236E-01    7.52836E+01    7.69802E+01    1.48737E+02
    8.25626E+03    6.48299E+06    1.74615E+05    1.51131E+04    2.55965E-01   -2.09077E-02    5.05498E-01    7.69802E+01    7.87077E+01    1.52108E+02
    8.33930E+03    6.66929E+06    1.86301E+05    1.51131E+04    2.67698E-01   -2.11021E-02    5.16965E-01    7.87077E+01    8.04687E+01    1.55539E+02
    8.42317E+03    6.86803E+06    1.98741E+05    1.51131E+04    2.79931E-01   -2.13223E-02    5.28655E-01    8.04687E+01    8.22659E+01    1.59038E+02
    8.50787E+03    7.08002E+06    2.11994E+05    1.51131E+04    2.92697E-01   -2.15691E-02    5.40585E-01    8.22659E+01    8.41021E+01    1.62608E+02
    8.59343E+03    7.30615E+06    2.26122E+05    1.51131E+04    3.06036E-01   -2.18435E-02    5.52774E-01    8.41021E+01    8.59802E+01    1.66256E+02
    8.67984E+03    7.54734E+06    2.41196E+05    1.51131E+04    3.19987E-01   -2.21463E-02    5.65241E-01    8.59802E+01    8.79035E+01    1.69987E+02
    8.76712E+03    7.80463E+06    2.57291E+05    1.51131E+04    3.34596E-01   -2.24790E-02    5.78006E-01    8.79035E+01    8.98751E+01    1.73807E+02
    8.85526E+03    8.07913E+06    2.74491E+05    1.51131E+04    3.49912E-01   -2.28427E-02    5.91092E-01    8.98751E+01    9.18986E+01    1.77724E+02
    8.94429E+03    8.37201E+06    2.92888E+05    1.51131E+04    3.65988E-01   -2.32391E-02    6.04523E-01    9.18986E+01    9.39779E+01    1.81743E+02
    9.03421E+03    8.68460E+06    3.12584E+05    1.51131E+04    3.82882E-01   -2.36699E-02    6.18322E-01    9.39779E+01    9.61169E+01    1.85873E+02
    9.12503E+03    9.01829E+06    3.33689E+05    1.51131E+04    4.00659E-01   -2.41370E-02    6.32516E-01    9.61169E+01    9.83199E+01    1.90122E+02
    9.21676E+03    9.37461E+06    3.56328E+05    1.51131E+04    4.19390E-01   -2.46427E-02    6.47134E-01    9.83199E+01    1.00592E+02    1.94497E+02
    9.30940E+03    9.75525E+06    3.80637E+05    1.51131E+04    4.39151E-01   -2.51895E-02    6.62206E-01    1.00592E+02    1.02937E+02    1.99009E+02
    9.40298E+03    1.01620E+07    4.06769E+05    1.51131E+04    4.60030E-01   -2.57800E-02    6.77765E-01    1.02937E+02    1.05361E+02    2.03667E+02
    9.49748E+03    1.05969E+07    4.34892E+05    1.51131E+04    4.82120E-01   -2.64174E-02    6.93846E-01    1.05361E+02    1.07870E+02    2.08481E+02
    9.59293E+03    1.10621E+07    4.65194E+05    1.51131E+04    5.05526E-01   -2.71052E-02    7.10487E-01    1.07870E+02    1.10470E+02    2.13463E+02
    9.68934E+03    1.15600E+07    4.97886E+05    1.51131E+04    5.30365E-01   -2.78473E-02    7.27729E-01    1.10470E+02    1.13168E+02    2.18626E+02
    9.78671E+03    1.20932E+07    5.33202E+05    1.51131E+04    5.56767E-01   -2.86481E-02    7.45618E-01    1.13168E+02    1.15972E+02    2.23983E+02
    9.88505E+03    1.26646E+07    5.71407E+05    1.51131E+04    5.84876E-01   -2.95127E-02    7.64202E-01    1.15972E+02    1.18888E+02    2.29548E+02
    9.98438E+03    1.32774E+07    6.12798E+05    1.51131E+04    6.14854E-01   -3.04468E-02    7.83535E-01    1.18888E+02    1.21928E+02    2.35338E+02
    1.00847E+04    1.39351E+07    6.57710E+05    1.51131E+04    6.46882E-01   -3.14567E-02    8.03675E-01    1.21928E+02    1.25099E+02    2.41370E+02
    1.01860E+04    1.46416E+07    7.06521E+05    1.51131E+04    6.81166E-01   -3.25497E-02    8.24686E-01    1.25099E+02    1.28414E+02    2.47665E+02
    1.02884E+04    1.54013E+07    7.59662E+05    1.51131E+04    7.17935E-01   -3.37342E-02    8.46639E-01    1.28414E+02    1.31883E+02    2.54242E+02
    1.03917E+04    1.62189E+07    8.17622E+05    1.51131E+04    7.57451E-01   -3.50197E-02    8.69612E-01    1.31883E+02    1.35521E+02    2.61125E+02
    1.04961E+04    1.70999E+07    8.80961E+05    1.51131E+04    8.00012E-01   -3.64173E-02    8.93692E-01    1.35521E+02    1.39341E+02    2.68342E+02
    1.06016E+04    1.80502E+07    9.50319E+05    1.51131E+04    8.45955E-01   -3.79396E-02    9.18975E-01    1.39341E+02    1.43362E+02    2.75920E+02
    1.07080E+04    1.90766E+07    1.02644E+06    1.51131E+04    8.95668E-01   -3.96014E-02    9.45569E-01    1.43362E+02    1.47600E+02    2.83893E+02
    1.08156E+04    2.01868E+07    1.11016E+06    1.51131E+04    9.49600E-01   -4.14198E-02    9.73593E-01    1.47600E+02    1.52077E+02    2.92296E+02
    1.09242E+04    2.13893E+07    1.20249E+06    1.51131E+04    1.00826E+00   -4.34149E-02    1.00318E+00    1.52077E+02    1.56817E+02    3.01171E+02
    1.10340E+04    2.26939E+07    1.30458E+06    1.51131E+04    1.07226E+00   -4.56104E-02    1.03450E+00    1.56817E+02    1.61846E+02    3.10564E+02
    1.11448E+04    2.41116E+07    1.41778E+06    1.51131E+04    1.14229E+00   -4.80345E-02    1.06770E+00    1.61846E+02    1.67195E+02    3.20529E+02
    1.12567E+04    2.56553E+07    1.54369E+06    1.51131E+04    1.21918E+00   -5.07208E-02    1.10300E+00    1.67195E+02    1.72901E+02    3.31124E+02
    1.13697E+04    2.73395E+07    1.68420E+06    1.51131E+04    1.30389E+00   -5.37097E-02    1.14062E+00    1.72901E+02    1.79002E+02    3.42420E+02
    1.14839E+04    2.91811E+07    1.84159E+06    1.51131E+04    1.39759E+00   -5.70503E-02    1.18082E+00    1.79002E+02    1.85548E+02    3.54496E+02
    1.15992E+04    3.11997E+07    2.01856E+06    1.51131E+04    1.50164E+00   -6.08026E-02    1.22391E+00    1.85548E+02    1.92595E+02    3.67446E+02
    1.17157E+04    3.34181E+07    2.21842E+06    1.51131E+04    1.61774E+00   -6.50409E-02    1.27024E+00    1.92595E+02    2.00208E+02    3.81379E+02
    1.18333E+04    3.58633E+07    2.44519E+06    1.51131E+04    1.74790E+00   -6.98581E-02    1.32024E+00    2.00208E+02    2.08466E+02    3.96422E+02
    1.19521E+04    3.85672E+07    2.70385E+06    1.51131E+04    1.89464E+00   -7.53716E-02    1.37440E+00    2.08466E+02    2.17466E+02    4.12730E+02
    1.20721E+04    4.15678E+07    3.00060E+06    1.51131E+04    2.06107E+00   -8.17325E-02    1.43331E+00    2.17466E+02    2.27322E+02    4.30486E+02
    1.21933E+04    4.49110E+07    3.34325E+06    1.51131E+04    2.25109E+00   -8.91371E-02    1.49771E+00    2.27322E+02    2.38179E+02    4.49914E+02
    1.23158E+04    4.86528E+07    3.74178E+06    1.51131E+04    2.46969E+00   -9.78462E-02    1.56848E+00    2.38179E+02    2.50216E+02    4.71288E+02
    1.24394E+04    5.28619E+07    4.20913E+06    1.51131E+04    2.72332E+00   -1.08212E-01    1.64670E+00    2.50216E+02    2.63662E+02    4.94950E+02
    1.25643E+04    5.76242E+07    4.76234E+06    1.51131E+04    3.02042E+00   -1.20725E-01    1.73374E+00    2.63662E+02    2.78812E+02    5.21331E+02
    1.26904E+04    6.30486E+07    5.42432E+06    1.51131E+04    3.37235E+00   -1.36078E-01    1.83135E+00    2.78812E+02    2.96059E+02    5.50988E+02
    1.28178E+04    6.92750E+07    6.22644E+06    1.51131E+04    3.79462E+00   -1.55294E-01    1.94178E+00    2.96059E+02    3.15939E+02    5.84648E+02
    1.29464E+04    7.64879E+07    7.21285E+06    1.51131E+04    4.30900E+00   -1.79933E-01    2.06800E+00    3.15939E+02    3.39203E+02    6.23287E+02
    1.30764E+04    8.49353E+07    8.44740E+06    1.51131E+04    4.94692E+00   -2.12490E-01    2.21399E+00    3.39203E+02    3.66952E+02    6.68249E+02
    1.32076E+04    9.49609E+07    1.00257E+07    1.51131E+04    5.75527E+00   -2.57194E-01    2.38519E+00    3.66952E+02    4.00874E+02    7.21440E+02
    1.33401E+04    1.07057E+08    1.20963E+07    1.51131E+04    6.80688E+00   -3.21718E-01    2.58909E+00    4.00874E+02    4.43731E+02    7.85666E+02
    1.34740E+04    1.21959E+08    1.49020E+07    1.51131E+04    8.22016E+00   -4.21241E-01    2.83597E+00    4.43731E+02    5.00407E+02    8.65215E+02
    1.36092E+04    1.40823E+08    1.88638E+07    1.51131E+04    1.02002E+01   -5.88955E-01    3.13900E+00    5.00407E+02    5.80440E+02    9.66927E+02
    1.37458E+04    1.65620E+08    2.47967E+07    1.51131E+04    1.31436E+01   -9.06179E-01    3.51033E+00    5.80440E+02    7.04812E+02    1.10215E+03
    1.38837E+04    2.00377E+08    3.47570E+07    1.51131E+04    1.80595E+01   -1.59740E+00    3.93800E+00    7.04812E+02    9.26245E+02    1.29008E+03
    1.40231E+04    2.58447E+08    5.80703E+07    1.51131E+04    2.95774E+01   -3.35856E+00    4.27756E+00    9.26245E+02    1.39647E+03    1.56198E+03
    1.41638E+04    3.52736E+08    9.42886E+07    1.52647E+04    4.70768E+01   -5.11666E+00    4.57129E+00    7.10286E+02    1.43382E+03    1.39647E+03
    1.43059E+04    4.84595E+08    1.31860E+08    1.54178E+04    6.45361E+01   -6.93356E+00    4.05732E+00    8.18699E+02    1.80896E+03    1.43382E+03
