 # rho, F_z,dF_z, z(rho), E2 (=>sigma2=e0^2*E2), Er, Ez, Ui,j , Ui+1,j , Ui,j-1
    2.50000E-01    2.17537E-01    2.17537E-01    0.00000E+00    1.74030E+00   -3.37989E-01    1.27517E+00    1.80658E+00    1.97557E+00    2.44417E+00
    7.50000E-01    6.47152E-01    4.29615E-01    5.00000E-01    1.14564E+00   -1.19735E-01    1.06363E+00    1.44376E+00    1.50363E+00    1.97557E+00
    1.25000E+00    1.32485E+00    6.77693E-01    5.00000E-01    1.08431E+00   -3.85084E-02    1.04059E+00    1.50363E+00    1.52288E+00    2.02392E+00
    1.75000E+00    2.29162E+00    9.66772E-01    5.00000E-01    1.10488E+00   -2.23759E-02    1.05090E+00    1.52288E+00    1.53407E+00    2.04833E+00
    2.25000E+00    3.56844E+00    1.27683E+00    5.00000E-01    1.13496E+00   -2.03962E-02    1.06515E+00    1.53407E+00    1.54427E+00    2.06664E+00
    2.75000E+00    5.17752E+00    1.60908E+00    5.00000E-01    1.17024E+00   -2.37102E-02    1.08151E+00    1.54427E+00    1.55612E+00    2.08503E+00
    3.25000E+00    7.14923E+00    1.97171E+00    5.00000E-01    1.21336E+00   -3.12252E-02    1.10108E+00    1.55612E+00    1.57174E+00    2.10667E+00
    3.75000E+00    9.52717E+00    2.37793E+00    5.00000E-01    1.26823E+00   -4.52878E-02    1.12525E+00    1.57174E+00    1.59438E+00    2.13436E+00
    4.25000E+00    1.23732E+01    2.84603E+00    5.00000E-01    1.33931E+00   -7.37899E-02    1.15493E+00    1.59438E+00    1.63128E+00    2.17185E+00
    4.75000E+00    1.57704E+01    3.39720E+00    5.00000E-01    1.43040E+00   -1.40909E-01    1.18766E+00    1.63128E+00    1.70173E+00    2.22511E+00
    5.25000E+00    1.98535E+01    4.08308E+00    5.00000E-01    1.55546E+00   -3.27548E-01    1.20340E+00    1.70173E+00    1.86550E+00    2.30343E+00
    5.75000E+00    2.32032E+01    3.34973E+00    1.00000E+00    1.16512E+00   -2.58953E-01    1.04789E+00    1.34156E+00    1.47104E+00    1.86550E+00
    6.25000E+00    2.66270E+01    3.42380E+00    1.00000E+00    1.09562E+00   -1.43472E-01    1.03684E+00    1.47104E+00    1.54277E+00    1.98946E+00
    6.75000E+00    3.06855E+01    4.05850E+00    1.00000E+00    1.20252E+00   -1.29465E-01    1.08893E+00    1.54277E+00    1.60750E+00    2.08724E+00
    7.25000E+00    3.56015E+01    4.91593E+00    1.00000E+00    1.35612E+00   -1.85966E-01    1.14958E+00    1.60750E+00    1.70049E+00    2.18229E+00
    7.75000E+00    4.16646E+01    6.06317E+00    1.00000E+00    1.56469E+00   -3.84692E-01    1.19025E+00    1.70049E+00    1.89283E+00    2.29561E+00
    8.25000E+00    4.68034E+01    5.13882E+00    1.50000E+00    1.24577E+00   -3.20497E-01    1.06914E+00    1.35827E+00    1.51851E+00    1.89283E+00
    8.75000E+00    5.21837E+01    5.38025E+00    1.50000E+00    1.22977E+00   -2.61544E-01    1.07767E+00    1.51851E+00    1.64929E+00    2.05735E+00
    9.25000E+00    5.88760E+01    6.69231E+00    1.50000E+00    1.44699E+00   -4.18052E-01    1.12793E+00    1.64929E+00    1.85831E+00    2.21325E+00
    9.75000E+00    6.45044E+01    5.62840E+00    2.00000E+00    1.15454E+00   -3.29033E-01    1.02288E+00    1.34687E+00    1.51139E+00    1.85831E+00
    1.02500E+01    7.05961E+01    6.09171E+00    2.00000E+00    1.18863E+00   -2.82847E-01    1.05291E+00    1.51139E+00    1.65281E+00    2.03784E+00
    1.07500E+01    7.84232E+01    7.82706E+00    2.00000E+00    1.45620E+00   -4.59490E-01    1.11582E+00    1.65281E+00    1.88256E+00    2.21072E+00
    1.12500E+01    8.53223E+01    6.89913E+00    2.50000E+00    1.22651E+00   -4.03228E-01    1.03146E+00    1.36682E+00    1.56844E+00    1.88256E+00
    1.17500E+01    9.31098E+01    7.78753E+00    2.50000E+00    1.32554E+00   -4.73504E-01    1.04944E+00    1.56844E+00    1.80519E+00    2.09316E+00
    1.22500E+01    9.93606E+01    6.25076E+00    3.00000E+00    1.02053E+00   -3.39562E-01    9.51436E-01    1.32947E+00    1.49925E+00    1.80519E+00
    1.27500E+01    1.06540E+02    7.17971E+00    3.00000E+00    1.12623E+00   -3.09714E-01    1.01504E+00    1.49925E+00    1.65411E+00    2.00677E+00
    1.32500E+01    1.16244E+02    9.70337E+00    3.00000E+00    1.46466E+00   -5.07624E-01    1.09863E+00    1.65411E+00    1.90792E+00    2.20342E+00
    1.37500E+01    1.25255E+02    9.01089E+00    3.50000E+00    1.31067E+00   -4.64284E-01    1.04648E+00    1.38468E+00    1.61683E+00    1.90792E+00
    1.42500E+01    1.36114E+02    1.08592E+01    3.50000E+00    1.52409E+00   -6.06166E-01    1.07548E+00    1.61683E+00    1.91991E+00    2.15457E+00
    1.47500E+01    1.46623E+02    1.05097E+01    4.00000E+00    1.42504E+00   -6.52785E-01    9.99455E-01    1.42018E+00    1.74657E+00    1.91991E+00
    1.52500E+01    1.53491E+02    6.86726E+00    4.50000E+00    9.00624E-01   -4.35637E-01    8.43116E-01    1.32502E+00    1.54283E+00    1.74657E+00
    1.57500E+01    1.63051E+02    9.55994E+00    4.50000E+00    1.21396E+00   -5.56612E-01    9.50864E-01    1.54283E+00    1.82114E+00    2.01827E+00
    1.62500E+01    1.71876E+02    8.82526E+00    5.00000E+00    1.08619E+00   -4.65872E-01    9.32282E-01    1.35500E+00    1.58794E+00    1.82114E+00
    1.67500E+01    1.83556E+02    1.16798E+01    5.00000E+00    1.39460E+00   -6.27276E-01    1.00056E+00    1.58794E+00    1.90157E+00    2.08822E+00
    1.72500E+01    1.95644E+02    1.20879E+01    5.50000E+00    1.40150E+00   -6.84648E-01    9.65793E-01    1.41868E+00    1.76100E+00    1.90157E+00
    1.77500E+01    2.04105E+02    8.46156E+00    6.00000E+00    9.53415E-01   -4.88355E-01    8.45532E-01    1.33824E+00    1.58241E+00    1.76100E+00
    1.82500E+01    2.16735E+02    1.26299E+01    6.00000E+00    1.38410E+00   -6.79138E-01    9.60663E-01    1.58241E+00    1.92198E+00    2.06274E+00
    1.87500E+01    2.31154E+02    1.44192E+01    6.50000E+00    1.53805E+00   -7.85692E-01    9.59550E-01    1.44221E+00    1.83505E+00    1.92198E+00
    1.92500E+01    2.43814E+02    1.26595E+01    7.00000E+00    1.31527E+00   -7.70510E-01    8.49462E-01    1.41032E+00    1.79558E+00    1.83505E+00
    1.97500E+01    2.55803E+02    1.19898E+01    7.50000E+00    1.21415E+00   -7.55213E-01    8.02375E-01    1.39439E+00    1.77200E+00    1.79558E+00
    2.02500E+01    2.67488E+02    1.16840E+01    8.00000E+00    1.15398E+00   -7.43813E-01    7.75061E-01    1.38447E+00    1.75637E+00    1.77200E+00
    2.07500E+01    2.79055E+02    1.15670E+01    8.50000E+00    1.11489E+00   -7.36009E-01    7.57090E-01    1.37783E+00    1.74583E+00    1.75637E+00
    2.12500E+01    2.90633E+02    1.15785E+01    9.00000E+00    1.08974E+00   -7.31492E-01    7.44753E-01    1.37345E+00    1.73920E+00    1.74583E+00
    2.17500E+01    3.02332E+02    1.16988E+01    9.50000E+00    1.07576E+00   -7.30311E-01    7.36479E-01    1.37096E+00    1.73612E+00    1.73920E+00
    2.22500E+01    3.14264E+02    1.19321E+01    1.00000E+01    1.07255E+00   -7.33008E-01    7.31606E-01    1.37031E+00    1.73682E+00    1.73612E+00
    2.27500E+01    3.26571E+02    1.23068E+01    1.05000E+01    1.08192E+00   -7.40975E-01    7.29984E-01    1.37183E+00    1.74231E+00    1.73682E+00
    2.32500E+01    3.39469E+02    1.28979E+01    1.10000E+01    1.10949E+00   -7.57575E-01    7.31829E-01    1.37640E+00    1.75519E+00    1.74231E+00
    2.37500E+01    3.53381E+02    1.39123E+01    1.15000E+01    1.17156E+00   -7.92372E-01    7.37366E-01    1.38650E+00    1.78269E+00    1.75519E+00
    2.42500E+01    3.69573E+02    1.61925E+01    1.20000E+01    1.33546E+00   -8.85227E-01    7.42856E-01    1.41126E+00    1.85387E+00    1.78269E+00
    2.47500E+01    3.79343E+02    9.76999E+00    1.30000E+01    7.89494E-01   -7.62516E-01    4.56139E-01    1.30777E+00    1.68903E+00    1.53584E+00
    2.52366E+01    3.92748E+02    1.34043E+01    1.35000E+01    1.12261E+00   -8.54138E-01    6.26944E-01    1.37556E+00    1.77968E+00    1.68903E+00
    2.57122E+01    4.01816E+02    9.06846E+00    1.45000E+01    7.37615E-01   -7.54948E-01    4.09474E-01    1.28756E+00    1.64854E+00    1.49230E+00
    2.61929E+01    4.15448E+02    1.36314E+01    1.50000E+01    1.07700E+00   -8.58209E-01    5.83500E-01    1.35679E+00    1.77149E+00    1.64854E+00
    2.66787E+01    4.26502E+02    1.10545E+01    1.60000E+01    8.48496E-01   -8.31590E-01    3.96174E-01    1.30577E+00    1.71187E+00    1.50385E+00
    2.71696E+01    4.37114E+02    1.06121E+01    1.70000E+01    7.91437E-01   -8.10415E-01    3.66967E-01    1.29427E+00    1.69423E+00    1.47776E+00
    2.76657E+01    4.48225E+02    1.11109E+01    1.80000E+01    8.05239E-01   -8.24195E-01    3.54883E-01    1.29566E+00    1.70673E+00    1.47310E+00
    2.81671E+01    4.56759E+02    8.53427E+00    1.95000E+01    6.01122E-01   -7.26944E-01    2.69582E-01    1.25059E+00    1.61699E+00    1.38538E+00
    2.86738E+01    4.66823E+02    1.00639E+01    2.05000E+01    6.89035E-01   -7.67311E-01    3.16652E-01    1.27340E+00    1.66425E+00    1.43173E+00
    2.91859E+01    4.75617E+02    8.79401E+00    2.20000E+01    5.85321E-01   -7.21302E-01    2.55038E-01    1.24672E+00    1.61803E+00    1.37424E+00
    2.97034E+01    4.83843E+02    8.22624E+00    2.35000E+01    5.32349E-01   -6.88491E-01    2.41513E-01    1.23555E+00    1.59373E+00    1.35631E+00
    3.02264E+01    4.91652E+02    7.80817E+00    2.50000E+01    4.91343E-01   -6.60764E-01    2.33953E-01    1.22715E+00    1.57454E+00    1.34413E+00
    3.07549E+01    4.99450E+02    7.79784E+00    2.64345E+01    4.77202E-01   -6.48111E-01    2.39068E-01    1.21918E+00    1.56354E+00    1.33349E+00
    3.12891E+01    5.06958E+02    7.50866E+00    2.79151E+01    4.46923E-01   -6.28102E-01    2.28934E-01    1.21759E+00    1.55485E+00    1.33057E+00
    3.18289E+01    5.13733E+02    6.77487E+00    2.94433E+01    3.92251E-01   -5.86953E-01    2.18488E-01    1.21017E+00    1.52868E+00    1.32146E+00
    3.23744E+01    5.22183E+02    8.44992E+00    3.04893E+01    4.75944E-01   -6.37974E-01    2.62551E-01    1.23966E+00    1.58952E+00    1.37625E+00
    3.29257E+01    5.29852E+02    7.66904E+00    3.21002E+01    4.20273E-01   -6.12565E-01    2.12219E-01    1.22506E+00    1.56455E+00    1.33901E+00
    3.34829E+01    5.37070E+02    7.21757E+00    3.37629E+01    3.84871E-01   -5.88184E-01    1.97256E-01    1.22006E+00    1.54949E+00    1.32938E+00
    3.40459E+01    5.43533E+02    6.46297E+00    3.54790E+01    3.35378E-01   -5.48245E-01    1.86563E-01    1.21134E+00    1.52166E+00    1.31806E+00
    3.46149E+01    5.51433E+02    7.90054E+00    3.66536E+01    3.99007E-01   -5.90467E-01    2.24401E-01    1.23856E+00    1.57632E+00    1.36966E+00
    3.51900E+01    5.58477E+02    7.04406E+00    3.84627E+01    3.46268E-01   -5.60631E-01    1.78778E-01    1.22231E+00    1.54640E+00    1.33011E+00
    3.57711E+01    5.64682E+02    6.20524E+00    4.03298E+01    2.96930E-01   -5.18931E-01    1.66255E-01    1.21132E+00    1.51449E+00    1.31479E+00
    3.63584E+01    5.72080E+02    7.39761E+00    4.16078E+01    3.44616E-01   -5.52040E-01    1.99670E-01    1.23562E+00    1.56155E+00    1.36254E+00
    3.69520E+01    5.78195E+02    6.11486E+00    4.35761E+01    2.77344E-01   -5.02333E-01    1.58133E-01    1.21267E+00    1.51239E+00    1.31642E+00
    3.75518E+01    5.85086E+02    6.89156E+00    4.49233E+01    3.04353E-01   -5.18441E-01    1.88605E-01    1.23107E+00    1.54368E+00    1.35744E+00
    3.81580E+01    5.92807E+02    7.72038E+00    4.62992E+01    3.32021E-01   -5.43085E-01    1.92559E-01    1.24474E+00    1.57568E+00    1.37651E+00
    3.87706E+01    5.99130E+02    6.32323E+00    4.84182E+01    2.64831E-01   -4.93270E-01    1.46681E-01    1.21898E+00    1.52276E+00    1.32259E+00
    3.93897E+01    6.06445E+02    7.31451E+00    4.98686E+01    2.98371E-01   -5.17958E-01    1.73466E-01    1.24000E+00    1.56236E+00    1.36513E+00
    4.00154E+01    6.12393E+02    5.94893E+00    5.21023E+01    2.36367E-01   -4.67213E-01    1.34458E-01    1.21477E+00    1.50863E+00    1.31488E+00
    4.06477E+01    6.18906E+02    6.51222E+00    5.36312E+01    2.52051E-01   -4.75720E-01    1.60441E-01    1.22987E+00    1.53226E+00    1.35188E+00
    4.12867E+01    6.25727E+02    6.82164E+00    5.51927E+01    2.57214E-01   -4.80100E-01    1.63456E-01    1.23640E+00    1.54481E+00    1.36335E+00
    4.19324E+01    6.32835E+02    7.10796E+00    5.67875E+01    2.61114E-01   -4.84394E-01    1.62716E-01    1.24182E+00    1.55628E+00    1.37089E+00
    4.25851E+01    6.40470E+02    7.63454E+00    5.84162E+01    2.73264E-01   -4.97667E-01    1.59974E-01    1.25028E+00    1.57678E+00    1.37988E+00
    4.32446E+01    6.46528E+02    6.05837E+00    6.09247E+01    2.11301E-01   -4.44182E-01    1.18335E-01    1.22055E+00    1.51505E+00    1.31949E+00
    4.39111E+01    6.53049E+02    6.52070E+00    6.26416E+01    2.21625E-01   -4.49245E-01    1.40724E-01    1.23372E+00    1.53473E+00    1.35389E+00
    4.45847E+01    6.59764E+02    6.71518E+00    6.43951E+01    2.22429E-01   -4.49637E-01    1.42321E-01    1.23827E+00    1.54274E+00    1.36240E+00
    4.52654E+01    6.66590E+02    6.82634E+00    6.61860E+01    2.20374E-01   -4.47827E-01    1.40803E-01    1.24090E+00    1.54735E+00    1.36631E+00
    4.59534E+01    6.73491E+02    6.90061E+00    6.80151E+01    2.17135E-01   -4.44955E-01    1.38385E-01    1.24275E+00    1.55047E+00    1.36864E+00
    4.66486E+01    6.80445E+02    6.95386E+00    6.98831E+01    2.13289E-01   -4.41473E-01    1.35610E-01    1.24420E+00    1.55275E+00    1.37019E+00
    4.73512E+01    6.87437E+02    6.99259E+00    7.17909E+01    2.09078E-01   -4.37580E-01    1.32672E-01    1.24537E+00    1.55444E+00    1.37127E+00
    4.80613E+01    6.94457E+02    7.01955E+00    7.37395E+01    2.04614E-01   -4.33365E-01    1.29652E-01    1.24633E+00    1.55567E+00    1.37198E+00
    4.87789E+01    7.01492E+02    7.03537E+00    7.57295E+01    1.99939E-01   -4.28852E-01    1.26590E-01    1.24709E+00    1.55645E+00    1.37239E+00
    4.95041E+01    7.08531E+02    7.03896E+00    7.77619E+01    1.95043E-01   -4.24016E-01    1.23505E-01    1.24764E+00    1.55676E+00    1.37249E+00
    5.02370E+01    7.15558E+02    7.02684E+00    7.98377E+01    1.89855E-01   -4.18757E-01    1.20403E-01    1.24792E+00    1.55643E+00    1.37222E+00
    5.09776E+01    7.22549E+02    6.99087E+00    8.19577E+01    1.84186E-01   -4.12832E-01    1.17286E-01    1.24779E+00    1.55517E+00    1.37146E+00
    5.17261E+01    7.29459E+02    6.91020E+00    8.41229E+01    1.77544E-01   -4.05600E-01    1.14162E-01    1.24692E+00    1.55211E+00    1.36986E+00
    5.24825E+01    7.36175E+02    6.71555E+00    8.63342E+01    1.68272E-01   -3.94856E-01    1.11182E-01    1.24418E+00    1.54444E+00    1.36646E+00
    5.32470E+01    7.42184E+02    6.00894E+00    8.85927E+01    1.46849E-01   -3.66949E-01    1.10442E-01    1.23304E+00    1.51503E+00    1.35710E+00
    5.40195E+01    7.51071E+02    8.88727E+00    8.97399E+01    2.11839E-01   -4.16612E-01    1.95635E-01    1.29295E+00    1.61650E+00    1.51503E+00
    5.48003E+01    7.58736E+02    7.66498E+00    9.20710E+01    1.78212E-01   -4.06047E-01    1.15490E-01    1.26216E+00    1.58085E+00    1.39606E+00
    5.55893E+01    7.66087E+02    7.35082E+00    9.44517E+01    1.66715E-01   -3.94176E-01    1.06491E-01    1.25636E+00    1.56902E+00    1.38246E+00
    5.63867E+01    7.73134E+02    7.04759E+00    9.68832E+01    1.55924E-01   -3.81443E-01    1.02104E-01    1.25157E+00    1.55733E+00    1.37505E+00
    5.71925E+01    7.79403E+02    6.26852E+00    9.93664E+01    1.35300E-01   -3.53764E-01    1.00751E-01    1.23917E+00    1.52575E+00    1.36361E+00
    5.80069E+01    7.88551E+02    9.14813E+00    1.00628E+02    1.92639E-01   -3.99415E-01    1.81952E-01    1.29864E+00    1.62563E+00    1.52575E+00
    5.88299E+01    7.96351E+02    7.79962E+00    1.03191E+02    1.60246E-01   -3.86427E-01    1.04501E-01    1.26593E+00    1.58564E+00    1.39914E+00
    5.96616E+01    8.03677E+02    7.32661E+00    1.05809E+02    1.46873E-01   -3.70989E-01    9.61224E-02    1.25758E+00    1.56777E+00    1.38273E+00
    6.05022E+01    8.10139E+02    6.46173E+00    1.08482E+02    1.26395E-01   -3.42893E-01    9.39143E-02    1.24365E+00    1.53338E+00    1.36853E+00
    6.13516E+01    8.19455E+02    9.31638E+00    1.09840E+02    1.77826E-01   -3.85049E-01    1.71941E-01    1.30233E+00    1.63114E+00    1.53338E+00
    6.22101E+01    8.27240E+02    7.78461E+00    1.12600E+02    1.45001E-01   -3.68268E-01    9.68506E-02    1.26685E+00    1.58467E+00    1.39978E+00
    6.30777E+01    8.33991E+02    6.75050E+00    1.15418E+02    1.22709E-01   -3.38332E-01    9.07748E-02    1.24956E+00    1.54463E+00    1.37679E+00
    6.39544E+01    8.43639E+02    9.64854E+00    1.16849E+02    1.71170E-01   -3.78553E-01    1.66936E-01    1.30815E+00    1.64180E+00    1.54463E+00
    6.48405E+01    8.51656E+02    8.01713E+00    1.19758E+02    1.38813E-01   -3.60931E-01    9.24209E-02    1.27129E+00    1.59278E+00    1.40500E+00
    6.57359E+01    8.58595E+02    6.93858E+00    1.22729E+02    1.17259E-01   -3.31358E-01    8.63761E-02    1.25339E+00    1.55167E+00    1.38102E+00
    6.66409E+01    8.68452E+02    9.85757E+00    1.24238E+02    1.62603E-01   -3.69895E-01    1.60564E-01    1.31191E+00    1.64840E+00    1.55167E+00
    6.75554E+01    8.76606E+02    8.15406E+00    1.27304E+02    1.31290E-01   -3.51577E-01    8.76581E-02    1.27409E+00    1.59731E+00    1.40777E+00
    6.84796E+01    8.83616E+02    7.00951E+00    1.30436E+02    1.10171E-01   -3.21674E-01    8.18317E-02    1.25516E+00    1.55402E+00    1.38261E+00
    6.94136E+01    8.93449E+02    9.83299E+00    1.32027E+02    1.50870E-01   -3.56713E-01    1.53706E-01    1.31208E+00    1.64701E+00    1.55402E+00
    7.03575E+01    9.01007E+02    7.55849E+00    1.35259E+02    1.13215E-01   -3.25622E-01    8.47705E-02    1.26566E+00    1.57464E+00    1.40194E+00
    7.13115E+01    9.11541E+02    1.05332E+01    1.36901E+02    1.54029E-01   -3.60621E-01    1.54859E-01    1.32305E+00    1.66887E+00    1.57464E+00
    7.22755E+01    9.20136E+02    8.59528E+00    1.40237E+02    1.22713E-01   -3.40629E-01    8.17609E-02    1.28201E+00    1.61212E+00    1.41767E+00
    7.32498E+01    9.27489E+02    7.35289E+00    1.43644E+02    1.02493E-01   -3.11032E-01    7.58444E-02    1.26178E+00    1.56640E+00    1.39031E+00
    7.42343E+01    9.37703E+02    1.02138E+01    1.45375E+02    1.39011E-01   -3.43598E-01    1.44745E-01    1.31851E+00    1.65859E+00    1.56640E+00
    7.52294E+01    9.45482E+02    7.77934E+00    1.48892E+02    1.03381E-01   -3.11881E-01    7.81732E-02    1.27004E+00    1.58200E+00    1.40677E+00
    7.62349E+01    9.56147E+02    1.06655E+01    1.50678E+02    1.38399E-01   -3.42590E-01    1.45023E-01    1.32565E+00    1.67197E+00    1.58200E+00
    7.72512E+01    9.64193E+02    8.04519E+00    1.54308E+02    1.01943E-01   -3.09897E-01    7.68556E-02    1.27471E+00    1.59130E+00    1.41346E+00
    7.82782E+01    9.75178E+02    1.09854E+01    1.56152E+02    1.35932E-01   -3.39856E-01    1.42931E-01    1.33053E+00    1.68140E+00    1.59130E+00
    7.93160E+01    9.83450E+02    8.27221E+00    1.59898E+02    9.99604E-02   -3.07121E-01    7.50790E-02    1.27860E+00    1.59903E+00    1.41850E+00
    8.03649E+01    9.94716E+02    1.12654E+01    1.61801E+02    1.32944E-01   -3.36516E-01    1.40361E-01    1.33472E+00    1.68955E+00    1.59903E+00
    8.14249E+01    1.00320E+03    8.48261E+00    1.65668E+02    9.77645E-02   -3.03988E-01    7.31839E-02    1.28215E+00    1.60608E+00    1.42290E+00
    8.24962E+01    1.01472E+03    1.15257E+01    1.67632E+02    1.29737E-01   -3.32860E-01    1.37630E-01    1.33858E+00    1.69703E+00    1.60608E+00
    8.35788E+01    1.02341E+03    8.68195E+00    1.71624E+02    9.54492E-02   -3.00619E-01    7.12545E-02    1.28548E+00    1.61265E+00    1.42692E+00
    8.46728E+01    1.03518E+03    1.17707E+01    1.73651E+02    1.26394E-01   -3.28963E-01    1.34826E-01    1.34217E+00    1.70398E+00    1.61265E+00
    8.57785E+01    1.04405E+03    8.86906E+00    1.77770E+02    9.30232E-02   -2.97016E-01    6.93178E-02    1.28859E+00    1.61872E+00    1.43061E+00
    8.68959E+01    1.05604E+03    1.19961E+01    1.79863E+02    1.22900E-01   -3.24782E-01    1.31972E-01    1.34546E+00    1.71028E+00    1.61872E+00
    8.80251E+01    1.06508E+03    9.03478E+00    1.84115E+02    9.04159E-02   -2.93046E-01    6.73796E-02    1.29134E+00    1.62400E+00    1.43382E+00
    8.91663E+01    1.07726E+03    1.21839E+01    1.86274E+02    1.19107E-01   -3.20083E-01    1.29051E-01    1.34820E+00    1.71541E+00    1.62400E+00
    9.03196E+01    1.08641E+03    9.14565E+00    1.90663E+02    8.73389E-02   -2.88194E-01    6.54438E-02    1.29324E+00    1.62736E+00    1.43608E+00
    9.14851E+01    1.09867E+03    1.22622E+01    1.92892E+02    1.14397E-01   -3.13879E-01    1.26005E-01    1.34942E+00    1.71718E+00    1.62736E+00
    9.26630E+01    1.10766E+03    8.99502E+00    1.97421E+02    8.19808E-02   -2.79127E-01    6.37887E-02    1.29125E+00    1.62176E+00    1.43495E+00
    9.38534E+01    1.11924E+03    1.15737E+01    1.99722E+02    1.03052E-01   -2.96216E-01    1.23727E-01    1.34007E+00    1.69454E+00    1.62176E+00
    9.50564E+01    1.13325E+03    1.40137E+01    2.02047E+02    1.21907E-01   -3.20197E-01    1.39216E-01    1.37423E+00    1.76145E+00    1.69454E+00
    9.62721E+01    1.14329E+03    1.00412E+01    2.06772E+02    8.53424E-02   -2.85054E-01    6.39258E-02    1.30740E+00    1.65577E+00    1.45761E+00
    9.75007E+01    1.15662E+03    1.33271E+01    2.09172E+02    1.10670E-01   -3.09163E-01    1.22832E-01    1.36408E+00    1.74592E+00    1.65577E+00
    9.87424E+01    1.16635E+03    9.72700E+00    2.14048E+02    7.89215E-02   -2.74246E-01    6.09130E-02    1.30274E+00    1.64505E+00    1.45047E+00
    9.99972E+01    1.17880E+03    1.24552E+01    2.16525E+02    9.87427E-02   -2.90685E-01    1.19353E-01    1.35251E+00    1.71918E+00    1.64505E+00
    1.01265E+02    1.19381E+03    1.50081E+01    2.19029E+02    1.16259E-01   -3.13486E-01    1.34109E-01    1.38699E+00    1.78662E+00    1.71918E+00
    1.02547E+02    1.20456E+03    1.07499E+01    2.24115E+02    8.13700E-02   -2.78739E-01    6.06199E-02    1.31793E+00    1.67703E+00    1.47129E+00
    1.03842E+02    1.21876E+03    1.41992E+01    2.26699E+02    1.05025E-01   -3.01865E-01    1.17912E-01    1.37557E+00    1.76859E+00    1.67703E+00
    1.05151E+02    1.22911E+03    1.03531E+01    2.31949E+02    7.48312E-02   -2.67411E-01    5.76409E-02    1.31223E+00    1.66408E+00    1.46274E+00
    1.06474E+02    1.24230E+03    1.31845E+01    2.34616E+02    9.31250E-02   -2.82949E-01    1.14300E-01    1.36246E+00    1.73870E+00    1.66408E+00
    1.07810E+02    1.25806E+03    1.57658E+01    2.37311E+02    1.08823E-01   -3.03893E-01    1.28344E-01    1.39644E+00    1.80481E+00    1.73870E+00
    1.09161E+02    1.26910E+03    1.10381E+01    2.42787E+02    7.44579E-02   -2.66746E-01    5.74856E-02    1.32246E+00    1.68472E+00    1.47903E+00
    1.10526E+02    1.28307E+03    1.39692E+01    2.45569E+02    9.20899E-02   -2.81521E-01    1.13295E-01    1.37287E+00    1.75924E+00    1.68472E+00
    1.11906E+02    1.29969E+03    1.66216E+01    2.48380E+02    1.07089E-01   -3.01720E-01    1.26706E-01    1.40679E+00    1.82527E+00    1.75924E+00
    1.13301E+02    1.31131E+03    1.16148E+01    2.54092E+02    7.31354E-02   -2.64536E-01    5.61776E-02    1.33062E+00    1.70142E+00    1.49022E+00
    1.14710E+02    1.32597E+03    1.46670E+01    2.56993E+02    9.02632E-02   -2.79055E-01    1.11317E-01    1.38182E+00    1.77711E+00    1.70142E+00
    1.16134E+02    1.34339E+03    1.74146E+01    2.59926E+02    1.04748E-01   -2.98777E-01    1.24418E-01    1.41611E+00    1.84383E+00    1.77711E+00
    1.17573E+02    1.35556E+03    1.21750E+01    2.65884E+02    7.15769E-02   -2.61880E-01    5.47350E-02    1.33833E+00    1.71721E+00    1.50053E+00
    1.19027E+02    1.37091E+03    1.53467E+01    2.68910E+02    8.81859E-02   -2.76174E-01    1.09152E-01    1.39032E+00    1.79411E+00    1.71721E+00
    1.20497E+02    1.38909E+03    1.81857E+01    2.71969E+02    1.02142E-01   -2.95408E-01    1.21968E-01    1.42497E+00    1.86146E+00    1.79411E+00
    1.21982E+02    1.40181E+03    1.27127E+01    2.78183E+02    6.97930E-02   -2.58759E-01    5.32618E-02    1.34559E+00    1.73198E+00    1.51022E+00
    1.23484E+02    1.41779E+03    1.59832E+01    2.81340E+02    8.57722E-02   -2.72672E-01    1.06876E-01    1.39813E+00    1.80960E+00    1.73198E+00
    1.25001E+02    1.43666E+03    1.88731E+01    2.84531E+02    9.90022E-02   -2.91118E-01    1.19385E-01    1.43272E+00    1.87669E+00    1.80960E+00
    1.26534E+02    1.44974E+03    1.30783E+01    2.91013E+02    6.70623E-02   -2.53721E-01    5.18434E-02    1.35055E+00    1.74159E+00    1.51770E+00
    1.28083E+02    1.46597E+03    1.62265E+01    2.94306E+02    8.13369E-02   -2.65360E-01    1.04503E-01    1.40109E+00    1.81440E+00    1.74159E+00
    1.29649E+02    1.48442E+03    1.84529E+01    2.97634E+02    9.04212E-02   -2.76861E-01    1.17343E-01    1.42800E+00    1.86380E+00    1.81440E+00
    1.31231E+02    1.50550E+03    2.10831E+01    3.00997E+02    1.00993E-01   -2.93340E-01    1.22248E-01    1.45699E+00    1.92362E+00    1.86380E+00
    1.32831E+02    1.52001E+03    1.45070E+01    3.07830E+02    6.79353E-02   -2.55543E-01    5.13134E-02    1.36877E+00    1.77959E+00    1.54317E+00
    1.34447E+02    1.53815E+03    1.81353E+01    3.11301E+02    8.30255E-02   -2.68831E-01    1.03708E-01    1.42338E+00    1.86014E+00    1.77959E+00
    1.36080E+02    1.55945E+03    2.13039E+01    3.14809E+02    9.53504E-02   -2.86347E-01    1.15568E-01    1.45899E+00    1.92913E+00    1.86014E+00
    1.37731E+02    1.57422E+03    1.47649E+01    3.21937E+02    6.46070E-02   -2.49339E-01    4.93662E-02    1.37199E+00    1.78571E+00    1.54700E+00
    1.39399E+02    1.59247E+03    1.82504E+01    3.25558E+02    7.80753E-02   -2.60616E-01    1.00770E-01    1.42468E+00    1.86170E+00    1.78571E+00
    1.41084E+02    1.61314E+03    2.06759E+01    3.29217E+02    8.64781E-02   -2.71467E-01    1.13064E-01    1.45234E+00    1.91238E+00    1.86170E+00
    1.42788E+02    1.63665E+03    2.35057E+01    3.32915E+02    9.61217E-02   -2.86837E-01    1.17669E-01    1.48182E+00    1.97306E+00    1.91238E+00
    1.44510E+02    1.65270E+03    1.60497E+01    3.40428E+02    6.41701E-02   -2.48583E-01    4.87516E-02    1.38761E+00    1.81785E+00    1.56979E+00
    1.46250E+02    1.67246E+03    1.97670E+01    3.44245E+02    7.72729E-02   -2.59509E-01    9.96403E-02    1.44154E+00    1.89545E+00    1.81785E+00
    1.48008E+02    1.69479E+03    2.23308E+01    3.48102E+02    8.53535E-02   -2.70009E-01    1.11573E-01    1.46961E+00    1.94689E+00    1.89545E+00
    1.49785E+02    1.72012E+03    2.53248E+01    3.52000E+02    9.46457E-02   -2.84955E-01    1.15958E-01    1.49963E+00    2.00867E+00    1.94689E+00
    1.51581E+02    1.73741E+03    1.72948E+01    3.59921E+02    6.31997E-02   -2.46839E-01    4.76475E-02    1.40204E+00    1.84767E+00    1.58974E+00
    1.53396E+02    1.75868E+03    2.12609E+01    3.63944E+02    7.59686E-02   -2.57610E-01    9.80076E-02    1.45749E+00    1.92749E+00    1.84767E+00
    1.55230E+02    1.78265E+03    2.39737E+01    3.68010E+02    8.37617E-02   -2.67819E-01    1.09702E-01    1.48613E+00    1.97993E+00    1.92749E+00
    1.57084E+02    1.80977E+03    2.71217E+01    3.72119E+02    9.26601E-02   -2.82266E-01    1.13955E-01    1.51660E+00    2.04256E+00    1.97993E+00
    1.58957E+02    1.82823E+03    1.84589E+01    3.80468E+02    6.16673E-02   -2.43935E-01    4.65107E-02    1.41514E+00    1.87449E+00    1.60828E+00
    1.60850E+02    1.85078E+03    2.25517E+01    3.84709E+02    7.36727E-02   -2.53812E-01    9.61873E-02    1.47083E+00    1.95385E+00    1.87449E+00
    1.62763E+02    1.87589E+03    2.51125E+01    3.88995E+02    8.02239E-02   -2.61975E-01    1.07672E-01    1.49721E+00    2.00104E+00    1.95385E+00
    1.64696E+02    1.90331E+03    2.74206E+01    3.93327E+02    8.56607E-02   -2.70235E-01    1.12400E-01    1.51929E+00    2.04452E+00    2.00104E+00
    1.66650E+02    1.93396E+03    3.06422E+01    3.97704E+02    9.36103E-02   -2.83708E-01    1.14542E-01    1.54839E+00    2.10565E+00    2.04452E+00
    1.68625E+02    1.95479E+03    2.08286E+01    4.06599E+02    6.22256E-02   -2.45186E-01    4.59306E-02    1.44041E+00    1.92712E+00    1.64360E+00
    1.70621E+02    1.98030E+03    2.55098E+01    4.11117E+02    7.45295E-02   -2.55740E-01    9.55326E-02    1.50002E+00    2.01305E+00    1.92712E+00
    1.72637E+02    2.00898E+03    2.86798E+01    4.15683E+02    8.19435E-02   -2.65589E-01    1.06797E-01    1.53053E+00    2.06898E+00    2.01305E+00
    1.74675E+02    2.04133E+03    3.23505E+01    4.20297E+02    9.03945E-02   -2.79491E-01    1.10813E-01    1.56301E+00    2.13564E+00    2.06898E+00
    1.76735E+02    2.06341E+03    2.20822E+01    4.29673E+02    6.03439E-02   -2.41578E-01    4.45430E-02    1.45326E+00    1.95346E+00    1.66098E+00
    1.78817E+02    2.09031E+03    2.69042E+01    4.34436E+02    7.19030E-02   -2.51349E-01    9.34158E-02    1.51322E+00    2.03917E+00    1.95346E+00
    1.80920E+02    2.12020E+03    2.98859E+01    4.39249E+02    7.81150E-02   -2.59206E-01    1.04533E-01    1.54131E+00    2.08945E+00    2.03917E+00
    1.83046E+02    2.15274E+03    3.25422E+01    4.44113E+02    8.31883E-02   -2.67017E-01    1.09043E-01    1.56461E+00    2.13525E+00    2.08945E+00
    1.85194E+02    2.18896E+03    3.62197E+01    4.49029E+02    9.05553E-02   -2.79686E-01    1.11044E-01    1.59511E+00    2.19917E+00    2.13525E+00
    1.87366E+02    2.21347E+03    2.45090E+01    4.59017E+02    5.99312E-02   -2.40835E-01    4.39292E-02    1.47717E+00    2.00283E+00    1.69540E+00
    1.89560E+02    2.24318E+03    2.97146E+01    4.64091E+02    7.10659E-02   -2.50046E-01    9.24269E-02    1.53880E+00    2.09034E+00    2.00283E+00
    1.91777E+02    2.27597E+03    3.27822E+01    4.69218E+02    7.66831E-02   -2.56937E-01    1.03278E-01    1.56634E+00    2.13910E+00    2.09034E+00
    1.94018E+02    2.31121E+03    3.52468E+01    4.74400E+02    8.06410E-02   -2.62771E-01    1.07667E-01    1.58704E+00    2.17900E+00    2.13910E+00
    1.96283E+02    2.34910E+03    3.78913E+01    4.79637E+02    8.47924E-02   -2.69561E-01    1.10132E-01    1.60832E+00    2.22202E+00    2.17900E+00
    1.98572E+02    2.39102E+03    4.19112E+01    4.84929E+02    9.17347E-02   -2.81688E-01    1.11295E-01    1.63919E+00    2.28730E+00    2.22202E+00
    2.00885E+02    2.41938E+03    2.83683E+01    4.95683E+02    6.07334E-02   -2.42575E-01    4.34823E-02    1.51264E+00    2.07668E+00    1.74520E+00
    2.03222E+02    2.45380E+03    3.44139E+01    5.01145E+02    7.20651E-02   -2.52160E-01    9.20885E-02    1.57893E+00    2.17147E+00    2.07668E+00
    2.05585E+02    2.49190E+03    3.81022E+01    5.06665E+02    7.80444E-02   -2.59739E-01    1.02859E-01    1.60961E+00    2.22643E+00    2.17147E+00
    2.07972E+02    2.53328E+03    4.13760E+01    5.12244E+02    8.28985E-02   -2.67247E-01    1.07134E-01    1.63502E+00    2.27639E+00    2.22643E+00
    2.10385E+02    2.57919E+03    4.59158E+01    5.17882E+02    8.99855E-02   -2.79479E-01    1.08982E-01    1.66840E+00    2.34624E+00    2.27639E+00
    2.12823E+02    2.61032E+03    3.11316E+01    5.29338E+02    5.96800E-02   -2.40575E-01    4.24678E-02    1.53669E+00    2.12636E+00    1.77866E+00
    2.15287E+02    2.64793E+03    3.76050E+01    5.35157E+02    7.05171E-02   -2.49619E-01    9.05945E-02    1.60471E+00    2.22302E+00    2.12636E+00
    2.17777E+02    2.68924E+03    4.13086E+01    5.41038E+02    7.57730E-02   -2.56000E-01    1.01177E-01    1.63426E+00    2.27511E+00    2.22302E+00
    2.20294E+02    2.73336E+03    4.41227E+01    5.46981E+02    7.91713E-02   -2.60891E-01    1.05391E-01    1.65533E+00    2.31534E+00    2.27511E+00
    2.22837E+02    2.78018E+03    4.68254E+01    5.52987E+02    8.21906E-02   -2.65659E-01    1.07778E-01    1.67480E+00    2.35400E+00    2.31534E+00
    2.25407E+02    2.83017E+03    4.99898E+01    5.59057E+02    8.58345E-02   -2.71779E-01    1.09411E-01    1.69686E+00    2.39907E+00    2.35400E+00
    2.28005E+02    2.88518E+03    5.50096E+01    5.65191E+02    9.23983E-02   -2.83307E-01    1.10161E-01    1.73041E+00    2.47017E+00    2.39907E+00
    2.30629E+02    2.92240E+03    3.72169E+01    5.77655E+02    6.11526E-02   -2.43641E-01    4.23310E-02    1.58594E+00    2.22887E+00    1.84836E+00
    2.33282E+02    2.96733E+03    4.49303E+01    5.83986E+02    7.22218E-02   -2.52929E-01    9.08215E-02    1.65988E+00    2.33439E+00    2.22887E+00
    2.35963E+02    3.01675E+03    4.94176E+01    5.90385E+02    7.77085E-02   -2.59677E-01    1.01373E-01    1.69258E+00    2.39242E+00    2.33439E+00
    2.38673E+02    3.06975E+03    5.30007E+01    5.96851E+02    8.15326E-02   -2.65313E-01    1.05553E-01    1.71705E+00    2.43967E+00    2.39242E+00
    2.41411E+02    3.12658E+03    5.68321E+01    6.03386E+02    8.55284E-02   -2.71833E-01    1.07867E-01    1.74217E+00    2.49039E+00    2.43967E+00
    2.44178E+02    3.18922E+03    6.26373E+01    6.09990E+02    9.22190E-02   -2.83467E-01    1.08930E-01    1.77856E+00    2.56708E+00    2.49039E+00
    2.46974E+02    3.23173E+03    4.25099E+01    6.23409E+02    6.12284E-02   -2.43913E-01    4.16503E-02    1.62568E+00    2.31136E+00    1.90366E+00
    2.49800E+02    3.28295E+03    5.12214E+01    6.30225E+02    7.21762E-02   -2.53108E-01    9.00687E-02    1.70387E+00    2.42294E+00    2.31136E+00
    2.52656E+02    3.33912E+03    5.61714E+01    6.37113E+02    7.74357E-02   -2.59477E-01    1.00535E-01    1.73766E+00    2.48264E+00    2.42294E+00
    2.55543E+02    3.39904E+03    5.99215E+01    6.44075E+02    8.08158E-02   -2.64316E-01    1.04656E-01    1.76172E+00    2.52863E+00    2.48264E+00
    2.58459E+02    3.46256E+03    6.35157E+01    6.51110E+02    8.38080E-02   -2.69007E-01    1.06974E-01    1.78393E+00    2.57273E+00    2.52863E+00
    2.61407E+02    3.53027E+03    6.77118E+01    6.58220E+02    8.74106E-02   -2.75004E-01    1.08551E-01    1.80904E+00    2.62397E+00    2.57273E+00
    2.64386E+02    3.60462E+03    7.43473E+01    6.65405E+02    9.38998E-02   -2.86290E-01    1.09260E-01    1.84714E+00    2.70451E+00    2.62397E+00
    2.67397E+02    3.65502E+03    5.04007E+01    6.80005E+02    6.22787E-02   -2.46101E-01    4.13862E-02    1.68058E+00    2.42540E+00    1.98110E+00
    2.70439E+02    3.71561E+03    6.05895E+01    6.87421E+02    7.32499E-02   -2.55228E-01    9.00485E-02    1.76459E+00    2.54522E+00    2.42540E+00
    2.73514E+02    3.78188E+03    6.62758E+01    6.94916E+02    7.83927E-02   -2.61348E-01    1.00448E-01    1.80028E+00    2.60811E+00    2.54522E+00
    2.76622E+02    3.85234E+03    7.04578E+01    7.02490E+02    8.15387E-02   -2.65745E-01    1.04490E-01    1.82498E+00    2.65511E+00    2.60811E+00
    2.79762E+02    3.92660E+03    7.42601E+01    7.10145E+02    8.40831E-02   -2.69612E-01    1.06736E-01    1.84667E+00    2.69780E+00    2.65511E+00
    2.82936E+02    4.00485E+03    7.82493E+01    7.17881E+02    8.66873E-02   -2.73784E-01    1.08304E-01    1.86878E+00    2.74224E+00    2.69780E+00
    2.86143E+02    4.08798E+03    8.31268E+01    7.25698E+02    9.01035E-02   -2.79481E-01    1.09517E-01    1.89506E+00    2.79615E+00    2.74224E+00
    2.89384E+02    4.17901E+03    9.10331E+01    7.33599E+02    9.65448E-02   -2.90585E-01    1.10024E-01    1.93602E+00    2.88284E+00    2.79615E+00
    2.92660E+02    4.24073E+03    6.17191E+01    7.49652E+02    6.40445E-02   -2.49675E-01    4.13154E-02    1.75219E+00    2.57434E+00    2.08207E+00
    2.95970E+02    4.31479E+03    7.40628E+01    7.57807E+02    7.51965E-02   -2.58857E-01    9.04956E-02    1.84414E+00    2.70556E+00    2.57434E+00
    2.99315E+02    4.39566E+03    8.08699E+01    7.66047E+02    8.03385E-02   -2.64873E-01    1.00901E-01    1.88277E+00    2.77355E+00    2.70556E+00
    3.02696E+02    4.48145E+03    8.57888E+01    7.74376E+02    8.33893E-02   -2.69044E-01    1.04902E-01    1.90907E+00    2.82347E+00    2.77355E+00
    3.06113E+02    4.57159E+03    9.01357E+01    7.82792E+02    8.57279E-02   -2.72503E-01    1.07097E-01    1.93153E+00    2.86751E+00    2.82347E+00
    3.09566E+02    4.66605E+03    9.44655E+01    7.91298E+02    8.79121E-02   -2.75888E-01    1.08617E-01    1.95333E+00    2.91097E+00    2.86751E+00
    3.13055E+02    4.76528E+03    9.92247E+01    7.99894E+02    9.03540E-02   -2.79802E-01    1.09840E-01    1.97670E+00    2.95823E+00    2.91097E+00
    3.16582E+02    4.87047E+03    1.05191E+02    8.08581E+02    9.37263E-02   -2.85368E-01    1.10866E-01    2.00523E+00    3.01690E+00    2.95823E+00
    3.20146E+02    4.98546E+03    1.14995E+02    8.17360E+02    1.00259E-01   -2.96445E-01    1.11261E-01    2.05037E+00    3.11244E+00    3.01690E+00
    3.23748E+02    5.06352E+03    7.80615E+01    8.35198E+02    6.65950E-02   -2.54711E-01    4.14418E-02    1.84478E+00    2.76701E+00    2.21246E+00
    3.27387E+02    5.15707E+03    9.35454E+01    8.44260E+02    7.80895E-02   -2.64065E-01    9.14274E-02    1.94725E+00    2.91348E+00    2.76701E+00
    3.31066E+02    5.25909E+03    1.02020E+02    8.53417E+02    8.33345E-02   -2.70089E-01    1.01914E-01    1.99001E+00    2.98876E+00    2.91348E+00
    3.34783E+02    5.36717E+03    1.08082E+02    8.62671E+02    8.63898E-02   -2.74175E-01    1.05916E-01    2.01886E+00    3.04346E+00    2.98876E+00
    3.38540E+02    5.48053E+03    1.13354E+02    8.72024E+02    8.86584E-02   -2.77443E-01    1.08092E-01    2.04314E+00    3.09094E+00    3.04346E+00
    3.42337E+02    5.59899E+03    1.18463E+02    8.81475E+02    9.06657E-02   -2.80459E-01    1.09583E-01    2.06607E+00    3.13649E+00    3.09094E+00
    3.46174E+02    5.72279E+03    1.23797E+02    8.91027E+02    9.27155E-02   -2.83627E-01    1.10777E-01    2.08947E+00    3.18346E+00    3.13649E+00
    3.50051E+02    5.85260E+03    1.29812E+02    9.00680E+02    9.51345E-02   -2.87451E-01    1.11832E-01    2.11526E+00    3.23575E+00    3.18346E+00
    3.53970E+02    5.99006E+03    1.37458E+02    9.10435E+02    9.85781E-02   -2.93022E-01    1.12766E-01    2.14722E+00    3.30153E+00    3.23575E+00
    3.57930E+02    6.14017E+03    1.50112E+02    9.20294E+02    1.05345E-01   -3.04224E-01    1.13105E-01    2.19815E+00    3.40930E+00    3.30153E+00
    3.61932E+02    6.24231E+03    1.02146E+02    9.40326E+02    7.01474E-02   -2.61534E-01    4.18003E-02    1.96499E+00    3.01722E+00    2.38146E+00
    3.65977E+02    6.36462E+03    1.22308E+02    9.50502E+02    8.21937E-02   -2.71213E-01    9.29373E-02    2.08145E+00    3.18418E+00    3.01722E+00
    3.70064E+02    6.49795E+03    1.33330E+02    9.60785E+02    8.76822E-02   -2.77399E-01    1.03595E-01    2.13004E+00    3.26988E+00    3.18418E+00
    3.74195E+02    6.63917E+03    1.41218E+02    9.71178E+02    9.08806E-02   -2.81588E-01    1.07651E-01    2.16285E+00    3.33218E+00    3.26988E+00
    3.78370E+02    6.78725E+03    1.48081E+02    9.81680E+02    9.32572E-02   -2.84936E-01    1.09856E-01    2.19050E+00    3.38627E+00    3.33218E+00
    3.82589E+02    6.94198E+03    1.54730E+02    9.92294E+02    9.53595E-02   -2.88022E-01    1.11368E-01    2.21661E+00    3.43814E+00    3.38627E+00
    3.86852E+02    7.10365E+03    1.61667E+02    1.00302E+03    9.75032E-02   -2.91255E-01    1.12578E-01    2.24325E+00    3.49158E+00    3.43814E+00
    3.91161E+02    7.27312E+03    1.69476E+02    1.01386E+03    1.00027E-01   -2.95146E-01    1.13647E-01    2.27255E+00    3.55097E+00    3.49158E+00
    3.95516E+02    7.45251E+03    1.79383E+02    1.02482E+03    1.03610E-01   -3.00797E-01    1.14591E-01    2.30878E+00    3.62549E+00    3.55097E+00
    3.99916E+02    7.64825E+03    1.95742E+02    1.03589E+03    1.10642E-01   -3.12142E-01    1.14932E-01    2.36640E+00    3.74726E+00    3.62549E+00
    4.04363E+02    7.78169E+03    1.33443E+02    1.05838E+03    7.38159E-02   -2.68399E-01    4.21658E-02    2.10176E+00    3.30169E+00    2.57353E+00
    4.08858E+02    7.94125E+03    1.59555E+02    1.06981E+03    8.63739E-02   -2.78302E-01    9.44574E-02    2.23364E+00    3.49103E+00    3.30169E+00
    4.13400E+02    8.11493E+03    1.73685E+02    1.08136E+03    9.20150E-02   -2.84489E-01    1.05266E-01    2.28816E+00    3.58713E+00    3.49103E+00
    4.17990E+02    8.29857E+03    1.83641E+02    1.09303E+03    9.52119E-02   -2.88542E-01    1.09340E-01    2.32446E+00    3.65590E+00    3.58713E+00
    4.22629E+02    8.49068E+03    1.92111E+02    1.10482E+03    9.74768E-02   -2.91616E-01    1.11522E-01    2.35438E+00    3.71427E+00    3.65590E+00
    4.27317E+02    8.69073E+03    2.00043E+02    1.11674E+03    9.93351E-02   -2.94229E-01    1.12981E-01    2.38174E+00    3.76836E+00    3.71427E+00
    4.32054E+02    8.89861E+03    2.07879E+02    1.12879E+03    1.01023E-01   -2.96650E-01    1.14114E-01    2.40821E+00    3.82106E+00    3.76836E+00
    4.36842E+02    9.11450E+03    2.15897E+02    1.14096E+03    1.02682E-01   -2.99060E-01    1.15087E-01    2.43477E+00    3.87419E+00    3.82106E+00
    4.41681E+02    9.33886E+03    2.24360E+02    1.15326E+03    1.04430E-01   -3.01625E-01    1.15986E-01    2.46226E+00    3.92942E+00    3.87419E+00
    4.46571E+02    9.57248E+03    2.33621E+02    1.16570E+03    1.06423E-01   -3.04576E-01    1.16860E-01    2.49177E+00    3.98898E+00    3.92942E+00
    4.51513E+02    9.81683E+03    2.44348E+02    1.17826E+03    1.08936E-01   -3.08342E-01    1.17733E-01    2.52523E+00    4.05703E+00    3.98898E+00
    4.56507E+02    1.00750E+04    2.58200E+02    1.19096E+03    1.12658E-01   -3.14010E-01    1.18558E-01    2.56741E+00    4.14389E+00    4.05703E+00
    4.61554E+02    1.03564E+04    2.81322E+02    1.20379E+03    1.20131E-01   -3.25599E-01    1.18812E-01    2.63526E+00    4.28725E+00    4.14389E+00
    4.66655E+02    1.05485E+04    1.92098E+02    1.22986E+03    8.02826E-02   -2.80024E-01    4.32355E-02    2.31989E+00    3.75571E+00    2.88058E+00
    4.71809E+02    1.07779E+04    2.29434E+02    1.24311E+03    9.38441E-02   -2.90383E-01    9.75804E-02    2.47684E+00    3.98156E+00    3.75571E+00
    4.77019E+02    1.10275E+04    2.49564E+02    1.25649E+03    9.99039E-02   -2.96788E-01    1.08724E-01    2.54154E+00    4.09575E+00    3.98156E+00
    4.82283E+02    1.12912E+04    2.63712E+02    1.27002E+03    1.03320E-01   -3.00954E-01    1.12902E-01    2.58455E+00    4.17728E+00    4.09575E+00
    4.87604E+02    1.15669E+04    2.75717E+02    1.28369E+03    1.05724E-01   -3.04088E-01    1.15129E-01    2.61994E+00    4.24632E+00    4.17728E+00
    4.92980E+02    1.18538E+04    2.86916E+02    1.29751E+03    1.07677E-01   -3.06722E-01    1.16612E-01    2.65219E+00    4.31005E+00    4.24632E+00
    4.98414E+02    1.21517E+04    2.97910E+02    1.31147E+03    1.09424E-01   -3.09124E-01    1.17757E-01    2.68320E+00    4.37175E+00    4.31005E+00
    5.03905E+02    1.24608E+04    3.09051E+02    1.32558E+03    1.11102E-01   -3.11455E-01    1.18733E-01    2.71403E+00    4.43335E+00    4.37175E+00
    5.09455E+02    1.27814E+04    3.20620E+02    1.33984E+03    1.12809E-01   -3.13845E-01    1.19627E-01    2.74545E+00    4.49633E+00    4.43335E+00
    5.15063E+02    1.31143E+04    3.32933E+02    1.35425E+03    1.14651E-01   -3.16439E-01    1.20486E-01    2.77828E+00    4.56234E+00    4.49633E+00
    5.20731E+02    1.34608E+04    3.46477E+02    1.36881E+03    1.16778E-01   -3.19458E-01    1.21345E-01    2.81370E+00    4.63387E+00    4.56234E+00
    5.26459E+02    1.38230E+04    3.62206E+02    1.38353E+03    1.19485E-01   -3.23339E-01    1.22218E-01    2.85400E+00    4.71581E+00    4.63387E+00
    5.32248E+02    1.42055E+04    3.82541E+02    1.39840E+03    1.23511E-01   -3.29197E-01    1.23049E-01    2.90483E+00    4.82046E+00    4.71581E+00
    5.38097E+02    1.46220E+04    4.16482E+02    1.41343E+03    1.31613E-01   -3.41191E-01    1.23296E-01    2.98662E+00    4.99309E+00    4.82046E+00
    5.44009E+02    1.49071E+04    2.85044E+02    1.44398E+03    8.81636E-02   -2.93565E-01    4.45303E-02    2.60566E+00    4.35036E+00    3.28210E+00
    5.49984E+02    1.52471E+04    3.40092E+02    1.45949E+03    1.02956E-01   -3.04460E-01    1.01291E-01    2.79539E+00    4.62402E+00    4.35036E+00
    5.56022E+02    1.56168E+04    3.69633E+02    1.47517E+03    1.09523E-01   -3.11109E-01    1.12845E-01    2.87331E+00    4.76168E+00    4.62402E+00
    5.62124E+02    1.60071E+04    3.90291E+02    1.49101E+03    1.13189E-01   -3.15380E-01    1.17151E-01    2.92490E+00    4.85948E+00    4.76168E+00
    5.68291E+02    1.64148E+04    4.07708E+02    1.50703E+03    1.15730E-01   -3.18538E-01    1.19431E-01    2.96711E+00    4.94177E+00    4.85948E+00
    5.74523E+02    1.68386E+04    4.23817E+02    1.52321E+03    1.17750E-01   -3.21130E-01    1.20935E-01    3.00526E+00    5.01710E+00    4.94177E+00
    5.80821E+02    1.72780E+04    4.39447E+02    1.53956E+03    1.19501E-01   -3.23416E-01    1.22079E-01    3.04155E+00    5.08918E+00    5.01710E+00
    5.87186E+02    1.77331E+04    4.55023E+02    1.55609E+03    1.21112E-01   -3.25537E-01    1.23035E-01    3.07705E+00    5.15996E+00    5.08918E+00
    5.93618E+02    1.82039E+04    4.70810E+02    1.57279E+03    1.22656E-01   -3.27578E-01    1.23888E-01    3.11240E+00    5.23059E+00    5.15996E+00
    6.00118E+02    1.86909E+04    4.87001E+02    1.58967E+03    1.24183E-01   -3.29602E-01    1.24684E-01    3.14804E+00    5.30191E+00    5.23059E+00
    6.06688E+02    1.91947E+04    5.03775E+02    1.60673E+03    1.25737E-01   -3.31661E-01    1.25450E-01    3.18433E+00    5.37463E+00    5.30191E+00
    6.13327E+02    1.97160E+04    5.21331E+02    1.62397E+03    1.27360E-01   -3.33814E-01    1.26209E-01    3.22168E+00    5.44956E+00    5.37463E+00
    6.20036E+02    2.02559E+04    5.39936E+02    1.64139E+03    1.29109E-01   -3.36135E-01    1.26975E-01    3.26058E+00    5.52774E+00    5.44956E+00
    6.26817E+02    2.08159E+04    5.60003E+02    1.65900E+03    1.31070E-01   -3.38742E-01    1.27764E-01    3.30180E+00    5.61076E+00    5.52774E+00
    6.33669E+02    2.13982E+04    5.82271E+02    1.67679E+03    1.33394E-01   -3.41846E-01    1.28589E-01    3.34670E+00    5.70152E+00    5.61076E+00
    6.40594E+02    2.20065E+04    6.08285E+02    1.69478E+03    1.36401E-01   -3.45895E-01    1.29453E-01    3.39810E+00    5.80606E+00    5.70152E+00
    6.47593E+02    2.26485E+04    6.42037E+02    1.71295E+03    1.40920E-01   -3.52058E-01    1.30289E-01    3.46318E+00    5.94003E+00    5.80606E+00
    6.54665E+02    2.33470E+04    6.98463E+02    1.73131E+03    1.50058E-01   -3.64722E-01    1.30523E-01    3.56806E+00    6.16120E+00    5.94003E+00
    6.61813E+02    2.38262E+04    4.79232E+02    1.76863E+03    1.00779E-01   -3.13991E-01    4.67795E-02    3.07862E+00    5.33473E+00    3.94685E+00
    6.69036E+02    2.43975E+04    5.71297E+02    1.78759E+03    1.17595E-01   -3.25716E-01    1.07258E-01    3.32292E+00    5.68808E+00    5.33473E+00
    6.76336E+02    2.50181E+04    6.20605E+02    1.80674E+03    1.25041E-01   -3.32812E-01    1.19486E-01    3.42315E+00    5.86546E+00    5.68808E+00
    6.83713E+02    2.56732E+04    6.55059E+02    1.82610E+03    1.29189E-01   -3.37352E-01    1.24028E-01    3.48951E+00    5.99138E+00    5.86546E+00
    6.91169E+02    2.63573E+04    6.84082E+02    1.84567E+03    1.32058E-01   -3.40696E-01    1.26427E-01    3.54380E+00    6.09725E+00    5.99138E+00
    6.98703E+02    2.70681E+04    7.10886E+02    1.86544E+03    1.34328E-01   -3.43428E-01    1.28007E-01    3.59281E+00    6.19401E+00    6.09725E+00
    7.06318E+02    2.78050E+04    7.36830E+02    1.88542E+03    1.36285E-01   -3.45819E-01    1.29206E-01    3.63933E+00    6.28641E+00    6.19401E+00
    7.14013E+02    2.85676E+04    7.62597E+02    1.90562E+03    1.38067E-01   -3.48015E-01    1.30204E-01    3.68469E+00    6.37682E+00    6.28641E+00
    7.21790E+02    2.93562E+04    7.88583E+02    1.92602E+03    1.39753E-01   -3.50097E-01    1.31089E-01    3.72966E+00    6.46661E+00    6.37682E+00
    7.29649E+02    3.01712E+04    8.15054E+02    1.94665E+03    1.41389E-01   -3.52122E-01    1.31907E-01    3.77470E+00    6.55665E+00    6.46661E+00
    7.37591E+02    3.10134E+04    8.42211E+02    1.96749E+03    1.43011E-01   -3.54126E-01    1.32686E-01    3.82014E+00    6.64759E+00    6.55665E+00
    7.45618E+02    3.18837E+04    8.70240E+02    1.98855E+03    1.44646E-01   -3.56145E-01    1.33444E-01    3.86628E+00    6.73998E+00    6.64759E+00
    7.53729E+02    3.27830E+04    8.99331E+02    2.00984E+03    1.46322E-01   -3.58209E-01    1.34194E-01    3.91338E+00    6.83438E+00    6.73998E+00
    7.61927E+02    3.37127E+04    9.29709E+02    2.03135E+03    1.48067E-01   -3.60356E-01    1.34948E-01    3.96176E+00    6.93141E+00    6.83438E+00
    7.70212E+02    3.46744E+04    9.61676E+02    2.05309E+03    1.49922E-01   -3.62634E-01    1.35716E-01    4.01182E+00    7.03192E+00    6.93141E+00
    7.78584E+02    3.56701E+04    9.95677E+02    2.07506E+03    1.51943E-01   -3.65114E-01    1.36508E-01    4.06418E+00    7.13717E+00    7.03192E+00
    7.87045E+02    3.67025E+04    1.03244E+03    2.09727E+03    1.54225E-01   -3.67918E-01    1.37335E-01    4.11979E+00    7.24920E+00    7.13717E+00
    7.95596E+02    3.77758E+04    1.07329E+03    2.11971E+03    1.56941E-01   -3.71267E-01    1.38208E-01    4.18046E+00    7.37183E+00    7.24920E+00
    8.04237E+02    3.88968E+04    1.12105E+03    2.14238E+03    1.60461E-01   -3.75639E-01    1.39127E-01    4.24994E+00    7.51311E+00    7.37183E+00
    8.12970E+02    4.00798E+04    1.18297E+03    2.16530E+03    1.65749E-01   -3.82287E-01    1.40021E-01    4.33786E+00    7.69399E+00    7.51311E+00
    8.21796E+02    4.13661E+04    1.28633E+03    2.18846E+03    1.76425E-01   -3.95915E-01    1.40273E-01    4.47930E+00    7.99192E+00    7.69399E+00
    8.30715E+02    4.22513E+04    8.85129E+02    2.23552E+03    1.18836E-01   -3.41095E-01    4.98973E-02    3.82081E+00    6.87914E+00    4.98870E+00
    8.39729E+02    4.33057E+04    1.05439E+03    2.25943E+03    1.38572E-01   -3.53930E-01    1.15348E-01    4.15071E+00    7.35776E+00    6.87914E+00
    8.48838E+02    4.44506E+04    1.14492E+03    2.28358E+03    1.47294E-01   -3.61637E-01    1.28499E-01    4.28603E+00    7.59765E+00    7.35776E+00
    8.58044E+02    4.56587E+04    1.20816E+03    2.30800E+03    1.52149E-01   -3.66553E-01    1.33371E-01    4.37567E+00    7.76788E+00    7.59765E+00
    8.67347E+02    4.69201E+04    1.26140E+03    2.33267E+03    1.55501E-01   -3.70164E-01    1.35942E-01    4.44898E+00    7.91092E+00    7.76788E+00
    8.76749E+02    4.82306E+04    1.31050E+03    2.35761E+03    1.58146E-01   -3.73100E-01    1.37633E-01    4.51512E+00    8.04150E+00    7.91092E+00
    8.86251E+02    4.95886E+04    1.35794E+03    2.38280E+03    1.60413E-01   -3.75655E-01    1.38913E-01    4.57778E+00    8.16594E+00    8.04150E+00
    8.95853E+02    5.09935E+04    1.40492E+03    2.40827E+03    1.62462E-01   -3.77980E-01    1.39976E-01    4.63873E+00    8.28738E+00    8.16594E+00
    9.05558E+02    5.24456E+04    1.45214E+03    2.43401E+03    1.64380E-01   -3.80163E-01    1.40912E-01    4.69894E+00    8.40756E+00    8.28738E+00
    9.15365E+02    5.39456E+04    1.50000E+03    2.46001E+03    1.66217E-01   -3.82254E-01    1.41771E-01    4.75898E+00    8.52753E+00    8.40756E+00
    9.25276E+02    5.54944E+04    1.54881E+03    2.48630E+03    1.68006E-01   -3.84288E-01    1.42580E-01    4.81922E+00    8.64797E+00    8.52753E+00
    9.35292E+02    5.70932E+04    1.59878E+03    2.51286E+03    1.69770E-01   -3.86288E-01    1.43358E-01    4.87990E+00    8.76938E+00    8.64797E+00
    9.45414E+02    5.87433E+04    1.65009E+03    2.53971E+03    1.71525E-01   -3.88272E-01    1.44116E-01    4.94124E+00    8.89214E+00    8.76938E+00
    9.55643E+02    6.04462E+04    1.70291E+03    2.56683E+03    1.73284E-01   -3.90254E-01    1.44863E-01    5.00338E+00    9.01654E+00    8.89214E+00
    9.65981E+02    6.22036E+04    1.75739E+03    2.59425E+03    1.75058E-01   -3.92247E-01    1.45603E-01    5.06647E+00    9.14288E+00    9.01654E+00
    9.76429E+02    6.40173E+04    1.81369E+03    2.62196E+03    1.76858E-01   -3.94261E-01    1.46343E-01    5.13064E+00    9.27142E+00    9.14288E+00
    9.86987E+02    6.58893E+04    1.87199E+03    2.64996E+03    1.78696E-01   -3.96310E-01    1.47087E-01    5.19604E+00    9.40245E+00    9.27142E+00
    9.97657E+02    6.78218E+04    1.93248E+03    2.67826E+03    1.80583E-01   -3.98406E-01    1.47838E-01    5.26285E+00    9.53633E+00    9.40245E+00
    1.00844E+03    6.98172E+04    1.99542E+03    2.70685E+03    1.82536E-01   -4.00567E-01    1.48601E-01    5.33125E+00    9.67346E+00    9.53633E+00
    1.01934E+03    7.18783E+04    2.06113E+03    2.73576E+03    1.84575E-01   -4.02815E-01    1.49381E-01    5.40152E+00    9.81439E+00    9.67346E+00
    1.03035E+03    7.40084E+04    2.13004E+03    2.76496E+03    1.86728E-01   -4.05183E-01    1.50181E-01    5.47403E+00    9.95988E+00    9.81439E+00
    1.04148E+03    7.62112E+04    2.20278E+03    2.79448E+03    1.89037E-01   -4.07717E-01    1.51010E-01    5.54931E+00    1.01111E+01    9.95988E+00
    1.05273E+03    7.84915E+04    2.28033E+03    2.82431E+03    1.91571E-01   -4.10493E-01    1.51875E-01    5.62821E+00    1.02697E+01    1.01111E+01
    1.06410E+03    8.08558E+04    2.36430E+03    2.85445E+03    1.94442E-01   -4.13641E-01    1.52786E-01    5.71216E+00    1.04388E+01    1.02697E+01
    1.07558E+03    8.33135E+04    2.45770E+03    2.88492E+03    1.97867E-01   -4.17405E-01    1.53754E-01    5.80380E+00    1.06240E+01    1.04388E+01
    1.08719E+03    8.58804E+04    2.56686E+03    2.91571E+03    2.02304E-01   -4.22313E-01    1.54776E-01    5.90873E+00    1.08374E+01    1.06240E+01
    1.09893E+03    8.85887E+04    2.70831E+03    2.94682E+03    2.08958E-01   -4.29760E-01    1.55772E-01    6.04139E+00    1.11101E+01    1.08374E+01
    1.11078E+03    9.15325E+04    2.94386E+03    2.97827E+03    2.22351E-01   -4.44967E-01    1.56062E-01    6.25427E+00    1.15580E+01    1.11101E+01
    1.12276E+03    9.35645E+04    2.03197E+03    3.04216E+03    1.50245E-01   -3.83678E-01    5.50980E-02    5.26729E+00    9.88893E+00    7.01818E+00
    1.13487E+03    9.59835E+04    2.41900E+03    3.07462E+03    1.75097E-01   -3.98247E-01    1.28439E-01    5.76416E+00    1.06121E+01    9.88893E+00
    1.14711E+03    9.86094E+04    2.62594E+03    3.10741E+03    1.86077E-01   -4.06942E-01    1.43090E-01    5.96815E+00    1.09745E+01    1.06121E+01
    1.15948E+03    1.01380E+05    2.77066E+03    3.14056E+03    1.92200E-01   -4.12486E-01    1.48509E-01    6.10352E+00    1.12319E+01    1.09745E+01
    1.17198E+03    1.04273E+05    2.89258E+03    3.17406E+03    1.96436E-01   -4.16560E-01    1.51372E-01    6.21437E+00    1.14482E+01    1.12319E+01
    1.18461E+03    1.07278E+05    3.00507E+03    3.20791E+03    1.99782E-01   -4.19873E-01    1.53257E-01    6.31442E+00    1.16458E+01    1.14482E+01
    1.19737E+03    1.10391E+05    3.11372E+03    3.24212E+03    2.02649E-01   -4.22754E-01    1.54687E-01    6.40920E+00    1.18341E+01    1.16458E+01
    1.21027E+03    1.13613E+05    3.22125E+03    3.27670E+03    2.05237E-01   -4.25371E-01    1.55874E-01    6.50136E+00    1.20177E+01    1.18341E+01
    1.22331E+03    1.16942E+05    3.32919E+03    3.31164E+03    2.07653E-01   -4.27820E-01    1.56919E-01    6.59231E+00    1.21992E+01    1.20177E+01
    1.23649E+03    1.20380E+05    3.43847E+03    3.34695E+03    2.09958E-01   -4.30155E-01    1.57875E-01    6.68287E+00    1.23802E+01    1.21992E+01
    1.24980E+03    1.23930E+05    3.54970E+03    3.38264E+03    2.12192E-01   -4.32415E-01    1.58775E-01    6.77358E+00    1.25615E+01    1.23802E+01
    1.26326E+03    1.27593E+05    3.66334E+03    3.41870E+03    2.14380E-01   -4.34622E-01    1.59635E-01    6.86478E+00    1.27439E+01    1.25615E+01
    1.27686E+03    1.31373E+05    3.77972E+03    3.45515E+03    2.16539E-01   -4.36794E-01    1.60470E-01    6.95672E+00    1.29279E+01    1.27439E+01
    1.29060E+03    1.35272E+05    3.89911E+03    3.49198E+03    2.18683E-01   -4.38942E-01    1.61286E-01    7.04958E+00    1.31137E+01    1.29279E+01
    1.30449E+03    1.39294E+05    4.02177E+03    3.52920E+03    2.20820E-01   -4.41075E-01    1.62089E-01    7.14350E+00    1.33017E+01    1.31137E+01
    1.31852E+03    1.43442E+05    4.14790E+03    3.56682E+03    2.22958E-01   -4.43200E-01    1.62884E-01    7.23859E+00    1.34920E+01    1.33017E+01
    1.33271E+03    1.47720E+05    4.27771E+03    3.60484E+03    2.25102E-01   -4.45323E-01    1.63675E-01    7.33495E+00    1.36849E+01    1.34920E+01
    1.34704E+03    1.52131E+05    4.41139E+03    3.64326E+03    2.27257E-01   -4.47448E-01    1.64462E-01    7.43267E+00    1.38806E+01    1.36849E+01
    1.36153E+03    1.56680E+05    4.54913E+03    3.68208E+03    2.29428E-01   -4.49578E-01    1.65249E-01    7.53182E+00    1.40791E+01    1.38806E+01
    1.37617E+03    1.61371E+05    4.69113E+03    3.72132E+03    2.31617E-01   -4.51718E-01    1.66036E-01    7.63247E+00    1.42806E+01    1.40791E+01
    1.39097E+03    1.66209E+05    4.83760E+03    3.76098E+03    2.33829E-01   -4.53871E-01    1.66826E-01    7.73470E+00    1.44854E+01    1.42806E+01
    1.40592E+03    1.71198E+05    4.98873E+03    3.80105E+03    2.36068E-01   -4.56039E-01    1.67619E-01    7.83858E+00    1.46934E+01    1.44854E+01
    1.42103E+03    1.76342E+05    5.14476E+03    3.84155E+03    2.38336E-01   -4.58227E-01    1.68417E-01    7.94418E+00    1.49049E+01    1.46934E+01
    1.43630E+03    1.81648E+05    5.30593E+03    3.88248E+03    2.40638E-01   -4.60437E-01    1.69220E-01    8.05159E+00    1.51200E+01    1.49049E+01
    1.45173E+03    1.87121E+05    5.47251E+03    3.92384E+03    2.42979E-01   -4.62675E-01    1.70031E-01    8.16090E+00    1.53390E+01    1.51200E+01
    1.46733E+03    1.92766E+05    5.64479E+03    3.96564E+03    2.45363E-01   -4.64945E-01    1.70850E-01    8.27221E+00    1.55620E+01    1.53390E+01
    1.48309E+03    1.98589E+05    5.82312E+03    4.00789E+03    2.47798E-01   -4.67252E-01    1.71678E-01    8.38566E+00    1.57892E+01    1.55620E+01
    1.49902E+03    2.04597E+05    6.00789E+03    4.05058E+03    2.50291E-01   -4.69604E-01    1.72518E-01    8.50138E+00    1.60211E+01    1.57892E+01
    1.51512E+03    2.10796E+05    6.19958E+03    4.09372E+03    2.52852E-01   -4.72011E-01    1.73371E-01    8.61958E+00    1.62580E+01    1.60211E+01
    1.53139E+03    2.17195E+05    6.39878E+03    4.13732E+03    2.55496E-01   -4.74486E-01    1.74240E-01    8.74048E+00    1.65003E+01    1.62580E+01
    1.54783E+03    2.23801E+05    6.60624E+03    4.18139E+03    2.58241E-01   -4.77044E-01    1.75128E-01    8.86441E+00    1.67488E+01    1.65003E+01
    1.56444E+03    2.30624E+05    6.82296E+03    4.22592E+03    2.61112E-01   -4.79710E-01    1.76039E-01    8.99182E+00    1.70043E+01    1.67488E+01
    1.58123E+03    2.37674E+05    7.05031E+03    4.27092E+03    2.64147E-01   -4.82521E-01    1.76978E-01    9.12332E+00    1.72681E+01    1.70043E+01
    1.59820E+03    2.44965E+05    7.29032E+03    4.31640E+03    2.67405E-01   -4.85529E-01    1.77951E-01    9.25986E+00    1.75423E+01    1.72681E+01
    1.61535E+03    2.52511E+05    7.54612E+03    4.36236E+03    2.70977E-01   -4.88823E-01    1.78967E-01    9.40293E+00    1.78300E+01    1.75423E+01
    1.63268E+03    2.60334E+05    7.82299E+03    4.40881E+03    2.75022E-01   -4.92553E-01    1.80038E-01    9.55509E+00    1.81365E+01    1.78300E+01
    1.65020E+03    2.68465E+05    8.13071E+03    4.45575E+03    2.79840E-01   -4.97007E-01    1.81174E-01    9.72107E+00    1.84718E+01    1.81365E+01
    1.66790E+03    2.76955E+05    8.49004E+03    4.50319E+03    2.86074E-01   -5.02806E-01    1.82373E-01    9.91094E+00    1.88576E+01    1.84718E+01
    1.68578E+03    2.85910E+05    8.95506E+03    4.55113E+03    2.95410E-01   -5.11588E-01    1.83541E-01    1.01506E+01    1.93501E+01    1.88576E+01
    1.70386E+03    2.95638E+05    9.72816E+03    4.59958E+03    3.14178E-01   -5.29496E-01    1.83878E-01    1.05346E+01    2.01570E+01    1.93501E+01
    1.72213E+03    3.02370E+05    6.73183E+03    4.69803E+03    2.12846E-01   -4.56832E-01    6.44272E-02    8.75506E+00    1.71450E+01    1.19097E+01
    1.74059E+03    3.10377E+05    8.00689E+03    4.74804E+03    2.47849E-01   -4.74262E-01    1.51409E-01    9.65284E+00    1.84552E+01    1.71450E+01
    1.75925E+03    3.19063E+05    8.68674E+03    4.79858E+03    2.63251E-01   -4.84565E-01    1.68663E-01    1.00208E+01    1.91097E+01    1.84552E+01
    1.77811E+03    3.28225E+05    9.16130E+03    4.84965E+03    2.71807E-01   -4.91096E-01    1.75018E-01    1.02647E+01    1.95738E+01    1.91097E+01
    1.79716E+03    3.37785E+05    9.56049E+03    4.90126E+03    2.77699E-01   -4.95869E-01    1.78362E-01    1.04643E+01    1.99634E+01    1.95738E+01
    1.81642E+03    3.47713E+05    9.92816E+03    4.95342E+03    2.82329E-01   -4.99728E-01    1.80556E-01    1.06442E+01    2.03187E+01    1.99634E+01
    1.83589E+03    3.57996E+05    1.02826E+04    5.00614E+03    2.86273E-01   -5.03063E-01    1.82211E-01    1.08143E+01    2.06567E+01    2.03187E+01
    1.85555E+03    3.68628E+05    1.06327E+04    5.05941E+03    2.89810E-01   -5.06073E-01    1.83577E-01    1.09795E+01    2.09857E+01    2.06567E+01
    1.87543E+03    3.79612E+05    1.09833E+04    5.11325E+03    2.93089E-01   -5.08869E-01    1.84774E-01    1.11422E+01    2.13103E+01    2.09857E+01
    1.89552E+03    3.90949E+05    1.13375E+04    5.16766E+03    2.96195E-01   -5.11517E-01    1.85862E-01    1.13039E+01    2.16332E+01    2.13103E+01
    1.91582E+03    4.02647E+05    1.16972E+04    5.22264E+03    2.99181E-01   -5.14060E-01    1.86878E-01    1.14655E+01    2.19562E+01    2.16332E+01
    1.93633E+03    4.14710E+05    1.20636E+04    5.27821E+03    3.02083E-01   -5.16524E-01    1.87844E-01    1.16276E+01    2.22803E+01    2.19562E+01
    1.95707E+03    4.27148E+05    1.24379E+04    5.33437E+03    3.04922E-01   -5.18928E-01    1.88773E-01    1.17906E+01    2.26064E+01    2.22803E+01
    1.97802E+03    4.39969E+05    1.28207E+04    5.39112E+03    3.07715E-01   -5.21286E-01    1.89675E-01    1.19548E+01    2.29349E+01    2.26064E+01
    1.99920E+03    4.53181E+05    1.32126E+04    5.44848E+03    3.10473E-01   -5.23605E-01    1.90555E-01    1.21204E+01    2.32663E+01    2.29349E+01
    2.02060E+03    4.66796E+05    1.36143E+04    5.50644E+03    3.13204E-01   -5.25892E-01    1.91419E-01    1.22876E+01    2.36008E+01    2.32663E+01
    2.04222E+03    4.80822E+05    1.40262E+04    5.56501E+03    3.15913E-01   -5.28153E-01    1.92270E-01    1.24565E+01    2.39387E+01    2.36008E+01
    2.06408E+03    4.95271E+05    1.44486E+04    5.62421E+03    3.18605E-01   -5.30391E-01    1.93109E-01    1.26271E+01    2.42803E+01    2.39387E+01
    2.08617E+03    5.10153E+05    1.48821E+04    5.68404E+03    3.21283E-01   -5.32608E-01    1.93939E-01    1.27996E+01    2.46255E+01    2.42803E+01
    2.10849E+03    5.25480E+05    1.53269E+04    5.74450E+03    3.23948E-01   -5.34806E-01    1.94760E-01    1.29741E+01    2.49747E+01    2.46255E+01
    2.13104E+03    5.41263E+05    1.57833E+04    5.80559E+03    3.26603E-01   -5.36986E-01    1.95574E-01    1.31505E+01    2.53277E+01    2.49747E+01
    2.15384E+03    5.57515E+05    1.62518E+04    5.86734E+03    3.29248E-01   -5.39149E-01    1.96381E-01    1.33289E+01    2.56848E+01    2.53277E+01
    2.17688E+03    5.74247E+05    1.67326E+04    5.92974E+03    3.31882E-01   -5.41296E-01    1.97182E-01    1.35093E+01    2.60459E+01    2.56848E+01
    2.20016E+03    5.91473E+05    1.72260E+04    5.99281E+03    3.34507E-01   -5.43427E-01    1.97976E-01    1.36918E+01    2.64111E+01    2.60459E+01
    2.22369E+03    6.09206E+05    1.77323E+04    6.05654E+03    3.37122E-01   -5.45541E-01    1.98765E-01    1.38763E+01    2.67805E+01    2.64111E+01
    2.24747E+03    6.27457E+05    1.82519E+04    6.12095E+03    3.39727E-01   -5.47638E-01    1.99547E-01    1.40630E+01    2.71541E+01    2.67805E+01
    2.27150E+03    6.46242E+05    1.87849E+04    6.18604E+03    3.42320E-01   -5.49718E-01    2.00324E-01    1.42517E+01    2.75319E+01    2.71541E+01
    2.29579E+03    6.65574E+05    1.93316E+04    6.25182E+03    3.44901E-01   -5.51781E-01    2.01094E-01    1.44426E+01    2.79138E+01    2.75319E+01
    2.32033E+03    6.85466E+05    1.98923E+04    6.31829E+03    3.47468E-01   -5.53824E-01    2.01859E-01    1.46355E+01    2.83000E+01    2.79138E+01
    2.34514E+03    7.05934E+05    2.04673E+04    6.38548E+03    3.50020E-01   -5.55848E-01    2.02616E-01    1.48306E+01    2.86903E+01    2.83000E+01
    2.37020E+03    7.26990E+05    2.10568E+04    6.45337E+03    3.52556E-01   -5.57851E-01    2.03367E-01    1.50277E+01    2.90849E+01    2.86903E+01
    2.39554E+03    7.48651E+05    2.16610E+04    6.52198E+03    3.55073E-01   -5.59832E-01    2.04111E-01    1.52269E+01    2.94835E+01    2.90849E+01
    2.42114E+03    7.70932E+05    2.22802E+04    6.59133E+03    3.57570E-01   -5.61790E-01    2.04847E-01    1.54282E+01    2.98863E+01    2.94835E+01
    2.44701E+03    7.93846E+05    2.29145E+04    6.66140E+03    3.60045E-01   -5.63723E-01    2.05575E-01    1.56315E+01    3.02931E+01    2.98863E+01
    2.47316E+03    8.17410E+05    2.35641E+04    6.73222E+03    3.62496E-01   -5.65631E-01    2.06294E-01    1.58368E+01    3.07040E+01    3.02931E+01
    2.49958E+03    8.41639E+05    2.42292E+04    6.80379E+03    3.64920E-01   -5.67511E-01    2.07005E-01    1.60441E+01    3.11189E+01    3.07040E+01
    2.52628E+03    8.66549E+05    2.49100E+04    6.87612E+03    3.67314E-01   -5.69361E-01    2.07706E-01    1.62534E+01    3.15376E+01    3.11189E+01
    2.55327E+03    8.92156E+05    2.56067E+04    6.94921E+03    3.69677E-01   -5.71181E-01    2.08397E-01    1.64646E+01    3.19601E+01    3.15376E+01
    2.58054E+03    9.18475E+05    2.63192E+04    7.02308E+03    3.72005E-01   -5.72967E-01    2.09078E-01    1.66776E+01    3.23864E+01    3.19601E+01
    2.60810E+03    9.45523E+05    2.70478E+04    7.09774E+03    3.74295E-01   -5.74719E-01    2.09746E-01    1.68925E+01    3.28163E+01    3.23864E+01
    2.63596E+03    9.73316E+05    2.77925E+04    7.17318E+03    3.76544E-01   -5.76433E-01    2.10403E-01    1.71091E+01    3.32498E+01    3.28163E+01
    2.66411E+03    1.00187E+06    2.85532E+04    7.24942E+03    3.78750E-01   -5.78108E-01    2.11047E-01    1.73275E+01    3.36866E+01    3.32498E+01
    2.69256E+03    1.03120E+06    2.93302E+04    7.32648E+03    3.80907E-01   -5.79741E-01    2.11678E-01    1.75475E+01    3.41267E+01    3.36866E+01
    2.72131E+03    1.06132E+06    3.01232E+04    7.40435E+03    3.83014E-01   -5.81331E-01    2.12294E-01    1.77691E+01    3.45700E+01    3.41267E+01
    2.75036E+03    1.09225E+06    3.09324E+04    7.48304E+03    3.85065E-01   -5.82873E-01    2.12895E-01    1.79921E+01    3.50162E+01    3.45700E+01
    2.77972E+03    1.12401E+06    3.17575E+04    7.56257E+03    3.87058E-01   -5.84367E-01    2.13479E-01    1.82166E+01    3.54652E+01    3.50162E+01
    2.80939E+03    1.15661E+06    3.25984E+04    7.64294E+03    3.88988E-01   -5.85808E-01    2.14047E-01    1.84424E+01    3.59169E+01    3.54652E+01
    2.83938E+03    1.19007E+06    3.34550E+04    7.72416E+03    3.90850E-01   -5.87195E-01    2.14596E-01    1.86695E+01    3.63709E+01    3.59169E+01
    2.86969E+03    1.22439E+06    3.43270E+04    7.80625E+03    3.92640E-01   -5.88524E-01    2.15127E-01    1.88976E+01    3.68272E+01    3.63709E+01
    2.90031E+03    1.25961E+06    3.52142E+04    7.88920E+03    3.94355E-01   -5.89793E-01    2.15638E-01    1.91268E+01    3.72855E+01    3.68272E+01
    2.93127E+03    1.29572E+06    3.61162E+04    7.97304E+03    3.95988E-01   -5.90997E-01    2.16127E-01    1.93568E+01    3.77455E+01    3.72855E+01
    2.96255E+03    1.33276E+06    3.70327E+04    8.05776E+03    3.97536E-01   -5.92135E-01    2.16594E-01    1.95876E+01    3.82070E+01    3.77455E+01
    2.99416E+03    1.37072E+06    3.79633E+04    8.14338E+03    3.98994E-01   -5.93202E-01    2.17038E-01    1.98191E+01    3.86697E+01    3.82070E+01
    3.02610E+03    1.40963E+06    3.89075E+04    8.22991E+03    4.00356E-01   -5.94196E-01    2.17457E-01    2.00510E+01    3.91334E+01    3.86697E+01
    3.05839E+03    1.44949E+06    3.98647E+04    8.31735E+03    4.01618E-01   -5.95113E-01    2.17850E-01    2.02832E+01    3.95977E+01    3.91334E+01
    3.09101E+03    1.49033E+06    4.08344E+04    8.40572E+03    4.02776E-01   -5.95951E-01    2.18216E-01    2.05157E+01    4.00623E+01    3.95977E+01
    3.12399E+03    1.53214E+06    4.18160E+04    8.49503E+03    4.03824E-01   -5.96706E-01    2.18554E-01    2.07482E+01    4.05271E+01    4.00623E+01
    3.15731E+03    1.57495E+06    4.28089E+04    8.58529E+03    4.04759E-01   -5.97376E-01    2.18863E-01    2.09807E+01    4.09916E+01    4.05271E+01
    3.19099E+03    1.61876E+06    4.38124E+04    8.67650E+03    4.05577E-01   -5.97958E-01    2.19142E-01    2.12128E+01    4.14556E+01    4.09916E+01
    3.22502E+03    1.66359E+06    4.48261E+04    8.76868E+03    4.06276E-01   -5.98451E-01    2.19389E-01    2.14447E+01    4.19189E+01    4.14556E+01
    3.25941E+03    1.70944E+06    4.58495E+04    8.86183E+03    4.06853E-01   -5.98855E-01    2.19603E-01    2.16761E+01    4.23813E+01    4.19189E+01
    3.29417E+03    1.75632E+06    4.68822E+04    8.95598E+03    4.07310E-01   -5.99170E-01    2.19785E-01    2.19070E+01    4.28426E+01    4.23813E+01
    3.32930E+03    1.80424E+06    4.79242E+04    9.05112E+03    4.07648E-01   -5.99398E-01    2.19933E-01    2.21374E+01    4.33030E+01    4.28426E+01
    3.36479E+03    1.85322E+06    4.89759E+04    9.14727E+03    4.07876E-01   -5.99546E-01    2.20047E-01    2.23674E+01    4.37627E+01    4.33030E+01
    3.40067E+03    1.90326E+06    5.00388E+04    9.24444E+03    4.08007E-01   -5.99625E-01    2.20129E-01    2.25973E+01    4.42223E+01    4.37627E+01
    3.43692E+03    1.95437E+06    5.11152E+04    9.34264E+03    4.08061E-01   -5.99652E-01    2.20178E-01    2.28277E+01    4.46829E+01    4.42223E+01
    3.47356E+03    2.00658E+06    5.22098E+04    9.44188E+03    4.08078E-01   -5.99659E-01    2.20199E-01    2.30596E+01    4.51466E+01    4.46829E+01
    3.51059E+03    2.05992E+06    5.33313E+04    9.54217E+03    4.08121E-01   -5.99696E-01    2.20194E-01    2.32945E+01    4.56171E+01    4.51466E+01
    3.54801E+03    2.11441E+06    5.44946E+04    9.64353E+03    4.08297E-01   -5.99852E-01    2.20171E-01    2.35357E+01    4.61007E+01    4.56171E+01
    3.58583E+03    2.17014E+06    5.57284E+04    9.74596E+03    4.08804E-01   -6.00286E-01    2.20138E-01    2.37887E+01    4.66094E+01    4.61007E+01
    3.62405E+03    2.22723E+06    5.70892E+04    9.84947E+03    4.10024E-01   -6.01314E-01    2.20102E-01    2.40644E+01    4.71666E+01    4.66094E+01
    3.66267E+03    2.28593E+06    5.87030E+04    9.95408E+03    4.12793E-01   -6.03629E-01    2.20058E-01    2.43872E+01    4.78241E+01    4.71666E+01
    3.70170E+03    2.34684E+06    6.09077E+04    1.00598E+04    4.19335E-01   -6.09084E-01    2.19890E-01    2.48208E+01    4.87202E+01    4.78241E+01
    3.74115E+03    2.41182E+06    6.49860E+04    1.01666E+04    4.38052E-01   -6.24683E-01    2.18684E-01    2.56006E+01    5.03719E+01    4.87202E+01
    3.78101E+03    2.45527E+06    4.34483E+04    1.03837E+04    2.86745E-01   -5.30122E-01    7.56003E-02    2.06865E+01    4.19309E+01    2.88494E+01
    3.82130E+03    2.50607E+06    5.07997E+04    1.04940E+04    3.28248E-01   -5.45331E-01    1.75677E-01    2.27612E+01    4.48467E+01    4.19309E+01
    3.86201E+03    2.56012E+06    5.40468E+04    1.06055E+04    3.41924E-01   -5.51656E-01    1.93908E-01    2.34634E+01    4.60418E+01    4.48467E+01
    3.90316E+03    2.61594E+06    5.58167E+04    1.07181E+04    3.45734E-01   -5.53182E-01    1.99308E-01    2.38300E+01    4.67109E+01    4.60418E+01
    3.94474E+03    2.67290E+06    5.69636E+04    1.08319E+04    3.45457E-01   -5.52287E-01    2.01087E-01    2.40633E+01    4.71494E+01    4.67109E+01
    3.98676E+03    2.73067E+06    5.77691E+04    1.09469E+04    3.43013E-01   -5.49953E-01    2.01406E-01    2.42254E+01    4.74576E+01    4.71494E+01
    4.02923E+03    2.78901E+06    5.83452E+04    1.10632E+04    3.39187E-01   -5.46623E-01    2.00973E-01    2.43405E+01    4.76767E+01    4.74576E+01
    4.07215E+03    2.84776E+06    5.87419E+04    1.11807E+04    3.34350E-01   -5.42513E-01    2.00073E-01    2.44191E+01    4.78255E+01    4.76767E+01
    4.11552E+03    2.90674E+06    5.89823E+04    1.12994E+04    3.28696E-01   -5.37735E-01    1.98838E-01    2.44664E+01    4.79125E+01    4.78255E+01
    4.15936E+03    2.96581E+06    5.90762E+04    1.14194E+04    3.22333E-01   -5.32347E-01    1.97333E-01    2.44845E+01    4.79417E+01    4.79125E+01
    4.20365E+03    3.02484E+06    5.90265E+04    1.15406E+04    3.15326E-01   -5.26373E-01    1.95594E-01    2.44740E+01    4.79139E+01    4.79417E+01
    4.24842E+03    3.08367E+06    5.88319E+04    1.16632E+04    3.07713E-01   -5.19824E-01    1.93637E-01    2.44347E+01    4.78283E+01    4.79139E+01
    4.29366E+03    3.14216E+06    5.84886E+04    1.17870E+04    2.99519E-01   -5.12696E-01    1.91472E-01    2.43656E+01    4.76830E+01    4.78283E+01
    4.33938E+03    3.20015E+06    5.79910E+04    1.19121E+04    2.90760E-01   -5.04976E-01    1.89099E-01    2.42654E+01    4.74751E+01    4.76830E+01
    4.38559E+03    3.25749E+06    5.73329E+04    1.20386E+04    2.81448E-01   -4.96648E-01    1.86518E-01    2.41324E+01    4.72013E+01    4.74751E+01
    4.43228E+03    3.31399E+06    5.65071E+04    1.21664E+04    2.71593E-01   -4.87687E-01    1.83723E-01    2.39645E+01    4.68573E+01    4.72013E+01
    4.47947E+03    3.36950E+06    5.55064E+04    1.22956E+04    2.61204E-01   -4.78067E-01    1.80709E-01    2.37596E+01    4.64387E+01    4.68573E+01
    4.52716E+03    3.42382E+06    5.43233E+04    1.24261E+04    2.50290E-01   -4.67757E-01    1.77466E-01    2.35150E+01    4.59402E+01    4.64387E+01
    4.57536E+03    3.47677E+06    5.29506E+04    1.25581E+04    2.38864E-01   -4.56720E-01    1.73984E-01    2.32280E+01    4.53562E+01    4.59402E+01
    4.62407E+03    3.52815E+06    5.13816E+04    1.26914E+04    2.26939E-01   -4.44919E-01    1.70254E-01    2.28954E+01    4.46803E+01    4.53562E+01
    4.67329E+03    3.57776E+06    4.96102E+04    1.28261E+04    2.14533E-01   -4.32308E-01    1.66261E-01    2.25138E+01    4.39056E+01    4.46803E+01
    4.72303E+03    3.62540E+06    4.76313E+04    1.29623E+04    2.01669E-01   -4.18841E-01    1.61991E-01    2.20793E+01    4.30244E+01    4.39056E+01
    4.77331E+03    3.67084E+06    4.54411E+04    1.30999E+04    1.88372E-01   -4.04460E-01    1.57430E-01    2.15879E+01    4.20282E+01    4.30244E+01
    4.82411E+03    3.71387E+06    4.30375E+04    1.32390E+04    1.74678E-01   -3.89106E-01    1.52560E-01    2.10347E+01    4.09075E+01    4.20282E+01
    4.87546E+03    3.75429E+06    4.04204E+04    1.33795E+04    1.60626E-01   -3.72707E-01    1.47361E-01    2.04145E+01    3.96515E+01    4.09075E+01
    4.92734E+03    3.79189E+06    3.75925E+04    1.35215E+04    1.46264E-01   -3.55181E-01    1.41811E-01    1.97212E+01    3.82480E+01    3.96515E+01
    4.97978E+03    3.82645E+06    3.45595E+04    1.36651E+04    1.31652E-01   -3.36432E-01    1.35887E-01    1.89478E+01    3.66827E+01    3.82480E+01
    5.03278E+03    3.85778E+06    3.13313E+04    1.38101E+04    1.16859E-01   -3.16343E-01    1.29560E-01    1.80861E+01    3.49387E+01    3.66827E+01
    5.08633E+03    3.88570E+06    2.79227E+04    1.39567E+04    1.01968E-01   -2.94769E-01    1.22797E-01    1.71261E+01    3.29958E+01    3.49387E+01
    5.14045E+03    3.91006E+06    2.43548E+04    1.41049E+04    8.70793E-02   -2.71524E-01    1.15560E-01    1.60553E+01    3.08285E+01    3.29958E+01
    5.19515E+03    3.93071E+06    2.06568E+04    1.42546E+04    7.23133E-02   -2.46358E-01    1.07802E-01    1.48577E+01    2.84038E+01    3.08285E+01
    5.25043E+03    3.94758E+06    1.68690E+04    1.44059E+04    5.78186E-02   -2.18917E-01    9.94683E-02    1.35114E+01    2.56762E+01    2.84038E+01
    5.30629E+03    3.96063E+06    1.30469E+04    1.45588E+04    4.37836E-02   -1.88666E-01    9.04911E-02    1.19843E+01    2.25792E+01    2.56762E+01
    5.36275E+03    3.96990E+06    9.27117E+03    1.47134E+04    3.04623E-02   -1.54708E-01    8.07948E-02    1.02248E+01    1.90049E+01    2.25792E+01
    5.41980E+03    3.97557E+06    5.66906E+03    1.48695E+04    1.82374E-02   -1.15288E-01    7.03292E-02    8.13679E+00    1.47490E+01    1.90049E+01
    5.47746E+03    3.97806E+06    2.49504E+03    1.50274E+04    7.85880E-03   -6.58682E-02    5.93311E-02    5.48328E+00    9.30113E+00    1.47490E+01
    5.53573E+03    3.98090E+06    2.83885E+03    1.50274E+04    8.75480E-03   -5.71006E-02    7.41236E-02    9.30113E+00    1.26459E+01    2.08770E+01
    5.59461E+03    3.98439E+06    3.48537E+03    1.50274E+04    1.05239E-02   -5.06556E-02    8.92071E-02    1.26459E+01    1.56446E+01    2.65773E+01
    5.65412E+03    3.98876E+06    4.37718E+03    1.50274E+04    1.29404E-02   -4.57744E-02    1.04140E-01    1.56446E+01    1.83830E+01    3.19081E+01
    5.71427E+03    3.99424E+06    5.47749E+03    1.50274E+04    1.58548E-02   -4.19737E-02    1.18714E-01    1.83830E+01    2.09207E+01    3.69225E+01
    5.77505E+03    4.00100E+06    6.76228E+03    1.50274E+04    1.91645E-02   -3.89393E-02    1.32847E-01    2.09207E+01    2.32999E+01    4.16673E+01
    5.83647E+03    4.00922E+06    8.21610E+03    1.50274E+04    2.27980E-02   -3.64631E-02    1.46521E-01    2.32999E+01    2.55514E+01    4.61820E+01
    5.89854E+03    4.01905E+06    9.82948E+03    1.50274E+04    2.67047E-02   -3.44042E-02    1.59753E-01    2.55514E+01    2.76983E+01    5.05000E+01
    5.96128E+03    4.03065E+06    1.15973E+04    1.50274E+04    3.08488E-02   -3.26649E-02    1.72574E-01    2.76983E+01    2.97582E+01    5.46491E+01
    6.02467E+03    4.04416E+06    1.35174E+04    1.50274E+04    3.52048E-02   -3.11763E-02    1.85021E-01    2.97582E+01    3.17451E+01    5.86529E+01
    6.08874E+03    4.05975E+06    1.55901E+04    1.50274E+04    3.97545E-02   -2.98885E-02    1.97132E-01    3.17451E+01    3.36702E+01    6.25312E+01
    6.15349E+03    4.07757E+06    1.78177E+04    1.50274E+04    4.44852E-02   -2.87645E-02    2.08944E-01    3.36702E+01    3.55425E+01    6.63010E+01
    6.21893E+03    4.09778E+06    2.02038E+04    1.50274E+04    4.93882E-02   -2.77768E-02    2.20492E-01    3.55425E+01    3.73696E+01    6.99766E+01
    6.28506E+03    4.12053E+06    2.27533E+04    1.50274E+04    5.44580E-02   -2.69041E-02    2.31806E-01    3.73696E+01    3.91581E+01    7.35708E+01
    6.35189E+03    4.14600E+06    2.54723E+04    1.50274E+04    5.96914E-02   -2.61297E-02    2.42917E-01    3.91581E+01    4.09136E+01    7.70944E+01
    6.41942E+03    4.17437E+06    2.83677E+04    1.50274E+04    6.50871E-02   -2.54407E-02    2.53850E-01    4.09136E+01    4.26409E+01    8.05573E+01
    6.48768E+03    4.20582E+06    3.14475E+04    1.50274E+04    7.06456E-02   -2.48266E-02    2.64630E-01    4.26409E+01    4.43443E+01    8.39681E+01
    6.55666E+03    4.24054E+06    3.47208E+04    1.50274E+04    7.63688E-02   -2.42789E-02    2.75281E-01    4.43443E+01    4.60278E+01    8.73348E+01
    6.62636E+03    4.27874E+06    3.81973E+04    1.50274E+04    8.22597E-02   -2.37906E-02    2.85821E-01    4.60278E+01    4.76950E+01    9.06645E+01
    6.69681E+03    4.32062E+06    4.18880E+04    1.50274E+04    8.83225E-02   -2.33560E-02    2.96272E-01    4.76950E+01    4.93490E+01    9.39637E+01
    6.76801E+03    4.36643E+06    4.58046E+04    1.50274E+04    9.45625E-02   -2.29703E-02    3.06651E-01    4.93490E+01    5.09930E+01    9.72387E+01
    6.83996E+03    4.41639E+06    4.99600E+04    1.50274E+04    1.00986E-01   -2.26296E-02    3.16976E-01    5.09930E+01    5.26298E+01    1.00495E+02
    6.91267E+03    4.47076E+06    5.43682E+04    1.50274E+04    1.07600E-01   -2.23306E-02    3.27263E-01    5.26298E+01    5.42620E+01    1.03738E+02
    6.98615E+03    4.52980E+06    5.90444E+04    1.50274E+04    1.14413E-01   -2.20704E-02    3.37529E-01    5.42620E+01    5.58924E+01    1.06974E+02
    7.06041E+03    4.59381E+06    6.40051E+04    1.50274E+04    1.21433E-01   -2.18466E-02    3.47788E-01    5.58924E+01    5.75233E+01    1.10206E+02
    7.13546E+03    4.66307E+06    6.92680E+04    1.50274E+04    1.28672E-01   -2.16572E-02    3.58055E-01    5.75233E+01    5.91572E+01    1.13441E+02
    7.21130E+03    4.73793E+06    7.48525E+04    1.50274E+04    1.36141E-01   -2.15007E-02    3.68345E-01    5.91572E+01    6.07965E+01    1.16682E+02
    7.28795E+03    4.81871E+06    8.07795E+04    1.50274E+04    1.43851E-01   -2.13755E-02    3.78674E-01    6.07965E+01    6.24435E+01    1.19934E+02
    7.36541E+03    4.90578E+06    8.70716E+04    1.50274E+04    1.51815E-01   -2.12806E-02    3.89053E-01    6.24435E+01    6.41006E+01    1.23202E+02
    7.44369E+03    4.99953E+06    9.37533E+04    1.50274E+04    1.60050E-01   -2.12150E-02    3.99500E-01    6.41006E+01    6.57701E+01    1.26490E+02
    7.52280E+03    5.10038E+06    1.00851E+05    1.50274E+04    1.68570E-01   -2.11780E-02    4.10026E-01    6.57701E+01    6.74544E+01    1.29804E+02
    7.60275E+03    5.20878E+06    1.08395E+05    1.50274E+04    1.77393E-01   -2.11690E-02    4.20648E-01    6.74544E+01    6.91557E+01    1.33147E+02
    7.68355E+03    5.32519E+06    1.16415E+05    1.50274E+04    1.86537E-01   -2.11877E-02    4.31380E-01    6.91557E+01    7.08767E+01    1.36524E+02
    7.76521E+03    5.45014E+06    1.24946E+05    1.50274E+04    1.96023E-01   -2.12338E-02    4.42236E-01    7.08767E+01    7.26196E+01    1.39941E+02
    7.84772E+03    5.58416E+06    1.34024E+05    1.50274E+04    2.05874E-01   -2.13072E-02    4.53232E-01    7.26196E+01    7.43872E+01    1.43401E+02
    7.93112E+03    5.72785E+06    1.43692E+05    1.50274E+04    2.16112E-01   -2.14081E-02    4.64385E-01    7.43872E+01    7.61819E+01    1.46910E+02
    8.01540E+03    5.88184E+06    1.53992E+05    1.50274E+04    2.26764E-01   -2.15365E-02    4.75710E-01    7.61819E+01    7.80065E+01    1.50473E+02
    8.10057E+03    6.04682E+06    1.64972E+05    1.50274E+04    2.37858E-01   -2.16930E-02    4.87225E-01    7.80065E+01    7.98639E+01    1.54096E+02
    8.18664E+03    6.22350E+06    1.76687E+05    1.50274E+04    2.49426E-01   -2.18779E-02    4.98946E-01    7.98639E+01    8.17569E+01    1.57784E+02
    8.27363E+03    6.41270E+06    1.89192E+05    1.50274E+04    2.61500E-01   -2.20919E-02    5.10893E-01    8.17569E+01    8.36887E+01    1.61543E+02
    8.36154E+03    6.61525E+06    2.02552E+05    1.50274E+04    2.74117E-01   -2.23357E-02    5.23085E-01    8.36887E+01    8.56626E+01    1.65379E+02
    8.45038E+03    6.83208E+06    2.16836E+05    1.50274E+04    2.87316E-01   -2.26105E-02    5.35542E-01    8.56626E+01    8.76819E+01    1.69298E+02
    8.54016E+03    7.06420E+06    2.32119E+05    1.50274E+04    3.01142E-01   -2.29172E-02    5.48286E-01    8.76819E+01    8.97503E+01    1.73307E+02
    8.63089E+03    7.31269E+06    2.48487E+05    1.50274E+04    3.15642E-01   -2.32572E-02    5.61339E-01    8.97503E+01    9.18716E+01    1.77414E+02
    8.72259E+03    7.57872E+06    2.66031E+05    1.50274E+04    3.30867E-01   -2.36319E-02    5.74725E-01    9.18716E+01    9.40500E+01    1.81626E+02
    8.81526E+03    7.86357E+06    2.84853E+05    1.50274E+04    3.46876E-01   -2.40431E-02    5.88471E-01    9.40500E+01    9.62898E+01    1.85951E+02
    8.90891E+03    8.16864E+06    3.05066E+05    1.50274E+04    3.63730E-01   -2.44928E-02    6.02603E-01    9.62898E+01    9.85956E+01    1.90398E+02
    9.00355E+03    8.49544E+06    3.26796E+05    1.50274E+04    3.81499E-01   -2.49832E-02    6.17151E-01    9.85956E+01    1.00973E+02    1.94976E+02
    9.09919E+03    8.84562E+06    3.50182E+05    1.50274E+04    4.00259E-01   -2.55166E-02    6.32146E-01    1.00973E+02    1.03426E+02    1.99695E+02
    9.19585E+03    9.22099E+06    3.75377E+05    1.50274E+04    4.20095E-01   -2.60961E-02    6.47622E-01    1.03426E+02    1.05962E+02    2.04565E+02
    9.29354E+03    9.62355E+06    4.02555E+05    1.50274E+04    4.41099E-01   -2.67247E-02    6.63615E-01    1.05962E+02    1.08586E+02    2.09598E+02
    9.39226E+03    1.00555E+07    4.31906E+05    1.50274E+04    4.63375E-01   -2.74061E-02    6.80165E-01    1.08586E+02    1.11306E+02    2.14807E+02
    9.49202E+03    1.05191E+07    4.63648E+05    1.50274E+04    4.87038E-01   -2.81444E-02    6.97314E-01    1.11306E+02    1.14128E+02    2.20205E+02
    9.59285E+03    1.10171E+07    4.98022E+05    1.50274E+04    5.12218E-01   -2.89441E-02    7.15109E-01    1.14128E+02    1.17062E+02    2.25807E+02
    9.69474E+03    1.15524E+07    5.35299E+05    1.50274E+04    5.39057E-01   -2.98104E-02    7.33600E-01    1.17062E+02    1.20116E+02    2.31628E+02
    9.79771E+03    1.21282E+07    5.75786E+05    1.50274E+04    5.67717E-01   -3.07494E-02    7.52842E-01    1.20116E+02    1.23299E+02    2.37687E+02
    9.90178E+03    1.27480E+07    6.19831E+05    1.50274E+04    5.98379E-01   -3.17677E-02    7.72897E-01    1.23299E+02    1.26622E+02    2.44002E+02
    1.00069E+04    1.34159E+07    6.67827E+05    1.50274E+04    6.31247E-01   -3.28730E-02    7.93830E-01    1.26622E+02    1.30097E+02    2.50594E+02
    1.01132E+04    1.41361E+07    7.20223E+05    1.50274E+04    6.66554E-01   -3.40742E-02    8.15716E-01    1.30097E+02    1.33738E+02    2.57487E+02
    1.02206E+04    1.49136E+07    7.77532E+05    1.50274E+04    7.04561E-01   -3.53814E-02    8.38635E-01    1.33738E+02    1.37558E+02    2.64707E+02
    1.03292E+04    1.57540E+07    8.40339E+05    1.50274E+04    7.45569E-01   -3.68064E-02    8.62678E-01    1.37558E+02    1.41574E+02    2.72282E+02
    1.04389E+04    1.66633E+07    9.09320E+05    1.50274E+04    7.89920E-01   -3.83626E-02    8.87946E-01    1.41574E+02    1.45805E+02    2.80245E+02
    1.05497E+04    1.76485E+07    9.85256E+05    1.50274E+04    8.38008E-01   -4.00659E-02    9.14550E-01    1.45805E+02    1.50270E+02    2.88630E+02
    1.06618E+04    1.87176E+07    1.06905E+06    1.50274E+04    8.90289E-01   -4.19347E-02    9.42619E-01    1.50270E+02    1.54993E+02    2.97479E+02
    1.07750E+04    1.98794E+07    1.16176E+06    1.50274E+04    9.47289E-01   -4.39908E-02    9.72293E-01    1.54993E+02    1.60000E+02    3.06836E+02
    1.08894E+04    2.11440E+07    1.26463E+06    1.50274E+04    1.00963E+00   -4.62600E-02    1.00374E+00    1.60000E+02    1.65321E+02    3.16753E+02
    1.10051E+04    2.25231E+07    1.37910E+06    1.50274E+04    1.07802E+00   -4.87728E-02    1.03713E+00    1.65321E+02    1.70991E+02    3.27289E+02
    1.11219E+04    2.40300E+07    1.50690E+06    1.50274E+04    1.15332E+00   -5.15663E-02    1.07269E+00    1.70991E+02    1.77049E+02    3.38512E+02
    1.12400E+04    2.56801E+07    1.65010E+06    1.50274E+04    1.23654E+00   -5.46850E-02    1.11065E+00    1.77049E+02    1.83541E+02    3.50499E+02
    1.13594E+04    2.74912E+07    1.81115E+06    1.50274E+04    1.32888E+00   -5.81833E-02    1.15130E+00    1.83541E+02    1.90522E+02    3.63339E+02
    1.14800E+04    2.94843E+07    1.99305E+06    1.50274E+04    1.43180E+00   -6.21283E-02    1.19497E+00    1.90522E+02    1.98055E+02    3.77140E+02
    1.16019E+04    3.16837E+07    2.19945E+06    1.50274E+04    1.54708E+00   -6.66038E-02    1.24203E+00    1.98055E+02    2.06217E+02    3.92023E+02
    1.17251E+04    3.41185E+07    2.43482E+06    1.50274E+04    1.67687E+00   -7.17151E-02    1.29295E+00    2.06217E+02    2.15098E+02    4.08137E+02
    1.18496E+04    3.68233E+07    2.70473E+06    1.50274E+04    1.82385E+00   -7.75971E-02    1.34827E+00    2.15098E+02    2.24809E+02    4.25657E+02
    1.19754E+04    3.98395E+07    3.01620E+06    1.50274E+04    1.99141E+00   -8.44246E-02    1.40865E+00    2.24809E+02    2.35487E+02    4.44797E+02
    1.21025E+04    4.32176E+07    3.37815E+06    1.50274E+04    2.18380E+00   -9.24283E-02    1.47488E+00    2.35487E+02    2.47301E+02    4.65818E+02
    1.22310E+04    4.70197E+07    3.80208E+06    1.50274E+04    2.40652E+00   -1.01919E-01    1.54794E+00    2.47301E+02    2.60466E+02    4.89043E+02
    1.23609E+04    5.13228E+07    4.30310E+06    1.50274E+04    2.66676E+00   -1.13324E-01    1.62908E+00    2.60466E+02    2.75259E+02    5.14879E+02
    1.24921E+04    5.62242E+07    4.90136E+06    1.50274E+04    2.97408E+00   -1.27248E-01    1.71985E+00    2.75259E+02    2.92047E+02    5.43848E+02
    1.26247E+04    6.18485E+07    5.62433E+06    1.50274E+04    3.34150E+00   -1.44571E-01    1.82225E+00    2.92047E+02    3.11321E+02    5.76627E+02
    1.27588E+04    6.83589E+07    6.51037E+06    1.50274E+04    3.78713E+00   -1.66629E-01    1.93891E+00    3.11321E+02    3.33772E+02    6.14120E+02
    1.28942E+04    7.59734E+07    7.61453E+06    1.50274E+04    4.33693E+00   -1.95534E-01    2.07333E+00    3.33772E+02    3.60397E+02    6.57564E+02
    1.30311E+04    8.49917E+07    9.01834E+06    1.50274E+04    5.02921E+00   -2.34827E-01    2.23026E+00    3.60397E+02    3.92711E+02    7.08697E+02
    1.31694E+04    9.58390E+07    1.08472E+07    1.50274E+04    5.92280E+00   -2.90862E-01    2.41624E+00    3.92711E+02    4.33161E+02    7.70054E+02
    1.33092E+04    1.09142E+08    1.33029E+07    1.50274E+04    7.11195E+00   -3.76041E-01    2.64018E+00    4.33161E+02    4.86010E+02    8.45477E+02
    1.34505E+04    1.25870E+08    1.67284E+07    1.50274E+04    8.75655E+00   -5.17126E-01    2.91361E+00    4.86010E+02    5.59458E+02    9.41028E+02
    1.35933E+04    1.47635E+08    2.17646E+07    1.50274E+04    1.11548E+01   -7.78839E-01    3.24780E+00    5.59458E+02    6.71250E+02    1.06667E+03
    1.37376E+04    1.77550E+08    2.99151E+07    1.50274E+04    1.50119E+01   -1.33775E+00    3.63626E+00    6.71250E+02    8.65301E+02    1.23912E+03
    1.38834E+04    2.24892E+08    4.73425E+07    1.50274E+04    2.32612E+01   -2.73583E+00    3.97196E+00    8.65301E+02    1.26636E+03    1.48560E+03
    1.40308E+04    2.86476E+08    6.15838E+07    1.51868E+04    2.96267E+01   -3.30566E+00    4.32426E+00    5.83885E+02    1.07362E+03    1.26636E+03
    1.41797E+04    3.91472E+08    1.04996E+08    1.51868E+04    4.94567E+01   -5.53465E+00    4.33871E+00    1.07362E+03    1.90226E+03    1.75837E+03
