 # rho, F_z,dF_z, z(rho), E2 (=>sigma2=e0^2*E2), Er, Ez, Ui,j , Ui+1,j , Ui,j-1
    2.50000E-01    2.62932E-01    2.62932E-01    0.00000E+00    2.10345E+00   -3.71615E-01    1.40191E+00    1.88676E+00    2.07257E+00    2.58772E+00
    7.50000E-01    7.82217E-01    5.19286E-01    5.00000E-01    1.38476E+00   -1.31656E-01    1.16937E+00    1.48789E+00    1.55371E+00    2.07257E+00
    1.25000E+00    1.60138E+00    8.19166E-01    5.00000E-01    1.31067E+00   -4.23601E-02    1.14406E+00    1.55371E+00    1.57489E+00    2.12574E+00
    1.75000E+00    2.77002E+00    1.16864E+00    5.00000E-01    1.33558E+00   -2.46308E-02    1.15541E+00    1.57489E+00    1.58721E+00    2.15260E+00
    2.25000E+00    4.31353E+00    1.54351E+00    5.00000E-01    1.37201E+00   -2.24624E-02    1.17111E+00    1.58721E+00    1.59844E+00    2.17276E+00
    2.75000E+00    6.25880E+00    1.94527E+00    5.00000E-01    1.41474E+00   -2.61155E-02    1.18914E+00    1.59844E+00    1.61150E+00    2.19301E+00
    3.25000E+00    8.64265E+00    2.38385E+00    5.00000E-01    1.46698E+00   -3.43895E-02    1.21070E+00    1.61150E+00    1.62869E+00    2.21685E+00
    3.75000E+00    1.15179E+01    2.87522E+00    5.00000E-01    1.53345E+00   -4.98663E-02    1.23732E+00    1.62869E+00    1.65363E+00    2.24735E+00
    4.25000E+00    1.49594E+01    3.44156E+00    5.00000E-01    1.61956E+00   -8.12275E-02    1.27002E+00    1.65363E+00    1.69424E+00    2.28864E+00
    4.75000E+00    1.90680E+01    4.10853E+00    5.00000E-01    1.72991E+00   -1.55068E-01    1.30609E+00    1.69424E+00    1.77177E+00    2.34728E+00
    5.25000E+00    2.40067E+01    4.93877E+00    5.00000E-01    1.88144E+00   -3.60381E-01    1.32347E+00    1.77177E+00    1.95196E+00    2.43351E+00
    5.75000E+00    2.80591E+01    4.05236E+00    1.00000E+00    1.40952E+00   -2.84891E-01    1.15254E+00    1.37569E+00    1.51814E+00    1.95196E+00
    6.25000E+00    3.22016E+01    4.14253E+00    1.00000E+00    1.32561E+00   -1.57906E-01    1.14047E+00    1.51814E+00    1.59709E+00    2.08837E+00
    6.75000E+00    3.71128E+01    4.91122E+00    1.00000E+00    1.45518E+00   -1.42536E-01    1.19786E+00    1.59709E+00    1.66836E+00    2.19602E+00
    7.25000E+00    4.30627E+01    5.94983E+00    1.00000E+00    1.64133E+00   -2.04747E-01    1.26468E+00    1.66836E+00    1.77073E+00    2.30070E+00
    7.75000E+00    5.04027E+01    7.34000E+00    1.00000E+00    1.89419E+00   -4.23475E-01    1.30953E+00    1.77073E+00    1.98247E+00    2.42550E+00
    8.25000E+00    5.66251E+01    6.22239E+00    1.50000E+00    1.50846E+00   -3.52791E-01    1.17643E+00    1.39425E+00    1.57065E+00    1.98247E+00
    8.75000E+00    6.31411E+01    6.51605E+00    1.50000E+00    1.48938E+00   -2.87995E-01    1.18593E+00    1.57065E+00    1.71465E+00    2.16362E+00
    9.25000E+00    7.12483E+01    8.10721E+00    1.50000E+00    1.75291E+00   -4.60357E-01    1.24136E+00    1.71465E+00    1.94482E+00    2.33533E+00
    9.75000E+00    7.80685E+01    6.82018E+00    2.00000E+00    1.39901E+00   -3.62331E-01    1.12593E+00    1.38186E+00    1.56302E+00    1.94482E+00
    1.02500E+01    8.54518E+01    7.38329E+00    2.00000E+00    1.44064E+00   -3.11583E-01    1.15912E+00    1.56302E+00    1.71881E+00    2.14258E+00
    1.07500E+01    9.49413E+01    9.48948E+00    2.00000E+00    1.76548E+00   -5.06211E-01    1.22851E+00    1.71881E+00    1.97192E+00    2.33307E+00
    1.12500E+01    1.03308E+02    8.36712E+00    2.50000E+00    1.48749E+00   -4.44236E-01    1.13584E+00    1.40400E+00    1.62612E+00    1.97192E+00
    1.17500E+01    1.12756E+02    9.44747E+00    2.50000E+00    1.60808E+00   -5.21789E-01    1.15578E+00    1.62612E+00    1.88701E+00    2.20400E+00
    1.22500E+01    1.20342E+02    7.58568E+00    3.00000E+00    1.23848E+00   -3.74226E-01    1.04806E+00    1.36298E+00    1.55009E+00    1.88701E+00
    1.27500E+01    1.29057E+02    8.71541E+00    3.00000E+00    1.36712E+00   -3.41468E-01    1.11827E+00    1.55009E+00    1.72083E+00    2.10923E+00
    1.32500E+01    1.40840E+02    1.17833E+01    3.00000E+00    1.77862E+00   -5.59731E-01    1.21050E+00    1.72083E+00    2.00069E+00    2.32608E+00
    1.37500E+01    1.51787E+02    1.09468E+01    3.50000E+00    1.59226E+00   -5.11973E-01    1.15332E+00    1.42403E+00    1.68002E+00    2.00069E+00
    1.42500E+01    1.64985E+02    1.31976E+01    3.50000E+00    1.85230E+00   -6.68612E-01    1.18543E+00    1.68002E+00    2.01432E+00    2.27274E+00
    1.47500E+01    1.77764E+02    1.27794E+01    4.00000E+00    1.73280E+00   -7.20110E-01    1.10193E+00    1.46336E+00    1.82342E+00    2.01432E+00
    1.52500E+01    1.86118E+02    8.35424E+00    4.50000E+00    1.09564E+00   -4.80697E-01    9.29822E-01    1.35851E+00    1.59886E+00    1.82342E+00
    1.57500E+01    1.97753E+02    1.16344E+01    4.50000E+00    1.47739E+00   -6.14367E-01    1.04878E+00    1.59886E+00    1.90604E+00    2.12325E+00
    1.62500E+01    2.08498E+02    1.07452E+01    5.00000E+00    1.32249E+00   -5.14307E-01    1.02858E+00    1.39175E+00    1.64890E+00    1.90604E+00
    1.67500E+01    2.22725E+02    1.42273E+01    5.00000E+00    1.69878E+00   -6.92702E-01    1.10406E+00    1.64890E+00    1.99525E+00    2.20093E+00
    1.72500E+01    2.37458E+02    1.47331E+01    5.50000E+00    1.70819E+00   -7.56178E-01    1.06601E+00    1.46225E+00    1.84034E+00    1.99525E+00
    1.77500E+01    2.47777E+02    1.03189E+01    6.00000E+00    1.16269E+00   -5.39554E-01    9.33582E-01    1.37355E+00    1.64332E+00    1.84034E+00
    1.82500E+01    2.63187E+02    1.54098E+01    6.00000E+00    1.68874E+00   -7.50579E-01    1.06084E+00    1.64332E+00    2.01861E+00    2.17374E+00
    1.87500E+01    2.80792E+02    1.76047E+01    6.50000E+00    1.87784E+00   -8.68525E-01    1.05995E+00    1.48863E+00    1.92290E+00    2.01861E+00
    1.92500E+01    2.96260E+02    1.54678E+01    7.00000E+00    1.60704E+00   -8.52023E-01    9.38668E-01    1.45356E+00    1.87958E+00    1.92290E+00
    1.97500E+01    3.10919E+02    1.46599E+01    7.50000E+00    1.48455E+00   -8.35392E-01    8.86942E-01    1.43610E+00    1.85380E+00    1.87958E+00
    2.02500E+01    3.25216E+02    1.42961E+01    8.00000E+00    1.41196E+00   -8.23067E-01    8.57044E-01    1.42528E+00    1.83681E+00    1.85380E+00
    2.07500E+01    3.39379E+02    1.41630E+01    8.50000E+00    1.36511E+00   -8.14719E-01    8.37460E-01    1.41808E+00    1.82544E+00    1.83681E+00
    2.12500E+01    3.53566E+02    1.41871E+01    9.00000E+00    1.33526E+00   -8.10009E-01    8.24101E-01    1.41339E+00    1.81840E+00    1.82544E+00
    2.17500E+01    3.67911E+02    1.43450E+01    9.50000E+00    1.31908E+00   -8.08997E-01    8.15233E-01    1.41078E+00    1.81528E+00    1.81840E+00
    2.22500E+01    3.82553E+02    1.46418E+01    1.00000E+01    1.31612E+00   -8.12288E-01    8.10128E-01    1.41021E+00    1.81636E+00    1.81528E+00
    2.27500E+01    3.97666E+02    1.51132E+01    1.05000E+01    1.32863E+00   -8.21433E-01    8.08628E-01    1.41204E+00    1.82276E+00    1.81636E+00
    2.32500E+01    4.13517E+02    1.58515E+01    1.10000E+01    1.36357E+00   -8.40171E-01    8.10974E-01    1.41727E+00    1.83736E+00    1.82276E+00
    2.37500E+01    4.30629E+02    1.71123E+01    1.15000E+01    1.44104E+00   -8.79126E-01    8.17420E-01    1.42865E+00    1.86821E+00    1.83736E+00
    2.42500E+01    4.50564E+02    1.99350E+01    1.20000E+01    1.64412E+00   -9.82570E-01    8.23820E-01    1.45630E+00    1.94759E+00    1.86821E+00
    2.47500E+01    4.62610E+02    1.20460E+01    1.30000E+01    9.73414E-01   -8.46873E-01    5.06181E-01    1.34172E+00    1.76515E+00    1.59481E+00
    2.52366E+01    4.79149E+02    1.65388E+01    1.35000E+01    1.38513E+00   -9.49047E-01    6.96015E-01    1.41714E+00    1.86617E+00    1.76515E+00
    2.57122E+01    4.90355E+02    1.12052E+01    1.45000E+01    9.11414E-01   -8.39347E-01    4.54873E-01    1.31962E+00    1.72095E+00    1.54706E+00
    2.61929E+01    5.07210E+02    1.68558E+01    1.50000E+01    1.33175E+00   -9.54589E-01    6.48464E-01    1.39672E+00    1.85800E+00    1.72095E+00
    2.66787E+01    5.20900E+02    1.36901E+01    1.60000E+01    1.05080E+00   -9.25589E-01    4.40553E-01    1.34023E+00    1.79223E+00    1.56051E+00
    2.71696E+01    5.34061E+02    1.31605E+01    1.70000E+01    9.81495E-01   -9.02632E-01    4.08351E-01    1.32767E+00    1.77313E+00    1.53184E+00
    2.76657E+01    5.47859E+02    1.37983E+01    1.80000E+01    1.00000E+00   -9.18611E-01    3.95166E-01    1.32944E+00    1.78759E+00    1.52702E+00
    2.81671E+01    5.58478E+02    1.06187E+01    1.95000E+01    7.47943E-01   -8.10961E-01    3.00474E-01    1.27948E+00    1.68823E+00    1.42972E+00
    2.86738E+01    5.71016E+02    1.25382E+01    2.05000E+01    8.58440E-01   -8.56571E-01    3.53166E-01    1.30512E+00    1.74144E+00    1.48171E+00
    2.91859E+01    5.81993E+02    1.09769E+01    2.20000E+01    7.30612E-01   -8.05948E-01    2.84710E-01    1.27561E+00    1.69049E+00    1.41796E+00
    2.97034E+01    5.92280E+02    1.02868E+01    2.35000E+01    6.65694E-01   -7.69980E-01    2.69860E-01    1.26337E+00    1.66394E+00    1.39830E+00
    3.02264E+01    6.02061E+02    9.78133E+00    2.50000E+01    6.15508E-01   -7.39626E-01    2.61649E-01    1.25420E+00    1.64306E+00    1.38502E+00
    3.07549E+01    6.11846E+02    9.78502E+00    2.64345E+01    5.98811E-01   -7.26083E-01    2.67609E-01    1.24549E+00    1.63128E+00    1.37345E+00
    3.12891E+01    6.21284E+02    9.43826E+00    2.79151E+01    5.61775E-01   -7.04268E-01    2.56479E-01    1.24391E+00    1.62207E+00    1.37049E+00
    3.18289E+01    6.29815E+02    8.53059E+00    2.94433E+01    4.93903E-01   -6.58698E-01    2.44989E-01    1.23580E+00    1.59324E+00    1.36060E+00
    3.23744E+01    6.40468E+02    1.06534E+01    3.04893E+01    6.00052E-01   -7.16435E-01    2.94573E-01    1.26906E+00    1.66195E+00    1.42231E+00
    3.29257E+01    6.50156E+02    9.68771E+00    3.21002E+01    5.30898E-01   -6.88551E-01    2.38318E-01    1.25292E+00    1.63452E+00    1.38088E+00
    3.34829E+01    6.59291E+02    9.13507E+00    3.37629E+01    4.87120E-01   -6.61784E-01    2.21725E-01    1.24754E+00    1.61819E+00    1.37042E+00
    3.40459E+01    6.67487E+02    8.19583E+00    3.54790E+01    4.25300E-01   -6.17444E-01    2.09910E-01    1.23796E+00    1.58745E+00    1.35803E+00
    3.46149E+01    6.77520E+02    1.00330E+01    3.66536E+01    5.06704E-01   -6.65485E-01    2.52653E-01    1.26880E+00    1.64947E+00    1.41640E+00
    3.51900E+01    6.86485E+02    8.96458E+00    3.84627E+01    4.40676E-01   -6.32518E-01    2.01488E-01    1.25075E+00    1.61640E+00    1.37224E+00
    3.57711E+01    6.94398E+02    7.91363E+00    4.03298E+01    3.78680E-01   -5.86085E-01    1.87575E-01    1.23861E+00    1.58101E+00    1.35535E+00
    3.63584E+01    7.03847E+02    9.44849E+00    4.16078E+01    4.40156E-01   -6.23966E-01    2.25438E-01    1.26625E+00    1.63464E+00    1.40954E+00
    3.69520E+01    7.11674E+02    7.82776E+00    4.35761E+01    3.55034E-01   -5.68408E-01    1.78737E-01    1.24059E+00    1.57973E+00    1.35785E+00
    3.75518E+01    7.20510E+02    8.83580E+00    4.49233E+01    3.90217E-01   -5.87112E-01    2.13346E-01    1.26160E+00    1.61562E+00    1.40455E+00
    3.81580E+01    7.30426E+02    9.91531E+00    4.62992E+01    4.26415E-01   -6.15546E-01    2.17986E-01    1.27731E+00    1.65241E+00    1.42648E+00
    3.87706E+01    7.38567E+02    8.14120E+00    4.84182E+01    3.40972E-01   -5.59761E-01    1.66249E-01    1.24844E+00    1.59316E+00    1.36586E+00
    3.93897E+01    7.48000E+02    9.43373E+00    4.98686E+01    3.84817E-01   -5.88300E-01    1.96774E-01    1.27252E+00    1.63865E+00    1.41446E+00
    4.00154E+01    7.55693E+02    7.69221E+00    5.21023E+01    3.05632E-01   -5.31328E-01    1.52715E-01    1.24418E+00    1.57836E+00    1.35788E+00
    4.06477E+01    7.64128E+02    8.43526E+00    5.36312E+01    3.26481E-01   -5.41493E-01    1.82391E-01    1.26158E+00    1.60577E+00    1.40028E+00
    4.12867E+01    7.72980E+02    8.85246E+00    5.51927E+01    3.33787E-01   -5.46990E-01    1.85982E-01    1.26926E+00    1.62063E+00    1.41370E+00
    4.19324E+01    7.82222E+02    9.24191E+00    5.67875E+01    3.39506E-01   -5.52419E-01    1.85310E-01    1.27570E+00    1.63432E+00    1.42268E+00
    4.25851E+01    7.92169E+02    9.94678E+00    5.84162E+01    3.56026E-01   -5.68131E-01    1.82355E-01    1.28563E+00    1.65836E+00    1.43336E+00
    4.32446E+01    8.00086E+02    7.91649E+00    6.09247E+01    2.76108E-01   -5.07799E-01    1.35083E-01    1.25207E+00    1.58875E+00    1.36502E+00
    4.39111E+01    8.08623E+02    8.53741E+00    6.26416E+01    2.90168E-01   -5.14110E-01    1.60808E-01    1.26739E+00    1.61186E+00    1.40471E+00
    4.45847E+01    8.17433E+02    8.81030E+00    6.43951E+01    2.91826E-01   -5.15096E-01    1.62795E-01    1.27288E+00    1.62168E+00    1.41486E+00
    4.52654E+01    8.26409E+02    8.97534E+00    6.61860E+01    2.89750E-01   -5.13573E-01    1.61225E-01    1.27618E+00    1.62763E+00    1.41978E+00
    4.59534E+01    8.35502E+02    9.09299E+00    6.80151E+01    2.86121E-01   -5.10842E-01    1.58623E-01    1.27861E+00    1.63190E+00    1.42291E+00
    4.66486E+01    8.44685E+02    9.18384E+00    6.98831E+01    2.81687E-01   -5.07417E-01    1.55612E-01    1.28059E+00    1.63523E+00    1.42517E+00
    4.73512E+01    8.53942E+02    9.25633E+00    7.17909E+01    2.76764E-01   -5.03523E-01    1.52409E-01    1.28226E+00    1.63791E+00    1.42688E+00
    4.80613E+01    8.63256E+02    9.31396E+00    7.37395E+01    2.71495E-01   -4.99261E-01    1.49109E-01    1.28370E+00    1.64007E+00    1.42821E+00
    4.87789E+01    8.72613E+02    9.35747E+00    7.57295E+01    2.65931E-01   -4.94658E-01    1.45757E-01    1.28492E+00    1.64175E+00    1.42919E+00
    4.95041E+01    8.81999E+02    9.38527E+00    7.77619E+01    2.60058E-01   -4.89681E-01    1.42374E-01    1.28590E+00    1.64289E+00    1.42982E+00
    5.02370E+01    8.91391E+02    9.39261E+00    7.98377E+01    2.53774E-01   -4.84213E-01    1.38967E-01    1.28658E+00    1.64332E+00    1.43005E+00
    5.09776E+01    9.00760E+02    9.36836E+00    8.19577E+01    2.46825E-01   -4.77970E-01    1.35536E-01    1.28680E+00    1.64267E+00    1.42971E+00
    5.17261E+01    9.10044E+02    9.28422E+00    8.41229E+01    2.38540E-01   -4.70204E-01    1.32094E-01    1.28616E+00    1.63996E+00    1.42841E+00
    5.24825E+01    9.19090E+02    9.04625E+00    8.63342E+01    2.26673E-01   -4.58346E-01    1.28812E-01    1.28335E+00    1.63189E+00    1.42502E+00
    5.32470E+01    9.27205E+02    8.11530E+00    8.85927E+01    1.98325E-01   -4.26506E-01    1.28131E-01    1.27078E+00    1.59854E+00    1.41470E+00
    5.40195E+01    9.39224E+02    1.20188E+01    8.97399E+01    2.86482E-01   -4.84631E-01    2.27189E-01    1.34064E+00    1.71701E+00    1.59854E+00
    5.48003E+01    9.49622E+02    1.03981E+01    9.20710E+01    2.41758E-01   -4.73006E-01    1.34250E-01    1.30529E+00    1.67653E+00    1.46094E+00
    5.55893E+01    9.59623E+02    1.00010E+01    9.44517E+01    2.26821E-01   -4.59841E-01    1.23964E-01    1.29897E+00    1.66371E+00    1.44576E+00
    5.63867E+01    9.69239E+02    9.61630E+00    9.68832E+01    2.12756E-01   -4.45632E-01    1.19030E-01    1.29381E+00    1.65102E+00    1.43775E+00
    5.71925E+01    9.77817E+02    8.57767E+00    9.93664E+01    1.85140E-01   -4.13888E-01    1.17632E-01    1.27973E+00    1.61501E+00    1.42502E+00
    5.80069E+01    9.90354E+02    1.25364E+01    1.00628E+02    2.63989E-01   -4.67717E-01    2.12672E-01    1.34956E+00    1.73246E+00    1.61501E+00
    5.88299E+01    1.00108E+03    1.07248E+01    1.03191E+02    2.20345E-01   -4.53205E-01    1.22273E-01    1.31177E+00    1.68673E+00    1.46765E+00
    5.96616E+01    1.01118E+03    1.01062E+01    1.05809E+02    2.02593E-01   -4.35780E-01    1.12645E-01    1.30247E+00    1.66683E+00    1.44913E+00
    6.05022E+01    1.02013E+03    8.94052E+00    1.08482E+02    1.74882E-01   -4.03397E-01    1.10240E-01    1.28654E+00    1.62741E+00    1.43313E+00
    6.13516E+01    1.03304E+03    1.29103E+01    1.09840E+02    2.46425E-01   -4.53422E-01    2.02073E-01    1.35586E+00    1.74305E+00    1.62741E+00
    6.22101E+01    1.04386E+03    1.08266E+01    1.12600E+02    2.01663E-01   -4.34370E-01    1.13952E-01    1.31464E+00    1.68950E+00    1.47104E+00
    6.30777E+01    1.05328E+03    9.41908E+00    1.15418E+02    1.71218E-01   -3.99714E-01    1.06990E-01    1.29473E+00    1.64334E+00    1.44470E+00
    6.39544E+01    1.06677E+03    1.34849E+01    1.16849E+02    2.39228E-01   -4.47677E-01    1.97010E-01    1.36426E+00    1.75883E+00    1.64334E+00
    6.48405E+01    1.07801E+03    1.12474E+01    1.19758E+02    1.94743E-01   -4.27573E-01    1.09198E-01    1.32126E+00    1.70211E+00    1.47925E+00
    6.57359E+01    1.08778E+03    9.76770E+00    1.22729E+02    1.65070E-01   -3.93212E-01    1.02244E-01    1.30059E+00    1.65454E+00    1.45166E+00
    6.66409E+01    1.10168E+03    1.39006E+01    1.24238E+02    2.29294E-01   -4.39399E-01    1.90322E-01    1.37035E+00    1.77007E+00    1.65454E+00
    6.75554E+01    1.11323E+03    1.15440E+01    1.27304E+02    1.85873E-01   -4.18391E-01    1.04029E-01    1.32606E+00    1.71071E+00    1.48471E+00
    6.84796E+01    1.12318E+03    9.95912E+00    1.30436E+02    1.56531E-01   -3.83488E-01    9.73021E-02    1.30408E+00    1.66038E+00    1.45564E+00
    6.94136E+01    1.13718E+03    1.39953E+01    1.32027E+02    2.14733E-01   -4.25714E-01    1.83030E-01    1.37228E+00    1.77200E+00    1.66038E+00
    7.03575E+01    1.14798E+03    1.08014E+01    1.35259E+02    1.61790E-01   -3.89323E-01    1.01079E-01    1.31752E+00    1.68695E+00    1.48001E+00
    7.13115E+01    1.16306E+03    1.50803E+01    1.36901E+02    2.20523E-01   -4.31652E-01    1.84930E-01    1.38650E+00    1.80043E+00    1.68695E+00
    7.22755E+01    1.17542E+03    1.23586E+01    1.40237E+02    1.76441E-01   -4.08514E-01    9.77613E-02    1.33809E+00    1.73399E+00    1.50030E+00
    7.32498E+01    1.18603E+03    1.06128E+01    1.43644E+02    1.47934E-01   -3.73731E-01    9.08761E-02    1.31444E+00    1.68047E+00    1.46844E+00
    7.42343E+01    1.20080E+03    1.47697E+01    1.45375E+02    2.01017E-01   -4.13330E-01    1.73710E-01    1.38297E+00    1.79207E+00    1.68047E+00
    7.52294E+01    1.21210E+03    1.12975E+01    1.48892E+02    1.50134E-01   -3.75909E-01    9.39479E-02    1.32536E+00    1.70137E+00    1.48969E+00
    7.62349E+01    1.22762E+03    1.55190E+01    1.50678E+02    2.01380E-01   -4.13405E-01    1.74575E-01    1.39278E+00    1.81068E+00    1.70137E+00
    7.72512E+01    1.23938E+03    1.17580E+01    1.54308E+02    1.48990E-01   -3.74708E-01    9.26498E-02    1.33204E+00    1.71484E+00    1.49930E+00
    7.82782E+01    1.25546E+03    1.60872E+01    1.56152E+02    1.99061E-01   -4.11425E-01    1.72598E-01    1.39994E+00    1.82470E+00    1.71484E+00
    7.93160E+01    1.26763E+03    1.21690E+01    1.59898E+02    1.47049E-01   -3.72566E-01    9.07959E-02    1.33784E+00    1.72656E+00    1.50702E+00
    8.03649E+01    1.28424E+03    1.66062E+01    1.61801E+02    1.95971E-01   -4.08724E-01    1.70044E-01    1.40635E+00    1.83731E+00    1.72656E+00
    8.14249E+01    1.29680E+03    1.25622E+01    1.65668E+02    1.44783E-01   -3.69999E-01    8.87927E-02    1.34329E+00    1.73756E+00    1.51406E+00
    8.24962E+01    1.31391E+03    1.71046E+01    1.67632E+02    1.92534E-01   -4.05646E-01    1.67288E-01    1.41241E+00    1.84925E+00    1.73756E+00
    8.35788E+01    1.32685E+03    1.29455E+01    1.71624E+02    1.42323E-01   -3.67149E-01    8.67403E-02    1.34853E+00    1.74810E+00    1.52071E+00
    8.46728E+01    1.34444E+03    1.75884E+01    1.73651E+02    1.88866E-01   -4.02277E-01    1.64436E-01    1.41823E+00    1.86067E+00    1.74810E+00
    8.57785E+01    1.35776E+03    1.33168E+01    1.77770E+02    1.39673E-01   -3.64012E-01    8.46701E-02    1.35355E+00    1.75815E+00    1.52702E+00
    8.68959E+01    1.37581E+03    1.80509E+01    1.79863E+02    1.84932E-01   -3.98555E-01    1.61512E-01    1.42373E+00    1.87142E+00    1.75815E+00
    8.80251E+01    1.38947E+03    1.36619E+01    1.84115E+02    1.36722E-01   -3.60418E-01    8.25885E-02    1.35818E+00    1.76732E+00    1.53283E+00
    8.91663E+01    1.40793E+03    1.84642E+01    1.86274E+02    1.80503E-01   -3.94186E-01    1.58493E-01    1.42861E+00    1.88083E+00    1.76732E+00
    9.03196E+01    1.42186E+03    1.39289E+01    1.90663E+02    1.33018E-01   -3.55722E-01    8.04993E-02    1.36181E+00    1.77423E+00    1.53751E+00
    9.14851E+01    1.44058E+03    1.87168E+01    1.92892E+02    1.74613E-01   -3.87935E-01    1.55306E-01    1.43165E+00    1.88619E+00    1.77423E+00
    9.26630E+01    1.45438E+03    1.37984E+01    1.97421E+02    1.25759E-01   -3.45772E-01    7.87479E-02    1.36065E+00    1.77008E+00    1.53806E+00
    9.38534E+01    1.47217E+03    1.77924E+01    1.99722E+02    1.58424E-01   -3.67421E-01    1.53057E-01    1.42162E+00    1.86129E+00    1.77008E+00
    9.50564E+01    1.49377E+03    2.15997E+01    2.02047E+02    1.87899E-01   -3.97704E-01    1.72425E-01    1.46457E+00    1.94552E+00    1.86129E+00
    9.62721E+01    1.50933E+03    1.55595E+01    2.06772E+02    1.32244E-01   -3.54901E-01    7.93002E-02    1.38257E+00    1.81631E+00    1.56891E+00
    9.75007E+01    1.53003E+03    2.06990E+01    2.09172E+02    1.71886E-01   -3.85446E-01    1.52701E-01    1.45369E+00    1.92975E+00    1.81631E+00
    9.87424E+01    1.54522E+03    1.51862E+01    2.14048E+02    1.23216E-01   -3.42728E-01    7.58496E-02    1.37819E+00    1.80598E+00    1.56216E+00
    9.99972E+01    1.56470E+03    1.94891E+01    2.16525E+02    1.54506E-01   -3.63760E-01    1.48944E-01    1.44091E+00    1.89976E+00    1.80598E+00
    1.01265E+02    1.58825E+03    2.35468E+01    2.19029E+02    1.82403E-01   -3.92842E-01    1.67567E-01    1.48469E+00    1.98548E+00    1.89976E+00
    1.02547E+02    1.60521E+03    1.69588E+01    2.24115E+02    1.28367E-01   -3.50160E-01    7.58651E-02    1.39924E+00    1.85036E+00    1.59117E+00
    1.03842E+02    1.62766E+03    2.24535E+01    2.26699E+02    1.66078E-01   -3.79743E-01    1.47897E-01    1.47224E+00    1.96665E+00    1.85036E+00
    1.05151E+02    1.64412E+03    1.64588E+01    2.31949E+02    1.18962E-01   -3.37221E-01    7.24192E-02    1.39360E+00    1.83730E+00    1.58270E+00
    1.06474E+02    1.66513E+03    2.10077E+01    2.34616E+02    1.48382E-01   -3.57303E-01    1.43931E-01    1.45750E+00    1.93260E+00    1.83730E+00
    1.07810E+02    1.69032E+03    2.51890E+01    2.37311E+02    1.73866E-01   -3.84292E-01    1.61821E-01    1.50106E+00    2.01747E+00    1.93260E+00
    1.09161E+02    1.70805E+03    1.77332E+01    2.42787E+02    1.19620E-01   -3.38155E-01    7.25996E-02    1.40864E+00    1.86787E+00    1.60637E+00
    1.10526E+02    1.73055E+03    2.24941E+01    2.45569E+02    1.48289E-01   -3.57381E-01    1.43414E-01    1.47312E+00    1.96361E+00    1.86787E+00
    1.11906E+02    1.75739E+03    2.68390E+01    2.48380E+02    1.72918E-01   -3.83570E-01    1.60598E-01    1.51688E+00    2.04889E+00    1.96361E+00
    1.13301E+02    1.77624E+03    1.88596E+01    2.54092E+02    1.18754E-01   -3.37145E-01    7.13226E-02    1.42121E+00    1.89379E+00    1.62384E+00
    1.14710E+02    1.80012E+03    2.38713E+01    2.56993E+02    1.46907E-01   -3.56146E-01    1.41661E-01    1.48707E+00    1.99156E+00    1.89379E+00
    1.16134E+02    1.82854E+03    2.84218E+01    2.59926E+02    1.70955E-01   -3.81864E-01    1.58541E-01    1.53156E+00    2.07822E+00    1.99156E+00
    1.17573E+02    1.84852E+03    1.99823E+01    2.65884E+02    1.17476E-01   -3.35552E-01    6.98618E-02    1.43336E+00    1.91882E+00    1.64038E+00
    1.19027E+02    1.87377E+03    2.52468E+01    2.68910E+02    1.45075E-01   -3.54362E-01    1.39651E-01    1.50060E+00    2.01870E+00    1.91882E+00
    1.20497E+02    1.90377E+03    3.00004E+01    2.71969E+02    1.68500E-01   -3.79586E-01    1.56253E-01    1.54580E+00    2.10666E+00    2.01870E+00
    1.21982E+02    1.92486E+03    2.10896E+01    2.78183E+02    1.15783E-01   -3.33334E-01    6.83458E-02    1.44504E+00    1.94278E+00    1.65629E+00
    1.23484E+02    1.95143E+03    2.65771E+01    2.81340E+02    1.42624E-01   -3.51745E-01    1.37474E-01    1.51335E+00    2.04415E+00    1.94278E+00
    1.25001E+02    1.98290E+03    3.14692E+01    2.84531E+02    1.65077E-01   -3.76076E-01    1.53767E-01    1.55873E+00    2.13227E+00    2.04415E+00
    1.26534E+02    2.00483E+03    2.19283E+01    2.91013E+02    1.12443E-01   -3.28587E-01    6.68833E-02    1.45383E+00    1.96026E+00    1.66948E+00
    1.28083E+02    2.03210E+03    2.72691E+01    2.94306E+02    1.36689E-01   -3.44129E-01    1.35145E-01    1.51991E+00    2.05591E+00    1.96026E+00
    1.29649E+02    2.06319E+03    3.10932E+01    2.97634E+02    1.52360E-01   -3.59542E-01    1.51952E-01    1.55556E+00    2.12150E+00    2.05591E+00
    1.31231E+02    2.09882E+03    3.56266E+01    3.00997E+02    1.70660E-01   -3.81491E-01    1.58508E-01    1.59402E+00    2.20088E+00    2.12150E+00
    1.32831E+02    2.12347E+03    2.46524E+01    3.07830E+02    1.15446E-01   -3.33173E-01    6.66416E-02    1.48064E+00    2.01625E+00    1.70713E+00
    1.34447E+02    2.15436E+03    3.08895E+01    3.11301E+02    1.41416E-01   -3.50980E-01    1.35015E-01    1.55251E+00    2.12274E+00    2.01625E+00
    1.36080E+02    2.19075E+03    3.63852E+01    3.14809E+02    1.62850E-01   -3.74372E-01    1.50652E-01    1.59980E+00    2.21447E+00    2.12274E+00
    1.37731E+02    2.21610E+03    2.53549E+01    3.21937E+02    1.10946E-01   -3.26789E-01    6.44551E-02    1.48738E+00    2.02962E+00    1.71588E+00
    1.39399E+02    2.24751E+03    3.14104E+01    3.25558E+02    1.34374E-01   -3.42023E-01    1.31887E-01    1.55711E+00    2.13064E+00    2.02962E+00
    1.41084E+02    2.28319E+03    3.56768E+01    3.29217E+02    1.49220E-01   -3.56742E-01    1.48171E-01    1.59416E+00    2.19871E+00    2.13064E+00
    1.42788E+02    2.32386E+03    4.06714E+01    3.32915E+02    1.66317E-01   -3.77463E-01    1.54400E-01    1.63376E+00    2.28020E+00    2.19871E+00
    1.44510E+02    2.35178E+03    2.79209E+01    3.40428E+02    1.11633E-01   -3.27915E-01    6.40694E-02    1.51115E+00    2.07869E+00    1.75058E+00
    1.46250E+02    2.38624E+03    3.44629E+01    3.44245E+02    1.34722E-01   -3.42773E-01    1.31259E-01    1.58297E+00    2.18252E+00    2.07869E+00
    1.48008E+02    2.42528E+03    3.90312E+01    3.48102E+02    1.49186E-01   -3.57111E-01    1.47167E-01    1.62083E+00    2.25208E+00    2.18252E+00
    1.49785E+02    2.46966E+03    4.43834E+01    3.52000E+02    1.65873E-01   -3.77387E-01    1.53140E-01    1.66140E+00    2.33556E+00    2.25208E+00
    1.51581E+02    2.50013E+03    3.04697E+01    3.59921E+02    1.11344E-01   -3.27678E-01    6.30209E-02    1.53356E+00    2.12512E+00    1.78182E+00
    1.53396E+02    2.53767E+03    3.75369E+01    3.63944E+02    1.34125E-01   -3.42407E-01    1.29932E-01    1.60785E+00    2.23256E+00    2.12512E+00
    1.55230E+02    2.58010E+03    4.24297E+01    3.68010E+02    1.48245E-01   -3.56428E-01    1.45617E-01    1.64670E+00    2.30388E+00    2.23256E+00
    1.57084E+02    2.62822E+03    4.81255E+01    3.72119E+02    1.64419E-01   -3.76143E-01    1.51444E-01    1.68812E+00    2.38900E+00    2.30388E+00
    1.58957E+02    2.66114E+03    3.29194E+01    3.80468E+02    1.09977E-01   -3.25799E-01    6.19015E-02    1.55431E+00    2.16782E+00    1.81136E+00
    1.60850E+02    2.70144E+03    4.02999E+01    3.84709E+02    1.31653E-01   -3.39398E-01    1.28305E-01    1.62937E+00    2.27526E+00    2.16782E+00
    1.62763E+02    2.74642E+03    4.49799E+01    3.88995E+02    1.43692E-01   -3.50733E-01    1.43797E-01    1.66540E+00    2.33995E+00    2.27526E+00
    1.64696E+02    2.79565E+03    4.92322E+01    3.93327E+02    1.53799E-01   -3.62233E-01    1.50289E-01    1.69580E+00    2.39984E+00    2.33995E+00
    1.66650E+02    2.85081E+03    5.51541E+01    3.97704E+02    1.68493E-01   -3.80766E-01    1.53329E-01    1.73570E+00    2.48361E+00    2.39984E+00
    1.68625E+02    2.88848E+03    3.76713E+01    4.06599E+02    1.12543E-01   -3.29777E-01    6.15688E-02    1.59220E+00    2.24682E+00    1.86457E+00
    1.70621E+02    2.93471E+03    4.62271E+01    4.11117E+02    1.35057E-01   -3.44364E-01    1.28337E-01    1.67307E+00    2.36389E+00    2.24682E+00
    1.72637E+02    2.98679E+03    5.20860E+01    4.15683E+02    1.48819E-01   -3.58034E-01    1.43633E-01    1.71494E+00    2.44080E+00    2.36389E+00
    1.74675E+02    3.04568E+03    5.88887E+01    4.20297E+02    1.64548E-01   -3.77212E-01    1.49196E-01    1.75958E+00    2.53242E+00    2.44080E+00
    1.76735E+02    3.08606E+03    4.03777E+01    4.29673E+02    1.10340E-01   -3.26702E-01    6.00485E-02    1.61283E+00    2.28928E+00    1.89285E+00
    1.78817E+02    3.13534E+03    4.92830E+01    4.34436E+02    1.31711E-01   -3.40275E-01    1.26191E-01    1.69458E+00    2.40661E+00    2.28928E+00
    1.80920E+02    3.19020E+03    5.48558E+01    4.39249E+02    1.43381E-01   -3.51281E-01    1.41360E-01    1.73336E+00    2.47620E+00    2.40661E+00
    1.83046E+02    3.25005E+03    5.98570E+01    4.44113E+02    1.53014E-01   -3.62249E-01    1.47612E-01    1.76572E+00    2.53988E+00    2.47620E+00
    1.85194E+02    3.31682E+03    6.67654E+01    4.49029E+02    1.66924E-01   -3.79845E-01    1.50473E-01    1.80796E+00    2.62833E+00    2.53988E+00
    1.87366E+02    3.36218E+03    4.53655E+01    4.59017E+02    1.10931E-01   -3.27688E-01    5.95982E-02    1.64911E+00    2.36434E+00    1.94519E+00
    1.89560E+02    3.41728E+03    5.50909E+01    4.64091E+02    1.31756E-01   -3.40548E-01    1.25631E-01    1.73361E+00    2.48478E+00    2.36434E+00
    1.91777E+02    3.47817E+03    6.08900E+01    4.69218E+02    1.42432E-01   -3.50266E-01    1.40518E-01    1.77183E+00    2.55263E+00    2.48478E+00
    1.94018E+02    3.54376E+03    6.55912E+01    4.74400E+02    1.50066E-01   -3.58561E-01    1.46629E-01    1.80079E+00    2.60856E+00    2.55263E+00
    1.96283E+02    3.61440E+03    7.06471E+01    4.79637E+02    1.58093E-01   -3.68177E-01    1.50128E-01    1.83061E+00    2.66883E+00    2.60856E+00
    1.98572E+02    3.69270E+03    7.82940E+01    4.84929E+02    1.71369E-01   -3.85110E-01    1.51852E-01    1.87361E+00    2.75968E+00    2.66883E+00
    2.00885E+02    3.74589E+03    5.31899E+01    4.95683E+02    1.13874E-01   -3.32184E-01    5.93908E-02    1.70189E+00    2.47428E+00    2.01953E+00
    2.03222E+02    3.81051E+03    6.46186E+01    5.01145E+02    1.35316E-01   -3.45603E-01    1.25993E-01    1.79328E+00    2.60539E+00    2.47428E+00
    2.05585E+02    3.88217E+03    7.16598E+01    5.06665E+02    1.46780E-01   -3.56288E-01    1.40851E-01    1.83601E+00    2.68210E+00    2.60539E+00
    2.07972E+02    3.96011E+03    7.79461E+01    5.12244E+02    1.56168E-01   -3.66893E-01    1.46827E-01    1.87157E+00    2.75209E+00    2.68210E+00
    2.10385E+02    4.04676E+03    8.66447E+01    5.17882E+02    1.69806E-01   -3.84007E-01    1.49481E-01    1.91816E+00    2.84951E+00    2.75209E+00
    2.12823E+02    4.10569E+03    5.89342E+01    5.29338E+02    1.12978E-01   -3.31027E-01    5.83033E-02    1.73836E+00    2.54973E+00    2.07055E+00
    2.15287E+02    4.17697E+03    7.12773E+01    5.35157E+02    1.33659E-01   -3.43721E-01    1.24560E-01    1.83250E+00    2.68392E+00    2.54973E+00
    2.17777E+02    4.25537E+03    7.84053E+01    5.41038E+02    1.43820E-01   -3.52760E-01    1.39215E-01    1.87381E+00    2.75687E+00    2.68392E+00
    2.20294E+02    4.33924E+03    8.38640E+01    5.46981E+02    1.50481E-01   -3.59752E-01    1.45118E-01    1.90346E+00    2.81357E+00    2.75687E+00
    2.22837E+02    4.42836E+03    8.91251E+01    5.52987E+02    1.56437E-01   -3.66582E-01    1.48511E-01    1.93095E+00    2.86818E+00    2.81357E+00
    2.25407E+02    4.52364E+03    9.52797E+01    5.59057E+02    1.63599E-01   -3.75285E-01    1.50867E-01    1.96205E+00    2.93169E+00    2.86818E+00
    2.28005E+02    4.62863E+03    1.04993E+02    5.65191E+02    1.76354E-01   -3.91470E-01    1.52003E-01    2.00907E+00    3.03125E+00    2.93169E+00
    2.30629E+02    4.69985E+03    7.12160E+01    5.77655E+02    1.17018E-01   -3.37048E-01    5.84537E-02    1.81048E+00    2.69989E+00    2.17285E+00
    2.33282E+02    4.78591E+03    8.60610E+01    5.83986E+02    1.38336E-01   -3.50100E-01    1.25563E-01    1.91325E+00    2.84690E+00    2.69989E+00
    2.35963E+02    4.88067E+03    9.47591E+01    5.90385E+02    1.49007E-01   -3.59641E-01    1.40235E-01    1.95903E+00    2.92828E+00    2.84690E+00
    2.38673E+02    4.98241E+03    1.01741E+02    5.96851E+02    1.56511E-01   -3.67649E-01    1.46102E-01    1.99347E+00    2.99480E+00    2.92828E+00
    2.41411E+02    5.09163E+03    1.09214E+02    6.03386E+02    1.64359E-01   -3.76886E-01    1.49388E-01    2.02883E+00    3.06621E+00    2.99480E+00
    2.44178E+02    5.21213E+03    1.20499E+02    6.09990E+02    1.77407E-01   -3.93223E-01    1.50940E-01    2.07985E+00    3.17367E+00    3.06621E+00
    2.46974E+02    5.29407E+03    8.19400E+01    6.23409E+02    1.18021E-01   -3.38653E-01    5.77476E-02    1.86863E+00    2.82064E+00    2.25404E+00
    2.49800E+02    5.39287E+03    9.88055E+01    6.30225E+02    1.39227E-01   -3.51572E-01    1.24995E-01    1.97757E+00    2.97638E+00    2.82064E+00
    2.52656E+02    5.50131E+03    1.08442E+02    6.37113E+02    1.49493E-01   -3.60568E-01    1.39584E-01    2.02493E+00    3.06015E+00    2.97638E+00
    2.55543E+02    5.61709E+03    1.15774E+02    6.44075E+02    1.56144E-01   -3.67440E-01    1.45368E-01    2.05878E+00    3.12491E+00    3.06015E+00
    2.58459E+02    5.73990E+03    1.22814E+02    6.51110E+02    1.62051E-01   -3.74105E-01    1.48649E-01    2.09008E+00    3.18706E+00    3.12491E+00
    2.61407E+02    5.87093E+03    1.31026E+02    6.58220E+02    1.69145E-01   -3.82588E-01    1.50901E-01    2.12542E+00    3.25916E+00    3.18706E+00
    2.64386E+02    6.01490E+03    1.43971E+02    6.65405E+02    1.81834E-01   -3.98431E-01    1.51945E-01    2.17884E+00    3.37205E+00    3.25916E+00
    2.67397E+02    6.11262E+03    9.77259E+01    6.80005E+02    1.20757E-01   -3.42698E-01    5.75784E-02    1.94765E+00    2.98482E+00    2.36575E+00
    2.70439E+02    6.23016E+03    1.17537E+02    6.87421E+02    1.42097E-01   -3.55504E-01    1.25356E-01    2.06491E+00    3.15225E+00    2.98482E+00
    2.73514E+02    6.35879E+03    1.28632E+02    6.94916E+02    1.52150E-01   -3.64122E-01    1.39875E-01    2.11491E+00    3.24041E+00    3.15225E+00
    2.76622E+02    6.49561E+03    1.36815E+02    7.02490E+02    1.58332E-01   -3.70336E-01    1.45543E-01    2.14959E+00    3.30644E+00    3.24041E+00
    2.79762E+02    6.63987E+03    1.44263E+02    7.10145E+02    1.63346E-01   -3.75808E-01    1.48709E-01    2.18008E+00    3.36646E+00    3.30644E+00
    2.82936E+02    6.79195E+03    1.52076E+02    7.17881E+02    1.68475E-01   -3.81700E-01    1.50931E-01    2.21115E+00    3.42890E+00    3.36646E+00
    2.86143E+02    6.95356E+03    1.61617E+02    7.25698E+02    1.75181E-01   -3.89715E-01    1.52654E-01    2.24802E+00    3.50453E+00    3.42890E+00
    2.89384E+02    7.13061E+03    1.77050E+02    7.33599E+02    1.87770E-01   -4.05267E-01    1.53391E-01    2.30536E+00    3.62586E+00    3.50453E+00
    2.92660E+02    7.25072E+03    1.20104E+02    7.49652E+02    1.24629E-01   -3.48295E-01    5.76134E-02    2.04928E+00    3.19617E+00    2.50928E+00
    2.95970E+02    7.39487E+03    1.44149E+02    7.57807E+02    1.46356E-01   -3.61141E-01    1.26227E-01    2.17766E+00    3.37945E+00    3.19617E+00
    2.99315E+02    7.55229E+03    1.57424E+02    7.66047E+02    1.56390E-01   -3.69563E-01    1.40758E-01    2.23165E+00    3.47451E+00    3.37945E+00
    3.02696E+02    7.71931E+03    1.67022E+02    7.74376E+02    1.62350E-01   -3.75408E-01    1.46354E-01    2.26843E+00    3.54433E+00    3.47451E+00
    3.06113E+02    7.89482E+03    1.75502E+02    7.82792E+02    1.66920E-01   -3.80251E-01    1.49429E-01    2.29985E+00    3.60591E+00    3.54433E+00
    3.09566E+02    8.07876E+03    1.83945E+02    7.91298E+02    1.71184E-01   -3.84985E-01    1.51560E-01    2.33030E+00    3.66664E+00    3.60591E+00
    3.13055E+02    8.27198E+03    1.93217E+02    7.99894E+02    1.75943E-01   -3.90449E-01    1.53274E-01    2.36293E+00    3.73260E+00    3.66664E+00
    3.16582E+02    8.47681E+03    2.04832E+02    8.08581E+02    1.82508E-01   -3.98212E-01    1.54709E-01    2.40274E+00    3.81445E+00    3.73260E+00
    3.20146E+02    8.70072E+03    2.23911E+02    8.17360E+02    1.95217E-01   -4.13655E-01    1.55262E-01    2.46568E+00    3.94768E+00    3.81445E+00
    3.23748E+02    8.85268E+03    1.51963E+02    8.35198E+02    1.29641E-01   -3.55382E-01    5.78322E-02    2.17869E+00    3.46541E+00    2.69179E+00
    3.27387E+02    9.03477E+03    1.82081E+02    8.44260E+02    1.51997E-01   -3.68405E-01    1.27573E-01    2.32156E+00    3.66957E+00    3.46541E+00
    3.31066E+02    9.23331E+03    1.98541E+02    8.53417E+02    1.62177E-01   -3.76772E-01    1.42197E-01    2.38110E+00    3.77434E+00    3.66957E+00
    3.34783E+02    9.44360E+03    2.10292E+02    8.62671E+02    1.68086E-01   -3.82428E-01    1.47768E-01    2.42118E+00    3.85033E+00    3.77434E+00
    3.38540E+02    9.66409E+03    2.20493E+02    8.72024E+02    1.72456E-01   -3.86935E-01    1.50790E-01    2.45486E+00    3.91617E+00    3.85033E+00
    3.42337E+02    9.89446E+03    2.30364E+02    8.81475E+02    1.76309E-01   -3.91082E-01    1.52853E-01    2.48663E+00    3.97926E+00    3.91617E+00
    3.46174E+02    1.01351E+04    2.40658E+02    8.91027E+02    1.80236E-01   -3.95432E-01    1.54498E-01    2.51901E+00    4.04425E+00    3.97926E+00
    3.50051E+02    1.03874E+04    2.52257E+02    9.00680E+02    1.84871E-01   -4.00689E-01    1.55946E-01    2.55469E+00    4.11658E+00    4.04425E+00
    3.53970E+02    1.06544E+04    2.67008E+02    9.10435E+02    1.91485E-01   -4.08370E-01    1.57222E-01    2.59891E+00    4.20762E+00    4.11658E+00
    3.57930E+02    1.09458E+04    2.91455E+02    9.20294E+02    2.04537E-01   -4.23884E-01    1.57667E-01    2.66952E+00    4.35704E+00    4.20762E+00
    3.61932E+02    1.11440E+04    1.98130E+02    9.40326E+02    1.36063E-01   -3.64238E-01    5.82589E-02    2.34400E+00    3.80943E+00    2.92445E+00
    3.65977E+02    1.13811E+04    2.37134E+02    9.50502E+02    1.59360E-01   -3.77621E-01    1.29468E-01    2.50584E+00    4.04122E+00    3.80943E+00
    3.70064E+02    1.16395E+04    2.58372E+02    9.60785E+02    1.69913E-01   -3.86130E-01    1.44280E-01    2.57309E+00    4.15971E+00    4.04122E+00
    3.74195E+02    1.19130E+04    2.73503E+02    9.71178E+02    1.76013E-01   -3.91849E-01    1.49891E-01    2.61831E+00    4.24550E+00    4.15971E+00
    3.78370E+02    1.21996E+04    2.86623E+02    9.81680E+02    1.80507E-01   -3.96387E-01    1.52920E-01    2.65629E+00    4.31978E+00    4.24550E+00
    3.82589E+02    1.24989E+04    2.99304E+02    9.92294E+02    1.84460E-01   -4.00551E-01    1.54979E-01    2.69209E+00    4.39087E+00    4.31978E+00
    3.86852E+02    1.28114E+04    3.12514E+02    1.00302E+03    1.88480E-01   -4.04910E-01    1.56616E-01    2.72855E+00    4.46401E+00    4.39087E+00
    3.91161E+02    1.31388E+04    3.27379E+02    1.01386E+03    1.93222E-01   -4.10173E-01    1.58053E-01    2.76867E+00    4.54533E+00    4.46401E+00
    3.95516E+02    1.34850E+04    3.46259E+02    1.02482E+03    1.99996E-01   -4.17870E-01    1.59313E-01    2.81835E+00    4.64754E+00    4.54533E+00
    3.99916E+02    1.38626E+04    3.77537E+02    1.03589E+03    2.13400E-01   -4.33458E-01    1.59732E-01    2.89767E+00    4.81520E+00    4.64754E+00
    4.04363E+02    1.41195E+04    2.56960E+02    1.05838E+03    1.42141E-01   -3.72436E-01    5.85821E-02    2.52893E+00    4.19398E+00    3.18438E+00
    4.08858E+02    1.44266E+04    3.07028E+02    1.06981E+03    1.66208E-01   -3.86023E-01    1.31127E-01    2.71131E+00    4.45540E+00    4.19398E+00
    4.13400E+02    1.47605E+04    3.33954E+02    1.08136E+03    1.76922E-01   -3.94442E-01    1.46073E-01    2.78622E+00    4.58723E+00    4.45540E+00
    4.17990E+02    1.51133E+04    3.52800E+02    1.09303E+03    1.82915E-01   -3.99890E-01    1.51666E-01    2.83577E+00    4.68101E+00    4.58723E+00
    4.22629E+02    1.54821E+04    3.68747E+02    1.10482E+03    1.87102E-01   -4.03970E-01    1.54628E-01    2.87643E+00    4.76025E+00    4.68101E+00
    4.27317E+02    1.58657E+04    3.83624E+02    1.11674E+03    1.90495E-01   -4.07402E-01    1.56584E-01    2.91346E+00    4.83344E+00    4.76025E+00
    4.32054E+02    1.62640E+04    3.98276E+02    1.12879E+03    1.93551E-01   -4.10561E-01    1.58083E-01    2.94920E+00    4.90456E+00    4.83344E+00
    4.36842E+02    1.66772E+04    4.13238E+02    1.14096E+03    1.96538E-01   -4.13694E-01    1.59358E-01    2.98500E+00    4.97617E+00    4.90456E+00
    4.41681E+02    1.71062E+04    4.29008E+02    1.15326E+03    1.99686E-01   -4.17033E-01    1.60527E-01    3.02202E+00    5.05055E+00    4.97617E+00
    4.46571E+02    1.75525E+04    4.46260E+02    1.16570E+03    2.03287E-01   -4.20896E-01    1.61659E-01    3.06177E+00    5.13078E+00    5.05055E+00
    4.51513E+02    1.80187E+04    4.66258E+02    1.17826E+03    2.07869E-01   -4.25875E-01    1.62785E-01    3.10692E+00    5.22260E+00    5.13078E+00
    4.56507E+02    1.85109E+04    4.92153E+02    1.19096E+03    2.14736E-01   -4.33465E-01    1.63843E-01    3.16400E+00    5.34021E+00    5.22260E+00
    4.61554E+02    1.90465E+04    5.35614E+02    1.20379E+03    2.28719E-01   -4.49208E-01    1.64110E-01    3.25639E+00    5.53555E+00    5.34021E+00
    4.66655E+02    1.94114E+04    3.64905E+02    1.22986E+03    1.52503E-01   -3.85927E-01    5.96896E-02    2.81924E+00    4.79809E+00    3.59332E+00
    4.71809E+02    1.98468E+04    4.35415E+02    1.24311E+03    1.78095E-01   -3.99985E-01    1.34563E-01    3.03453E+00    5.10719E+00    4.79809E+00
    4.77019E+02    2.03199E+04    4.73107E+02    1.25649E+03    1.89391E-01   -4.08579E-01    1.49848E-01    3.12250E+00    5.26214E+00    5.10719E+00
    4.82283E+02    2.08193E+04    4.99364E+02    1.27002E+03    1.95646E-01   -4.14077E-01    1.55520E-01    3.18048E+00    5.37190E+00    5.26214E+00
    4.87604E+02    2.13408E+04    5.21491E+02    1.28369E+03    1.99966E-01   -4.18144E-01    1.58499E-01    3.22789E+00    5.46428E+00    5.37190E+00
    4.92980E+02    2.18828E+04    5.42029E+02    1.29751E+03    2.03419E-01   -4.21515E-01    1.60449E-01    3.27089E+00    5.54921E+00    5.46428E+00
    4.98414E+02    2.24449E+04    5.62118E+02    1.31147E+03    2.06469E-01   -4.24557E-01    1.61929E-01    3.31212E+00    5.63120E+00    5.54921E+00
    5.03905E+02    2.30274E+04    5.82420E+02    1.32558E+03    2.09376E-01   -4.27493E-01    1.63174E-01    3.35301E+00    5.71289E+00    5.63120E+00
    5.09455E+02    2.36308E+04    6.03462E+02    1.33984E+03    2.12327E-01   -4.30501E-01    1.64302E-01    3.39464E+00    5.79632E+00    5.71289E+00
    5.15063E+02    2.42567E+04    6.25837E+02    1.35425E+03    2.15517E-01   -4.33781E-01    1.65380E-01    3.43812E+00    5.88374E+00    5.79632E+00
    5.20731E+02    2.49071E+04    6.50449E+02    1.36881E+03    2.19231E-01   -4.37634E-01    1.66454E-01    3.48506E+00    5.97857E+00    5.88374E+00
    5.26459E+02    2.55862E+04    6.79077E+02    1.38353E+03    2.24015E-01   -4.42655E-01    1.67544E-01    3.53859E+00    6.08744E+00    5.97857E+00
    5.32248E+02    2.63024E+04    7.16229E+02    1.39840E+03    2.31250E-01   -4.50369E-01    1.68575E-01    3.60643E+00    6.22718E+00    6.08744E+00
    5.38097E+02    2.70811E+04    7.78680E+02    1.41343E+03    2.46072E-01   -4.66451E-01    1.68805E-01    3.71645E+00    6.45956E+00    6.22718E+00
    5.44009E+02    2.76125E+04    5.31456E+02    1.44398E+03    1.64378E-01   -4.00832E-01    6.09291E-02    3.19261E+00    5.57481E+00    4.11815E+00
    5.49984E+02    2.82459E+04    6.33367E+02    1.45949E+03    1.91739E-01   -4.15433E-01    1.38398E-01    3.45018E+00    5.94533E+00    5.57481E+00
    5.56022E+02    2.89334E+04    6.87499E+02    1.47517E+03    2.03707E-01   -4.24223E-01    1.54083E-01    3.55485E+00    6.12980E+00    5.94533E+00
    5.62124E+02    2.96584E+04    7.24952E+02    1.49101E+03    2.10244E-01   -4.29755E-01    1.59857E-01    3.62344E+00    6.25962E+00    6.12980E+00
    5.68291E+02    3.04146E+04    7.56268E+02    1.50703E+03    2.14670E-01   -4.33760E-01    1.62859E-01    3.67913E+00    6.36807E+00    6.25962E+00
    5.74523E+02    3.11997E+04    7.85058E+02    1.52321E+03    2.18113E-01   -4.36984E-01    1.64797E-01    3.72920E+00    6.46685E+00    6.36807E+00
    5.80821E+02    3.20126E+04    8.12865E+02    1.53956E+03    2.21047E-01   -4.39785E-01    1.66241E-01    3.77663E+00    6.56103E+00    6.46685E+00
    5.87186E+02    3.28530E+04    8.40480E+02    1.55609E+03    2.23708E-01   -4.42353E-01    1.67427E-01    3.82290E+00    6.65325E+00    6.56103E+00
    5.93618E+02    3.37214E+04    8.68389E+02    1.57279E+03    2.26234E-01   -4.44806E-01    1.68469E-01    3.86888E+00    6.74509E+00    6.65325E+00
    6.00118E+02    3.46184E+04    8.96948E+02    1.58967E+03    2.28718E-01   -4.47227E-01    1.69429E-01    3.91516E+00    6.83768E+00    6.74509E+00
    6.06688E+02    3.55448E+04    9.26481E+02    1.60673E+03    2.31240E-01   -4.49690E-01    1.70348E-01    3.96225E+00    6.93201E+00    6.83768E+00
    6.13327E+02    3.65022E+04    9.57348E+02    1.62397E+03    2.33878E-01   -4.52273E-01    1.71253E-01    4.01067E+00    7.02915E+00    6.93201E+00
    6.20036E+02    3.74922E+04    9.90030E+02    1.64139E+03    2.36736E-01   -4.55077E-01    1.72166E-01    4.06109E+00    7.13048E+00    7.02915E+00
    6.26817E+02    3.85175E+04    1.02527E+03    1.65900E+03    2.39968E-01   -4.58259E-01    1.73108E-01    4.11456E+00    7.23817E+00    7.13048E+00
    6.33669E+02    3.95819E+04    1.06442E+03    1.67679E+03    2.43851E-01   -4.62105E-01    1.74096E-01    4.17289E+00    7.35611E+00    7.23817E+00
    6.40594E+02    4.06922E+04    1.11026E+03    1.69478E+03    2.48963E-01   -4.67217E-01    1.75133E-01    4.23988E+00    7.49242E+00    7.35611E+00
    6.47593E+02    4.18622E+04    1.17002E+03    1.71295E+03    2.56808E-01   -4.75169E-01    1.76132E-01    4.32519E+00    7.66816E+00    7.49242E+00
    6.54665E+02    4.31330E+04    1.27080E+03    1.73131E+03    2.73019E-01   -4.91865E-01    1.76317E-01    4.46400E+00    7.96112E+00    7.66816E+00
    6.61813E+02    4.40022E+04    8.69163E+02    1.76863E+03    1.82778E-01   -4.22836E-01    6.31472E-02    3.79955E+00    6.83773E+00    4.97156E+00
    6.69036E+02    4.50370E+04    1.03480E+03    1.78759E+03    2.13002E-01   -4.38300E-01    1.44554E-01    4.12637E+00    7.30905E+00    6.83773E+00
    6.76336E+02    4.61594E+04    1.12248E+03    1.80674E+03    2.26160E-01   -4.47513E-01    1.60912E-01    4.25888E+00    7.54290E+00    7.30905E+00
    6.83713E+02    4.73425E+04    1.18303E+03    1.82610E+03    2.33313E-01   -4.53273E-01    1.66903E-01    4.34561E+00    7.70717E+00    7.54290E+00
    6.91169E+02    4.85760E+04    1.23356E+03    1.84567E+03    2.38131E-01   -4.57416E-01    1.70005E-01    4.41595E+00    7.84419E+00    7.70717E+00
    6.98703E+02    4.98559E+04    1.27992E+03    1.86544E+03    2.41852E-01   -4.60727E-01    1.71998E-01    4.47908E+00    7.96874E+00    7.84419E+00
    7.06318E+02    5.11805E+04    1.32457E+03    1.88542E+03    2.44994E-01   -4.63574E-01    1.73475E-01    4.53875E+00    8.08719E+00    7.96874E+00
    7.14013E+02    5.25493E+04    1.36875E+03    1.90562E+03    2.47810E-01   -4.66151E-01    1.74681E-01    4.59676E+00    8.20275E+00    8.08719E+00
    7.21790E+02    5.39624E+04    1.41316E+03    1.92602E+03    2.50440E-01   -4.68571E-01    1.75730E-01    4.65412E+00    8.31725E+00    8.20275E+00
    7.29649E+02    5.54207E+04    1.45828E+03    1.94665E+03    2.52971E-01   -4.70906E-01    1.76688E-01    4.71147E+00    8.43188E+00    8.31725E+00
    7.37591E+02    5.69252E+04    1.50448E+03    1.96749E+03    2.55466E-01   -4.73210E-01    1.77591E-01    4.76925E+00    8.54750E+00    8.43188E+00
    7.45618E+02    5.84772E+04    1.55206E+03    1.98855E+03    2.57974E-01   -4.75526E-01    1.78464E-01    4.82785E+00    8.66483E+00    8.54750E+00
    7.53729E+02    6.00786E+04    1.60136E+03    2.00984E+03    2.60543E-01   -4.77897E-01    1.79325E-01    4.88762E+00    8.78461E+00    8.66483E+00
    7.61927E+02    6.17314E+04    1.65278E+03    2.03135E+03    2.63225E-01   -4.80373E-01    1.80188E-01    4.94899E+00    8.90768E+00    8.78461E+00
    7.70212E+02    6.34382E+04    1.70683E+03    2.05309E+03    2.66090E-01   -4.83016E-01    1.81067E-01    5.01249E+00    9.03516E+00    8.90768E+00
    7.78584E+02    6.52025E+04    1.76430E+03    2.07506E+03    2.69237E-01   -4.85923E-01    1.81977E-01    5.07890E+00    9.16868E+00    9.03516E+00
    7.87045E+02    6.70290E+04    1.82644E+03    2.09727E+03    2.72831E-01   -4.89252E-01    1.82931E-01    5.14953E+00    9.31098E+00    9.16868E+00
    7.95596E+02    6.89245E+04    1.89558E+03    2.11971E+03    2.77178E-01   -4.93298E-01    1.83944E-01    5.22673E+00    9.46707E+00    9.31098E+00
    8.04237E+02    7.09012E+04    1.97662E+03    2.14238E+03    2.82923E-01   -4.98691E-01    1.85016E-01    5.31547E+00    9.64760E+00    9.46707E+00
    8.12970E+02    7.29835E+04    2.08230E+03    2.16530E+03    2.91755E-01   -5.07089E-01    1.86052E-01    5.42850E+00    9.88028E+00    9.64760E+00
    8.21796E+02    7.52438E+04    2.26032E+03    2.18846E+03    3.10011E-01   -5.24716E-01    1.86237E-01    5.61220E+00    1.02676E+01    9.88028E+00
    8.30715E+02    7.67939E+04    1.55010E+03    2.23552E+03    2.08113E-01   -4.51365E-01    6.61982E-02    4.73324E+00    8.78027E+00    6.28267E+00
    8.39729E+02    7.86379E+04    1.84399E+03    2.25943E+03    2.42344E-01   -4.67981E-01    1.52766E-01    5.16675E+00    9.40724E+00    8.78027E+00
    8.48838E+02    8.06371E+04    1.99925E+03    2.28358E+03    2.57203E-01   -4.77794E-01    1.70046E-01    5.34233E+00    9.71763E+00    9.40724E+00
    8.58044E+02    8.27435E+04    2.10635E+03    2.30800E+03    2.65263E-01   -4.83903E-01    1.76354E-01    5.45726E+00    9.93546E+00    9.71763E+00
    8.67347E+02    8.49391E+04    2.19566E+03    2.33267E+03    2.70674E-01   -4.88276E-01    1.79611E-01    5.55041E+00    1.01170E+01    9.93546E+00
    8.76749E+02    8.72166E+04    2.27746E+03    2.35761E+03    2.74834E-01   -4.91751E-01    1.81700E-01    5.63392E+00    1.02817E+01    1.01170E+01
    8.86251E+02    8.95727E+04    2.35607E+03    2.38280E+03    2.78322E-01   -4.94717E-01    1.83242E-01    5.71270E+00    1.04381E+01    1.02817E+01
    8.95853E+02    9.20063E+04    2.43363E+03    2.40827E+03    2.81419E-01   -4.97374E-01    1.84494E-01    5.78909E+00    1.05903E+01    1.04381E+01
    9.05558E+02    9.45176E+04    2.51130E+03    2.43401E+03    2.84276E-01   -4.99837E-01    1.85577E-01    5.86436E+00    1.07404E+01    1.05903E+01
    9.15365E+02    9.71074E+04    2.58983E+03    2.46001E+03    2.86983E-01   -5.02175E-01    1.86556E-01    5.93927E+00    1.08901E+01    1.07404E+01
    9.25276E+02    9.97771E+04    2.66972E+03    2.48630E+03    2.89596E-01   -5.04432E-01    1.87468E-01    6.01430E+00    1.10401E+01    1.08901E+01
    9.35292E+02    1.02528E+05    2.75132E+03    2.51286E+03    2.92156E-01   -5.06641E-01    1.88337E-01    6.08979E+00    1.11911E+01    1.10401E+01
    9.45414E+02    1.05363E+05    2.83496E+03    2.53971E+03    2.94690E-01   -5.08824E-01    1.89177E-01    6.16600E+00    1.13436E+01    1.11911E+01
    9.55643E+02    1.08284E+05    2.92088E+03    2.56683E+03    2.97221E-01   -5.11000E-01    1.90000E-01    6.24312E+00    1.14980E+01    1.13436E+01
    9.65981E+02    1.11294E+05    3.00935E+03    2.59425E+03    2.99768E-01   -5.13184E-01    1.90815E-01    6.32135E+00    1.16546E+01    1.14980E+01
    9.76429E+02    1.14394E+05    3.10063E+03    2.62196E+03    3.02351E-01   -5.15393E-01    1.91626E-01    6.40085E+00    1.18138E+01    1.16546E+01
    9.86987E+02    1.17589E+05    3.19499E+03    2.64996E+03    3.04987E-01   -5.17642E-01    1.92441E-01    6.48183E+00    1.19761E+01    1.18138E+01
    9.97657E+02    1.20882E+05    3.29277E+03    2.67826E+03    3.07697E-01   -5.19948E-01    1.93264E-01    6.56449E+00    1.21417E+01    1.19761E+01
    1.00844E+03    1.24276E+05    3.39438E+03    2.70685E+03    3.10509E-01   -5.22335E-01    1.94101E-01    6.64909E+00    1.23113E+01    1.21417E+01
    1.01934E+03    1.27777E+05    3.50033E+03    2.73576E+03    3.13455E-01   -5.24831E-01    1.94957E-01    6.73597E+00    1.24855E+01    1.23113E+01
    1.03035E+03    1.31388E+05    3.61135E+03    2.76496E+03    3.16584E-01   -5.27476E-01    1.95839E-01    6.82562E+00    1.26654E+01    1.24855E+01
    1.04148E+03    1.35117E+05    3.72846E+03    2.79448E+03    3.19967E-01   -5.30334E-01    1.96757E-01    6.91871E+00    1.28524E+01    1.26654E+01
    1.05273E+03    1.38970E+05    3.85329E+03    2.82431E+03    3.23714E-01   -5.33499E-01    1.97719E-01    7.01634E+00    1.30487E+01    1.28524E+01
    1.06410E+03    1.42958E+05    3.98851E+03    2.85445E+03    3.28018E-01   -5.37141E-01    1.98740E-01    7.12035E+00    1.32582E+01    1.30487E+01
    1.07558E+03    1.47097E+05    4.13911E+03    2.88492E+03    3.33236E-01   -5.41574E-01    1.99832E-01    7.23414E+00    1.34883E+01    1.32582E+01
    1.08719E+03    1.51413E+05    4.31567E+03    2.91571E+03    3.40135E-01   -5.47482E-01    2.00994E-01    7.36496E+00    1.37544E+01    1.34883E+01
    1.09893E+03    1.55959E+05    4.54575E+03    2.94682E+03    3.50726E-01   -5.56663E-01    2.02120E-01    7.53143E+00    1.40968E+01    1.37544E+01
    1.11078E+03    1.60891E+05    4.93255E+03    2.97827E+03    3.72558E-01   -5.75864E-01    2.02331E-01    7.80138E+00    1.46653E+01    1.40968E+01
    1.12276E+03    1.64285E+05    3.39315E+03    3.04216E+03    2.50892E-01   -4.95778E-01    7.13808E-02    6.51481E+00    1.24868E+01    8.78314E+00
    1.13487E+03    1.68319E+05    4.03392E+03    3.07462E+03    2.91993E-01   -5.14200E-01    1.66105E-01    7.15237E+00    1.34119E+01    1.24868E+01
    1.14711E+03    1.72691E+05    4.37236E+03    3.10741E+03    3.09830E-01   -5.25015E-01    1.84903E-01    7.41084E+00    1.38697E+01    1.34119E+01
    1.15948E+03    1.77297E+05    4.60610E+03    3.14056E+03    3.19524E-01   -5.31747E-01    1.91755E-01    7.58035E+00    1.41914E+01    1.38697E+01
    1.17198E+03    1.82098E+05    4.80120E+03    3.17406E+03    3.26050E-01   -5.36572E-01    1.95297E-01    7.71795E+00    1.44597E+01    1.41914E+01
    1.18461E+03    1.87078E+05    4.97999E+03    3.20791E+03    3.31076E-01   -5.40408E-01    1.97573E-01    7.84140E+00    1.47033E+01    1.44597E+01
    1.19737E+03    1.92230E+05    5.15180E+03    3.24212E+03    3.35293E-01   -5.43682E-01    1.99257E-01    7.95786E+00    1.49345E+01    1.47033E+01
    1.21027E+03    1.97551E+05    5.32121E+03    3.27670E+03    3.39034E-01   -5.46611E-01    2.00625E-01    8.07075E+00    1.51594E+01    1.49345E+01
    1.22331E+03    2.03042E+05    5.49073E+03    3.31164E+03    3.42476E-01   -5.49317E-01    2.01809E-01    8.18190E+00    1.53811E+01    1.51594E+01
    1.23649E+03    2.08704E+05    5.66190E+03    3.34695E+03    3.45725E-01   -5.51875E-01    2.02877E-01    8.29238E+00    1.56018E+01    1.53811E+01
    1.24980E+03    2.14540E+05    5.83574E+03    3.38264E+03    3.48846E-01   -5.54331E-01    2.03869E-01    8.40286E+00    1.58226E+01    1.56018E+01
    1.26326E+03    2.20552E+05    6.01294E+03    3.41870E+03    3.51880E-01   -5.56716E-01    2.04811E-01    8.51379E+00    1.60445E+01    1.58226E+01
    1.27686E+03    2.26747E+05    6.19407E+03    3.45515E+03    3.54858E-01   -5.59052E-01    2.05717E-01    8.62550E+00    1.62679E+01    1.60445E+01
    1.29060E+03    2.33126E+05    6.37956E+03    3.49198E+03    3.57800E-01   -5.61353E-01    2.06598E-01    8.73820E+00    1.64934E+01    1.62679E+01
    1.30449E+03    2.39696E+05    6.56978E+03    3.52920E+03    3.60722E-01   -5.63633E-01    2.07461E-01    8.85208E+00    1.67214E+01    1.64934E+01
    1.31852E+03    2.46461E+05    6.76506E+03    3.56682E+03    3.63635E-01   -5.65898E-01    2.08313E-01    8.96729E+00    1.69519E+01    1.67214E+01
    1.33271E+03    2.53427E+05    6.96571E+03    3.60484E+03    3.66550E-01   -5.68158E-01    2.09157E-01    9.08393E+00    1.71854E+01    1.69519E+01
    1.34704E+03    2.60599E+05    7.17202E+03    3.64326E+03    3.69474E-01   -5.70417E-01    2.09996E-01    9.20213E+00    1.74221E+01    1.71854E+01
    1.36153E+03    2.67983E+05    7.38427E+03    3.68208E+03    3.72413E-01   -5.72680E-01    2.10834E-01    9.32196E+00    1.76620E+01    1.74221E+01
    1.37617E+03    2.75586E+05    7.60276E+03    3.72132E+03    3.75374E-01   -5.74952E-01    2.11671E-01    9.44353E+00    1.79054E+01    1.76620E+01
    1.39097E+03    2.83413E+05    7.82778E+03    3.76098E+03    3.78362E-01   -5.77237E-01    2.12509E-01    9.56692E+00    1.81525E+01    1.79054E+01
    1.40592E+03    2.91473E+05    8.05964E+03    3.80105E+03    3.81384E-01   -5.79539E-01    2.13351E-01    9.69222E+00    1.84034E+01    1.81525E+01
    1.42103E+03    2.99772E+05    8.29868E+03    3.84155E+03    3.84444E-01   -5.81862E-01    2.14198E-01    9.81952E+00    1.86583E+01    1.84034E+01
    1.43630E+03    3.08317E+05    8.54526E+03    3.88248E+03    3.87550E-01   -5.84212E-01    2.15051E-01    9.94892E+00    1.89175E+01    1.86583E+01
    1.45173E+03    3.17117E+05    8.79976E+03    3.92384E+03    3.90709E-01   -5.86593E-01    2.15911E-01    1.00805E+01    1.91811E+01    1.89175E+01
    1.46733E+03    3.26179E+05    9.06264E+03    3.96564E+03    3.93928E-01   -5.89011E-01    2.16781E-01    1.02145E+01    1.94494E+01    1.91811E+01
    1.48309E+03    3.35514E+05    9.33440E+03    4.00789E+03    3.97218E-01   -5.91473E-01    2.17662E-01    1.03510E+01    1.97228E+01    1.94494E+01
    1.49902E+03    3.45130E+05    9.61564E+03    4.05058E+03    4.00591E-01   -5.93990E-01    2.18557E-01    1.04901E+01    2.00016E+01    1.97228E+01
    1.51512E+03    3.55037E+05    9.90707E+03    4.09372E+03    4.04064E-01   -5.96572E-01    2.19467E-01    1.06322E+01    2.02863E+01    2.00016E+01
    1.53139E+03    3.65246E+05    1.02096E+04    4.13732E+03    4.07658E-01   -5.99236E-01    2.20396E-01    1.07775E+01    2.05775E+01    2.02863E+01
    1.54783E+03    3.75771E+05    1.05244E+04    4.18139E+03    4.11402E-01   -6.02002E-01    2.21348E-01    1.09263E+01    2.08759E+01    2.05775E+01
    1.56444E+03    3.86623E+05    1.08529E+04    4.22592E+03    4.15336E-01   -6.04902E-01    2.22327E-01    1.10794E+01    2.11829E+01    2.08759E+01
    1.58123E+03    3.97821E+05    1.11973E+04    4.27092E+03    4.19519E-01   -6.07979E-01    2.23340E-01    1.12374E+01    2.14999E+01    2.11829E+01
    1.59820E+03    4.09381E+05    1.15607E+04    4.31640E+03    4.24041E-01   -6.11300E-01    2.24395E-01    1.14015E+01    2.18294E+01    2.14999E+01
    1.61535E+03    4.21329E+05    1.19480E+04    4.36236E+03    4.29047E-01   -6.14976E-01    2.25504E-01    1.15735E+01    2.21754E+01    2.18294E+01
    1.63268E+03    4.33697E+05    1.23675E+04    4.40881E+03    4.34786E-01   -6.19195E-01    2.26680E-01    1.17568E+01    2.25445E+01    2.21754E+01
    1.65020E+03    4.46531E+05    1.28343E+04    4.45575E+03    4.41725E-01   -6.24316E-01    2.27936E-01    1.19571E+01    2.29493E+01    2.25445E+01
    1.66790E+03    4.59912E+05    1.33809E+04    4.50319E+03    4.50874E-01   -6.31117E-01    2.29270E-01    1.21870E+01    2.34168E+01    2.29493E+01
    1.68578E+03    4.74004E+05    1.40921E+04    4.55113E+03    4.64869E-01   -6.41646E-01    2.30563E-01    1.24791E+01    2.40173E+01    2.34168E+01
    1.70386E+03    4.89289E+05    1.52846E+04    4.59958E+03    4.93628E-01   -6.63590E-01    2.30817E-01    1.29515E+01    2.50107E+01    2.40173E+01
    1.72213E+03    4.99834E+05    1.05447E+04    4.69803E+03    3.33401E-01   -5.71725E-01    8.08202E-02    1.07066E+01    2.12065E+01    1.46639E+01
    1.74059E+03    5.12360E+05    1.25265E+04    4.74804E+03    3.87752E-01   -5.93120E-01    1.89631E-01    1.18231E+01    2.28314E+01    2.12065E+01
    1.75925E+03    5.25932E+05    1.35716E+04    4.79858E+03    4.11286E-01   -6.05580E-01    2.11088E-01    1.22755E+01    2.36342E+01    2.28314E+01
    1.77811E+03    5.40225E+05    1.42930E+04    4.84965E+03    4.24060E-01   -6.13309E-01    2.18887E-01    1.25723E+01    2.41979E+01    2.36342E+01
    1.79716E+03    5.55119E+05    1.48948E+04    4.90126E+03    4.32642E-01   -6.18832E-01    2.22911E-01    1.28132E+01    2.46679E+01    2.41979E+01
    1.81642E+03    5.70565E+05    1.54457E+04    4.95342E+03    4.39233E-01   -6.23206E-01    2.25493E-01    1.30292E+01    2.50943E+01    2.46679E+01
    1.83589E+03    5.86540E+05    1.59745E+04    5.00614E+03    4.44741E-01   -6.26922E-01    2.27398E-01    1.32328E+01    2.54984E+01    2.50943E+01
    1.85555E+03    6.03035E+05    1.64951E+04    5.05941E+03    4.49601E-01   -6.30227E-01    2.28942E-01    1.34299E+01    2.58909E+01    2.54984E+01
    1.87543E+03    6.20050E+05    1.70152E+04    5.11325E+03    4.54047E-01   -6.33263E-01    2.30270E-01    1.36236E+01    2.62774E+01    2.58909E+01
    1.89552E+03    6.37589E+05    1.75392E+04    5.16766E+03    4.58215E-01   -6.36113E-01    2.31463E-01    1.38159E+01    2.66613E+01    2.62774E+01
    1.91582E+03    6.55660E+05    1.80703E+04    5.22264E+03    4.62188E-01   -6.38828E-01    2.32565E-01    1.40078E+01    2.70447E+01    2.66613E+01
    1.93633E+03    6.74270E+05    1.86104E+04    5.27821E+03    4.66019E-01   -6.41443E-01    2.33603E-01    1.42000E+01    2.74291E+01    2.70447E+01
    1.95707E+03    6.93431E+05    1.91611E+04    5.33437E+03    4.69746E-01   -6.43981E-01    2.34594E-01    1.43932E+01    2.78154E+01    2.74291E+01
    1.97802E+03    7.13155E+05    1.97235E+04    5.39112E+03    4.73393E-01   -6.46459E-01    2.35550E-01    1.45876E+01    2.82043E+01    2.78154E+01
    1.99920E+03    7.33453E+05    2.02985E+04    5.44848E+03    4.76978E-01   -6.48888E-01    2.36479E-01    1.47835E+01    2.85962E+01    2.82043E+01
    2.02060E+03    7.54340E+05    2.08869E+04    5.50644E+03    4.80514E-01   -6.51276E-01    2.37387E-01    1.49811E+01    2.89917E+01    2.85962E+01
    2.04222E+03    7.75830E+05    2.14894E+04    5.56501E+03    4.84009E-01   -6.53630E-01    2.38278E-01    1.51806E+01    2.93908E+01    2.89917E+01
    2.06408E+03    7.97936E+05    2.21066E+04    5.62421E+03    4.87470E-01   -6.55954E-01    2.39154E-01    1.53821E+01    2.97940E+01    2.93908E+01
    2.08617E+03    8.20675E+05    2.27390E+04    5.68404E+03    4.90902E-01   -6.58251E-01    2.40018E-01    1.55856E+01    3.02013E+01    2.97940E+01
    2.10849E+03    8.44062E+05    2.33871E+04    5.74450E+03    4.94309E-01   -6.60523E-01    2.40870E-01    1.57912E+01    3.06128E+01    3.02013E+01
    2.13104E+03    8.68114E+05    2.40514E+04    5.80559E+03    4.97692E-01   -6.62772E-01    2.41713E-01    1.59991E+01    3.10288E+01    3.06128E+01
    2.15384E+03    8.92846E+05    2.47323E+04    5.86734E+03    5.01054E-01   -6.65000E-01    2.42548E-01    1.62092E+01    3.14492E+01    3.10288E+01
    2.17688E+03    9.18276E+05    2.54302E+04    5.92974E+03    5.04395E-01   -6.67206E-01    2.43374E-01    1.64215E+01    3.18742E+01    3.14492E+01
    2.20016E+03    9.44422E+05    2.61456E+04    5.99281E+03    5.07714E-01   -6.69391E-01    2.44192E-01    1.66362E+01    3.23038E+01    3.18742E+01
    2.22369E+03    9.71300E+05    2.68788E+04    6.05654E+03    5.11013E-01   -6.71556E-01    2.45002E-01    1.68532E+01    3.27381E+01    3.23038E+01
    2.24747E+03    9.98931E+05    2.76303E+04    6.12095E+03    5.14290E-01   -6.73699E-01    2.45805E-01    1.70725E+01    3.31770E+01    3.27381E+01
    2.27150E+03    1.02733E+06    2.84003E+04    6.18604E+03    5.17544E-01   -6.75820E-01    2.46600E-01    1.72942E+01    3.36207E+01    3.31770E+01
    2.29579E+03    1.05652E+06    2.91892E+04    6.25182E+03    5.20774E-01   -6.77919E-01    2.47387E-01    1.75182E+01    3.40690E+01    3.36207E+01
    2.32033E+03    1.08652E+06    2.99975E+04    6.31829E+03    5.23979E-01   -6.79994E-01    2.48167E-01    1.77445E+01    3.45220E+01    3.40690E+01
    2.34514E+03    1.11734E+06    3.08253E+04    6.38548E+03    5.27155E-01   -6.82045E-01    2.48938E-01    1.79732E+01    3.49797E+01    3.45220E+01
    2.37020E+03    1.14902E+06    3.16729E+04    6.45337E+03    5.30302E-01   -6.84070E-01    2.49700E-01    1.82043E+01    3.54420E+01    3.49797E+01
    2.39554E+03    1.18156E+06    3.25408E+04    6.52198E+03    5.33418E-01   -6.86069E-01    2.50454E-01    1.84376E+01    3.59089E+01    3.54420E+01
    2.42114E+03    1.21499E+06    3.34291E+04    6.59133E+03    5.36498E-01   -6.88039E-01    2.51198E-01    1.86733E+01    3.63805E+01    3.59089E+01
    2.44701E+03    1.24932E+06    3.43381E+04    6.66140E+03    5.39541E-01   -6.89979E-01    2.51933E-01    1.89112E+01    3.68565E+01    3.63805E+01
    2.47316E+03    1.28459E+06    3.52681E+04    6.73222E+03    5.42543E-01   -6.91887E-01    2.52657E-01    1.91513E+01    3.73371E+01    3.68565E+01
    2.49958E+03    1.32081E+06    3.62192E+04    6.80379E+03    5.45501E-01   -6.93761E-01    2.53370E-01    1.93936E+01    3.78220E+01    3.73371E+01
    2.52628E+03    1.35800E+06    3.71915E+04    6.87612E+03    5.48412E-01   -6.95601E-01    2.54072E-01    1.96381E+01    3.83112E+01    3.78220E+01
    2.55327E+03    1.39619E+06    3.81854E+04    6.94921E+03    5.51273E-01   -6.97402E-01    2.54761E-01    1.98848E+01    3.88046E+01    3.83112E+01
    2.58054E+03    1.43539E+06    3.92008E+04    7.02308E+03    5.54078E-01   -6.99164E-01    2.55437E-01    2.01334E+01    3.93021E+01    3.88046E+01
    2.60810E+03    1.47563E+06    4.02379E+04    7.09774E+03    5.56824E-01   -7.00883E-01    2.56099E-01    2.03841E+01    3.98036E+01    3.93021E+01
    2.63596E+03    1.51692E+06    4.12967E+04    7.17318E+03    5.59507E-01   -7.02558E-01    2.56747E-01    2.06367E+01    4.03089E+01    3.98036E+01
    2.66411E+03    1.55930E+06    4.23773E+04    7.24942E+03    5.62121E-01   -7.04185E-01    2.57380E-01    2.08911E+01    4.08180E+01    4.03089E+01
    2.69256E+03    1.60278E+06    4.34795E+04    7.32648E+03    5.64663E-01   -7.05763E-01    2.57996E-01    2.11474E+01    4.13305E+01    4.08180E+01
    2.72131E+03    1.64738E+06    4.46033E+04    7.40435E+03    5.67127E-01   -7.07288E-01    2.58595E-01    2.14053E+01    4.18465E+01    4.13305E+01
    2.75036E+03    1.69313E+06    4.57487E+04    7.48304E+03    5.69508E-01   -7.08757E-01    2.59175E-01    2.16648E+01    4.23656E+01    4.18465E+01
    2.77972E+03    1.74005E+06    4.69153E+04    7.56257E+03    5.71800E-01   -7.10167E-01    2.59736E-01    2.19259E+01    4.28877E+01    4.23656E+01
    2.80939E+03    1.78815E+06    4.81029E+04    7.64294E+03    5.73999E-01   -7.11516E-01    2.60277E-01    2.21883E+01    4.34125E+01    4.28877E+01
    2.83938E+03    1.83746E+06    4.93113E+04    7.72416E+03    5.76097E-01   -7.12799E-01    2.60796E-01    2.24520E+01    4.39399E+01    4.34125E+01
    2.86969E+03    1.88800E+06    5.05400E+04    7.80625E+03    5.78089E-01   -7.14013E-01    2.61293E-01    2.27168E+01    4.44695E+01    4.39399E+01
    2.90031E+03    1.93979E+06    5.17887E+04    7.88920E+03    5.79968E-01   -7.15155E-01    2.61765E-01    2.29827E+01    4.50011E+01    4.44695E+01
    2.93127E+03    1.99285E+06    5.30568E+04    7.97304E+03    5.81729E-01   -7.16222E-01    2.62213E-01    2.32494E+01    4.55344E+01    4.50011E+01
    2.96255E+03    2.04719E+06    5.43437E+04    8.05776E+03    5.83364E-01   -7.17208E-01    2.62634E-01    2.35168E+01    4.60690E+01    4.55344E+01
    2.99416E+03    2.10284E+06    5.56488E+04    8.14338E+03    5.84868E-01   -7.18112E-01    2.63027E-01    2.37848E+01    4.66048E+01    4.60690E+01
    3.02610E+03    2.15981E+06    5.69714E+04    8.22991E+03    5.86233E-01   -7.18929E-01    2.63391E-01    2.40532E+01    4.71413E+01    4.66048E+01
    3.05839E+03    2.21812E+06    5.83106E+04    8.31735E+03    5.87453E-01   -7.19654E-01    2.63724E-01    2.43218E+01    4.76782E+01    4.71413E+01
    3.09101E+03    2.27779E+06    5.96657E+04    8.40572E+03    5.88522E-01   -7.20286E-01    2.64026E-01    2.45904E+01    4.82151E+01    4.76782E+01
    3.12399E+03    2.33882E+06    6.10358E+04    8.49503E+03    5.89433E-01   -7.20820E-01    2.64294E-01    2.48589E+01    4.87517E+01    4.82151E+01
    3.15731E+03    2.40124E+06    6.24199E+04    8.58529E+03    5.90182E-01   -7.21254E-01    2.64527E-01    2.51271E+01    4.92877E+01    4.87517E+01
    3.19099E+03    2.46506E+06    6.38171E+04    8.67650E+03    5.90763E-01   -7.21584E-01    2.64725E-01    2.53949E+01    4.98228E+01    4.92877E+01
    3.22502E+03    2.53029E+06    6.52267E+04    8.76868E+03    5.91173E-01   -7.21809E-01    2.64885E-01    2.56620E+01    5.03566E+01    4.98228E+01
    3.25941E+03    2.59693E+06    6.66478E+04    8.86183E+03    5.91411E-01   -7.21929E-01    2.65007E-01    2.59284E+01    5.08889E+01    5.03566E+01
    3.29417E+03    2.66501E+06    6.80802E+04    8.95598E+03    5.91477E-01   -7.21944E-01    2.65090E-01    2.61941E+01    5.14197E+01    5.08889E+01
    3.32930E+03    2.73454E+06    6.95237E+04    9.05112E+03    5.91376E-01   -7.21859E-01    2.65134E-01    2.64590E+01    5.19489E+01    5.14197E+01
    3.36479E+03    2.80552E+06    7.09790E+04    9.14727E+03    5.91120E-01   -7.21680E-01    2.65138E-01    2.67233E+01    5.24770E+01    5.19489E+01
    3.40067E+03    2.87797E+06    7.24479E+04    9.24444E+03    5.90726E-01   -7.21420E-01    2.65104E-01    2.69873E+01    5.30046E+01    5.24770E+01
    3.43692E+03    2.95190E+06    7.39341E+04    9.34264E+03    5.90229E-01   -7.21101E-01    2.65032E-01    2.72517E+01    5.35332E+01    5.30046E+01
    3.47356E+03    3.02734E+06    7.54444E+04    9.44188E+03    5.89683E-01   -7.20761E-01    2.64926E-01    2.75177E+01    5.40652E+01    5.35332E+01
    3.51059E+03    3.10433E+06    7.69909E+04    9.54217E+03    5.89178E-01   -7.20460E-01    2.64792E-01    2.77873E+01    5.46050E+01    5.40652E+01
    3.54801E+03    3.18293E+06    7.85956E+04    9.64353E+03    5.88872E-01   -7.20305E-01    2.64636E-01    2.80641E+01    5.51603E+01    5.46050E+01
    3.58583E+03    3.26323E+06    8.02990E+04    9.74596E+03    5.89046E-01   -7.20487E-01    2.64470E-01    2.83550E+01    5.57453E+01    5.51603E+01
    3.62405E+03    3.34541E+06    8.21826E+04    9.84947E+03    5.90249E-01   -7.21383E-01    2.64302E-01    2.86730E+01    5.63881E+01    5.57453E+01
    3.66267E+03    3.42984E+06    8.44270E+04    9.95408E+03    5.93682E-01   -7.23823E-01    2.64124E-01    2.90472E+01    5.71509E+01    5.63881E+01
    3.70170E+03    3.51736E+06    8.75162E+04    1.00598E+04    6.02528E-01   -7.30026E-01    2.63801E-01    2.95540E+01    5.81989E+01    5.71509E+01
    3.74115E+03    3.61064E+06    9.32884E+04    1.01666E+04    6.28831E-01   -7.48374E-01    2.62236E-01    3.04749E+01    6.01510E+01    5.81989E+01
    3.78101E+03    3.67290E+06    6.22580E+04    1.03837E+04    4.10884E-01   -6.34565E-01    9.06188E-02    2.45667E+01    4.99965E+01    3.43512E+01
    3.82130E+03    3.74564E+06    7.27398E+04    1.04940E+04    4.70017E-01   -6.52501E-01    2.10380E-01    2.70401E+01    5.34659E+01    4.99965E+01
    3.86201E+03    3.82297E+06    7.73280E+04    1.06055E+04    4.89211E-01   -6.59799E-01    2.32112E-01    2.78695E+01    5.48742E+01    5.34659E+01
    3.90316E+03    3.90277E+06    7.97960E+04    1.07181E+04    4.94264E-01   -6.61356E-01    2.38478E-01    2.82970E+01    5.56523E+01    5.48742E+01
    3.94474E+03    3.98414E+06    8.13701E+04    1.08319E+04    4.93470E-01   -6.60020E-01    2.40507E-01    2.85649E+01    5.61543E+01    5.56523E+01
    3.98676E+03    4.06659E+06    8.24547E+04    1.09469E+04    4.89588E-01   -6.56968E-01    2.40791E-01    2.87475E+01    5.65005E+01    5.61543E+01
    4.02923E+03    4.14980E+06    8.32111E+04    1.10632E+04    4.83744E-01   -6.52732E-01    2.40176E-01    2.88739E+01    5.67401E+01    5.65005E+01
    4.07215E+03    4.23351E+06    8.37113E+04    1.11807E+04    4.76472E-01   -6.47571E-01    2.39005E-01    2.89569E+01    5.68959E+01    5.67401E+01
    4.11552E+03    4.31750E+06    8.39889E+04    1.12994E+04    4.68053E-01   -6.41621E-01    2.37435E-01    2.90025E+01    5.69782E+01    5.68959E+01
    4.15936E+03    4.40156E+06    8.40586E+04    1.14194E+04    4.58643E-01   -6.34950E-01    2.35546E-01    2.90134E+01    5.69917E+01    5.69782E+01
    4.20365E+03    4.48549E+06    8.39249E+04    1.15406E+04    4.48336E-01   -6.27590E-01    2.33380E-01    2.89904E+01    5.69376E+01    5.69917E+01
    4.24842E+03    4.56907E+06    8.35864E+04    1.16632E+04    4.37188E-01   -6.19554E-01    2.30957E-01    2.89332E+01    5.68149E+01    5.69376E+01
    4.29366E+03    4.65211E+06    8.30383E+04    1.17870E+04    4.25237E-01   -6.10837E-01    2.28289E-01    2.88407E+01    5.66215E+01    5.68149E+01
    4.33938E+03    4.73438E+06    8.22732E+04    1.19121E+04    4.12507E-01   -6.01426E-01    2.25377E-01    2.87114E+01    5.63542E+01    5.66215E+01
    4.38559E+03    4.81567E+06    8.12825E+04    1.20386E+04    3.99017E-01   -5.91300E-01    2.22219E-01    2.85433E+01    5.60087E+01    5.63542E+01
    4.43228E+03    4.89572E+06    8.00569E+04    1.21664E+04    3.84781E-01   -5.80433E-01    2.18812E-01    2.83341E+01    5.55805E+01    5.60087E+01
    4.47947E+03    4.97431E+06    7.85863E+04    1.22956E+04    3.69814E-01   -5.68794E-01    2.15146E-01    2.80811E+01    5.50642E+01    5.55805E+01
    4.52716E+03    5.05117E+06    7.68609E+04    1.24261E+04    3.54130E-01   -5.56345E-01    2.11213E-01    2.77813E+01    5.44535E+01    5.50642E+01
    4.57536E+03    5.12604E+06    7.48708E+04    1.25581E+04    3.37747E-01   -5.43045E-01    2.07000E-01    2.74314E+01    5.37420E+01    5.44535E+01
    4.62407E+03    5.19865E+06    7.26070E+04    1.26914E+04    3.20686E-01   -5.28849E-01    2.02495E-01    2.70278E+01    5.29222E+01    5.37420E+01
    4.67329E+03    5.26871E+06    7.00613E+04    1.28261E+04    3.02972E-01   -5.13705E-01    1.97683E-01    2.65664E+01    5.19859E+01    5.29222E+01
    4.72303E+03    5.33594E+06    6.72271E+04    1.29623E+04    2.84636E-01   -4.97556E-01    1.92547E-01    2.60427E+01    5.09242E+01    5.19859E+01
    4.77331E+03    5.40004E+06    6.40994E+04    1.30999E+04    2.65719E-01   -4.80338E-01    1.87069E-01    2.54519E+01    4.97269E+01    5.09242E+01
    4.82411E+03    5.46071E+06    6.06756E+04    1.32390E+04    2.46266E-01   -4.61977E-01    1.81228E-01    2.47884E+01    4.83829E+01    4.97269E+01
    4.87546E+03    5.51767E+06    5.69559E+04    1.33795E+04    2.26335E-01   -4.42391E-01    1.75002E-01    2.40459E+01    4.68796E+01    4.83829E+01
    4.92734E+03    5.57061E+06    5.29443E+04    1.35215E+04    2.05995E-01   -4.21483E-01    1.68366E-01    2.32173E+01    4.52025E+01    4.68796E+01
    4.97978E+03    5.61926E+06    4.86493E+04    1.36651E+04    1.85326E-01   -3.99139E-01    1.61290E-01    2.22943E+01    4.33347E+01    4.52025E+01
    5.03278E+03    5.66335E+06    4.40848E+04    1.38101E+04    1.64427E-01   -3.75221E-01    1.53741E-01    2.12673E+01    4.12565E+01    4.33347E+01
    5.08633E+03    5.70262E+06    3.92719E+04    1.39567E+04    1.43413E-01   -3.49557E-01    1.45680E-01    2.01244E+01    3.89438E+01    4.12565E+01
    5.14045E+03    5.73686E+06    3.42401E+04    1.41049E+04    1.22424E-01   -3.21928E-01    1.37063E-01    1.88510E+01    3.63666E+01    3.89438E+01
    5.19515E+03    5.76589E+06    2.90305E+04    1.42546E+04    1.01627E-01   -2.92037E-01    1.27835E-01    1.74280E+01    3.34857E+01    3.63666E+01
    5.25043E+03    5.78959E+06    2.36992E+04    1.44059E+04    8.12294E-02   -2.59465E-01    1.17929E-01    1.58294E+01    3.02474E+01    3.34857E+01
    5.30629E+03    5.80791E+06    1.83242E+04    1.45588E+04    6.14935E-02   -2.23579E-01    1.07265E-01    1.40174E+01    2.65730E+01    3.02474E+01
    5.36275E+03    5.82093E+06    1.30180E+04    1.47134E+04    4.27731E-02   -1.83314E-01    9.57556E-02    1.19309E+01    2.23344E+01    2.65730E+01
    5.41980E+03    5.82889E+06    7.95852E+03    1.48695E+04    2.56027E-02   -1.36591E-01    8.33396E-02    9.45584E+00    1.72899E+01    2.23344E+01
    5.47746E+03    5.83239E+06    3.50221E+03    1.50274E+04    1.10311E-02   -7.80342E-02    7.02978E-02    6.31151E+00    1.08345E+01    1.72899E+01
    5.53573E+03    5.83637E+06    3.98478E+03    1.50274E+04    1.22888E-02   -6.76441E-02    8.78238E-02    1.08345E+01    1.47969E+01    2.45499E+01
    5.59461E+03    5.84127E+06    4.89216E+03    1.50274E+04    1.47716E-02   -6.00051E-02    1.05693E-01    1.47969E+01    1.83490E+01    3.13029E+01
    5.65412E+03    5.84741E+06    6.14371E+03    1.50274E+04    1.81629E-02   -5.42185E-02    1.23382E-01    1.83490E+01    2.15926E+01    3.76176E+01
    5.71427E+03    5.85510E+06    7.68768E+03    1.50274E+04    2.22523E-02   -4.97117E-02    1.40645E-01    2.15926E+01    2.45981E+01    4.35571E+01
    5.77505E+03    5.86459E+06    9.49029E+03    1.50274E+04    2.68958E-02   -4.61124E-02    1.57383E-01    2.45981E+01    2.74156E+01    4.91766E+01
    5.83647E+03    5.87612E+06    1.15298E+04    1.50274E+04    3.19927E-02   -4.31743E-02    1.73576E-01    2.74156E+01    3.00815E+01    5.45230E+01
    5.89854E+03    5.88991E+06    1.37928E+04    1.50274E+04    3.74721E-02   -4.07302E-02    1.89244E-01    3.00815E+01    3.26231E+01    5.96356E+01
    5.96128E+03    5.90618E+06    1.62718E+04    1.50274E+04    4.32833E-02   -3.86647E-02    2.04422E-01    3.26231E+01    3.50615E+01    6.45477E+01
    6.02467E+03    5.92515E+06    1.89641E+04    1.50274E+04    4.93902E-02   -3.68959E-02    2.19155E-01    3.50615E+01    3.74129E+01    6.92868E+01
    6.08874E+03    5.94702E+06    2.18697E+04    1.50274E+04    5.57673E-02   -3.53648E-02    2.33488E-01    3.74129E+01    3.96907E+01    7.38767E+01
    6.15349E+03    5.97201E+06    2.49918E+04    1.50274E+04    6.23965E-02   -3.40277E-02    2.47464E-01    3.96907E+01    4.19056E+01    7.83371E+01
    6.21893E+03    6.00034E+06    2.83352E+04    1.50274E+04    6.92652E-02   -3.28518E-02    2.61124E-01    4.19056E+01    4.40665E+01    8.26853E+01
    6.28506E+03    6.03225E+06    3.19066E+04    1.50274E+04    7.63656E-02   -3.18119E-02    2.74506E-01    4.40665E+01    4.61813E+01    8.69361E+01
    6.35189E+03    6.06796E+06    3.57144E+04    1.50274E+04    8.36927E-02   -3.08885E-02    2.87643E-01    4.61813E+01    4.82565E+01    9.11025E+01
    6.41942E+03    6.10773E+06    3.97683E+04    1.50274E+04    9.12448E-02   -3.00659E-02    3.00568E-01    4.82565E+01    5.02978E+01    9.51960E+01
    6.48768E+03    6.15181E+06    4.40792E+04    1.50274E+04    9.90221E-02   -2.93319E-02    3.13308E-01    5.02978E+01    5.23103E+01    9.92270E+01
    6.55666E+03    6.20047E+06    4.86594E+04    1.50274E+04    1.07027E-01   -2.86763E-02    3.25890E-01    5.23103E+01    5.42988E+01    1.03205E+02
    6.62636E+03    6.25399E+06    5.35225E+04    1.50274E+04    1.15263E-01   -2.80909E-02    3.38340E-01    5.42988E+01    5.62673E+01    1.07137E+02
    6.69681E+03    6.31268E+06    5.86835E+04    1.50274E+04    1.23736E-01   -2.75690E-02    3.50680E-01    5.62673E+01    5.82197E+01    1.11033E+02
    6.76801E+03    6.37684E+06    6.41585E+04    1.50274E+04    1.32454E-01   -2.71048E-02    3.62931E-01    5.82197E+01    6.01596E+01    1.14899E+02
    6.83996E+03    6.44680E+06    6.99654E+04    1.50274E+04    1.41424E-01   -2.66937E-02    3.75115E-01    6.01596E+01    6.20903E+01    1.18741E+02
    6.91267E+03    6.52292E+06    7.61234E+04    1.50274E+04    1.50655E-01   -2.63317E-02    3.87249E-01    6.20903E+01    6.40150E+01    1.22567E+02
    6.98615E+03    6.60558E+06    8.26534E+04    1.50274E+04    1.60161E-01   -2.60154E-02    3.99354E-01    6.40150E+01    6.59368E+01    1.26382E+02
    7.06041E+03    6.69516E+06    8.95779E+04    1.50274E+04    1.69951E-01   -2.57421E-02    4.11447E-01    6.59368E+01    6.78585E+01    1.30192E+02
    7.13546E+03    6.79208E+06    9.69214E+04    1.50274E+04    1.80041E-01   -2.55093E-02    4.23545E-01    6.78585E+01    6.97830E+01    1.34003E+02
    7.21130E+03    6.89679E+06    1.04710E+05    1.50274E+04    1.90446E-01   -2.53151E-02    4.35666E-01    6.97830E+01    7.17131E+01    1.37821E+02
    7.28795E+03    7.00976E+06    1.12974E+05    1.50274E+04    2.01182E-01   -2.51578E-02    4.47827E-01    7.17131E+01    7.36516E+01    1.41650E+02
    7.36541E+03    7.13150E+06    1.21743E+05    1.50274E+04    2.12267E-01   -2.50360E-02    4.60043E-01    7.36516E+01    7.56011E+01    1.45496E+02
    7.44369E+03    7.26255E+06    1.31050E+05    1.50274E+04    2.23721E-01   -2.49487E-02    4.72333E-01    7.56011E+01    7.75644E+01    1.49365E+02
    7.52280E+03    7.40349E+06    1.40934E+05    1.50274E+04    2.35566E-01   -2.48948E-02    4.84712E-01    7.75644E+01    7.95443E+01    1.53262E+02
    7.60275E+03    7.55492E+06    1.51432E+05    1.50274E+04    2.47825E-01   -2.48739E-02    4.97199E-01    7.95443E+01    8.15434E+01    1.57192E+02
    7.68355E+03    7.71751E+06    1.62589E+05    1.50274E+04    2.60524E-01   -2.48853E-02    5.09809E-01    8.15434E+01    8.35647E+01    1.61160E+02
    7.76521E+03    7.89196E+06    1.74450E+05    1.50274E+04    2.73690E-01   -2.49288E-02    5.22560E-01    8.35647E+01    8.56110E+01    1.65173E+02
    7.84772E+03    8.07903E+06    1.87068E+05    1.50274E+04    2.87354E-01   -2.50043E-02    5.35470E-01    8.56110E+01    8.76852E+01    1.69235E+02
    7.93112E+03    8.27952E+06    2.00497E+05    1.50274E+04    3.01547E-01   -2.51118E-02    5.48558E-01    8.76852E+01    8.97904E+01    1.73353E+02
    8.01540E+03    8.49432E+06    2.14797E+05    1.50274E+04    3.16305E-01   -2.52515E-02    5.61843E-01    8.97904E+01    9.19298E+01    1.77533E+02
    8.10057E+03    8.72436E+06    2.30035E+05    1.50274E+04    3.31667E-01   -2.54239E-02    5.75344E-01    9.19298E+01    9.41066E+01    1.81781E+02
    8.18664E+03    8.97064E+06    2.46283E+05    1.50274E+04    3.47674E-01   -2.56294E-02    5.89082E-01    9.41066E+01    9.63242E+01    1.86103E+02
    8.27363E+03    9.23426E+06    2.63619E+05    1.50274E+04    3.64372E-01   -2.58689E-02    6.03078E-01    9.63242E+01    9.85863E+01    1.90507E+02
    8.36154E+03    9.51639E+06    2.82129E+05    1.50274E+04    3.81810E-01   -2.61431E-02    6.17354E-01    9.85863E+01    1.00897E+02    1.94998E+02
    8.45038E+03    9.81830E+06    3.01909E+05    1.50274E+04    4.00042E-01   -2.64532E-02    6.31935E-01    1.00897E+02    1.03259E+02    1.99586E+02
    8.54016E+03    1.01414E+07    3.23061E+05    1.50274E+04    4.19127E-01   -2.68004E-02    6.46845E-01    1.03259E+02    1.05678E+02    2.04277E+02
    8.63089E+03    1.04871E+07    3.45701E+05    1.50274E+04    4.39129E-01   -2.71863E-02    6.62110E-01    1.05678E+02    1.08158E+02    2.09080E+02
    8.72259E+03    1.08570E+07    3.69954E+05    1.50274E+04    4.60119E-01   -2.76126E-02    6.77759E-01    1.08158E+02    1.10703E+02    2.14003E+02
    8.81526E+03    1.12530E+07    3.95960E+05    1.50274E+04    4.82175E-01   -2.80812E-02    6.93820E-01    1.10703E+02    1.13319E+02    2.19057E+02
    8.90891E+03    1.16768E+07    4.23872E+05    1.50274E+04    5.05381E-01   -2.85944E-02    7.10327E-01    1.13319E+02    1.16011E+02    2.24250E+02
    9.00355E+03    1.21307E+07    4.53860E+05    1.50274E+04    5.29831E-01   -2.91546E-02    7.27311E-01    1.16011E+02    1.18785E+02    2.29595E+02
    9.09919E+03    1.26168E+07    4.86113E+05    1.50274E+04    5.55629E-01   -2.97649E-02    7.44810E-01    1.18785E+02    1.21647E+02    2.35102E+02
    9.19585E+03    1.31377E+07    5.20841E+05    1.50274E+04    5.82887E-01   -3.04284E-02    7.62864E-01    1.21647E+02    1.24603E+02    2.40783E+02
    9.29354E+03    1.36959E+07    5.58278E+05    1.50274E+04    6.11732E-01   -3.11488E-02    7.81512E-01    1.24603E+02    1.27662E+02    2.46652E+02
    9.39226E+03    1.42946E+07    5.98685E+05    1.50274E+04    6.42304E-01   -3.19302E-02    8.00803E-01    1.27662E+02    1.30831E+02    2.52723E+02
    9.49202E+03    1.49370E+07    6.42354E+05    1.50274E+04    6.74760E-01   -3.27774E-02    8.20784E-01    1.30831E+02    1.34118E+02    2.59012E+02
    9.59285E+03    1.56266E+07    6.89614E+05    1.50274E+04    7.09272E-01   -3.36956E-02    8.41509E-01    1.34118E+02    1.37533E+02    2.65536E+02
    9.69474E+03    1.63674E+07    7.40833E+05    1.50274E+04    7.46035E-01   -3.46909E-02    8.63036E-01    1.37533E+02    1.41087E+02    2.72314E+02
    9.79771E+03    1.71638E+07    7.96426E+05    1.50274E+04    7.85266E-01   -3.57700E-02    8.85430E-01    1.41087E+02    1.44790E+02    2.79364E+02
    9.90178E+03    1.80207E+07    8.56865E+05    1.50274E+04    8.27210E-01   -3.69408E-02    9.08760E-01    1.44790E+02    1.48654E+02    2.86710E+02
    1.00069E+04    1.89434E+07    9.22681E+05    1.50274E+04    8.72142E-01   -3.82121E-02    9.33103E-01    1.48654E+02    1.52694E+02    2.94377E+02
    1.01132E+04    1.99379E+07    9.94482E+05    1.50274E+04    9.20376E-01   -3.95941E-02    9.58545E-01    1.52694E+02    1.56924E+02    3.02390E+02
    1.02206E+04    2.10108E+07    1.07296E+06    1.50274E+04    9.72265E-01   -4.10985E-02    9.85178E-01    1.56924E+02    1.61362E+02    3.10779E+02
    1.03292E+04    2.21697E+07    1.15891E+06    1.50274E+04    1.02821E+00   -4.27388E-02    1.01311E+00    1.61362E+02    1.66025E+02    3.19578E+02
    1.04389E+04    2.34230E+07    1.25324E+06    1.50274E+04    1.08868E+00   -4.45305E-02    1.04245E+00    1.66025E+02    1.70936E+02    3.28824E+02
    1.05497E+04    2.47800E+07    1.35701E+06    1.50274E+04    1.15420E+00   -4.64920E-02    1.07333E+00    1.70936E+02    1.76117E+02    3.38558E+02
    1.06618E+04    2.62514E+07    1.47144E+06    1.50274E+04    1.22539E+00   -4.86444E-02    1.10590E+00    1.76117E+02    1.81596E+02    3.48826E+02
    1.07750E+04    2.78494E+07    1.59795E+06    1.50274E+04    1.30295E+00   -5.10129E-02    1.14033E+00    1.81596E+02    1.87402E+02    3.59681E+02
    1.08894E+04    2.95876E+07    1.73821E+06    1.50274E+04    1.38771E+00   -5.36271E-02    1.17679E+00    1.87402E+02    1.93571E+02    3.71181E+02
    1.10051E+04    3.14818E+07    1.89418E+06    1.50274E+04    1.48065E+00   -5.65225E-02    1.21551E+00    1.93571E+02    2.00141E+02    3.83396E+02
    1.11219E+04    3.35500E+07    2.06819E+06    1.50274E+04    1.58290E+00   -5.97414E-02    1.25672E+00    2.00141E+02    2.07160E+02    3.96402E+02
    1.12400E+04    3.58130E+07    2.26300E+06    1.50274E+04    1.69583E+00   -6.33354E-02    1.30070E+00    2.07160E+02    2.14679E+02    4.10290E+02
    1.13594E+04    3.82949E+07    2.48195E+06    1.50274E+04    1.82106E+00   -6.73671E-02    1.34778E+00    2.14679E+02    2.22762E+02    4.25162E+02
    1.14800E+04    4.10240E+07    2.72904E+06    1.50274E+04    1.96053E+00   -7.19139E-02    1.39834E+00    2.22762E+02    2.31482E+02    4.41141E+02
    1.16019E+04    4.40331E+07    3.00918E+06    1.50274E+04    2.11664E+00   -7.70724E-02    1.45282E+00    2.31482E+02    2.40926E+02    4.58369E+02
    1.17251E+04    4.73615E+07    3.32839E+06    1.50274E+04    2.29227E+00   -8.29640E-02    1.51175E+00    2.40926E+02    2.51200E+02    4.77015E+02
    1.18496E+04    5.10557E+07    3.69416E+06    1.50274E+04    2.49104E+00   -8.97441E-02    1.57575E+00    2.51200E+02    2.62431E+02    4.97284E+02
    1.19754E+04    5.51716E+07    4.11589E+06    1.50274E+04    2.71746E+00   -9.76144E-02    1.64558E+00    2.62431E+02    2.74777E+02    5.19421E+02
    1.21025E+04    5.97771E+07    4.60556E+06    1.50274E+04    2.97726E+00   -1.06841E-01    1.72216E+00    2.74777E+02    2.88434E+02    5.43727E+02
    1.22310E+04    6.49557E+07    5.17861E+06    1.50274E+04    3.27779E+00   -1.17782E-01    1.80663E+00    2.88434E+02    3.03648E+02    5.70575E+02
    1.23609E+04    7.08110E+07    5.85527E+06    1.50274E+04    3.62868E+00   -1.30930E-01    1.90040E+00    3.03648E+02    3.20739E+02    6.00433E+02
    1.24921E+04    7.74736E+07    6.66255E+06    1.50274E+04    4.04275E+00   -1.46982E-01    2.00528E+00    3.20739E+02    3.40130E+02    6.33903E+02
    1.26247E+04    8.51108E+07    7.63727E+06    1.50274E+04    4.53741E+00   -1.66955E-01    2.12357E+00    3.40130E+02    3.62389E+02    6.71767E+02
    1.27588E+04    9.39416E+07    8.83076E+06    1.50274E+04    5.13692E+00   -1.92386E-01    2.25830E+00    3.62389E+02    3.88311E+02    7.15067E+02
    1.28942E+04    1.04258E+08    1.03167E+07    1.50274E+04    5.87596E+00   -2.25715E-01    2.41351E+00    3.88311E+02    4.19045E+02    7.65227E+02
    1.30311E+04    1.16462E+08    1.22041E+07    1.50274E+04    6.80579E+00   -2.71026E-01    2.59467E+00    4.19045E+02    4.56341E+02    8.24255E+02
    1.31694E+04    1.31123E+08    1.46606E+07    1.50274E+04    8.00498E+00   -3.35650E-01    2.80933E+00    4.56341E+02    5.03018E+02    8.95073E+02
    1.33092E+04    1.49079E+08    1.79557E+07    1.50274E+04    9.59942E+00   -4.33899E-01    3.06776E+00    5.03018E+02    5.63999E+02    9.82110E+02
    1.34505E+04    1.71626E+08    2.25473E+07    1.50274E+04    1.18024E+01   -5.96664E-01    3.38325E+00    5.63999E+02    6.48744E+02    1.09236E+03
    1.35933E+04    2.00915E+08    2.92893E+07    1.50274E+04    1.50114E+01   -8.98664E-01    3.76879E+00    6.48744E+02    7.77735E+02    1.23731E+03
    1.37376E+04    2.41098E+08    4.01832E+07    1.50274E+04    2.01647E+01   -1.54377E+00    4.21680E+00    7.77735E+02    1.00167E+03    1.43627E+03
    1.38834E+04    3.04527E+08    6.34291E+07    1.50274E+04    3.11652E+01   -3.15787E+00    4.60359E+00    1.00167E+03    1.46460E+03    1.72061E+03
    1.40308E+04    3.86832E+08    8.23047E+07    1.51868E+04    3.95951E+01   -3.81367E+00    5.00510E+00    6.74671E+02    1.23966E+03    1.46460E+03
    1.41797E+04    5.26707E+08    1.39875E+08    1.51868E+04    6.58859E+01   -6.37812E+00    5.02051E+00    1.23966E+03    2.19459E+03    2.03203E+03
