 # rho, F_z,dF_z, z(rho), E2 (=>sigma2=e0^2*E2), Er, Ez, Ui,j , Ui+1,j , Ui,j-1
    2.50000E-01    1.39841E-04    1.39841E-04    0.00000E+00    1.11873E-03    8.53836E-03   -3.23392E-02    9.79561E-01    9.75292E-01    9.63392E-01
    7.40216E-01    4.02687E-04    2.62846E-04    5.00000E-01    7.39115E-04    3.16095E-03   -2.70023E-02    9.88793E-01    9.87275E-01    9.75292E-01
    1.22396E+00    8.17783E-04    4.15096E-04    5.00000E-01    6.96301E-04    1.01843E-03   -2.63679E-02    9.87275E-01    9.86779E-01    9.74091E-01
    1.71438E+00    1.41715E-03    5.99372E-04    5.00000E-01    7.08032E-04    5.69285E-04   -2.66028E-02    9.86779E-01    9.86497E-01    9.73477E-01
    2.21157E+00    2.22136E-03    8.04209E-04    5.00000E-01    7.26406E-04    4.99253E-04   -2.69473E-02    9.86497E-01    9.86247E-01    9.73024E-01
    2.71562E+00    3.25243E-03    1.03107E-03    5.00000E-01    7.48131E-04    5.67921E-04   -2.73461E-02    9.86247E-01    9.85959E-01    9.72574E-01
    3.22663E+00    4.53886E-03    1.28643E-03    5.00000E-01    7.74897E-04    7.39695E-04   -2.78271E-02    9.85959E-01    9.85579E-01    9.72046E-01
    3.74469E+00    6.11995E-03    1.58109E-03    5.00000E-01    8.09462E-04    1.06675E-03   -2.84310E-02    9.85579E-01    9.85022E-01    9.71363E-01
    4.26990E+00    8.05130E-03    1.93135E-03    5.00000E-01    8.55355E-04    1.74023E-03   -2.91946E-02    9.85022E-01    9.84102E-01    9.70425E-01
    4.80235E+00    1.04109E-02    2.35962E-03    5.00000E-01    9.16514E-04    3.38241E-03   -3.00844E-02    9.84102E-01    9.82289E-01    9.69060E-01
    5.34216E+00    1.33316E-02    2.92063E-03    5.00000E-01    1.00591E-03    8.25918E-03   -3.06218E-02    9.82289E-01    9.77800E-01    9.66978E-01
    5.88941E+00    1.57439E-02    2.41236E-03    9.80431E-01    7.43390E-04    5.88948E-03   -2.66215E-02    9.91111E-01    9.87865E-01    9.77800E-01
    6.44421E+00    1.83869E-02    2.64296E-03    9.80431E-01    7.34201E-04    3.59628E-03   -2.68564E-02    9.87865E-01    9.85857E-01    9.74437E-01
    7.00668E+00    2.16860E-02    3.29914E-03    9.80431E-01    8.31439E-04    4.36934E-03   -2.85017E-02    9.85857E-01    9.83382E-01    9.71606E-01
    7.57690E+00    2.59572E-02    4.27114E-03    9.80431E-01    9.81842E-04    9.45565E-03   -2.98736E-02    9.83382E-01    9.77953E-01    9.68445E-01
    8.15499E+00    2.94616E-02    3.50446E-03    1.46749E+00    7.38304E-04    6.56351E-03   -2.63671E-02    9.90621E-01    9.86801E-01    9.77953E-01
    8.74106E+00    3.35231E-02    4.06148E-03    1.46749E+00    7.87418E-04    5.64887E-03   -2.74865E-02    9.86801E-01    9.83467E-01    9.73595E-01
    9.33522E+00    3.90276E-02    5.50450E-03    1.46749E+00    9.85657E-04    1.08902E-02   -2.94459E-02    9.83467E-01    9.76952E-01    9.69321E-01
    9.93758E+00    4.36949E-02    4.66731E-03    1.96127E+00    7.74401E-04    8.39305E-03   -2.65322E-02    9.89875E-01    9.84785E-01    9.76952E-01
    1.05482E+01    4.96033E-02    5.90837E-03    1.96127E+00    9.10993E-04    1.16623E-02   -2.78385E-02    9.84785E-01    9.77614E-01    9.71226E-01
    1.11673E+01    5.45296E-02    4.92634E-03    2.46187E+00    7.07702E-04    8.42541E-03   -2.52332E-02    9.90074E-01    9.84822E-01    9.77614E-01
    1.17950E+01    6.11061E-02    6.57642E-03    2.46187E+00    8.82298E-04    1.20130E-02   -2.71659E-02    9.84822E-01    9.77231E-01    9.71408E-01
    1.24313E+01    6.67584E-02    5.65238E-03    2.96938E+00    7.09718E-04    8.91048E-03   -2.51062E-02    9.89799E-01    9.84090E-01    9.77231E-01
    1.30764E+01    7.46935E-02    7.93503E-03    2.96938E+00    9.34286E-04    1.36814E-02   -2.73332E-02    9.84090E-01    9.75204E-01    9.70407E-01
    1.37304E+01    8.24143E-02    7.72087E-03    3.48388E+00    8.53986E-04    1.43684E-02   -2.54467E-02    9.88118E-01    9.78657E-01    9.75204E-01
    1.43934E+01    8.80969E-02    5.68259E-03    4.00549E+00    5.91423E-04    9.17403E-03   -2.25224E-02    9.90245E-01    9.84121E-01    9.78657E-01
    1.50655E+01    9.71677E-02    9.07077E-03    4.00549E+00    8.89655E-04    1.45817E-02   -2.60198E-02    9.84121E-01    9.74253E-01    9.70734E-01
    1.57470E+01    1.06867E-01    9.69894E-03    4.53430E+00    8.97712E-04    1.63695E-02   -2.50949E-02    9.87342E-01    9.76111E-01    9.74253E-01
    1.64378E+01    1.15624E-01    8.75784E-03    5.07040E+00    7.65968E-04    1.57857E-02   -2.27328E-02    9.88132E-01    9.77152E-01    9.76111E-01
    1.71382E+01    1.23800E-01    8.17557E-03    5.61391E+00    6.76486E-04    1.45633E-02   -2.15499E-02    9.88705E-01    9.78436E-01    9.77152E-01
    1.78482E+01    1.30792E-01    6.99217E-03    6.16491E+00    5.47987E-04    1.02056E-02   -2.10673E-02    9.89886E-01    9.82590E-01    9.78436E-01
    1.85680E+01    1.43863E-01    1.30709E-02    6.16491E+00    9.71270E-04    1.85236E-02   -2.50628E-02    9.82590E-01    9.69164E-01    9.68968E-01
    1.92978E+01    1.51265E-01    7.40147E-03    7.28983E+00    5.21985E-04    1.63451E-02   -1.59632E-02    9.89770E-01    9.77760E-01    9.80853E-01
    2.00377E+01    1.60561E-01    9.29669E-03    7.86396E+00    6.22841E-04    1.60866E-02   -1.90804E-02    9.88566E-01    9.76582E-01    9.77760E-01
    2.07877E+01    1.71041E-01    1.04802E-02    8.44602E+00    6.67584E-04    1.64997E-02   -1.98832E-02    9.87998E-01    9.75538E-01    9.76582E-01
    2.15481E+01    1.82920E-01    1.18788E-02    9.03610E+00    7.20034E-04    1.74977E-02   -2.03437E-02    9.87379E-01    9.73982E-01    9.75538E-01
    2.23190E+01    1.97578E-01    1.46579E-02    9.63433E+00    8.46126E-04    2.03967E-02   -2.07388E-02    9.86220E-01    9.70389E-01    9.73982E-01
    2.31005E+01    2.06727E-01    9.14880E-03    1.08557E+01    5.03302E-04    1.74885E-02   -1.40519E-02    9.89353E-01    9.75592E-01    9.80831E-01
    2.38929E+01    2.20992E-01    1.42655E-02    1.14790E+01    7.48435E-04    2.05286E-02   -1.80834E-02    9.86710E-01    9.70334E-01    9.75592E-01
    2.46961E+01    2.32470E-01    1.14777E-02    1.27516E+01    5.74657E-04    2.00362E-02   -1.31609E-02    9.88512E-01    9.72308E-01    9.80196E-01
    2.55104E+01    2.43340E-01    1.08699E-02    1.40596E+01    5.19683E-04    1.94336E-02   -1.19172E-02    9.88929E-01    9.72995E-01    9.81188E-01
    2.63360E+01    2.54215E-01    1.08753E-02    1.54039E+01    4.96785E-04    1.92492E-02   -1.12362E-02    9.88998E-01    9.72997E-01    9.81497E-01
    2.71730E+01    2.66062E-01    1.18462E-02    1.67856E+01    5.17331E-04    2.00398E-02   -1.07582E-02    9.88658E-01    9.71770E-01    9.81276E-01
    2.80215E+01    2.75721E-01    9.65911E-03    1.89304E+01    4.03477E-04    1.84251E-02   -7.99954E-03    9.90004E-01    9.74263E-01    9.84285E-01
    2.88817E+01    2.84376E-01    8.65484E-03    2.11653E+01    3.45984E-04    1.72191E-02   -7.03481E-03    9.90506E-01    9.75592E-01    9.85266E-01
    2.97538E+01    2.92318E-01    7.94234E-03    2.34940E+01    3.04000E-04    1.62333E-02   -6.36229E-03    9.90842E-01    9.76587E-01    9.85903E-01
    3.06380E+01    2.99617E-01    7.29954E-03    2.59204E+01    2.67640E-04    1.52939E-02   -5.80826E-03    9.91142E-01    9.77528E-01    9.86445E-01
    3.15343E+01    3.05975E-01    6.35747E-03    2.84487E+01    2.23391E-04    1.39573E-02   -5.34644E-03    9.91606E-01    9.79010E-01    9.87101E-01
    3.24430E+01    3.13744E-01    7.76862E-03    3.01929E+01    2.61718E-04    1.49091E-02   -6.27980E-03    9.90552E-01    9.76911E-01    9.85113E-01
    3.33642E+01    3.20588E-01    6.84457E-03    3.29005E+01    2.21169E-04    1.40308E-02   -4.93014E-03    9.91264E-01    9.78250E-01    9.86815E-01
    3.42982E+01    3.26856E-01    6.26839E-03    3.57217E+01    1.94353E-04    1.32104E-02   -4.45416E-03    9.91579E-01    9.79157E-01    9.87391E-01
    3.52451E+01    3.32318E-01    5.46182E-03    3.86614E+01    1.62552E-04    1.20731E-02   -4.09802E-03    9.92027E-01    9.80517E-01    9.88012E-01
    3.62050E+01    3.38817E-01    6.49822E-03    4.06894E+01    1.85707E-04    1.27383E-02   -4.84179E-03    9.91135E-01    9.78824E-01    9.86259E-01
    3.71781E+01    3.44157E-01    5.34068E-03    4.38376E+01    1.46609E-04    1.15069E-02   -3.76813E-03    9.92030E-01    9.80756E-01    9.88076E-01
    3.81647E+01    3.50381E-01    6.22381E-03    4.60094E+01    1.64169E-04    1.20349E-02   -4.39664E-03    9.91242E-01    9.79287E-01    9.86501E-01
    3.91649E+01    3.55399E-01    5.01784E-03    4.93809E+01    1.27223E-04    1.07618E-02   -3.37747E-03    9.92199E-01    9.81362E-01    9.88404E-01
    4.01789E+01    3.60955E-01    5.55608E-03    5.17068E+01    1.35445E-04    1.09441E-02   -3.95871E-03    9.91617E-01    9.80443E-01    9.87044E-01
    4.12069E+01    3.67049E-01    6.09425E-03    5.40974E+01    1.42886E-04    1.12755E-02   -3.96864E-03    9.91226E-01    9.79556E-01    9.86515E-01
    4.22491E+01    3.71859E-01    4.80988E-03    5.78084E+01    1.08494E-04    9.99260E-03   -2.93969E-03    9.92287E-01    9.81801E-01    9.88651E-01
    4.33057E+01    3.77070E-01    5.21141E-03    6.03685E+01    1.13122E-04    1.00645E-02   -3.43917E-03    9.91803E-01    9.81097E-01    9.87431E-01
    4.43768E+01    3.82509E-01    5.43852E-03    6.29998E+01    1.13634E-04    1.00878E-02   -3.44538E-03    9.91605E-01    9.80726E-01    9.87103E-01
    4.54628E+01    3.88313E-01    5.80377E-03    6.57041E+01    1.16758E-04    1.02706E-02   -3.35761E-03    9.91348E-01    9.80119E-01    9.86839E-01
    4.65637E+01    3.92848E-01    4.53518E-03    6.99023E+01    8.78672E-05    9.05146E-03   -2.43686E-03    9.92434E-01    9.82400E-01    9.89024E-01
    4.76798E+01    3.97677E-01    4.82947E-03    7.27985E+01    9.01348E-05    9.05447E-03   -2.85505E-03    9.92035E-01    9.81860E-01    9.87929E-01
    4.88113E+01    4.02593E-01    4.91529E-03    7.57752E+01    8.83901E-05    8.96098E-03   -2.84447E-03    9.91939E-01    9.81730E-01    9.87734E-01
    4.99584E+01    4.07527E-01    4.93388E-03    7.88346E+01    8.55071E-05    8.82202E-03   -2.77110E-03    9.91912E-01    9.81723E-01    9.87702E-01
    5.11214E+01    4.12447E-01    4.92048E-03    8.19791E+01    8.22005E-05    8.66102E-03   -2.68089E-03    9.91915E-01    9.81773E-01    9.87728E-01
    5.23004E+01    4.17333E-01    4.88631E-03    8.52109E+01    7.87036E-05    8.48650E-03   -2.58513E-03    9.91935E-01    9.81861E-01    9.87787E-01
    5.34957E+01    4.22168E-01    4.83431E-03    8.85325E+01    7.50898E-05    8.30068E-03   -2.48769E-03    9.91971E-01    9.81981E-01    9.87868E-01
    5.47074E+01    4.26929E-01    4.76176E-03    9.19465E+01    7.13402E-05    8.10107E-03   -2.39015E-03    9.92024E-01    9.82140E-01    9.87972E-01
    5.59359E+01    4.31586E-01    4.65655E-03    9.54553E+01    6.73030E-05    7.87673E-03   -2.29348E-03    9.92102E-01    9.82359E-01    9.88106E-01
    5.71814E+01    4.36060E-01    4.47429E-03    9.90617E+01    6.23992E-05    7.58651E-03   -2.20091E-03    9.92242E-01    9.82729E-01    9.88301E-01
    5.84440E+01    4.40016E-01    3.95552E-03    1.02768E+02    5.32378E-05    6.97163E-03   -2.15271E-03    9.92647E-01    9.83784E-01    9.88685E-01
    5.97241E+01    4.45848E-01    5.83258E-03    1.04660E+02    7.57732E-05    7.85240E-03   -3.75674E-03    9.90794E-01    9.80674E-01    9.83784E-01
    6.10218E+01    4.50809E-01    4.96080E-03    1.08522E+02    6.22184E-05    7.57437E-03   -2.20169E-03    9.91823E-01    9.81927E-01    9.87601E-01
    6.23374E+01    4.55505E-01    4.69541E-03    1.12492E+02    5.68623E-05    7.27084E-03   -1.99928E-03    9.92064E-01    9.82433E-01    9.88123E-01
    6.36712E+01    4.59947E-01    4.44280E-03    1.16571E+02    5.19590E-05    6.95689E-03   -1.88697E-03    9.92270E-01    9.82928E-01    9.88447E-01
    6.50234E+01    4.63849E-01    3.90146E-03    1.20765E+02    4.40709E-05    6.38077E-03   -1.83215E-03    9.92705E-01    9.84018E-01    9.88890E-01
    6.63943E+01    4.69505E-01    5.65651E-03    1.22905E+02    6.17249E-05    7.13914E-03   -3.27988E-03    9.90942E-01    9.81088E-01    9.84018E-01
    6.77840E+01    4.74253E-01    4.74809E-03    1.27274E+02    5.00590E-05    6.82754E-03   -1.85570E-03    9.91999E-01    9.82445E-01    9.87972E-01
    6.91930E+01    4.78649E-01    4.39582E-03    1.31764E+02    4.47833E-05    6.47792E-03   -1.67923E-03    9.92312E-01    9.83122E-01    9.88567E-01
    7.06214E+01    4.82474E-01    3.82480E-03    1.36380E+02    3.76581E-05    5.92068E-03   -1.61358E-03    9.92783E-01    9.84268E-01    9.89085E-01
    7.20695E+01    4.87938E-01    5.46361E-03    1.38735E+02    5.19951E-05    6.58299E-03   -2.94267E-03    9.91106E-01    9.81507E-01    9.84268E-01
    7.35376E+01    4.92425E-01    4.48724E-03    1.43544E+02    4.12811E-05    6.21670E-03   -1.62288E-03    9.92217E-01    9.83028E-01    9.88342E-01
    7.50259E+01    4.96257E-01    3.83225E-03    1.48487E+02    3.40856E-05    5.64367E-03   -1.49485E-03    9.92783E-01    9.84326E-01    9.89114E-01
    7.65348E+01    5.01670E-01    5.41246E-03    1.51010E+02    4.65492E-05    6.24547E-03   -2.74650E-03    9.91160E-01    9.81672E-01    9.84326E-01
    7.80645E+01    5.06069E-01    4.39984E-03    1.56160E+02    3.65938E-05    5.86480E-03   -1.48253E-03    9.92300E-01    9.83267E-01    9.88508E-01
    7.96153E+01    5.09788E-01    3.71823E-03    1.61453E+02    2.99097E-05    5.29704E-03   -1.36052E-03    9.92897E-01    9.84626E-01    9.89321E-01
    8.11876E+01    5.14954E-01    5.16641E-03    1.64155E+02    4.01994E-05    5.81317E-03   -2.53108E-03    9.91371E-01    9.82169E-01    9.84626E-01
    8.27815E+01    5.18826E-01    3.87180E-03    1.69671E+02    2.91439E-05    5.22077E-03   -1.37386E-03    9.92745E-01    9.84367E-01    9.88982E-01
    8.43974E+01    5.24127E-01    5.30148E-03    1.72486E+02    3.86085E-05    5.69421E-03   -2.48686E-03    9.91272E-01    9.82007E-01    9.84367E-01
    8.60356E+01    5.28061E-01    3.93383E-03    1.78233E+02    2.77205E-05    5.09667E-03   -1.32077E-03    9.92700E-01    9.84293E-01    9.88930E-01
    8.76964E+01    5.33425E-01    5.36426E-03    1.81166E+02    3.65796E-05    5.55146E-03   -2.40019E-03    9.91237E-01    9.81954E-01    9.84293E-01
    8.93802E+01    5.37419E-01    3.99350E-03    1.87154E+02    2.63555E-05    4.97676E-03   -1.25991E-03    9.92660E-01    9.84223E-01    9.88913E-01
    9.10872E+01    5.42880E-01    5.46100E-03    1.90210E+02    3.48836E-05    5.43702E-03   -2.30703E-03    9.91178E-01    9.81833E-01    9.84223E-01
    9.28177E+01    5.47219E-01    4.33863E-03    1.96450E+02    2.68272E-05    5.04539E-03   -1.17101E-03    9.92395E-01    9.83604E-01    9.88767E-01
    9.45721E+01    5.50846E-01    3.62714E-03    2.02863E+02    2.17121E-05    4.53672E-03   -1.06316E-03    9.93026E-01    9.85012E-01    9.89640E-01
    9.63507E+01    5.55774E-01    4.92849E-03    2.06136E+02    2.85633E-05    4.93631E-03   -2.04844E-03    9.91626E-01    9.82786E-01    9.85012E-01
    9.81539E+01    5.59354E-01    3.57950E-03    2.12818E+02    2.00868E-05    4.35303E-03   -1.06677E-03    9.93055E-01    9.85152E-01    9.89515E-01
    9.99820E+01    5.63965E-01    4.61129E-03    2.16229E+02    2.50580E-05    4.58703E-03   -2.00427E-03    9.91894E-01    9.83451E-01    9.85152E-01
    1.01835E+02    5.69547E-01    5.58154E-03    2.19686E+02    2.93730E-05    4.93481E-03   -2.24068E-03    9.91093E-01    9.81885E-01    9.83451E-01
    1.03714E+02    5.73472E-01    3.92510E-03    2.26745E+02    2.00057E-05    4.34914E-03   -1.04434E-03    9.92755E-01    9.84527E-01    9.89094E-01
    1.05619E+02    5.78692E-01    5.22015E-03    2.30347E+02    2.57709E-05    4.69120E-03   -1.93998E-03    9.91421E-01    9.82424E-01    9.84527E-01
    1.07550E+02    5.82499E-01    3.80734E-03    2.37703E+02    1.82074E-05    4.15601E-03   -9.66925E-04    9.92878E-01    9.84798E-01    9.89347E-01
    1.09508E+02    5.87552E-01    5.05236E-03    2.41456E+02    2.34063E-05    4.47876E-03   -1.82948E-03    9.91572E-01    9.82743E-01    9.84798E-01
    1.11492E+02    5.91168E-01    3.61698E-03    2.49120E+02    1.62342E-05    3.92448E-03   -9.12486E-04    9.93059E-01    9.85216E-01    9.89586E-01
    1.13505E+02    5.95777E-01    4.60807E-03    2.53032E+02    2.00394E-05    4.12245E-03   -1.74494E-03    9.91948E-01    9.83597E-01    9.85216E-01
    1.15544E+02    6.01290E-01    5.51326E-03    2.56997E+02    2.32319E-05    4.41039E-03   -1.94433E-03    9.91202E-01    9.82143E-01    9.83597E-01
    1.17612E+02    6.05142E-01    3.85177E-03    2.65093E+02    1.57283E-05    3.86727E-03   -8.78929E-04    9.92860E-01    9.84808E-01    9.89327E-01
    1.19709E+02    6.10195E-01    5.05318E-03    2.69224E+02    1.99967E-05    4.14903E-03   -1.66803E-03    9.91606E-01    9.82848E-01    9.84808E-01
    1.21835E+02    6.13787E-01    3.59257E-03    2.77660E+02    1.37786E-05    3.62195E-03   -8.12439E-04    9.93108E-01    9.85357E-01    9.89705E-01
    1.23989E+02    6.18327E-01    4.53997E-03    2.81965E+02    1.68766E-05    3.79461E-03   -1.57403E-03    9.92041E-01    9.83808E-01    9.85357E-01
    1.26174E+02    6.23704E-01    5.37652E-03    2.86330E+02    1.93730E-05    4.03829E-03   -1.75077E-03    9.91346E-01    9.82463E-01    9.83808E-01
    1.28389E+02    6.27369E-01    3.66497E-03    2.95241E+02    1.28014E-05    3.49186E-03   -7.79910E-04    9.93052E-01    9.85265E-01    9.89601E-01
    1.30634E+02    6.31967E-01    4.59800E-03    2.99788E+02    1.55694E-05    3.64797E-03   -1.50391E-03    9.92012E-01    9.83765E-01    9.85265E-01
    1.32910E+02    6.37379E-01    5.41269E-03    3.04399E+02    1.77690E-05    3.87230E-03   -1.66561E-03    9.91340E-01    9.82465E-01    9.83765E-01
    1.35218E+02    6.41060E-01    3.68031E-03    3.13812E+02    1.17140E-05    3.34322E-03   -7.32719E-04    9.93054E-01    9.85286E-01    9.89629E-01
    1.37558E+02    6.45663E-01    4.60337E-03    3.18616E+02    1.42068E-05    3.49039E-03   -1.42266E-03    9.92028E-01    9.83806E-01    9.85286E-01
    1.39929E+02    6.51066E-01    5.40287E-03    3.23487E+02    1.61684E-05    3.69997E-03   -1.57438E-03    9.91370E-01    9.82534E-01    9.83806E-01
    1.42334E+02    6.54741E-01    3.67458E-03    3.33430E+02    1.06635E-05    3.19271E-03   -6.85621E-04    9.93076E-01    9.85346E-01    9.89690E-01
    1.44772E+02    6.59326E-01    4.58492E-03    3.38505E+02    1.29031E-05    3.33204E-03   -1.34188E-03    9.92063E-01    9.83885E-01    9.85346E-01
    1.47243E+02    6.64693E-01    5.36747E-03    3.43650E+02    1.46497E-05    3.52792E-03   -1.48441E-03    9.91418E-01    9.82639E-01    9.83885E-01
    1.49749E+02    6.68345E-01    3.65242E-03    3.54153E+02    9.66854E-06    3.04281E-03   -6.40182E-04    9.93111E-01    9.85435E-01    9.89772E-01
    1.52289E+02    6.72891E-01    4.54574E-03    3.59514E+02    1.16715E-05    3.17425E-03   -1.26320E-03    9.92114E-01    9.83996E-01    9.85435E-01
    1.54864E+02    6.78198E-01    5.30673E-03    3.64949E+02    1.32165E-05    3.35637E-03   -1.39686E-03    9.91485E-01    9.82783E-01    9.83996E-01
    1.57474E+02    6.81807E-01    3.60862E-03    3.76045E+02    8.71800E-06    2.89171E-03   -5.96648E-04    9.93165E-01    9.85564E-01    9.89877E-01
    1.60121E+02    6.86282E-01    4.47545E-03    3.81708E+02    1.04887E-05    3.01346E-03   -1.18648E-03    9.92191E-01    9.84161E-01    9.85564E-01
    1.62804E+02    6.91483E-01    5.20062E-03    3.87449E+02    1.18242E-05    3.17880E-03   -1.31126E-03    9.91586E-01    9.82999E-01    9.84161E-01
    1.65524E+02    6.94984E-01    3.50139E-03    3.99170E+02    7.72336E-06    2.72298E-03   -5.55641E-04    9.93276E-01    9.85818E-01    9.90042E-01
    1.68282E+02    6.99264E-01    4.28009E-03    4.05152E+02    9.15990E-06    2.81511E-03   -1.11134E-03    9.92375E-01    9.84559E-01    9.85818E-01
    1.71078E+02    7.04049E-01    4.78449E-03    4.11217E+02    9.93494E-06    2.90047E-03   -1.23378E-03    9.91939E-01    9.83774E-01    9.84559E-01
    1.73912E+02    7.09409E-01    5.36009E-03    4.17365E+02    1.07997E-05    3.03061E-03   -1.27087E-03    9.91482E-01    9.82833E-01    9.83774E-01
    1.76786E+02    7.12950E-01    3.54090E-03    4.29917E+02    6.92285E-06    2.57920E-03   -5.20175E-04    9.93255E-01    9.85793E-01    9.90012E-01
    1.79699E+02    7.17254E-01    4.30432E-03    4.36324E+02    8.16630E-06    2.66096E-03   -1.04191E-03    9.92377E-01    9.84572E-01    9.85793E-01
    1.82653E+02    7.22042E-01    4.78767E-03    4.42818E+02    8.81481E-06    2.73579E-03   -1.15338E-03    9.91961E-01    9.83825E-01    9.84572E-01
    1.85647E+02    7.27378E-01    5.33693E-03    4.49403E+02    9.53601E-06    2.85144E-03   -1.18545E-03    9.91525E-01    9.82929E-01    9.83825E-01
    1.88682E+02    7.30883E-01    3.50476E-03    4.62846E+02    6.07767E-06    2.41807E-03   -4.80212E-04    9.93305E-01    9.85915E-01    9.90100E-01
    1.91760E+02    7.35112E-01    4.22844E-03    4.69706E+02    7.11674E-06    2.48601E-03   -9.67729E-04    9.92464E-01    9.84761E-01    9.85915E-01
    1.94879E+02    7.39751E-01    4.63901E-03    4.76662E+02    7.57819E-06    2.53613E-03   -1.07063E-03    9.92107E-01    9.84140E-01    9.84761E-01
    1.98042E+02    7.44736E-01    4.98554E-03    4.83713E+02    7.90510E-06    2.58535E-03   -1.10503E-03    9.91826E-01    9.83593E-01    9.84140E-01
    2.01249E+02    7.50215E-01    5.47914E-03    4.90862E+02    8.43296E-06    2.68203E-03   -1.11341E-03    9.91444E-01    9.82785E-01    9.83593E-01
    2.04499E+02    7.53802E-01    3.58634E-03    5.05457E+02    5.35806E-06    2.27218E-03   -4.41896E-04    9.93252E-01    9.85815E-01    9.90049E-01
    2.07795E+02    7.58133E-01    4.33170E-03    5.12906E+02    6.28231E-06    2.34068E-03   -8.96409E-04    9.92401E-01    9.84634E-01    9.85815E-01
    2.11136E+02    7.62925E-01    4.79126E-03    5.20457E+02    6.74577E-06    2.40121E-03   -9.89935E-04    9.92008E-01    9.83931E-01    9.84634E-01
    2.14523E+02    7.68236E-01    5.31091E-03    5.28113E+02    7.25916E-06    2.49570E-03   -1.01519E-03    9.91597E-01    9.83086E-01    9.83931E-01
    2.17957E+02    7.71725E-01    3.48896E-03    5.43743E+02    4.62982E-06    2.11364E-03   -4.02918E-04    9.93357E-01    9.86049E-01    9.90230E-01
    2.21439E+02    7.75913E-01    4.18876E-03    5.51721E+02    5.39659E-06    2.17151E-03   -8.25293E-04    9.92543E-01    9.84932E-01    9.86049E-01
    2.24968E+02    7.80488E-01    4.57457E-03    5.59808E+02    5.72222E-06    2.21145E-03   -9.11981E-04    9.92207E-01    9.84348E-01    9.84932E-01
    2.28546E+02    7.85380E-01    4.89239E-03    5.68007E+02    5.94197E-06    2.24919E-03   -9.39746E-04    9.91948E-01    9.83845E-01    9.84348E-01
    2.32174E+02    7.90723E-01    5.34317E-03    5.76319E+02    6.30110E-06    2.32536E-03   -9.45406E-04    9.91597E-01    9.83104E-01    9.83845E-01
    2.35851E+02    7.94198E-01    3.47467E-03    5.93288E+02    3.97881E-06    1.96040E-03   -3.68325E-04    9.93388E-01    9.86129E-01    9.90284E-01
    2.39579E+02    7.98344E-01    4.14637E-03    6.01949E+02    4.61047E-06    2.00904E-03   -7.57764E-04    9.92603E-01    9.85061E-01    9.86129E-01
    2.43359E+02    8.02837E-01    4.49215E-03    6.10730E+02    4.85043E-06    2.03763E-03   -8.35760E-04    9.92300E-01    9.84545E-01    9.85061E-01
    2.47191E+02    8.07575E-01    4.73839E-03    6.19631E+02    4.96844E-06    2.05633E-03   -8.60188E-04    9.92098E-01    9.84164E-01    9.84545E-01
    2.51076E+02    8.12568E-01    4.99322E-03    6.28656E+02    5.08446E-06    2.08087E-03   -8.68597E-04    9.91896E-01    9.83757E-01    9.84164E-01
    2.55014E+02    8.17976E-01    5.40733E-03    6.37805E+02    5.34731E-06    2.14392E-03   -8.66544E-04    9.91577E-01    9.83076E-01    9.83757E-01
    2.59007E+02    8.21477E-01    3.50158E-03    6.56483E+02    3.36292E-06    1.80340E-03   -3.32650E-04    9.93384E-01    9.86134E-01    9.90299E-01
    2.63055E+02    8.25643E-01    4.16567E-03    6.66016E+02    3.88554E-06    1.84690E-03   -6.88837E-04    9.92612E-01    9.85085E-01    9.86134E-01
    2.67158E+02    8.30144E-01    4.50170E-03    6.75681E+02    4.07819E-06    1.87147E-03   -7.58809E-04    9.92318E-01    9.84586E-01    9.85085E-01
    2.71319E+02    8.34883E-01    4.73833E-03    6.85479E+02    4.16920E-06    1.88697E-03   -7.80089E-04    9.92125E-01    9.84221E-01    9.84586E-01
    2.75536E+02    8.39866E-01    4.98318E-03    6.95412E+02    4.25876E-06    1.90774E-03   -7.86955E-04    9.91931E-01    9.83830E-01    9.84221E-01
    2.79812E+02    8.45250E-01    5.38445E-03    7.05482E+02    4.46969E-06    1.96323E-03   -7.84478E-04    9.91622E-01    9.83170E-01    9.83830E-01
    2.84147E+02    8.48740E-01    3.49002E-03    7.26041E+02    2.81407E-06    1.65081E-03   -2.98159E-04    9.93415E-01    9.86210E-01    9.90371E-01
    2.88542E+02    8.52883E-01    4.14297E-03    7.36534E+02    3.24490E-06    1.69030E-03   -6.22729E-04    9.92655E-01    9.85175E-01    9.86210E-01
    2.92998E+02    8.57352E-01    4.46875E-03    7.47172E+02    3.39992E-06    1.71167E-03   -6.85649E-04    9.92370E-01    9.84691E-01    9.85175E-01
    2.97514E+02    8.62047E-01    4.69495E-03    7.57957E+02    3.46989E-06    1.72445E-03   -7.04387E-04    9.92185E-01    9.84342E-01    9.84691E-01
    3.02094E+02    8.66975E-01    4.92737E-03    7.68890E+02    3.53765E-06    1.74167E-03   -7.10089E-04    9.92000E-01    9.83970E-01    9.84342E-01
    3.06736E+02    8.72284E-01    5.30983E-03    7.79974E+02    3.70344E-06    1.78971E-03   -7.07383E-04    9.91704E-01    9.83338E-01    9.83970E-01
    3.11443E+02    8.75720E-01    3.43595E-03    8.02604E+02    2.32812E-06    1.50240E-03   -2.66312E-04    9.93482E-01    9.86362E-01    9.90489E-01
    3.16214E+02    8.79782E-01    4.06122E-03    8.14153E+02    2.67337E-06    1.53600E-03   -5.60430E-04    9.92747E-01    9.85368E-01    9.86362E-01
    3.21051E+02    8.84137E-01    4.35531E-03    8.25862E+02    2.78533E-06    1.55092E-03   -6.16420E-04    9.92487E-01    9.84933E-01    9.85368E-01
    3.25955E+02    8.88671E-01    4.53441E-03    8.37732E+02    2.81736E-06    1.55478E-03   -6.32464E-04    9.92339E-01    9.84662E-01    9.84933E-01
    3.30927E+02    8.93349E-01    4.67731E-03    8.49766E+02    2.82353E-06    1.55487E-03   -6.37102E-04    9.92225E-01    9.84441E-01    9.84662E-01
    3.35967E+02    8.98170E-01    4.82126E-03    8.61967E+02    2.82773E-06    1.55611E-03   -6.37377E-04    9.92112E-01    9.84214E-01    9.84441E-01
    3.41077E+02    9.03178E-01    5.00805E-03    8.74335E+02    2.85390E-06    1.56531E-03   -6.35372E-04    9.91966E-01    9.83913E-01    9.84214E-01
    3.46258E+02    9.08538E-01    5.35982E-03    8.86875E+02    2.96771E-06    1.60365E-03   -6.29308E-04    9.91697E-01    9.83332E-01    9.83913E-01
    3.51510E+02    9.11994E-01    3.45648E-03    9.12475E+02    1.85958E-06    1.34349E-03   -2.33711E-04    9.93485E-01    9.86381E-01    9.90514E-01
    3.56834E+02    9.16067E-01    4.07330E-03    9.25541E+02    2.12935E-06    1.37263E-03   -4.95206E-04    9.92763E-01    9.85404E-01    9.86381E-01
    3.62232E+02    9.20425E-01    4.35753E-03    9.38787E+02    2.21344E-06    1.38473E-03   -5.44030E-04    9.92512E-01    9.84987E-01    9.85404E-01
    3.67704E+02    9.24952E-01    4.52728E-03    9.52216E+02    2.23460E-06    1.38699E-03   -5.57557E-04    9.92372E-01    9.84730E-01    9.84987E-01
    3.73252E+02    9.29613E-01    4.66115E-03    9.65830E+02    2.23563E-06    1.38593E-03   -5.61104E-04    9.92265E-01    9.84523E-01    9.84730E-01
    3.78876E+02    9.34409E-01    4.79581E-03    9.79632E+02    2.23523E-06    1.38588E-03   -5.60867E-04    9.92159E-01    9.84311E-01    9.84523E-01
    3.84578E+02    9.39381E-01    4.97205E-03    9.93624E+02    2.25193E-06    1.39278E-03   -5.58666E-04    9.92022E-01    9.84026E-01    9.84311E-01
    3.90359E+02    9.44690E-01    5.30884E-03    1.00781E+03    2.33662E-06    1.42508E-03   -5.52950E-04    9.91763E-01    9.83468E-01    9.84026E-01
    3.96220E+02    9.48114E-01    3.42345E-03    1.03677E+03    1.46429E-06    1.19287E-03   -2.03347E-04    9.93535E-01    9.86496E-01    9.90610E-01
    4.02161E+02    9.52136E-01    4.02263E-03    1.05155E+03    1.67209E-06    1.21793E-03   -4.34438E-04    9.92830E-01    9.85544E-01    9.86496E-01
    4.08184E+02    9.56426E-01    4.28987E-03    1.06654E+03    1.73294E-06    1.22699E-03   -4.76899E-04    9.92593E-01    9.85152E-01    9.85544E-01
    4.14291E+02    9.60866E-01    4.43984E-03    1.08173E+03    1.74303E-06    1.22664E-03   -4.88252E-04    9.92469E-01    9.84927E-01    9.85152E-01
    4.20481E+02    9.65412E-01    4.54642E-03    1.09713E+03    1.73466E-06    1.22220E-03   -4.90800E-04    9.92383E-01    9.84765E-01    9.84927E-01
    4.26758E+02    9.70049E-01    4.63719E-03    1.11274E+03    1.71954E-06    1.21632E-03   -4.90011E-04    9.92312E-01    9.84625E-01    9.84765E-01
    4.33120E+02    9.74777E-01    4.72782E-03    1.12857E+03    1.70388E-06    1.21078E-03   -4.87752E-04    9.92241E-01    9.84484E-01    9.84625E-01
    4.39571E+02    9.79612E-01    4.83474E-03    1.14462E+03    1.69347E-06    1.20767E-03   -4.84786E-04    9.92158E-01    9.84315E-01    9.84484E-01
    4.46111E+02    9.84602E-01    4.99041E-03    1.16089E+03    1.69893E-06    1.21134E-03   -4.81243E-04    9.92038E-01    9.84062E-01    9.84315E-01
    4.52741E+02    9.89911E-01    5.30838E-03    1.17738E+03    1.75648E-06    1.23718E-03   -4.75263E-04    9.91794E-01    9.83535E-01    9.84062E-01
    4.59462E+02    9.93331E-01    3.42011E-03    1.21106E+03    1.09994E-06    1.03444E-03   -1.72830E-04    9.93560E-01    9.86560E-01    9.90670E-01
    4.66276E+02    9.97339E-01    4.00819E-03    1.22824E+03    1.25294E-06    1.05566E-03   -3.72181E-04    9.92869E-01    9.85626E-01    9.86560E-01
    4.73184E+02    1.00160E+00    4.26458E-03    1.24567E+03    1.29574E-06    1.06260E-03   -4.08203E-04    9.92642E-01    9.85251E-01    9.85626E-01
    4.80188E+02    1.00601E+00    4.40385E-03    1.26333E+03    1.30060E-06    1.06126E-03   -4.17524E-04    9.92525E-01    9.85042E-01    9.85251E-01
    4.87288E+02    1.01051E+00    4.49879E-03    1.28124E+03    1.29145E-06    1.05623E-03   -4.19326E-04    9.92449E-01    9.84898E-01    9.85042E-01
    4.94486E+02    1.01508E+00    4.57547E-03    1.29939E+03    1.27673E-06    1.04965E-03   -4.18280E-04    9.92388E-01    9.84781E-01    9.84898E-01
    5.01783E+02    1.01973E+00    4.64686E-03    1.31780E+03    1.26040E-06    1.04277E-03   -4.15972E-04    9.92333E-01    9.84671E-01    9.84781E-01
    5.09181E+02    1.02445E+00    4.72312E-03    1.33646E+03    1.24528E-06    1.03665E-03   -4.13076E-04    9.92274E-01    9.84552E-01    9.84671E-01
    5.16682E+02    1.02927E+00    4.81798E-03    1.35537E+03    1.23481E-06    1.03286E-03   -4.09901E-04    9.92200E-01    9.84401E-01    9.84552E-01
    5.24285E+02    1.03423E+00    4.96203E-03    1.37455E+03    1.23623E-06    1.03492E-03   -4.06411E-04    9.92089E-01    9.84165E-01    9.84401E-01
    5.31994E+02    1.03950E+00    5.26561E-03    1.39399E+03    1.27525E-06    1.05568E-03   -4.00984E-04    9.91855E-01    9.83662E-01    9.84165E-01
    5.39809E+02    1.04289E+00    3.39435E-03    1.43369E+03    7.99133E-07    8.82212E-04   -1.44344E-04    9.93605E-01    9.86663E-01    9.90759E-01
    5.47732E+02    1.04686E+00    3.96878E-03    1.45395E+03    9.08320E-07    9.00015E-04   -3.13515E-04    9.92928E-01    9.85748E-01    9.86663E-01
    5.55764E+02    1.05107E+00    4.21385E-03    1.47448E+03    9.37531E-07    9.05233E-04   -3.43634E-04    9.92710E-01    9.85389E-01    9.85748E-01
    5.63907E+02    1.05542E+00    4.34242E-03    1.49530E+03    9.39224E-07    9.03263E-04   -3.51198E-04    9.92602E-01    9.85196E-01    9.85389E-01
    5.72163E+02    1.05984E+00    4.42581E-03    1.51641E+03    9.30607E-07    8.97999E-04   -3.52427E-04    9.92534E-01    9.85070E-01    9.85196E-01
    5.80532E+02    1.06433E+00    4.48875E-03    1.53781E+03    9.17572E-07    8.91178E-04   -3.51247E-04    9.92484E-01    9.84974E-01    9.85070E-01
    5.89017E+02    1.06887E+00    4.54226E-03    1.55951E+03    9.02677E-07    8.83681E-04   -3.48978E-04    9.92442E-01    9.84893E-01    9.84974E-01
    5.97619E+02    1.07347E+00    4.59276E-03    1.58150E+03    8.87330E-07    8.76065E-04   -3.46179E-04    9.92404E-01    9.84816E-01    9.84893E-01
    6.06340E+02    1.07811E+00    4.64555E-03    1.60380E+03    8.72580E-07    8.68816E-04   -3.43130E-04    9.92363E-01    9.84735E-01    9.84816E-01
    6.15181E+02    1.08282E+00    4.70719E-03    1.62641E+03    8.59589E-07    8.62553E-04   -3.39988E-04    9.92316E-01    9.84638E-01    9.84735E-01
    6.24144E+02    1.08761E+00    4.78940E-03    1.64933E+03    8.50308E-07    8.58402E-04   -3.36830E-04    9.92252E-01    9.84505E-01    9.84638E-01
    6.33230E+02    1.09253E+00    4.92106E-03    1.67256E+03    8.49423E-07    8.59170E-04   -3.33540E-04    9.92149E-01    9.84289E-01    9.84505E-01
    6.42442E+02    1.09774E+00    5.20910E-03    1.69612E+03    8.74184E-07    8.75273E-04   -3.28758E-04    9.91927E-01    9.83809E-01    9.84289E-01
    6.51782E+02    1.10110E+00    3.35903E-03    1.74420E+03    5.48069E-07    7.30991E-04   -1.17136E-04    9.93658E-01    9.86784E-01    9.90861E-01
    6.61250E+02    1.10502E+00    3.91819E-03    1.76875E+03    6.21571E-07    7.45472E-04   -2.56596E-04    9.92996E-01    9.85890E-01    9.86784E-01
    6.70849E+02    1.10917E+00    4.15140E-03    1.79363E+03    6.40307E-07    7.49213E-04   -2.81046E-04    9.92788E-01    9.85547E-01    9.85890E-01
    6.80580E+02    1.11344E+00    4.26939E-03    1.81886E+03    6.40254E-07    7.46921E-04   -2.86989E-04    9.92688E-01    9.85369E-01    9.85547E-01
    6.90445E+02    1.11778E+00    4.34207E-03    1.84443E+03    6.33112E-07    7.41830E-04   -2.87752E-04    9.92628E-01    9.85260E-01    9.85369E-01
    7.00447E+02    1.12217E+00    4.39325E-03    1.87036E+03    6.22833E-07    7.35342E-04   -2.86540E-04    9.92587E-01    9.85182E-01    9.85260E-01
    7.10587E+02    1.12661E+00    4.43299E-03    1.89664E+03    6.11067E-07    7.28128E-04   -2.84423E-04    9.92556E-01    9.85123E-01    9.85182E-01
    7.20866E+02    1.13107E+00    4.46637E-03    1.92329E+03    5.98627E-07    7.20549E-04   -2.81845E-04    9.92531E-01    9.85073E-01    9.85123E-01
    7.31288E+02    1.13557E+00    4.49637E-03    1.95030E+03    5.85974E-07    7.12825E-04   -2.79023E-04    9.92508E-01    9.85029E-01    9.85073E-01
    7.41853E+02    1.14009E+00    4.52512E-03    1.97769E+03    5.73409E-07    7.05118E-04   -2.76075E-04    9.92487E-01    9.84986E-01    9.85029E-01
    7.52564E+02    1.14465E+00    4.55450E-03    2.00546E+03    5.61173E-07    6.97569E-04   -2.73076E-04    9.92465E-01    9.84942E-01    9.84986E-01
    7.63423E+02    1.14923E+00    4.58660E-03    2.03361E+03    5.49507E-07    6.90338E-04   -2.70076E-04    9.92441E-01    9.84893E-01    9.84942E-01
    7.74432E+02    1.15386E+00    4.62443E-03    2.06214E+03    5.38728E-07    6.83651E-04   -2.67115E-04    9.92412E-01    9.84835E-01    9.84893E-01
    7.85593E+02    1.15853E+00    4.67312E-03    2.09107E+03    5.29361E-07    6.77898E-04   -2.64225E-04    9.92375E-01    9.84757E-01    9.84835E-01
    7.96907E+02    1.16327E+00    4.74331E-03    2.12040E+03    5.22473E-07    6.73896E-04   -2.61414E-04    9.92320E-01    9.84643E-01    9.84757E-01
    8.08378E+02    1.16814E+00    4.86258E-03    2.15014E+03    5.20823E-07    6.73772E-04   -2.58564E-04    9.92227E-01    9.84445E-01    9.84643E-01
    8.20007E+02    1.17327E+00    5.13446E-03    2.18028E+03    5.34765E-07    6.85520E-04   -2.54612E-04    9.92016E-01    9.83989E-01    9.84445E-01
    8.31797E+02    1.17658E+00    3.31211E-03    2.24183E+03    3.35445E-07    5.72174E-04   -8.97887E-05    9.93724E-01    9.86932E-01    9.90980E-01
    8.43749E+02    1.18044E+00    3.85457E-03    2.27324E+03    3.79615E-07    5.83317E-04   -1.98383E-04    9.93079E-01    9.86059E-01    9.86932E-01
    8.55867E+02    1.18451E+00    4.07595E-03    2.30508E+03    3.90348E-07    5.85835E-04   -2.17129E-04    9.92879E-01    9.85732E-01    9.86059E-01
    8.68151E+02    1.18870E+00    4.18426E-03    2.33737E+03    3.89673E-07    5.83604E-04   -2.21539E-04    9.92787E-01    9.85568E-01    9.85732E-01
    8.80605E+02    1.19295E+00    4.24802E-03    2.37010E+03    3.84707E-07    5.79174E-04   -2.21955E-04    9.92734E-01    9.85471E-01    9.85568E-01
    8.93231E+02    1.19724E+00    4.29037E-03    2.40328E+03    3.77836E-07    5.73638E-04   -2.20851E-04    9.92700E-01    9.85407E-01    9.85471E-01
    9.06031E+02    1.20156E+00    4.32099E-03    2.43692E+03    3.70049E-07    5.67509E-04   -2.19050E-04    9.92676E-01    9.85362E-01    9.85407E-01
    9.19008E+02    1.20590E+00    4.34457E-03    2.47102E+03    3.61822E-07    5.61053E-04   -2.16891E-04    9.92658E-01    9.85327E-01    9.85362E-01
    9.32164E+02    1.21027E+00    4.36373E-03    2.50559E+03    3.53411E-07    5.54424E-04   -2.14535E-04    9.92643E-01    9.85299E-01    9.85327E-01
    9.45501E+02    1.21465E+00    4.38003E-03    2.54064E+03    3.44967E-07    5.47716E-04   -2.12071E-04    9.92632E-01    9.85276E-01    9.85299E-01
    9.59023E+02    1.21904E+00    4.39455E-03    2.57618E+03    3.36586E-07    5.40995E-04   -2.09549E-04    9.92621E-01    9.85256E-01    9.85276E-01
    9.72731E+02    1.22345E+00    4.40807E-03    2.61220E+03    3.28333E-07    5.34307E-04   -2.07001E-04    9.92612E-01    9.85237E-01    9.85256E-01
    9.86628E+02    1.22787E+00    4.42130E-03    2.64873E+03    3.20260E-07    5.27694E-04   -2.04449E-04    9.92602E-01    9.85219E-01    9.85237E-01
    1.00072E+03    1.23231E+00    4.43490E-03    2.68575E+03    3.12411E-07    5.21194E-04   -2.01910E-04    9.92593E-01    9.85199E-01    9.85219E-01
    1.01500E+03    1.23675E+00    4.44964E-03    2.72329E+03    3.04832E-07    5.14852E-04   -1.99398E-04    9.92582E-01    9.85178E-01    9.85199E-01
    1.02948E+03    1.24122E+00    4.46657E-03    2.76134E+03    2.97581E-07    5.08726E-04   -1.96924E-04    9.92570E-01    9.85153E-01    9.85178E-01
    1.04416E+03    1.24571E+00    4.48720E-03    2.79992E+03    2.90740E-07    5.02901E-04   -1.94501E-04    9.92555E-01    9.85121E-01    9.85153E-01
    1.05904E+03    1.25022E+00    4.51406E-03    2.83904E+03    2.84445E-07    4.97520E-04   -1.92142E-04    9.92534E-01    9.85079E-01    9.85121E-01
    1.07413E+03    1.25477E+00    4.55182E-03    2.87869E+03    2.78946E-07    4.92848E-04   -1.89859E-04    9.92505E-01    9.85017E-01    9.85079E-01
    1.08943E+03    1.25939E+00    4.61047E-03    2.91889E+03    2.74781E-07    4.89456E-04   -1.87652E-04    9.92458E-01    9.84920E-01    9.85017E-01
    1.10494E+03    1.26410E+00    4.71617E-03    2.95964E+03    2.73363E-07    4.88854E-04   -1.85430E-04    9.92374E-01    9.84741E-01    9.84920E-01
    1.12066E+03    1.26907E+00    4.96747E-03    3.00096E+03    2.80026E-07    4.96731E-04   -1.82440E-04    9.92176E-01    9.84313E-01    9.84741E-01
    1.13660E+03    1.27227E+00    3.20459E-03    3.08531E+03    1.75691E-07    4.14289E-04   -6.36822E-05    9.93848E-01    9.87200E-01    9.91181E-01
    1.15276E+03    1.27599E+00    3.72019E-03    3.12836E+03    1.98362E-07    4.22171E-04   -1.41895E-04    9.93225E-01    9.86357E-01    9.87200E-01
    1.16914E+03    1.27992E+00    3.92526E-03    3.17200E+03    2.03555E-07    4.23646E-04   -1.55174E-04    9.93037E-01    9.86050E-01    9.86357E-01
    1.18574E+03    1.28394E+00    4.02139E-03    3.21625E+03    2.02820E-07    4.21664E-04   -1.58177E-04    9.92953E-01    9.85902E-01    9.86050E-01
    1.20258E+03    1.28801E+00    4.07455E-03    3.26111E+03    1.99866E-07    4.18088E-04   -1.58331E-04    9.92908E-01    9.85821E-01    9.85902E-01
    1.21965E+03    1.29212E+00    4.10692E-03    3.30659E+03    1.95931E-07    4.13709E-04   -1.57403E-04    9.92881E-01    9.85771E-01    9.85821E-01
    1.23696E+03    1.29625E+00    4.12772E-03    3.35269E+03    1.91525E-07    4.08896E-04   -1.55979E-04    9.92865E-01    9.85741E-01    9.85771E-01
    1.25450E+03    1.30039E+00    4.14140E-03    3.39943E+03    1.86894E-07    4.03838E-04   -1.54299E-04    9.92854E-01    9.85721E-01    9.85741E-01
    1.27228E+03    1.30454E+00    4.15036E-03    3.44682E+03    1.82166E-07    3.98643E-04   -1.52478E-04    9.92848E-01    9.85709E-01    9.85721E-01
    1.29032E+03    1.30870E+00    4.15601E-03    3.49486E+03    1.77416E-07    3.93374E-04   -1.50577E-04    9.92845E-01    9.85703E-01    9.85709E-01
    1.30860E+03    1.31286E+00    4.15923E-03    3.54356E+03    1.72690E-07    3.88072E-04   -1.48630E-04    9.92843E-01    9.85701E-01    9.85703E-01
    1.32713E+03    1.31702E+00    4.16060E-03    3.59293E+03    1.68016E-07    3.82763E-04   -1.46659E-04    9.92843E-01    9.85701E-01    9.85701E-01
    1.34592E+03    1.32118E+00    4.16052E-03    3.64299E+03    1.63413E-07    3.77467E-04   -1.44677E-04    9.92845E-01    9.85704E-01    9.85701E-01
    1.36496E+03    1.32534E+00    4.15927E-03    3.69374E+03    1.58891E-07    3.72195E-04   -1.42695E-04    9.92847E-01    9.85709E-01    9.85704E-01
    1.38427E+03    1.32949E+00    4.15708E-03    3.74518E+03    1.54461E-07    3.66959E-04   -1.40718E-04    9.92850E-01    9.85715E-01    9.85709E-01
    1.40385E+03    1.33365E+00    4.15412E-03    3.79734E+03    1.50127E-07    3.61766E-04   -1.38751E-04    9.92854E-01    9.85723E-01    9.85715E-01
    1.42370E+03    1.33780E+00    4.15053E-03    3.85022E+03    1.45892E-07    3.56621E-04   -1.36797E-04    9.92858E-01    9.85732E-01    9.85723E-01
    1.44382E+03    1.34194E+00    4.14643E-03    3.90382E+03    1.41761E-07    3.51531E-04   -1.34860E-04    9.92863E-01    9.85741E-01    9.85732E-01
    1.46421E+03    1.34609E+00    4.14194E-03    3.95817E+03    1.37734E-07    3.46498E-04   -1.32941E-04    9.92868E-01    9.85752E-01    9.85741E-01
    1.48489E+03    1.35022E+00    4.13719E-03    4.01327E+03    1.33813E-07    3.41528E-04   -1.31042E-04    9.92873E-01    9.85762E-01    9.85752E-01
    1.50586E+03    1.35436E+00    4.13230E-03    4.06912E+03    1.30001E-07    3.36626E-04   -1.29164E-04    9.92879E-01    9.85773E-01    9.85762E-01
    1.52711E+03    1.35848E+00    4.12743E-03    4.12575E+03    1.26297E-07    3.31798E-04   -1.27310E-04    9.92884E-01    9.85783E-01    9.85773E-01
    1.54866E+03    1.36261E+00    4.12278E-03    4.18316E+03    1.22706E-07    3.27049E-04   -1.25480E-04    9.92889E-01    9.85794E-01    9.85783E-01
    1.57051E+03    1.36673E+00    4.11858E-03    4.24136E+03    1.19231E-07    3.22389E-04   -1.23677E-04    9.92894E-01    9.85803E-01    9.85794E-01
    1.59265E+03    1.37084E+00    4.11520E-03    4.30037E+03    1.15877E-07    3.17832E-04   -1.21903E-04    9.92898E-01    9.85811E-01    9.85803E-01
    1.61511E+03    1.37495E+00    4.11314E-03    4.36018E+03    1.12654E-07    3.13394E-04   -1.20160E-04    9.92901E-01    9.85816E-01    9.85811E-01
    1.63787E+03    1.37907E+00    4.11315E-03    4.42083E+03    1.09577E-07    3.09106E-04   -1.18452E-04    9.92902E-01    9.85818E-01    9.85816E-01
    1.66094E+03    1.38318E+00    4.11649E-03    4.48231E+03    1.06670E-07    3.05011E-04   -1.16784E-04    9.92900E-01    9.85813E-01    9.85818E-01
    1.68434E+03    1.38731E+00    4.12527E-03    4.54464E+03    1.03978E-07    3.01192E-04   -1.15160E-04    9.92893E-01    9.85799E-01    9.85813E-01
    1.70806E+03    1.39145E+00    4.14356E-03    4.60783E+03    1.01587E-07    2.97801E-04   -1.13587E-04    9.92878E-01    9.85767E-01    9.85799E-01
    1.73210E+03    1.39563E+00    4.18009E-03    4.67189E+03    9.96844E-08    2.95172E-04   -1.12062E-04    9.92848E-01    9.85702E-01    9.85767E-01
    1.75648E+03    1.39989E+00    4.25785E-03    4.73684E+03    9.87666E-08    2.94193E-04   -1.10532E-04    9.92783E-01    9.85563E-01    9.85702E-01
    1.78119E+03    1.40435E+00    4.46360E-03    4.80268E+03    1.00713E-07    2.98209E-04   -1.08554E-04    9.92613E-01    9.85193E-01    9.85563E-01
    1.80624E+03    1.40722E+00    2.86611E-03    4.93710E+03    6.29035E-08    2.47990E-04   -3.74730E-05    9.94202E-01    9.87947E-01    9.91701E-01
    1.83164E+03    1.41053E+00    3.31226E-03    5.00571E+03    7.07113E-08    2.52298E-04   -8.40066E-05    9.93631E-01    9.87179E-01    9.87947E-01
    1.85739E+03    1.41401E+00    3.47902E-03    5.07526E+03    7.22449E-08    2.52663E-04   -9.16847E-05    9.93469E-01    9.86919E-01    9.87179E-01
    1.88350E+03    1.41756E+00    3.54812E-03    5.14577E+03    7.16694E-08    2.50942E-04   -9.32616E-05    9.93405E-01    9.86809E-01    9.86919E-01
    1.90996E+03    1.42114E+00    3.57850E-03    5.21725E+03    7.03111E-08    2.48261E-04   -9.31536E-05    9.93378E-01    9.86762E-01    9.86809E-01
    1.93680E+03    1.42473E+00    3.58992E-03    5.28973E+03    6.86116E-08    2.45097E-04   -9.24067E-05    9.93368E-01    9.86747E-01    9.86762E-01
    1.96400E+03    1.42832E+00    3.59057E-03    5.36320E+03    6.67524E-08    2.41670E-04   -9.13667E-05    9.93368E-01    9.86749E-01    9.86747E-01
    1.99157E+03    1.43190E+00    3.58439E-03    5.43768E+03    6.48202E-08    2.38094E-04   -9.01751E-05    9.93375E-01    9.86764E-01    9.86749E-01
    2.01953E+03    1.43548E+00    3.57347E-03    5.51320E+03    6.28607E-08    2.34430E-04   -8.88993E-05    9.93386E-01    9.86787E-01    9.86764E-01
    2.04787E+03    1.43903E+00    3.55905E-03    5.58975E+03    6.09001E-08    2.30718E-04   -8.75748E-05    9.93400E-01    9.86816E-01    9.86787E-01
    2.07661E+03    1.44258E+00    3.54187E-03    5.66736E+03    5.89540E-08    2.26980E-04   -8.62220E-05    9.93416E-01    9.86850E-01    9.86816E-01
    2.10574E+03    1.44610E+00    3.52242E-03    5.74605E+03    5.70321E-08    2.23231E-04   -8.48531E-05    9.93435E-01    9.86888E-01    9.86850E-01
    2.13527E+03    1.44960E+00    3.50101E-03    5.82582E+03    5.51405E-08    2.19482E-04   -8.34761E-05    9.93456E-01    9.86930E-01    9.86888E-01
    2.16521E+03    1.45308E+00    3.47787E-03    5.90669E+03    5.32833E-08    2.15740E-04   -8.20960E-05    9.93478E-01    9.86975E-01    9.86930E-01
    2.19557E+03    1.45653E+00    3.45314E-03    5.98867E+03    5.14628E-08    2.12009E-04   -8.07163E-05    9.93502E-01    9.87023E-01    9.86975E-01
    2.22634E+03    1.45996E+00    3.42692E-03    6.07179E+03    4.96806E-08    2.08293E-04   -7.93395E-05    9.93528E-01    9.87074E-01    9.87023E-01
    2.25753E+03    1.46336E+00    3.39929E-03    6.15605E+03    4.79375E-08    2.04594E-04   -7.79672E-05    9.93555E-01    9.87128E-01    9.87074E-01
    2.28916E+03    1.46673E+00    3.37029E-03    6.24148E+03    4.62338E-08    2.00913E-04   -7.66005E-05    9.93583E-01    9.87185E-01    9.87128E-01
    2.32123E+03    1.47007E+00    3.33994E-03    6.32809E+03    4.45695E-08    1.97252E-04   -7.52403E-05    9.93613E-01    9.87244E-01    9.87185E-01
    2.35373E+03    1.47338E+00    3.30827E-03    6.41589E+03    4.29445E-08    1.93611E-04   -7.38869E-05    9.93644E-01    9.87307E-01    9.87244E-01
    2.38669E+03    1.47665E+00    3.27527E-03    6.50490E+03    4.13584E-08    1.89990E-04   -7.25408E-05    9.93676E-01    9.87372E-01    9.87307E-01
    2.42010E+03    1.47989E+00    3.24095E-03    6.59514E+03    3.98106E-08    1.86389E-04   -7.12021E-05    9.93710E-01    9.87440E-01    9.87372E-01
    2.45397E+03    1.48310E+00    3.20529E-03    6.68663E+03    3.83006E-08    1.82808E-04   -6.98708E-05    9.93745E-01    9.87511E-01    9.87440E-01
    2.48831E+03    1.48627E+00    3.16827E-03    6.77938E+03    3.68276E-08    1.79246E-04   -6.85469E-05    9.93782E-01    9.87585E-01    9.87511E-01
    2.52312E+03    1.48940E+00    3.12988E-03    6.87341E+03    3.53910E-08    1.75702E-04   -6.72303E-05    9.93820E-01    9.87662E-01    9.87585E-01
    2.55841E+03    1.49249E+00    3.09009E-03    6.96873E+03    3.39901E-08    1.72176E-04   -6.59208E-05    9.93860E-01    9.87742E-01    9.87662E-01
    2.59419E+03    1.49553E+00    3.04888E-03    7.06538E+03    3.26240E-08    1.68667E-04   -6.46182E-05    9.93902E-01    9.87826E-01    9.87742E-01
    2.63046E+03    1.49854E+00    3.00621E-03    7.16335E+03    3.12920E-08    1.65173E-04   -6.33221E-05    9.93945E-01    9.87913E-01    9.87826E-01
    2.66724E+03    1.50150E+00    2.96204E-03    7.26268E+03    2.99932E-08    1.61695E-04   -6.20322E-05    9.93991E-01    9.88004E-01    9.87913E-01
    2.70452E+03    1.50442E+00    2.91635E-03    7.36338E+03    2.87270E-08    1.58230E-04   -6.07482E-05    9.94038E-01    9.88098E-01    9.88004E-01
    2.74232E+03    1.50729E+00    2.86909E-03    7.46547E+03    2.74926E-08    1.54777E-04   -5.94696E-05    9.94087E-01    9.88197E-01    9.88098E-01
    2.78063E+03    1.51011E+00    2.82022E-03    7.56896E+03    2.62891E-08    1.51335E-04   -5.81960E-05    9.94138E-01    9.88299E-01    9.88197E-01
    2.81948E+03    1.51288E+00    2.76970E-03    7.67389E+03    2.51159E-08    1.47903E-04   -5.69270E-05    9.94191E-01    9.88406E-01    9.88299E-01
    2.85886E+03    1.51560E+00    2.71749E-03    7.78026E+03    2.39721E-08    1.44478E-04   -5.56620E-05    9.94247E-01    9.88518E-01    9.88406E-01
    2.89879E+03    1.51826E+00    2.66354E-03    7.88810E+03    2.28572E-08    1.41059E-04   -5.44005E-05    9.94304E-01    9.88634E-01    9.88518E-01
    2.93926E+03    1.52087E+00    2.60780E-03    7.99743E+03    2.17703E-08    1.37645E-04   -5.31420E-05    9.94365E-01    9.88755E-01    9.88634E-01
    2.98030E+03    1.52342E+00    2.55024E-03    8.10827E+03    2.07108E-08    1.34234E-04   -5.18857E-05    9.94428E-01    9.88882E-01    9.88755E-01
    3.02190E+03    1.52591E+00    2.49080E-03    8.22064E+03    1.96780E-08    1.30822E-04   -5.06311E-05    9.94494E-01    9.89014E-01    9.88882E-01
    3.06408E+03    1.52834E+00    2.42943E-03    8.33456E+03    1.86713E-08    1.27410E-04   -4.93775E-05    9.94562E-01    9.89152E-01    9.89014E-01
    3.10683E+03    1.53070E+00    2.36609E-03    8.45005E+03    1.76902E-08    1.23993E-04   -4.81241E-05    9.94634E-01    9.89296E-01    9.89152E-01
    3.15018E+03    1.53300E+00    2.30073E-03    8.56713E+03    1.67339E-08    1.20570E-04   -4.68702E-05    9.94709E-01    9.89447E-01    9.89296E-01
    3.19413E+03    1.53524E+00    2.23330E-03    8.68583E+03    1.58019E-08    1.17137E-04   -4.56149E-05    9.94788E-01    9.89605E-01    9.89447E-01
    3.23868E+03    1.53740E+00    2.16377E-03    8.80617E+03    1.48938E-08    1.13693E-04   -4.43573E-05    9.94870E-01    9.89770E-01    9.89605E-01
    3.28385E+03    1.53949E+00    2.09208E-03    8.92817E+03    1.40090E-08    1.10234E-04   -4.30965E-05    9.94956E-01    9.89943E-01    9.89770E-01
    3.32964E+03    1.54151E+00    2.01821E-03    9.05185E+03    1.31470E-08    1.06757E-04   -4.18314E-05    9.95046E-01    9.90124E-01    9.89943E-01
    3.37606E+03    1.54345E+00    1.94212E-03    9.17724E+03    1.23075E-08    1.03258E-04   -4.05610E-05    9.95141E-01    9.90315E-01    9.90124E-01
    3.42312E+03    1.54532E+00    1.86377E-03    9.30436E+03    1.14901E-08    9.97338E-05   -3.92840E-05    9.95240E-01    9.90514E-01    9.90315E-01
    3.47084E+03    1.54710E+00    1.78315E-03    9.43323E+03    1.06944E-08    9.61791E-05   -3.79991E-05    9.95345E-01    9.90724E-01    9.90514E-01
    3.51921E+03    1.54880E+00    1.70025E-03    9.56388E+03    9.92009E-09    9.25896E-05   -3.67050E-05    9.95455E-01    9.90945E-01    9.90724E-01
    3.56825E+03    1.55042E+00    1.61506E-03    9.69634E+03    9.16704E-09    8.89600E-05   -3.54000E-05    9.95570E-01    9.91178E-01    9.90945E-01
    3.61796E+03    1.55194E+00    1.52759E-03    9.83062E+03    8.43505E-09    8.52845E-05   -3.40824E-05    9.95693E-01    9.91424E-01    9.91178E-01
    3.66836E+03    1.55338E+00    1.43788E-03    9.96676E+03    7.72400E-09    8.15562E-05   -3.27503E-05    9.95821E-01    9.91683E-01    9.91424E-01
    3.71946E+03    1.55473E+00    1.34597E-03    1.01048E+04    7.03390E-09    7.77678E-05   -3.14017E-05    9.95958E-01    9.91957E-01    9.91683E-01
    3.77126E+03    1.55598E+00    1.25195E-03    1.02447E+04    6.36482E-09    7.39106E-05   -3.00340E-05    9.96102E-01    9.92247E-01    9.91957E-01
    3.82378E+03    1.55714E+00    1.15591E-03    1.03865E+04    5.71698E-09    6.99747E-05   -2.86447E-05    9.96255E-01    9.92555E-01    9.92247E-01
    3.87702E+03    1.55819E+00    1.05803E-03    1.05303E+04    5.09075E-09    6.59488E-05   -2.72306E-05    9.96417E-01    9.92882E-01    9.92555E-01
    3.93100E+03    1.55915E+00    9.58523E-04    1.06761E+04    4.48672E-09    6.18199E-05   -2.57881E-05    9.96591E-01    9.93231E-01    9.92882E-01
    3.98572E+03    1.56001E+00    8.57717E-04    1.08239E+04    3.90585E-09    5.75736E-05   -2.43130E-05    9.96776E-01    9.93603E-01    9.93231E-01
    4.04120E+03    1.56077E+00    7.56103E-04    1.09738E+04    3.34963E-09    5.31957E-05   -2.28002E-05    9.96973E-01    9.94002E-01    9.93603E-01
    4.09744E+03    1.56142E+00    6.54498E-04    1.11257E+04    2.82078E-09    4.86779E-05   -2.12424E-05    9.97185E-01    9.94429E-01    9.94002E-01
    4.15446E+03    1.56197E+00    5.54582E-04    1.12797E+04    2.32527E-09    4.40462E-05   -1.96264E-05    9.97410E-01    9.94881E-01    9.94429E-01
    4.21226E+03    1.56244E+00    4.61541E-04    1.14358E+04    1.88262E-09    3.95244E-05   -1.79008E-05    9.97638E-01    9.95338E-01    9.94881E-01
    4.27086E+03    1.56259E+00    1.49689E-04    1.17546E+04    5.94007E-10    2.36657E-05   -5.82607E-06    9.98659E-01    9.97263E-01    9.97737E-01
    4.33028E+03    1.56270E+00    1.10491E-04    1.19173E+04    4.26555E-10    1.81230E-05   -9.90506E-06    9.98852E-01    9.97768E-01    9.97263E-01
    4.39051E+03    1.56275E+00    5.16293E-05    1.20822E+04    1.93907E-10    1.04875E-05   -9.16070E-06    9.99258E-01    9.98622E-01    9.97768E-01
    4.45157E+03    1.56281E+00    5.92900E-05    1.20822E+04    2.16635E-10    9.14034E-06   -1.15364E-05    9.98622E-01    9.98060E-01    9.96746E-01
    4.51347E+03    1.56288E+00    7.39394E-05    1.20822E+04    2.62828E-10    8.15128E-06   -1.40137E-05    9.98060E-01    9.97552E-01    9.95781E-01
    4.57623E+03    1.56298E+00    9.45272E-05    1.20822E+04    3.26891E-10    7.39523E-06   -1.64985E-05    9.97552E-01    9.97085E-01    9.94868E-01
    4.63986E+03    1.56310E+00    1.20354E-04    1.20822E+04    4.04910E-10    6.79478E-06   -1.89405E-05    9.97085E-01    9.96650E-01    9.94004E-01
    4.70436E+03    1.56325E+00    1.50936E-04    1.20822E+04    4.94016E-10    6.30154E-06   -2.13145E-05    9.96650E-01    9.96241E-01    9.93182E-01
    4.76976E+03    1.56343E+00    1.85936E-04    1.20822E+04    5.92058E-10    5.88480E-06   -2.36099E-05    9.96241E-01    9.95853E-01    9.92400E-01
    4.83605E+03    1.56366E+00    2.25127E-04    1.20822E+04    6.97400E-10    5.52468E-06   -2.58240E-05    9.95853E-01    9.95484E-01    9.91652E-01
    4.90326E+03    1.56393E+00    2.68363E-04    1.20822E+04    8.08780E-10    5.20799E-06   -2.79581E-05    9.95484E-01    9.95132E-01    9.90936E-01
    4.97140E+03    1.56424E+00    3.15558E-04    1.20822E+04    9.25213E-10    4.92568E-06   -3.00158E-05    9.95132E-01    9.94794E-01    9.90249E-01
    5.04048E+03    1.56461E+00    3.66674E-04    1.20822E+04    1.04592E-09    4.67139E-06   -3.20015E-05    9.94794E-01    9.94469E-01    9.89588E-01
    5.11051E+03    1.56503E+00    4.21706E-04    1.20822E+04    1.17026E-09    4.44046E-06   -3.39196E-05    9.94469E-01    9.94156E-01    9.88951E-01
    5.18151E+03    1.56551E+00    4.80679E-04    1.20822E+04    1.29773E-09    4.22937E-06   -3.57748E-05    9.94156E-01    9.93854E-01    9.88336E-01
    5.25349E+03    1.56605E+00    5.43640E-04    1.20822E+04    1.42789E-09    4.03539E-06   -3.75714E-05    9.93854E-01    9.93561E-01    9.87741E-01
    5.32646E+03    1.56667E+00    6.10652E-04    1.20822E+04    1.56040E-09    3.85637E-06   -3.93132E-05    9.93561E-01    9.93278E-01    9.87165E-01
    5.40044E+03    1.56735E+00    6.81798E-04    1.20822E+04    1.69494E-09    3.69052E-06   -4.10039E-05    9.93278E-01    9.93003E-01    9.86607E-01
    5.47544E+03    1.56810E+00    7.57172E-04    1.20822E+04    1.83126E-09    3.53639E-06   -4.26469E-05    9.93003E-01    9.92736E-01    9.86065E-01
    5.55147E+03    1.56894E+00    8.36880E-04    1.20822E+04    1.96914E-09    3.39276E-06   -4.42451E-05    9.92736E-01    9.92476E-01    9.85538E-01
    5.62856E+03    1.56986E+00    9.21041E-04    1.20822E+04    2.10840E-09    3.25859E-06   -4.58015E-05    9.92476E-01    9.92223E-01    9.85025E-01
    5.70671E+03    1.57087E+00    1.00978E-03    1.20822E+04    2.24885E-09    3.13299E-06   -4.73185E-05    9.92223E-01    9.91977E-01    9.84525E-01
    5.78593E+03    1.57198E+00    1.10325E-03    1.20822E+04    2.39038E-09    3.01520E-06   -4.87984E-05    9.91977E-01    9.91736E-01    9.84038E-01
    5.86625E+03    1.57318E+00    1.20159E-03    1.20822E+04    2.53285E-09    2.90454E-06   -5.02435E-05    9.91736E-01    9.91501E-01    9.83562E-01
    5.94768E+03    1.57448E+00    1.30496E-03    1.20822E+04    2.67616E-09    2.80046E-06   -5.16558E-05    9.91501E-01    9.91272E-01    9.83098E-01
    6.03023E+03    1.57590E+00    1.41355E-03    1.20822E+04    2.82023E-09    2.70243E-06   -5.30370E-05    9.91272E-01    9.91047E-01    9.82643E-01
    6.11392E+03    1.57742E+00    1.52752E-03    1.20822E+04    2.96499E-09    2.61002E-06   -5.43891E-05    9.91047E-01    9.90827E-01    9.82199E-01
    6.19877E+03    1.57907E+00    1.64707E-03    1.20822E+04    3.11037E-09    2.52283E-06   -5.57136E-05    9.90827E-01    9.90612E-01    9.81763E-01
    6.28478E+03    1.58084E+00    1.77242E-03    1.20822E+04    3.25633E-09    2.44053E-06   -5.70120E-05    9.90612E-01    9.90400E-01    9.81337E-01
    6.37199E+03    1.58275E+00    1.90377E-03    1.20822E+04    3.40283E-09    2.36281E-06   -5.82859E-05    9.90400E-01    9.90193E-01    9.80918E-01
    6.46039E+03    1.58479E+00    2.04138E-03    1.20822E+04    3.54986E-09    2.28940E-06   -5.95367E-05    9.90193E-01    9.89989E-01    9.80507E-01
    6.55002E+03    1.58697E+00    2.18547E-03    1.20822E+04    3.69740E-09    2.22006E-06   -6.07657E-05    9.89989E-01    9.89789E-01    9.80103E-01
    6.64089E+03    1.58931E+00    2.33631E-03    1.20822E+04    3.84546E-09    2.15458E-06   -6.19743E-05    9.89789E-01    9.89592E-01    9.79706E-01
    6.73300E+03    1.59180E+00    2.49419E-03    1.20822E+04    3.99403E-09    2.09277E-06   -6.31637E-05    9.89592E-01    9.89398E-01    9.79316E-01
    6.82639E+03    1.59446E+00    2.65940E-03    1.20822E+04    4.14316E-09    2.03448E-06   -6.43352E-05    9.89398E-01    9.89206E-01    9.78931E-01
    6.92107E+03    1.59730E+00    2.83226E-03    1.20822E+04    4.29286E-09    1.97956E-06   -6.54900E-05    9.89206E-01    9.89018E-01    9.78552E-01
    7.01705E+03    1.60031E+00    3.01311E-03    1.20822E+04    4.44318E-09    1.92787E-06   -6.66293E-05    9.89018E-01    9.88831E-01    9.78178E-01
    7.11436E+03    1.60351E+00    3.20231E-03    1.20822E+04    4.59418E-09    1.87932E-06   -6.77544E-05    9.88831E-01    9.88647E-01    9.77808E-01
    7.21301E+03    1.60691E+00    3.40024E-03    1.20822E+04    4.74594E-09    1.83380E-06   -6.88664E-05    9.88647E-01    9.88465E-01    9.77443E-01
    7.31303E+03    1.61052E+00    3.60733E-03    1.20822E+04    4.89852E-09    1.79125E-06   -6.99665E-05    9.88465E-01    9.88285E-01    9.77082E-01
    7.41442E+03    1.61434E+00    3.82401E-03    1.20822E+04    5.05204E-09    1.75159E-06   -7.10561E-05    9.88285E-01    9.88106E-01    9.76725E-01
    7.51721E+03    1.61839E+00    4.05077E-03    1.20822E+04    5.20659E-09    1.71477E-06   -7.21363E-05    9.88106E-01    9.87928E-01    9.76370E-01
    7.62143E+03    1.62268E+00    4.28813E-03    1.20822E+04    5.36231E-09    1.68076E-06   -7.32085E-05    9.87928E-01    9.87752E-01    9.76018E-01
    7.72707E+03    1.62722E+00    4.53665E-03    1.20822E+04    5.51935E-09    1.64953E-06   -7.42740E-05    9.87752E-01    9.87576E-01    9.75668E-01
    7.83418E+03    1.63201E+00    4.79693E-03    1.20822E+04    5.67786E-09    1.62107E-06   -7.53342E-05    9.87576E-01    9.87402E-01    9.75321E-01
    7.94277E+03    1.63708E+00    5.06963E-03    1.20822E+04    5.83804E-09    1.59539E-06   -7.63904E-05    9.87402E-01    9.87227E-01    9.74974E-01
    8.05285E+03    1.64244E+00    5.35546E-03    1.20822E+04    6.00010E-09    1.57249E-06   -7.74443E-05    9.87227E-01    9.87053E-01    9.74628E-01
    8.16445E+03    1.64809E+00    5.65521E-03    1.20822E+04    6.16426E-09    1.55242E-06   -7.84974E-05    9.87053E-01    9.86878E-01    9.74282E-01
    8.27760E+03    1.65406E+00    5.96974E-03    1.20822E+04    6.33078E-09    1.53521E-06   -7.95514E-05    9.86878E-01    9.86704E-01    9.73936E-01
    8.39230E+03    1.66036E+00    6.29997E-03    1.20822E+04    6.49997E-09    1.52093E-06   -8.06081E-05    9.86704E-01    9.86528E-01    9.73590E-01
    8.50859E+03    1.66701E+00    6.64693E-03    1.20822E+04    6.67215E-09    1.50967E-06   -8.16693E-05    9.86528E-01    9.86351E-01    9.73241E-01
    8.62648E+03    1.67402E+00    7.01177E-03    1.20822E+04    6.84768E-09    1.50153E-06   -8.27371E-05    9.86351E-01    9.86173E-01    9.72891E-01
    8.74600E+03    1.68142E+00    7.39573E-03    1.20822E+04    7.02698E-09    1.49663E-06   -8.38137E-05    9.86173E-01    9.85993E-01    9.72538E-01
    8.86717E+03    1.68922E+00    7.80020E-03    1.20822E+04    7.21051E-09    1.49512E-06   -8.49015E-05    9.85993E-01    9.85810E-01    9.72180E-01
    8.99001E+03    1.69745E+00    8.22674E-03    1.20822E+04    7.39878E-09    1.49720E-06   -8.60031E-05    9.85810E-01    9.85625E-01    9.71819E-01
    9.11454E+03    1.70612E+00    8.67706E-03    1.20822E+04    7.59238E-09    1.50307E-06   -8.71213E-05    9.85625E-01    9.85437E-01    9.71452E-01
    9.24080E+03    1.71528E+00    9.15312E-03    1.20822E+04    7.79198E-09    1.51299E-06   -8.82592E-05    9.85437E-01    9.85244E-01    9.71078E-01
    9.36879E+03    1.72493E+00    9.65708E-03    1.20822E+04    7.99830E-09    1.52727E-06   -8.94202E-05    9.85244E-01    9.85048E-01    9.70697E-01
    9.49856E+03    1.73512E+00    1.01914E-02    1.20822E+04    8.21221E-09    1.54625E-06   -9.06081E-05    9.85048E-01    9.84846E-01    9.70307E-01
    9.63011E+03    1.74588E+00    1.07589E-02    1.20822E+04    8.43466E-09    1.57036E-06   -9.18270E-05    9.84846E-01    9.84638E-01    9.69907E-01
    9.76348E+03    1.75725E+00    1.13627E-02    1.20822E+04    8.66676E-09    1.60011E-06   -9.30817E-05    9.84638E-01    9.84423E-01    9.69494E-01
    9.89869E+03    1.76925E+00    1.20065E-02    1.20822E+04    8.90976E-09    1.63608E-06   -9.43773E-05    9.84423E-01    9.84200E-01    9.69069E-01
    1.00358E+04    1.78195E+00    1.26945E-02    1.20822E+04    9.16513E-09    1.67898E-06   -9.57200E-05    9.84200E-01    9.83968E-01    9.68628E-01
    1.01747E+04    1.79538E+00    1.34314E-02    1.20822E+04    9.43456E-09    1.72966E-06   -9.71163E-05    9.83968E-01    9.83726E-01    9.68169E-01
    1.03156E+04    1.80960E+00    1.42230E-02    1.20822E+04    9.72001E-09    1.78915E-06   -9.85739E-05    9.83726E-01    9.83472E-01    9.67690E-01
    1.04584E+04    1.82468E+00    1.50759E-02    1.20822E+04    1.00238E-08    1.85868E-06   -1.00102E-04    9.83472E-01    9.83205E-01    9.67187E-01
    1.06032E+04    1.84068E+00    1.59977E-02    1.20822E+04    1.03486E-08    1.93976E-06   -1.01710E-04    9.83205E-01    9.82922E-01    9.66658E-01
    1.07500E+04    1.85767E+00    1.69977E-02    1.20822E+04    1.06978E-08    2.03428E-06   -1.03410E-04    9.82922E-01    9.82622E-01    9.66099E-01
    1.08989E+04    1.87576E+00    1.80871E-02    1.20822E+04    1.10751E-08    2.14454E-06   -1.05216E-04    9.82622E-01    9.82300E-01    9.65504E-01
    1.10497E+04    1.89504E+00    1.92790E-02    1.20822E+04    1.14853E-08    2.27349E-06   -1.07145E-04    9.82300E-01    9.81955E-01    9.64869E-01
    1.12027E+04    1.91563E+00    2.05898E-02    1.20822E+04    1.19340E-08    2.42484E-06   -1.09216E-04    9.81955E-01    9.81582E-01    9.64187E-01
    1.13578E+04    1.93767E+00    2.20396E-02    1.20822E+04    1.24284E-08    2.60339E-06   -1.11452E-04    9.81582E-01    9.81175E-01    9.63450E-01
    1.15150E+04    1.96132E+00    2.36534E-02    1.20822E+04    1.29772E-08    2.81546E-06   -1.13883E-04    9.81175E-01    9.80729E-01    9.62648E-01
    1.16744E+04    1.98678E+00    2.54629E-02    1.20822E+04    1.35917E-08    3.06945E-06   -1.16543E-04    9.80729E-01    9.80237E-01    9.61769E-01
    1.18359E+04    2.01429E+00    2.75086E-02    1.20822E+04    1.42861E-08    3.37681E-06   -1.19477E-04    9.80237E-01    9.79688E-01    9.60800E-01
    1.19998E+04    2.04414E+00    2.98438E-02    1.20822E+04    1.50791E-08    3.75351E-06   -1.22740E-04    9.79688E-01    9.79068E-01    9.59719E-01
    1.21658E+04    2.07668E+00    3.25391E-02    1.20822E+04    1.59958E-08    4.22247E-06   -1.26404E-04    9.79068E-01    9.78362E-01    9.58504E-01
    1.23342E+04    2.11237E+00    3.56912E-02    1.20822E+04    1.70703E-08    4.81763E-06   -1.30564E-04    9.78362E-01    9.77546E-01    9.57121E-01
    1.25049E+04    2.15180E+00    3.94352E-02    1.20822E+04    1.83503E-08    5.59135E-06   -1.35348E-04    9.77546E-01    9.76585E-01    9.55526E-01
    1.26779E+04    2.19577E+00    4.39665E-02    1.20822E+04    1.99049E-08    6.62844E-06   -1.40929E-04    9.76585E-01    9.75430E-01    9.53658E-01
    1.28533E+04    2.24535E+00    4.95780E-02    1.20822E+04    2.18376E-08    8.07491E-06   -1.47555E-04    9.75430E-01    9.74004E-01    9.51425E-01
    1.30312E+04    2.30208E+00    5.67288E-02    1.20822E+04    2.43108E-08    1.02023E-05   -1.55585E-04    9.74004E-01    9.72177E-01    9.48692E-01
    1.32115E+04    2.36825E+00    6.61773E-02    1.20822E+04    2.75922E-08    1.35682E-05   -1.65554E-04    9.72177E-01    9.69714E-01    9.45243E-01
    1.33943E+04    2.44751E+00    7.92594E-02    1.20822E+04    3.21519E-08    1.94690E-05   -1.78250E-04    9.69714E-01    9.66130E-01    9.40715E-01
    1.35796E+04    2.54607E+00    9.85608E-02    1.20822E+04    3.88992E-08    3.14091E-05   -1.94712E-04    9.66130E-01    9.60270E-01    9.34453E-01
    1.37675E+04    2.67649E+00    1.30416E-01    1.20822E+04    5.00780E-08    6.05879E-05   -2.15423E-04    9.60270E-01    9.48809E-01    9.25223E-01
    1.39579E+04    2.88323E+00    2.06742E-01    1.20822E+04    7.72373E-08    1.49335E-04   -2.34385E-04    9.48809E-01    9.20171E-01    9.10678E-01
    1.41510E+04    3.18216E+00    2.98925E-01    1.22494E+04    1.08653E-07    2.34528E-04   -2.31624E-04    9.58373E-01    9.12777E-01    9.20171E-01
    1.43468E+04    3.47791E+00    2.95753E-01    1.25908E+04    1.04590E-07    2.96032E-04   -1.30211E-04    9.62207E-01    9.03860E-01    9.40135E-01
