 # rho, F_z,dF_z, z(rho), E2 (=>sigma2=e0^2*E2), Er, Ez, Ui,j , Ui+1,j , Ui,j-1
    2.50000E-01    1.13847E-04    1.13847E-04    0.00000E+00    9.10774E-04    7.70462E-03   -2.91790E-02    9.81558E-01    9.77706E-01    9.66969E-01
    7.40216E-01    3.27842E-04    2.13995E-04    5.00000E-01    6.01748E-04    2.85243E-03   -2.43641E-02    9.89888E-01    9.88518E-01    9.77706E-01
    1.22396E+00    6.65798E-04    3.37956E-04    5.00000E-01    5.66903E-04    9.19355E-04   -2.37920E-02    9.88518E-01    9.88070E-01    9.76622E-01
    1.71438E+00    1.15380E-03    4.88003E-04    5.00000E-01    5.76473E-04    5.14227E-04   -2.40044E-02    9.88070E-01    9.87816E-01    9.76068E-01
    2.21157E+00    1.80861E-03    6.54809E-04    5.00000E-01    5.91460E-04    4.51188E-04   -2.43158E-02    9.87816E-01    9.87590E-01    9.75658E-01
    2.71562E+00    2.64818E-03    8.39569E-04    5.00000E-01    6.09181E-04    5.13325E-04   -2.46763E-02    9.87590E-01    9.87329E-01    9.75252E-01
    3.22663E+00    3.69575E-03    1.04757E-03    5.00000E-01    6.31018E-04    6.68537E-04   -2.51112E-02    9.87329E-01    9.86986E-01    9.74774E-01
    3.74469E+00    4.98338E-03    1.28763E-03    5.00000E-01    6.59218E-04    9.63936E-04   -2.56571E-02    9.86986E-01    9.86483E-01    9.74157E-01
    4.26990E+00    6.55639E-03    1.57302E-03    5.00000E-01    6.96657E-04    1.57210E-03   -2.63474E-02    9.86483E-01    9.85651E-01    9.73309E-01
    4.80235E+00    8.47844E-03    1.92205E-03    5.00000E-01    7.46554E-04    3.05477E-03   -2.71518E-02    9.85651E-01    9.84014E-01    9.72075E-01
    5.34216E+00    1.08578E-02    2.37937E-03    5.00000E-01    8.19491E-04    7.45746E-03   -2.76383E-02    9.84014E-01    9.79961E-01    9.70195E-01
    5.88941E+00    1.28234E-02    1.96560E-03    9.80431E-01    6.05716E-04    5.31766E-03   -2.40300E-02    9.91976E-01    9.89045E-01    9.79961E-01
    6.44421E+00    1.49772E-02    2.15380E-03    9.80431E-01    5.98314E-04    3.24837E-03   -2.42438E-02    9.89045E-01    9.87231E-01    9.76924E-01
    7.00668E+00    1.76662E-02    2.68898E-03    9.80431E-01    6.77668E-04    3.94728E-03   -2.57311E-02    9.87231E-01    9.84996E-01    9.74365E-01
    7.57690E+00    2.11482E-02    3.48197E-03    9.80431E-01    8.00429E-04    8.54123E-03   -2.69718E-02    9.84996E-01    9.80092E-01    9.71510E-01
    8.15499E+00    2.40057E-02    2.85757E-03    1.46749E+00    6.02019E-04    5.92900E-03   -2.38090E-02    9.91530E-01    9.88079E-01    9.80092E-01
    8.74106E+00    2.73182E-02    3.31247E-03    1.46749E+00    6.42203E-04    5.10458E-03   -2.48223E-02    9.88079E-01    9.85067E-01    9.76154E-01
    9.33522E+00    3.18088E-02    4.49063E-03    1.46749E+00    8.04110E-04    9.84086E-03   -2.65945E-02    9.85067E-01    9.79180E-01    9.72290E-01
    9.93758E+00    3.56175E-02    3.80869E-03    1.96127E+00    6.31938E-04    7.58491E-03   -2.39668E-02    9.90853E-01    9.86253E-01    9.79180E-01
    1.05482E+01    4.04405E-02    4.82294E-03    1.96127E+00    7.43635E-04    1.05415E-02   -2.51498E-02    9.86253E-01    9.79772E-01    9.74004E-01
    1.11673E+01    4.44630E-02    4.02259E-03    2.46187E+00    5.77871E-04    7.61677E-03   -2.28003E-02    9.91030E-01    9.86282E-01    9.79772E-01
    1.17950E+01    4.98349E-02    5.37182E-03    2.46187E+00    7.20688E-04    1.08624E-02   -2.45499E-02    9.86282E-01    9.79418E-01    9.74160E-01
    1.24313E+01    5.44535E-02    4.61866E-03    2.96938E+00    5.79924E-04    8.05845E-03   -2.26933E-02    9.90778E-01    9.85615E-01    9.79418E-01
    1.30764E+01    6.09401E-02    6.48653E-03    2.96938E+00    7.63737E-04    1.23760E-02   -2.47097E-02    9.85615E-01    9.77577E-01    9.73246E-01
    1.37304E+01    6.72544E-02    6.31439E-03    3.48388E+00    6.98419E-04    1.29991E-02   -2.30096E-02    9.89255E-01    9.80695E-01    9.77577E-01
    1.43934E+01    7.19039E-02    4.64942E-03    4.00549E+00    4.83894E-04    8.30237E-03   -2.03707E-02    9.91176E-01    9.85634E-01    9.80695E-01
    1.50655E+01    7.93289E-02    7.42505E-03    4.00549E+00    7.28244E-04    1.31997E-02   -2.35374E-02    9.85634E-01    9.76701E-01    9.73524E-01
    1.57470E+01    8.72726E-02    7.94371E-03    4.53430E+00    7.35252E-04    1.48207E-02   -2.27068E-02    9.88545E-01    9.78376E-01    9.76701E-01
    1.64378E+01    9.44499E-02    7.17729E-03    5.07040E+00    6.27731E-04    1.42963E-02   -2.05754E-02    9.89256E-01    9.79312E-01    9.78376E-01
    1.71382E+01    1.01154E-01    6.70401E-03    5.61391E+00    5.54722E-04    1.31932E-02   -1.95105E-02    9.89772E-01    9.80469E-01    9.79312E-01
    1.78482E+01    1.06890E-01    5.73651E-03    6.16491E+00    4.49579E-04    9.24914E-03   -1.90796E-02    9.90838E-01    9.84226E-01    9.80469E-01
    1.85680E+01    1.17621E-01    1.07305E-02    6.16491E+00    7.97361E-04    1.67925E-02   -2.27018E-02    9.84226E-01    9.72056E-01    9.71888E-01
    1.92978E+01    1.23704E-01    6.08277E-03    7.28983E+00    4.28984E-04    1.48223E-02   -1.44667E-02    9.90726E-01    9.79835E-01    9.82645E-01
    2.00377E+01    1.31349E-01    7.64486E-03    7.86396E+00    5.12175E-04    1.45935E-02   -1.72975E-02    9.89631E-01    9.78760E-01    9.79835E-01
    2.07877E+01    1.39973E-01    8.62414E-03    8.44602E+00    5.49354E-04    1.49740E-02   -1.80314E-02    9.89113E-01    9.77804E-01    9.78760E-01
    2.15481E+01    1.49755E-01    9.78260E-03    9.03610E+00    5.92975E-04    1.58861E-02   -1.84556E-02    9.88547E-01    9.76384E-01    9.77804E-01
    2.23190E+01    1.61837E-01    1.20820E-02    9.63433E+00    6.97432E-04    1.85258E-02   -1.88209E-02    9.87490E-01    9.73111E-01    9.76384E-01
    2.31005E+01    1.69388E-01    7.55102E-03    1.08557E+01    4.15403E-04    1.58929E-02   -1.27600E-02    9.90328E-01    9.77822E-01    9.82589E-01
    2.38929E+01    1.81172E-01    1.17835E-02    1.14790E+01    6.18216E-04    1.86645E-02   -1.64272E-02    9.87923E-01    9.73033E-01    9.77822E-01
    2.46961E+01    1.90666E-01    9.49436E-03    1.27516E+01    4.75356E-04    1.82277E-02   -1.19628E-02    9.89553E-01    9.74812E-01    9.81994E-01
    2.55104E+01    1.99670E-01    9.00346E-03    1.40596E+01    4.30448E-04    1.76907E-02   -1.08392E-02    9.89925E-01    9.75420E-01    9.82885E-01
    2.63360E+01    2.08689E-01    9.01987E-03    1.54039E+01    4.12029E-04    1.75343E-02   -1.02262E-02    9.89982E-01    9.75407E-01    9.83155E-01
    2.71730E+01    2.18528E-01    9.83880E-03    1.67856E+01    4.29665E-04    1.82668E-02   -9.79743E-03    9.89665E-01    9.74271E-01    9.82943E-01
    2.80215E+01    2.26566E-01    8.03771E-03    1.89304E+01    3.35748E-04    1.68100E-02   -7.29184E-03    9.90883E-01    9.76522E-01    9.85670E-01
    2.88817E+01    2.33781E-01    7.21517E-03    2.11653E+01    2.88432E-04    1.57238E-02   -6.41829E-03    9.91333E-01    9.77714E-01    9.86552E-01
    2.97538E+01    2.40414E-01    6.63312E-03    2.34940E+01    2.53889E-04    1.48369E-02   -5.80990E-03    9.91632E-01    9.78604E-01    9.87122E-01
    3.06380E+01    2.46521E-01    6.10719E-03    2.59204E+01    2.23922E-04    1.39907E-02   -5.30869E-03    9.91899E-01    9.79445E-01    9.87606E-01
    3.15343E+01    2.51850E-01    5.32837E-03    2.84487E+01    1.87230E-04    1.27792E-02   -4.89100E-03    9.92317E-01    9.80784E-01    9.88195E-01
    3.24430E+01    2.58369E-01    6.51945E-03    3.01929E+01    2.19635E-04    1.36598E-02   -5.74836E-03    9.91346E-01    9.78848E-01    9.86367E-01
    3.33642E+01    2.64124E-01    5.75502E-03    3.29005E+01    1.85962E-04    1.28670E-02   -4.51700E-03    9.91991E-01    9.80056E-01    9.87914E-01
    3.42982E+01    2.69405E-01    5.28040E-03    3.57217E+01    1.63720E-04    1.21258E-02   -4.08471E-03    9.92272E-01    9.80870E-01    9.88431E-01
    3.52451E+01    2.74014E-01    4.60937E-03    3.86614E+01    1.37182E-04    1.10920E-02   -3.76163E-03    9.92677E-01    9.82102E-01    9.88991E-01
    3.62050E+01    2.79505E-01    5.49117E-03    4.06894E+01    1.56928E-04    1.17111E-02   -4.44718E-03    9.91852E-01    9.80534E-01    9.87374E-01
    3.71781E+01    2.84027E-01    4.52175E-03    4.38376E+01    1.24128E-04    1.05890E-02   -3.46429E-03    9.92668E-01    9.82292E-01    9.89033E-01
    3.81647E+01    2.89304E-01    5.27652E-03    4.60094E+01    1.39182E-04    1.10825E-02   -4.04478E-03    9.91937E-01    9.80929E-01    9.87575E-01
    3.91649E+01    2.93566E-01    4.26248E-03    4.93809E+01    1.08071E-04    9.91958E-03   -3.11018E-03    9.92811E-01    9.82822E-01    9.89316E-01
    4.01789E+01    2.98292E-01    4.72599E-03    5.17068E+01    1.15209E-04    1.00947E-02   -3.64792E-03    9.92269E-01    9.81963E-01    9.88056E-01
    4.12069E+01    3.03483E-01    5.19117E-03    5.40974E+01    1.21713E-04    1.04077E-02   -3.65949E-03    9.91903E-01    9.81131E-01    9.87559E-01
    4.22491E+01    3.07589E-01    4.10554E-03    5.78084E+01    9.26064E-05    9.23275E-03   -2.71343E-03    9.92875E-01    9.83187E-01    9.89518E-01
    4.33057E+01    3.12043E-01    4.45435E-03    6.03685E+01    9.66887E-05    9.30575E-03   -3.17674E-03    9.92423E-01    9.82524E-01    9.88385E-01
    4.43768E+01    3.16698E-01    4.65516E-03    6.29998E+01    9.72664E-05    9.33404E-03   -3.18467E-03    9.92234E-01    9.82168E-01    9.88073E-01
    4.54628E+01    3.21673E-01    4.97523E-03    6.57041E+01    1.00090E-04    9.51022E-03   -3.10569E-03    9.91991E-01    9.81592E-01    9.87820E-01
    4.65637E+01    3.25569E-01    3.89603E-03    6.99023E+01    7.54840E-05    8.39003E-03   -2.25639E-03    9.92988E-01    9.83688E-01    9.89830E-01
    4.76798E+01    3.29724E-01    4.15467E-03    7.27985E+01    7.75405E-05    8.39889E-03   -2.64560E-03    9.92614E-01    9.83175E-01    9.88809E-01
    4.88113E+01    3.33959E-01    4.23465E-03    7.57752E+01    7.61504E-05    8.31824E-03   -2.63767E-03    9.92518E-01    9.83042E-01    9.88620E-01
    4.99584E+01    3.38216E-01    4.25696E-03    7.88346E+01    7.37758E-05    8.19531E-03   -2.57149E-03    9.92488E-01    9.83023E-01    9.88581E-01
    5.11214E+01    3.42468E-01    4.25176E-03    8.19791E+01    7.10291E-05    8.05177E-03   -2.48961E-03    9.92485E-01    9.83057E-01    9.88597E-01
    5.23004E+01    3.46696E-01    4.22862E-03    8.52109E+01    6.81101E-05    7.89546E-03   -2.40246E-03    9.92498E-01    9.83126E-01    9.88643E-01
    5.34957E+01    3.50886E-01    4.18996E-03    8.85325E+01    6.50815E-05    7.72843E-03   -2.31363E-03    9.92526E-01    9.83225E-01    9.88710E-01
    5.47074E+01    3.55019E-01    4.13337E-03    9.19465E+01    6.19257E-05    7.54831E-03   -2.22459E-03    9.92569E-01    9.83360E-01    9.88798E-01
    5.59359E+01    3.59068E-01    4.04820E-03    9.54553E+01    5.85103E-05    7.34485E-03   -2.13623E-03    9.92637E-01    9.83552E-01    9.88915E-01
    5.71814E+01    3.62963E-01    3.89564E-03    9.90617E+01    5.43292E-05    7.07956E-03   -2.05158E-03    9.92762E-01    9.83884E-01    9.89088E-01
    5.84440E+01    3.66412E-01    3.44903E-03    1.02768E+02    4.64209E-05    6.51060E-03   -2.00825E-03    9.93135E-01    9.84858E-01    9.89438E-01
    5.97241E+01    3.71502E-01    5.08962E-03    1.04660E+02    6.61212E-05    7.33656E-03   -3.50657E-03    9.91401E-01    9.81946E-01    9.84858E-01
    6.10218E+01    3.75838E-01    4.33643E-03    1.08522E+02    5.43876E-05    7.08233E-03   -2.05625E-03    9.92356E-01    9.83102E-01    9.88413E-01
    6.23374E+01    3.79949E-01    4.11100E-03    1.12492E+02    4.97849E-05    6.80389E-03   -1.86869E-03    9.92575E-01    9.83562E-01    9.88892E-01
    6.36712E+01    3.83845E-01    3.89590E-03    1.16571E+02    4.55630E-05    6.51516E-03   -1.76512E-03    9.92762E-01    9.84013E-01    9.89186E-01
    6.50234E+01    3.87272E-01    3.42637E-03    1.20765E+02    3.87044E-05    5.98015E-03   -1.71526E-03    9.93164E-01    9.85022E-01    9.89593E-01
    6.63943E+01    3.92243E-01    4.97151E-03    1.22905E+02    5.42501E-05    6.69405E-03   -3.07242E-03    9.91508E-01    9.82269E-01    9.85022E-01
    6.77840E+01    3.96424E-01    4.18043E-03    1.27274E+02    4.40742E-05    6.40695E-03   -1.73930E-03    9.92493E-01    9.83528E-01    9.88719E-01
    6.91930E+01    4.00300E-01    3.87645E-03    1.31764E+02    3.94921E-05    6.08366E-03   -1.57517E-03    9.92781E-01    9.84150E-01    9.89268E-01
    7.06214E+01    4.03678E-01    3.37805E-03    1.36380E+02    3.32595E-05    5.56459E-03   -1.51486E-03    9.93219E-01    9.85216E-01    9.89747E-01
    7.20695E+01    4.08507E-01    4.82911E-03    1.38735E+02    4.59568E-05    6.18994E-03   -2.76431E-03    9.91638E-01    9.82613E-01    9.85216E-01
    7.35376E+01    4.12480E-01    3.97304E-03    1.43544E+02    3.65507E-05    5.85012E-03   -1.52536E-03    9.92677E-01    9.84030E-01    9.89035E-01
    7.50259E+01    4.15879E-01    3.39837E-03    1.48487E+02    3.02265E-05    5.31499E-03   -1.40621E-03    9.93204E-01    9.85240E-01    9.89753E-01
    7.65348E+01    4.20682E-01    4.80332E-03    1.51010E+02    4.13104E-05    5.88446E-03   -2.58525E-03    9.91673E-01    9.82733E-01    9.85240E-01
    7.80645E+01    4.24593E-01    3.91148E-03    1.56160E+02    3.25321E-05    5.53015E-03   -1.39626E-03    9.92740E-01    9.84223E-01    9.89170E-01
    7.96153E+01    4.27904E-01    3.31062E-03    1.61453E+02    2.66308E-05    4.99862E-03   -1.28243E-03    9.93298E-01    9.85493E-01    9.89927E-01
    8.11876E+01    4.32508E-01    4.60348E-03    1.64155E+02    3.58193E-05    5.48817E-03   -2.38732E-03    9.91855E-01    9.83167E-01    9.85493E-01
    8.27815E+01    4.35963E-01    3.45576E-03    1.69671E+02    2.60123E-05    4.93266E-03   -1.29657E-03    9.93146E-01    9.85230E-01    9.89595E-01
    8.43974E+01    4.40699E-01    4.73540E-03    1.72486E+02    3.44860E-05    5.38245E-03   -2.34847E-03    9.91751E-01    9.82994E-01    9.85230E-01
    8.60356E+01    4.44218E-01    3.51980E-03    1.78233E+02    2.48029E-05    4.82135E-03   -1.24800E-03    9.93095E-01    9.85142E-01    9.89533E-01
    8.76964E+01    4.49022E-01    4.80333E-03    1.81166E+02    3.27545E-05    5.25398E-03   -2.26940E-03    9.91708E-01    9.82923E-01    9.85142E-01
    8.93802E+01    4.52604E-01    3.58205E-03    1.87154E+02    2.36401E-05    4.71374E-03   -1.19195E-03    9.93049E-01    9.85058E-01    9.89504E-01
    9.10872E+01    4.57506E-01    4.90212E-03    1.90210E+02    3.13136E-05    5.15205E-03   -2.18401E-03    9.91642E-01    9.82787E-01    9.85058E-01
    9.28177E+01    4.61407E-01    3.90142E-03    1.96450E+02    2.41238E-05    4.78472E-03   -1.10916E-03    9.92789E-01    9.84452E-01    9.89352E-01
    9.45721E+01    4.64674E-01    3.26662E-03    2.02863E+02    1.95541E-05    4.30561E-03   -1.00786E-03    9.93382E-01    9.85777E-01    9.90173E-01
    9.63507E+01    4.69116E-01    4.44184E-03    2.06136E+02    2.57429E-05    4.68690E-03   -1.94316E-03    9.92050E-01    9.83657E-01    9.85777E-01
    9.81539E+01    4.72347E-01    3.23132E-03    2.12818E+02    1.81330E-05    4.13616E-03   -1.01251E-03    9.93402E-01    9.85892E-01    9.90042E-01
    9.99820E+01    4.76513E-01    4.16568E-03    2.16229E+02    2.26365E-05    4.36038E-03   -1.90357E-03    9.92296E-01    9.84270E-01    9.85892E-01
    1.01835E+02    4.81559E-01    5.04646E-03    2.19686E+02    2.65571E-05    4.69305E-03   -2.12894E-03    9.91531E-01    9.82774E-01    9.84270E-01
    1.03714E+02    4.85114E-01    3.55493E-03    2.26745E+02    1.81190E-05    4.13924E-03   -9.92795E-04    9.93105E-01    9.85275E-01    9.89625E-01
    1.05619E+02    4.89846E-01    4.73135E-03    2.30347E+02    2.33578E-05    4.46677E-03   -1.84547E-03    9.91833E-01    9.83267E-01    9.85275E-01
    1.07550E+02    4.93302E-01    3.45657E-03    2.37703E+02    1.65299E-05    3.96017E-03   -9.20315E-04    9.93215E-01    9.85515E-01    9.89853E-01
    1.09508E+02    4.97892E-01    4.59021E-03    2.41456E+02    2.12653E-05    4.26956E-03   -1.74245E-03    9.91967E-01    9.83551E-01    9.85515E-01
    1.11492E+02    5.01184E-01    3.29145E-03    2.49120E+02    1.47731E-05    3.74393E-03   -8.69548E-04    9.93379E-01    9.85897E-01    9.90069E-01
    1.13505E+02    5.05380E-01    4.19623E-03    2.53032E+02    1.82484E-05    3.93443E-03   -1.66393E-03    9.92317E-01    9.84346E-01    9.85897E-01
    1.15544E+02    5.10405E-01    5.02468E-03    2.56997E+02    2.11732E-05    4.21105E-03   -1.85479E-03    9.91601E-01    9.82952E-01    9.84346E-01
    1.17612E+02    5.13921E-01    3.51630E-03    2.65093E+02    1.43584E-05    3.69523E-03   -8.38882E-04    9.93179E-01    9.85484E-01    9.89806E-01
    1.19709E+02    5.18537E-01    4.61636E-03    2.69224E+02    1.82681E-05    3.96613E-03   -1.59310E-03    9.91977E-01    9.83605E-01    9.85484E-01
    1.21835E+02    5.21825E-01    3.28723E-03    2.77660E+02    1.26075E-05    3.46479E-03   -7.76343E-04    9.93408E-01    9.85993E-01    9.90156E-01
    1.23989E+02    5.25982E-01    4.15689E-03    2.81965E+02    1.54526E-05    3.63143E-03   -1.50510E-03    9.92385E-01    9.84506E-01    9.85993E-01
    1.26174E+02    5.30908E-01    4.92680E-03    2.86330E+02    1.77525E-05    3.86624E-03   -1.67473E-03    9.91716E-01    9.83212E-01    9.84506E-01
    1.28389E+02    5.34272E-01    3.36383E-03    2.95241E+02    1.17495E-05    3.34550E-03   -7.46411E-04    9.93344E-01    9.85884E-01    9.90041E-01
    1.30634E+02    5.38495E-01    4.22299E-03    2.99788E+02    1.42996E-05    3.49646E-03   -1.44027E-03    9.92345E-01    9.84440E-01    9.85884E-01
    1.32910E+02    5.43470E-01    4.97518E-03    3.04399E+02    1.63327E-05    3.71300E-03   -1.59573E-03    9.91697E-01    9.83188E-01    9.84440E-01
    1.35218E+02    5.46859E-01    3.38821E-03    3.13812E+02    1.07843E-05    3.20797E-03   -7.02321E-04    9.93336E-01    9.85882E-01    9.90053E-01
    1.37558E+02    5.51099E-01    4.24080E-03    3.18616E+02    1.30878E-05    3.35050E-03   -1.36454E-03    9.92348E-01    9.84456E-01    9.85882E-01
    1.39929E+02    5.56081E-01    4.98120E-03    3.23487E+02    1.49065E-05    3.55311E-03   -1.51062E-03    9.91713E-01    9.83228E-01    9.84456E-01
    1.42334E+02    5.59474E-01    3.39309E-03    3.33430E+02    9.84659E-06    3.06813E-03   -6.58169E-04    9.93346E-01    9.85918E-01    9.90097E-01
    1.44772E+02    5.63710E-01    4.23643E-03    3.38505E+02    1.19224E-05    3.20326E-03   -1.28900E-03    9.92371E-01    9.84509E-01    9.85918E-01
    1.47243E+02    5.68673E-01    4.96328E-03    3.43650E+02    1.35465E-05    3.39291E-03   -1.42643E-03    9.91748E-01    9.83305E-01    9.84509E-01
    1.49749E+02    5.72056E-01    3.38255E-03    3.54153E+02    8.95414E-06    2.92837E-03   -6.15460E-04    9.93370E-01    9.85983E-01    9.90160E-01
    1.52289E+02    5.76268E-01    4.21251E-03    3.59514E+02    1.08159E-05    3.05601E-03   -1.21521E-03    9.92409E-01    9.84593E-01    9.85983E-01
    1.54864E+02    5.81190E-01    4.92138E-03    3.64949E+02    1.22567E-05    3.23259E-03   -1.34427E-03    9.91800E-01    9.83419E-01    9.84593E-01
    1.57474E+02    5.84541E-01    3.35158E-03    3.76045E+02    8.09701E-06    2.78694E-03   -5.74441E-04    9.93413E-01    9.86087E-01    9.90248E-01
    1.60121E+02    5.88701E-01    4.15921E-03    3.81708E+02    9.74754E-06    2.90534E-03   -1.14305E-03    9.92472E-01    9.84730E-01    9.86087E-01
    1.62804E+02    5.93537E-01    4.83663E-03    3.87449E+02    1.09966E-05    3.06589E-03   -1.26370E-03    9.91886E-01    9.83604E-01    9.84730E-01
    1.65524E+02    5.96798E-01    3.26104E-03    3.99170E+02    7.19320E-06    2.62796E-03   -5.35720E-04    9.93511E-01    9.86313E-01    9.90393E-01
    1.68282E+02    6.00787E-01    3.98863E-03    4.05152E+02    8.53615E-06    2.71783E-03   -1.07217E-03    9.92640E-01    9.85093E-01    9.86313E-01
    1.71078E+02    6.05249E-01    4.46172E-03    4.11217E+02    9.26472E-06    2.80124E-03   -1.19071E-03    9.92216E-01    9.84331E-01    9.85093E-01
    1.73912E+02    6.10251E-01    5.00213E-03    4.17365E+02    1.00785E-05    2.92800E-03   -1.22691E-03    9.91771E-01    9.83415E-01    9.84331E-01
    1.76786E+02    6.13560E-01    3.30913E-03    4.29917E+02    6.46971E-06    2.49345E-03   -5.02393E-04    9.93479E-01    9.86265E-01    9.90348E-01
    1.79699E+02    6.17585E-01    4.02489E-03    4.36324E+02    7.63616E-06    2.57338E-03   -1.00691E-03    9.92628E-01    9.85080E-01    9.86265E-01
    1.82653E+02    6.22065E-01    4.47983E-03    4.42818E+02    8.24803E-06    2.64665E-03   -1.11502E-03    9.92223E-01    9.84353E-01    9.85080E-01
    1.85647E+02    6.27062E-01    4.99728E-03    4.49403E+02    8.92913E-06    2.75951E-03   -1.14640E-03    9.91799E-01    9.83480E-01    9.84353E-01
    1.88682E+02    6.30348E-01    3.28623E-03    4.62846E+02    5.69871E-06    2.34156E-03   -4.64579E-04    9.93518E-01    9.86361E-01    9.90416E-01
    1.91760E+02    6.34315E-01    3.96698E-03    4.69706E+02    6.67668E-06    2.40813E-03   -9.36787E-04    9.92701E-01    9.85239E-01    9.86361E-01
    1.94879E+02    6.38670E-01    4.35492E-03    4.76662E+02    7.11410E-06    2.45749E-03   -1.03674E-03    9.92352E-01    9.84633E-01    9.85239E-01
    1.98042E+02    6.43353E-01    4.68332E-03    4.83713E+02    7.42590E-06    2.50603E-03   -1.07039E-03    9.92078E-01    9.84097E-01    9.84633E-01
    2.01249E+02    6.48504E-01    5.15055E-03    4.90862E+02    7.92723E-06    2.60064E-03   -1.07885E-03    9.91705E-01    9.83309E-01    9.84097E-01
    2.04499E+02    6.51880E-01    3.37577E-03    5.05457E+02    5.04348E-06    2.20454E-03   -4.28348E-04    9.93453E-01    9.86238E-01    9.90349E-01
    2.07795E+02    6.55959E-01    4.07956E-03    5.12906E+02    5.91663E-06    2.27172E-03   -8.69436E-04    9.92626E-01    9.85088E-01    9.86238E-01
    2.11136E+02    6.60474E-01    4.51515E-03    5.20457E+02    6.35702E-06    2.33121E-03   -9.60451E-04    9.92242E-01    9.84400E-01    9.85088E-01
    2.14523E+02    6.65482E-01    5.00812E-03    5.28113E+02    6.84529E-06    2.42375E-03   -9.85256E-04    9.91840E-01    9.83574E-01    9.84400E-01
    2.17957E+02    6.68777E-01    3.29423E-03    5.43743E+02    4.37142E-06    2.05387E-03   -3.91179E-04    9.93546E-01    9.86444E-01    9.90509E-01
    2.21439E+02    6.72734E-01    3.95699E-03    5.51721E+02    5.09799E-06    2.11075E-03   -8.01704E-04    9.92753E-01    9.85354E-01    9.86444E-01
    2.24968E+02    6.77058E-01    4.32397E-03    5.59808E+02    5.40875E-06    2.15022E-03   -8.86184E-04    9.92423E-01    9.84782E-01    9.85354E-01
    2.28546E+02    6.81685E-01    4.62719E-03    5.68007E+02    5.61987E-06    2.18758E-03   -9.13434E-04    9.92170E-01    9.84289E-01    9.84782E-01
    2.32174E+02    6.86742E-01    5.05671E-03    5.76319E+02    5.96328E-06    2.26238E-03   -9.19203E-04    9.91825E-01    9.83562E-01    9.84289E-01
    2.35851E+02    6.90034E-01    3.29239E-03    5.93288E+02    3.77009E-06    1.90834E-03   -3.58242E-04    9.93564E-01    9.86498E-01    9.90545E-01
    2.39579E+02    6.93965E-01    3.93077E-03    6.01949E+02    4.37073E-06    1.95626E-03   -7.37422E-04    9.92798E-01    9.85454E-01    9.86498E-01
    2.43359E+02    6.98226E-01    4.26091E-03    6.10730E+02    4.60075E-06    1.98466E-03   -8.13560E-04    9.92500E-01    9.84948E-01    9.85454E-01
    2.47191E+02    7.02723E-01    4.49705E-03    6.19631E+02    4.71538E-06    2.00346E-03   -8.37577E-04    9.92302E-01    9.84572E-01    9.84948E-01
    2.51076E+02    7.07464E-01    4.74166E-03    6.28656E+02    4.82831E-06    2.02795E-03   -8.46005E-04    9.92103E-01    9.84171E-01    9.84572E-01
    2.55014E+02    7.12602E-01    5.13799E-03    6.37805E+02    5.08096E-06    2.09003E-03   -8.44241E-04    9.91790E-01    9.83502E-01    9.84171E-01
    2.59007E+02    7.15933E-01    3.33102E-03    6.56483E+02    3.19912E-06    1.75898E-03   -3.24195E-04    9.93548E-01    9.86476E-01    9.90541E-01
    2.63055E+02    7.19898E-01    3.96459E-03    6.66016E+02    3.69798E-06    1.80189E-03   -6.71679E-04    9.92792E-01    9.85449E-01    9.86476E-01
    2.67158E+02    7.24185E-01    4.28663E-03    6.75681E+02    3.88335E-06    1.82636E-03   -7.40112E-04    9.92504E-01    9.84958E-01    9.85449E-01
    2.71319E+02    7.28699E-01    4.51439E-03    6.85479E+02    3.97216E-06    1.84199E-03   -7.61072E-04    9.92313E-01    9.84598E-01    9.84958E-01
    2.75536E+02    7.33449E-01    4.75028E-03    6.95412E+02    4.05971E-06    1.86277E-03   -7.67976E-04    9.92122E-01    9.84212E-01    9.84598E-01
    2.79812E+02    7.38585E-01    5.13569E-03    7.05482E+02    4.26319E-06    1.91750E-03   -7.65761E-04    9.91818E-01    9.83563E-01    9.84212E-01
    2.84147E+02    7.41917E-01    3.33241E-03    7.26041E+02    2.68698E-06    1.61314E-03   -2.91134E-04    9.93565E-01    9.86525E-01    9.90593E-01
    2.88542E+02    7.45875E-01    3.95758E-03    7.36534E+02    3.09969E-06    1.65215E-03   -6.08358E-04    9.92821E-01    9.85511E-01    9.86525E-01
    2.92998E+02    7.50146E-01    4.27087E-03    7.47172E+02    3.24936E-06    1.67346E-03   -6.70000E-04    9.92541E-01    9.85034E-01    9.85511E-01
    2.97514E+02    7.54635E-01    4.48931E-03    7.57957E+02    3.31792E-06    1.68639E-03   -6.88483E-04    9.92358E-01    9.84688E-01    9.85034E-01
    3.02094E+02    7.59349E-01    4.71398E-03    7.68890E+02    3.38445E-06    1.70367E-03   -6.94231E-04    9.92175E-01    9.84320E-01    9.84688E-01
    3.06736E+02    7.64432E-01    5.08255E-03    7.79974E+02    3.54492E-06    1.75111E-03   -6.91756E-04    9.91883E-01    9.83698E-01    9.84320E-01
    3.11443E+02    7.67724E-01    3.29222E-03    8.02604E+02    2.23074E-06    1.47067E-03   -2.60503E-04    9.93620E-01    9.86651E-01    9.90692E-01
    3.16214E+02    7.71617E-01    3.89290E-03    8.14153E+02    2.56258E-06    1.50392E-03   -5.48461E-04    9.92899E-01    9.85674E-01    9.86651E-01
    3.21051E+02    7.75793E-01    4.17670E-03    8.25862E+02    2.67111E-06    1.51889E-03   -6.03400E-04    9.92643E-01    9.85245E-01    9.85674E-01
    3.25955E+02    7.80144E-01    4.35049E-03    8.37732E+02    2.70309E-06    1.52303E-03   -6.19251E-04    9.92496E-01    9.84976E-01    9.85245E-01
    3.30927E+02    7.84634E-01    4.48971E-03    8.49766E+02    2.71028E-06    1.52348E-03   -6.23939E-04    9.92382E-01    9.84756E-01    9.84976E-01
    3.35967E+02    7.89264E-01    4.63007E-03    8.61967E+02    2.71560E-06    1.52505E-03   -6.24355E-04    9.92270E-01    9.84530E-01    9.84756E-01
    3.41077E+02    7.94075E-01    4.81175E-03    8.74335E+02    2.74204E-06    1.53443E-03   -6.22536E-04    9.92125E-01    9.84231E-01    9.84530E-01
    3.46258E+02    7.99228E-01    5.15225E-03    8.86875E+02    2.85278E-06    1.57239E-03   -6.16736E-04    9.91859E-01    9.83657E-01    9.84231E-01
    3.51510E+02    8.02553E-01    3.32573E-03    9.12475E+02    1.78924E-06    1.31786E-03   -2.29101E-04    9.93609E-01    9.86641E-01    9.90697E-01
    3.56834E+02    8.06474E-01    3.92067E-03    9.25541E+02    2.04956E-06    1.34674E-03   -4.85649E-04    9.92900E-01    9.85680E-01    9.86641E-01
    3.62232E+02    8.10670E-01    4.19600E-03    9.38787E+02    2.13139E-06    1.35890E-03   -5.33649E-04    9.92653E-01    9.85267E-01    9.85680E-01
    3.67704E+02    8.15031E-01    4.36132E-03    9.52216E+02    2.15269E-06    1.36141E-03   -5.47037E-04    9.92513E-01    9.85012E-01    9.85267E-01
    3.73252E+02    8.19524E-01    4.49221E-03    9.65830E+02    2.15461E-06    1.36066E-03   -5.50635E-04    9.92406E-01    9.84806E-01    9.85012E-01
    3.78876E+02    8.24148E-01    4.62400E-03    9.79632E+02    2.15515E-06    1.36091E-03   -5.50522E-04    9.92301E-01    9.84594E-01    9.84806E-01
    3.84578E+02    8.28944E-01    4.79601E-03    9.93624E+02    2.17220E-06    1.36798E-03   -5.48479E-04    9.92164E-01    9.84310E-01    9.84594E-01
    3.90359E+02    8.34067E-01    5.12315E-03    1.00781E+03    2.25489E-06    1.40002E-03   -5.42980E-04    9.91908E-01    9.83759E-01    9.84310E-01
    3.96220E+02    8.37373E-01    3.30652E-03    1.03677E+03    1.41428E-06    1.17234E-03   -1.99727E-04    9.93646E-01    9.86729E-01    9.90774E-01
    4.02161E+02    8.41260E-01    3.88655E-03    1.05155E+03    1.61552E-06    1.19721E-03   -4.26874E-04    9.92952E-01    9.85791E-01    9.86729E-01
    4.08184E+02    8.45406E-01    4.14631E-03    1.06654E+03    1.67495E-06    1.20635E-03   -4.68690E-04    9.92718E-01    9.85402E-01    9.85791E-01
    4.14291E+02    8.49699E-01    4.29292E-03    1.08173E+03    1.68535E-06    1.20624E-03   -4.79942E-04    9.92594E-01    9.85178E-01    9.85402E-01
    4.20481E+02    8.54097E-01    4.39769E-03    1.09713E+03    1.67791E-06    1.20211E-03   -4.82541E-04    9.92509E-01    9.85016E-01    9.85178E-01
    4.26758E+02    8.58584E-01    4.48723E-03    1.11274E+03    1.66393E-06    1.19656E-03   -4.81860E-04    9.92437E-01    9.84876E-01    9.85016E-01
    4.33120E+02    8.63161E-01    4.57671E-03    1.12857E+03    1.64942E-06    1.19133E-03   -4.79732E-04    9.92366E-01    9.84734E-01    9.84876E-01
    4.39571E+02    8.67843E-01    4.68204E-03    1.14462E+03    1.63999E-06    1.18851E-03   -4.76907E-04    9.92283E-01    9.84564E-01    9.84734E-01
    4.46111E+02    8.72677E-01    4.83468E-03    1.16089E+03    1.64591E-06    1.19235E-03   -4.73513E-04    9.92163E-01    9.84312E-01    9.84564E-01
    4.52741E+02    8.77822E-01    5.14476E-03    1.17738E+03    1.70234E-06    1.21802E-03   -4.67717E-04    9.91921E-01    9.83791E-01    9.84312E-01
    4.59462E+02    8.81139E-01    3.31720E-03    1.21106E+03    1.06684E-06    1.01877E-03   -1.70120E-04    9.93658E-01    9.86763E-01    9.90813E-01
    4.66276E+02    8.85028E-01    3.88875E-03    1.22824E+03    1.21560E-06    1.03986E-03   -3.66478E-04    9.92976E-01    9.85842E-01    9.86763E-01
    4.73184E+02    8.89167E-01    4.13889E-03    1.24567E+03    1.25755E-06    1.04687E-03   -4.02019E-04    9.92751E-01    9.85469E-01    9.85842E-01
    4.80188E+02    8.93443E-01    4.27552E-03    1.26333E+03    1.26270E-06    1.04573E-03   -4.11271E-04    9.92635E-01    9.85261E-01    9.85469E-01
    4.87288E+02    8.97812E-01    4.36920E-03    1.28124E+03    1.25425E-06    1.04095E-03   -4.13118E-04    9.92558E-01    9.85117E-01    9.85261E-01
    4.94486E+02    9.02257E-01    4.44519E-03    1.29939E+03    1.24038E-06    1.03465E-03   -4.12159E-04    9.92497E-01    9.84999E-01    9.85117E-01
    5.01783E+02    9.06773E-01    4.51611E-03    1.31780E+03    1.22493E-06    1.02804E-03   -4.09956E-04    9.92442E-01    9.84888E-01    9.84999E-01
    5.09181E+02    9.11365E-01    4.59178E-03    1.33646E+03    1.21065E-06    1.02219E-03   -4.07172E-04    9.92382E-01    9.84768E-01    9.84888E-01
    5.16682E+02    9.16050E-01    4.68560E-03    1.35537E+03    1.20088E-06    1.01862E-03   -4.04110E-04    9.92308E-01    9.84616E-01    9.84768E-01
    5.24285E+02    9.20878E-01    4.82734E-03    1.37455E+03    1.20267E-06    1.02082E-03   -4.00737E-04    9.92197E-01    9.84381E-01    9.84616E-01
    5.31994E+02    9.26002E-01    5.12445E-03    1.39399E+03    1.24107E-06    1.04148E-03   -3.95451E-04    9.91965E-01    9.83882E-01    9.84381E-01
    5.39809E+02    9.29308E-01    3.30555E-03    1.43369E+03    7.78225E-07    8.70606E-04   -1.42377E-04    9.93689E-01    9.86838E-01    9.90883E-01
    5.47732E+02    9.33174E-01    3.86595E-03    1.45395E+03    8.84787E-07    8.88310E-04   -3.09342E-04    9.93020E-01    9.85934E-01    9.86838E-01
    5.55764E+02    9.37280E-01    4.10587E-03    1.47448E+03    9.13508E-07    8.93594E-04   -3.39113E-04    9.92804E-01    9.85577E-01    9.85934E-01
    5.63907E+02    9.41512E-01    4.23240E-03    1.49530E+03    9.15429E-07    8.91783E-04   -3.46630E-04    9.92696E-01    9.85384E-01    9.85577E-01
    5.72163E+02    9.45827E-01    4.31497E-03    1.51641E+03    9.07302E-07    8.86719E-04   -3.47896E-04    9.92628E-01    9.85258E-01    9.85384E-01
    5.80532E+02    9.50205E-01    4.37764E-03    1.53781E+03    8.94859E-07    8.80114E-04   -3.46782E-04    9.92578E-01    9.85161E-01    9.85258E-01
    5.89017E+02    9.54636E-01    4.43113E-03    1.55951E+03    8.80594E-07    8.72840E-04   -3.44594E-04    9.92535E-01    9.85079E-01    9.85161E-01
    5.97619E+02    9.59117E-01    4.48172E-03    1.58150E+03    8.65878E-07    8.65445E-04   -3.41882E-04    9.92496E-01    9.85001E-01    9.85079E-01
    6.06340E+02    9.63652E-01    4.53456E-03    1.60380E+03    8.51733E-07    8.58409E-04   -3.38920E-04    9.92455E-01    9.84918E-01    9.85001E-01
    6.15181E+02    9.68248E-01    4.59607E-03    1.62641E+03    8.39297E-07    8.52345E-04   -3.35866E-04    9.92407E-01    9.84820E-01    9.84918E-01
    6.24144E+02    9.72926E-01    4.67770E-03    1.64933E+03    8.30476E-07    8.48365E-04   -3.32794E-04    9.92343E-01    9.84687E-01    9.84820E-01
    6.33230E+02    9.77734E-01    4.80767E-03    1.67256E+03    8.29851E-07    8.49247E-04   -3.29592E-04    9.92240E-01    9.84471E-01    9.84687E-01
    6.42442E+02    9.82824E-01    5.09056E-03    1.69612E+03    8.54292E-07    8.65289E-04   -3.24911E-04    9.92020E-01    9.83994E-01    9.84471E-01
    6.51782E+02    9.86109E-01    3.28444E-03    1.74420E+03    5.35898E-07    7.22836E-04   -1.15782E-04    9.93729E-01    9.86932E-01    9.90964E-01
    6.61250E+02    9.89941E-01    3.83203E-03    1.76875E+03    6.07902E-07    7.37251E-04   -2.53700E-04    9.93074E-01    9.86046E-01    9.86932E-01
    6.70849E+02    9.94002E-01    4.06111E-03    1.79363E+03    6.26381E-07    7.41044E-04   -2.77910E-04    9.92867E-01    9.85705E-01    9.86046E-01
    6.80580E+02    9.98179E-01    4.17758E-03    1.81886E+03    6.26486E-07    7.38871E-04   -2.83823E-04    9.92767E-01    9.85527E-01    9.85705E-01
    6.90445E+02    1.00243E+00    4.24977E-03    1.84443E+03    6.19654E-07    7.33927E-04   -2.84615E-04    9.92707E-01    9.85417E-01    9.85527E-01
    7.00447E+02    1.00673E+00    4.30094E-03    1.87036E+03    6.09746E-07    7.27600E-04   -2.83451E-04    9.92666E-01    9.85339E-01    9.85417E-01
    7.10587E+02    1.01107E+00    4.34092E-03    1.89664E+03    5.98376E-07    7.20551E-04   -2.81392E-04    9.92634E-01    9.85278E-01    9.85339E-01
    7.20866E+02    1.01545E+00    4.37468E-03    1.92329E+03    5.86339E-07    7.13138E-04   -2.78877E-04    9.92608E-01    9.85227E-01    9.85278E-01
    7.31288E+02    1.01985E+00    4.40515E-03    1.95030E+03    5.74085E-07    7.05580E-04   -2.76119E-04    9.92585E-01    9.85181E-01    9.85227E-01
    7.41853E+02    1.02429E+00    4.43439E-03    1.97769E+03    5.61912E-07    6.98036E-04   -2.73236E-04    9.92563E-01    9.85137E-01    9.85181E-01
    7.52564E+02    1.02875E+00    4.46425E-03    2.00546E+03    5.50053E-07    6.90645E-04   -2.70300E-04    9.92540E-01    9.85092E-01    9.85137E-01
    7.63423E+02    1.03325E+00    4.49679E-03    2.03361E+03    5.38747E-07    6.83567E-04   -2.67363E-04    9.92515E-01    9.85042E-01    9.85092E-01
    7.74432E+02    1.03778E+00    4.53494E-03    2.06214E+03    5.28304E-07    6.77025E-04   -2.64464E-04    9.92486E-01    9.84982E-01    9.85042E-01
    7.85593E+02    1.04236E+00    4.58376E-03    2.09107E+03    5.19239E-07    6.71407E-04   -2.61633E-04    9.92448E-01    9.84903E-01    9.84982E-01
    7.96907E+02    1.04702E+00    4.65370E-03    2.12040E+03    5.12603E-07    6.67520E-04   -2.58881E-04    9.92393E-01    9.84788E-01    9.84903E-01
    8.08378E+02    1.05179E+00    4.77182E-03    2.15014E+03    5.11102E-07    6.67474E-04   -2.56087E-04    9.92300E-01    9.84591E-01    9.84788E-01
    8.20007E+02    1.05683E+00    5.03981E-03    2.18028E+03    5.24907E-07    6.79191E-04   -2.52202E-04    9.92090E-01    9.84137E-01    9.84591E-01
    8.31797E+02    1.06008E+00    3.25251E-03    2.24183E+03    3.29409E-07    5.67007E-04   -8.89488E-05    9.93781E-01    9.87051E-01    9.91063E-01
    8.43749E+02    1.06387E+00    3.78588E-03    2.27324E+03    3.72850E-07    5.78109E-04   -1.96570E-04    9.93141E-01    9.86184E-01    9.87051E-01
    8.55867E+02    1.06787E+00    4.00410E-03    2.30508E+03    3.83467E-07    5.80663E-04   -2.15168E-04    9.92942E-01    9.85858E-01    9.86184E-01
    8.68151E+02    1.07198E+00    4.11133E-03    2.33737E+03    3.82881E-07    5.78510E-04   -2.19561E-04    9.92850E-01    9.85694E-01    9.85858E-01
    8.80605E+02    1.07616E+00    4.17481E-03    2.37010E+03    3.78077E-07    5.74177E-04   -2.19995E-04    9.92797E-01    9.85597E-01    9.85694E-01
    8.93231E+02    1.08038E+00    4.21727E-03    2.40328E+03    3.71398E-07    5.68745E-04   -2.18923E-04    9.92762E-01    9.85532E-01    9.85597E-01
    9.06031E+02    1.08462E+00    4.24820E-03    2.43692E+03    3.63816E-07    5.62723E-04   -2.17160E-04    9.92738E-01    9.85485E-01    9.85532E-01
    9.19008E+02    1.08890E+00    4.27222E-03    2.47102E+03    3.55797E-07    5.56376E-04   -2.15040E-04    9.92719E-01    9.85450E-01    9.85485E-01
    9.32164E+02    1.09319E+00    4.29189E-03    2.50559E+03    3.47594E-07    5.49856E-04   -2.12726E-04    9.92704E-01    9.85421E-01    9.85450E-01
    9.45501E+02    1.09750E+00    4.30875E-03    2.54064E+03    3.39354E-07    5.43255E-04   -2.10303E-04    9.92692E-01    9.85396E-01    9.85421E-01
    9.59023E+02    1.10182E+00    4.32385E-03    2.57618E+03    3.31171E-07    5.36639E-04   -2.07822E-04    9.92681E-01    9.85375E-01    9.85396E-01
    9.72731E+02    1.10616E+00    4.33797E-03    2.61220E+03    3.23112E-07    5.30054E-04   -2.05315E-04    9.92671E-01    9.85355E-01    9.85375E-01
    9.86628E+02    1.11051E+00    4.35180E-03    2.64873E+03    3.15226E-07    5.23542E-04   -2.02803E-04    9.92661E-01    9.85335E-01    9.85355E-01
    1.00072E+03    1.11488E+00    4.36598E-03    2.68575E+03    3.07556E-07    5.17141E-04   -2.00303E-04    9.92651E-01    9.85315E-01    9.85335E-01
    1.01500E+03    1.11926E+00    4.38129E-03    2.72329E+03    3.00150E-07    5.10895E-04   -1.97829E-04    9.92640E-01    9.85292E-01    9.85315E-01
    1.02948E+03    1.12366E+00    4.39875E-03    2.76134E+03    2.93063E-07    5.04861E-04   -1.95392E-04    9.92627E-01    9.85266E-01    9.85292E-01
    1.04416E+03    1.12808E+00    4.41985E-03    2.79992E+03    2.86376E-07    4.99124E-04   -1.93006E-04    9.92611E-01    9.85233E-01    9.85266E-01
    1.05904E+03    1.13252E+00    4.44709E-03    2.83904E+03    2.80225E-07    4.93827E-04   -1.90682E-04    9.92590E-01    9.85190E-01    9.85233E-01
    1.07413E+03    1.13701E+00    4.48507E-03    2.87869E+03    2.74855E-07    4.89232E-04   -1.88433E-04    9.92560E-01    9.85127E-01    9.85190E-01
    1.08943E+03    1.14155E+00    4.54364E-03    2.91889E+03    2.70798E-07    4.85907E-04   -1.86259E-04    9.92513E-01    9.85029E-01    9.85127E-01
    1.10494E+03    1.14620E+00    4.64860E-03    2.95964E+03    2.69447E-07    4.85351E-04   -1.84069E-04    9.92429E-01    9.84851E-01    9.85029E-01
    1.12066E+03    1.15110E+00    4.89716E-03    3.00096E+03    2.76062E-07    4.93213E-04   -1.81116E-04    9.92232E-01    9.84425E-01    9.84851E-01
    1.13660E+03    1.15426E+00    3.16028E-03    3.08531E+03    1.73262E-07    4.11418E-04   -6.32254E-05    9.93891E-01    9.87289E-01    9.91243E-01
    1.15276E+03    1.15793E+00    3.66923E-03    3.12836E+03    1.95645E-07    4.19276E-04   -1.40900E-04    9.93272E-01    9.86450E-01    9.87289E-01
    1.16914E+03    1.16180E+00    3.87205E-03    3.17200E+03    2.00796E-07    4.20772E-04   -1.54098E-04    9.93085E-01    9.86144E-01    9.86450E-01
    1.18574E+03    1.16577E+00    3.96746E-03    3.21625E+03    2.00101E-07    4.18835E-04   -1.57093E-04    9.93001E-01    9.85997E-01    9.86144E-01
    1.20258E+03    1.16979E+00    4.02050E-03    3.26111E+03    1.97215E-07    4.15313E-04   -1.57257E-04    9.92955E-01    9.85915E-01    9.85997E-01
    1.21965E+03    1.17384E+00    4.05304E-03    3.30659E+03    1.93360E-07    4.10994E-04   -1.56347E-04    9.92928E-01    9.85865E-01    9.85915E-01
    1.23696E+03    1.17791E+00    4.07416E-03    3.35269E+03    1.89040E-07    4.06242E-04   -1.54944E-04    9.92911E-01    9.85833E-01    9.85865E-01
    1.25450E+03    1.18200E+00    4.08825E-03    3.39943E+03    1.84495E-07    4.01246E-04   -1.53287E-04    9.92900E-01    9.85813E-01    9.85833E-01
    1.27228E+03    1.18610E+00    4.09768E-03    3.44682E+03    1.79853E-07    3.96112E-04   -1.51488E-04    9.92894E-01    9.85800E-01    9.85813E-01
    1.29032E+03    1.19020E+00    4.10383E-03    3.49486E+03    1.75189E-07    3.90904E-04   -1.49610E-04    9.92890E-01    9.85793E-01    9.85800E-01
    1.30860E+03    1.19431E+00    4.10758E-03    3.54356E+03    1.70546E-07    3.85661E-04   -1.47686E-04    9.92888E-01    9.85789E-01    9.85793E-01
    1.32713E+03    1.19842E+00    4.10949E-03    3.59293E+03    1.65953E-07    3.80412E-04   -1.45738E-04    9.92887E-01    9.85789E-01    9.85789E-01
    1.34592E+03    1.20253E+00    4.10997E-03    3.64299E+03    1.61427E-07    3.75173E-04   -1.43779E-04    9.92888E-01    9.85791E-01    9.85789E-01
    1.36496E+03    1.20664E+00    4.10929E-03    3.69374E+03    1.56982E-07    3.69959E-04   -1.41818E-04    9.92890E-01    9.85795E-01    9.85791E-01
    1.38427E+03    1.21075E+00    4.10767E-03    3.74518E+03    1.52625E-07    3.64778E-04   -1.39863E-04    9.92893E-01    9.85801E-01    9.85795E-01
    1.40385E+03    1.21485E+00    4.10528E-03    3.79734E+03    1.48361E-07    3.59639E-04   -1.37917E-04    9.92896E-01    9.85807E-01    9.85801E-01
    1.42370E+03    1.21896E+00    4.10225E-03    3.85022E+03    1.44196E-07    3.54547E-04   -1.35984E-04    9.92900E-01    9.85815E-01    9.85807E-01
    1.44382E+03    1.22305E+00    4.09872E-03    3.90382E+03    1.40130E-07    3.49508E-04   -1.34067E-04    9.92904E-01    9.85824E-01    9.85815E-01
    1.46421E+03    1.22715E+00    4.09481E-03    3.95817E+03    1.36167E-07    3.44526E-04   -1.32168E-04    9.92909E-01    9.85833E-01    9.85824E-01
    1.48489E+03    1.23124E+00    4.09061E-03    4.01327E+03    1.32307E-07    3.39606E-04   -1.30288E-04    9.92913E-01    9.85842E-01    9.85833E-01
    1.50586E+03    1.23533E+00    4.08628E-03    4.06912E+03    1.28553E-07    3.34752E-04   -1.28429E-04    9.92918E-01    9.85852E-01    9.85842E-01
    1.52711E+03    1.23941E+00    4.08196E-03    4.12575E+03    1.24906E-07    3.29970E-04   -1.26593E-04    9.92923E-01    9.85862E-01    9.85852E-01
    1.54866E+03    1.24349E+00    4.07784E-03    4.18316E+03    1.21369E-07    3.25267E-04   -1.24781E-04    9.92928E-01    9.85871E-01    9.85862E-01
    1.57051E+03    1.24756E+00    4.07418E-03    4.24136E+03    1.17945E-07    3.20652E-04   -1.22996E-04    9.92932E-01    9.85879E-01    9.85871E-01
    1.59265E+03    1.25163E+00    4.07130E-03    4.30037E+03    1.14641E-07    3.16137E-04   -1.21239E-04    9.92936E-01    9.85886E-01    9.85879E-01
    1.61511E+03    1.25570E+00    4.06973E-03    4.36018E+03    1.11466E-07    3.11741E-04   -1.19512E-04    9.92938E-01    9.85891E-01    9.85886E-01
    1.63787E+03    1.25977E+00    4.07021E-03    4.42083E+03    1.08433E-07    3.07492E-04   -1.17820E-04    9.92939E-01    9.85892E-01    9.85891E-01
    1.66094E+03    1.26385E+00    4.07396E-03    4.48231E+03    1.05568E-07    3.03436E-04   -1.16167E-04    9.92937E-01    9.85886E-01    9.85892E-01
    1.68434E+03    1.26793E+00    4.08311E-03    4.54464E+03    1.02916E-07    2.99653E-04   -1.14559E-04    9.92930E-01    9.85871E-01    9.85886E-01
    1.70806E+03    1.27203E+00    4.10166E-03    4.60783E+03    1.00560E-07    2.96295E-04   -1.13000E-04    9.92915E-01    9.85839E-01    9.85871E-01
    1.73210E+03    1.27617E+00    4.13827E-03    4.67189E+03    9.86872E-08    2.93696E-04   -1.11490E-04    9.92884E-01    9.85774E-01    9.85839E-01
    1.75648E+03    1.28038E+00    4.21571E-03    4.73684E+03    9.77892E-08    2.92737E-04   -1.09973E-04    9.92819E-01    9.85634E-01    9.85774E-01
    1.78119E+03    1.28480E+00    4.41990E-03    4.80268E+03    9.97271E-08    2.96750E-04   -1.08011E-04    9.92649E-01    9.85265E-01    9.85634E-01
    1.80624E+03    1.28764E+00    2.83865E-03    4.93710E+03    6.23008E-08    2.46800E-04   -3.72874E-05    9.94230E-01    9.88004E-01    9.91741E-01
    1.83164E+03    1.29092E+00    3.28079E-03    5.00571E+03    7.00396E-08    2.51099E-04   -8.35993E-05    9.93662E-01    9.87240E-01    9.88004E-01
    1.85739E+03    1.29437E+00    3.44629E-03    5.07526E+03    7.15651E-08    2.51475E-04   -9.12447E-05    9.93500E-01    9.86980E-01    9.87240E-01
    1.88350E+03    1.29789E+00    3.51506E-03    5.14577E+03    7.10016E-08    2.49773E-04   -9.28185E-05    9.93436E-01    9.86871E-01    9.86980E-01
    1.90996E+03    1.30143E+00    3.54548E-03    5.21725E+03    6.96624E-08    2.47116E-04   -9.27153E-05    9.93408E-01    9.86823E-01    9.86871E-01
    1.93680E+03    1.30499E+00    3.55713E-03    5.28973E+03    6.79849E-08    2.43978E-04   -9.19762E-05    9.93398E-01    9.86807E-01    9.86823E-01
    1.96400E+03    1.30855E+00    3.55810E-03    5.36320E+03    6.61487E-08    2.40578E-04   -9.09453E-05    9.93398E-01    9.86809E-01    9.86807E-01
    1.99157E+03    1.31210E+00    3.55229E-03    5.43768E+03    6.42397E-08    2.37028E-04   -8.97634E-05    9.93404E-01    9.86823E-01    9.86809E-01
    2.01953E+03    1.31564E+00    3.54178E-03    5.51320E+03    6.23033E-08    2.33391E-04   -8.84974E-05    9.93415E-01    9.86845E-01    9.86823E-01
    2.04787E+03    1.31917E+00    3.52780E-03    5.58975E+03    6.03654E-08    2.29705E-04   -8.71828E-05    9.93429E-01    9.86874E-01    9.86845E-01
    2.07661E+03    1.32268E+00    3.51108E-03    5.66736E+03    5.84414E-08    2.25993E-04   -8.58399E-05    9.93445E-01    9.86907E-01    9.86874E-01
    2.10574E+03    1.32617E+00    3.49209E-03    5.74605E+03    5.65411E-08    2.22270E-04   -8.44808E-05    9.93464E-01    9.86944E-01    9.86907E-01
    2.13527E+03    1.32964E+00    3.47117E-03    5.82582E+03    5.46705E-08    2.18547E-04   -8.31134E-05    9.93484E-01    9.86985E-01    9.86944E-01
    2.16521E+03    1.33309E+00    3.44851E-03    5.90669E+03    5.28335E-08    2.14829E-04   -8.17428E-05    9.93506E-01    9.87030E-01    9.86985E-01
    2.19557E+03    1.33651E+00    3.42427E-03    5.98867E+03    5.10326E-08    2.11123E-04   -8.03725E-05    9.93530E-01    9.87077E-01    9.87030E-01
    2.22634E+03    1.33991E+00    3.39855E-03    6.07179E+03    4.92693E-08    2.07431E-04   -7.90048E-05    9.93555E-01    9.87128E-01    9.87077E-01
    2.25753E+03    1.34328E+00    3.37142E-03    6.15605E+03    4.75444E-08    2.03755E-04   -7.76415E-05    9.93581E-01    9.87181E-01    9.87128E-01
    2.28916E+03    1.34663E+00    3.34292E-03    6.24148E+03    4.58583E-08    2.00098E-04   -7.62836E-05    9.93609E-01    9.87237E-01    9.87181E-01
    2.32123E+03    1.34994E+00    3.31308E-03    6.32809E+03    4.42110E-08    1.96459E-04   -7.49320E-05    9.93638E-01    9.87296E-01    9.87237E-01
    2.35373E+03    1.35322E+00    3.28191E-03    6.41589E+03    4.26024E-08    1.92840E-04   -7.35871E-05    9.93669E-01    9.87357E-01    9.87296E-01
    2.38669E+03    1.35647E+00    3.24942E-03    6.50490E+03    4.10320E-08    1.89241E-04   -7.22492E-05    9.93701E-01    9.87422E-01    9.87357E-01
    2.42010E+03    1.35969E+00    3.21561E-03    6.59514E+03    3.94994E-08    1.85661E-04   -7.09186E-05    9.93734E-01    9.87489E-01    9.87422E-01
    2.45397E+03    1.36287E+00    3.18047E-03    6.68663E+03    3.80040E-08    1.82100E-04   -6.95953E-05    9.93769E-01    9.87559E-01    9.87489E-01
    2.48831E+03    1.36601E+00    3.14397E-03    6.77938E+03    3.65451E-08    1.78558E-04   -6.82792E-05    9.93806E-01    9.87632E-01    9.87559E-01
    2.52312E+03    1.36912E+00    3.10610E-03    6.87341E+03    3.51221E-08    1.75035E-04   -6.69702E-05    9.93844E-01    9.87709E-01    9.87632E-01
    2.55841E+03    1.37219E+00    3.06683E-03    6.96873E+03    3.37342E-08    1.71528E-04   -6.56682E-05    9.93884E-01    9.87788E-01    9.87709E-01
    2.59419E+03    1.37521E+00    3.02613E-03    7.06538E+03    3.23806E-08    1.68038E-04   -6.43728E-05    9.93925E-01    9.87871E-01    9.87788E-01
    2.63046E+03    1.37820E+00    2.98399E-03    7.16335E+03    3.10607E-08    1.64563E-04   -6.30838E-05    9.93968E-01    9.87958E-01    9.87871E-01
    2.66724E+03    1.38114E+00    2.94035E-03    7.26268E+03    2.97735E-08    1.61103E-04   -6.18010E-05    9.94013E-01    9.88048E-01    9.87958E-01
    2.70452E+03    1.38403E+00    2.89518E-03    7.36338E+03    2.85185E-08    1.57656E-04   -6.05238E-05    9.94059E-01    9.88141E-01    9.88048E-01
    2.74232E+03    1.38688E+00    2.84845E-03    7.46547E+03    2.72948E-08    1.54221E-04   -5.92520E-05    9.94108E-01    9.88239E-01    9.88141E-01
    2.78063E+03    1.38968E+00    2.80011E-03    7.56896E+03    2.61017E-08    1.50796E-04   -5.79850E-05    9.94159E-01    9.88341E-01    9.88239E-01
    2.81948E+03    1.39243E+00    2.75013E-03    7.67389E+03    2.49384E-08    1.47380E-04   -5.67224E-05    9.94212E-01    9.88447E-01    9.88341E-01
    2.85886E+03    1.39513E+00    2.69846E-03    7.78026E+03    2.38043E-08    1.43972E-04   -5.54638E-05    9.94267E-01    9.88558E-01    9.88447E-01
    2.89879E+03    1.39777E+00    2.64505E-03    7.88810E+03    2.26985E-08    1.40570E-04   -5.42085E-05    9.94324E-01    9.88673E-01    9.88558E-01
    2.93926E+03    1.40036E+00    2.58986E-03    7.99743E+03    2.16205E-08    1.37172E-04   -5.29560E-05    9.94384E-01    9.88794E-01    9.88673E-01
    2.98030E+03    1.40290E+00    2.53284E-03    8.10827E+03    2.05695E-08    1.33776E-04   -5.17058E-05    9.94447E-01    9.88920E-01    9.88794E-01
    3.02190E+03    1.40537E+00    2.47395E-03    8.22064E+03    1.95449E-08    1.30380E-04   -5.04571E-05    9.94512E-01    9.89051E-01    9.88920E-01
    3.06408E+03    1.40778E+00    2.41314E-03    8.33456E+03    1.85461E-08    1.26983E-04   -4.92092E-05    9.94581E-01    9.89188E-01    9.89051E-01
    3.10683E+03    1.41013E+00    2.35035E-03    8.45005E+03    1.75725E-08    1.23581E-04   -4.79615E-05    9.94652E-01    9.89332E-01    9.89188E-01
    3.15018E+03    1.41242E+00    2.28556E-03    8.56713E+03    1.66235E-08    1.20172E-04   -4.67131E-05    9.94727E-01    9.89482E-01    9.89332E-01
    3.19413E+03    1.41464E+00    2.21870E-03    8.68583E+03    1.56985E-08    1.16755E-04   -4.54633E-05    9.94805E-01    9.89639E-01    9.89482E-01
    3.23868E+03    1.41679E+00    2.14973E-03    8.80617E+03    1.47971E-08    1.13325E-04   -4.42111E-05    9.94887E-01    9.89803E-01    9.89639E-01
    3.28385E+03    1.41887E+00    2.07862E-03    8.92817E+03    1.39188E-08    1.09880E-04   -4.29557E-05    9.94972E-01    9.89975E-01    9.89803E-01
    3.32964E+03    1.42087E+00    2.00533E-03    9.05185E+03    1.30631E-08    1.06417E-04   -4.16958E-05    9.95062E-01    9.90156E-01    9.89975E-01
    3.37606E+03    1.42280E+00    1.92981E-03    9.17724E+03    1.22295E-08    1.02932E-04   -4.04306E-05    9.95156E-01    9.90345E-01    9.90156E-01
    3.42312E+03    1.42465E+00    1.85205E-03    9.30436E+03    1.14178E-08    9.94204E-05   -3.91587E-05    9.95255E-01    9.90544E-01    9.90345E-01
    3.47084E+03    1.42642E+00    1.77203E-03    9.43323E+03    1.06276E-08    9.58792E-05   -3.78789E-05    9.95359E-01    9.90753E-01    9.90544E-01
    3.51921E+03    1.42811E+00    1.68972E-03    9.56388E+03    9.85866E-09    9.23030E-05   -3.65897E-05    9.95469E-01    9.90973E-01    9.90753E-01
    3.56825E+03    1.42972E+00    1.60513E-03    9.69634E+03    9.11069E-09    8.86867E-05   -3.52896E-05    9.95584E-01    9.91205E-01    9.90973E-01
    3.61796E+03    1.43124E+00    1.51827E-03    9.83062E+03    8.38356E-09    8.50243E-05   -3.39769E-05    9.95706E-01    9.91450E-01    9.91205E-01
    3.66836E+03    1.43267E+00    1.42917E-03    9.96676E+03    7.67718E-09    8.13091E-05   -3.26497E-05    9.95834E-01    9.91708E-01    9.91450E-01
    3.71946E+03    1.43401E+00    1.33787E-03    1.01048E+04    6.99154E-09    7.75338E-05   -3.13059E-05    9.95970E-01    9.91981E-01    9.91708E-01
    3.77126E+03    1.43525E+00    1.24446E-03    1.02447E+04    6.32674E-09    7.36896E-05   -2.99431E-05    9.96113E-01    9.92270E-01    9.91981E-01
    3.82378E+03    1.43640E+00    1.14904E-03    1.03865E+04    5.68299E-09    6.97668E-05   -2.85585E-05    9.96266E-01    9.92577E-01    9.92270E-01
    3.87702E+03    1.43745E+00    1.05178E-03    1.05303E+04    5.06067E-09    6.57540E-05   -2.71492E-05    9.96428E-01    9.92903E-01    9.92577E-01
    3.93100E+03    1.43840E+00    9.52893E-04    1.06761E+04    4.46037E-09    6.16384E-05   -2.57115E-05    9.96601E-01    9.93251E-01    9.92903E-01
    3.98572E+03    1.43926E+00    8.52708E-04    1.08239E+04    3.88304E-09    5.74056E-05   -2.42412E-05    9.96785E-01    9.93622E-01    9.93251E-01
    4.04120E+03    1.44001E+00    7.51710E-04    1.09738E+04    3.33017E-09    5.30412E-05   -2.27333E-05    9.96982E-01    9.94019E-01    9.93622E-01
    4.09744E+03    1.44066E+00    6.50715E-04    1.11257E+04    2.80447E-09    4.85372E-05   -2.11805E-05    9.97193E-01    9.94445E-01    9.94019E-01
    4.15446E+03    1.44121E+00    5.51391E-04    1.12797E+04    2.31189E-09    4.39195E-05   -1.95695E-05    9.97418E-01    9.94896E-01    9.94445E-01
    4.21226E+03    1.44167E+00    4.58896E-04    1.14358E+04    1.87184E-09    3.94112E-05   -1.78491E-05    9.97645E-01    9.95351E-01    9.94896E-01
    4.27086E+03    1.44182E+00    1.48838E-04    1.17546E+04    5.90628E-10    2.35983E-05   -5.80937E-06    9.98663E-01    9.97271E-01    9.97743E-01
    4.33028E+03    1.44193E+00    1.09863E-04    1.19173E+04    4.24133E-10    1.80716E-05   -9.87681E-06    9.98855E-01    9.97774E-01    9.97271E-01
    4.39051E+03    1.44198E+00    5.13366E-05    1.20822E+04    1.92807E-10    1.04578E-05   -9.13465E-06    9.99261E-01    9.98626E-01    9.97774E-01
    4.45157E+03    1.44204E+00    5.89539E-05    1.20822E+04    2.15406E-10    9.11445E-06   -1.15036E-05    9.98626E-01    9.98066E-01    9.96755E-01
    4.51347E+03    1.44211E+00    7.35203E-05    1.20822E+04    2.61338E-10    8.12822E-06   -1.39739E-05    9.98066E-01    9.97559E-01    9.95793E-01
    4.57623E+03    1.44221E+00    9.39916E-05    1.20822E+04    3.25039E-10    7.37435E-06   -1.64517E-05    9.97559E-01    9.97093E-01    9.94883E-01
    4.63986E+03    1.44232E+00    1.19673E-04    1.20822E+04    4.02617E-10    6.77565E-06   -1.88867E-05    9.97093E-01    9.96659E-01    9.94021E-01
    4.70436E+03    1.44247E+00    1.50082E-04    1.20822E+04    4.91221E-10    6.28385E-06   -2.12540E-05    9.96659E-01    9.96251E-01    9.93202E-01
    4.76976E+03    1.44266E+00    1.84884E-04    1.20822E+04    5.88711E-10    5.86833E-06   -2.35430E-05    9.96251E-01    9.95865E-01    9.92421E-01
    4.83605E+03    1.44288E+00    2.23855E-04    1.20822E+04    6.93461E-10    5.50929E-06   -2.57509E-05    9.95865E-01    9.95497E-01    9.91676E-01
    4.90326E+03    1.44315E+00    2.66849E-04    1.20822E+04    8.04217E-10    5.19354E-06   -2.78791E-05    9.95497E-01    9.95146E-01    9.90962E-01
    4.97140E+03    1.44346E+00    3.13780E-04    1.20822E+04    9.20000E-10    4.91209E-06   -2.99311E-05    9.95146E-01    9.94809E-01    9.90276E-01
    5.04048E+03    1.44383E+00    3.64611E-04    1.20822E+04    1.04003E-09    4.65857E-06   -3.19113E-05    9.94809E-01    9.94485E-01    9.89617E-01
    5.11051E+03    1.44425E+00    4.19337E-04    1.20822E+04    1.16368E-09    4.42834E-06   -3.38241E-05    9.94485E-01    9.94172E-01    9.88982E-01
    5.18151E+03    1.44473E+00    4.77983E-04    1.20822E+04    1.29045E-09    4.21790E-06   -3.56743E-05    9.94172E-01    9.93871E-01    9.88369E-01
    5.25349E+03    1.44527E+00    5.40595E-04    1.20822E+04    1.41989E-09    4.02454E-06   -3.74659E-05    9.93871E-01    9.93579E-01    9.87776E-01
    5.32646E+03    1.44587E+00    6.07239E-04    1.20822E+04    1.55167E-09    3.84607E-06   -3.92031E-05    9.93579E-01    9.93297E-01    9.87201E-01
    5.40044E+03    1.44655E+00    6.77994E-04    1.20822E+04    1.68548E-09    3.68075E-06   -4.08893E-05    9.93297E-01    9.93022E-01    9.86644E-01
    5.47544E+03    1.44731E+00    7.52956E-04    1.20822E+04    1.82107E-09    3.52712E-06   -4.25279E-05    9.93022E-01    9.92756E-01    9.86104E-01
    5.55147E+03    1.44814E+00    8.32230E-04    1.20822E+04    1.95820E-09    3.38396E-06   -4.41220E-05    9.92756E-01    9.92497E-01    9.85578E-01
    5.62856E+03    1.44905E+00    9.15936E-04    1.20822E+04    2.09671E-09    3.25023E-06   -4.56743E-05    9.92497E-01    9.92245E-01    9.85066E-01
    5.70671E+03    1.45006E+00    1.00420E-03    1.20822E+04    2.23642E-09    3.12504E-06   -4.71874E-05    9.92245E-01    9.91999E-01    9.84568E-01
    5.78593E+03    1.45115E+00    1.09717E-03    1.20822E+04    2.37719E-09    3.00764E-06   -4.86636E-05    9.91999E-01    9.91759E-01    9.84082E-01
    5.86625E+03    1.45235E+00    1.19498E-03    1.20822E+04    2.51892E-09    2.89736E-06   -5.01051E-05    9.91759E-01    9.91525E-01    9.83608E-01
    5.94768E+03    1.45365E+00    1.29781E-03    1.20822E+04    2.66148E-09    2.79363E-06   -5.15139E-05    9.91525E-01    9.91296E-01    9.83144E-01
    6.03023E+03    1.45505E+00    1.40581E-03    1.20822E+04    2.80481E-09    2.69595E-06   -5.28918E-05    9.91296E-01    9.91072E-01    9.82691E-01
    6.11392E+03    1.45657E+00    1.51919E-03    1.20822E+04    2.94882E-09    2.60386E-06   -5.42406E-05    9.91072E-01    9.90852E-01    9.82247E-01
    6.19877E+03    1.45821E+00    1.63812E-03    1.20822E+04    3.09346E-09    2.51699E-06   -5.55619E-05    9.90852E-01    9.90637E-01    9.81813E-01
    6.28478E+03    1.45997E+00    1.76282E-03    1.20822E+04    3.23869E-09    2.43498E-06   -5.68574E-05    9.90637E-01    9.90426E-01    9.81387E-01
    6.37199E+03    1.46187E+00    1.89350E-03    1.20822E+04    3.38447E-09    2.35754E-06   -5.81284E-05    9.90426E-01    9.90219E-01    9.80970E-01
    6.46039E+03    1.46390E+00    2.03040E-03    1.20822E+04    3.53077E-09    2.28440E-06   -5.93764E-05    9.90219E-01    9.90016E-01    9.80559E-01
    6.55002E+03    1.46607E+00    2.17376E-03    1.20822E+04    3.67760E-09    2.21532E-06   -6.06027E-05    9.90016E-01    9.89816E-01    9.80157E-01
    6.64089E+03    1.46839E+00    2.32385E-03    1.20822E+04    3.82494E-09    2.15009E-06   -6.18087E-05    9.89816E-01    9.89619E-01    9.79761E-01
    6.73300E+03    1.47088E+00    2.48094E-03    1.20822E+04    3.97282E-09    2.08853E-06   -6.29957E-05    9.89619E-01    9.89426E-01    9.79371E-01
    6.82639E+03    1.47352E+00    2.64534E-03    1.20822E+04    4.12124E-09    2.03047E-06   -6.41648E-05    9.89426E-01    9.89235E-01    9.78987E-01
    6.92107E+03    1.47634E+00    2.81735E-03    1.20822E+04    4.27025E-09    1.97576E-06   -6.53173E-05    9.89235E-01    9.89046E-01    9.78608E-01
    7.01705E+03    1.47934E+00    2.99732E-03    1.20822E+04    4.41990E-09    1.92429E-06   -6.64544E-05    9.89046E-01    9.88860E-01    9.78235E-01
    7.11436E+03    1.48252E+00    3.18561E-03    1.20822E+04    4.57023E-09    1.87594E-06   -6.75774E-05    9.88860E-01    9.88677E-01    9.77866E-01
    7.21301E+03    1.48590E+00    3.38260E-03    1.20822E+04    4.72131E-09    1.83062E-06   -6.86874E-05    9.88677E-01    9.88495E-01    9.77502E-01
    7.31303E+03    1.48949E+00    3.58871E-03    1.20822E+04    4.87324E-09    1.78826E-06   -6.97857E-05    9.88495E-01    9.88315E-01    9.77141E-01
    7.41442E+03    1.49330E+00    3.80438E-03    1.20822E+04    5.02610E-09    1.74878E-06   -7.08734E-05    9.88315E-01    9.88136E-01    9.76784E-01
    7.51721E+03    1.49733E+00    4.03010E-03    1.20822E+04    5.18001E-09    1.71213E-06   -7.19519E-05    9.88136E-01    9.87959E-01    9.76430E-01
    7.62143E+03    1.50159E+00    4.26637E-03    1.20822E+04    5.33510E-09    1.67829E-06   -7.30225E-05    9.87959E-01    9.87783E-01    9.76079E-01
    7.72707E+03    1.50611E+00    4.51377E-03    1.20822E+04    5.49151E-09    1.64722E-06   -7.40864E-05    9.87783E-01    9.87608E-01    9.75730E-01
    7.83418E+03    1.51088E+00    4.77288E-03    1.20822E+04    5.64941E-09    1.61891E-06   -7.51451E-05    9.87608E-01    9.87433E-01    9.75382E-01
    7.94277E+03    1.51592E+00    5.04438E-03    1.20822E+04    5.80897E-09    1.59337E-06   -7.62000E-05    9.87433E-01    9.87259E-01    9.75036E-01
    8.05285E+03    1.52125E+00    5.32897E-03    1.20822E+04    5.97042E-09    1.57062E-06   -7.72525E-05    9.87259E-01    9.87085E-01    9.74691E-01
    8.16445E+03    1.52688E+00    5.62744E-03    1.20822E+04    6.13398E-09    1.55067E-06   -7.83044E-05    9.87085E-01    9.86910E-01    9.74346E-01
    8.27760E+03    1.53282E+00    5.94063E-03    1.20822E+04    6.29991E-09    1.53359E-06   -7.93572E-05    9.86910E-01    9.86736E-01    9.74000E-01
    8.39230E+03    1.53909E+00    6.26948E-03    1.20822E+04    6.46851E-09    1.51944E-06   -8.04127E-05    9.86736E-01    9.86560E-01    9.73654E-01
    8.50859E+03    1.54571E+00    6.61501E-03    1.20822E+04    6.64011E-09    1.50829E-06   -8.14729E-05    9.86560E-01    9.86384E-01    9.73306E-01
    8.62648E+03    1.55268E+00    6.97837E-03    1.20822E+04    6.81506E-09    1.50025E-06   -8.25397E-05    9.86384E-01    9.86206E-01    9.72956E-01
    8.74600E+03    1.56005E+00    7.36079E-03    1.20822E+04    6.99378E-09    1.49545E-06   -8.36155E-05    9.86206E-01    9.86026E-01    9.72602E-01
    8.86717E+03    1.56781E+00    7.76367E-03    1.20822E+04    7.17673E-09    1.49404E-06   -8.47024E-05    9.86026E-01    9.85843E-01    9.72246E-01
    8.99001E+03    1.57600E+00    8.18854E-03    1.20822E+04    7.36443E-09    1.49620E-06   -8.58032E-05    9.85843E-01    9.85658E-01    9.71884E-01
    9.11454E+03    1.58463E+00    8.63715E-03    1.20822E+04    7.55746E-09    1.50216E-06   -8.69207E-05    9.85658E-01    9.85470E-01    9.71517E-01
    9.24080E+03    1.59375E+00    9.11142E-03    1.20822E+04    7.75648E-09    1.51215E-06   -8.80579E-05    9.85470E-01    9.85278E-01    9.71144E-01
    9.36879E+03    1.60336E+00    9.61351E-03    1.20822E+04    7.96222E-09    1.52649E-06   -8.92182E-05    9.85278E-01    9.85081E-01    9.70763E-01
    9.49856E+03    1.61351E+00    1.01459E-02    1.20822E+04    8.17554E-09    1.54553E-06   -9.04055E-05    9.85081E-01    9.84879E-01    9.70373E-01
    9.63011E+03    1.62422E+00    1.07114E-02    1.20822E+04    8.39740E-09    1.56970E-06   -9.16239E-05    9.84879E-01    9.84671E-01    9.69973E-01
    9.76348E+03    1.63553E+00    1.13131E-02    1.20822E+04    8.62889E-09    1.59949E-06   -9.28780E-05    9.84671E-01    9.84456E-01    9.69561E-01
    9.89869E+03    1.64748E+00    1.19546E-02    1.20822E+04    8.87127E-09    1.63550E-06   -9.41732E-05    9.84456E-01    9.84234E-01    9.69136E-01
    1.00358E+04    1.66012E+00    1.26403E-02    1.20822E+04    9.12600E-09    1.67843E-06   -9.55154E-05    9.84234E-01    9.84002E-01    9.68695E-01
    1.01747E+04    1.67350E+00    1.33748E-02    1.20822E+04    9.39477E-09    1.72912E-06   -9.69112E-05    9.84002E-01    9.83760E-01    9.68236E-01
    1.03156E+04    1.68766E+00    1.41638E-02    1.20822E+04    9.67954E-09    1.78862E-06   -9.83684E-05    9.83760E-01    9.83506E-01    9.67757E-01
    1.04584E+04    1.70268E+00    1.50139E-02    1.20822E+04    9.98261E-09    1.85814E-06   -9.98957E-05    9.83506E-01    9.83239E-01    9.67255E-01
    1.06032E+04    1.71861E+00    1.59328E-02    1.20822E+04    1.03067E-08    1.93921E-06   -1.01503E-04    9.83239E-01    9.82957E-01    9.66726E-01
    1.07500E+04    1.73554E+00    1.69298E-02    1.20822E+04    1.06550E-08    2.03369E-06   -1.03203E-04    9.82957E-01    9.82656E-01    9.66167E-01
    1.08989E+04    1.75356E+00    1.80158E-02    1.20822E+04    1.10315E-08    2.14391E-06   -1.05009E-04    9.82656E-01    9.82335E-01    9.65572E-01
    1.10497E+04    1.77276E+00    1.92043E-02    1.20822E+04    1.14407E-08    2.27278E-06   -1.06937E-04    9.82335E-01    9.81989E-01    9.64937E-01
    1.12027E+04    1.79327E+00    2.05113E-02    1.20822E+04    1.18885E-08    2.42404E-06   -1.09007E-04    9.81989E-01    9.81616E-01    9.64255E-01
    1.13578E+04    1.81523E+00    2.19570E-02    1.20822E+04    1.23818E-08    2.60248E-06   -1.11243E-04    9.81616E-01    9.81210E-01    9.63518E-01
    1.15150E+04    1.83879E+00    2.35663E-02    1.20822E+04    1.29294E-08    2.81440E-06   -1.13673E-04    9.81210E-01    9.80764E-01    9.62717E-01
    1.16744E+04    1.86417E+00    2.53708E-02    1.20822E+04    1.35425E-08    3.06819E-06   -1.16332E-04    9.80764E-01    9.80272E-01    9.61839E-01
    1.18359E+04    1.89158E+00    2.74110E-02    1.20822E+04    1.42354E-08    3.37531E-06   -1.19264E-04    9.80272E-01    9.79723E-01    9.60869E-01
    1.19998E+04    1.92132E+00    2.97400E-02    1.20822E+04    1.50267E-08    3.75171E-06   -1.22526E-04    9.79723E-01    9.79104E-01    9.59789E-01
    1.21658E+04    1.95374E+00    3.24284E-02    1.20822E+04    1.59414E-08    4.22027E-06   -1.26189E-04    9.79104E-01    9.78398E-01    9.58575E-01
    1.23342E+04    1.98932E+00    3.55725E-02    1.20822E+04    1.70135E-08    4.81490E-06   -1.30347E-04    9.78398E-01    9.77582E-01    9.57193E-01
    1.25049E+04    2.02862E+00    3.93072E-02    1.20822E+04    1.82907E-08    5.58793E-06   -1.35128E-04    9.77582E-01    9.76622E-01    9.55599E-01
    1.26779E+04    2.07245E+00    4.38273E-02    1.20822E+04    1.98419E-08    6.62407E-06   -1.40705E-04    9.76622E-01    9.75468E-01    9.53731E-01
    1.28533E+04    2.12188E+00    4.94253E-02    1.20822E+04    2.17704E-08    8.06919E-06   -1.47327E-04    9.75468E-01    9.74042E-01    9.51500E-01
    1.30312E+04    2.17844E+00    5.65592E-02    1.20822E+04    2.42382E-08    1.01946E-05   -1.55352E-04    9.74042E-01    9.72217E-01    9.48769E-01
    1.32115E+04    2.24442E+00    6.59857E-02    1.20822E+04    2.75123E-08    1.35571E-05   -1.65313E-04    9.72217E-01    9.69756E-01    9.45323E-01
    1.33943E+04    2.32346E+00    7.90379E-02    1.20822E+04    3.20621E-08    1.94521E-05   -1.77999E-04    9.69756E-01    9.66176E-01    9.40798E-01
    1.35796E+04    2.42176E+00    9.82961E-02    1.20822E+04    3.87948E-08    3.13801E-05   -1.94448E-04    9.66176E-01    9.60321E-01    9.34542E-01
    1.37675E+04    2.55184E+00    1.30082E-01    1.20822E+04    4.99498E-08    6.05287E-05   -2.15142E-04    9.60321E-01    9.48871E-01    9.25320E-01
    1.39579E+04    2.75809E+00    2.06250E-01    1.20822E+04    7.70534E-08    1.49183E-04   -2.34089E-04    9.48871E-01    9.20262E-01    9.10788E-01
    1.41510E+04    3.05636E+00    2.98274E-01    1.22494E+04    1.08416E-07    2.34295E-04   -2.31349E-04    9.58419E-01    9.12868E-01    9.20262E-01
    1.43468E+04    3.35157E+00    2.95212E-01    1.25908E+04    1.04399E-07    2.95770E-04   -1.30072E-04    9.62243E-01    9.03947E-01    9.40194E-01
